0	0
1	0
2	0
3	0
4	0
5	0
6	0
7	0
8	0
9	0
10	0
11	0
12	0
13	0
14	0
15	0
16	0
17	0
18	0
19	0
20	0
21	0
22	0
23	0
24	0
25	0
26	0
27	0
28	0
29	0
30	0
31	0
32	0
33	0
34	0
35	0
36	0
37	0
38	0
39	0
40	0
41	0
42	0
43	0
44	0
45	0
46	0
47	0
48	0
49	0
50	0
51	0
52	0
53	0
54	0
55	0
56	0
57	0
58	0
59	0
60	0
61	0
62	0
63	0
64	0
65	0
66	0
67	5
68	68
69	254
70	464
71	584
72	541
73	494
74	372
75	331
76	293
77	251
78	258
79	231
80	228
81	206
82	213
83	216
84	219
85	202
86	183
87	200
88	177
89	155
90	197
91	206
92	170
93	169
94	184
95	191
96	188
97	175
98	183
99	164
100	181
101	162
102	164
103	159
104	178
105	168
106	165
107	174
108	166
109	164
110	156
111	162
112	155
113	157
114	169
115	159
116	141
117	183
118	155
119	127
120	160
121	154
122	153
123	179
124	149
125	151
126	140
127	153
128	157
129	160
130	148
131	133
132	164
133	161
134	135
135	114
136	157
137	151
138	152
139	139
140	161
141	165
142	167
143	128
144	138
145	136
146	135
147	142
148	165
149	137
150	124
151	138
152	135
153	158
154	143
155	157
156	137
157	140
158	139
159	122
160	127
161	130
162	144
163	144
164	140
165	131
166	126
167	139
168	106
169	136
170	136
171	142
172	128
173	157
174	136
175	142
176	129
177	141
178	126
179	121
180	139
181	126
182	138
183	129
184	133
185	124
186	128
187	124
188	124
189	133
190	123
191	125
192	135
193	122
194	119
195	106
196	145
197	122
198	141
199	110
200	128
201	120
202	148
203	117
204	120
205	125
206	113
207	117
208	107
209	136
210	130
211	116
212	116
213	108
214	135
215	106
216	118
217	125
218	115
219	125
220	131
221	101
222	106
223	119
224	128
225	115
226	119
227	97
228	107
229	126
230	112
231	105
232	126
233	130
234	101
235	103
236	108
237	130
238	85
239	105
240	122
241	116
242	131
243	113
244	102
245	96
246	108
247	113
248	121
249	103
250	120
251	109
252	106
253	114
254	115
255	118
256	106
257	123
258	119
259	109
260	102
261	110
262	114
263	116
264	109
265	126
266	94
267	88
268	107
269	91
270	120
271	111
272	115
273	117
274	105
275	104
276	111
277	88
278	93
279	114
280	99
281	83
282	107
283	100
284	122
285	106
286	113
287	113
288	83
289	97
290	108
291	106
292	97
293	98
294	114
295	100
296	98
297	93
298	98
299	90
300	98
301	84
302	105
303	91
304	100
305	98
306	87
307	96
308	104
309	89
310	107
311	96
312	84
313	91
314	103
315	97
316	107
317	107
318	124
319	105
320	99
321	92
322	103
323	79
324	99
325	91
326	86
327	87
328	100
329	84
330	86
331	88
332	103
333	101
334	76
335	120
336	103
337	89
338	97
339	86
340	91
341	94
342	87
343	84
344	87
345	103
346	112
347	73
348	82
349	113
350	76
351	114
352	86
353	111
354	103
355	105
356	91
357	99
358	94
359	89
360	114
361	77
362	98
363	89
364	89
365	80
366	97
367	90
368	85
369	92
370	114
371	101
372	85
373	80
374	107
375	93
376	89
377	93
378	108
379	97
380	94
381	106
382	93
383	100
384	122
385	113
386	121
387	87
388	108
389	94
390	92
391	97
392	89
393	95
394	84
395	100
396	92
397	99
398	101
399	96
400	102
401	93
402	91
403	97
404	79
405	88
406	91
407	89
408	101
409	91
410	77
411	106
412	86
413	103
414	85
415	102
416	106
417	78
418	97
419	83
420	101
421	79
422	97
423	94
424	93
425	89
426	99
427	88
428	93
429	126
430	80
431	106
432	99
433	100
434	116
435	98
436	94
437	93
438	88
439	109
440	98
441	100
442	104
443	93
444	82
445	98
446	100
447	89
448	118
449	82
450	105
451	98
452	103
453	104
454	99
455	98
456	80
457	82
458	90
459	67
460	78
461	96
462	104
463	97
464	113
465	83
466	109
467	98
468	98
469	102
470	108
471	99
472	101
473	91
474	91
475	119
476	76
477	104
478	90
479	109
480	106
481	86
482	95
483	83
484	96
485	92
486	87
487	90
488	96
489	97
490	98
491	97
492	107
493	103
494	90
495	101
496	124
497	85
498	98
499	80
500	73
501	91
502	95
503	88
504	100
505	76
506	102
507	78
508	97
509	77
510	78
511	97
512	86
513	86
514	91
515	88
516	118
517	90
518	93
519	80
520	116
521	103
522	80
523	92
524	87
525	78
526	110
527	103
528	78
529	82
530	107
531	80
532	80
533	94
534	89
535	92
536	96
537	102
538	84
539	91
540	86
541	73
542	90
543	92
544	79
545	89
546	100
547	90
548	84
549	119
550	87
551	76
552	72
553	83
554	98
555	95
556	90
557	91
558	98
559	99
560	85
561	99
562	94
563	101
564	98
565	104
566	74
567	94
568	85
569	103
570	88
571	82
572	100
573	108
574	98
575	88
576	87
577	99
578	82
579	85
580	81
581	97
582	112
583	93
584	98
585	103
586	91
587	91
588	99
589	82
590	85
591	85
592	100
593	101
594	79
595	93
596	91
597	83
598	101
599	87
600	102
601	83
602	95
603	118
604	96
605	99
606	91
607	98
608	95
609	90
610	68
611	116
612	94
613	98
614	89
615	93
616	86
617	92
618	80
619	81
620	84
621	111
622	104
623	86
624	89
625	83
626	89
627	75
628	101
629	94
630	92
631	79
632	109
633	75
634	87
635	96
636	77
637	78
638	87
639	84
640	105
641	102
642	81
643	92
644	99
645	87
646	100
647	92
648	81
649	107
650	96
651	91
652	94
653	87
654	84
655	87
656	82
657	93
658	101
659	94
660	83
661	86
662	64
663	91
664	95
665	91
666	88
667	92
668	82
669	88
670	95
671	93
672	88
673	86
674	89
675	92
676	84
677	84
678	75
679	85
680	85
681	83
682	79
683	88
684	92
685	84
686	77
687	75
688	88
689	87
690	103
691	88
692	82
693	91
694	105
695	94
696	99
697	89
698	81
699	86
700	81
701	85
702	78
703	84
704	79
705	89
706	103
707	97
708	100
709	88
710	70
711	75
712	112
713	105
714	69
715	94
716	103
717	92
718	93
719	92
720	95
721	90
722	86
723	86
724	97
725	77
726	83
727	84
728	95
729	68
730	93
731	95
732	94
733	83
734	78
735	93
736	81
737	97
738	106
739	78
740	71
741	71
742	92
743	82
744	75
745	91
746	88
747	74
748	104
749	72
750	90
751	81
752	91
753	75
754	79
755	77
756	88
757	87
758	76
759	94
760	100
761	92
762	89
763	95
764	65
765	80
766	92
767	84
768	96
769	90
770	74
771	94
772	90
773	80
774	92
775	78
776	73
777	95
778	77
779	79
780	105
781	108
782	72
783	84
784	89
785	83
786	82
787	77
788	94
789	61
790	81
791	82
792	88
793	88
794	96
795	78
796	80
797	85
798	93
799	72
800	83
801	82
802	71
803	93
804	75
805	81
806	86
807	85
808	89
809	93
810	80
811	89
812	88
813	94
814	77
815	99
816	88
817	96
818	81
819	91
820	87
821	75
822	83
823	76
824	72
825	71
826	77
827	84
828	68
829	69
830	79
831	90
832	87
833	101
834	68
835	93
836	78
837	85
838	81
839	88
840	83
841	82
842	77
843	69
844	80
845	84
846	93
847	83
848	79
849	83
850	87
851	79
852	86
853	99
854	78
855	71
856	70
857	92
858	84
859	83
860	71
861	92
862	81
863	84
864	75
865	76
866	57
867	90
868	65
869	82
870	89
871	89
872	82
873	84
874	75
875	84
876	79
877	73
878	92
879	93
880	86
881	78
882	74
883	72
884	73
885	77
886	91
887	70
888	66
889	75
890	74
891	84
892	82
893	63
894	93
895	74
896	79
897	80
898	76
899	84
900	80
901	68
902	82
903	83
904	72
905	72
906	73
907	93
908	65
909	86
910	74
911	84
912	78
913	64
914	64
915	71
916	74
917	74
918	75
919	73
920	72
921	75
922	73
923	69
924	99
925	73
926	65
927	73
928	86
929	83
930	90
931	79
932	75
933	69
934	78
935	89
936	68
937	90
938	79
939	80
940	75
941	78
942	82
943	80
944	79
945	84
946	62
947	78
948	77
949	64
950	77
951	69
952	78
953	72
954	71
955	76
956	54
957	70
958	68
959	77
960	70
961	65
962	76
963	81
964	81
965	65
966	66
967	87
968	83
969	68
970	61
971	67
972	56
973	71
974	63
975	80
976	65
977	74
978	73
979	56
980	76
981	53
982	74
983	77
984	77
985	74
986	65
987	62
988	78
989	63
990	77
991	75
992	69
993	71
994	65
995	65
996	73
997	74
998	71
999	81
1000	61
1001	74
1002	80
1003	76
1004	64
1005	78
1006	76
1007	79
1008	73
1009	59
1010	69
1011	75
1012	70
1013	70
1014	69
1015	70
1016	59
1017	73
1018	58
1019	83
1020	71
1021	62
1022	64
1023	62
1024	62
1025	71
1026	64
1027	88
1028	83
1029	63
1030	71
1031	66
1032	65
1033	76
1034	62
1035	68
1036	62
1037	67
1038	77
1039	74
1040	63
1041	57
1042	72
1043	78
1044	78
1045	65
1046	69
1047	60
1048	54
1049	66
1050	56
1051	49
1052	66
1053	61
1054	67
1055	62
1056	62
1057	62
1058	76
1059	63
1060	67
1061	75
1062	78
1063	66
1064	80
1065	75
1066	69
1067	67
1068	64
1069	67
1070	54
1071	71
1072	73
1073	51
1074	70
1075	70
1076	67
1077	58
1078	61
1079	77
1080	60
1081	63
1082	73
1083	98
1084	79
1085	53
1086	78
1087	82
1088	63
1089	78
1090	59
1091	74
1092	70
1093	52
1094	74
1095	63
1096	80
1097	56
1098	81
1099	64
1100	74
1101	57
1102	75
1103	72
1104	78
1105	51
1106	60
1107	62
1108	63
1109	76
1110	63
1111	58
1112	67
1113	76
1114	64
1115	66
1116	66
1117	60
1118	63
1119	50
1120	58
1121	71
1122	65
1123	48
1124	85
1125	71
1126	61
1127	60
1128	70
1129	71
1130	64
1131	74
1132	56
1133	70
1134	65
1135	62
1136	57
1137	59
1138	52
1139	64
1140	57
1141	64
1142	63
1143	72
1144	78
1145	71
1146	82
1147	63
1148	53
1149	64
1150	69
1151	76
1152	75
1153	68
1154	67
1155	71
1156	72
1157	72
1158	60
1159	71
1160	55
1161	62
1162	95
1163	70
1164	77
1165	62
1166	67
1167	57
1168	66
1169	79
1170	78
1171	68
1172	68
1173	79
1174	81
1175	75
1176	55
1177	69
1178	69
1179	79
1180	79
1181	69
1182	63
1183	73
1184	63
1185	69
1186	75
1187	81
1188	55
1189	93
1190	76
1191	75
1192	78
1193	81
1194	75
1195	59
1196	81
1197	79
1198	66
1199	63
1200	78
1201	77
1202	78
1203	95
1204	71
1205	75
1206	78
1207	62
1208	84
1209	60
1210	79
1211	64
1212	74
1213	63
1214	76
1215	76
1216	57
1217	65
1218	69
1219	71
1220	63
1221	68
1222	68
1223	64
1224	69
1225	65
1226	75
1227	77
1228	69
1229	67
1230	72
1231	77
1232	71
1233	77
1234	66
1235	62
1236	69
1237	82
1238	69
1239	75
1240	84
1241	65
1242	65
1243	81
1244	74
1245	64
1246	71
1247	94
1248	66
1249	45
1250	74
1251	75
1252	72
1253	71
1254	69
1255	77
1256	72
1257	65
1258	64
1259	67
1260	65
1261	63
1262	61
1263	64
1264	64
1265	80
1266	72
1267	55
1268	80
1269	69
1270	72
1271	77
1272	60
1273	54
1274	70
1275	60
1276	65
1277	66
1278	64
1279	72
1280	54
1281	74
1282	64
1283	71
1284	81
1285	68
1286	61
1287	55
1288	54
1289	71
1290	93
1291	52
1292	62
1293	64
1294	49
1295	74
1296	53
1297	57
1298	74
1299	46
1300	49
1301	67
1302	67
1303	64
1304	68
1305	48
1306	72
1307	75
1308	47
1309	41
1310	78
1311	64
1312	52
1313	51
1314	67
1315	49
1316	74
1317	65
1318	66
1319	59
1320	81
1321	82
1322	69
1323	83
1324	76
1325	70
1326	67
1327	70
1328	59
1329	76
1330	47
1331	70
1332	55
1333	61
1334	60
1335	64
1336	48
1337	74
1338	56
1339	72
1340	65
1341	78
1342	57
1343	57
1344	62
1345	57
1346	64
1347	49
1348	53
1349	54
1350	60
1351	54
1352	64
1353	64
1354	72
1355	51
1356	50
1357	57
1358	48
1359	63
1360	58
1361	61
1362	53
1363	65
1364	52
1365	64
1366	60
1367	49
1368	51
1369	69
1370	65
1371	52
1372	52
1373	59
1374	52
1375	70
1376	52
1377	52
1378	60
1379	66
1380	61
1381	63
1382	45
1383	59
1384	56
1385	49
1386	49
1387	65
1388	53
1389	46
1390	61
1391	56
1392	41
1393	62
1394	57
1395	57
1396	60
1397	54
1398	57
1399	76
1400	60
1401	57
1402	35
1403	52
1404	57
1405	44
1406	54
1407	51
1408	51
1409	47
1410	52
1411	48
1412	60
1413	54
1414	52
1415	51
1416	53
1417	65
1418	57
1419	53
1420	58
1421	58
1422	56
1423	47
1424	61
1425	57
1426	46
1427	43
1428	43
1429	52
1430	40
1431	44
1432	56
1433	59
1434	44
1435	55
1436	51
1437	52
1438	51
1439	50
1440	49
1441	48
1442	69
1443	53
1444	53
1445	48
1446	51
1447	50
1448	46
1449	48
1450	64
1451	45
1452	47
1453	54
1454	56
1455	57
1456	73
1457	48
1458	47
1459	53
1460	52
1461	46
1462	64
1463	45
1464	43
1465	55
1466	53
1467	47
1468	52
1469	42
1470	43
1471	41
1472	48
1473	46
1474	49
1475	44
1476	52
1477	48
1478	57
1479	48
1480	46
1481	39
1482	54
1483	46
1484	49
1485	45
1486	46
1487	55
1488	51
1489	55
1490	49
1491	56
1492	39
1493	44
1494	49
1495	60
1496	50
1497	42
1498	51
1499	50
1500	51
1501	49
1502	42
1503	61
1504	54
1505	41
1506	42
1507	50
1508	58
1509	53
1510	49
1511	55
1512	43
1513	43
1514	49
1515	45
1516	48
1517	54
1518	57
1519	42
1520	43
1521	50
1522	50
1523	49
1524	52
1525	60
1526	42
1527	60
1528	40
1529	41
1530	49
1531	50
1532	52
1533	55
1534	41
1535	50
1536	39
1537	42
1538	43
1539	44
1540	56
1541	47
1542	53
1543	39
1544	51
1545	51
1546	59
1547	41
1548	38
1549	39
1550	45
1551	42
1552	50
1553	37
1554	40
1555	42
1556	50
1557	39
1558	32
1559	35
1560	53
1561	47
1562	48
1563	58
1564	48
1565	46
1566	46
1567	47
1568	43
1569	42
1570	44
1571	41
1572	41
1573	45
1574	46
1575	47
1576	51
1577	41
1578	57
1579	52
1580	48
1581	53
1582	40
1583	50
1584	44
1585	41
1586	48
1587	37
1588	41
1589	51
1590	50
1591	48
1592	37
1593	52
1594	50
1595	47
1596	44
1597	46
1598	47
1599	41
1600	37
1601	46
1602	35
1603	53
1604	42
1605	40
1606	50
1607	52
1608	36
1609	40
1610	48
1611	49
1612	49
1613	52
1614	54
1615	40
1616	51
1617	44
1618	46
1619	40
1620	44
1621	49
1622	46
1623	41
1624	46
1625	43
1626	50
1627	44
1628	47
1629	37
1630	40
1631	57
1632	46
1633	43
1634	44
1635	49
1636	43
1637	43
1638	56
1639	40
1640	48
1641	41
1642	49
1643	51
1644	44
1645	53
1646	44
1647	43
1648	48
1649	46
1650	42
1651	51
1652	42
1653	44
1654	55
1655	41
1656	40
1657	39
1658	52
1659	38
1660	30
1661	53
1662	43
1663	38
1664	37
1665	43
1666	39
1667	47
1668	53
1669	35
1670	43
1671	40
1672	50
1673	46
1674	38
1675	39
1676	46
1677	43
1678	44
1679	43
1680	48
1681	42
1682	50
1683	42
1684	46
1685	55
1686	41
1687	36
1688	40
1689	41
1690	38
1691	36
1692	43
1693	39
1694	48
1695	37
1696	33
1697	37
1698	51
1699	45
1700	39
1701	42
1702	38
1703	35
1704	45
1705	33
1706	59
1707	47
1708	23
1709	44
1710	38
1711	36
1712	43
1713	39
1714	43
1715	40
1716	42
1717	44
1718	51
1719	49
1720	37
1721	44
1722	44
1723	41
1724	45
1725	37
1726	46
1727	49
1728	51
1729	47
1730	41
1731	75
1732	43
1733	44
1734	43
1735	39
1736	43
1737	35
1738	40
1739	42
1740	50
1741	40
1742	47
1743	41
1744	42
1745	37
1746	41
1747	38
1748	40
1749	45
1750	24
1751	39
1752	41
1753	39
1754	48
1755	41
1756	34
1757	44
1758	33
1759	42
1760	40
1761	36
1762	41
1763	46
1764	36
1765	43
1766	54
1767	31
1768	38
1769	51
1770	41
1771	52
1772	41
1773	37
1774	46
1775	39
1776	36
1777	48
1778	39
1779	39
1780	22
1781	43
1782	33
1783	47
1784	34
1785	37
1786	35
1787	48
1788	45
1789	43
1790	43
1791	27
1792	40
1793	37
1794	44
1795	40
1796	36
1797	36
1798	55
1799	35
1800	41
1801	42
1802	34
1803	33
1804	34
1805	40
1806	39
1807	37
1808	36
1809	29
1810	36
1811	28
1812	30
1813	40
1814	27
1815	42
1816	36
1817	38
1818	30
1819	33
1820	39
1821	39
1822	35
1823	33
1824	38
1825	39
1826	34
1827	38
1828	31
1829	31
1830	33
1831	42
1832	41
1833	45
1834	43
1835	33
1836	35
1837	41
1838	31
1839	42
1840	32
1841	39
1842	37
1843	50
1844	37
1845	36
1846	45
1847	43
1848	39
1849	41
1850	37
1851	41
1852	41
1853	45
1854	46
1855	26
1856	31
1857	43
1858	36
1859	37
1860	41
1861	42
1862	29
1863	40
1864	35
1865	38
1866	44
1867	33
1868	25
1869	36
1870	34
1871	37
1872	30
1873	29
1874	24
1875	47
1876	32
1877	35
1878	42
1879	33
1880	32
1881	43
1882	33
1883	49
1884	46
1885	45
1886	44
1887	38
1888	34
1889	39
1890	35
1891	39
1892	32
1893	35
1894	41
1895	27
1896	31
1897	33
1898	33
1899	43
1900	51
1901	42
1902	47
1903	37
1904	29
1905	38
1906	31
1907	26
1908	29
1909	33
1910	38
1911	31
1912	35
1913	41
1914	37
1915	34
1916	29
1917	37
1918	33
1919	32
1920	33
1921	35
1922	44
1923	46
1924	34
1925	42
1926	36
1927	36
1928	32
1929	20
1930	31
1931	41
1932	34
1933	38
1934	48
1935	37
1936	40
1937	32
1938	31
1939	32
1940	37
1941	35
1942	31
1943	32
1944	34
1945	29
1946	31
1947	36
1948	39
1949	62
1950	26
1951	34
1952	37
1953	38
1954	31
1955	44
1956	43
1957	31
1958	37
1959	37
1960	46
1961	43
1962	37
1963	43
1964	37
1965	47
1966	41
1967	39
1968	38
1969	39
1970	36
1971	34
1972	34
1973	33
1974	39
1975	42
1976	32
1977	27
1978	32
1979	28
1980	27
1981	38
1982	36
1983	45
1984	41
1985	42
1986	35
1987	36
1988	36
1989	35
1990	44
1991	31
1992	35
1993	32
1994	27
1995	35
1996	31
1997	35
1998	31
1999	30
2000	33
2001	37
2002	34
2003	37
2004	28
2005	39
2006	42
2007	37
2008	43
2009	31
2010	38
2011	30
2012	32
2013	30
2014	30
2015	34
2016	28
2017	34
2018	40
2019	35
2020	31
2021	31
2022	29
2023	34
2024	37
2025	35
2026	34
2027	35
2028	32
2029	39
2030	36
2031	34
2032	41
2033	24
2034	34
2035	39
2036	37
2037	33
2038	32
2039	32
2040	27
2041	30
2042	21
2043	23
2044	34
2045	36
2046	26
2047	43
2048	25
2049	38
2050	32
2051	29
2052	30
2053	34
2054	25
2055	28
2056	31
2057	26
2058	31
2059	33
2060	35
2061	35
2062	32
2063	28
2064	31
2065	28
2066	36
2067	32
2068	28
2069	32
2070	44
2071	26
2072	30
2073	34
2074	38
2075	40
2076	33
2077	29
2078	43
2079	43
2080	17
2081	27
2082	39
2083	40
2084	38
2085	25
2086	34
2087	31
2088	21
2089	48
2090	15
2091	30
2092	32
2093	31
2094	36
2095	22
2096	22
2097	38
2098	36
2099	24
2100	28
2101	29
2102	38
2103	34
2104	38
2105	32
2106	29
2107	36
2108	25
2109	29
2110	32
2111	31
2112	32
2113	30
2114	28
2115	33
2116	38
2117	38
2118	46
2119	28
2120	30
2121	24
2122	27
2123	31
2124	34
2125	23
2126	36
2127	39
2128	32
2129	39
2130	27
2131	37
2132	40
2133	33
2134	33
2135	28
2136	24
2137	18
2138	28
2139	21
2140	31
2141	26
2142	28
2143	33
2144	36
2145	33
2146	38
2147	29
2148	33
2149	35
2150	29
2151	26
2152	28
2153	33
2154	24
2155	34
2156	37
2157	29
2158	36
2159	24
2160	30
2161	32
2162	27
2163	29
2164	29
2165	35
2166	43
2167	22
2168	28
2169	25
2170	34
2171	24
2172	28
2173	31
2174	45
2175	37
2176	38
2177	37
2178	26
2179	25
2180	26
2181	32
2182	32
2183	30
2184	20
2185	36
2186	30
2187	27
2188	41
2189	34
2190	34
2191	26
2192	36
2193	35
2194	32
2195	30
2196	27
2197	28
2198	23
2199	31
2200	25
2201	24
2202	28
2203	39
2204	31
2205	36
2206	34
2207	27
2208	28
2209	39
2210	28
2211	25
2212	19
2213	24
2214	36
2215	18
2216	42
2217	27
2218	36
2219	27
2220	26
2221	34
2222	24
2223	21
2224	23
2225	37
2226	25
2227	35
2228	22
2229	32
2230	35
2231	23
2232	27
2233	24
2234	27
2235	30
2236	30
2237	25
2238	27
2239	24
2240	30
2241	34
2242	31
2243	33
2244	36
2245	37
2246	19
2247	26
2248	22
2249	27
2250	30
2251	33
2252	25
2253	36
2254	29
2255	35
2256	31
2257	36
2258	22
2259	22
2260	22
2261	33
2262	23
2263	41
2264	29
2265	30
2266	38
2267	37
2268	28
2269	27
2270	42
2271	40
2272	35
2273	37
2274	22
2275	37
2276	40
2277	34
2278	28
2279	23
2280	29
2281	33
2282	16
2283	26
2284	28
2285	28
2286	35
2287	17
2288	31
2289	31
2290	27
2291	26
2292	27
2293	27
2294	23
2295	23
2296	30
2297	33
2298	29
2299	27
2300	30
2301	23
2302	35
2303	28
2304	33
2305	34
2306	31
2307	28
2308	23
2309	35
2310	34
2311	32
2312	32
2313	35
2314	24
2315	32
2316	31
2317	35
2318	37
2319	25
2320	22
2321	31
2322	30
2323	29
2324	22
2325	31
2326	25
2327	24
2328	23
2329	33
2330	32
2331	26
2332	22
2333	25
2334	25
2335	26
2336	24
2337	20
2338	33
2339	26
2340	26
2341	28
2342	26
2343	33
2344	22
2345	30
2346	25
2347	30
2348	26
2349	39
2350	28
2351	27
2352	33
2353	26
2354	22
2355	29
2356	27
2357	21
2358	16
2359	22
2360	20
2361	21
2362	28
2363	26
2364	28
2365	21
2366	23
2367	26
2368	26
2369	29
2370	26
2371	31
2372	36
2373	28
2374	29
2375	23
2376	32
2377	28
2378	21
2379	28
2380	25
2381	32
2382	21
2383	29
2384	23
2385	26
2386	25
2387	38
2388	30
2389	28
2390	34
2391	30
2392	28
2393	32
2394	26
2395	31
2396	23
2397	22
2398	28
2399	24
2400	31
2401	28
2402	24
2403	36
2404	35
2405	32
2406	26
2407	27
2408	30
2409	30
2410	27
2411	27
2412	22
2413	36
2414	32
2415	32
2416	32
2417	26
2418	26
2419	25
2420	18
2421	24
2422	29
2423	23
2424	28
2425	41
2426	23
2427	29
2428	35
2429	24
2430	26
2431	21
2432	33
2433	28
2434	29
2435	32
2436	27
2437	27
2438	27
2439	33
2440	22
2441	34
2442	25
2443	34
2444	28
2445	23
2446	30
2447	33
2448	22
2449	21
2450	23
2451	21
2452	28
2453	22
2454	29
2455	19
2456	37
2457	24
2458	31
2459	31
2460	42
2461	21
2462	33
2463	21
2464	30
2465	31
2466	28
2467	24
2468	36
2469	17
2470	32
2471	24
2472	33
2473	19
2474	23
2475	24
2476	27
2477	27
2478	28
2479	29
2480	24
2481	33
2482	30
2483	27
2484	27
2485	34
2486	36
2487	37
2488	27
2489	37
2490	20
2491	21
2492	27
2493	23
2494	26
2495	35
2496	26
2497	19
2498	18
2499	29
2500	32
2501	31
2502	37
2503	31
2504	30
2505	30
2506	25
2507	34
2508	35
2509	22
2510	34
2511	25
2512	25
2513	22
2514	29
2515	32
2516	28
2517	28
2518	37
2519	24
2520	27
2521	30
2522	22
2523	26
2524	23
2525	28
2526	30
2527	23
2528	23
2529	28
2530	29
2531	23
2532	18
2533	26
2534	21
2535	30
2536	16
2537	26
2538	24
2539	20
2540	19
2541	24
2542	23
2543	17
2544	25
2545	24
2546	27
2547	30
2548	24
2549	23
2550	25
2551	25
2552	38
2553	28
2554	28
2555	16
2556	26
2557	23
2558	35
2559	28
2560	35
2561	27
2562	24
2563	21
2564	23
2565	28
2566	20
2567	35
2568	24
2569	20
2570	23
2571	32
2572	28
2573	29
2574	21
2575	30
2576	31
2577	36
2578	25
2579	26
2580	26
2581	23
2582	25
2583	26
2584	31
2585	29
2586	26
2587	24
2588	31
2589	17
2590	31
2591	17
2592	28
2593	24
2594	24
2595	21
2596	32
2597	28
2598	23
2599	28
2600	22
2601	32
2602	25
2603	31
2604	28
2605	22
2606	28
2607	33
2608	18
2609	31
2610	32
2611	30
2612	22
2613	22
2614	32
2615	32
2616	24
2617	24
2618	24
2619	23
2620	25
2621	27
2622	27
2623	27
2624	32
2625	27
2626	22
2627	15
2628	25
2629	24
2630	20
2631	21
2632	26
2633	27
2634	27
2635	32
2636	28
2637	22
2638	26
2639	31
2640	32
2641	21
2642	25
2643	22
2644	24
2645	20
2646	18
2647	18
2648	30
2649	23
2650	31
2651	31
2652	16
2653	31
2654	23
2655	22
2656	22
2657	32
2658	24
2659	39
2660	21
2661	27
2662	22
2663	23
2664	34
2665	26
2666	30
2667	27
2668	32
2669	22
2670	28
2671	24
2672	28
2673	38
2674	28
2675	33
2676	36
2677	22
2678	20
2679	27
2680	32
2681	22
2682	18
2683	14
2684	30
2685	22
2686	20
2687	29
2688	31
2689	22
2690	18
2691	24
2692	20
2693	23
2694	20
2695	22
2696	30
2697	29
2698	26
2699	23
2700	22
2701	25
2702	23
2703	25
2704	28
2705	22
2706	17
2707	30
2708	37
2709	22
2710	21
2711	24
2712	29
2713	23
2714	25
2715	25
2716	31
2717	26
2718	30
2719	32
2720	32
2721	22
2722	28
2723	24
2724	26
2725	34
2726	16
2727	20
2728	29
2729	26
2730	26
2731	31
2732	33
2733	21
2734	26
2735	24
2736	26
2737	16
2738	20
2739	35
2740	19
2741	24
2742	22
2743	25
2744	18
2745	30
2746	21
2747	19
2748	15
2749	19
2750	32
2751	29
2752	21
2753	31
2754	31
2755	22
2756	19
2757	21
2758	24
2759	36
2760	24
2761	30
2762	31
2763	22
2764	22
2765	26
2766	24
2767	28
2768	27
2769	20
2770	30
2771	24
2772	27
2773	17
2774	24
2775	20
2776	23
2777	28
2778	30
2779	20
2780	31
2781	19
2782	28
2783	30
2784	29
2785	18
2786	23
2787	17
2788	22
2789	23
2790	27
2791	25
2792	16
2793	17
2794	14
2795	27
2796	19
2797	28
2798	32
2799	21
2800	21
2801	25
2802	29
2803	20
2804	15
2805	26
2806	26
2807	29
2808	25
2809	22
2810	30
2811	21
2812	28
2813	21
2814	19
2815	31
2816	17
2817	27
2818	23
2819	21
2820	26
2821	18
2822	19
2823	24
2824	28
2825	24
2826	21
2827	19
2828	14
2829	23
2830	18
2831	28
2832	36
2833	14
2834	26
2835	19
2836	29
2837	23
2838	27
2839	27
2840	20
2841	22
2842	30
2843	23
2844	17
2845	26
2846	26
2847	30
2848	22
2849	35
2850	31
2851	28
2852	33
2853	28
2854	18
2855	29
2856	32
2857	36
2858	21
2859	33
2860	33
2861	18
2862	16
2863	23
2864	27
2865	28
2866	26
2867	25
2868	27
2869	32
2870	33
2871	44
2872	27
2873	16
2874	31
2875	21
2876	23
2877	20
2878	28
2879	31
2880	18
2881	19
2882	23
2883	28
2884	21
2885	28
2886	26
2887	23
2888	33
2889	23
2890	30
2891	22
2892	26
2893	25
2894	29
2895	25
2896	27
2897	29
2898	25
2899	28
2900	22
2901	28
2902	27
2903	25
2904	26
2905	25
2906	34
2907	26
2908	16
2909	26
2910	28
2911	28
2912	32
2913	20
2914	22
2915	23
2916	31
2917	24
2918	23
2919	31
2920	21
2921	33
2922	17
2923	28
2924	21
2925	35
2926	33
2927	28
2928	31
2929	30
2930	19
2931	28
2932	20
2933	21
2934	27
2935	23
2936	25
2937	27
2938	22
2939	24
2940	20
2941	23
2942	23
2943	23
2944	35
2945	25
2946	24
2947	17
2948	28
2949	29
2950	21
2951	24
2952	13
2953	21
2954	24
2955	23
2956	29
2957	25
2958	18
2959	28
2960	24
2961	26
2962	22
2963	34
2964	21
2965	14
2966	23
2967	26
2968	29
2969	15
2970	12
2971	19
2972	27
2973	23
2974	25
2975	19
2976	29
2977	25
2978	21
2979	13
2980	12
2981	15
2982	22
2983	24
2984	23
2985	16
2986	28
2987	28
2988	24
2989	31
2990	22
2991	24
2992	23
2993	19
2994	19
2995	14
2996	29
2997	31
2998	17
2999	19
3000	20
3001	32
3002	33
3003	25
3004	20
3005	23
3006	27
3007	26
3008	25
3009	24
3010	18
3011	22
3012	21
3013	18
3014	23
3015	28
3016	18
3017	20
3018	20
3019	25
3020	12
3021	21
3022	23
3023	27
3024	13
3025	25
3026	22
3027	15
3028	28
3029	25
3030	24
3031	26
3032	16
3033	32
3034	28
3035	21
3036	27
3037	24
3038	24
3039	18
3040	37
3041	23
3042	25
3043	18
3044	25
3045	32
3046	19
3047	28
3048	18
3049	10
3050	25
3051	24
3052	16
3053	17
3054	26
3055	19
3056	19
3057	24
3058	21
3059	15
3060	29
3061	27
3062	21
3063	14
3064	25
3065	15
3066	21
3067	25
3068	27
3069	22
3070	22
3071	19
3072	21
3073	20
3074	17
3075	17
3076	35
3077	21
3078	21
3079	20
3080	20
3081	24
3082	19
3083	25
3084	20
3085	28
3086	23
3087	24
3088	21
3089	19
3090	17
3091	17
3092	17
3093	24
3094	14
3095	20
3096	26
3097	28
3098	16
3099	26
3100	18
3101	25
3102	19
3103	27
3104	18
3105	13
3106	23
3107	29
3108	15
3109	25
3110	27
3111	24
3112	23
3113	21
3114	18
3115	25
3116	23
3117	22
3118	24
3119	21
3120	26
3121	24
3122	21
3123	28
3124	33
3125	29
3126	24
3127	13
3128	24
3129	24
3130	16
3131	32
3132	29
3133	28
3134	31
3135	23
3136	21
3137	20
3138	22
3139	14
3140	20
3141	28
3142	20
3143	20
3144	20
3145	23
3146	35
3147	28
3148	19
3149	29
3150	16
3151	27
3152	30
3153	17
3154	27
3155	19
3156	28
3157	25
3158	25
3159	27
3160	18
3161	19
3162	23
3163	33
3164	25
3165	19
3166	24
3167	21
3168	19
3169	22
3170	16
3171	20
3172	13
3173	21
3174	22
3175	25
3176	21
3177	20
3178	20
3179	20
3180	27
3181	28
3182	22
3183	33
3184	21
3185	28
3186	23
3187	28
3188	28
3189	16
3190	23
3191	25
3192	27
3193	22
3194	26
3195	25
3196	26
3197	15
3198	24
3199	29
3200	20
3201	35
3202	17
3203	21
3204	18
3205	18
3206	25
3207	14
3208	25
3209	29
3210	22
3211	30
3212	27
3213	23
3214	22
3215	21
3216	19
3217	20
3218	16
3219	18
3220	15
3221	22
3222	23
3223	17
3224	24
3225	25
3226	20
3227	17
3228	26
3229	27
3230	24
3231	21
3232	23
3233	16
3234	19
3235	24
3236	15
3237	18
3238	28
3239	24
3240	18
3241	23
3242	18
3243	38
3244	18
3245	29
3246	13
3247	17
3248	33
3249	18
3250	20
3251	33
3252	26
3253	18
3254	18
3255	26
3256	23
3257	26
3258	21
3259	25
3260	27
3261	26
3262	20
3263	23
3264	23
3265	30
3266	22
3267	35
3268	27
3269	29
3270	21
3271	32
3272	32
3273	21
3274	20
3275	26
3276	24
3277	19
3278	24
3279	32
3280	23
3281	16
3282	16
3283	18
3284	22
3285	25
3286	16
3287	18
3288	33
3289	23
3290	15
3291	23
3292	26
3293	22
3294	22
3295	22
3296	14
3297	24
3298	21
3299	29
3300	21
3301	17
3302	21
3303	29
3304	24
3305	20
3306	25
3307	19
3308	33
3309	17
3310	18
3311	20
3312	26
3313	24
3314	24
3315	21
3316	19
3317	23
3318	17
3319	19
3320	25
3321	15
3322	13
3323	20
3324	24
3325	38
3326	17
3327	26
3328	29
3329	17
3330	17
3331	18
3332	24
3333	14
3334	26
3335	23
3336	27
3337	16
3338	19
3339	26
3340	21
3341	21
3342	25
3343	28
3344	21
3345	23
3346	21
3347	22
3348	20
3349	18
3350	12
3351	16
3352	24
3353	28
3354	23
3355	25
3356	18
3357	26
3358	24
3359	20
3360	15
3361	27
3362	23
3363	20
3364	14
3365	30
3366	26
3367	17
3368	18
3369	18
3370	23
3371	22
3372	21
3373	21
3374	22
3375	21
3376	21
3377	24
3378	14
3379	30
3380	26
3381	22
3382	24
3383	20
3384	27
3385	22
3386	26
3387	15
3388	26
3389	23
3390	28
3391	30
3392	25
3393	28
3394	18
3395	23
3396	24
3397	24
3398	16
3399	27
3400	15
3401	20
3402	20
3403	24
3404	25
3405	29
3406	34
3407	31
3408	23
3409	29
3410	21
3411	18
3412	29
3413	40
3414	24
3415	36
3416	27
3417	28
3418	23
3419	27
3420	24
3421	33
3422	30
3423	24
3424	18
3425	23
3426	19
3427	26
3428	22
3429	23
3430	21
3431	29
3432	17
3433	26
3434	26
3435	28
3436	18
3437	19
3438	20
3439	18
3440	21
3441	20
3442	24
3443	27
3444	22
3445	28
3446	17
3447	19
3448	17
3449	20
3450	22
3451	18
3452	16
3453	30
3454	18
3455	26
3456	20
3457	22
3458	15
3459	27
3460	13
3461	23
3462	27
3463	13
3464	20
3465	14
3466	30
3467	24
3468	29
3469	20
3470	22
3471	25
3472	23
3473	20
3474	18
3475	21
3476	28
3477	18
3478	22
3479	23
3480	29
3481	26
3482	16
3483	16
3484	20
3485	32
3486	25
3487	22
3488	21
3489	19
3490	25
3491	17
3492	23
3493	18
3494	15
3495	32
3496	22
3497	27
3498	22
3499	22
3500	19
3501	24
3502	15
3503	22
3504	25
3505	17
3506	30
3507	29
3508	19
3509	31
3510	21
3511	20
3512	27
3513	16
3514	16
3515	18
3516	21
3517	20
3518	24
3519	19
3520	23
3521	15
3522	34
3523	22
3524	24
3525	29
3526	22
3527	26
3528	21
3529	29
3530	22
3531	13
3532	18
3533	16
3534	30
3535	15
3536	20
3537	19
3538	32
3539	25
3540	30
3541	23
3542	20
3543	11
3544	20
3545	22
3546	22
3547	22
3548	18
3549	22
3550	22
3551	23
3552	24
3553	26
3554	28
3555	21
3556	18
3557	15
3558	20
3559	18
3560	19
3561	25
3562	22
3563	26
3564	21
3565	23
3566	32
3567	24
3568	23
3569	24
3570	15
3571	29
3572	17
3573	24
3574	22
3575	18
3576	24
3577	36
3578	20
3579	20
3580	15
3581	27
3582	24
3583	31
3584	25
3585	24
3586	16
3587	19
3588	24
3589	22
3590	28
3591	28
3592	21
3593	19
3594	24
3595	23
3596	19
3597	30
3598	21
3599	29
3600	19
3601	23
3602	15
3603	32
3604	19
3605	16
3606	27
3607	20
3608	19
3609	17
3610	27
3611	26
3612	16
3613	18
3614	19
3615	30
3616	27
3617	21
3618	23
3619	21
3620	30
3621	29
3622	32
3623	19
3624	10
3625	25
3626	21
3627	19
3628	25
3629	19
3630	17
3631	21
3632	23
3633	20
3634	27
3635	21
3636	15
3637	21
3638	21
3639	23
3640	29
3641	18
3642	18
3643	29
3644	21
3645	25
3646	25
3647	22
3648	27
3649	19
3650	14
3651	18
3652	22
3653	25
3654	28
3655	19
3656	29
3657	30
3658	20
3659	25
3660	18
3661	23
3662	28
3663	21
3664	21
3665	20
3666	28
3667	19
3668	21
3669	20
3670	23
3671	19
3672	18
3673	21
3674	21
3675	20
3676	15
3677	18
3678	20
3679	29
3680	19
3681	28
3682	19
3683	20
3684	9
3685	16
3686	19
3687	18
3688	21
3689	12
3690	25
3691	21
3692	19
3693	21
3694	14
3695	23
3696	28
3697	26
3698	24
3699	20
3700	21
3701	23
3702	24
3703	15
3704	19
3705	13
3706	18
3707	30
3708	22
3709	27
3710	17
3711	29
3712	25
3713	32
3714	21
3715	21
3716	26
3717	23
3718	18
3719	15
3720	14
3721	21
3722	22
3723	25
3724	29
3725	20
3726	30
3727	18
3728	25
3729	20
3730	19
3731	22
3732	32
3733	26
3734	21
3735	19
3736	27
3737	21
3738	20
3739	26
3740	22
3741	29
3742	19
3743	30
3744	20
3745	26
3746	19
3747	25
3748	23
3749	24
3750	17
3751	26
3752	19
3753	24
3754	21
3755	22
3756	17
3757	32
3758	19
3759	19
3760	13
3761	22
3762	15
3763	25
3764	20
3765	18
3766	25
3767	16
3768	28
3769	30
3770	23
3771	16
3772	13
3773	19
3774	19
3775	15
3776	22
3777	23
3778	19
3779	23
3780	21
3781	18
3782	24
3783	21
3784	12
3785	15
3786	16
3787	26
3788	23
3789	25
3790	30
3791	31
3792	20
3793	23
3794	26
3795	26
3796	18
3797	19
3798	18
3799	20
3800	29
3801	20
3802	18
3803	20
3804	14
3805	21
3806	15
3807	23
3808	23
3809	15
3810	12
3811	30
3812	27
3813	18
3814	25
3815	14
3816	26
3817	16
3818	18
3819	30
3820	17
3821	13
3822	15
3823	20
3824	16
3825	10
3826	31
3827	27
3828	18
3829	20
3830	20
3831	33
3832	23
3833	24
3834	23
3835	32
3836	27
3837	15
3838	23
3839	30
3840	18
3841	18
3842	22
3843	18
3844	24
3845	19
3846	26
3847	28
3848	24
3849	22
3850	21
3851	14
3852	22
3853	24
3854	24
3855	22
3856	23
3857	15
3858	22
3859	27
3860	19
3861	21
3862	20
3863	26
3864	21
3865	24
3866	18
3867	19
3868	15
3869	28
3870	20
3871	27
3872	26
3873	14
3874	25
3875	23
3876	22
3877	27
3878	24
3879	21
3880	22
3881	15
3882	19
3883	15
3884	20
3885	26
3886	18
3887	20
3888	19
3889	17
3890	24
3891	17
3892	30
3893	19
3894	29
3895	15
3896	21
3897	33
3898	15
3899	26
3900	22
3901	18
3902	21
3903	18
3904	26
3905	26
3906	20
3907	20
3908	24
3909	17
3910	28
3911	24
3912	19
3913	19
3914	20
3915	19
3916	27
3917	14
3918	19
3919	11
3920	22
3921	25
3922	24
3923	13
3924	18
3925	20
3926	22
3927	23
3928	21
3929	22
3930	20
3931	24
3932	19
3933	20
3934	24
3935	21
3936	24
3937	13
3938	11
3939	14
3940	22
3941	22
3942	20
3943	20
3944	29
3945	27
3946	15
3947	27
3948	20
3949	18
3950	18
3951	19
3952	28
3953	25
3954	24
3955	21
3956	22
3957	28
3958	21
3959	21
3960	14
3961	21
3962	26
3963	16
3964	15
3965	28
3966	16
3967	21
3968	30
3969	14
3970	18
3971	23
3972	21
3973	26
3974	24
3975	15
3976	21
3977	13
3978	22
3979	19
3980	20
3981	25
3982	13
3983	24
3984	20
3985	23
3986	29
3987	22
3988	18
3989	23
3990	17
3991	25
3992	25
3993	21
3994	22
3995	19
3996	22
3997	12
3998	25
3999	22
4000	19
4001	21
4002	22
4003	23
4004	30
4005	23
4006	19
4007	19
4008	29
4009	20
4010	18
4011	20
4012	21
4013	24
4014	31
4015	23
4016	16
4017	17
4018	24
4019	25
4020	25
4021	16
4022	20
4023	19
4024	20
4025	23
4026	13
4027	28
4028	19
4029	20
4030	26
4031	20
4032	20
4033	24
4034	19
4035	23
4036	17
4037	22
4038	20
4039	20
4040	19
4041	18
4042	23
4043	16
4044	24
4045	17
4046	15
4047	16
4048	22
4049	25
4050	13
4051	21
4052	15
4053	19
4054	19
4055	25
4056	29
4057	17
4058	25
4059	22
4060	16
4061	19
4062	29
4063	23
4064	17
4065	26
4066	29
4067	16
4068	17
4069	27
4070	21
4071	17
4072	10
4073	34
4074	19
4075	22
4076	23
4077	14
4078	22
4079	29
4080	19
4081	28
4082	25
4083	30
4084	26
4085	23
4086	19
4087	25
4088	23
4089	24
4090	17
4091	30
4092	21
4093	23
4094	19
4095	25
4096	23
4097	19
4098	16
4099	17
4100	27
4101	15
4102	27
4103	15
4104	18
4105	24
4106	14
4107	16
4108	18
4109	19
4110	23
4111	24
4112	25
4113	14
4114	18
4115	23
4116	19
4117	22
4118	29
4119	23
4120	23
4121	24
4122	15
4123	18
4124	28
4125	19
4126	18
4127	20
4128	28
4129	20
4130	18
4131	27
4132	24
4133	27
4134	20
4135	20
4136	18
4137	24
4138	16
4139	32
4140	20
4141	33
4142	21
4143	19
4144	24
4145	30
4146	17
4147	16
4148	19
4149	14
4150	19
4151	24
4152	35
4153	24
4154	15
4155	20
4156	18
4157	29
4158	23
4159	18
4160	25
4161	18
4162	20
4163	23
4164	21
4165	34
4166	27
4167	22
4168	17
4169	20
4170	16
4171	22
4172	14
4173	14
4174	23
4175	14
4176	18
4177	18
4178	17
4179	20
4180	21
4181	22
4182	23
4183	21
4184	12
4185	20
4186	23
4187	16
4188	21
4189	23
4190	27
4191	13
4192	32
4193	22
4194	23
4195	19
4196	24
4197	21
4198	27
4199	19
4200	31
4201	25
4202	24
4203	26
4204	24
4205	31
4206	16
4207	25
4208	25
4209	25
4210	30
4211	18
4212	22
4213	22
4214	15
4215	15
4216	22
4217	25
4218	19
4219	32
4220	30
4221	20
4222	21
4223	17
4224	15
4225	17
4226	22
4227	30
4228	25
4229	20
4230	28
4231	20
4232	22
4233	12
4234	15
4235	21
4236	26
4237	25
4238	23
4239	27
4240	19
4241	21
4242	25
4243	22
4244	22
4245	30
4246	16
4247	26
4248	17
4249	13
4250	28
4251	19
4252	25
4253	18
4254	25
4255	26
4256	31
4257	20
4258	19
4259	22
4260	20
4261	19
4262	25
4263	19
4264	23
4265	19
4266	30
4267	19
4268	22
4269	19
4270	18
4271	18
4272	24
4273	27
4274	26
4275	15
4276	24
4277	18
4278	20
4279	15
4280	25
4281	30
4282	17
4283	25
4284	20
4285	20
4286	24
4287	24
4288	20
4289	21
4290	23
4291	29
4292	25
4293	19
4294	16
4295	25
4296	22
4297	19
4298	15
4299	20
4300	21
4301	17
4302	28
4303	20
4304	23
4305	20
4306	28
4307	30
4308	31
4309	28
4310	17
4311	12
4312	21
4313	28
4314	16
4315	21
4316	21
4317	15
4318	22
4319	21
4320	29
4321	22
4322	31
4323	20
4324	27
4325	28
4326	22
4327	24
4328	24
4329	28
4330	18
4331	25
4332	25
4333	19
4334	29
4335	17
4336	23
4337	17
4338	25
4339	25
4340	17
4341	28
4342	31
4343	25
4344	20
4345	20
4346	18
4347	31
4348	23
4349	19
4350	22
4351	19
4352	27
4353	25
4354	20
4355	23
4356	22
4357	27
4358	25
4359	23
4360	15
4361	26
4362	15
4363	23
4364	13
4365	14
4366	23
4367	25
4368	24
4369	14
4370	22
4371	20
4372	21
4373	21
4374	19
4375	23
4376	16
4377	27
4378	23
4379	27
4380	17
4381	18
4382	22
4383	17
4384	17
4385	12
4386	26
4387	25
4388	26
4389	21
4390	19
4391	20
4392	21
4393	23
4394	24
4395	25
4396	22
4397	34
4398	25
4399	24
4400	19
4401	19
4402	25
4403	22
4404	21
4405	13
4406	31
4407	21
4408	26
4409	30
4410	19
4411	20
4412	21
4413	25
4414	19
4415	21
4416	18
4417	26
4418	26
4419	21
4420	26
4421	30
4422	24
4423	23
4424	14
4425	24
4426	20
4427	19
4428	17
4429	29
4430	18
4431	17
4432	23
4433	20
4434	18
4435	31
4436	28
4437	26
4438	26
4439	35
4440	23
4441	22
4442	24
4443	23
4444	29
4445	19
4446	22
4447	28
4448	31
4449	25
4450	24
4451	27
4452	24
4453	21
4454	25
4455	27
4456	19
4457	24
4458	23
4459	26
4460	18
4461	27
4462	36
4463	21
4464	20
4465	27
4466	24
4467	20
4468	27
4469	24
4470	18
4471	30
4472	24
4473	20
4474	26
4475	16
4476	19
4477	24
4478	17
4479	23
4480	16
4481	20
4482	24
4483	22
4484	18
4485	16
4486	20
4487	31
4488	19
4489	23
4490	11
4491	20
4492	20
4493	27
4494	23
4495	18
4496	20
4497	26
4498	22
4499	22
4500	23
4501	26
4502	26
4503	24
4504	25
4505	18
4506	30
4507	17
4508	27
4509	25
4510	19
4511	28
4512	15
4513	24
4514	25
4515	18
4516	30
4517	29
4518	23
4519	24
4520	21
4521	16
4522	27
4523	31
4524	18
4525	21
4526	19
4527	25
4528	20
4529	19
4530	28
4531	28
4532	18
4533	23
4534	13
4535	30
4536	28
4537	22
4538	33
4539	25
4540	23
4541	23
4542	26
4543	27
4544	20
4545	23
4546	22
4547	24
4548	24
4549	22
4550	25
4551	23
4552	25
4553	20
4554	16
4555	27
4556	29
4557	17
4558	21
4559	28
4560	23
4561	26
4562	23
4563	19
4564	19
4565	19
4566	28
4567	27
4568	24
4569	26
4570	38
4571	20
4572	18
4573	23
4574	24
4575	28
4576	27
4577	21
4578	19
4579	16
4580	17
4581	24
4582	28
4583	33
4584	27
4585	21
4586	23
4587	32
4588	21
4589	24
4590	31
4591	21
4592	24
4593	22
4594	20
4595	25
4596	19
4597	17
4598	17
4599	24
4600	21
4601	26
4602	24
4603	26
4604	27
4605	16
4606	23
4607	22
4608	18
4609	26
4610	25
4611	24
4612	25
4613	32
4614	20
4615	35
4616	28
4617	21
4618	35
4619	23
4620	31
4621	22
4622	30
4623	23
4624	20
4625	28
4626	23
4627	20
4628	27
4629	20
4630	24
4631	28
4632	23
4633	29
4634	27
4635	18
4636	26
4637	25
4638	26
4639	31
4640	20
4641	24
4642	16
4643	26
4644	25
4645	20
4646	22
4647	24
4648	26
4649	26
4650	21
4651	28
4652	20
4653	23
4654	27
4655	26
4656	28
4657	23
4658	27
4659	22
4660	24
4661	28
4662	20
4663	19
4664	28
4665	25
4666	22
4667	24
4668	23
4669	28
4670	26
4671	27
4672	23
4673	18
4674	26
4675	20
4676	21
4677	23
4678	21
4679	31
4680	22
4681	31
4682	17
4683	24
4684	29
4685	17
4686	30
4687	30
4688	28
4689	23
4690	14
4691	30
4692	27
4693	27
4694	19
4695	24
4696	30
4697	23
4698	21
4699	24
4700	32
4701	31
4702	26
4703	26
4704	25
4705	35
4706	23
4707	20
4708	23
4709	19
4710	25
4711	35
4712	24
4713	26
4714	18
4715	27
4716	25
4717	26
4718	15
4719	25
4720	29
4721	27
4722	30
4723	26
4724	30
4725	30
4726	16
4727	22
4728	17
4729	22
4730	33
4731	30
4732	36
4733	21
4734	18
4735	30
4736	21
4737	25
4738	25
4739	26
4740	28
4741	23
4742	27
4743	25
4744	32
4745	24
4746	31
4747	26
4748	23
4749	23
4750	31
4751	23
4752	26
4753	29
4754	26
4755	32
4756	30
4757	30
4758	26
4759	27
4760	23
4761	25
4762	27
4763	26
4764	32
4765	26
4766	18
4767	28
4768	25
4769	21
4770	23
4771	18
4772	16
4773	33
4774	27
4775	21
4776	39
4777	29
4778	23
4779	20
4780	31
4781	24
4782	20
4783	27
4784	24
4785	13
4786	20
4787	17
4788	20
4789	19
4790	19
4791	29
4792	18
4793	34
4794	26
4795	24
4796	26
4797	26
4798	23
4799	21
4800	20
4801	14
4802	20
4803	31
4804	28
4805	28
4806	17
4807	31
4808	25
4809	25
4810	33
4811	25
4812	24
4813	22
4814	24
4815	24
4816	28
4817	31
4818	29
4819	28
4820	38
4821	17
4822	35
4823	31
4824	28
4825	28
4826	30
4827	27
4828	21
4829	32
4830	15
4831	30
4832	19
4833	23
4834	18
4835	28
4836	25
4837	35
4838	26
4839	32
4840	21
4841	19
4842	25
4843	27
4844	22
4845	21
4846	26
4847	23
4848	24
4849	26
4850	24
4851	24
4852	19
4853	21
4854	28
4855	30
4856	23
4857	29
4858	18
4859	16
4860	23
4861	14
4862	21
4863	22
4864	25
4865	26
4866	25
4867	20
4868	26
4869	28
4870	32
4871	25
4872	23
4873	24
4874	28
4875	29
4876	34
4877	22
4878	23
4879	30
4880	26
4881	21
4882	20
4883	34
4884	29
4885	31
4886	20
4887	26
4888	28
4889	36
4890	29
4891	27
4892	30
4893	22
4894	22
4895	29
4896	21
4897	25
4898	27
4899	20
4900	11
4901	17
4902	34
4903	27
4904	28
4905	29
4906	25
4907	26
4908	20
4909	26
4910	22
4911	34
4912	23
4913	27
4914	27
4915	27
4916	26
4917	39
4918	34
4919	35
4920	28
4921	23
4922	30
4923	33
4924	32
4925	24
4926	29
4927	24
4928	24
4929	19
4930	25
4931	25
4932	22
4933	24
4934	29
4935	28
4936	29
4937	33
4938	27
4939	24
4940	21
4941	29
4942	27
4943	30
4944	23
4945	36
4946	31
4947	22
4948	18
4949	20
4950	31
4951	31
4952	40
4953	35
4954	20
4955	20
4956	28
4957	37
4958	31
4959	28
4960	24
4961	29
4962	24
4963	19
4964	35
4965	29
4966	24
4967	29
4968	27
4969	30
4970	24
4971	25
4972	33
4973	34
4974	35
4975	19
4976	27
4977	21
4978	22
4979	34
4980	28
4981	42
4982	27
4983	21
4984	31
4985	26
4986	30
4987	15
4988	28
4989	30
4990	23
4991	26
4992	21
4993	29
4994	28
4995	28
4996	30
4997	29
4998	25
4999	30
5000	26
5001	29
5002	36
5003	28
5004	25
5005	37
5006	18
5007	21
5008	26
5009	29
5010	18
5011	27
5012	25
5013	35
5014	35
5015	30
5016	20
5017	22
5018	44
5019	23
5020	23
5021	34
5022	33
5023	23
5024	25
5025	21
5026	36
5027	27
5028	22
5029	21
5030	29
5031	23
5032	45
5033	18
5034	29
5035	28
5036	27
5037	28
5038	35
5039	29
5040	30
5041	25
5042	21
5043	29
5044	23
5045	31
5046	27
5047	28
5048	22
5049	25
5050	33
5051	31
5052	30
5053	29
5054	30
5055	16
5056	30
5057	26
5058	26
5059	28
5060	36
5061	23
5062	22
5063	27
5064	24
5065	32
5066	28
5067	36
5068	25
5069	25
5070	29
5071	33
5072	28
5073	18
5074	31
5075	25
5076	21
5077	24
5078	39
5079	33
5080	26
5081	27
5082	29
5083	38
5084	39
5085	26
5086	28
5087	34
5088	24
5089	31
5090	27
5091	23
5092	37
5093	31
5094	24
5095	31
5096	24
5097	31
5098	36
5099	24
5100	37
5101	36
5102	20
5103	27
5104	26
5105	33
5106	29
5107	23
5108	22
5109	33
5110	25
5111	28
5112	29
5113	23
5114	38
5115	37
5116	33
5117	39
5118	34
5119	33
5120	32
5121	31
5122	32
5123	31
5124	30
5125	33
5126	40
5127	35
5128	22
5129	20
5130	30
5131	32
5132	32
5133	27
5134	45
5135	35
5136	33
5137	26
5138	34
5139	30
5140	29
5141	25
5142	30
5143	23
5144	36
5145	28
5146	28
5147	21
5148	34
5149	30
5150	32
5151	29
5152	37
5153	32
5154	25
5155	29
5156	26
5157	24
5158	31
5159	24
5160	34
5161	40
5162	27
5163	27
5164	24
5165	23
5166	29
5167	31
5168	30
5169	37
5170	30
5171	33
5172	39
5173	32
5174	23
5175	34
5176	19
5177	26
5178	22
5179	38
5180	31
5181	30
5182	33
5183	18
5184	29
5185	26
5186	28
5187	36
5188	34
5189	30
5190	42
5191	35
5192	28
5193	34
5194	37
5195	24
5196	31
5197	29
5198	33
5199	32
5200	32
5201	34
5202	36
5203	27
5204	31
5205	37
5206	27
5207	34
5208	32
5209	26
5210	31
5211	26
5212	25
5213	36
5214	30
5215	36
5216	28
5217	29
5218	31
5219	27
5220	34
5221	30
5222	26
5223	32
5224	23
5225	22
5226	31
5227	21
5228	39
5229	28
5230	25
5231	27
5232	28
5233	34
5234	36
5235	26
5236	33
5237	25
5238	45
5239	34
5240	22
5241	36
5242	31
5243	35
5244	34
5245	36
5246	28
5247	31
5248	26
5249	30
5250	37
5251	30
5252	29
5253	33
5254	17
5255	35
5256	33
5257	34
5258	32
5259	30
5260	30
5261	33
5262	32
5263	41
5264	27
5265	44
5266	31
5267	26
5268	29
5269	28
5270	33
5271	35
5272	33
5273	33
5274	37
5275	41
5276	29
5277	34
5278	32
5279	41
5280	45
5281	36
5282	42
5283	33
5284	34
5285	33
5286	34
5287	42
5288	44
5289	21
5290	24
5291	30
5292	27
5293	36
5294	40
5295	31
5296	34
5297	35
5298	37
5299	40
5300	41
5301	30
5302	36
5303	42
5304	31
5305	27
5306	32
5307	37
5308	40
5309	39
5310	36
5311	41
5312	34
5313	30
5314	25
5315	37
5316	39
5317	34
5318	34
5319	25
5320	38
5321	36
5322	29
5323	32
5324	22
5325	34
5326	30
5327	35
5328	28
5329	33
5330	36
5331	35
5332	35
5333	33
5334	29
5335	42
5336	37
5337	38
5338	44
5339	39
5340	30
5341	44
5342	39
5343	35
5344	38
5345	27
5346	37
5347	35
5348	34
5349	41
5350	27
5351	32
5352	27
5353	44
5354	48
5355	29
5356	38
5357	42
5358	36
5359	33
5360	30
5361	40
5362	34
5363	22
5364	38
5365	35
5366	30
5367	22
5368	42
5369	25
5370	38
5371	30
5372	32
5373	40
5374	26
5375	36
5376	30
5377	34
5378	42
5379	33
5380	24
5381	34
5382	28
5383	31
5384	36
5385	30
5386	47
5387	24
5388	33
5389	30
5390	34
5391	28
5392	33
5393	37
5394	28
5395	23
5396	29
5397	37
5398	38
5399	52
5400	28
5401	37
5402	29
5403	38
5404	29
5405	24
5406	28
5407	30
5408	28
5409	29
5410	30
5411	34
5412	28
5413	31
5414	31
5415	32
5416	35
5417	25
5418	30
5419	32
5420	23
5421	28
5422	29
5423	45
5424	30
5425	41
5426	29
5427	23
5428	31
5429	35
5430	22
5431	26
5432	34
5433	26
5434	38
5435	30
5436	28
5437	30
5438	32
5439	22
5440	33
5441	26
5442	35
5443	25
5444	31
5445	21
5446	33
5447	37
5448	18
5449	24
5450	44
5451	34
5452	30
5453	24
5454	30
5455	33
5456	24
5457	25
5458	36
5459	29
5460	23
5461	33
5462	35
5463	26
5464	22
5465	24
5466	24
5467	21
5468	33
5469	26
5470	28
5471	18
5472	13
5473	26
5474	23
5475	26
5476	21
5477	29
5478	32
5479	22
5480	23
5481	28
5482	20
5483	29
5484	14
5485	20
5486	22
5487	29
5488	26
5489	22
5490	23
5491	21
5492	27
5493	22
5494	24
5495	14
5496	28
5497	22
5498	33
5499	23
5500	25
5501	22
5502	25
5503	25
5504	19
5505	32
5506	25
5507	20
5508	16
5509	22
5510	23
5511	24
5512	24
5513	31
5514	29
5515	21
5516	34
5517	27
5518	17
5519	24
5520	23
5521	22
5522	23
5523	22
5524	31
5525	22
5526	27
5527	21
5528	24
5529	24
5530	21
5531	23
5532	28
5533	33
5534	26
5535	22
5536	23
5537	24
5538	19
5539	27
5540	24
5541	18
5542	20
5543	18
5544	30
5545	23
5546	27
5547	21
5548	25
5549	25
5550	26
5551	22
5552	26
5553	13
5554	26
5555	18
5556	19
5557	31
5558	27
5559	17
5560	19
5561	19
5562	20
5563	22
5564	22
5565	23
5566	19
5567	28
5568	21
5569	32
5570	24
5571	12
5572	29
5573	21
5574	27
5575	18
5576	20
5577	23
5578	30
5579	15
5580	27
5581	18
5582	25
5583	22
5584	22
5585	27
5586	18
5587	23
5588	23
5589	23
5590	23
5591	18
5592	18
5593	27
5594	21
5595	25
5596	25
5597	31
5598	27
5599	27
5600	24
5601	30
5602	23
5603	19
5604	23
5605	21
5606	25
5607	23
5608	22
5609	21
5610	19
5611	21
5612	21
5613	16
5614	20
5615	26
5616	29
5617	13
5618	18
5619	16
5620	20
5621	23
5622	24
5623	30
5624	21
5625	24
5626	13
5627	22
5628	25
5629	23
5630	16
5631	21
5632	19
5633	22
5634	25
5635	22
5636	26
5637	23
5638	22
5639	19
5640	26
5641	19
5642	22
5643	18
5644	22
5645	28
5646	20
5647	15
5648	16
5649	21
5650	21
5651	17
5652	23
5653	18
5654	25
5655	26
5656	27
5657	15
5658	16
5659	16
5660	23
5661	17
5662	25
5663	34
5664	11
5665	33
5666	28
5667	23
5668	20
5669	27
5670	25
5671	22
5672	25
5673	24
5674	19
5675	20
5676	21
5677	15
5678	21
5679	21
5680	18
5681	18
5682	29
5683	32
5684	25
5685	22
5686	27
5687	23
5688	20
5689	20
5690	23
5691	24
5692	24
5693	20
5694	26
5695	23
5696	20
5697	14
5698	12
5699	30
5700	22
5701	30
5702	17
5703	13
5704	28
5705	24
5706	23
5707	24
5708	21
5709	23
5710	21
5711	26
5712	21
5713	28
5714	18
5715	19
5716	20
5717	18
5718	22
5719	16
5720	19
5721	19
5722	27
5723	23
5724	20
5725	18
5726	24
5727	23
5728	33
5729	27
5730	23
5731	20
5732	14
5733	14
5734	17
5735	24
5736	19
5737	19
5738	14
5739	23
5740	25
5741	27
5742	24
5743	31
5744	21
5745	28
5746	16
5747	22
5748	24
5749	23
5750	23
5751	21
5752	27
5753	15
5754	20
5755	14
5756	20
5757	24
5758	16
5759	17
5760	16
5761	22
5762	18
5763	22
5764	22
5765	26
5766	18
5767	30
5768	27
5769	25
5770	24
5771	19
5772	22
5773	27
5774	25
5775	26
5776	25
5777	29
5778	20
5779	23
5780	18
5781	28
5782	24
5783	22
5784	34
5785	19
5786	27
5787	21
5788	29
5789	22
5790	28
5791	33
5792	25
5793	27
5794	19
5795	27
5796	23
5797	23
5798	21
5799	28
5800	22
5801	23
5802	13
5803	19
5804	22
5805	17
5806	16
5807	20
5808	22
5809	20
5810	26
5811	21
5812	22
5813	25
5814	24
5815	18
5816	27
5817	13
5818	21
5819	18
5820	19
5821	25
5822	19
5823	18
5824	25
5825	15
5826	25
5827	26
5828	19
5829	17
5830	26
5831	21
5832	26
5833	22
5834	22
5835	29
5836	19
5837	26
5838	15
5839	19
5840	16
5841	20
5842	22
5843	26
5844	14
5845	20
5846	16
5847	28
5848	21
5849	31
5850	20
5851	19
5852	25
5853	18
5854	26
5855	18
5856	21
5857	21
5858	23
5859	25
5860	20
5861	14
5862	19
5863	15
5864	27
5865	19
5866	19
5867	22
5868	19
5869	15
5870	24
5871	25
5872	16
5873	25
5874	21
5875	24
5876	16
5877	18
5878	17
5879	24
5880	13
5881	17
5882	22
5883	25
5884	23
5885	19
5886	23
5887	16
5888	18
5889	18
5890	29
5891	20
5892	24
5893	17
5894	22
5895	14
5896	24
5897	30
5898	17
5899	18
5900	18
5901	25
5902	24
5903	15
5904	26
5905	20
5906	18
5907	17
5908	25
5909	17
5910	26
5911	22
5912	14
5913	24
5914	14
5915	14
5916	23
5917	22
5918	24
5919	26
5920	23
5921	18
5922	19
5923	16
5924	25
5925	16
5926	20
5927	18
5928	16
5929	20
5930	13
5931	19
5932	23
5933	26
5934	22
5935	21
5936	17
5937	16
5938	27
5939	26
5940	15
5941	19
5942	24
5943	16
5944	24
5945	22
5946	13
5947	23
5948	17
5949	20
5950	31
5951	18
5952	21
5953	24
5954	27
5955	20
5956	16
5957	15
5958	21
5959	25
5960	25
5961	20
5962	23
5963	16
5964	18
5965	14
5966	25
5967	20
5968	28
5969	31
5970	21
5971	28
5972	24
5973	20
5974	24
5975	25
5976	15
5977	27
5978	24
5979	22
5980	16
5981	16
5982	24
5983	17
5984	14
5985	23
5986	19
5987	23
5988	32
5989	19
5990	12
5991	14
5992	22
5993	24
5994	21
5995	21
5996	23
5997	23
5998	25
5999	26
6000	13
6001	24
6002	24
6003	26
6004	20
6005	24
6006	25
6007	32
6008	18
6009	15
6010	18
6011	28
6012	19
6013	25
6014	17
6015	27
6016	27
6017	16
6018	25
6019	27
6020	25
6021	24
6022	13
6023	19
6024	19
6025	30
6026	17
6027	20
6028	21
6029	17
6030	25
6031	24
6032	20
6033	30
6034	27
6035	24
6036	21
6037	29
6038	23
6039	30
6040	21
6041	21
6042	24
6043	18
6044	35
6045	17
6046	17
6047	15
6048	29
6049	25
6050	21
6051	24
6052	26
6053	15
6054	18
6055	25
6056	19
6057	26
6058	15
6059	19
6060	15
6061	22
6062	23
6063	23
6064	14
6065	15
6066	22
6067	17
6068	16
6069	25
6070	17
6071	23
6072	21
6073	18
6074	27
6075	19
6076	19
6077	19
6078	19
6079	22
6080	22
6081	22
6082	24
6083	28
6084	23
6085	19
6086	21
6087	27
6088	24
6089	29
6090	22
6091	28
6092	20
6093	13
6094	17
6095	21
6096	25
6097	27
6098	19
6099	18
6100	17
6101	27
6102	16
6103	27
6104	27
6105	25
6106	20
6107	22
6108	21
6109	19
6110	32
6111	27
6112	23
6113	20
6114	25
6115	15
6116	24
6117	14
6118	20
6119	26
6120	24
6121	14
6122	27
6123	24
6124	14
6125	18
6126	24
6127	26
6128	13
6129	21
6130	24
6131	21
6132	26
6133	18
6134	22
6135	22
6136	23
6137	23
6138	24
6139	22
6140	27
6141	23
6142	13
6143	20
6144	21
6145	19
6146	24
6147	23
6148	17
6149	23
6150	23
6151	20
6152	31
6153	26
6154	25
6155	23
6156	24
6157	16
6158	16
6159	25
6160	25
6161	25
6162	20
6163	17
6164	27
6165	25
6166	27
6167	17
6168	21
6169	31
6170	25
6171	17
6172	24
6173	24
6174	24
6175	24
6176	19
6177	16
6178	27
6179	20
6180	28
6181	20
6182	17
6183	35
6184	15
6185	26
6186	20
6187	19
6188	19
6189	26
6190	23
6191	23
6192	23
6193	22
6194	18
6195	20
6196	15
6197	28
6198	24
6199	16
6200	28
6201	19
6202	25
6203	27
6204	21
6205	17
6206	14
6207	25
6208	22
6209	24
6210	25
6211	19
6212	27
6213	19
6214	22
6215	28
6216	19
6217	24
6218	22
6219	31
6220	23
6221	20
6222	25
6223	18
6224	21
6225	20
6226	26
6227	16
6228	29
6229	16
6230	31
6231	18
6232	39
6233	22
6234	24
6235	27
6236	15
6237	17
6238	35
6239	18
6240	18
6241	22
6242	21
6243	29
6244	22
6245	16
6246	21
6247	30
6248	25
6249	29
6250	19
6251	23
6252	25
6253	27
6254	27
6255	26
6256	20
6257	18
6258	24
6259	28
6260	23
6261	13
6262	15
6263	18
6264	15
6265	26
6266	23
6267	15
6268	22
6269	26
6270	26
6271	22
6272	13
6273	23
6274	19
6275	20
6276	22
6277	13
6278	19
6279	29
6280	22
6281	20
6282	22
6283	25
6284	27
6285	25
6286	22
6287	20
6288	23
6289	21
6290	18
6291	23
6292	21
6293	20
6294	20
6295	20
6296	24
6297	17
6298	27
6299	18
6300	14
6301	17
6302	25
6303	16
6304	18
6305	16
6306	17
6307	16
6308	19
6309	16
6310	12
6311	11
6312	19
6313	22
6314	17
6315	19
6316	18
6317	16
6318	12
6319	12
6320	11
6321	16
6322	9
6323	10
6324	10
6325	14
6326	19
6327	14
6328	11
6329	20
6330	10
6331	15
6332	24
6333	10
6334	17
6335	15
6336	19
6337	17
6338	12
6339	15
6340	16
6341	14
6342	12
6343	15
6344	17
6345	16
6346	10
6347	20
6348	15
6349	8
6350	12
6351	20
6352	11
6353	16
6354	20
6355	15
6356	13
6357	13
6358	15
6359	20
6360	17
6361	17
6362	15
6363	14
6364	19
6365	17
6366	16
6367	9
6368	19
6369	12
6370	21
6371	15
6372	14
6373	14
6374	21
6375	9
6376	18
6377	16
6378	16
6379	15
6380	10
6381	9
6382	13
6383	13
6384	14
6385	19
6386	14
6387	18
6388	8
6389	13
6390	19
6391	14
6392	14
6393	17
6394	12
6395	15
6396	15
6397	16
6398	13
6399	14
6400	12
6401	10
6402	17
6403	16
6404	8
6405	13
6406	8
6407	10
6408	15
6409	15
6410	10
6411	22
6412	10
6413	15
6414	12
6415	14
6416	14
6417	17
6418	12
6419	10
6420	12
6421	10
6422	17
6423	10
6424	13
6425	8
6426	10
6427	11
6428	14
6429	10
6430	17
6431	10
6432	20
6433	6
6434	6
6435	17
6436	9
6437	13
6438	14
6439	14
6440	6
6441	9
6442	11
6443	15
6444	16
6445	13
6446	11
6447	19
6448	11
6449	18
6450	9
6451	13
6452	5
6453	16
6454	7
6455	10
6456	11
6457	11
6458	14
6459	7
6460	15
6461	16
6462	12
6463	12
6464	7
6465	10
6466	13
6467	15
6468	8
6469	12
6470	12
6471	17
6472	15
6473	12
6474	11
6475	4
6476	15
6477	12
6478	6
6479	18
6480	10
6481	12
6482	10
6483	15
6484	14
6485	13
6486	13
6487	15
6488	25
6489	16
6490	20
6491	20
6492	14
6493	13
6494	8
6495	10
6496	13
6497	10
6498	13
6499	10
6500	7
6501	11
6502	10
6503	13
6504	18
6505	9
6506	9
6507	8
6508	5
6509	11
6510	14
6511	12
6512	11
6513	13
6514	10
6515	14
6516	12
6517	16
6518	17
6519	13
6520	10
6521	11
6522	11
6523	12
6524	10
6525	14
6526	11
6527	13
6528	20
6529	19
6530	9
6531	16
6532	13
6533	9
6534	16
6535	11
6536	17
6537	13
6538	9
6539	16
6540	11
6541	9
6542	11
6543	16
6544	14
6545	20
6546	10
6547	15
6548	13
6549	12
6550	10
6551	10
6552	14
6553	11
6554	12
6555	13
6556	15
6557	6
6558	10
6559	12
6560	20
6561	19
6562	14
6563	9
6564	10
6565	11
6566	10
6567	11
6568	20
6569	16
6570	15
6571	10
6572	8
6573	12
6574	14
6575	15
6576	10
6577	12
6578	19
6579	14
6580	13
6581	20
6582	22
6583	27
6584	36
6585	30
6586	55
6587	63
6588	98
6589	115
6590	144
6591	211
6592	275
6593	299
6594	386
6595	510
6596	544
6597	634
6598	721
6599	754
6600	739
6601	786
6602	789
6603	765
6604	683
6605	557
6606	464
6607	400
6608	334
6609	258
6610	221
6611	132
6612	125
6613	72
6614	57
6615	56
6616	40
6617	33
6618	21
6619	13
6620	18
6621	14
6622	15
6623	15
6624	11
6625	9
6626	16
6627	13
6628	12
6629	9
6630	9
6631	6
6632	12
6633	3
6634	7
6635	19
6636	5
6637	16
6638	6
6639	10
6640	5
6641	14
6642	7
6643	10
6644	12
6645	7
6646	9
6647	11
6648	2
6649	8
6650	7
6651	12
6652	8
6653	17
6654	10
6655	4
6656	10
6657	5
6658	8
6659	5
6660	4
6661	7
6662	11
6663	6
6664	6
6665	15
6666	5
6667	9
6668	4
6669	10
6670	5
6671	11
6672	5
6673	7
6674	3
6675	8
6676	6
6677	6
6678	9
6679	5
6680	4
6681	3
6682	4
6683	14
6684	7
6685	9
6686	12
6687	9
6688	7
6689	9
6690	8
6691	6
6692	5
6693	5
6694	11
6695	10
6696	8
6697	9
6698	9
6699	7
6700	5
6701	8
6702	7
6703	4
6704	11
6705	2
6706	8
6707	8
6708	7
6709	10
6710	5
6711	5
6712	5
6713	4
6714	9
6715	13
6716	13
6717	4
6718	9
6719	11
6720	13
6721	4
6722	6
6723	5
6724	10
6725	12
6726	1
6727	7
6728	4
6729	8
6730	6
6731	8
6732	7
6733	9
6734	8
6735	10
6736	6
6737	3
6738	5
6739	5
6740	5
6741	7
6742	5
6743	1
6744	8
6745	5
6746	7
6747	7
6748	13
6749	5
6750	7
6751	3
6752	4
6753	7
6754	11
6755	3
6756	9
6757	8
6758	7
6759	5
6760	3
6761	9
6762	4
6763	10
6764	8
6765	3
6766	7
6767	5
6768	4
6769	9
6770	8
6771	3
6772	6
6773	6
6774	9
6775	8
6776	3
6777	3
6778	2
6779	4
6780	4
6781	4
6782	6
6783	5
6784	5
6785	0
6786	7
6787	2
6788	11
6789	13
6790	3
6791	6
6792	5
6793	6
6794	5
6795	3
6796	5
6797	5
6798	8
6799	4
6800	6
6801	1
6802	7
6803	1
6804	3
6805	5
6806	5
6807	9
6808	7
6809	4
6810	4
6811	9
6812	13
6813	5
6814	5
6815	8
6816	5
6817	8
6818	8
6819	4
6820	7
6821	4
6822	5
6823	11
6824	5
6825	6
6826	3
6827	9
6828	2
6829	8
6830	7
6831	7
6832	5
6833	3
6834	4
6835	5
6836	3
6837	4
6838	8
6839	4
6840	4
6841	3
6842	5
6843	3
6844	7
6845	6
6846	3
6847	2
6848	5
6849	9
6850	6
6851	8
6852	4
6853	7
6854	3
6855	3
6856	6
6857	6
6858	5
6859	2
6860	3
6861	5
6862	5
6863	2
6864	2
6865	7
6866	4
6867	2
6868	6
6869	10
6870	6
6871	2
6872	9
6873	6
6874	5
6875	5
6876	4
6877	2
6878	7
6879	6
6880	6
6881	5
6882	4
6883	1
6884	4
6885	7
6886	10
6887	1
6888	5
6889	6
6890	5
6891	6
6892	1
6893	4
6894	8
6895	5
6896	6
6897	6
6898	7
6899	3
6900	5
6901	3
6902	3
6903	3
6904	4
6905	1
6906	8
6907	8
6908	7
6909	4
6910	3
6911	6
6912	3
6913	7
6914	0
6915	4
6916	4
6917	4
6918	4
6919	4
6920	5
6921	3
6922	4
6923	3
6924	4
6925	8
6926	1
6927	2
6928	7
6929	4
6930	7
6931	5
6932	4
6933	1
6934	6
6935	4
6936	3
6937	5
6938	8
6939	3
6940	4
6941	4
6942	1
6943	4
6944	5
6945	2
6946	1
6947	3
6948	4
6949	6
6950	7
6951	7
6952	5
6953	6
6954	5
6955	9
6956	4
6957	3
6958	7
6959	2
6960	1
6961	3
6962	2
6963	4
6964	5
6965	3
6966	10
6967	8
6968	7
6969	4
6970	4
6971	7
6972	3
6973	6
6974	2
6975	3
6976	3
6977	5
6978	5
6979	6
6980	0
6981	1
6982	3
6983	1
6984	2
6985	10
6986	2
6987	3
6988	4
6989	3
6990	5
6991	3
6992	7
6993	4
6994	7
6995	9
6996	2
6997	4
6998	4
6999	2
7000	6
7001	6
7002	2
7003	0
7004	3
7005	1
7006	5
7007	3
7008	3
7009	1
7010	5
7011	2
7012	3
7013	9
7014	3
7015	4
7016	5
7017	1
7018	4
7019	8
7020	2
7021	1
7022	6
7023	6
7024	3
7025	3
7026	7
7027	3
7028	5
7029	5
7030	9
7031	4
7032	1
7033	5
7034	6
7035	3
7036	5
7037	3
7038	4
7039	8
7040	6
7041	3
7042	3
7043	3
7044	5
7045	3
7046	7
7047	3
7048	7
7049	4
7050	6
7051	7
7052	1
7053	3
7054	3
7055	1
7056	6
7057	1
7058	4
7059	4
7060	6
7061	2
7062	7
7063	4
7064	4
7065	1
7066	3
7067	5
7068	6
7069	1
7070	2
7071	6
7072	4
7073	3
7074	5
7075	2
7076	0
7077	4
7078	6
7079	4
7080	0
7081	4
7082	1
7083	3
7084	6
7085	4
7086	0
7087	4
7088	4
7089	8
7090	1
7091	5
7092	6
7093	2
7094	4
7095	1
7096	6
7097	5
7098	4
7099	3
7100	2
7101	3
7102	1
7103	2
7104	4
7105	2
7106	1
7107	8
7108	4
7109	6
7110	4
7111	4
7112	4
7113	4
7114	4
7115	2
7116	5
7117	4
7118	5
7119	2
7120	3
7121	3
7122	3
7123	5
7124	6
7125	5
7126	4
7127	2
7128	1
7129	3
7130	4
7131	5
7132	2
7133	3
7134	4
7135	4
7136	3
7137	3
7138	3
7139	3
7140	3
7141	3
7142	1
7143	6
7144	10
7145	1
7146	2
7147	3
7148	2
7149	2
7150	3
7151	3
7152	2
7153	2
7154	3
7155	3
7156	2
7157	4
7158	3
7159	2
7160	3
7161	2
7162	3
7163	6
7164	6
7165	3
7166	2
7167	1
7168	4
7169	4
7170	4
7171	1
7172	4
7173	6
7174	2
7175	2
7176	3
7177	3
7178	3
7179	6
7180	4
7181	3
7182	3
7183	2
7184	4
7185	2
7186	3
7187	2
7188	3
7189	0
7190	1
7191	0
7192	2
7193	5
7194	1
7195	1
7196	5
7197	4
7198	3
7199	1
7200	2
7201	4
7202	6
7203	5
7204	3
7205	2
7206	1
7207	2
7208	4
7209	3
7210	1
7211	2
7212	8
7213	3
7214	5
7215	2
7216	3
7217	0
7218	5
7219	2
7220	1
7221	1
7222	3
7223	5
7224	1
7225	3
7226	2
7227	5
7228	4
7229	1
7230	2
7231	5
7232	2
7233	7
7234	3
7235	1
7236	2
7237	2
7238	6
7239	0
7240	6
7241	6
7242	1
7243	2
7244	4
7245	2
7246	4
7247	2
7248	5
7249	1
7250	2
7251	1
7252	0
7253	1
7254	1
7255	1
7256	3
7257	2
7258	3
7259	1
7260	2
7261	4
7262	2
7263	1
7264	3
7265	2
7266	3
7267	3
7268	1
7269	2
7270	2
7271	1
7272	4
7273	1
7274	2
7275	2
7276	2
7277	2
7278	2
7279	3
7280	3
7281	0
7282	3
7283	4
7284	2
7285	4
7286	3
7287	4
7288	2
7289	2
7290	3
7291	4
7292	6
7293	1
7294	1
7295	2
7296	4
7297	2
7298	3
7299	2
7300	1
7301	2
7302	4
7303	2
7304	2
7305	2
7306	1
7307	2
7308	4
7309	4
7310	5
7311	0
7312	2
7313	5
7314	1
7315	3
7316	2
7317	4
7318	7
7319	3
7320	1
7321	3
7322	3
7323	1
7324	4
7325	0
7326	1
7327	4
7328	4
7329	2
7330	3
7331	3
7332	4
7333	2
7334	4
7335	2
7336	1
7337	2
7338	0
7339	0
7340	3
7341	3
7342	2
7343	3
7344	3
7345	3
7346	0
7347	3
7348	3
7349	6
7350	5
7351	4
7352	0
7353	6
7354	0
7355	4
7356	5
7357	1
7358	2
7359	5
7360	3
7361	1
7362	2
7363	4
7364	2
7365	3
7366	2
7367	1
7368	3
7369	1
7370	0
7371	3
7372	1
7373	4
7374	0
7375	0
7376	6
7377	2
7378	3
7379	0
7380	4
7381	4
7382	4
7383	1
7384	2
7385	1
7386	3
7387	1
7388	4
7389	2
7390	2
7391	6
7392	3
7393	1
7394	5
7395	1
7396	1
7397	4
7398	5
7399	8
7400	6
7401	4
7402	4
7403	2
7404	5
7405	3
7406	0
7407	3
7408	2
7409	3
7410	2
7411	1
7412	5
7413	3
7414	2
7415	7
7416	7
7417	3
7418	3
7419	3
7420	5
7421	5
7422	4
7423	3
7424	1
7425	1
7426	1
7427	4
7428	4
7429	1
7430	2
7431	8
7432	3
7433	1
7434	2
7435	2
7436	3
7437	5
7438	5
7439	8
7440	7
7441	2
7442	4
7443	4
7444	6
7445	6
7446	4
7447	0
7448	3
7449	2
7450	3
7451	7
7452	8
7453	5
7454	5
7455	2
7456	3
7457	2
7458	6
7459	4
7460	5
7461	4
7462	6
7463	4
7464	3
7465	3
7466	2
7467	6
7468	4
7469	3
7470	4
7471	8
7472	7
7473	8
7474	0
7475	2
7476	8
7477	7
7478	6
7479	10
7480	8
7481	8
7482	9
7483	20
7484	25
7485	41
7486	53
7487	68
7488	81
7489	110
7490	178
7491	209
7492	282
7493	373
7494	409
7495	543
7496	596
7497	644
7498	660
7499	709
7500	742
7501	701
7502	651
7503	596
7504	500
7505	458
7506	350
7507	266
7508	238
7509	138
7510	129
7511	98
7512	58
7513	47
7514	23
7515	22
7516	17
7517	14
7518	13
7519	10
7520	11
7521	2
7522	4
7523	4
7524	5
7525	2
7526	1
7527	1
7528	1
7529	2
7530	3
7531	2
7532	1
7533	3
7534	1
7535	2
7536	1
7537	1
7538	0
7539	1
7540	1
7541	3
7542	2
7543	3
7544	0
7545	1
7546	0
7547	2
7548	1
7549	2
7550	0
7551	2
7552	2
7553	1
7554	1
7555	0
7556	2
7557	0
7558	2
7559	1
7560	1
7561	0
7562	1
7563	0
7564	0
7565	0
7566	0
7567	2
7568	0
7569	0
7570	2
7571	1
7572	1
7573	1
7574	1
7575	2
7576	0
7577	0
7578	0
7579	1
7580	0
7581	1
7582	0
7583	0
7584	0
7585	0
7586	0
7587	1
7588	0
7589	1
7590	3
7591	1
7592	0
7593	3
7594	0
7595	0
7596	2
7597	2
7598	1
7599	1
7600	0
7601	2
7602	0
7603	2
7604	0
7605	2
7606	1
7607	1
7608	0
7609	0
7610	0
7611	0
7612	0
7613	1
7614	2
7615	0
7616	1
7617	1
7618	0
7619	2
7620	0
7621	1
7622	1
7623	1
7624	1
7625	1
7626	0
7627	1
7628	3
7629	0
7630	0
7631	0
7632	3
7633	1
7634	2
7635	0
7636	1
7637	1
7638	2
7639	1
7640	1
7641	0
7642	0
7643	1
7644	1
7645	1
7646	0
7647	0
7648	0
7649	1
7650	0
7651	0
7652	1
7653	1
7654	0
7655	0
7656	1
7657	0
7658	0
7659	1
7660	0
7661	0
7662	1
7663	0
7664	1
7665	1
7666	2
7667	0
7668	0
7669	0
7670	0
7671	0
7672	0
7673	0
7674	0
7675	1
7676	0
7677	0
7678	1
7679	0
7680	0
7681	0
7682	0
7683	4
7684	0
7685	2
7686	0
7687	0
7688	0
7689	1
7690	0
7691	0
7692	0
7693	2
7694	0
7695	1
7696	1
7697	0
7698	0
7699	1
7700	0
7701	3
7702	1
7703	1
7704	2
7705	0
7706	1
7707	1
7708	0
7709	0
7710	1
7711	0
7712	0
7713	0
7714	0
7715	0
7716	0
7717	1
7718	0
7719	1
7720	1
7721	0
7722	0
7723	0
7724	0
7725	0
7726	1
7727	0
7728	1
7729	0
7730	0
7731	0
7732	0
7733	3
7734	0
7735	2
7736	0
7737	0
7738	0
7739	0
7740	1
7741	1
7742	1
7743	0
7744	1
7745	1
7746	0
7747	1
7748	1
7749	1
7750	2
7751	1
7752	2
7753	1
7754	0
7755	1
7756	1
7757	1
7758	1
7759	1
7760	0
7761	0
7762	0
7763	0
7764	2
7765	1
7766	0
7767	0
7768	1
7769	0
7770	1
7771	0
7772	2
7773	2
7774	1
7775	0
7776	1
7777	1
7778	1
7779	0
7780	0
7781	0
7782	0
7783	0
7784	2
7785	1
7786	0
7787	1
7788	2
7789	3
7790	0
7791	0
7792	0
7793	0
7794	0
7795	0
7796	0
7797	1
7798	1
7799	0
7800	1
7801	2
7802	2
7803	0
7804	0
7805	1
7806	0
7807	0
7808	2
7809	0
7810	1
7811	1
7812	0
7813	1
7814	1
7815	2
7816	2
7817	0
7818	0
7819	2
7820	0
7821	0
7822	1
7823	0
7824	0
7825	0
7826	1
7827	0
7828	0
7829	1
7830	0
7831	0
7832	0
7833	0
7834	1
7835	0
7836	0
7837	0
7838	0
7839	0
7840	2
7841	2
7842	0
7843	0
7844	0
7845	0
7846	0
7847	0
7848	1
7849	0
7850	2
7851	0
7852	0
7853	0
7854	1
7855	0
7856	0
7857	0
7858	0
7859	0
7860	0
7861	1
7862	1
7863	0
7864	1
7865	0
7866	0
7867	0
7868	0
7869	1
7870	1
7871	0
7872	2
7873	1
7874	0
7875	0
7876	1
7877	0
7878	1
7879	0
7880	0
7881	0
7882	0
7883	0
7884	2
7885	1
7886	1
7887	0
7888	0
7889	4
7890	0
7891	1
7892	2
7893	0
7894	0
7895	1
7896	1
7897	0
7898	1
7899	2
7900	0
7901	0
7902	1
7903	2
7904	0
7905	0
7906	2
7907	0
7908	1
7909	1
7910	0
7911	0
7912	3
7913	1
7914	0
7915	1
7916	1
7917	0
7918	0
7919	0
7920	0
7921	0
7922	0
7923	0
7924	1
7925	1
7926	1
7927	0
7928	1
7929	1
7930	0
7931	2
7932	0
7933	1
7934	1
7935	2
7936	0
7937	0
7938	1
7939	1
7940	1
7941	0
7942	0
7943	1
7944	0
7945	0
7946	2
7947	2
7948	1
7949	1
7950	0
7951	0
7952	0
7953	1
7954	1
7955	1
7956	1
7957	1
7958	1
7959	1
7960	0
7961	1
7962	1
7963	1
7964	0
7965	1
7966	1
7967	0
7968	0
7969	1
7970	1
7971	0
7972	1
7973	0
7974	2
7975	0
7976	1
7977	0
7978	1
7979	1
7980	1
7981	1
7982	2
7983	0
7984	1
7985	1
7986	0
7987	2
7988	0
7989	0
7990	1
7991	0
7992	0
7993	0
7994	0
7995	0
7996	1
7997	0
7998	1
7999	0
8000	1
8001	0
8002	2
8003	0
8004	0
8005	0
8006	0
8007	0
8008	0
8009	0
8010	0
8011	0
8012	0
8013	2
8014	0
8015	0
8016	0
8017	1
8018	2
8019	1
8020	0
8021	1
8022	0
8023	3
8024	0
8025	0
8026	0
8027	0
8028	1
8029	0
8030	2
8031	0
8032	0
8033	1
8034	0
8035	0
8036	0
8037	0
8038	1
8039	0
8040	0
8041	0
8042	2
8043	0
8044	1
8045	0
8046	0
8047	0
8048	2
8049	0
8050	0
8051	1
8052	0
8053	0
8054	2
8055	1
8056	0
8057	0
8058	2
8059	0
8060	0
8061	0
8062	0
8063	0
8064	0
8065	1
8066	1
8067	0
8068	0
8069	0
8070	0
8071	0
8072	1
8073	1
8074	0
8075	1
8076	1
8077	0
8078	0
8079	0
8080	0
8081	1
8082	1
8083	2
8084	0
8085	1
8086	1
8087	0
8088	0
8089	0
8090	0
8091	0
8092	0
8093	0
8094	1
8095	0
8096	1
8097	0
8098	0
8099	0
8100	0
8101	0
8102	0
8103	0
8104	1
8105	0
8106	0
8107	0
8108	0
8109	0
8110	0
8111	0
8112	0
8113	0
8114	0
8115	0
8116	0
8117	0
8118	0
8119	0
8120	0
8121	0
8122	0
8123	0
8124	0
8125	0
8126	0
8127	0
8128	0
8129	0
8130	0
8131	0
8132	0
8133	0
8134	0
8135	0
8136	0
8137	0
8138	0
8139	0
8140	0
8141	0
8142	0
8143	0
8144	0
8145	0
8146	0
8147	0
8148	0
8149	0
8150	0
8151	0
8152	0
8153	0
8154	0
8155	0
8156	0
8157	0
8158	0
8159	0
8160	0
8161	0
8162	0
8163	0
8164	0
8165	0
8166	0
8167	0
8168	0
8169	0
8170	0
8171	0
8172	0
8173	0
8174	0
8175	0
8176	0
8177	0
8178	0
8179	0
8180	0
8181	0
8182	0
8183	0
8184	0
8185	0
8186	0
8187	0
8188	0
8189	0
8190	0
8191	0
