0	0
1	0
2	0
3	0
4	0
5	0
6	0
7	0
8	0
9	0
10	0
11	0
12	0
13	0
14	0
15	0
16	0
17	0
18	0
19	0
20	0
21	0
22	0
23	0
24	0
25	0
26	0
27	0
28	0
29	0
30	0
31	0
32	0
33	0
34	0
35	0
36	0
37	0
38	0
39	0
40	0
41	0
42	0
43	0
44	0
45	0
46	0
47	0
48	0
49	0
50	0
51	0
52	0
53	0
54	0
55	0
56	0
57	0
58	0
59	0
60	0
61	0
62	0
63	0
64	0
65	1
66	5
67	51
68	507
69	2077
70	4519
71	5872
72	5927
73	5195
74	4318
75	3664
76	3265
77	2791
78	2682
79	2560
80	2464
81	2536
82	2407
83	2341
84	2259
85	2234
86	2223
87	2122
88	2069
89	2057
90	2065
91	1988
92	1901
93	1958
94	1822
95	1948
96	1931
97	1928
98	1878
99	1946
100	1868
101	1878
102	1927
103	1899
104	1800
105	1813
106	1880
107	1900
108	1911
109	1802
110	1826
111	1785
112	1814
113	1812
114	1783
115	1738
116	1838
117	1750
118	1744
119	1790
120	1741
121	1673
122	1741
123	1815
124	1690
125	1781
126	1709
127	1748
128	1639
129	1719
130	1657
131	1589
132	1645
133	1676
134	1708
135	1625
136	1639
137	1666
138	1596
139	1605
140	1582
141	1627
142	1621
143	1699
144	1621
145	1612
146	1671
147	1629
148	1612
149	1494
150	1548
151	1531
152	1538
153	1638
154	1655
155	1615
156	1652
157	1544
158	1505
159	1519
160	1573
161	1574
162	1466
163	1513
164	1563
165	1476
166	1525
167	1554
168	1438
169	1436
170	1495
171	1491
172	1540
173	1506
174	1493
175	1492
176	1491
177	1421
178	1530
179	1402
180	1489
181	1494
182	1510
183	1474
184	1447
185	1430
186	1449
187	1406
188	1415
189	1446
190	1449
191	1459
192	1449
193	1438
194	1437
195	1451
196	1492
197	1452
198	1453
199	1463
200	1438
201	1476
202	1437
203	1449
204	1427
205	1410
206	1372
207	1347
208	1350
209	1303
210	1317
211	1312
212	1365
213	1346
214	1280
215	1352
216	1295
217	1318
218	1298
219	1234
220	1303
221	1301
222	1208
223	1316
224	1349
225	1259
226	1309
227	1312
228	1286
229	1320
230	1297
231	1312
232	1309
233	1262
234	1370
235	1333
236	1302
237	1300
238	1255
239	1283
240	1183
241	1214
242	1141
243	1253
244	1184
245	1048
246	1247
247	1219
248	1197
249	1221
250	1154
251	1191
252	1162
253	1133
254	1104
255	1174
256	1159
257	1131
258	1140
259	1138
260	1162
261	1175
262	1161
263	1073
264	1100
265	1157
266	1125
267	1130
268	1106
269	1110
270	1069
271	1065
272	1063
273	1043
274	1074
275	1123
276	1149
277	1012
278	1052
279	1027
280	1112
281	1098
282	1055
283	1061
284	1071
285	1039
286	992
287	1090
288	1027
289	1054
290	1079
291	1080
292	1068
293	1048
294	1007
295	1003
296	939
297	1061
298	1012
299	1065
300	1062
301	1023
302	1063
303	1020
304	1074
305	1021
306	983
307	1063
308	1005
309	1029
310	1014
311	1007
312	1049
313	1007
314	1075
315	1058
316	991
317	1019
318	966
319	1034
320	993
321	1008
322	1026
323	998
324	981
325	1017
326	974
327	967
328	969
329	999
330	1005
331	1037
332	1019
333	965
334	966
335	948
336	967
337	977
338	1031
339	936
340	995
341	997
342	1062
343	1088
344	950
345	952
346	937
347	967
348	934
349	980
350	1008
351	1025
352	992
353	974
354	914
355	977
356	967
357	965
358	1018
359	973
360	1013
361	951
362	981
363	1012
364	1058
365	1008
366	1016
367	956
368	1000
369	1042
370	927
371	1000
372	992
373	1018
374	963
375	941
376	981
377	972
378	951
379	1012
380	1030
381	983
382	969
383	1057
384	1024
385	986
386	1025
387	1028
388	1041
389	1019
390	1017
391	1032
392	1064
393	1111
394	1064
395	1062
396	1058
397	1057
398	1009
399	1033
400	1080
401	1009
402	1072
403	1011
404	1019
405	1009
406	1040
407	989
408	1051
409	1012
410	1023
411	1060
412	1062
413	1016
414	1070
415	1049
416	1038
417	1046
418	1014
419	1060
420	981
421	1048
422	995
423	1015
424	1033
425	1037
426	976
427	1052
428	1030
429	1014
430	1054
431	1020
432	1082
433	1079
434	1087
435	1081
436	1099
437	1115
438	1117
439	1161
440	1105
441	1127
442	1119
443	1152
444	1235
445	1131
446	1213
447	1226
448	1270
449	1274
450	1184
451	1201
452	1261
453	1267
454	1256
455	1259
456	1310
457	1292
458	1318
459	1361
460	1243
461	1254
462	1322
463	1261
464	1240
465	1318
466	1246
467	1298
468	1315
469	1259
470	1279
471	1282
472	1267
473	1217
474	1258
475	1205
476	1209
477	1243
478	1281
479	1223
480	1255
481	1245
482	1225
483	1253
484	1254
485	1220
486	1225
487	1207
488	1142
489	1245
490	1233
491	1151
492	1261
493	1147
494	1212
495	1236
496	1293
497	1198
498	1142
499	1247
500	1179
501	1210
502	1156
503	1178
504	1177
505	1188
506	1220
507	1211
508	1211
509	1212
510	1181
511	1190
512	1213
513	1193
514	1238
515	1175
516	1208
517	1271
518	1147
519	1205
520	1161
521	1189
522	1172
523	1193
524	1164
525	1198
526	1208
527	1194
528	1189
529	1162
530	1181
531	1189
532	1148
533	1091
534	1241
535	1140
536	1167
537	1211
538	1224
539	1227
540	1178
541	1270
542	1224
543	1170
544	1176
545	1162
546	1187
547	1177
548	1202
549	1180
550	1183
551	1220
552	1257
553	1160
554	1186
555	1167
556	1188
557	1268
558	1230
559	1226
560	1233
561	1203
562	1205
563	1176
564	1175
565	1190
566	1216
567	1212
568	1195
569	1185
570	1226
571	1203
572	1228
573	1108
574	1320
575	1213
576	1174
577	1186
578	1182
579	1200
580	1220
581	1207
582	1243
583	1206
584	1222
585	1226
586	1227
587	1209
588	1206
589	1239
590	1183
591	1296
592	1251
593	1160
594	1279
595	1237
596	1261
597	1189
598	1191
599	1223
600	1283
601	1194
602	1239
603	1267
604	1272
605	1231
606	1257
607	1250
608	1247
609	1258
610	1241
611	1219
612	1240
613	1235
614	1192
615	1220
616	1236
617	1211
618	1192
619	1250
620	1237
621	1247
622	1273
623	1234
624	1237
625	1264
626	1204
627	1256
628	1229
629	1238
630	1248
631	1273
632	1261
633	1259
634	1158
635	1246
636	1294
637	1373
638	1299
639	1263
640	1313
641	1349
642	1348
643	1375
644	1394
645	1458
646	1525
647	1696
648	1790
649	2054
650	2369
651	2827
652	3322
653	4111
654	4934
655	6043
656	7393
657	8812
658	10476
659	12066
660	13654
661	15089
662	16296
663	16884
664	16916
665	16476
666	15449
667	13880
668	12187
669	10710
670	8953
671	7516
672	6438
673	5422
674	4683
675	4108
676	3690
677	3496
678	3044
679	2859
680	2476
681	2380
682	2230
683	2003
684	1986
685	1819
686	1649
687	1537
688	1596
689	1342
690	1318
691	1307
692	1258
693	1256
694	1158
695	1069
696	1017
697	1062
698	962
699	999
700	1027
701	983
702	1063
703	998
704	1000
705	1040
706	885
707	979
708	961
709	912
710	965
711	888
712	932
713	881
714	894
715	925
716	919
717	906
718	889
719	860
720	907
721	860
722	905
723	885
724	832
725	836
726	893
727	875
728	845
729	877
730	876
731	853
732	882
733	833
734	835
735	830
736	778
737	813
738	866
739	809
740	869
741	887
742	898
743	773
744	808
745	897
746	860
747	867
748	875
749	797
750	833
751	773
752	764
753	845
754	842
755	823
756	820
757	823
758	798
759	817
760	813
761	841
762	786
763	864
764	831
765	848
766	808
767	809
768	865
769	798
770	826
771	823
772	848
773	842
774	806
775	765
776	804
777	815
778	762
779	811
780	857
781	794
782	757
783	803
784	840
785	816
786	840
787	844
788	840
789	846
790	793
791	831
792	852
793	812
794	896
795	830
796	910
797	855
798	848
799	832
800	844
801	826
802	888
803	845
804	900
805	852
806	866
807	861
808	840
809	899
810	906
811	922
812	893
813	934
814	949
815	885
816	918
817	862
818	891
819	876
820	851
821	911
822	918
823	934
824	873
825	898
826	844
827	911
828	912
829	833
830	905
831	888
832	892
833	889
834	879
835	879
836	898
837	911
838	902
839	907
840	922
841	885
842	867
843	892
844	831
845	901
846	860
847	817
848	867
849	830
850	858
851	853
852	852
853	823
854	902
855	848
856	886
857	813
858	885
859	818
860	847
861	890
862	847
863	843
864	841
865	807
866	873
867	835
868	910
869	834
870	814
871	869
872	827
873	821
874	861
875	829
876	823
877	879
878	883
879	883
880	864
881	877
882	863
883	855
884	821
885	846
886	932
887	865
888	864
889	864
890	847
891	864
892	839
893	888
894	808
895	853
896	845
897	790
898	866
899	847
900	867
901	866
902	830
903	848
904	827
905	855
906	829
907	836
908	838
909	826
910	831
911	855
912	810
913	808
914	808
915	831
916	810
917	836
918	816
919	864
920	848
921	818
922	822
923	820
924	825
925	814
926	825
927	825
928	835
929	766
930	844
931	809
932	821
933	840
934	851
935	792
936	827
937	844
938	803
939	793
940	808
941	833
942	769
943	791
944	798
945	799
946	847
947	816
948	802
949	779
950	788
951	790
952	813
953	853
954	756
955	772
956	804
957	782
958	748
959	808
960	785
961	830
962	798
963	805
964	868
965	831
966	820
967	790
968	832
969	823
970	829
971	783
972	817
973	820
974	778
975	825
976	820
977	840
978	773
979	848
980	754
981	794
982	806
983	834
984	739
985	814
986	818
987	749
988	766
989	838
990	755
991	792
992	751
993	742
994	825
995	797
996	783
997	790
998	791
999	786
1000	790
1001	798
1002	768
1003	794
1004	801
1005	785
1006	789
1007	780
1008	807
1009	778
1010	796
1011	785
1012	827
1013	838
1014	764
1015	770
1016	734
1017	770
1018	822
1019	763
1020	823
1021	842
1022	805
1023	791
1024	836
1025	853
1026	809
1027	758
1028	826
1029	843
1030	788
1031	805
1032	775
1033	781
1034	846
1035	849
1036	733
1037	856
1038	771
1039	768
1040	806
1041	792
1042	801
1043	782
1044	757
1045	765
1046	796
1047	773
1048	812
1049	776
1050	776
1051	797
1052	797
1053	771
1054	747
1055	751
1056	831
1057	866
1058	819
1059	802
1060	780
1061	743
1062	799
1063	812
1064	786
1065	818
1066	823
1067	776
1068	835
1069	768
1070	788
1071	799
1072	795
1073	810
1074	792
1075	777
1076	772
1077	759
1078	783
1079	728
1080	688
1081	806
1082	810
1083	714
1084	761
1085	792
1086	747
1087	708
1088	726
1089	753
1090	745
1091	783
1092	749
1093	700
1094	738
1095	750
1096	706
1097	687
1098	727
1099	752
1100	719
1101	685
1102	720
1103	709
1104	702
1105	706
1106	711
1107	663
1108	726
1109	721
1110	737
1111	738
1112	751
1113	675
1114	730
1115	730
1116	694
1117	743
1118	716
1119	704
1120	715
1121	679
1122	651
1123	667
1124	705
1125	689
1126	644
1127	705
1128	656
1129	711
1130	669
1131	652
1132	644
1133	695
1134	703
1135	685
1136	696
1137	701
1138	703
1139	724
1140	665
1141	714
1142	638
1143	721
1144	676
1145	711
1146	700
1147	694
1148	683
1149	729
1150	665
1151	751
1152	707
1153	651
1154	626
1155	629
1156	681
1157	650
1158	713
1159	697
1160	720
1161	656
1162	755
1163	675
1164	691
1165	675
1166	655
1167	654
1168	694
1169	667
1170	683
1171	698
1172	666
1173	688
1174	646
1175	627
1176	644
1177	650
1178	684
1179	692
1180	680
1181	662
1182	629
1183	612
1184	668
1185	643
1186	624
1187	653
1188	653
1189	613
1190	666
1191	645
1192	644
1193	667
1194	682
1195	632
1196	654
1197	646
1198	593
1199	642
1200	626
1201	680
1202	675
1203	674
1204	628
1205	596
1206	665
1207	644
1208	581
1209	641
1210	609
1211	642
1212	626
1213	626
1214	632
1215	593
1216	582
1217	623
1218	623
1219	616
1220	633
1221	613
1222	614
1223	627
1224	664
1225	616
1226	670
1227	650
1228	665
1229	591
1230	595
1231	607
1232	596
1233	663
1234	575
1235	620
1236	640
1237	600
1238	559
1239	575
1240	673
1241	604
1242	617
1243	575
1244	567
1245	601
1246	594
1247	576
1248	624
1249	633
1250	643
1251	573
1252	615
1253	593
1254	578
1255	577
1256	589
1257	628
1258	579
1259	604
1260	639
1261	572
1262	599
1263	572
1264	571
1265	577
1266	578
1267	593
1268	640
1269	601
1270	590
1271	619
1272	552
1273	585
1274	551
1275	570
1276	605
1277	568
1278	549
1279	589
1280	594
1281	536
1282	578
1283	592
1284	569
1285	558
1286	608
1287	582
1288	519
1289	565
1290	570
1291	533
1292	602
1293	575
1294	645
1295	550
1296	594
1297	608
1298	546
1299	530
1300	575
1301	566
1302	554
1303	596
1304	545
1305	569
1306	577
1307	560
1308	539
1309	512
1310	624
1311	577
1312	575
1313	531
1314	580
1315	576
1316	555
1317	568
1318	546
1319	560
1320	583
1321	538
1322	556
1323	562
1324	577
1325	566
1326	585
1327	519
1328	545
1329	550
1330	525
1331	516
1332	556
1333	562
1334	566
1335	546
1336	557
1337	577
1338	561
1339	609
1340	615
1341	662
1342	696
1343	738
1344	834
1345	926
1346	1086
1347	1270
1348	1446
1349	1734
1350	1966
1351	2277
1352	2687
1353	2981
1354	3293
1355	3674
1356	3753
1357	3938
1358	3768
1359	3606
1360	3356
1361	2999
1362	2692
1363	2337
1364	1980
1365	1689
1366	1512
1367	1381
1368	1224
1369	1129
1370	1047
1371	964
1372	970
1373	885
1374	812
1375	795
1376	750
1377	716
1378	693
1379	685
1380	664
1381	595
1382	611
1383	614
1384	575
1385	587
1386	601
1387	551
1388	545
1389	557
1390	578
1391	501
1392	539
1393	524
1394	481
1395	555
1396	572
1397	565
1398	581
1399	537
1400	554
1401	500
1402	518
1403	531
1404	492
1405	478
1406	508
1407	471
1408	490
1409	471
1410	476
1411	488
1412	493
1413	479
1414	487
1415	465
1416	506
1417	451
1418	487
1419	486
1420	462
1421	451
1422	436
1423	502
1424	463
1425	476
1426	483
1427	458
1428	456
1429	460
1430	443
1431	514
1432	459
1433	480
1434	407
1435	474
1436	473
1437	433
1438	425
1439	439
1440	451
1441	467
1442	441
1443	463
1444	482
1445	474
1446	444
1447	467
1448	447
1449	439
1450	421
1451	476
1452	462
1453	406
1454	453
1455	462
1456	460
1457	469
1458	430
1459	464
1460	426
1461	420
1462	455
1463	399
1464	468
1465	447
1466	469
1467	399
1468	443
1469	458
1470	414
1471	414
1472	423
1473	438
1474	422
1475	442
1476	397
1477	436
1478	399
1479	449
1480	400
1481	425
1482	416
1483	395
1484	462
1485	419
1486	426
1487	436
1488	424
1489	414
1490	422
1491	434
1492	380
1493	439
1494	444
1495	406
1496	429
1497	456
1498	460
1499	443
1500	427
1501	460
1502	424
1503	489
1504	481
1505	463
1506	468
1507	472
1508	453
1509	458
1510	438
1511	444
1512	407
1513	468
1514	425
1515	401
1516	425
1517	446
1518	437
1519	427
1520	406
1521	450
1522	428
1523	432
1524	425
1525	390
1526	421
1527	417
1528	377
1529	409
1530	438
1531	431
1532	408
1533	403
1534	362
1535	450
1536	395
1537	401
1538	393
1539	464
1540	402
1541	402
1542	395
1543	406
1544	424
1545	426
1546	401
1547	442
1548	438
1549	386
1550	399
1551	366
1552	392
1553	395
1554	388
1555	380
1556	433
1557	392
1558	405
1559	411
1560	399
1561	352
1562	409
1563	370
1564	390
1565	400
1566	397
1567	380
1568	376
1569	406
1570	373
1571	446
1572	422
1573	378
1574	356
1575	361
1576	364
1577	376
1578	402
1579	383
1580	400
1581	366
1582	398
1583	394
1584	345
1585	397
1586	413
1587	392
1588	395
1589	357
1590	411
1591	410
1592	400
1593	359
1594	356
1595	391
1596	407
1597	413
1598	373
1599	354
1600	375
1601	388
1602	392
1603	378
1604	375
1605	398
1606	394
1607	356
1608	367
1609	350
1610	385
1611	421
1612	362
1613	403
1614	373
1615	366
1616	366
1617	380
1618	395
1619	368
1620	355
1621	374
1622	381
1623	327
1624	368
1625	371
1626	368
1627	353
1628	391
1629	397
1630	381
1631	394
1632	388
1633	371
1634	376
1635	399
1636	446
1637	410
1638	404
1639	466
1640	432
1641	459
1642	509
1643	500
1644	530
1645	528
1646	565
1647	538
1648	561
1649	491
1650	475
1651	484
1652	452
1653	443
1654	409
1655	410
1656	386
1657	397
1658	386
1659	395
1660	381
1661	390
1662	393
1663	355
1664	333
1665	396
1666	368
1667	382
1668	359
1669	393
1670	363
1671	352
1672	354
1673	371
1674	361
1675	376
1676	335
1677	367
1678	377
1679	343
1680	326
1681	370
1682	355
1683	371
1684	338
1685	367
1686	359
1687	338
1688	331
1689	322
1690	363
1691	326
1692	352
1693	348
1694	353
1695	340
1696	337
1697	329
1698	362
1699	352
1700	311
1701	336
1702	327
1703	320
1704	327
1705	351
1706	352
1707	373
1708	330
1709	335
1710	359
1711	361
1712	360
1713	334
1714	335
1715	359
1716	389
1717	354
1718	341
1719	332
1720	335
1721	339
1722	337
1723	342
1724	351
1725	326
1726	351
1727	316
1728	364
1729	318
1730	326
1731	367
1732	337
1733	312
1734	361
1735	327
1736	351
1737	313
1738	330
1739	334
1740	355
1741	337
1742	355
1743	317
1744	320
1745	387
1746	354
1747	341
1748	373
1749	340
1750	343
1751	336
1752	367
1753	325
1754	314
1755	325
1756	334
1757	320
1758	334
1759	332
1760	364
1761	312
1762	319
1763	345
1764	337
1765	319
1766	347
1767	308
1768	333
1769	327
1770	309
1771	357
1772	329
1773	329
1774	283
1775	340
1776	334
1777	343
1778	341
1779	311
1780	331
1781	321
1782	328
1783	316
1784	299
1785	337
1786	290
1787	340
1788	288
1789	325
1790	320
1791	335
1792	316
1793	342
1794	296
1795	338
1796	294
1797	296
1798	321
1799	329
1800	313
1801	309
1802	325
1803	332
1804	347
1805	310
1806	343
1807	329
1808	347
1809	363
1810	337
1811	337
1812	307
1813	309
1814	305
1815	320
1816	354
1817	348
1818	346
1819	292
1820	312
1821	306
1822	294
1823	311
1824	330
1825	328
1826	330
1827	309
1828	335
1829	360
1830	371
1831	352
1832	359
1833	346
1834	374
1835	361
1836	368
1837	389
1838	349
1839	363
1840	349
1841	320
1842	317
1843	346
1844	334
1845	334
1846	333
1847	296
1848	319
1849	328
1850	325
1851	329
1852	305
1853	340
1854	341
1855	301
1856	344
1857	334
1858	327
1859	337
1860	310
1861	325
1862	343
1863	302
1864	267
1865	299
1866	299
1867	317
1868	322
1869	327
1870	300
1871	311
1872	327
1873	325
1874	290
1875	324
1876	312
1877	301
1878	298
1879	326
1880	357
1881	335
1882	306
1883	312
1884	312
1885	314
1886	342
1887	333
1888	335
1889	328
1890	296
1891	311
1892	353
1893	336
1894	316
1895	343
1896	379
1897	395
1898	417
1899	402
1900	445
1901	496
1902	546
1903	653
1904	767
1905	1020
1906	1135
1907	1514
1908	1909
1909	2415
1910	3093
1911	3652
1912	4458
1913	5334
1914	6235
1915	6928
1916	7683
1917	8293
1918	8367
1919	8298
1920	8132
1921	7503
1922	6742
1923	5927
1924	5142
1925	4208
1926	3755
1927	2993
1928	2528
1929	2260
1930	1937
1931	1719
1932	1486
1933	1446
1934	1223
1935	1138
1936	1058
1937	979
1938	856
1939	860
1940	769
1941	696
1942	622
1943	599
1944	540
1945	564
1946	498
1947	450
1948	431
1949	472
1950	446
1951	409
1952	406
1953	376
1954	422
1955	403
1956	343
1957	376
1958	376
1959	321
1960	370
1961	334
1962	331
1963	364
1964	339
1965	344
1966	358
1967	356
1968	308
1969	318
1970	303
1971	298
1972	288
1973	307
1974	326
1975	310
1976	283
1977	291
1978	290
1979	271
1980	337
1981	286
1982	264
1983	264
1984	260
1985	291
1986	292
1987	303
1988	281
1989	269
1990	255
1991	268
1992	282
1993	289
1994	295
1995	262
1996	262
1997	291
1998	276
1999	280
2000	265
2001	239
2002	281
2003	256
2004	295
2005	284
2006	283
2007	297
2008	290
2009	271
2010	258
2011	285
2012	251
2013	252
2014	254
2015	287
2016	216
2017	249
2018	270
2019	264
2020	278
2021	267
2022	254
2023	272
2024	267
2025	269
2026	273
2027	270
2028	248
2029	262
2030	226
2031	267
2032	244
2033	279
2034	242
2035	244
2036	278
2037	250
2038	279
2039	296
2040	291
2041	286
2042	314
2043	320
2044	385
2045	409
2046	411
2047	483
2048	413
2049	522
2050	501
2051	483
2052	493
2053	522
2054	487
2055	435
2056	419
2057	371
2058	381
2059	321
2060	303
2061	315
2062	297
2063	312
2064	264
2065	290
2066	272
2067	291
2068	257
2069	294
2070	263
2071	233
2072	260
2073	226
2074	294
2075	231
2076	262
2077	237
2078	242
2079	251
2080	240
2081	243
2082	260
2083	237
2084	231
2085	239
2086	250
2087	249
2088	231
2089	225
2090	237
2091	217
2092	233
2093	253
2094	241
2095	255
2096	251
2097	248
2098	222
2099	230
2100	250
2101	244
2102	249
2103	205
2104	250
2105	212
2106	245
2107	243
2108	241
2109	240
2110	230
2111	225
2112	246
2113	249
2114	222
2115	247
2116	250
2117	240
2118	269
2119	241
2120	261
2121	242
2122	246
2123	238
2124	234
2125	234
2126	235
2127	246
2128	258
2129	267
2130	266
2131	242
2132	234
2133	218
2134	267
2135	245
2136	256
2137	241
2138	234
2139	242
2140	235
2141	216
2142	218
2143	226
2144	218
2145	238
2146	221
2147	233
2148	242
2149	226
2150	223
2151	218
2152	252
2153	240
2154	237
2155	253
2156	235
2157	220
2158	227
2159	248
2160	240
2161	251
2162	232
2163	238
2164	235
2165	213
2166	202
2167	209
2168	228
2169	222
2170	241
2171	213
2172	231
2173	216
2174	213
2175	232
2176	207
2177	227
2178	236
2179	258
2180	226
2181	224
2182	221
2183	230
2184	220
2185	224
2186	213
2187	244
2188	211
2189	228
2190	239
2191	233
2192	241
2193	250
2194	232
2195	227
2196	240
2197	222
2198	222
2199	213
2200	232
2201	218
2202	235
2203	229
2204	223
2205	229
2206	220
2207	220
2208	216
2209	236
2210	207
2211	226
2212	246
2213	210
2214	222
2215	227
2216	221
2217	219
2218	233
2219	228
2220	235
2221	254
2222	201
2223	207
2224	222
2225	233
2226	206
2227	236
2228	239
2229	214
2230	231
2231	210
2232	221
2233	228
2234	203
2235	180
2236	226
2237	211
2238	216
2239	205
2240	204
2241	212
2242	231
2243	221
2244	226
2245	211
2246	235
2247	219
2248	230
2249	216
2250	212
2251	215
2252	196
2253	201
2254	227
2255	222
2256	221
2257	221
2258	234
2259	232
2260	199
2261	200
2262	203
2263	207
2264	211
2265	229
2266	210
2267	208
2268	209
2269	221
2270	221
2271	232
2272	211
2273	222
2274	190
2275	207
2276	205
2277	210
2278	236
2279	241
2280	261
2281	241
2282	245
2283	269
2284	341
2285	304
2286	357
2287	422
2288	489
2289	451
2290	519
2291	586
2292	700
2293	657
2294	725
2295	721
2296	722
2297	763
2298	692
2299	680
2300	604
2301	558
2302	519
2303	464
2304	409
2305	364
2306	344
2307	383
2308	327
2309	325
2310	304
2311	347
2312	300
2313	279
2314	275
2315	270
2316	282
2317	262
2318	267
2319	234
2320	254
2321	272
2322	244
2323	270
2324	215
2325	268
2326	278
2327	250
2328	250
2329	213
2330	240
2331	242
2332	236
2333	238
2334	210
2335	256
2336	218
2337	194
2338	207
2339	219
2340	218
2341	201
2342	207
2343	209
2344	195
2345	185
2346	225
2347	222
2348	196
2349	203
2350	204
2351	198
2352	250
2353	205
2354	214
2355	216
2356	225
2357	224
2358	207
2359	223
2360	212
2361	221
2362	230
2363	190
2364	208
2365	216
2366	216
2367	213
2368	212
2369	215
2370	201
2371	202
2372	192
2373	232
2374	222
2375	202
2376	206
2377	193
2378	186
2379	213
2380	186
2381	197
2382	205
2383	202
2384	183
2385	191
2386	221
2387	199
2388	207
2389	184
2390	206
2391	194
2392	203
2393	188
2394	218
2395	218
2396	233
2397	220
2398	198
2399	205
2400	201
2401	219
2402	205
2403	210
2404	218
2405	210
2406	187
2407	222
2408	204
2409	202
2410	235
2411	187
2412	200
2413	183
2414	191
2415	222
2416	206
2417	217
2418	187
2419	203
2420	202
2421	222
2422	199
2423	251
2424	207
2425	218
2426	226
2427	224
2428	197
2429	195
2430	213
2431	210
2432	192
2433	205
2434	198
2435	214
2436	178
2437	222
2438	195
2439	204
2440	198
2441	195
2442	217
2443	195
2444	237
2445	213
2446	198
2447	187
2448	190
2449	204
2450	211
2451	226
2452	202
2453	199
2454	195
2455	192
2456	195
2457	198
2458	177
2459	189
2460	207
2461	222
2462	222
2463	219
2464	215
2465	211
2466	256
2467	230
2468	260
2469	270
2470	311
2471	306
2472	437
2473	433
2474	516
2475	605
2476	619
2477	707
2478	807
2479	832
2480	822
2481	842
2482	861
2483	840
2484	860
2485	793
2486	734
2487	669
2488	573
2489	488
2490	464
2491	423
2492	416
2493	328
2494	365
2495	305
2496	304
2497	284
2498	283
2499	252
2500	257
2501	264
2502	249
2503	240
2504	244
2505	262
2506	236
2507	219
2508	222
2509	224
2510	216
2511	211
2512	213
2513	209
2514	211
2515	206
2516	209
2517	192
2518	232
2519	194
2520	212
2521	223
2522	200
2523	179
2524	201
2525	213
2526	199
2527	216
2528	197
2529	196
2530	213
2531	219
2532	197
2533	187
2534	187
2535	202
2536	208
2537	207
2538	185
2539	190
2540	221
2541	203
2542	220
2543	199
2544	201
2545	191
2546	212
2547	219
2548	188
2549	183
2550	197
2551	200
2552	206
2553	191
2554	195
2555	212
2556	197
2557	215
2558	200
2559	216
2560	202
2561	171
2562	210
2563	189
2564	195
2565	194
2566	217
2567	178
2568	187
2569	181
2570	209
2571	198
2572	204
2573	189
2574	193
2575	182
2576	194
2577	207
2578	208
2579	172
2580	194
2581	199
2582	214
2583	183
2584	217
2585	214
2586	204
2587	195
2588	192
2589	222
2590	222
2591	196
2592	196
2593	244
2594	186
2595	181
2596	193
2597	193
2598	203
2599	236
2600	195
2601	214
2602	213
2603	190
2604	190
2605	216
2606	189
2607	207
2608	216
2609	196
2610	199
2611	182
2612	215
2613	186
2614	200
2615	187
2616	183
2617	192
2618	201
2619	208
2620	188
2621	196
2622	184
2623	191
2624	188
2625	187
2626	205
2627	208
2628	199
2629	194
2630	185
2631	193
2632	202
2633	193
2634	198
2635	201
2636	195
2637	186
2638	197
2639	190
2640	211
2641	186
2642	190
2643	202
2644	163
2645	212
2646	180
2647	192
2648	171
2649	203
2650	180
2651	190
2652	193
2653	186
2654	195
2655	193
2656	184
2657	209
2658	194
2659	197
2660	187
2661	198
2662	188
2663	206
2664	190
2665	170
2666	200
2667	180
2668	194
2669	206
2670	167
2671	195
2672	199
2673	192
2674	172
2675	206
2676	181
2677	184
2678	182
2679	161
2680	175
2681	171
2682	179
2683	168
2684	189
2685	185
2686	179
2687	200
2688	208
2689	180
2690	203
2691	199
2692	188
2693	177
2694	178
2695	166
2696	194
2697	191
2698	182
2699	203
2700	202
2701	193
2702	184
2703	158
2704	195
2705	187
2706	188
2707	170
2708	204
2709	196
2710	186
2711	197
2712	179
2713	192
2714	212
2715	195
2716	190
2717	188
2718	187
2719	176
2720	176
2721	202
2722	207
2723	198
2724	191
2725	201
2726	200
2727	223
2728	223
2729	270
2730	285
2731	230
2732	298
2733	269
2734	247
2735	283
2736	254
2737	284
2738	254
2739	251
2740	232
2741	231
2742	247
2743	218
2744	189
2745	194
2746	199
2747	197
2748	201
2749	205
2750	205
2751	196
2752	197
2753	202
2754	216
2755	193
2756	201
2757	173
2758	196
2759	214
2760	182
2761	175
2762	182
2763	201
2764	170
2765	237
2766	220
2767	212
2768	204
2769	195
2770	186
2771	175
2772	196
2773	211
2774	195
2775	185
2776	193
2777	212
2778	198
2779	201
2780	190
2781	213
2782	176
2783	211
2784	201
2785	174
2786	184
2787	190
2788	191
2789	182
2790	168
2791	202
2792	192
2793	159
2794	194
2795	184
2796	187
2797	204
2798	192
2799	196
2800	188
2801	190
2802	152
2803	180
2804	187
2805	200
2806	171
2807	186
2808	195
2809	191
2810	175
2811	201
2812	204
2813	208
2814	212
2815	198
2816	228
2817	219
2818	222
2819	201
2820	205
2821	220
2822	229
2823	215
2824	216
2825	207
2826	195
2827	177
2828	192
2829	190
2830	181
2831	178
2832	201
2833	182
2834	177
2835	207
2836	180
2837	177
2838	191
2839	199
2840	190
2841	195
2842	196
2843	172
2844	170
2845	194
2846	179
2847	197
2848	181
2849	186
2850	211
2851	202
2852	171
2853	181
2854	182
2855	205
2856	194
2857	180
2858	199
2859	205
2860	187
2861	201
2862	190
2863	199
2864	173
2865	192
2866	194
2867	167
2868	189
2869	171
2870	183
2871	189
2872	186
2873	198
2874	195
2875	208
2876	165
2877	212
2878	222
2879	184
2880	194
2881	211
2882	195
2883	166
2884	208
2885	180
2886	178
2887	198
2888	191
2889	200
2890	184
2891	203
2892	183
2893	206
2894	199
2895	162
2896	164
2897	183
2898	185
2899	205
2900	195
2901	183
2902	184
2903	168
2904	207
2905	186
2906	178
2907	212
2908	176
2909	237
2910	188
2911	201
2912	212
2913	186
2914	170
2915	211
2916	207
2917	190
2918	185
2919	206
2920	183
2921	179
2922	203
2923	206
2924	188
2925	193
2926	193
2927	192
2928	196
2929	190
2930	193
2931	195
2932	167
2933	202
2934	207
2935	204
2936	178
2937	191
2938	217
2939	209
2940	204
2941	186
2942	198
2943	184
2944	173
2945	196
2946	176
2947	185
2948	204
2949	200
2950	177
2951	185
2952	187
2953	169
2954	162
2955	175
2956	185
2957	187
2958	180
2959	178
2960	178
2961	185
2962	180
2963	187
2964	186
2965	188
2966	193
2967	170
2968	164
2969	201
2970	188
2971	167
2972	182
2973	182
2974	174
2975	179
2976	188
2977	185
2978	179
2979	158
2980	178
2981	177
2982	186
2983	191
2984	206
2985	183
2986	190
2987	191
2988	186
2989	169
2990	176
2991	192
2992	203
2993	182
2994	191
2995	173
2996	159
2997	194
2998	206
2999	189
3000	175
3001	181
3002	171
3003	193
3004	173
3005	203
3006	182
3007	173
3008	172
3009	186
3010	164
3011	182
3012	198
3013	191
3014	175
3015	189
3016	200
3017	163
3018	166
3019	180
3020	187
3021	196
3022	184
3023	182
3024	177
3025	183
3026	187
3027	191
3028	153
3029	175
3030	197
3031	165
3032	182
3033	204
3034	190
3035	182
3036	191
3037	170
3038	177
3039	187
3040	181
3041	197
3042	189
3043	186
3044	193
3045	183
3046	176
3047	200
3048	186
3049	202
3050	175
3051	196
3052	162
3053	187
3054	199
3055	184
3056	193
3057	172
3058	169
3059	174
3060	186
3061	186
3062	173
3063	205
3064	202
3065	176
3066	188
3067	202
3068	174
3069	175
3070	184
3071	188
3072	180
3073	229
3074	195
3075	174
3076	183
3077	203
3078	188
3079	168
3080	189
3081	198
3082	186
3083	189
3084	182
3085	170
3086	207
3087	178
3088	170
3089	173
3090	215
3091	180
3092	175
3093	184
3094	171
3095	199
3096	196
3097	181
3098	207
3099	180
3100	186
3101	194
3102	198
3103	188
3104	205
3105	182
3106	191
3107	190
3108	209
3109	206
3110	175
3111	165
3112	191
3113	178
3114	185
3115	196
3116	201
3117	209
3118	160
3119	182
3120	174
3121	200
3122	200
3123	189
3124	175
3125	224
3126	217
3127	176
3128	172
3129	193
3130	206
3131	216
3132	203
3133	184
3134	204
3135	175
3136	199
3137	199
3138	171
3139	190
3140	196
3141	208
3142	199
3143	176
3144	224
3145	175
3146	160
3147	204
3148	217
3149	203
3150	222
3151	219
3152	255
3153	202
3154	225
3155	248
3156	255
3157	265
3158	248
3159	313
3160	292
3161	296
3162	251
3163	287
3164	260
3165	240
3166	228
3167	239
3168	236
3169	240
3170	232
3171	266
3172	233
3173	225
3174	237
3175	224
3176	215
3177	231
3178	239
3179	201
3180	210
3181	201
3182	198
3183	223
3184	208
3185	196
3186	194
3187	198
3188	193
3189	163
3190	218
3191	181
3192	184
3193	198
3194	188
3195	172
3196	199
3197	181
3198	211
3199	182
3200	231
3201	179
3202	212
3203	215
3204	182
3205	197
3206	192
3207	204
3208	217
3209	194
3210	179
3211	177
3212	179
3213	213
3214	191
3215	209
3216	215
3217	189
3218	187
3219	186
3220	203
3221	210
3222	190
3223	193
3224	192
3225	199
3226	209
3227	206
3228	201
3229	186
3230	191
3231	192
3232	194
3233	181
3234	212
3235	211
3236	192
3237	186
3238	154
3239	193
3240	188
3241	196
3242	193
3243	190
3244	191
3245	176
3246	187
3247	186
3248	195
3249	179
3250	199
3251	202
3252	178
3253	182
3254	173
3255	164
3256	170
3257	197
3258	173
3259	199
3260	212
3261	189
3262	175
3263	181
3264	205
3265	207
3266	164
3267	195
3268	192
3269	167
3270	196
3271	196
3272	189
3273	191
3274	190
3275	218
3276	218
3277	204
3278	202
3279	213
3280	214
3281	244
3282	288
3283	230
3284	265
3285	260
3286	240
3287	246
3288	269
3289	237
3290	243
3291	222
3292	212
3293	231
3294	191
3295	183
3296	180
3297	195
3298	200
3299	201
3300	197
3301	175
3302	166
3303	187
3304	163
3305	172
3306	197
3307	190
3308	147
3309	175
3310	168
3311	157
3312	187
3313	159
3314	163
3315	175
3316	151
3317	175
3318	156
3319	161
3320	153
3321	182
3322	167
3323	177
3324	163
3325	189
3326	152
3327	189
3328	156
3329	182
3330	164
3331	160
3332	166
3333	181
3334	170
3335	170
3336	175
3337	172
3338	169
3339	186
3340	169
3341	175
3342	163
3343	186
3344	169
3345	177
3346	158
3347	176
3348	170
3349	159
3350	142
3351	161
3352	180
3353	172
3354	148
3355	163
3356	148
3357	150
3358	142
3359	150
3360	167
3361	173
3362	190
3363	171
3364	157
3365	161
3366	158
3367	172
3368	182
3369	164
3370	181
3371	172
3372	147
3373	171
3374	163
3375	173
3376	163
3377	144
3378	170
3379	146
3380	172
3381	148
3382	165
3383	163
3384	168
3385	174
3386	134
3387	173
3388	148
3389	166
3390	184
3391	144
3392	169
3393	146
3394	153
3395	160
3396	160
3397	175
3398	152
3399	166
3400	167
3401	171
3402	177
3403	186
3404	168
3405	165
3406	183
3407	189
3408	163
3409	165
3410	164
3411	145
3412	157
3413	139
3414	189
3415	179
3416	178
3417	144
3418	162
3419	175
3420	169
3421	179
3422	161
3423	168
3424	168
3425	163
3426	165
3427	175
3428	173
3429	173
3430	139
3431	171
3432	157
3433	158
3434	168
3435	168
3436	174
3437	184
3438	155
3439	154
3440	149
3441	162
3442	152
3443	174
3444	188
3445	163
3446	174
3447	130
3448	139
3449	147
3450	167
3451	158
3452	139
3453	150
3454	171
3455	160
3456	147
3457	169
3458	146
3459	178
3460	174
3461	174
3462	197
3463	156
3464	149
3465	169
3466	163
3467	157
3468	139
3469	154
3470	151
3471	160
3472	135
3473	139
3474	170
3475	149
3476	141
3477	168
3478	159
3479	142
3480	161
3481	167
3482	151
3483	188
3484	165
3485	162
3486	166
3487	145
3488	151
3489	161
3490	159
3491	160
3492	158
3493	154
3494	141
3495	162
3496	174
3497	145
3498	166
3499	175
3500	151
3501	142
3502	128
3503	157
3504	153
3505	165
3506	161
3507	147
3508	148
3509	151
3510	157
3511	142
3512	149
3513	160
3514	158
3515	138
3516	150
3517	135
3518	171
3519	146
3520	184
3521	144
3522	183
3523	162
3524	162
3525	192
3526	155
3527	151
3528	159
3529	161
3530	164
3531	154
3532	159
3533	163
3534	144
3535	152
3536	155
3537	145
3538	146
3539	152
3540	147
3541	159
3542	182
3543	156
3544	149
3545	142
3546	174
3547	160
3548	132
3549	151
3550	148
3551	176
3552	168
3553	154
3554	156
3555	144
3556	151
3557	160
3558	178
3559	156
3560	153
3561	159
3562	185
3563	156
3564	177
3565	169
3566	153
3567	158
3568	178
3569	146
3570	151
3571	178
3572	150
3573	136
3574	151
3575	150
3576	158
3577	163
3578	148
3579	152
3580	151
3581	161
3582	156
3583	153
3584	136
3585	151
3586	142
3587	175
3588	162
3589	145
3590	157
3591	165
3592	168
3593	158
3594	142
3595	175
3596	151
3597	146
3598	133
3599	176
3600	161
3601	135
3602	155
3603	145
3604	141
3605	145
3606	152
3607	148
3608	164
3609	153
3610	155
3611	161
3612	174
3613	150
3614	162
3615	152
3616	159
3617	155
3618	179
3619	140
3620	135
3621	162
3622	181
3623	165
3624	164
3625	195
3626	165
3627	149
3628	153
3629	154
3630	150
3631	143
3632	158
3633	155
3634	133
3635	151
3636	149
3637	146
3638	139
3639	148
3640	147
3641	169
3642	155
3643	154
3644	186
3645	167
3646	140
3647	156
3648	151
3649	150
3650	153
3651	150
3652	162
3653	164
3654	138
3655	153
3656	151
3657	169
3658	166
3659	171
3660	167
3661	173
3662	150
3663	148
3664	155
3665	160
3666	175
3667	158
3668	168
3669	147
3670	153
3671	151
3672	167
3673	185
3674	178
3675	146
3676	187
3677	178
3678	160
3679	168
3680	176
3681	173
3682	174
3683	195
3684	144
3685	194
3686	151
3687	177
3688	159
3689	164
3690	165
3691	160
3692	150
3693	173
3694	153
3695	149
3696	146
3697	126
3698	168
3699	154
3700	176
3701	171
3702	157
3703	150
3704	148
3705	179
3706	155
3707	165
3708	186
3709	151
3710	172
3711	147
3712	160
3713	158
3714	161
3715	155
3716	146
3717	143
3718	163
3719	143
3720	138
3721	166
3722	156
3723	156
3724	176
3725	156
3726	156
3727	142
3728	145
3729	150
3730	124
3731	180
3732	148
3733	164
3734	176
3735	158
3736	152
3737	142
3738	153
3739	175
3740	174
3741	163
3742	152
3743	167
3744	144
3745	127
3746	157
3747	150
3748	154
3749	148
3750	149
3751	146
3752	161
3753	154
3754	166
3755	173
3756	149
3757	151
3758	141
3759	170
3760	155
3761	131
3762	144
3763	148
3764	166
3765	168
3766	169
3767	168
3768	154
3769	150
3770	158
3771	141
3772	166
3773	152
3774	184
3775	152
3776	176
3777	166
3778	176
3779	170
3780	197
3781	178
3782	164
3783	162
3784	184
3785	180
3786	173
3787	189
3788	156
3789	164
3790	159
3791	164
3792	152
3793	160
3794	157
3795	157
3796	192
3797	154
3798	187
3799	206
3800	177
3801	201
3802	200
3803	217
3804	198
3805	206
3806	231
3807	238
3808	218
3809	233
3810	206
3811	184
3812	201
3813	206
3814	158
3815	175
3816	176
3817	162
3818	189
3819	154
3820	172
3821	165
3822	157
3823	158
3824	138
3825	149
3826	179
3827	176
3828	159
3829	145
3830	152
3831	152
3832	159
3833	151
3834	162
3835	159
3836	143
3837	136
3838	136
3839	138
3840	185
3841	135
3842	145
3843	151
3844	163
3845	153
3846	147
3847	154
3848	156
3849	137
3850	136
3851	181
3852	168
3853	190
3854	201
3855	198
3856	205
3857	246
3858	232
3859	254
3860	264
3861	240
3862	257
3863	288
3864	258
3865	248
3866	262
3867	251
3868	237
3869	223
3870	188
3871	205
3872	175
3873	181
3874	188
3875	166
3876	161
3877	177
3878	168
3879	161
3880	170
3881	128
3882	144
3883	166
3884	166
3885	143
3886	165
3887	152
3888	162
3889	140
3890	118
3891	139
3892	144
3893	154
3894	148
3895	144
3896	143
3897	151
3898	142
3899	165
3900	154
3901	126
3902	146
3903	146
3904	154
3905	144
3906	151
3907	175
3908	152
3909	148
3910	138
3911	147
3912	145
3913	146
3914	156
3915	141
3916	172
3917	132
3918	179
3919	130
3920	166
3921	157
3922	141
3923	144
3924	141
3925	132
3926	161
3927	168
3928	134
3929	155
3930	182
3931	140
3932	134
3933	153
3934	139
3935	146
3936	154
3937	158
3938	128
3939	162
3940	142
3941	160
3942	141
3943	149
3944	160
3945	137
3946	160
3947	166
3948	164
3949	157
3950	147
3951	146
3952	150
3953	144
3954	152
3955	144
3956	132
3957	156
3958	172
3959	160
3960	141
3961	148
3962	134
3963	148
3964	139
3965	144
3966	159
3967	152
3968	161
3969	129
3970	140
3971	146
3972	148
3973	147
3974	155
3975	148
3976	126
3977	155
3978	147
3979	161
3980	141
3981	158
3982	152
3983	126
3984	153
3985	152
3986	155
3987	148
3988	155
3989	166
3990	143
3991	151
3992	162
3993	168
3994	137
3995	160
3996	152
3997	145
3998	148
3999	174
4000	145
4001	132
4002	178
4003	148
4004	159
4005	175
4006	139
4007	152
4008	138
4009	138
4010	157
4011	136
4012	148
4013	163
4014	174
4015	152
4016	133
4017	168
4018	144
4019	157
4020	126
4021	149
4022	145
4023	150
4024	148
4025	149
4026	158
4027	151
4028	147
4029	165
4030	199
4031	182
4032	203
4033	197
4034	199
4035	188
4036	188
4037	174
4038	190
4039	183
4040	182
4041	188
4042	170
4043	176
4044	136
4045	154
4046	165
4047	146
4048	154
4049	160
4050	166
4051	157
4052	154
4053	152
4054	148
4055	151
4056	189
4057	155
4058	154
4059	139
4060	144
4061	133
4062	137
4063	154
4064	132
4065	139
4066	155
4067	148
4068	158
4069	153
4070	149
4071	139
4072	139
4073	143
4074	171
4075	163
4076	162
4077	155
4078	155
4079	150
4080	152
4081	133
4082	155
4083	162
4084	147
4085	145
4086	157
4087	123
4088	128
4089	154
4090	147
4091	159
4092	151
4093	152
4094	169
4095	133
4096	165
4097	144
4098	138
4099	196
4100	136
4101	152
4102	146
4103	121
4104	157
4105	136
4106	165
4107	139
4108	113
4109	151
4110	157
4111	139
4112	155
4113	154
4114	161
4115	151
4116	180
4117	158
4118	140
4119	151
4120	147
4121	149
4122	154
4123	139
4124	167
4125	150
4126	159
4127	133
4128	166
4129	171
4130	151
4131	145
4132	151
4133	158
4134	171
4135	149
4136	161
4137	147
4138	143
4139	152
4140	143
4141	158
4142	114
4143	149
4144	149
4145	137
4146	144
4147	161
4148	183
4149	139
4150	132
4151	172
4152	162
4153	125
4154	142
4155	154
4156	172
4157	163
4158	140
4159	159
4160	133
4161	139
4162	163
4163	168
4164	142
4165	176
4166	141
4167	124
4168	139
4169	146
4170	157
4171	172
4172	142
4173	154
4174	158
4175	150
4176	139
4177	163
4178	145
4179	136
4180	150
4181	161
4182	157
4183	134
4184	155
4185	152
4186	138
4187	160
4188	146
4189	155
4190	163
4191	129
4192	159
4193	154
4194	146
4195	164
4196	144
4197	157
4198	130
4199	144
4200	138
4201	146
4202	158
4203	149
4204	140
4205	156
4206	174
4207	160
4208	153
4209	144
4210	171
4211	168
4212	168
4213	161
4214	156
4215	175
4216	140
4217	154
4218	155
4219	164
4220	155
4221	163
4222	168
4223	156
4224	158
4225	144
4226	139
4227	158
4228	155
4229	166
4230	155
4231	180
4232	165
4233	152
4234	149
4235	175
4236	154
4237	175
4238	168
4239	167
4240	144
4241	153
4242	149
4243	161
4244	161
4245	140
4246	135
4247	142
4248	133
4249	159
4250	148
4251	159
4252	130
4253	138
4254	152
4255	129
4256	132
4257	147
4258	154
4259	165
4260	162
4261	161
4262	128
4263	146
4264	142
4265	158
4266	141
4267	165
4268	151
4269	153
4270	135
4271	126
4272	156
4273	152
4274	133
4275	142
4276	140
4277	141
4278	136
4279	142
4280	149
4281	150
4282	139
4283	135
4284	167
4285	195
4286	161
4287	143
4288	151
4289	145
4290	161
4291	186
4292	151
4293	166
4294	154
4295	156
4296	161
4297	155
4298	147
4299	142
4300	145
4301	148
4302	153
4303	157
4304	155
4305	164
4306	155
4307	159
4308	161
4309	162
4310	155
4311	155
4312	150
4313	147
4314	127
4315	164
4316	158
4317	153
4318	152
4319	147
4320	175
4321	133
4322	130
4323	155
4324	118
4325	124
4326	147
4327	155
4328	142
4329	123
4330	141
4331	148
4332	138
4333	130
4334	138
4335	144
4336	154
4337	132
4338	130
4339	142
4340	113
4341	144
4342	142
4343	135
4344	144
4345	133
4346	130
4347	152
4348	141
4349	131
4350	145
4351	169
4352	160
4353	162
4354	164
4355	193
4356	219
4357	239
4358	283
4359	347
4360	395
4361	448
4362	563
4363	667
4364	785
4365	929
4366	1071
4367	1232
4368	1340
4369	1485
4370	1575
4371	1637
4372	1667
4373	1652
4374	1672
4375	1584
4376	1421
4377	1274
4378	1230
4379	1071
4380	926
4381	803
4382	657
4383	592
4384	563
4385	476
4386	464
4387	360
4388	355
4389	355
4390	288
4391	306
4392	249
4393	235
4394	248
4395	257
4396	192
4397	185
4398	183
4399	201
4400	181
4401	193
4402	175
4403	162
4404	171
4405	130
4406	173
4407	131
4408	145
4409	148
4410	173
4411	155
4412	129
4413	169
4414	125
4415	154
4416	135
4417	130
4418	134
4419	162
4420	169
4421	149
4422	137
4423	128
4424	151
4425	119
4426	159
4427	121
4428	160
4429	137
4430	145
4431	137
4432	141
4433	125
4434	139
4435	126
4436	124
4437	136
4438	158
4439	142
4440	126
4441	116
4442	140
4443	120
4444	136
4445	145
4446	150
4447	133
4448	135
4449	162
4450	151
4451	123
4452	135
4453	123
4454	128
4455	115
4456	145
4457	118
4458	155
4459	127
4460	133
4461	118
4462	129
4463	128
4464	138
4465	153
4466	133
4467	115
4468	123
4469	142
4470	147
4471	140
4472	148
4473	132
4474	127
4475	143
4476	123
4477	125
4478	126
4479	127
4480	105
4481	151
4482	120
4483	155
4484	121
4485	146
4486	145
4487	138
4488	124
4489	156
4490	136
4491	128
4492	125
4493	132
4494	123
4495	128
4496	132
4497	132
4498	117
4499	134
4500	124
4501	136
4502	141
4503	135
4504	143
4505	138
4506	141
4507	104
4508	119
4509	132
4510	133
4511	118
4512	120
4513	117
4514	118
4515	116
4516	122
4517	135
4518	120
4519	144
4520	128
4521	139
4522	130
4523	143
4524	133
4525	114
4526	143
4527	113
4528	143
4529	142
4530	123
4531	125
4532	128
4533	120
4534	147
4535	156
4536	128
4537	130
4538	137
4539	129
4540	136
4541	138
4542	143
4543	144
4544	133
4545	159
4546	167
4547	176
4548	169
4549	143
4550	147
4551	161
4552	146
4553	185
4554	165
4555	162
4556	162
4557	158
4558	149
4559	135
4560	137
4561	130
4562	144
4563	140
4564	141
4565	145
4566	121
4567	129
4568	126
4569	125
4570	145
4571	146
4572	120
4573	121
4574	136
4575	117
4576	129
4577	130
4578	133
4579	132
4580	106
4581	144
4582	124
4583	104
4584	133
4585	125
4586	123
4587	124
4588	143
4589	118
4590	128
4591	122
4592	127
4593	109
4594	115
4595	139
4596	118
4597	127
4598	119
4599	128
4600	136
4601	135
4602	125
4603	100
4604	117
4605	111
4606	124
4607	128
4608	123
4609	116
4610	114
4611	111
4612	132
4613	117
4614	102
4615	112
4616	150
4617	157
4618	124
4619	149
4620	112
4621	136
4622	106
4623	122
4624	109
4625	133
4626	123
4627	130
4628	133
4629	128
4630	87
4631	125
4632	150
4633	138
4634	120
4635	121
4636	140
4637	132
4638	121
4639	135
4640	120
4641	124
4642	125
4643	131
4644	108
4645	136
4646	139
4647	120
4648	129
4649	127
4650	127
4651	135
4652	108
4653	128
4654	114
4655	127
4656	131
4657	124
4658	118
4659	148
4660	125
4661	128
4662	128
4663	122
4664	131
4665	130
4666	127
4667	117
4668	116
4669	102
4670	118
4671	117
4672	100
4673	109
4674	130
4675	113
4676	109
4677	136
4678	134
4679	106
4680	138
4681	118
4682	112
4683	115
4684	138
4685	135
4686	122
4687	122
4688	141
4689	129
4690	96
4691	123
4692	136
4693	140
4694	125
4695	129
4696	129
4697	113
4698	126
4699	133
4700	108
4701	121
4702	139
4703	112
4704	140
4705	125
4706	141
4707	151
4708	125
4709	125
4710	142
4711	98
4712	138
4713	132
4714	124
4715	124
4716	140
4717	119
4718	134
4719	125
4720	129
4721	141
4722	124
4723	139
4724	129
4725	142
4726	148
4727	148
4728	146
4729	132
4730	148
4731	133
4732	130
4733	139
4734	133
4735	144
4736	126
4737	137
4738	124
4739	150
4740	137
4741	105
4742	123
4743	127
4744	134
4745	135
4746	110
4747	128
4748	130
4749	143
4750	134
4751	136
4752	136
4753	119
4754	114
4755	140
4756	122
4757	130
4758	108
4759	124
4760	120
4761	141
4762	122
4763	126
4764	134
4765	133
4766	122
4767	116
4768	115
4769	135
4770	128
4771	155
4772	128
4773	140
4774	117
4775	132
4776	131
4777	132
4778	135
4779	116
4780	120
4781	121
4782	144
4783	110
4784	134
4785	134
4786	124
4787	115
4788	131
4789	139
4790	134
4791	137
4792	124
4793	116
4794	119
4795	130
4796	122
4797	124
4798	138
4799	128
4800	125
4801	134
4802	145
4803	139
4804	129
4805	129
4806	122
4807	140
4808	126
4809	125
4810	137
4811	121
4812	126
4813	106
4814	134
4815	113
4816	111
4817	130
4818	127
4819	144
4820	123
4821	134
4822	133
4823	115
4824	145
4825	135
4826	134
4827	135
4828	135
4829	136
4830	139
4831	121
4832	148
4833	124
4834	135
4835	113
4836	104
4837	113
4838	119
4839	130
4840	139
4841	119
4842	133
4843	124
4844	132
4845	123
4846	103
4847	155
4848	136
4849	136
4850	148
4851	129
4852	129
4853	145
4854	143
4855	134
4856	161
4857	147
4858	163
4859	178
4860	209
4861	208
4862	215
4863	238
4864	269
4865	339
4866	350
4867	408
4868	467
4869	472
4870	522
4871	522
4872	566
4873	560
4874	595
4875	564
4876	525
4877	496
4878	432
4879	434
4880	385
4881	378
4882	323
4883	301
4884	276
4885	242
4886	201
4887	207
4888	210
4889	184
4890	187
4891	171
4892	178
4893	178
4894	169
4895	157
4896	134
4897	160
4898	165
4899	163
4900	142
4901	162
4902	149
4903	131
4904	144
4905	161
4906	152
4907	136
4908	128
4909	142
4910	144
4911	131
4912	122
4913	121
4914	139
4915	121
4916	124
4917	117
4918	132
4919	142
4920	134
4921	113
4922	148
4923	141
4924	142
4925	132
4926	151
4927	111
4928	136
4929	134
4930	141
4931	123
4932	116
4933	121
4934	118
4935	128
4936	154
4937	121
4938	108
4939	128
4940	120
4941	131
4942	117
4943	129
4944	132
4945	114
4946	119
4947	116
4948	130
4949	131
4950	140
4951	128
4952	119
4953	124
4954	121
4955	100
4956	116
4957	120
4958	117
4959	118
4960	157
4961	142
4962	102
4963	110
4964	125
4965	91
4966	122
4967	119
4968	115
4969	114
4970	119
4971	132
4972	122
4973	116
4974	132
4975	134
4976	117
4977	114
4978	103
4979	137
4980	107
4981	125
4982	139
4983	131
4984	117
4985	117
4986	101
4987	103
4988	100
4989	122
4990	111
4991	119
4992	115
4993	123
4994	127
4995	127
4996	112
4997	108
4998	118
4999	120
5000	123
5001	120
5002	96
5003	122
5004	119
5005	132
5006	116
5007	114
5008	113
5009	111
5010	124
5011	117
5012	123
5013	116
5014	115
5015	123
5016	118
5017	122
5018	114
5019	93
5020	110
5021	124
5022	118
5023	123
5024	108
5025	104
5026	99
5027	123
5028	96
5029	111
5030	109
5031	115
5032	117
5033	98
5034	137
5035	114
5036	124
5037	121
5038	119
5039	121
5040	126
5041	121
5042	111
5043	119
5044	109
5045	125
5046	130
5047	126
5048	108
5049	115
5050	130
5051	143
5052	117
5053	131
5054	110
5055	103
5056	149
5057	117
5058	98
5059	136
5060	118
5061	130
5062	128
5063	112
5064	101
5065	117
5066	120
5067	119
5068	115
5069	120
5070	115
5071	127
5072	146
5073	103
5074	115
5075	115
5076	115
5077	114
5078	102
5079	111
5080	111
5081	114
5082	102
5083	96
5084	124
5085	93
5086	100
5087	106
5088	111
5089	116
5090	102
5091	99
5092	133
5093	116
5094	113
5095	106
5096	106
5097	98
5098	112
5099	95
5100	104
5101	91
5102	91
5103	106
5104	110
5105	92
5106	111
5107	108
5108	96
5109	101
5110	102
5111	90
5112	109
5113	102
5114	100
5115	101
5116	92
5117	113
5118	94
5119	110
5120	103
5121	97
5122	91
5123	107
5124	71
5125	101
5126	79
5127	99
5128	91
5129	97
5130	102
5131	101
5132	96
5133	107
5134	94
5135	106
5136	90
5137	95
5138	99
5139	98
5140	85
5141	100
5142	84
5143	68
5144	77
5145	95
5146	97
5147	82
5148	86
5149	84
5150	111
5151	91
5152	106
5153	110
5154	103
5155	82
5156	94
5157	89
5158	119
5159	129
5160	97
5161	113
5162	110
5163	114
5164	131
5165	146
5166	125
5167	126
5168	159
5169	159
5170	144
5171	134
5172	123
5173	112
5174	125
5175	91
5176	103
5177	109
5178	92
5179	95
5180	109
5181	100
5182	93
5183	106
5184	79
5185	86
5186	103
5187	85
5188	91
5189	83
5190	90
5191	81
5192	74
5193	92
5194	81
5195	102
5196	102
5197	79
5198	103
5199	84
5200	129
5201	137
5202	122
5203	115
5204	112
5205	116
5206	132
5207	113
5208	114
5209	115
5210	94
5211	104
5212	123
5213	111
5214	114
5215	105
5216	105
5217	83
5218	89
5219	84
5220	94
5221	114
5222	79
5223	102
5224	83
5225	87
5226	94
5227	94
5228	109
5229	123
5230	81
5231	92
5232	100
5233	95
5234	82
5235	85
5236	85
5237	82
5238	96
5239	106
5240	92
5241	90
5242	97
5243	78
5244	92
5245	96
5246	78
5247	97
5248	78
5249	93
5250	80
5251	65
5252	98
5253	98
5254	73
5255	77
5256	74
5257	78
5258	76
5259	104
5260	93
5261	80
5262	74
5263	80
5264	90
5265	81
5266	65
5267	79
5268	88
5269	80
5270	93
5271	95
5272	73
5273	102
5274	78
5275	80
5276	81
5277	92
5278	85
5279	93
5280	75
5281	80
5282	78
5283	100
5284	77
5285	95
5286	79
5287	94
5288	96
5289	92
5290	82
5291	73
5292	94
5293	73
5294	92
5295	90
5296	78
5297	75
5298	72
5299	108
5300	90
5301	67
5302	64
5303	79
5304	86
5305	87
5306	90
5307	82
5308	68
5309	99
5310	106
5311	77
5312	88
5313	86
5314	80
5315	89
5316	74
5317	93
5318	82
5319	79
5320	57
5321	84
5322	83
5323	67
5324	86
5325	85
5326	79
5327	90
5328	82
5329	69
5330	93
5331	68
5332	96
5333	79
5334	92
5335	58
5336	66
5337	71
5338	105
5339	88
5340	84
5341	77
5342	66
5343	83
5344	62
5345	83
5346	84
5347	86
5348	85
5349	75
5350	77
5351	77
5352	81
5353	91
5354	78
5355	85
5356	88
5357	81
5358	67
5359	96
5360	87
5361	86
5362	76
5363	67
5364	68
5365	91
5366	79
5367	72
5368	98
5369	73
5370	76
5371	74
5372	77
5373	86
5374	96
5375	90
5376	68
5377	73
5378	83
5379	73
5380	97
5381	88
5382	85
5383	66
5384	81
5385	102
5386	68
5387	71
5388	91
5389	72
5390	65
5391	83
5392	86
5393	71
5394	76
5395	82
5396	82
5397	98
5398	117
5399	104
5400	119
5401	117
5402	123
5403	129
5404	196
5405	211
5406	249
5407	343
5408	418
5409	478
5410	618
5411	740
5412	856
5413	982
5414	1155
5415	1274
5416	1377
5417	1467
5418	1563
5419	1524
5420	1520
5421	1467
5422	1411
5423	1283
5424	1123
5425	957
5426	840
5427	719
5428	672
5429	563
5430	441
5431	444
5432	366
5433	315
5434	297
5435	269
5436	249
5437	235
5438	251
5439	194
5440	196
5441	152
5442	171
5443	168
5444	138
5445	136
5446	133
5447	96
5448	102
5449	121
5450	109
5451	121
5452	107
5453	94
5454	102
5455	109
5456	76
5457	90
5458	91
5459	85
5460	75
5461	97
5462	99
5463	85
5464	77
5465	86
5466	102
5467	97
5468	99
5469	79
5470	96
5471	89
5472	81
5473	77
5474	102
5475	86
5476	90
5477	95
5478	90
5479	84
5480	80
5481	70
5482	59
5483	76
5484	78
5485	74
5486	80
5487	94
5488	62
5489	77
5490	66
5491	75
5492	73
5493	80
5494	71
5495	68
5496	83
5497	76
5498	79
5499	69
5500	79
5501	59
5502	79
5503	80
5504	70
5505	87
5506	67
5507	71
5508	70
5509	75
5510	61
5511	83
5512	66
5513	77
5514	62
5515	60
5516	80
5517	80
5518	79
5519	63
5520	82
5521	61
5522	61
5523	69
5524	64
5525	81
5526	70
5527	73
5528	64
5529	63
5530	74
5531	65
5532	76
5533	57
5534	70
5535	72
5536	67
5537	55
5538	67
5539	65
5540	65
5541	59
5542	78
5543	65
5544	56
5545	79
5546	62
5547	49
5548	56
5549	81
5550	66
5551	58
5552	55
5553	59
5554	74
5555	69
5556	69
5557	67
5558	104
5559	62
5560	80
5561	73
5562	64
5563	57
5564	84
5565	67
5566	76
5567	72
5568	90
5569	62
5570	79
5571	86
5572	62
5573	62
5574	90
5575	76
5576	65
5577	53
5578	57
5579	68
5580	62
5581	55
5582	71
5583	57
5584	78
5585	75
5586	63
5587	54
5588	74
5589	70
5590	69
5591	67
5592	71
5593	78
5594	73
5595	79
5596	61
5597	74
5598	69
5599	75
5600	70
5601	63
5602	70
5603	79
5604	78
5605	70
5606	63
5607	63
5608	55
5609	79
5610	77
5611	69
5612	60
5613	68
5614	72
5615	70
5616	54
5617	71
5618	61
5619	74
5620	74
5621	64
5622	55
5623	54
5624	61
5625	48
5626	64
5627	59
5628	73
5629	69
5630	65
5631	62
5632	88
5633	74
5634	69
5635	66
5636	75
5637	56
5638	74
5639	79
5640	76
5641	72
5642	93
5643	88
5644	87
5645	104
5646	96
5647	121
5648	139
5649	127
5650	104
5651	128
5652	113
5653	119
5654	111
5655	126
5656	122
5657	124
5658	90
5659	88
5660	94
5661	82
5662	84
5663	72
5664	77
5665	64
5666	81
5667	63
5668	72
5669	59
5670	78
5671	58
5672	69
5673	59
5674	60
5675	67
5676	63
5677	84
5678	66
5679	65
5680	64
5681	67
5682	49
5683	56
5684	77
5685	53
5686	72
5687	48
5688	53
5689	50
5690	56
5691	65
5692	67
5693	73
5694	50
5695	66
5696	54
5697	64
5698	53
5699	53
5700	67
5701	62
5702	61
5703	45
5704	64
5705	56
5706	72
5707	61
5708	51
5709	58
5710	74
5711	69
5712	68
5713	65
5714	59
5715	56
5716	61
5717	65
5718	61
5719	60
5720	66
5721	67
5722	64
5723	67
5724	50
5725	58
5726	60
5727	77
5728	72
5729	64
5730	60
5731	54
5732	56
5733	60
5734	58
5735	66
5736	61
5737	67
5738	77
5739	64
5740	58
5741	60
5742	64
5743	68
5744	57
5745	56
5746	56
5747	54
5748	71
5749	59
5750	57
5751	60
5752	75
5753	75
5754	61
5755	76
5756	59
5757	59
5758	64
5759	56
5760	49
5761	57
5762	68
5763	49
5764	52
5765	62
5766	47
5767	50
5768	49
5769	64
5770	62
5771	49
5772	59
5773	70
5774	71
5775	45
5776	53
5777	63
5778	63
5779	64
5780	75
5781	56
5782	61
5783	56
5784	55
5785	58
5786	54
5787	58
5788	63
5789	51
5790	60
5791	59
5792	71
5793	60
5794	54
5795	70
5796	53
5797	48
5798	51
5799	67
5800	71
5801	54
5802	54
5803	59
5804	54
5805	53
5806	52
5807	67
5808	68
5809	51
5810	57
5811	61
5812	53
5813	48
5814	70
5815	73
5816	74
5817	61
5818	72
5819	55
5820	56
5821	62
5822	61
5823	61
5824	64
5825	57
5826	70
5827	55
5828	59
5829	38
5830	56
5831	69
5832	53
5833	65
5834	56
5835	54
5836	57
5837	58
5838	67
5839	51
5840	51
5841	52
5842	55
5843	64
5844	54
5845	71
5846	60
5847	50
5848	65
5849	61
5850	57
5851	53
5852	47
5853	65
5854	65
5855	67
5856	56
5857	44
5858	59
5859	68
5860	58
5861	52
5862	54
5863	61
5864	58
5865	62
5866	56
5867	61
5868	58
5869	50
5870	58
5871	50
5872	49
5873	55
5874	47
5875	59
5876	78
5877	62
5878	70
5879	54
5880	72
5881	59
5882	77
5883	62
5884	65
5885	64
5886	47
5887	67
5888	57
5889	62
5890	56
5891	69
5892	59
5893	44
5894	70
5895	62
5896	60
5897	58
5898	66
5899	68
5900	54
5901	54
5902	68
5903	56
5904	60
5905	63
5906	67
5907	49
5908	47
5909	51
5910	74
5911	67
5912	75
5913	47
5914	57
5915	58
5916	47
5917	62
5918	56
5919	61
5920	52
5921	48
5922	66
5923	62
5924	62
5925	55
5926	62
5927	58
5928	59
5929	65
5930	49
5931	46
5932	46
5933	60
5934	55
5935	54
5936	55
5937	47
5938	61
5939	66
5940	59
5941	64
5942	58
5943	55
5944	61
5945	63
5946	54
5947	51
5948	59
5949	48
5950	55
5951	49
5952	58
5953	51
5954	63
5955	72
5956	61
5957	66
5958	59
5959	47
5960	52
5961	70
5962	58
5963	66
5964	63
5965	67
5966	61
5967	60
5968	58
5969	61
5970	68
5971	52
5972	58
5973	52
5974	55
5975	59
5976	59
5977	60
5978	59
5979	51
5980	66
5981	63
5982	63
5983	69
5984	60
5985	64
5986	61
5987	61
5988	54
5989	71
5990	51
5991	52
5992	54
5993	51
5994	60
5995	63
5996	59
5997	59
5998	61
5999	62
6000	49
6001	51
6002	68
6003	52
6004	57
6005	64
6006	44
6007	63
6008	54
6009	77
6010	55
6011	59
6012	50
6013	67
6014	60
6015	55
6016	58
6017	62
6018	44
6019	69
6020	61
6021	66
6022	72
6023	46
6024	61
6025	62
6026	55
6027	53
6028	53
6029	54
6030	57
6031	53
6032	52
6033	65
6034	53
6035	61
6036	61
6037	50
6038	57
6039	70
6040	55
6041	69
6042	75
6043	53
6044	56
6045	77
6046	54
6047	48
6048	53
6049	69
6050	55
6051	79
6052	56
6053	59
6054	68
6055	68
6056	53
6057	61
6058	71
6059	68
6060	58
6061	54
6062	68
6063	61
6064	59
6065	70
6066	61
6067	57
6068	60
6069	58
6070	75
6071	62
6072	63
6073	56
6074	55
6075	62
6076	53
6077	66
6078	62
6079	57
6080	66
6081	66
6082	72
6083	78
6084	69
6085	83
6086	92
6087	87
6088	105
6089	100
6090	119
6091	139
6092	168
6093	173
6094	255
6095	286
6096	364
6097	433
6098	526
6099	597
6100	657
6101	811
6102	832
6103	882
6104	930
6105	970
6106	903
6107	927
6108	877
6109	775
6110	748
6111	698
6112	600
6113	511
6114	452
6115	426
6116	387
6117	357
6118	305
6119	307
6120	319
6121	269
6122	286
6123	269
6124	304
6125	252
6126	294
6127	280
6128	287
6129	274
6130	251
6131	215
6132	198
6133	180
6134	190
6135	166
6136	159
6137	119
6138	117
6139	120
6140	107
6141	111
6142	104
6143	101
6144	73
6145	64
6146	86
6147	86
6148	70
6149	78
6150	91
6151	71
6152	87
6153	75
6154	66
6155	61
6156	65
6157	76
6158	72
6159	51
6160	75
6161	83
6162	72
6163	70
6164	65
6165	62
6166	55
6167	57
6168	88
6169	61
6170	54
6171	72
6172	47
6173	67
6174	65
6175	54
6176	62
6177	52
6178	54
6179	74
6180	67
6181	52
6182	57
6183	62
6184	75
6185	53
6186	69
6187	61
6188	65
6189	55
6190	56
6191	68
6192	54
6193	70
6194	63
6195	53
6196	73
6197	57
6198	66
6199	53
6200	64
6201	61
6202	47
6203	66
6204	55
6205	66
6206	57
6207	62
6208	61
6209	59
6210	51
6211	61
6212	60
6213	51
6214	63
6215	65
6216	48
6217	56
6218	53
6219	77
6220	56
6221	60
6222	57
6223	74
6224	67
6225	64
6226	74
6227	62
6228	89
6229	74
6230	70
6231	88
6232	84
6233	76
6234	96
6235	122
6236	137
6237	128
6238	166
6239	178
6240	225
6241	254
6242	324
6243	437
6244	489
6245	579
6246	636
6247	727
6248	874
6249	959
6250	1055
6251	1163
6252	1163
6253	1202
6254	1169
6255	1168
6256	1132
6257	1004
6258	1012
6259	829
6260	742
6261	656
6262	627
6263	475
6264	445
6265	387
6266	332
6267	302
6268	252
6269	228
6270	206
6271	197
6272	189
6273	148
6274	143
6275	146
6276	138
6277	117
6278	115
6279	109
6280	102
6281	107
6282	102
6283	98
6284	107
6285	103
6286	75
6287	71
6288	80
6289	88
6290	88
6291	93
6292	78
6293	80
6294	57
6295	75
6296	67
6297	77
6298	60
6299	68
6300	82
6301	74
6302	80
6303	69
6304	65
6305	70
6306	83
6307	62
6308	82
6309	62
6310	73
6311	71
6312	60
6313	72
6314	70
6315	66
6316	68
6317	60
6318	69
6319	70
6320	75
6321	61
6322	55
6323	74
6324	61
6325	72
6326	66
6327	65
6328	55
6329	60
6330	73
6331	45
6332	58
6333	60
6334	64
6335	63
6336	71
6337	67
6338	62
6339	63
6340	60
6341	68
6342	55
6343	66
6344	67
6345	62
6346	44
6347	58
6348	70
6349	59
6350	62
6351	65
6352	61
6353	52
6354	56
6355	74
6356	63
6357	59
6358	52
6359	73
6360	59
6361	72
6362	53
6363	61
6364	56
6365	58
6366	56
6367	68
6368	64
6369	61
6370	58
6371	65
6372	65
6373	56
6374	69
6375	58
6376	45
6377	70
6378	58
6379	68
6380	51
6381	61
6382	71
6383	58
6384	71
6385	60
6386	71
6387	71
6388	62
6389	55
6390	54
6391	71
6392	60
6393	61
6394	52
6395	64
6396	63
6397	56
6398	62
6399	70
6400	58
6401	58
6402	57
6403	56
6404	52
6405	65
6406	69
6407	51
6408	49
6409	68
6410	44
6411	68
6412	53
6413	69
6414	59
6415	54
6416	68
6417	62
6418	52
6419	61
6420	68
6421	63
6422	55
6423	62
6424	71
6425	65
6426	47
6427	69
6428	57
6429	59
6430	67
6431	62
6432	53
6433	66
6434	67
6435	55
6436	53
6437	59
6438	64
6439	66
6440	62
6441	56
6442	53
6443	51
6444	60
6445	56
6446	57
6447	66
6448	55
6449	58
6450	62
6451	55
6452	72
6453	67
6454	55
6455	77
6456	64
6457	64
6458	57
6459	61
6460	44
6461	66
6462	54
6463	61
6464	58
6465	64
6466	57
6467	68
6468	68
6469	60
6470	61
6471	64
6472	57
6473	52
6474	62
6475	52
6476	62
6477	55
6478	70
6479	52
6480	76
6481	69
6482	53
6483	71
6484	58
6485	67
6486	58
6487	68
6488	78
6489	55
6490	66
6491	67
6492	60
6493	65
6494	60
6495	65
6496	54
6497	64
6498	70
6499	71
6500	60
6501	59
6502	64
6503	55
6504	71
6505	63
6506	77
6507	64
6508	57
6509	61
6510	70
6511	55
6512	52
6513	58
6514	54
6515	53
6516	61
6517	65
6518	54
6519	63
6520	53
6521	64
6522	63
6523	65
6524	62
6525	71
6526	60
6527	58
6528	75
6529	63
6530	58
6531	66
6532	58
6533	61
6534	58
6535	62
6536	63
6537	46
6538	59
6539	62
6540	73
6541	53
6542	72
6543	54
6544	62
6545	65
6546	62
6547	74
6548	60
6549	76
6550	64
6551	65
6552	58
6553	61
6554	52
6555	56
6556	62
6557	62
6558	66
6559	63
6560	65
6561	64
6562	59
6563	60
6564	64
6565	70
6566	84
6567	66
6568	60
6569	75
6570	59
6571	71
6572	69
6573	40
6574	42
6575	70
6576	68
6577	77
6578	72
6579	63
6580	54
6581	68
6582	66
6583	58
6584	72
6585	62
6586	70
6587	59
6588	63
6589	61
6590	71
6591	68
6592	64
6593	62
6594	70
6595	60
6596	73
6597	56
6598	67
6599	65
6600	75
6601	61
6602	63
6603	71
6604	64
6605	55
6606	77
6607	79
6608	65
6609	74
6610	84
6611	69
6612	67
6613	73
6614	67
6615	84
6616	74
6617	62
6618	63
6619	73
6620	65
6621	69
6622	66
6623	54
6624	65
6625	79
6626	63
6627	67
6628	71
6629	60
6630	71
6631	78
6632	65
6633	71
6634	71
6635	57
6636	78
6637	61
6638	68
6639	66
6640	72
6641	89
6642	65
6643	66
6644	58
6645	49
6646	55
6647	63
6648	56
6649	75
6650	51
6651	68
6652	61
6653	72
6654	62
6655	73
6656	71
6657	68
6658	67
6659	61
6660	58
6661	75
6662	65
6663	69
6664	78
6665	60
6666	55
6667	64
6668	68
6669	59
6670	49
6671	51
6672	70
6673	72
6674	51
6675	72
6676	71
6677	74
6678	54
6679	63
6680	56
6681	55
6682	59
6683	61
6684	67
6685	54
6686	60
6687	66
6688	56
6689	60
6690	60
6691	70
6692	59
6693	58
6694	51
6695	47
6696	58
6697	55
6698	55
6699	65
6700	56
6701	65
6702	58
6703	53
6704	54
6705	56
6706	55
6707	55
6708	58
6709	58
6710	57
6711	48
6712	75
6713	56
6714	46
6715	55
6716	43
6717	42
6718	49
6719	49
6720	36
6721	49
6722	44
6723	52
6724	48
6725	45
6726	41
6727	45
6728	54
6729	43
6730	42
6731	58
6732	71
6733	43
6734	46
6735	50
6736	46
6737	47
6738	51
6739	42
6740	50
6741	48
6742	63
6743	37
6744	45
6745	42
6746	46
6747	45
6748	40
6749	48
6750	41
6751	58
6752	48
6753	42
6754	43
6755	41
6756	39
6757	50
6758	57
6759	46
6760	39
6761	48
6762	43
6763	40
6764	58
6765	43
6766	52
6767	47
6768	44
6769	46
6770	45
6771	48
6772	35
6773	36
6774	43
6775	57
6776	38
6777	46
6778	58
6779	43
6780	44
6781	31
6782	39
6783	55
6784	45
6785	43
6786	43
6787	51
6788	29
6789	37
6790	41
6791	40
6792	41
6793	51
6794	48
6795	54
6796	49
6797	37
6798	47
6799	43
6800	46
6801	34
6802	40
6803	54
6804	53
6805	39
6806	59
6807	46
6808	43
6809	56
6810	48
6811	55
6812	65
6813	86
6814	73
6815	90
6816	81
6817	114
6818	114
6819	124
6820	145
6821	141
6822	138
6823	128
6824	138
6825	139
6826	135
6827	130
6828	120
6829	117
6830	99
6831	91
6832	93
6833	68
6834	72
6835	71
6836	67
6837	58
6838	58
6839	56
6840	57
6841	62
6842	43
6843	41
6844	45
6845	36
6846	52
6847	49
6848	38
6849	52
6850	42
6851	38
6852	35
6853	42
6854	47
6855	30
6856	44
6857	38
6858	40
6859	54
6860	48
6861	49
6862	38
6863	34
6864	48
6865	43
6866	43
6867	39
6868	36
6869	42
6870	38
6871	43
6872	40
6873	42
6874	45
6875	38
6876	34
6877	27
6878	30
6879	41
6880	43
6881	37
6882	31
6883	34
6884	37
6885	42
6886	43
6887	42
6888	39
6889	42
6890	42
6891	39
6892	42
6893	33
6894	50
6895	36
6896	32
6897	33
6898	38
6899	33
6900	44
6901	42
6902	35
6903	30
6904	35
6905	35
6906	28
6907	43
6908	32
6909	43
6910	26
6911	36
6912	33
6913	43
6914	43
6915	33
6916	41
6917	30
6918	36
6919	29
6920	42
6921	39
6922	27
6923	41
6924	45
6925	38
6926	31
6927	26
6928	32
6929	35
6930	42
6931	38
6932	42
6933	27
6934	34
6935	34
6936	32
6937	30
6938	38
6939	34
6940	47
6941	37
6942	30
6943	36
6944	34
6945	40
6946	35
6947	43
6948	37
6949	34
6950	31
6951	40
6952	38
6953	37
6954	35
6955	32
6956	44
6957	37
6958	33
6959	53
6960	24
6961	31
6962	36
6963	31
6964	36
6965	40
6966	25
6967	34
6968	37
6969	49
6970	28
6971	37
6972	33
6973	29
6974	36
6975	37
6976	38
6977	33
6978	28
6979	41
6980	36
6981	34
6982	24
6983	33
6984	46
6985	28
6986	38
6987	34
6988	38
6989	21
6990	27
6991	30
6992	29
6993	32
6994	32
6995	40
6996	28
6997	37
6998	23
6999	32
7000	31
7001	37
7002	28
7003	32
7004	37
7005	34
7006	27
7007	31
7008	31
7009	34
7010	43
7011	20
7012	25
7013	44
7014	32
7015	26
7016	27
7017	33
7018	38
7019	22
7020	40
7021	24
7022	27
7023	44
7024	36
7025	39
7026	30
7027	38
7028	39
7029	38
7030	44
7031	45
7032	58
7033	41
7034	52
7035	40
7036	44
7037	39
7038	35
7039	45
7040	26
7041	34
7042	37
7043	30
7044	42
7045	34
7046	26
7047	36
7048	36
7049	40
7050	28
7051	24
7052	37
7053	21
7054	21
7055	30
7056	27
7057	30
7058	22
7059	30
7060	24
7061	22
7062	29
7063	32
7064	32
7065	28
7066	27
7067	37
7068	37
7069	25
7070	30
7071	25
7072	25
7073	41
7074	24
7075	35
7076	26
7077	26
7078	23
7079	30
7080	24
7081	32
7082	20
7083	24
7084	32
7085	28
7086	27
7087	27
7088	28
7089	25
7090	30
7091	20
7092	39
7093	27
7094	27
7095	31
7096	31
7097	32
7098	29
7099	26
7100	17
7101	30
7102	30
7103	33
7104	24
7105	33
7106	32
7107	18
7108	24
7109	38
7110	28
7111	26
7112	20
7113	24
7114	31
7115	32
7116	14
7117	29
7118	27
7119	26
7120	29
7121	33
7122	32
7123	26
7124	27
7125	30
7126	20
7127	19
7128	19
7129	30
7130	38
7131	26
7132	24
7133	23
7134	33
7135	34
7136	23
7137	26
7138	27
7139	23
7140	26
7141	25
7142	37
7143	18
7144	23
7145	18
7146	30
7147	23
7148	28
7149	22
7150	35
7151	19
7152	30
7153	25
7154	29
7155	19
7156	28
7157	22
7158	21
7159	23
7160	23
7161	28
7162	24
7163	21
7164	28
7165	26
7166	20
7167	28
7168	32
7169	24
7170	22
7171	29
7172	24
7173	21
7174	32
7175	20
7176	30
7177	28
7178	18
7179	25
7180	20
7181	37
7182	28
7183	28
7184	15
7185	22
7186	23
7187	25
7188	22
7189	16
7190	25
7191	23
7192	19
7193	26
7194	26
7195	17
7196	17
7197	18
7198	29
7199	26
7200	26
7201	29
7202	19
7203	26
7204	27
7205	22
7206	22
7207	18
7208	23
7209	21
7210	25
7211	20
7212	26
7213	16
7214	20
7215	30
7216	25
7217	17
7218	24
7219	19
7220	17
7221	23
7222	24
7223	24
7224	20
7225	11
7226	25
7227	24
7228	20
7229	20
7230	20
7231	12
7232	13
7233	24
7234	19
7235	26
7236	27
7237	10
7238	17
7239	17
7240	18
7241	24
7242	16
7243	18
7244	24
7245	20
7246	22
7247	20
7248	22
7249	13
7250	19
7251	16
7252	22
7253	25
7254	12
7255	16
7256	28
7257	26
7258	16
7259	28
7260	14
7261	19
7262	17
7263	18
7264	26
7265	18
7266	22
7267	22
7268	26
7269	18
7270	18
7271	25
7272	33
7273	30
7274	27
7275	30
7276	28
7277	25
7278	24
7279	26
7280	23
7281	18
7282	17
7283	27
7284	18
7285	26
7286	21
7287	18
7288	19
7289	18
7290	25
7291	28
7292	26
7293	24
7294	20
7295	28
7296	33
7297	39
7298	43
7299	54
7300	50
7301	59
7302	88
7303	79
7304	86
7305	94
7306	99
7307	118
7308	129
7309	138
7310	142
7311	136
7312	131
7313	113
7314	101
7315	122
7316	88
7317	88
7318	84
7319	86
7320	72
7321	54
7322	51
7323	50
7324	35
7325	34
7326	50
7327	39
7328	33
7329	26
7330	31
7331	22
7332	21
7333	35
7334	28
7335	24
7336	24
7337	18
7338	24
7339	30
7340	26
7341	17
7342	20
7343	25
7344	25
7345	13
7346	23
7347	24
7348	25
7349	20
7350	20
7351	17
7352	22
7353	22
7354	13
7355	22
7356	24
7357	15
7358	16
7359	20
7360	14
7361	19
7362	10
7363	12
7364	17
7365	16
7366	20
7367	16
7368	12
7369	11
7370	20
7371	20
7372	15
7373	15
7374	17
7375	11
7376	16
7377	27
7378	11
7379	17
7380	22
7381	10
7382	10
7383	13
7384	19
7385	15
7386	15
7387	11
7388	13
7389	17
7390	13
7391	18
7392	15
7393	12
7394	16
7395	15
7396	17
7397	18
7398	13
7399	19
7400	8
7401	15
7402	23
7403	24
7404	16
7405	13
7406	19
7407	23
7408	23
7409	19
7410	14
7411	11
7412	16
7413	16
7414	16
7415	16
7416	15
7417	13
7418	20
7419	9
7420	11
7421	17
7422	17
7423	11
7424	14
7425	23
7426	16
7427	17
7428	13
7429	14
7430	15
7431	18
7432	14
7433	27
7434	16
7435	16
7436	12
7437	18
7438	17
7439	12
7440	23
7441	14
7442	11
7443	19
7444	16
7445	19
7446	12
7447	11
7448	13
7449	9
7450	13
7451	13
7452	16
7453	11
7454	17
7455	14
7456	22
7457	9
7458	11
7459	12
7460	12
7461	19
7462	20
7463	15
7464	7
7465	15
7466	12
7467	15
7468	17
7469	14
7470	11
7471	18
7472	9
7473	13
7474	14
7475	14
7476	11
7477	17
7478	16
7479	19
7480	12
7481	17
7482	14
7483	23
7484	15
7485	11
7486	13
7487	13
7488	13
7489	15
7490	11
7491	16
7492	11
7493	13
7494	10
7495	12
7496	9
7497	13
7498	19
7499	14
7500	10
7501	13
7502	13
7503	13
7504	15
7505	15
7506	12
7507	12
7508	9
7509	15
7510	11
7511	9
7512	10
7513	15
7514	12
7515	11
7516	10
7517	13
7518	14
7519	11
7520	11
7521	16
7522	15
7523	14
7524	15
7525	14
7526	15
7527	13
7528	14
7529	16
7530	9
7531	12
7532	9
7533	8
7534	15
7535	16
7536	21
7537	9
7538	9
7539	16
7540	14
7541	19
7542	11
7543	10
7544	13
7545	14
7546	17
7547	14
7548	14
7549	12
7550	14
7551	9
7552	19
7553	11
7554	14
7555	12
7556	17
7557	11
7558	15
7559	14
7560	7
7561	13
7562	18
7563	11
7564	7
7565	14
7566	11
7567	12
7568	15
7569	10
7570	9
7571	12
7572	7
7573	13
7574	9
7575	13
7576	14
7577	16
7578	12
7579	12
7580	15
7581	14
7582	6
7583	14
7584	13
7585	14
7586	13
7587	9
7588	13
7589	14
7590	12
7591	9
7592	10
7593	14
7594	8
7595	9
7596	17
7597	17
7598	11
7599	7
7600	12
7601	13
7602	14
7603	10
7604	10
7605	15
7606	13
7607	13
7608	15
7609	9
7610	12
7611	8
7612	14
7613	9
7614	12
7615	6
7616	14
7617	6
7618	10
7619	13
7620	7
7621	12
7622	14
7623	12
7624	9
7625	11
7626	10
7627	22
7628	10
7629	9
7630	9
7631	8
7632	11
7633	10
7634	8
7635	8
7636	10
7637	13
7638	20
7639	17
7640	11
7641	14
7642	8
7643	14
7644	7
7645	8
7646	13
7647	12
7648	7
7649	9
7650	9
7651	11
7652	11
7653	7
7654	12
7655	7
7656	15
7657	18
7658	10
7659	13
7660	8
7661	15
7662	10
7663	13
7664	19
7665	21
7666	8
7667	20
7668	14
7669	13
7670	11
7671	7
7672	13
7673	10
7674	14
7675	23
7676	12
7677	11
7678	15
7679	8
7680	11
7681	15
7682	11
7683	8
7684	11
7685	8
7686	11
7687	12
7688	14
7689	10
7690	6
7691	16
7692	8
7693	14
7694	13
7695	10
7696	17
7697	7
7698	14
7699	11
7700	11
7701	10
7702	10
7703	15
7704	4
7705	16
7706	12
7707	15
7708	9
7709	14
7710	18
7711	13
7712	11
7713	9
7714	13
7715	18
7716	11
7717	9
7718	7
7719	9
7720	15
7721	10
7722	15
7723	12
7724	14
7725	14
7726	12
7727	7
7728	7
7729	11
7730	8
7731	6
7732	7
7733	13
7734	11
7735	16
7736	6
7737	13
7738	12
7739	7
7740	7
7741	15
7742	8
7743	12
7744	6
7745	4
7746	12
7747	6
7748	12
7749	8
7750	6
7751	11
7752	20
7753	11
7754	12
7755	13
7756	12
7757	4
7758	7
7759	14
7760	10
7761	9
7762	8
7763	10
7764	17
7765	12
7766	9
7767	14
7768	7
7769	8
7770	16
7771	9
7772	8
7773	9
7774	8
7775	10
7776	6
7777	10
7778	9
7779	8
7780	13
7781	9
7782	4
7783	12
7784	9
7785	9
7786	9
7787	13
7788	14
7789	11
7790	9
7791	10
7792	11
7793	13
7794	9
7795	11
7796	15
7797	6
7798	12
7799	13
7800	7
7801	9
7802	8
7803	9
7804	9
7805	11
7806	17
7807	10
7808	12
7809	13
7810	6
7811	17
7812	7
7813	8
7814	10
7815	11
7816	7
7817	12
7818	14
7819	11
7820	13
7821	10
7822	11
7823	11
7824	5
7825	16
7826	7
7827	6
7828	11
7829	15
7830	19
7831	9
7832	15
7833	9
7834	9
7835	10
7836	10
7837	10
7838	9
7839	11
7840	9
7841	13
7842	20
7843	12
7844	18
7845	9
7846	8
7847	7
7848	9
7849	11
7850	5
7851	8
7852	11
7853	10
7854	12
7855	6
7856	15
7857	12
7858	8
7859	8
7860	5
7861	14
7862	8
7863	12
7864	16
7865	10
7866	10
7867	18
7868	22
7869	8
7870	9
7871	6
7872	16
7873	16
7874	11
7875	14
7876	9
7877	8
7878	12
7879	6
7880	12
7881	3
7882	14
7883	10
7884	8
7885	17
7886	8
7887	10
7888	18
7889	15
7890	23
7891	11
7892	18
7893	16
7894	24
7895	12
7896	15
7897	21
7898	18
7899	16
7900	29
7901	28
7902	42
7903	41
7904	54
7905	67
7906	69
7907	100
7908	137
7909	217
7910	264
7911	327
7912	444
7913	499
7914	590
7915	689
7916	826
7917	913
7918	1040
7919	1177
7920	1294
7921	1338
7922	1355
7923	1437
7924	1339
7925	1319
7926	1203
7927	1134
7928	1027
7929	901
7930	793
7931	691
7932	600
7933	467
7934	486
7935	381
7936	317
7937	298
7938	208
7939	218
7940	214
7941	144
7942	168
7943	134
7944	123
7945	126
7946	100
7947	80
7948	75
7949	66
7950	61
7951	55
7952	59
7953	30
7954	52
7955	50
7956	29
7957	30
7958	44
7959	33
7960	24
7961	28
7962	36
7963	36
7964	24
7965	22
7966	25
7967	25
7968	20
7969	32
7970	28
7971	14
7972	13
7973	18
7974	25
7975	11
7976	10
7977	17
7978	23
7979	25
7980	20
7981	17
7982	20
7983	15
7984	20
7985	16
7986	20
7987	15
7988	14
7989	27
7990	18
7991	13
7992	13
7993	17
7994	15
7995	13
7996	15
7997	7
7998	12
7999	11
8000	12
8001	9
8002	13
8003	14
8004	10
8005	17
8006	11
8007	9
8008	13
8009	11
8010	9
8011	11
8012	17
8013	10
8014	7
8015	11
8016	11
8017	16
8018	8
8019	14
8020	8
8021	10
8022	8
8023	7
8024	12
8025	8
8026	3
8027	11
8028	10
8029	11
8030	14
8031	11
8032	11
8033	5
8034	10
8035	6
8036	7
8037	17
8038	10
8039	6
8040	12
8041	11
8042	5
8043	13
8044	9
8045	8
8046	9
8047	13
8048	7
8049	15
8050	7
8051	7
8052	9
8053	13
8054	8
8055	8
8056	5
8057	9
8058	3
8059	5
8060	9
8061	7
8062	14
8063	11
8064	6
8065	16
8066	13
8067	8
8068	12
8069	14
8070	7
8071	6
8072	7
8073	5
8074	5
8075	6
8076	11
8077	14
8078	6
8079	8
8080	5
8081	7
8082	9
8083	8
8084	5
8085	5
8086	12
8087	9
8088	11
8089	10
8090	8
8091	9
8092	6
8093	11
8094	5
8095	9
8096	6
8097	8
8098	9
8099	6
8100	10
8101	7
8102	7
8103	13
8104	2
8105	9
8106	5
8107	5
8108	0
8109	1
8110	0
8111	0
8112	0
8113	0
8114	0
8115	0
8116	0
8117	0
8118	0
8119	0
8120	0
8121	0
8122	0
8123	0
8124	0
8125	0
8126	0
8127	0
8128	0
8129	0
8130	0
8131	0
8132	0
8133	0
8134	0
8135	0
8136	0
8137	0
8138	0
8139	0
8140	0
8141	0
8142	0
8143	0
8144	0
8145	0
8146	0
8147	0
8148	0
8149	0
8150	0
8151	0
8152	0
8153	0
8154	0
8155	0
8156	0
8157	0
8158	0
8159	0
8160	0
8161	0
8162	0
8163	0
8164	0
8165	0
8166	0
8167	0
8168	0
8169	0
8170	0
8171	0
8172	0
8173	0
8174	0
8175	0
8176	0
8177	0
8178	0
8179	0
8180	0
8181	0
8182	0
8183	0
8184	0
8185	0
8186	0
8187	0
8188	0
8189	0
8190	0
8191	0
