0	0
1	0
2	0
3	0
4	0
5	0
6	0
7	0
8	0
9	0
10	0
11	0
12	0
13	0
14	0
15	0
16	0
17	0
18	0
19	0
20	0
21	0
22	0
23	0
24	0
25	0
26	0
27	0
28	0
29	0
30	0
31	0
32	0
33	0
34	0
35	0
36	0
37	0
38	0
39	0
40	0
41	0
42	0
43	0
44	0
45	0
46	0
47	0
48	0
49	0
50	0
51	0
52	0
53	0
54	0
55	0
56	0
57	0
58	0
59	0
60	0
61	0
62	0
63	0
64	0
65	0
66	0
67	0
68	21
69	66
70	145
71	201
72	167
73	173
74	138
75	125
76	113
77	102
78	84
79	94
80	93
81	92
82	84
83	91
84	91
85	90
86	84
87	95
88	97
89	75
90	75
91	79
92	80
93	95
94	99
95	78
96	85
97	77
98	90
99	66
100	66
101	91
102	76
103	73
104	81
105	81
106	81
107	79
108	79
109	62
110	94
111	80
112	59
113	71
114	75
115	66
116	60
117	70
118	77
119	73
120	77
121	77
122	72
123	74
124	69
125	69
126	77
127	80
128	75
129	76
130	72
131	74
132	64
133	77
134	63
135	65
136	77
137	73
138	75
139	75
140	64
141	65
142	62
143	64
144	64
145	74
146	68
147	66
148	63
149	44
150	54
151	65
152	70
153	57
154	69
155	59
156	51
157	64
158	58
159	75
160	44
161	75
162	60
163	54
164	61
165	66
166	62
167	64
168	70
169	70
170	72
171	69
172	74
173	69
174	49
175	59
176	56
177	69
178	84
179	61
180	62
181	62
182	41
183	60
184	73
185	53
186	69
187	62
188	61
189	54
190	54
191	54
192	65
193	59
194	46
195	51
196	68
197	67
198	45
199	48
200	52
201	54
202	59
203	55
204	53
205	53
206	48
207	72
208	59
209	55
210	66
211	46
212	49
213	54
214	43
215	62
216	55
217	54
218	60
219	52
220	47
221	55
222	52
223	49
224	54
225	54
226	51
227	45
228	47
229	68
230	51
231	46
232	54
233	46
234	37
235	48
236	52
237	47
238	59
239	47
240	51
241	53
242	48
243	42
244	47
245	46
246	51
247	45
248	49
249	46
250	45
251	47
252	58
253	45
254	43
255	48
256	49
257	44
258	52
259	36
260	42
261	50
262	46
263	46
264	53
265	42
266	41
267	40
268	42
269	36
270	47
271	48
272	48
273	38
274	40
275	45
276	45
277	37
278	38
279	52
280	43
281	38
282	50
283	39
284	49
285	44
286	44
287	30
288	48
289	40
290	51
291	46
292	43
293	39
294	33
295	36
296	31
297	45
298	44
299	42
300	44
301	51
302	36
303	37
304	49
305	46
306	46
307	49
308	35
309	42
310	41
311	38
312	36
313	26
314	46
315	35
316	34
317	46
318	35
319	36
320	39
321	51
322	41
323	38
324	32
325	41
326	41
327	40
328	48
329	39
330	53
331	34
332	37
333	41
334	44
335	36
336	41
337	33
338	44
339	33
340	27
341	27
342	43
343	35
344	34
345	35
346	51
347	28
348	52
349	31
350	34
351	37
352	44
353	42
354	44
355	28
356	44
357	29
358	34
359	39
360	23
361	36
362	43
363	39
364	49
365	33
366	37
367	33
368	43
369	42
370	26
371	30
372	43
373	47
374	34
375	35
376	34
377	43
378	45
379	46
380	39
381	50
382	38
383	39
384	35
385	36
386	35
387	38
388	40
389	30
390	48
391	49
392	44
393	52
394	35
395	45
396	42
397	42
398	50
399	45
400	24
401	46
402	29
403	50
404	39
405	33
406	42
407	45
408	47
409	37
410	31
411	32
412	35
413	38
414	43
415	54
416	38
417	32
418	36
419	39
420	44
421	40
422	27
423	36
424	35
425	28
426	47
427	39
428	42
429	32
430	32
431	31
432	40
433	40
434	32
435	34
436	42
437	44
438	39
439	48
440	41
441	39
442	32
443	39
444	38
445	46
446	32
447	41
448	33
449	35
450	31
451	47
452	43
453	38
454	44
455	46
456	38
457	46
458	38
459	35
460	35
461	41
462	41
463	51
464	43
465	43
466	48
467	44
468	40
469	41
470	45
471	36
472	41
473	39
474	38
475	42
476	35
477	49
478	41
479	38
480	39
481	40
482	29
483	32
484	43
485	35
486	43
487	44
488	41
489	30
490	45
491	44
492	35
493	45
494	35
495	39
496	46
497	34
498	47
499	39
500	45
501	40
502	43
503	32
504	39
505	38
506	43
507	38
508	38
509	47
510	35
511	42
512	37
513	48
514	32
515	38
516	31
517	32
518	35
519	47
520	47
521	34
522	47
523	45
524	46
525	44
526	41
527	50
528	36
529	34
530	38
531	42
532	48
533	38
534	53
535	37
536	37
537	42
538	43
539	53
540	31
541	39
542	37
543	38
544	31
545	38
546	45
547	38
548	27
549	38
550	45
551	48
552	30
553	31
554	34
555	36
556	39
557	39
558	43
559	41
560	39
561	43
562	29
563	39
564	41
565	34
566	56
567	48
568	47
569	47
570	48
571	42
572	36
573	39
574	38
575	44
576	45
577	31
578	40
579	47
580	34
581	32
582	37
583	39
584	36
585	43
586	30
587	44
588	32
589	42
590	40
591	32
592	41
593	41
594	29
595	42
596	40
597	30
598	38
599	49
600	44
601	48
602	41
603	51
604	40
605	44
606	40
607	35
608	45
609	48
610	39
611	44
612	38
613	41
614	37
615	33
616	42
617	41
618	35
619	38
620	35
621	34
622	36
623	32
624	45
625	43
626	46
627	42
628	36
629	38
630	44
631	47
632	43
633	49
634	36
635	26
636	40
637	46
638	38
639	35
640	30
641	30
642	37
643	39
644	29
645	40
646	31
647	39
648	40
649	48
650	43
651	28
652	34
653	47
654	43
655	46
656	45
657	35
658	45
659	47
660	34
661	35
662	38
663	43
664	39
665	32
666	48
667	36
668	44
669	51
670	40
671	36
672	31
673	32
674	32
675	29
676	33
677	40
678	47
679	46
680	33
681	48
682	47
683	39
684	54
685	37
686	33
687	32
688	39
689	42
690	47
691	28
692	32
693	34
694	34
695	40
696	37
697	47
698	33
699	34
700	34
701	40
702	28
703	48
704	39
705	31
706	26
707	43
708	35
709	43
710	44
711	29
712	30
713	38
714	44
715	38
716	43
717	39
718	23
719	46
720	32
721	33
722	42
723	34
724	33
725	30
726	41
727	32
728	43
729	46
730	36
731	36
732	40
733	28
734	29
735	38
736	45
737	44
738	45
739	36
740	41
741	40
742	41
743	27
744	39
745	30
746	26
747	35
748	33
749	44
750	44
751	45
752	38
753	33
754	37
755	43
756	46
757	33
758	27
759	40
760	41
761	36
762	33
763	35
764	44
765	35
766	37
767	34
768	32
769	40
770	33
771	42
772	24
773	32
774	28
775	32
776	32
777	23
778	29
779	41
780	37
781	41
782	38
783	28
784	31
785	40
786	26
787	40
788	46
789	36
790	33
791	38
792	39
793	34
794	40
795	36
796	24
797	36
798	30
799	35
800	24
801	31
802	32
803	43
804	29
805	30
806	29
807	44
808	38
809	42
810	35
811	27
812	28
813	40
814	38
815	38
816	34
817	30
818	28
819	28
820	28
821	28
822	36
823	33
824	29
825	27
826	32
827	30
828	36
829	30
830	35
831	48
832	41
833	26
834	26
835	34
836	29
837	34
838	32
839	28
840	17
841	38
842	32
843	40
844	34
845	27
846	36
847	23
848	49
849	28
850	22
851	28
852	24
853	32
854	30
855	36
856	38
857	31
858	42
859	35
860	32
861	30
862	32
863	42
864	31
865	35
866	41
867	29
868	33
869	39
870	34
871	42
872	24
873	28
874	25
875	31
876	28
877	36
878	30
879	24
880	37
881	25
882	30
883	29
884	24
885	33
886	22
887	30
888	31
889	28
890	29
891	31
892	39
893	34
894	26
895	28
896	26
897	30
898	28
899	28
900	26
901	28
902	28
903	32
904	30
905	29
906	34
907	24
908	34
909	22
910	27
911	30
912	23
913	27
914	27
915	38
916	28
917	36
918	26
919	33
920	26
921	30
922	30
923	28
924	28
925	25
926	24
927	34
928	31
929	33
930	21
931	34
932	32
933	27
934	33
935	24
936	30
937	30
938	36
939	31
940	38
941	26
942	24
943	21
944	32
945	20
946	29
947	27
948	35
949	32
950	32
951	30
952	23
953	23
954	23
955	36
956	27
957	22
958	22
959	23
960	19
961	22
962	25
963	30
964	37
965	20
966	27
967	29
968	22
969	29
970	24
971	20
972	31
973	37
974	23
975	27
976	26
977	23
978	25
979	22
980	15
981	22
982	27
983	30
984	26
985	23
986	26
987	30
988	28
989	28
990	21
991	21
992	33
993	25
994	21
995	24
996	23
997	31
998	26
999	38
1000	24
1001	23
1002	35
1003	30
1004	29
1005	23
1006	28
1007	26
1008	21
1009	37
1010	29
1011	30
1012	24
1013	30
1014	23
1015	21
1016	22
1017	22
1018	34
1019	36
1020	28
1021	37
1022	26
1023	28
1024	32
1025	26
1026	23
1027	17
1028	17
1029	24
1030	22
1031	25
1032	23
1033	19
1034	29
1035	26
1036	28
1037	23
1038	24
1039	26
1040	17
1041	21
1042	26
1043	25
1044	21
1045	21
1046	18
1047	21
1048	25
1049	26
1050	19
1051	13
1052	15
1053	25
1054	31
1055	31
1056	21
1057	18
1058	24
1059	19
1060	19
1061	26
1062	26
1063	22
1064	24
1065	16
1066	20
1067	24
1068	27
1069	25
1070	23
1071	25
1072	23
1073	20
1074	31
1075	25
1076	19
1077	27
1078	20
1079	22
1080	24
1081	19
1082	21
1083	27
1084	24
1085	21
1086	33
1087	23
1088	41
1089	27
1090	26
1091	18
1092	28
1093	23
1094	21
1095	16
1096	20
1097	27
1098	16
1099	23
1100	25
1101	33
1102	22
1103	17
1104	16
1105	25
1106	21
1107	31
1108	32
1109	26
1110	21
1111	19
1112	16
1113	17
1114	16
1115	31
1116	25
1117	30
1118	23
1119	22
1120	24
1121	22
1122	25
1123	22
1124	21
1125	21
1126	18
1127	17
1128	15
1129	15
1130	28
1131	16
1132	30
1133	16
1134	27
1135	21
1136	20
1137	23
1138	19
1139	22
1140	20
1141	21
1142	16
1143	27
1144	19
1145	25
1146	24
1147	18
1148	31
1149	21
1150	18
1151	11
1152	34
1153	22
1154	18
1155	17
1156	17
1157	21
1158	21
1159	19
1160	21
1161	14
1162	18
1163	22
1164	17
1165	22
1166	19
1167	23
1168	14
1169	23
1170	24
1171	21
1172	25
1173	24
1174	16
1175	20
1176	22
1177	8
1178	18
1179	15
1180	19
1181	23
1182	24
1183	20
1184	28
1185	26
1186	19
1187	17
1188	23
1189	19
1190	18
1191	19
1192	16
1193	22
1194	13
1195	20
1196	21
1197	16
1198	16
1199	16
1200	15
1201	22
1202	22
1203	14
1204	13
1205	17
1206	18
1207	21
1208	18
1209	21
1210	19
1211	22
1212	12
1213	17
1214	18
1215	22
1216	20
1217	20
1218	22
1219	18
1220	16
1221	15
1222	16
1223	18
1224	17
1225	14
1226	21
1227	17
1228	16
1229	25
1230	13
1231	21
1232	17
1233	15
1234	19
1235	18
1236	21
1237	19
1238	16
1239	13
1240	22
1241	18
1242	20
1243	19
1244	20
1245	20
1246	11
1247	17
1248	25
1249	17
1250	27
1251	12
1252	21
1253	21
1254	19
1255	23
1256	22
1257	13
1258	18
1259	15
1260	20
1261	25
1262	13
1263	26
1264	20
1265	16
1266	20
1267	15
1268	26
1269	13
1270	20
1271	16
1272	17
1273	25
1274	17
1275	30
1276	21
1277	17
1278	16
1279	13
1280	16
1281	22
1282	19
1283	14
1284	20
1285	16
1286	21
1287	14
1288	19
1289	11
1290	19
1291	21
1292	13
1293	25
1294	13
1295	13
1296	12
1297	22
1298	19
1299	11
1300	17
1301	14
1302	22
1303	15
1304	9
1305	13
1306	19
1307	11
1308	18
1309	18
1310	19
1311	18
1312	10
1313	17
1314	6
1315	12
1316	19
1317	10
1318	16
1319	30
1320	35
1321	24
1322	33
1323	23
1324	33
1325	20
1326	32
1327	36
1328	29
1329	22
1330	22
1331	22
1332	17
1333	15
1334	13
1335	17
1336	22
1337	18
1338	28
1339	17
1340	10
1341	20
1342	16
1343	12
1344	25
1345	25
1346	9
1347	12
1348	13
1349	17
1350	14
1351	17
1352	18
1353	10
1354	15
1355	13
1356	16
1357	14
1358	12
1359	16
1360	12
1361	17
1362	14
1363	9
1364	11
1365	14
1366	12
1367	16
1368	12
1369	15
1370	11
1371	12
1372	9
1373	9
1374	21
1375	19
1376	16
1377	10
1378	15
1379	9
1380	12
1381	20
1382	18
1383	11
1384	7
1385	11
1386	9
1387	13
1388	10
1389	16
1390	13
1391	15
1392	12
1393	18
1394	12
1395	20
1396	18
1397	13
1398	10
1399	12
1400	16
1401	12
1402	15
1403	12
1404	22
1405	15
1406	15
1407	19
1408	18
1409	11
1410	14
1411	14
1412	16
1413	8
1414	15
1415	11
1416	12
1417	12
1418	7
1419	7
1420	15
1421	14
1422	8
1423	13
1424	16
1425	15
1426	15
1427	17
1428	18
1429	12
1430	16
1431	11
1432	17
1433	13
1434	23
1435	17
1436	22
1437	11
1438	16
1439	10
1440	9
1441	15
1442	14
1443	11
1444	13
1445	9
1446	8
1447	8
1448	11
1449	18
1450	12
1451	15
1452	17
1453	15
1454	14
1455	14
1456	12
1457	13
1458	11
1459	15
1460	14
1461	20
1462	6
1463	14
1464	14
1465	13
1466	11
1467	18
1468	9
1469	9
1470	7
1471	8
1472	11
1473	12
1474	10
1475	8
1476	12
1477	20
1478	7
1479	13
1480	16
1481	7
1482	10
1483	12
1484	9
1485	10
1486	8
1487	11
1488	8
1489	10
1490	12
1491	15
1492	9
1493	11
1494	12
1495	13
1496	11
1497	13
1498	14
1499	7
1500	17
1501	13
1502	11
1503	10
1504	7
1505	19
1506	13
1507	10
1508	11
1509	6
1510	12
1511	10
1512	12
1513	12
1514	17
1515	14
1516	16
1517	12
1518	12
1519	15
1520	10
1521	11
1522	13
1523	13
1524	13
1525	8
1526	18
1527	10
1528	7
1529	9
1530	14
1531	8
1532	8
1533	12
1534	14
1535	11
1536	6
1537	13
1538	7
1539	16
1540	16
1541	9
1542	9
1543	14
1544	12
1545	12
1546	7
1547	9
1548	10
1549	8
1550	9
1551	8
1552	18
1553	8
1554	8
1555	16
1556	16
1557	13
1558	13
1559	10
1560	6
1561	14
1562	12
1563	9
1564	10
1565	9
1566	7
1567	9
1568	10
1569	12
1570	10
1571	11
1572	12
1573	7
1574	11
1575	16
1576	8
1577	17
1578	14
1579	11
1580	9
1581	11
1582	14
1583	10
1584	8
1585	9
1586	9
1587	8
1588	10
1589	11
1590	9
1591	9
1592	15
1593	8
1594	10
1595	14
1596	12
1597	9
1598	8
1599	7
1600	9
1601	13
1602	13
1603	11
1604	9
1605	15
1606	12
1607	5
1608	14
1609	10
1610	12
1611	13
1612	8
1613	7
1614	13
1615	10
1616	8
1617	10
1618	13
1619	11
1620	12
1621	9
1622	9
1623	16
1624	14
1625	5
1626	14
1627	9
1628	10
1629	12
1630	7
1631	5
1632	12
1633	7
1634	10
1635	12
1636	9
1637	8
1638	13
1639	24
1640	14
1641	12
1642	14
1643	13
1644	16
1645	16
1646	13
1647	12
1648	8
1649	10
1650	12
1651	11
1652	7
1653	8
1654	8
1655	6
1656	12
1657	15
1658	9
1659	13
1660	12
1661	11
1662	7
1663	8
1664	11
1665	14
1666	8
1667	13
1668	7
1669	9
1670	9
1671	14
1672	13
1673	13
1674	10
1675	5
1676	6
1677	14
1678	12
1679	16
1680	4
1681	15
1682	5
1683	12
1684	10
1685	6
1686	5
1687	11
1688	12
1689	9
1690	10
1691	11
1692	10
1693	5
1694	9
1695	3
1696	10
1697	11
1698	8
1699	11
1700	19
1701	17
1702	7
1703	6
1704	12
1705	11
1706	10
1707	3
1708	9
1709	12
1710	11
1711	7
1712	8
1713	10
1714	8
1715	13
1716	3
1717	6
1718	7
1719	12
1720	13
1721	6
1722	10
1723	8
1724	5
1725	2
1726	13
1727	4
1728	6
1729	9
1730	5
1731	9
1732	8
1733	11
1734	11
1735	5
1736	14
1737	6
1738	8
1739	9
1740	7
1741	8
1742	10
1743	2
1744	8
1745	9
1746	10
1747	9
1748	10
1749	8
1750	7
1751	8
1752	10
1753	6
1754	9
1755	6
1756	7
1757	5
1758	5
1759	8
1760	10
1761	8
1762	10
1763	8
1764	9
1765	7
1766	9
1767	6
1768	10
1769	4
1770	13
1771	10
1772	8
1773	9
1774	7
1775	12
1776	14
1777	9
1778	6
1779	4
1780	5
1781	10
1782	10
1783	7
1784	10
1785	8
1786	5
1787	9
1788	9
1789	8
1790	7
1791	9
1792	9
1793	6
1794	6
1795	5
1796	12
1797	4
1798	11
1799	10
1800	3
1801	13
1802	8
1803	10
1804	5
1805	13
1806	11
1807	8
1808	5
1809	7
1810	10
1811	8
1812	9
1813	11
1814	10
1815	8
1816	4
1817	9
1818	7
1819	7
1820	12
1821	11
1822	13
1823	3
1824	4
1825	7
1826	6
1827	11
1828	13
1829	7
1830	12
1831	7
1832	7
1833	6
1834	6
1835	9
1836	6
1837	6
1838	3
1839	9
1840	7
1841	6
1842	7
1843	1
1844	3
1845	9
1846	10
1847	8
1848	5
1849	3
1850	7
1851	4
1852	8
1853	10
1854	8
1855	3
1856	8
1857	8
1858	7
1859	8
1860	9
1861	10
1862	6
1863	9
1864	10
1865	11
1866	3
1867	5
1868	5
1869	10
1870	5
1871	9
1872	10
1873	3
1874	5
1875	10
1876	8
1877	4
1878	5
1879	5
1880	4
1881	4
1882	11
1883	9
1884	7
1885	11
1886	9
1887	10
1888	10
1889	9
1890	10
1891	10
1892	9
1893	10
1894	9
1895	6
1896	7
1897	7
1898	7
1899	12
1900	4
1901	5
1902	10
1903	5
1904	2
1905	17
1906	3
1907	8
1908	8
1909	5
1910	7
1911	7
1912	5
1913	14
1914	6
1915	9
1916	4
1917	7
1918	9
1919	2
1920	9
1921	10
1922	5
1923	9
1924	7
1925	5
1926	5
1927	5
1928	3
1929	10
1930	11
1931	9
1932	10
1933	8
1934	2
1935	4
1936	8
1937	9
1938	7
1939	12
1940	10
1941	5
1942	2
1943	6
1944	7
1945	5
1946	11
1947	7
1948	4
1949	2
1950	12
1951	4
1952	6
1953	8
1954	7
1955	4
1956	7
1957	14
1958	17
1959	13
1960	14
1961	16
1962	13
1963	17
1964	16
1965	17
1966	8
1967	13
1968	12
1969	9
1970	9
1971	8
1972	7
1973	8
1974	7
1975	10
1976	7
1977	9
1978	8
1979	5
1980	3
1981	6
1982	3
1983	3
1984	12
1985	8
1986	5
1987	3
1988	7
1989	6
1990	2
1991	5
1992	6
1993	9
1994	5
1995	9
1996	5
1997	5
1998	5
1999	2
2000	6
2001	5
2002	3
2003	9
2004	6
2005	9
2006	11
2007	5
2008	5
2009	7
2010	3
2011	16
2012	9
2013	2
2014	7
2015	7
2016	12
2017	6
2018	9
2019	10
2020	8
2021	3
2022	7
2023	7
2024	5
2025	3
2026	7
2027	4
2028	7
2029	8
2030	6
2031	4
2032	8
2033	6
2034	8
2035	6
2036	7
2037	4
2038	4
2039	4
2040	3
2041	1
2042	3
2043	11
2044	6
2045	3
2046	3
2047	5
2048	9
2049	5
2050	7
2051	10
2052	6
2053	3
2054	8
2055	6
2056	1
2057	10
2058	12
2059	6
2060	6
2061	7
2062	7
2063	2
2064	7
2065	4
2066	3
2067	6
2068	4
2069	4
2070	8
2071	9
2072	7
2073	6
2074	5
2075	5
2076	8
2077	7
2078	8
2079	7
2080	8
2081	6
2082	7
2083	4
2084	8
2085	13
2086	6
2087	5
2088	8
2089	7
2090	2
2091	3
2092	7
2093	4
2094	7
2095	5
2096	7
2097	5
2098	6
2099	7
2100	3
2101	6
2102	10
2103	3
2104	4
2105	3
2106	10
2107	3
2108	8
2109	7
2110	4
2111	7
2112	5
2113	5
2114	6
2115	3
2116	4
2117	5
2118	5
2119	9
2120	5
2121	6
2122	3
2123	4
2124	9
2125	12
2126	13
2127	5
2128	1
2129	7
2130	8
2131	8
2132	4
2133	5
2134	7
2135	2
2136	7
2137	6
2138	6
2139	6
2140	7
2141	8
2142	8
2143	10
2144	6
2145	6
2146	6
2147	4
2148	4
2149	6
2150	2
2151	3
2152	5
2153	8
2154	5
2155	5
2156	7
2157	9
2158	3
2159	4
2160	2
2161	5
2162	3
2163	9
2164	5
2165	4
2166	6
2167	7
2168	5
2169	7
2170	6
2171	2
2172	4
2173	8
2174	8
2175	7
2176	5
2177	6
2178	3
2179	9
2180	2
2181	9
2182	9
2183	6
2184	6
2185	5
2186	6
2187	3
2188	7
2189	3
2190	7
2191	7
2192	5
2193	5
2194	3
2195	5
2196	6
2197	4
2198	4
2199	5
2200	6
2201	4
2202	3
2203	6
2204	2
2205	9
2206	1
2207	8
2208	2
2209	6
2210	4
2211	3
2212	5
2213	6
2214	5
2215	3
2216	6
2217	4
2218	1
2219	3
2220	2
2221	3
2222	6
2223	3
2224	5
2225	5
2226	7
2227	4
2228	4
2229	4
2230	6
2231	8
2232	5
2233	6
2234	7
2235	5
2236	7
2237	3
2238	6
2239	4
2240	5
2241	6
2242	6
2243	10
2244	2
2245	2
2246	9
2247	12
2248	7
2249	6
2250	3
2251	3
2252	1
2253	8
2254	4
2255	5
2256	12
2257	6
2258	4
2259	6
2260	3
2261	7
2262	7
2263	8
2264	3
2265	4
2266	5
2267	4
2268	3
2269	5
2270	3
2271	2
2272	4
2273	5
2274	5
2275	4
2276	7
2277	3
2278	4
2279	4
2280	3
2281	2
2282	10
2283	5
2284	4
2285	5
2286	6
2287	1
2288	3
2289	6
2290	5
2291	6
2292	7
2293	3
2294	4
2295	3
2296	2
2297	7
2298	7
2299	7
2300	6
2301	2
2302	6
2303	6
2304	3
2305	4
2306	6
2307	6
2308	3
2309	5
2310	3
2311	5
2312	3
2313	5
2314	5
2315	3
2316	3
2317	6
2318	11
2319	4
2320	4
2321	6
2322	2
2323	5
2324	2
2325	6
2326	6
2327	2
2328	6
2329	4
2330	8
2331	2
2332	3
2333	2
2334	1
2335	4
2336	6
2337	7
2338	4
2339	4
2340	4
2341	5
2342	2
2343	5
2344	1
2345	4
2346	0
2347	7
2348	5
2349	5
2350	3
2351	0
2352	1
2353	6
2354	6
2355	0
2356	6
2357	3
2358	3
2359	3
2360	2
2361	3
2362	5
2363	5
2364	5
2365	7
2366	3
2367	5
2368	4
2369	4
2370	6
2371	3
2372	1
2373	1
2374	3
2375	4
2376	4
2377	3
2378	6
2379	5
2380	5
2381	4
2382	9
2383	5
2384	5
2385	3
2386	8
2387	4
2388	3
2389	7
2390	1
2391	4
2392	4
2393	4
2394	4
2395	6
2396	4
2397	3
2398	5
2399	3
2400	7
2401	1
2402	1
2403	2
2404	2
2405	2
2406	3
2407	1
2408	3
2409	4
2410	1
2411	5
2412	1
2413	6
2414	4
2415	3
2416	2
2417	5
2418	2
2419	4
2420	3
2421	2
2422	4
2423	6
2424	4
2425	7
2426	3
2427	6
2428	8
2429	7
2430	0
2431	5
2432	8
2433	2
2434	8
2435	7
2436	9
2437	7
2438	5
2439	4
2440	2
2441	2
2442	5
2443	2
2444	7
2445	4
2446	2
2447	5
2448	2
2449	8
2450	5
2451	3
2452	2
2453	4
2454	3
2455	6
2456	6
2457	5
2458	5
2459	4
2460	0
2461	2
2462	2
2463	2
2464	3
2465	4
2466	2
2467	6
2468	8
2469	3
2470	6
2471	1
2472	5
2473	2
2474	4
2475	3
2476	6
2477	6
2478	4
2479	1
2480	6
2481	1
2482	5
2483	3
2484	3
2485	4
2486	3
2487	8
2488	1
2489	7
2490	5
2491	7
2492	5
2493	4
2494	3
2495	3
2496	7
2497	5
2498	2
2499	2
2500	4
2501	2
2502	5
2503	3
2504	0
2505	4
2506	5
2507	2
2508	3
2509	2
2510	3
2511	2
2512	6
2513	1
2514	1
2515	3
2516	5
2517	4
2518	2
2519	3
2520	3
2521	7
2522	0
2523	1
2524	6
2525	6
2526	2
2527	5
2528	3
2529	3
2530	5
2531	9
2532	2
2533	6
2534	7
2535	2
2536	4
2537	1
2538	1
2539	6
2540	4
2541	6
2542	3
2543	5
2544	2
2545	4
2546	5
2547	2
2548	2
2549	8
2550	5
2551	3
2552	2
2553	4
2554	2
2555	7
2556	3
2557	3
2558	4
2559	4
2560	3
2561	2
2562	6
2563	4
2564	5
2565	2
2566	4
2567	4
2568	4
2569	3
2570	2
2571	4
2572	3
2573	3
2574	3
2575	6
2576	3
2577	4
2578	6
2579	2
2580	4
2581	2
2582	4
2583	5
2584	4
2585	6
2586	5
2587	6
2588	0
2589	5
2590	0
2591	4
2592	7
2593	2
2594	8
2595	3
2596	2
2597	1
2598	4
2599	1
2600	5
2601	2
2602	4
2603	4
2604	1
2605	5
2606	3
2607	2
2608	1
2609	6
2610	3
2611	3
2612	3
2613	4
2614	6
2615	8
2616	5
2617	4
2618	4
2619	3
2620	5
2621	3
2622	5
2623	3
2624	5
2625	3
2626	6
2627	5
2628	5
2629	4
2630	3
2631	3
2632	3
2633	7
2634	6
2635	4
2636	3
2637	4
2638	4
2639	3
2640	4
2641	2
2642	5
2643	5
2644	2
2645	4
2646	5
2647	5
2648	4
2649	5
2650	4
2651	3
2652	2
2653	6
2654	2
2655	3
2656	4
2657	2
2658	5
2659	1
2660	1
2661	5
2662	5
2663	1
2664	6
2665	5
2666	9
2667	2
2668	2
2669	1
2670	4
2671	2
2672	2
2673	7
2674	3
2675	6
2676	2
2677	7
2678	2
2679	8
2680	3
2681	3
2682	7
2683	5
2684	6
2685	4
2686	3
2687	6
2688	2
2689	3
2690	1
2691	4
2692	3
2693	4
2694	4
2695	5
2696	7
2697	6
2698	2
2699	4
2700	1
2701	6
2702	3
2703	2
2704	1
2705	4
2706	2
2707	6
2708	2
2709	5
2710	3
2711	3
2712	4
2713	4
2714	3
2715	4
2716	0
2717	4
2718	3
2719	0
2720	4
2721	6
2722	3
2723	5
2724	3
2725	3
2726	3
2727	7
2728	5
2729	1
2730	1
2731	0
2732	3
2733	5
2734	7
2735	3
2736	3
2737	2
2738	5
2739	3
2740	2
2741	4
2742	1
2743	3
2744	2
2745	4
2746	6
2747	3
2748	4
2749	4
2750	2
2751	2
2752	0
2753	3
2754	4
2755	4
2756	2
2757	4
2758	4
2759	4
2760	2
2761	3
2762	1
2763	3
2764	1
2765	3
2766	3
2767	3
2768	3
2769	6
2770	5
2771	3
2772	8
2773	3
2774	3
2775	3
2776	3
2777	4
2778	1
2779	3
2780	2
2781	5
2782	3
2783	3
2784	1
2785	3
2786	4
2787	3
2788	5
2789	3
2790	9
2791	5
2792	1
2793	0
2794	2
2795	0
2796	5
2797	6
2798	5
2799	2
2800	2
2801	4
2802	3
2803	0
2804	3
2805	4
2806	3
2807	0
2808	3
2809	3
2810	1
2811	2
2812	1
2813	2
2814	2
2815	2
2816	4
2817	3
2818	3
2819	4
2820	4
2821	3
2822	6
2823	4
2824	2
2825	8
2826	3
2827	3
2828	3
2829	4
2830	2
2831	2
2832	3
2833	5
2834	2
2835	3
2836	4
2837	3
2838	2
2839	2
2840	3
2841	4
2842	2
2843	3
2844	1
2845	4
2846	3
2847	3
2848	4
2849	3
2850	3
2851	6
2852	4
2853	4
2854	7
2855	4
2856	10
2857	5
2858	6
2859	5
2860	3
2861	6
2862	3
2863	5
2864	0
2865	2
2866	4
2867	1
2868	1
2869	2
2870	3
2871	4
2872	7
2873	5
2874	3
2875	5
2876	3
2877	4
2878	2
2879	4
2880	2
2881	2
2882	4
2883	4
2884	1
2885	5
2886	5
2887	3
2888	2
2889	1
2890	7
2891	5
2892	4
2893	2
2894	5
2895	1
2896	4
2897	2
2898	3
2899	6
2900	4
2901	3
2902	9
2903	2
2904	1
2905	2
2906	4
2907	3
2908	2
2909	6
2910	4
2911	2
2912	3
2913	1
2914	0
2915	4
2916	3
2917	4
2918	4
2919	1
2920	4
2921	1
2922	3
2923	2
2924	3
2925	4
2926	0
2927	2
2928	4
2929	4
2930	7
2931	4
2932	2
2933	3
2934	4
2935	2
2936	2
2937	3
2938	2
2939	2
2940	4
2941	2
2942	2
2943	2
2944	5
2945	1
2946	0
2947	1
2948	4
2949	2
2950	2
2951	2
2952	3
2953	2
2954	0
2955	5
2956	4
2957	3
2958	5
2959	3
2960	6
2961	2
2962	4
2963	2
2964	5
2965	3
2966	5
2967	1
2968	4
2969	9
2970	2
2971	4
2972	4
2973	4
2974	4
2975	1
2976	6
2977	4
2978	5
2979	3
2980	0
2981	4
2982	3
2983	6
2984	3
2985	2
2986	3
2987	1
2988	2
2989	4
2990	6
2991	6
2992	3
2993	2
2994	0
2995	2
2996	3
2997	1
2998	4
2999	3
3000	3
3001	3
3002	1
3003	4
3004	3
3005	3
3006	3
3007	4
3008	3
3009	4
3010	4
3011	0
3012	2
3013	4
3014	3
3015	1
3016	2
3017	4
3018	1
3019	1
3020	2
3021	2
3022	0
3023	2
3024	3
3025	5
3026	0
3027	0
3028	2
3029	4
3030	4
3031	3
3032	3
3033	6
3034	4
3035	4
3036	4
3037	6
3038	4
3039	3
3040	5
3041	1
3042	3
3043	1
3044	4
3045	1
3046	2
3047	3
3048	2
3049	5
3050	2
3051	1
3052	2
3053	2
3054	0
3055	4
3056	4
3057	2
3058	5
3059	3
3060	4
3061	2
3062	2
3063	2
3064	2
3065	1
3066	2
3067	2
3068	2
3069	3
3070	1
3071	0
3072	4
3073	7
3074	1
3075	3
3076	2
3077	1
3078	3
3079	1
3080	1
3081	3
3082	9
3083	2
3084	1
3085	1
3086	2
3087	2
3088	1
3089	1
3090	1
3091	4
3092	4
3093	1
3094	6
3095	4
3096	1
3097	2
3098	2
3099	1
3100	0
3101	1
3102	2
3103	4
3104	3
3105	3
3106	3
3107	2
3108	1
3109	1
3110	2
3111	5
3112	2
3113	4
3114	3
3115	1
3116	4
3117	4
3118	2
3119	2
3120	0
3121	3
3122	1
3123	2
3124	6
3125	1
3126	1
3127	5
3128	1
3129	5
3130	3
3131	2
3132	2
3133	1
3134	4
3135	0
3136	4
3137	6
3138	3
3139	0
3140	4
3141	2
3142	4
3143	4
3144	1
3145	1
3146	1
3147	4
3148	3
3149	2
3150	4
3151	3
3152	2
3153	3
3154	3
3155	2
3156	2
3157	4
3158	1
3159	2
3160	2
3161	3
3162	3
3163	3
3164	1
3165	3
3166	3
3167	2
3168	4
3169	3
3170	2
3171	4
3172	3
3173	7
3174	3
3175	4
3176	1
3177	2
3178	1
3179	2
3180	0
3181	2
3182	2
3183	1
3184	2
3185	0
3186	5
3187	2
3188	1
3189	5
3190	9
3191	3
3192	4
3193	2
3194	3
3195	4
3196	0
3197	1
3198	1
3199	4
3200	3
3201	1
3202	0
3203	7
3204	1
3205	1
3206	2
3207	0
3208	1
3209	1
3210	1
3211	2
3212	0
3213	0
3214	4
3215	3
3216	1
3217	3
3218	2
3219	1
3220	3
3221	1
3222	3
3223	1
3224	2
3225	3
3226	4
3227	0
3228	3
3229	1
3230	2
3231	5
3232	2
3233	7
3234	2
3235	1
3236	3
3237	0
3238	0
3239	5
3240	1
3241	1
3242	2
3243	3
3244	0
3245	3
3246	3
3247	1
3248	4
3249	2
3250	3
3251	5
3252	2
3253	4
3254	4
3255	4
3256	2
3257	2
3258	4
3259	2
3260	7
3261	8
3262	6
3263	6
3264	5
3265	1
3266	6
3267	9
3268	7
3269	7
3270	7
3271	10
3272	7
3273	5
3274	3
3275	6
3276	4
3277	3
3278	8
3279	2
3280	5
3281	1
3282	0
3283	1
3284	5
3285	3
3286	4
3287	7
3288	2
3289	2
3290	3
3291	3
3292	6
3293	5
3294	2
3295	3
3296	0
3297	3
3298	0
3299	2
3300	2
3301	2
3302	0
3303	2
3304	2
3305	2
3306	2
3307	3
3308	3
3309	2
3310	4
3311	2
3312	7
3313	0
3314	1
3315	1
3316	1
3317	1
3318	2
3319	5
3320	2
3321	1
3322	6
3323	3
3324	2
3325	1
3326	1
3327	2
3328	2
3329	1
3330	3
3331	2
3332	3
3333	4
3334	3
3335	4
3336	0
3337	3
3338	3
3339	3
3340	2
3341	4
3342	3
3343	1
3344	4
3345	2
3346	1
3347	3
3348	2
3349	1
3350	5
3351	1
3352	3
3353	3
3354	1
3355	2
3356	2
3357	0
3358	3
3359	1
3360	2
3361	3
3362	2
3363	3
3364	1
3365	3
3366	6
3367	2
3368	0
3369	1
3370	3
3371	1
3372	0
3373	2
3374	3
3375	2
3376	2
3377	2
3378	2
3379	3
3380	2
3381	2
3382	4
3383	2
3384	1
3385	1
3386	3
3387	0
3388	2
3389	3
3390	2
3391	3
3392	2
3393	1
3394	0
3395	3
3396	0
3397	2
3398	3
3399	1
3400	2
3401	2
3402	0
3403	1
3404	1
3405	0
3406	5
3407	3
3408	2
3409	3
3410	7
3411	3
3412	6
3413	11
3414	9
3415	8
3416	10
3417	8
3418	9
3419	5
3420	7
3421	14
3422	1
3423	5
3424	7
3425	3
3426	3
3427	5
3428	2
3429	0
3430	2
3431	3
3432	2
3433	1
3434	2
3435	2
3436	3
3437	1
3438	4
3439	3
3440	3
3441	4
3442	2
3443	2
3444	2
3445	2
3446	4
3447	1
3448	2
3449	2
3450	2
3451	0
3452	2
3453	3
3454	3
3455	2
3456	3
3457	1
3458	2
3459	1
3460	2
3461	2
3462	4
3463	0
3464	2
3465	3
3466	1
3467	6
3468	0
3469	3
3470	5
3471	0
3472	1
3473	2
3474	3
3475	4
3476	2
3477	3
3478	0
3479	1
3480	0
3481	0
3482	2
3483	2
3484	2
3485	4
3486	3
3487	4
3488	1
3489	1
3490	0
3491	3
3492	1
3493	1
3494	4
3495	1
3496	2
3497	1
3498	1
3499	0
3500	1
3501	2
3502	1
3503	2
3504	0
3505	2
3506	3
3507	2
3508	3
3509	1
3510	1
3511	1
3512	0
3513	4
3514	3
3515	2
3516	1
3517	2
3518	2
3519	1
3520	2
3521	1
3522	0
3523	1
3524	6
3525	1
3526	4
3527	0
3528	2
3529	0
3530	0
3531	3
3532	1
3533	1
3534	1
3535	3
3536	1
3537	1
3538	1
3539	0
3540	1
3541	2
3542	3
3543	0
3544	4
3545	3
3546	3
3547	3
3548	5
3549	1
3550	2
3551	0
3552	1
3553	0
3554	4
3555	1
3556	2
3557	1
3558	2
3559	2
3560	1
3561	1
3562	2
3563	2
3564	4
3565	2
3566	3
3567	2
3568	1
3569	2
3570	0
3571	1
3572	5
3573	3
3574	1
3575	2
3576	0
3577	3
3578	2
3579	0
3580	5
3581	1
3582	0
3583	1
3584	3
3585	1
3586	5
3587	1
3588	2
3589	0
3590	4
3591	0
3592	1
3593	1
3594	2
3595	2
3596	1
3597	3
3598	3
3599	0
3600	1
3601	1
3602	1
3603	5
3604	2
3605	2
3606	5
3607	2
3608	6
3609	4
3610	2
3611	1
3612	0
3613	2
3614	2
3615	0
3616	3
3617	3
3618	0
3619	2
3620	2
3621	0
3622	3
3623	0
3624	1
3625	2
3626	5
3627	5
3628	1
3629	3
3630	1
3631	1
3632	5
3633	1
3634	0
3635	3
3636	4
3637	2
3638	1
3639	3
3640	3
3641	1
3642	0
3643	0
3644	0
3645	0
3646	1
3647	0
3648	2
3649	1
3650	1
3651	1
3652	0
3653	3
3654	2
3655	1
3656	1
3657	2
3658	4
3659	1
3660	3
3661	3
3662	3
3663	0
3664	0
3665	0
3666	1
3667	2
3668	2
3669	2
3670	1
3671	4
3672	0
3673	4
3674	1
3675	1
3676	1
3677	1
3678	0
3679	4
3680	2
3681	4
3682	5
3683	0
3684	1
3685	3
3686	1
3687	2
3688	4
3689	2
3690	0
3691	1
3692	2
3693	1
3694	2
3695	1
3696	2
3697	1
3698	5
3699	2
3700	1
3701	3
3702	5
3703	4
3704	1
3705	2
3706	0
3707	3
3708	2
3709	3
3710	1
3711	4
3712	1
3713	3
3714	1
3715	3
3716	2
3717	0
3718	6
3719	4
3720	0
3721	4
3722	0
3723	1
3724	2
3725	2
3726	3
3727	2
3728	3
3729	2
3730	0
3731	4
3732	1
3733	1
3734	3
3735	2
3736	2
3737	4
3738	0
3739	0
3740	0
3741	1
3742	1
3743	1
3744	4
3745	1
3746	2
3747	1
3748	1
3749	3
3750	2
3751	4
3752	5
3753	1
3754	1
3755	1
3756	1
3757	2
3758	1
3759	0
3760	1
3761	0
3762	1
3763	0
3764	1
3765	2
3766	3
3767	2
3768	3
3769	3
3770	1
3771	3
3772	1
3773	2
3774	0
3775	2
3776	0
3777	2
3778	2
3779	1
3780	4
3781	3
3782	3
3783	5
3784	3
3785	2
3786	0
3787	2
3788	3
3789	0
3790	1
3791	2
3792	0
3793	1
3794	0
3795	1
3796	2
3797	2
3798	0
3799	1
3800	2
3801	2
3802	0
3803	2
3804	2
3805	3
3806	1
3807	3
3808	3
3809	2
3810	0
3811	0
3812	5
3813	3
3814	2
3815	0
3816	1
3817	2
3818	1
3819	1
3820	0
3821	2
3822	1
3823	1
3824	0
3825	3
3826	2
3827	2
3828	3
3829	4
3830	3
3831	1
3832	4
3833	2
3834	2
3835	2
3836	2
3837	2
3838	4
3839	1
3840	1
3841	3
3842	1
3843	0
3844	3
3845	2
3846	2
3847	0
3848	2
3849	1
3850	1
3851	3
3852	2
3853	1
3854	0
3855	2
3856	0
3857	3
3858	0
3859	2
3860	1
3861	1
3862	3
3863	2
3864	3
3865	3
3866	2
3867	2
3868	0
3869	1
3870	2
3871	1
3872	2
3873	2
3874	1
3875	0
3876	1
3877	3
3878	0
3879	1
3880	1
3881	1
3882	0
3883	1
3884	0
3885	2
3886	3
3887	2
3888	2
3889	2
3890	3
3891	1
3892	4
3893	3
3894	0
3895	0
3896	3
3897	1
3898	2
3899	1
3900	2
3901	3
3902	0
3903	1
3904	4
3905	3
3906	2
3907	6
3908	3
3909	2
3910	2
3911	2
3912	2
3913	2
3914	3
3915	0
3916	3
3917	1
3918	3
3919	2
3920	2
3921	0
3922	0
3923	1
3924	5
3925	3
3926	4
3927	2
3928	2
3929	4
3930	0
3931	1
3932	0
3933	2
3934	2
3935	1
3936	0
3937	0
3938	0
3939	0
3940	4
3941	0
3942	3
3943	3
3944	1
3945	0
3946	2
3947	1
3948	6
3949	0
3950	1
3951	1
3952	1
3953	2
3954	1
3955	1
3956	3
3957	2
3958	1
3959	3
3960	0
3961	1
3962	0
3963	2
3964	3
3965	3
3966	0
3967	2
3968	1
3969	2
3970	3
3971	1
3972	3
3973	0
3974	1
3975	0
3976	1
3977	3
3978	1
3979	2
3980	2
3981	0
3982	1
3983	3
3984	1
3985	0
3986	1
3987	3
3988	2
3989	2
3990	3
3991	0
3992	2
3993	1
3994	0
3995	3
3996	1
3997	2
3998	3
3999	2
4000	0
4001	4
4002	1
4003	2
4004	4
4005	4
4006	1
4007	2
4008	1
4009	1
4010	0
4011	0
4012	1
4013	4
4014	0
4015	2
4016	1
4017	3
4018	4
4019	0
4020	2
4021	0
4022	4
4023	3
4024	4
4025	2
4026	0
4027	3
4028	2
4029	2
4030	1
4031	4
4032	4
4033	0
4034	1
4035	2
4036	2
4037	1
4038	0
4039	2
4040	2
4041	2
4042	2
4043	2
4044	3
4045	1
4046	1
4047	2
4048	3
4049	0
4050	1
4051	3
4052	0
4053	1
4054	1
4055	1
4056	1
4057	1
4058	1
4059	3
4060	2
4061	1
4062	2
4063	2
4064	1
4065	4
4066	0
4067	1
4068	3
4069	0
4070	4
4071	2
4072	1
4073	3
4074	3
4075	5
4076	4
4077	5
4078	2
4079	0
4080	0
4081	4
4082	2
4083	4
4084	4
4085	4
4086	4
4087	3
4088	4
4089	3
4090	0
4091	2
4092	1
4093	1
4094	0
4095	4
4096	0
4097	2
4098	2
4099	1
4100	0
4101	1
4102	1
4103	4
4104	0
4105	2
4106	0
4107	0
4108	1
4109	0
4110	1
4111	2
4112	1
4113	1
4114	0
4115	3
4116	3
4117	4
4118	2
4119	2
4120	0
4121	1
4122	3
4123	1
4124	1
4125	3
4126	1
4127	0
4128	1
4129	0
4130	1
4131	2
4132	3
4133	1
4134	1
4135	1
4136	1
4137	1
4138	1
4139	3
4140	1
4141	1
4142	2
4143	2
4144	1
4145	2
4146	1
4147	1
4148	2
4149	1
4150	0
4151	1
4152	0
4153	4
4154	0
4155	1
4156	3
4157	2
4158	1
4159	2
4160	1
4161	2
4162	4
4163	0
4164	0
4165	1
4166	1
4167	4
4168	6
4169	2
4170	0
4171	1
4172	2
4173	1
4174	0
4175	3
4176	2
4177	3
4178	3
4179	3
4180	1
4181	4
4182	2
4183	2
4184	1
4185	1
4186	0
4187	1
4188	1
4189	1
4190	3
4191	0
4192	4
4193	2
4194	1
4195	1
4196	3
4197	3
4198	1
4199	0
4200	3
4201	1
4202	5
4203	1
4204	1
4205	0
4206	1
4207	1
4208	0
4209	3
4210	2
4211	0
4212	2
4213	1
4214	2
4215	1
4216	0
4217	1
4218	0
4219	3
4220	2
4221	1
4222	2
4223	1
4224	1
4225	4
4226	5
4227	0
4228	0
4229	3
4230	1
4231	2
4232	1
4233	1
4234	2
4235	2
4236	2
4237	3
4238	4
4239	2
4240	1
4241	2
4242	2
4243	3
4244	0
4245	0
4246	3
4247	2
4248	0
4249	0
4250	1
4251	2
4252	1
4253	2
4254	3
4255	1
4256	3
4257	1
4258	1
4259	0
4260	0
4261	0
4262	4
4263	1
4264	2
4265	0
4266	1
4267	1
4268	4
4269	0
4270	2
4271	2
4272	1
4273	0
4274	2
4275	0
4276	2
4277	2
4278	3
4279	3
4280	1
4281	0
4282	1
4283	3
4284	0
4285	3
4286	0
4287	3
4288	1
4289	1
4290	2
4291	0
4292	0
4293	1
4294	1
4295	1
4296	0
4297	2
4298	2
4299	2
4300	4
4301	0
4302	2
4303	4
4304	3
4305	1
4306	2
4307	3
4308	2
4309	3
4310	1
4311	2
4312	1
4313	2
4314	4
4315	4
4316	2
4317	1
4318	2
4319	4
4320	3
4321	1
4322	1
4323	3
4324	2
4325	2
4326	2
4327	1
4328	2
4329	2
4330	0
4331	0
4332	0
4333	1
4334	2
4335	0
4336	1
4337	0
4338	3
4339	1
4340	0
4341	0
4342	2
4343	1
4344	0
4345	2
4346	0
4347	0
4348	1
4349	1
4350	3
4351	1
4352	0
4353	0
4354	1
4355	2
4356	1
4357	2
4358	1
4359	1
4360	1
4361	1
4362	1
4363	3
4364	1
4365	0
4366	0
4367	0
4368	0
4369	0
4370	1
4371	0
4372	0
4373	1
4374	3
4375	0
4376	1
4377	2
4378	1
4379	1
4380	3
4381	1
4382	1
4383	0
4384	1
4385	0
4386	1
4387	2
4388	3
4389	0
4390	2
4391	2
4392	2
4393	2
4394	1
4395	0
4396	2
4397	1
4398	1
4399	1
4400	0
4401	0
4402	1
4403	2
4404	3
4405	1
4406	2
4407	3
4408	1
4409	0
4410	1
4411	1
4412	3
4413	0
4414	2
4415	1
4416	2
4417	2
4418	0
4419	2
4420	1
4421	1
4422	0
4423	1
4424	2
4425	4
4426	2
4427	1
4428	1
4429	3
4430	2
4431	0
4432	3
4433	0
4434	3
4435	0
4436	2
4437	2
4438	1
4439	1
4440	2
4441	2
4442	0
4443	2
4444	0
4445	1
4446	3
4447	1
4448	2
4449	1
4450	1
4451	2
4452	2
4453	1
4454	1
4455	0
4456	2
4457	3
4458	1
4459	4
4460	2
4461	1
4462	1
4463	0
4464	1
4465	3
4466	5
4467	2
4468	4
4469	3
4470	3
4471	2
4472	0
4473	1
4474	0
4475	2
4476	3
4477	3
4478	1
4479	0
4480	0
4481	2
4482	1
4483	1
4484	0
4485	0
4486	2
4487	2
4488	2
4489	1
4490	1
4491	2
4492	0
4493	0
4494	1
4495	1
4496	1
4497	1
4498	2
4499	2
4500	0
4501	0
4502	0
4503	0
4504	4
4505	0
4506	0
4507	2
4508	0
4509	0
4510	1
4511	4
4512	2
4513	1
4514	4
4515	0
4516	0
4517	0
4518	4
4519	0
4520	3
4521	2
4522	2
4523	2
4524	1
4525	2
4526	0
4527	4
4528	2
4529	2
4530	0
4531	2
4532	1
4533	0
4534	0
4535	0
4536	1
4537	0
4538	3
4539	2
4540	2
4541	0
4542	3
4543	3
4544	3
4545	1
4546	2
4547	1
4548	1
4549	1
4550	2
4551	2
4552	0
4553	1
4554	2
4555	2
4556	1
4557	1
4558	2
4559	1
4560	3
4561	0
4562	2
4563	0
4564	0
4565	0
4566	0
4567	1
4568	1
4569	0
4570	1
4571	2
4572	1
4573	0
4574	1
4575	2
4576	1
4577	0
4578	0
4579	1
4580	3
4581	1
4582	2
4583	2
4584	0
4585	0
4586	1
4587	1
4588	0
4589	3
4590	4
4591	1
4592	2
4593	1
4594	3
4595	0
4596	2
4597	0
4598	0
4599	0
4600	2
4601	1
4602	1
4603	0
4604	2
4605	0
4606	1
4607	1
4608	1
4609	4
4610	1
4611	2
4612	1
4613	1
4614	2
4615	1
4616	0
4617	0
4618	1
4619	2
4620	0
4621	1
4622	1
4623	2
4624	2
4625	0
4626	1
4627	4
4628	0
4629	1
4630	1
4631	0
4632	0
4633	3
4634	0
4635	0
4636	0
4637	0
4638	2
4639	1
4640	1
4641	3
4642	2
4643	0
4644	0
4645	0
4646	1
4647	3
4648	2
4649	2
4650	0
4651	1
4652	2
4653	2
4654	2
4655	0
4656	0
4657	0
4658	0
4659	1
4660	1
4661	3
4662	0
4663	0
4664	2
4665	1
4666	0
4667	1
4668	3
4669	0
4670	0
4671	4
4672	1
4673	1
4674	0
4675	2
4676	1
4677	1
4678	0
4679	2
4680	0
4681	1
4682	1
4683	1
4684	1
4685	2
4686	2
4687	0
4688	0
4689	0
4690	2
4691	1
4692	1
4693	1
4694	1
4695	2
4696	3
4697	1
4698	0
4699	2
4700	3
4701	3
4702	0
4703	2
4704	1
4705	0
4706	2
4707	2
4708	1
4709	0
4710	2
4711	1
4712	2
4713	0
4714	1
4715	0
4716	0
4717	2
4718	0
4719	2
4720	0
4721	0
4722	0
4723	0
4724	1
4725	2
4726	2
4727	1
4728	1
4729	0
4730	1
4731	3
4732	0
4733	1
4734	1
4735	1
4736	2
4737	0
4738	1
4739	0
4740	2
4741	1
4742	2
4743	0
4744	0
4745	2
4746	1
4747	1
4748	0
4749	2
4750	2
4751	1
4752	1
4753	0
4754	3
4755	1
4756	2
4757	0
4758	2
4759	1
4760	0
4761	0
4762	0
4763	1
4764	2
4765	0
4766	0
4767	2
4768	3
4769	3
4770	0
4771	2
4772	4
4773	0
4774	2
4775	4
4776	1
4777	1
4778	0
4779	4
4780	1
4781	3
4782	0
4783	2
4784	1
4785	1
4786	1
4787	1
4788	0
4789	2
4790	0
4791	4
4792	0
4793	1
4794	1
4795	3
4796	3
4797	1
4798	2
4799	0
4800	0
4801	2
4802	1
4803	0
4804	3
4805	0
4806	1
4807	2
4808	1
4809	0
4810	0
4811	0
4812	1
4813	0
4814	1
4815	1
4816	0
4817	1
4818	3
4819	3
4820	1
4821	1
4822	0
4823	1
4824	2
4825	0
4826	0
4827	3
4828	1
4829	0
4830	0
4831	0
4832	1
4833	1
4834	2
4835	4
4836	1
4837	1
4838	1
4839	2
4840	0
4841	1
4842	1
4843	4
4844	2
4845	0
4846	2
4847	1
4848	0
4849	1
4850	0
4851	1
4852	0
4853	2
4854	1
4855	1
4856	0
4857	2
4858	1
4859	0
4860	1
4861	1
4862	1
4863	1
4864	1
4865	1
4866	1
4867	1
4868	1
4869	2
4870	1
4871	2
4872	0
4873	0
4874	0
4875	2
4876	2
4877	1
4878	3
4879	1
4880	2
4881	0
4882	0
4883	1
4884	1
4885	0
4886	0
4887	0
4888	1
4889	0
4890	2
4891	3
4892	0
4893	0
4894	2
4895	0
4896	1
4897	2
4898	0
4899	0
4900	0
4901	0
4902	0
4903	0
4904	1
4905	3
4906	2
4907	1
4908	0
4909	3
4910	0
4911	2
4912	3
4913	1
4914	1
4915	2
4916	1
4917	0
4918	3
4919	1
4920	2
4921	0
4922	0
4923	3
4924	0
4925	2
4926	1
4927	0
4928	0
4929	1
4930	1
4931	2
4932	0
4933	0
4934	1
4935	2
4936	0
4937	0
4938	1
4939	2
4940	1
4941	3
4942	2
4943	2
4944	1
4945	0
4946	3
4947	1
4948	0
4949	0
4950	0
4951	1
4952	0
4953	0
4954	0
4955	2
4956	2
4957	3
4958	2
4959	1
4960	3
4961	0
4962	1
4963	0
4964	1
4965	1
4966	0
4967	0
4968	0
4969	2
4970	0
4971	0
4972	0
4973	0
4974	0
4975	0
4976	2
4977	1
4978	2
4979	2
4980	1
4981	1
4982	0
4983	1
4984	1
4985	0
4986	0
4987	3
4988	1
4989	0
4990	1
4991	1
4992	4
4993	1
4994	2
4995	0
4996	0
4997	2
4998	0
4999	1
5000	2
5001	3
5002	1
5003	1
5004	1
5005	2
5006	1
5007	0
5008	1
5009	2
5010	1
5011	1
5012	3
5013	1
5014	2
5015	0
5016	0
5017	1
5018	2
5019	2
5020	0
5021	4
5022	1
5023	1
5024	0
5025	1
5026	0
5027	0
5028	0
5029	1
5030	0
5031	1
5032	1
5033	4
5034	1
5035	1
5036	2
5037	0
5038	0
5039	2
5040	1
5041	2
5042	0
5043	1
5044	0
5045	1
5046	1
5047	0
5048	2
5049	0
5050	2
5051	1
5052	0
5053	0
5054	1
5055	1
5056	2
5057	0
5058	0
5059	0
5060	1
5061	2
5062	1
5063	2
5064	1
5065	2
5066	2
5067	0
5068	2
5069	0
5070	1
5071	1
5072	0
5073	2
5074	1
5075	3
5076	2
5077	1
5078	2
5079	0
5080	2
5081	1
5082	1
5083	2
5084	2
5085	3
5086	1
5087	2
5088	1
5089	0
5090	0
5091	0
5092	2
5093	0
5094	1
5095	1
5096	3
5097	0
5098	2
5099	1
5100	0
5101	0
5102	1
5103	0
5104	1
5105	0
5106	0
5107	1
5108	1
5109	2
5110	0
5111	0
5112	2
5113	2
5114	1
5115	5
5116	4
5117	4
5118	3
5119	3
5120	7
5121	6
5122	4
5123	4
5124	5
5125	1
5126	1
5127	3
5128	3
5129	0
5130	2
5131	2
5132	3
5133	0
5134	3
5135	2
5136	0
5137	2
5138	2
5139	0
5140	0
5141	0
5142	2
5143	0
5144	0
5145	1
5146	4
5147	1
5148	1
5149	2
5150	1
5151	2
5152	0
5153	0
5154	2
5155	0
5156	2
5157	1
5158	0
5159	0
5160	1
5161	0
5162	1
5163	2
5164	0
5165	2
5166	0
5167	3
5168	1
5169	2
5170	0
5171	0
5172	0
5173	0
5174	1
5175	0
5176	1
5177	2
5178	1
5179	1
5180	1
5181	2
5182	0
5183	1
5184	3
5185	0
5186	2
5187	0
5188	1
5189	0
5190	0
5191	0
5192	0
5193	1
5194	0
5195	0
5196	0
5197	2
5198	0
5199	1
5200	0
5201	2
5202	0
5203	1
5204	2
5205	2
5206	0
5207	2
5208	1
5209	0
5210	0
5211	1
5212	0
5213	0
5214	2
5215	0
5216	2
5217	0
5218	0
5219	1
5220	1
5221	0
5222	0
5223	2
5224	0
5225	1
5226	1
5227	3
5228	1
5229	0
5230	1
5231	1
5232	0
5233	3
5234	2
5235	3
5236	0
5237	0
5238	1
5239	3
5240	0
5241	1
5242	0
5243	0
5244	1
5245	0
5246	0
5247	0
5248	0
5249	1
5250	4
5251	3
5252	0
5253	1
5254	0
5255	0
5256	3
5257	2
5258	1
5259	2
5260	1
5261	1
5262	0
5263	3
5264	0
5265	2
5266	0
5267	2
5268	1
5269	0
5270	1
5271	0
5272	1
5273	0
5274	0
5275	0
5276	0
5277	0
5278	1
5279	1
5280	2
5281	0
5282	1
5283	1
5284	1
5285	1
5286	1
5287	1
5288	1
5289	0
5290	0
5291	1
5292	0
5293	0
5294	1
5295	1
5296	0
5297	0
5298	0
5299	0
5300	0
5301	1
5302	0
5303	1
5304	1
5305	2
5306	0
5307	2
5308	0
5309	0
5310	0
5311	2
5312	0
5313	0
5314	1
5315	0
5316	0
5317	0
5318	2
5319	2
5320	2
5321	1
5322	2
5323	0
5324	1
5325	1
5326	0
5327	0
5328	1
5329	0
5330	0
5331	2
5332	2
5333	0
5334	1
5335	1
5336	2
5337	0
5338	0
5339	1
5340	1
5341	0
5342	3
5343	1
5344	0
5345	1
5346	1
5347	2
5348	0
5349	2
5350	1
5351	2
5352	2
5353	4
5354	0
5355	0
5356	1
5357	0
5358	0
5359	2
5360	0
5361	1
5362	0
5363	0
5364	1
5365	0
5366	1
5367	1
5368	0
5369	2
5370	1
5371	1
5372	4
5373	1
5374	1
5375	1
5376	3
5377	0
5378	1
5379	2
5380	1
5381	1
5382	1
5383	0
5384	1
5385	0
5386	0
5387	0
5388	0
5389	1
5390	1
5391	1
5392	1
5393	4
5394	0
5395	3
5396	2
5397	0
5398	0
5399	0
5400	0
5401	1
5402	1
5403	0
5404	1
5405	0
5406	1
5407	2
5408	2
5409	2
5410	1
5411	0
5412	0
5413	0
5414	0
5415	1
5416	2
5417	1
5418	1
5419	1
5420	1
5421	0
5422	2
5423	2
5424	4
5425	3
5426	1
5427	2
5428	0
5429	2
5430	2
5431	2
5432	0
5433	3
5434	1
5435	4
5436	1
5437	0
5438	1
5439	4
5440	3
5441	2
5442	4
5443	3
5444	1
5445	3
5446	5
5447	8
5448	0
5449	7
5450	3
5451	2
5452	2
5453	2
5454	2
5455	1
5456	3
5457	1
5458	2
5459	0
5460	1
5461	0
5462	2
5463	1
5464	1
5465	0
5466	0
5467	1
5468	1
5469	2
5470	2
5471	0
5472	1
5473	1
5474	1
5475	0
5476	1
5477	1
5478	2
5479	2
5480	1
5481	0
5482	2
5483	1
5484	0
5485	1
5486	1
5487	1
5488	0
5489	2
5490	1
5491	0
5492	2
5493	1
5494	2
5495	0
5496	1
5497	2
5498	1
5499	1
5500	1
5501	2
5502	3
5503	0
5504	2
5505	1
5506	2
5507	0
5508	1
5509	3
5510	0
5511	0
5512	1
5513	1
5514	0
5515	0
5516	0
5517	1
5518	1
5519	0
5520	0
5521	1
5522	1
5523	0
5524	0
5525	3
5526	0
5527	0
5528	2
5529	0
5530	0
5531	0
5532	0
5533	1
5534	0
5535	2
5536	0
5537	1
5538	1
5539	1
5540	1
5541	0
5542	1
5543	0
5544	1
5545	1
5546	3
5547	0
5548	1
5549	0
5550	1
5551	0
5552	0
5553	1
5554	1
5555	0
5556	1
5557	2
5558	0
5559	2
5560	0
5561	2
5562	1
5563	1
5564	2
5565	1
5566	0
5567	0
5568	1
5569	0
5570	0
5571	2
5572	0
5573	2
5574	0
5575	1
5576	0
5577	0
5578	0
5579	2
5580	0
5581	1
5582	2
5583	1
5584	1
5585	2
5586	2
5587	0
5588	1
5589	1
5590	1
5591	0
5592	0
5593	0
5594	2
5595	3
5596	0
5597	0
5598	1
5599	1
5600	0
5601	0
5602	1
5603	0
5604	0
5605	0
5606	7
5607	0
5608	1
5609	3
5610	0
5611	2
5612	2
5613	0
5614	2
5615	1
5616	1
5617	0
5618	1
5619	0
5620	0
5621	1
5622	0
5623	0
5624	2
5625	0
5626	1
5627	1
5628	2
5629	1
5630	4
5631	1
5632	1
5633	1
5634	0
5635	1
5636	0
5637	0
5638	1
5639	1
5640	2
5641	1
5642	0
5643	0
5644	0
5645	0
5646	3
5647	1
5648	0
5649	2
5650	1
5651	2
5652	1
5653	0
5654	0
5655	2
5656	0
5657	0
5658	1
5659	0
5660	1
5661	1
5662	2
5663	1
5664	1
5665	1
5666	0
5667	0
5668	2
5669	0
5670	1
5671	0
5672	1
5673	0
5674	2
5675	0
5676	1
5677	1
5678	0
5679	0
5680	0
5681	2
5682	0
5683	1
5684	0
5685	2
5686	0
5687	0
5688	1
5689	0
5690	0
5691	0
5692	0
5693	0
5694	0
5695	3
5696	1
5697	0
5698	2
5699	0
5700	1
5701	2
5702	1
5703	1
5704	0
5705	1
5706	1
5707	0
5708	1
5709	0
5710	0
5711	0
5712	2
5713	0
5714	1
5715	2
5716	1
5717	1
5718	0
5719	0
5720	1
5721	1
5722	2
5723	1
5724	0
5725	3
5726	1
5727	0
5728	0
5729	0
5730	5
5731	1
5732	2
5733	0
5734	2
5735	0
5736	0
5737	0
5738	1
5739	3
5740	0
5741	1
5742	0
5743	0
5744	0
5745	0
5746	1
5747	0
5748	3
5749	2
5750	0
5751	0
5752	0
5753	1
5754	0
5755	2
5756	0
5757	1
5758	0
5759	3
5760	0
5761	3
5762	1
5763	1
5764	0
5765	1
5766	0
5767	1
5768	0
5769	0
5770	1
5771	3
5772	0
5773	1
5774	0
5775	1
5776	2
5777	1
5778	0
5779	1
5780	2
5781	0
5782	0
5783	0
5784	1
5785	1
5786	1
5787	0
5788	0
5789	0
5790	1
5791	0
5792	0
5793	2
5794	2
5795	1
5796	2
5797	1
5798	0
5799	1
5800	1
5801	1
5802	0
5803	1
5804	1
5805	1
5806	3
5807	0
5808	0
5809	1
5810	2
5811	1
5812	1
5813	1
5814	2
5815	2
5816	0
5817	1
5818	0
5819	3
5820	0
5821	2
5822	1
5823	1
5824	1
5825	1
5826	0
5827	1
5828	1
5829	1
5830	2
5831	1
5832	1
5833	1
5834	2
5835	2
5836	2
5837	1
5838	1
5839	1
5840	0
5841	0
5842	3
5843	0
5844	0
5845	2
5846	1
5847	0
5848	2
5849	1
5850	1
5851	1
5852	2
5853	1
5854	0
5855	0
5856	3
5857	1
5858	1
5859	0
5860	2
5861	0
5862	0
5863	0
5864	1
5865	0
5866	0
5867	0
5868	2
5869	0
5870	0
5871	2
5872	0
5873	0
5874	2
5875	0
5876	0
5877	1
5878	0
5879	0
5880	2
5881	0
5882	1
5883	0
5884	1
5885	1
5886	1
5887	2
5888	2
5889	1
5890	1
5891	0
5892	0
5893	0
5894	2
5895	2
5896	2
5897	0
5898	2
5899	2
5900	0
5901	0
5902	1
5903	0
5904	0
5905	0
5906	3
5907	0
5908	1
5909	1
5910	2
5911	3
5912	4
5913	3
5914	0
5915	1
5916	0
5917	0
5918	0
5919	0
5920	0
5921	2
5922	1
5923	2
5924	0
5925	0
5926	1
5927	2
5928	0
5929	1
5930	0
5931	0
5932	0
5933	0
5934	1
5935	0
5936	1
5937	0
5938	1
5939	2
5940	0
5941	0
5942	1
5943	1
5944	1
5945	0
5946	0
5947	1
5948	1
5949	0
5950	0
5951	3
5952	0
5953	0
5954	1
5955	0
5956	1
5957	1
5958	2
5959	0
5960	0
5961	0
5962	0
5963	1
5964	1
5965	0
5966	1
5967	0
5968	1
5969	2
5970	0
5971	1
5972	2
5973	0
5974	1
5975	1
5976	0
5977	1
5978	1
5979	1
5980	0
5981	0
5982	0
5983	1
5984	0
5985	0
5986	0
5987	2
5988	0
5989	0
5990	1
5991	1
5992	0
5993	0
5994	0
5995	0
5996	0
5997	0
5998	0
5999	0
6000	0
6001	1
6002	1
6003	0
6004	1
6005	0
6006	0
6007	0
6008	0
6009	3
6010	0
6011	2
6012	1
6013	1
6014	0
6015	1
6016	2
6017	0
6018	1
6019	0
6020	0
6021	0
6022	1
6023	2
6024	2
6025	1
6026	0
6027	1
6028	0
6029	4
6030	0
6031	1
6032	2
6033	0
6034	2
6035	1
6036	1
6037	1
6038	0
6039	2
6040	2
6041	3
6042	0
6043	1
6044	0
6045	0
6046	0
6047	3
6048	1
6049	0
6050	1
6051	0
6052	1
6053	0
6054	2
6055	5
6056	1
6057	2
6058	1
6059	0
6060	0
6061	1
6062	1
6063	0
6064	2
6065	1
6066	2
6067	1
6068	0
6069	0
6070	2
6071	1
6072	0
6073	1
6074	1
6075	0
6076	2
6077	0
6078	0
6079	0
6080	2
6081	0
6082	0
6083	1
6084	1
6085	2
6086	1
6087	1
6088	1
6089	1
6090	0
6091	0
6092	0
6093	1
6094	1
6095	0
6096	0
6097	0
6098	1
6099	0
6100	1
6101	0
6102	1
6103	0
6104	1
6105	1
6106	1
6107	0
6108	2
6109	2
6110	1
6111	2
6112	0
6113	2
6114	1
6115	5
6116	4
6117	0
6118	0
6119	0
6120	1
6121	2
6122	0
6123	2
6124	1
6125	0
6126	0
6127	1
6128	1
6129	0
6130	0
6131	0
6132	0
6133	1
6134	1
6135	2
6136	2
6137	1
6138	0
6139	1
6140	0
6141	2
6142	1
6143	2
6144	1
6145	0
6146	0
6147	1
6148	1
6149	3
6150	2
6151	5
6152	1
6153	1
6154	2
6155	0
6156	0
6157	0
6158	1
6159	0
6160	0
6161	1
6162	0
6163	0
6164	0
6165	1
6166	1
6167	2
6168	0
6169	0
6170	2
6171	1
6172	0
6173	0
6174	0
6175	1
6176	0
6177	0
6178	1
6179	0
6180	0
6181	1
6182	2
6183	1
6184	0
6185	2
6186	0
6187	0
6188	0
6189	0
6190	1
6191	1
6192	1
6193	0
6194	0
6195	0
6196	0
6197	0
6198	2
6199	1
6200	1
6201	2
6202	0
6203	1
6204	1
6205	1
6206	0
6207	0
6208	2
6209	1
6210	1
6211	0
6212	0
6213	1
6214	0
6215	2
6216	2
6217	1
6218	1
6219	0
6220	0
6221	0
6222	1
6223	0
6224	0
6225	0
6226	0
6227	0
6228	0
6229	1
6230	1
6231	0
6232	0
6233	0
6234	1
6235	0
6236	1
6237	0
6238	0
6239	1
6240	1
6241	0
6242	0
6243	0
6244	2
6245	1
6246	1
6247	3
6248	0
6249	0
6250	1
6251	1
6252	0
6253	1
6254	2
6255	0
6256	1
6257	0
6258	0
6259	1
6260	1
6261	3
6262	0
6263	0
6264	0
6265	0
6266	1
6267	0
6268	1
6269	0
6270	0
6271	1
6272	1
6273	0
6274	0
6275	2
6276	2
6277	0
6278	2
6279	1
6280	0
6281	0
6282	2
6283	0
6284	2
6285	0
6286	0
6287	1
6288	0
6289	1
6290	1
6291	3
6292	0
6293	0
6294	4
6295	3
6296	4
6297	3
6298	0
6299	2
6300	4
6301	0
6302	4
6303	0
6304	2
6305	1
6306	5
6307	4
6308	1
6309	1
6310	4
6311	3
6312	0
6313	1
6314	1
6315	2
6316	0
6317	0
6318	1
6319	1
6320	1
6321	2
6322	1
6323	0
6324	0
6325	1
6326	0
6327	1
6328	1
6329	0
6330	0
6331	1
6332	0
6333	2
6334	1
6335	0
6336	0
6337	1
6338	1
6339	0
6340	1
6341	1
6342	0
6343	1
6344	0
6345	1
6346	0
6347	0
6348	2
6349	0
6350	0
6351	2
6352	0
6353	0
6354	3
6355	0
6356	0
6357	0
6358	2
6359	1
6360	1
6361	1
6362	0
6363	0
6364	0
6365	0
6366	0
6367	0
6368	1
6369	0
6370	3
6371	1
6372	1
6373	0
6374	3
6375	1
6376	2
6377	0
6378	0
6379	0
6380	0
6381	0
6382	0
6383	0
6384	1
6385	0
6386	0
6387	3
6388	2
6389	1
6390	1
6391	0
6392	0
6393	4
6394	2
6395	0
6396	2
6397	1
6398	0
6399	0
6400	2
6401	0
6402	0
6403	1
6404	1
6405	0
6406	2
6407	0
6408	0
6409	1
6410	0
6411	0
6412	0
6413	2
6414	1
6415	1
6416	1
6417	0
6418	0
6419	1
6420	2
6421	0
6422	0
6423	1
6424	1
6425	1
6426	2
6427	2
6428	1
6429	1
6430	1
6431	0
6432	1
6433	1
6434	0
6435	1
6436	1
6437	0
6438	0
6439	0
6440	0
6441	0
6442	1
6443	0
6444	2
6445	1
6446	0
6447	4
6448	0
6449	0
6450	0
6451	0
6452	2
6453	0
6454	1
6455	1
6456	2
6457	0
6458	0
6459	1
6460	0
6461	0
6462	0
6463	0
6464	1
6465	1
6466	2
6467	0
6468	1
6469	1
6470	1
6471	1
6472	2
6473	2
6474	0
6475	0
6476	2
6477	1
6478	0
6479	0
6480	1
6481	2
6482	1
6483	1
6484	1
6485	1
6486	0
6487	0
6488	1
6489	0
6490	0
6491	0
6492	1
6493	0
6494	2
6495	1
6496	1
6497	2
6498	0
6499	0
6500	1
6501	0
6502	1
6503	2
6504	1
6505	0
6506	0
6507	0
6508	0
6509	0
6510	0
6511	0
6512	2
6513	0
6514	3
6515	1
6516	0
6517	1
6518	2
6519	2
6520	1
6521	0
6522	1
6523	3
6524	0
6525	3
6526	0
6527	2
6528	1
6529	1
6530	0
6531	1
6532	0
6533	2
6534	1
6535	0
6536	0
6537	0
6538	1
6539	0
6540	1
6541	0
6542	0
6543	1
6544	3
6545	1
6546	1
6547	0
6548	1
6549	2
6550	0
6551	0
6552	1
6553	3
6554	0
6555	2
6556	0
6557	0
6558	0
6559	3
6560	0
6561	1
6562	0
6563	2
6564	0
6565	0
6566	1
6567	0
6568	0
6569	0
6570	1
6571	2
6572	0
6573	0
6574	0
6575	1
6576	1
6577	0
6578	0
6579	1
6580	1
6581	1
6582	1
6583	0
6584	2
6585	1
6586	1
6587	0
6588	2
6589	3
6590	1
6591	3
6592	0
6593	0
6594	1
6595	1
6596	0
6597	0
6598	0
6599	1
6600	2
6601	0
6602	0
6603	0
6604	0
6605	2
6606	2
6607	1
6608	1
6609	1
6610	0
6611	0
6612	1
6613	1
6614	0
6615	1
6616	1
6617	0
6618	1
6619	1
6620	0
6621	0
6622	2
6623	0
6624	0
6625	0
6626	0
6627	2
6628	1
6629	0
6630	0
6631	2
6632	1
6633	1
6634	1
6635	2
6636	3
6637	2
6638	1
6639	1
6640	1
6641	2
6642	0
6643	0
6644	0
6645	1
6646	2
6647	1
6648	2
6649	1
6650	0
6651	0
6652	1
6653	0
6654	0
6655	1
6656	1
6657	0
6658	2
6659	0
6660	1
6661	1
6662	0
6663	0
6664	0
6665	1
6666	1
6667	1
6668	2
6669	1
6670	1
6671	2
6672	0
6673	1
6674	0
6675	2
6676	1
6677	2
6678	1
6679	0
6680	0
6681	1
6682	0
6683	2
6684	0
6685	0
6686	1
6687	0
6688	0
6689	1
6690	2
6691	1
6692	0
6693	0
6694	0
6695	1
6696	2
6697	1
6698	4
6699	0
6700	5
6701	1
6702	0
6703	1
6704	0
6705	1
6706	1
6707	0
6708	1
6709	0
6710	1
6711	1
6712	0
6713	0
6714	0
6715	1
6716	0
6717	0
6718	2
6719	1
6720	0
6721	2
6722	0
6723	0
6724	0
6725	0
6726	0
6727	0
6728	0
6729	1
6730	2
6731	1
6732	0
6733	0
6734	0
6735	0
6736	1
6737	2
6738	0
6739	1
6740	1
6741	0
6742	1
6743	2
6744	1
6745	2
6746	0
6747	0
6748	1
6749	1
6750	1
6751	3
6752	2
6753	0
6754	2
6755	2
6756	2
6757	0
6758	0
6759	1
6760	3
6761	0
6762	2
6763	0
6764	0
6765	0
6766	2
6767	0
6768	2
6769	0
6770	0
6771	0
6772	1
6773	0
6774	0
6775	1
6776	1
6777	1
6778	1
6779	0
6780	0
6781	0
6782	0
6783	1
6784	1
6785	2
6786	0
6787	2
6788	4
6789	1
6790	1
6791	0
6792	1
6793	0
6794	0
6795	0
6796	3
6797	3
6798	0
6799	0
6800	1
6801	1
6802	1
6803	1
6804	1
6805	2
6806	3
6807	0
6808	0
6809	2
6810	2
6811	0
6812	1
6813	0
6814	1
6815	1
6816	1
6817	1
6818	0
6819	0
6820	1
6821	1
6822	0
6823	1
6824	0
6825	2
6826	0
6827	1
6828	1
6829	0
6830	1
6831	1
6832	1
6833	0
6834	0
6835	0
6836	0
6837	1
6838	1
6839	3
6840	1
6841	1
6842	1
6843	2
6844	0
6845	1
6846	0
6847	1
6848	0
6849	1
6850	2
6851	1
6852	1
6853	1
6854	2
6855	2
6856	1
6857	1
6858	0
6859	3
6860	0
6861	1
6862	1
6863	0
6864	0
6865	1
6866	0
6867	0
6868	4
6869	0
6870	0
6871	2
6872	0
6873	0
6874	3
6875	2
6876	3
6877	2
6878	1
6879	1
6880	2
6881	1
6882	0
6883	2
6884	1
6885	2
6886	2
6887	2
6888	0
6889	0
6890	0
6891	0
6892	1
6893	0
6894	0
6895	0
6896	2
6897	1
6898	1
6899	1
6900	0
6901	0
6902	1
6903	2
6904	0
6905	0
6906	0
6907	1
6908	0
6909	0
6910	1
6911	0
6912	0
6913	2
6914	2
6915	0
6916	1
6917	3
6918	1
6919	2
6920	4
6921	2
6922	1
6923	1
6924	0
6925	2
6926	0
6927	1
6928	2
6929	0
6930	0
6931	0
6932	3
6933	0
6934	0
6935	2
6936	1
6937	0
6938	1
6939	1
6940	1
6941	0
6942	2
6943	0
6944	0
6945	3
6946	0
6947	0
6948	1
6949	0
6950	0
6951	1
6952	0
6953	2
6954	1
6955	1
6956	1
6957	2
6958	0
6959	2
6960	1
6961	2
6962	3
6963	2
6964	4
6965	0
6966	0
6967	0
6968	2
6969	2
6970	1
6971	1
6972	1
6973	3
6974	2
6975	1
6976	0
6977	1
6978	0
6979	1
6980	1
6981	1
6982	2
6983	0
6984	3
6985	1
6986	1
6987	1
6988	2
6989	3
6990	0
6991	2
6992	2
6993	0
6994	0
6995	1
6996	1
6997	1
6998	0
6999	1
7000	0
7001	0
7002	1
7003	1
7004	0
7005	2
7006	1
7007	1
7008	0
7009	0
7010	0
7011	0
7012	0
7013	1
7014	1
7015	0
7016	1
7017	1
7018	0
7019	0
7020	0
7021	0
7022	0
7023	1
7024	0
7025	1
7026	0
7027	0
7028	3
7029	0
7030	1
7031	0
7032	0
7033	0
7034	0
7035	1
7036	4
7037	1
7038	1
7039	0
7040	0
7041	0
7042	1
7043	1
7044	0
7045	1
7046	0
7047	0
7048	0
7049	2
7050	0
7051	1
7052	0
7053	0
7054	1
7055	1
7056	0
7057	0
7058	0
7059	0
7060	1
7061	0
7062	1
7063	1
7064	1
7065	0
7066	0
7067	2
7068	2
7069	1
7070	1
7071	0
7072	0
7073	0
7074	0
7075	0
7076	0
7077	0
7078	0
7079	0
7080	0
7081	1
7082	1
7083	0
7084	1
7085	3
7086	1
7087	0
7088	1
7089	1
7090	1
7091	0
7092	0
7093	1
7094	0
7095	1
7096	1
7097	1
7098	0
7099	0
7100	1
7101	2
7102	0
7103	1
7104	0
7105	0
7106	0
7107	0
7108	0
7109	1
7110	0
7111	0
7112	0
7113	1
7114	1
7115	0
7116	0
7117	2
7118	2
7119	1
7120	2
7121	1
7122	1
7123	1
7124	2
7125	1
7126	0
7127	1
7128	1
7129	0
7130	0
7131	0
7132	2
7133	0
7134	0
7135	1
7136	0
7137	0
7138	3
7139	1
7140	0
7141	1
7142	0
7143	0
7144	2
7145	0
7146	1
7147	0
7148	0
7149	1
7150	0
7151	0
7152	1
7153	1
7154	1
7155	1
7156	0
7157	0
7158	0
7159	2
7160	0
7161	0
7162	0
7163	0
7164	0
7165	1
7166	1
7167	0
7168	1
7169	0
7170	0
7171	1
7172	0
7173	1
7174	0
7175	0
7176	0
7177	0
7178	0
7179	0
7180	1
7181	0
7182	0
7183	1
7184	0
7185	1
7186	0
7187	1
7188	0
7189	1
7190	1
7191	3
7192	2
7193	0
7194	0
7195	1
7196	0
7197	0
7198	1
7199	0
7200	0
7201	0
7202	0
7203	1
7204	1
7205	1
7206	0
7207	1
7208	0
7209	0
7210	0
7211	3
7212	0
7213	3
7214	3
7215	0
7216	0
7217	2
7218	1
7219	0
7220	0
7221	1
7222	0
7223	0
7224	1
7225	1
7226	1
7227	0
7228	0
7229	2
7230	0
7231	1
7232	2
7233	2
7234	0
7235	1
7236	2
7237	1
7238	0
7239	0
7240	2
7241	1
7242	0
7243	0
7244	2
7245	1
7246	0
7247	0
7248	0
7249	0
7250	0
7251	2
7252	0
7253	0
7254	0
7255	1
7256	0
7257	0
7258	1
7259	0
7260	0
7261	1
7262	0
7263	2
7264	0
7265	0
7266	1
7267	0
7268	1
7269	0
7270	0
7271	1
7272	0
7273	0
7274	0
7275	1
7276	0
7277	0
7278	0
7279	0
7280	1
7281	1
7282	1
7283	0
7284	1
7285	2
7286	0
7287	0
7288	0
7289	0
7290	0
7291	0
7292	0
7293	0
7294	0
7295	0
7296	0
7297	0
7298	3
7299	0
7300	0
7301	0
7302	0
7303	0
7304	1
7305	0
7306	0
7307	0
7308	1
7309	2
7310	1
7311	0
7312	2
7313	0
7314	0
7315	0
7316	0
7317	1
7318	1
7319	1
7320	0
7321	0
7322	0
7323	0
7324	0
7325	0
7326	0
7327	0
7328	0
7329	0
7330	1
7331	0
7332	0
7333	1
7334	0
7335	2
7336	1
7337	1
7338	1
7339	1
7340	0
7341	0
7342	0
7343	2
7344	3
7345	1
7346	2
7347	0
7348	2
7349	0
7350	1
7351	0
7352	0
7353	0
7354	0
7355	2
7356	2
7357	0
7358	2
7359	1
7360	1
7361	0
7362	1
7363	2
7364	0
7365	0
7366	1
7367	0
7368	0
7369	0
7370	0
7371	0
7372	1
7373	2
7374	0
7375	0
7376	0
7377	1
7378	1
7379	0
7380	3
7381	1
7382	0
7383	0
7384	1
7385	2
7386	2
7387	0
7388	1
7389	0
7390	0
7391	0
7392	0
7393	0
7394	0
7395	1
7396	1
7397	2
7398	0
7399	1
7400	0
7401	0
7402	1
7403	1
7404	0
7405	0
7406	1
7407	0
7408	1
7409	0
7410	0
7411	0
7412	0
7413	0
7414	2
7415	0
7416	1
7417	0
7418	1
7419	1
7420	0
7421	1
7422	0
7423	1
7424	0
7425	0
7426	1
7427	0
7428	0
7429	1
7430	1
7431	0
7432	0
7433	0
7434	0
7435	0
7436	0
7437	0
7438	0
7439	1
7440	1
7441	1
7442	3
7443	0
7444	1
7445	0
7446	2
7447	0
7448	0
7449	1
7450	0
7451	0
7452	2
7453	0
7454	0
7455	1
7456	0
7457	1
7458	0
7459	1
7460	1
7461	0
7462	0
7463	1
7464	0
7465	0
7466	1
7467	0
7468	1
7469	0
7470	0
7471	0
7472	0
7473	0
7474	1
7475	0
7476	0
7477	0
7478	0
7479	0
7480	1
7481	1
7482	2
7483	0
7484	0
7485	1
7486	1
7487	0
7488	0
7489	0
7490	0
7491	0
7492	1
7493	1
7494	1
7495	0
7496	0
7497	2
7498	0
7499	1
7500	0
7501	0
7502	0
7503	0
7504	1
7505	1
7506	0
7507	0
7508	0
7509	1
7510	0
7511	0
7512	2
7513	0
7514	0
7515	1
7516	1
7517	0
7518	1
7519	0
7520	0
7521	0
7522	0
7523	1
7524	1
7525	0
7526	0
7527	1
7528	1
7529	1
7530	1
7531	0
7532	0
7533	1
7534	1
7535	1
7536	1
7537	0
7538	0
7539	1
7540	1
7541	0
7542	0
7543	0
7544	0
7545	2
7546	0
7547	1
7548	0
7549	0
7550	0
7551	1
7552	0
7553	0
7554	1
7555	0
7556	0
7557	0
7558	0
7559	0
7560	1
7561	0
7562	3
7563	1
7564	0
7565	0
7566	0
7567	0
7568	0
7569	0
7570	0
7571	1
7572	1
7573	3
7574	0
7575	0
7576	0
7577	0
7578	0
7579	0
7580	0
7581	1
7582	0
7583	0
7584	1
7585	0
7586	0
7587	0
7588	2
7589	0
7590	1
7591	0
7592	0
7593	2
7594	0
7595	1
7596	0
7597	1
7598	0
7599	1
7600	1
7601	0
7602	0
7603	0
7604	2
7605	1
7606	0
7607	0
7608	0
7609	1
7610	0
7611	0
7612	0
7613	1
7614	1
7615	0
7616	1
7617	0
7618	0
7619	0
7620	0
7621	0
7622	1
7623	2
7624	0
7625	0
7626	2
7627	0
7628	0
7629	0
7630	0
7631	0
7632	2
7633	0
7634	0
7635	0
7636	0
7637	1
7638	0
7639	0
7640	0
7641	0
7642	0
7643	0
7644	0
7645	0
7646	0
7647	0
7648	0
7649	0
7650	0
7651	1
7652	0
7653	0
7654	0
7655	0
7656	2
7657	1
7658	1
7659	0
7660	0
7661	0
7662	1
7663	0
7664	0
7665	1
7666	0
7667	0
7668	0
7669	0
7670	0
7671	0
7672	0
7673	1
7674	0
7675	2
7676	0
7677	0
7678	0
7679	0
7680	0
7681	0
7682	1
7683	0
7684	0
7685	0
7686	0
7687	0
7688	0
7689	0
7690	0
7691	1
7692	1
7693	1
7694	0
7695	0
7696	1
7697	0
7698	0
7699	0
7700	0
7701	0
7702	0
7703	0
7704	0
7705	0
7706	1
7707	0
7708	1
7709	0
7710	0
7711	0
7712	2
7713	0
7714	0
7715	1
7716	0
7717	0
7718	1
7719	0
7720	0
7721	0
7722	0
7723	0
7724	0
7725	0
7726	0
7727	0
7728	0
7729	0
7730	1
7731	1
7732	0
7733	0
7734	0
7735	0
7736	0
7737	0
7738	0
7739	0
7740	0
7741	0
7742	0
7743	0
7744	2
7745	0
7746	2
7747	0
7748	1
7749	0
7750	1
7751	1
7752	1
7753	2
7754	0
7755	0
7756	1
7757	1
7758	0
7759	0
7760	1
7761	0
7762	0
7763	0
7764	2
7765	0
7766	0
7767	0
7768	0
7769	0
7770	1
7771	1
7772	1
7773	1
7774	0
7775	0
7776	0
7777	0
7778	0
7779	0
7780	0
7781	0
7782	0
7783	0
7784	0
7785	0
7786	0
7787	0
7788	2
7789	1
7790	0
7791	0
7792	1
7793	0
7794	1
7795	1
7796	0
7797	0
7798	0
7799	0
7800	1
7801	0
7802	0
7803	0
7804	1
7805	0
7806	0
7807	2
7808	0
7809	1
7810	0
7811	0
7812	0
7813	0
7814	1
7815	0
7816	0
7817	0
7818	0
7819	0
7820	0
7821	0
7822	0
7823	1
7824	0
7825	0
7826	0
7827	0
7828	1
7829	0
7830	0
7831	1
7832	0
7833	1
7834	0
7835	0
7836	0
7837	0
7838	0
7839	0
7840	0
7841	0
7842	0
7843	0
7844	1
7845	0
7846	0
7847	0
7848	0
7849	0
7850	0
7851	0
7852	0
7853	0
7854	0
7855	0
7856	0
7857	0
7858	0
7859	0
7860	0
7861	0
7862	0
7863	0
7864	1
7865	0
7866	0
7867	2
7868	1
7869	0
7870	0
7871	0
7872	1
7873	0
7874	1
7875	1
7876	0
7877	0
7878	0
7879	0
7880	0
7881	1
7882	0
7883	0
7884	0
7885	0
7886	0
7887	1
7888	0
7889	0
7890	0
7891	0
7892	0
7893	0
7894	1
7895	0
7896	0
7897	1
7898	0
7899	0
7900	0
7901	0
7902	1
7903	0
7904	0
7905	0
7906	0
7907	0
7908	0
7909	0
7910	0
7911	1
7912	0
7913	1
7914	0
7915	0
7916	0
7917	0
7918	1
7919	0
7920	1
7921	1
7922	0
7923	1
7924	1
7925	1
7926	1
7927	0
7928	0
7929	0
7930	0
7931	0
7932	1
7933	1
7934	0
7935	1
7936	0
7937	0
7938	0
7939	0
7940	1
7941	0
7942	0
7943	0
7944	0
7945	0
7946	0
7947	0
7948	0
7949	0
7950	0
7951	0
7952	0
7953	0
7954	0
7955	0
7956	0
7957	0
7958	0
7959	0
7960	0
7961	0
7962	0
7963	0
7964	1
7965	0
7966	0
7967	0
7968	2
7969	0
7970	0
7971	0
7972	0
7973	0
7974	0
7975	0
7976	0
7977	0
7978	1
7979	0
7980	0
7981	0
7982	0
7983	0
7984	0
7985	0
7986	1
7987	0
7988	1
7989	0
7990	0
7991	0
7992	0
7993	0
7994	0
7995	0
7996	0
7997	0
7998	2
7999	0
8000	1
8001	1
8002	0
8003	0
8004	0
8005	1
8006	1
8007	0
8008	0
8009	1
8010	2
8011	0
8012	0
8013	0
8014	0
8015	0
8016	0
8017	0
8018	1
8019	0
8020	0
8021	2
8022	1
8023	0
8024	0
8025	0
8026	0
8027	0
8028	1
8029	1
8030	1
8031	0
8032	0
8033	0
8034	1
8035	1
8036	0
8037	0
8038	0
8039	0
8040	0
8041	0
8042	0
8043	1
8044	1
8045	0
8046	0
8047	0
8048	1
8049	0
8050	2
8051	0
8052	0
8053	0
8054	0
8055	0
8056	0
8057	0
8058	0
8059	0
8060	1
8061	0
8062	0
8063	0
8064	0
8065	0
8066	0
8067	0
8068	0
8069	0
8070	1
8071	0
8072	0
8073	0
8074	1
8075	0
8076	0
8077	0
8078	0
8079	0
8080	0
8081	0
8082	0
8083	1
8084	0
8085	0
8086	1
8087	1
8088	2
8089	0
8090	0
8091	0
8092	0
8093	0
8094	0
8095	1
8096	0
8097	1
8098	1
8099	0
8100	0
8101	1
8102	0
8103	0
8104	0
8105	0
8106	0
8107	0
8108	0
8109	0
8110	0
8111	0
8112	0
8113	0
8114	0
8115	0
8116	0
8117	0
8118	0
8119	0
8120	0
8121	0
8122	0
8123	0
8124	0
8125	0
8126	0
8127	0
8128	0
8129	0
8130	0
8131	0
8132	0
8133	0
8134	0
8135	0
8136	0
8137	0
8138	0
8139	0
8140	0
8141	0
8142	0
8143	0
8144	0
8145	0
8146	0
8147	0
8148	0
8149	0
8150	0
8151	0
8152	0
8153	0
8154	0
8155	0
8156	0
8157	0
8158	0
8159	0
8160	0
8161	0
8162	0
8163	0
8164	0
8165	0
8166	0
8167	0
8168	0
8169	0
8170	0
8171	0
8172	0
8173	0
8174	0
8175	0
8176	0
8177	0
8178	0
8179	0
8180	0
8181	0
8182	0
8183	0
8184	0
8185	0
8186	0
8187	0
8188	0
8189	0
8190	0
8191	0
