0	0
1	0
2	0
3	0
4	0
5	0
6	0
7	0
8	0
9	0
10	0
11	0
12	0
13	0
14	0
15	0
16	0
17	0
18	0
19	0
20	0
21	0
22	0
23	0
24	0
25	0
26	0
27	0
28	0
29	0
30	0
31	0
32	0
33	0
34	0
35	0
36	0
37	0
38	0
39	0
40	0
41	0
42	0
43	0
44	0
45	0
46	0
47	0
48	0
49	0
50	0
51	0
52	0
53	0
54	0
55	0
56	0
57	0
58	0
59	0
60	0
61	0
62	0
63	1
64	3
65	23
66	410
67	4848
68	34042
69	121607
70	238671
71	288476
72	252434
73	188928
74	135927
75	97865
76	75996
77	61782
78	53822
79	48061
80	44251
81	40826
82	38310
83	35634
84	33174
85	30924
86	29117
87	26919
88	25155
89	24136
90	22866
91	22230
92	21407
93	20889
94	20215
95	20078
96	19727
97	19254
98	18951
99	18513
100	18441
101	18307
102	17998
103	17825
104	17278
105	17264
106	17023
107	16535
108	16343
109	15938
110	15932
111	15731
112	15333
113	15540
114	14622
115	14489
116	14526
117	14137
118	13991
119	13651
120	13454
121	13389
122	13291
123	13060
124	13113
125	12973
126	12666
127	12575
128	12235
129	12300
130	12236
131	11768
132	11948
133	11646
134	11430
135	11409
136	11116
137	11282
138	10980
139	10913
140	10765
141	10400
142	10605
143	10261
144	10188
145	10131
146	10028
147	9772
148	9841
149	9724
150	9848
151	9503
152	9549
153	9516
154	9310
155	9144
156	9085
157	8962
158	8905
159	8754
160	8769
161	8803
162	8617
163	8563
164	8545
165	8305
166	8315
167	8161
168	8134
169	8004
170	8054
171	7989
172	7735
173	7782
174	7647
175	7534
176	7612
177	7479
178	7367
179	7425
180	7483
181	7177
182	7307
183	7168
184	7062
185	7115
186	7020
187	7007
188	7012
189	6829
190	6728
191	6722
192	6612
193	6679
194	6488
195	6795
196	6542
197	6515
198	6401
199	6389
200	6208
201	6262
202	6172
203	6287
204	6028
205	6217
206	6013
207	6087
208	5953
209	6005
210	5969
211	5827
212	5963
213	5973
214	5728
215	5735
216	5878
217	5645
218	5650
219	5534
220	5473
221	5483
222	5354
223	5484
224	5409
225	5342
226	5364
227	5418
228	5254
229	5327
230	5164
231	5200
232	5190
233	5088
234	5188
235	5022
236	4957
237	5035
238	5053
239	4971
240	4911
241	4746
242	4862
243	4931
244	4902
245	4735
246	4900
247	4784
248	4662
249	4636
250	4586
251	4674
252	4575
253	4553
254	4561
255	4597
256	4480
257	4483
258	4446
259	4297
260	4288
261	4430
262	4389
263	4287
264	4270
265	4261
266	4113
267	4155
268	4303
269	4188
270	4248
271	4202
272	4277
273	4082
274	4115
275	4148
276	4116
277	3986
278	3984
279	4052
280	4107
281	4056
282	4011
283	3893
284	4024
285	3943
286	3884
287	3822
288	3911
289	3791
290	3814
291	3802
292	3753
293	3805
294	3663
295	3722
296	3767
297	3714
298	3782
299	3684
300	3660
301	3556
302	3687
303	3696
304	3686
305	3570
306	3585
307	3623
308	3608
309	3617
310	3579
311	3517
312	3542
313	3489
314	3572
315	3452
316	3451
317	3473
318	3380
319	3477
320	3371
321	3532
322	3283
323	3322
324	3329
325	3466
326	3284
327	3215
328	3329
329	3330
330	3280
331	3272
332	3333
333	3291
334	3275
335	3297
336	3169
337	3211
338	3227
339	3158
340	3184
341	3258
342	3236
343	3306
344	3219
345	3074
346	3029
347	3047
348	3223
349	3183
350	3047
351	3121
352	3054
353	3037
354	3077
355	2986
356	2997
357	2951
358	3008
359	2993
360	2993
361	2983
362	2853
363	3040
364	2833
365	2931
366	2948
367	2849
368	2977
369	2750
370	2819
371	2855
372	2932
373	2917
374	2925
375	2773
376	2877
377	2819
378	2806
379	2894
380	2885
381	2869
382	2904
383	2876
384	2876
385	2880
386	2951
387	2940
388	2992
389	2984
390	3020
391	2958
392	2910
393	2897
394	2797
395	2817
396	2996
397	2916
398	2971
399	3070
400	3139
401	3085
402	3077
403	2989
404	2937
405	2861
406	2839
407	2907
408	2740
409	2781
410	2633
411	2731
412	2683
413	2600
414	2579
415	2659
416	2574
417	2578
418	2524
419	2514
420	2521
421	2539
422	2404
423	2538
424	2432
425	2522
426	2453
427	2471
428	2552
429	2442
430	2439
431	2387
432	2499
433	2501
434	2447
435	2421
436	2505
437	2328
438	2515
439	2500
440	2433
441	2357
442	2391
443	2351
444	2430
445	2419
446	2435
447	2316
448	2406
449	2382
450	2422
451	2475
452	2496
453	2472
454	2522
455	2493
456	2595
457	2591
458	2586
459	2482
460	2436
461	2489
462	2383
463	2374
464	2379
465	2348
466	2307
467	2341
468	2399
469	2324
470	2367
471	2371
472	2330
473	2325
474	2329
475	2242
476	2369
477	2207
478	2246
479	2234
480	2193
481	2247
482	2213
483	2197
484	2168
485	2193
486	2214
487	2235
488	2291
489	2256
490	2150
491	2188
492	2165
493	2212
494	2111
495	2158
496	2162
497	2157
498	2149
499	2120
500	2178
501	2216
502	2198
503	2175
504	2083
505	2152
506	2117
507	2144
508	2142
509	2132
510	2033
511	2126
512	2121
513	2030
514	2084
515	2122
516	2131
517	2110
518	2029
519	2038
520	2085
521	2083
522	2096
523	2021
524	1967
525	2092
526	2018
527	2026
528	2009
529	2050
530	2056
531	1980
532	2019
533	2029
534	2015
535	1927
536	2059
537	1986
538	2022
539	1969
540	2001
541	2035
542	1951
543	1966
544	2003
545	1970
546	1894
547	2008
548	2015
549	2033
550	2013
551	2032
552	1969
553	1935
554	1898
555	1931
556	1984
557	1859
558	2045
559	1957
560	1994
561	1943
562	1880
563	1935
564	1948
565	1917
566	1949
567	2037
568	1917
569	1930
570	1880
571	1919
572	1938
573	1911
574	1848
575	1926
576	1886
577	1972
578	1874
579	1887
580	1862
581	1879
582	1876
583	1856
584	1930
585	1837
586	1855
587	1868
588	1829
589	1903
590	1783
591	1902
592	1891
593	1880
594	1764
595	1879
596	1777
597	1848
598	1765
599	1805
600	1854
601	1779
602	1756
603	1900
604	1855
605	1847
606	1769
607	1826
608	1854
609	1832
610	1778
611	1814
612	1797
613	1754
614	1834
615	1737
616	1771
617	1783
618	1766
619	1817
620	1748
621	1723
622	1717
623	1705
624	1753
625	1735
626	1769
627	1693
628	1780
629	1816
630	1735
631	1803
632	1725
633	1767
634	1758
635	1807
636	1722
637	1698
638	1805
639	1695
640	1741
641	1732
642	1710
643	1786
644	1653
645	1704
646	1712
647	1733
648	1719
649	1681
650	1677
651	1625
652	1709
653	1710
654	1690
655	1703
656	1698
657	1736
658	1729
659	1684
660	1702
661	1649
662	1706
663	1722
664	1692
665	1671
666	1708
667	1672
668	1742
669	1723
670	1668
671	1643
672	1631
673	1679
674	1664
675	1576
676	1616
677	1564
678	1671
679	1689
680	1672
681	1571
682	1679
683	1628
684	1565
685	1642
686	1568
687	1710
688	1619
689	1626
690	1567
691	1524
692	1593
693	1642
694	1581
695	1644
696	1560
697	1629
698	1581
699	1592
700	1601
701	1601
702	1629
703	1541
704	1606
705	1582
706	1552
707	1603
708	1586
709	1516
710	1598
711	1577
712	1510
713	1606
714	1524
715	1509
716	1557
717	1553
718	1515
719	1488
720	1566
721	1518
722	1575
723	1575
724	1551
725	1544
726	1577
727	1622
728	1541
729	1517
730	1497
731	1527
732	1519
733	1481
734	1516
735	1483
736	1560
737	1557
738	1545
739	1513
740	1450
741	1543
742	1481
743	1521
744	1504
745	1532
746	1521
747	1527
748	1513
749	1452
750	1533
751	1436
752	1483
753	1473
754	1466
755	1485
756	1468
757	1506
758	1496
759	1468
760	1563
761	1516
762	1467
763	1458
764	1458
765	1419
766	1417
767	1428
768	1385
769	1370
770	1464
771	1402
772	1477
773	1452
774	1443
775	1403
776	1436
777	1426
778	1418
779	1402
780	1409
781	1457
782	1427
783	1433
784	1453
785	1466
786	1372
787	1404
788	1353
789	1391
790	1395
791	1367
792	1378
793	1386
794	1403
795	1472
796	1475
797	1399
798	1392
799	1398
800	1419
801	1408
802	1386
803	1340
804	1315
805	1439
806	1416
807	1377
808	1337
809	1364
810	1412
811	1426
812	1293
813	1333
814	1376
815	1343
816	1368
817	1370
818	1353
819	1367
820	1388
821	1237
822	1301
823	1390
824	1319
825	1393
826	1343
827	1272
828	1370
829	1354
830	1382
831	1318
832	1289
833	1323
834	1351
835	1313
836	1260
837	1366
838	1310
839	1331
840	1272
841	1290
842	1309
843	1360
844	1289
845	1273
846	1354
847	1291
848	1357
849	1284
850	1321
851	1321
852	1269
853	1319
854	1292
855	1346
856	1344
857	1321
858	1339
859	1287
860	1297
861	1286
862	1221
863	1283
864	1281
865	1208
866	1223
867	1211
868	1274
869	1229
870	1223
871	1295
872	1251
873	1307
874	1177
875	1303
876	1268
877	1279
878	1212
879	1203
880	1193
881	1224
882	1241
883	1205
884	1198
885	1191
886	1233
887	1212
888	1228
889	1261
890	1254
891	1240
892	1244
893	1188
894	1164
895	1207
896	1196
897	1194
898	1210
899	1206
900	1190
901	1158
902	1181
903	1181
904	1220
905	1152
906	1169
907	1175
908	1204
909	1141
910	1168
911	1203
912	1187
913	1182
914	1190
915	1200
916	1183
917	1118
918	1217
919	1187
920	1164
921	1176
922	1167
923	1154
924	1141
925	1193
926	1135
927	1185
928	1199
929	1145
930	1097
931	1141
932	1196
933	1181
934	1140
935	1163
936	1138
937	1180
938	1135
939	1131
940	1178
941	1137
942	1156
943	1135
944	1113
945	1136
946	1132
947	1162
948	1158
949	1113
950	1168
951	1164
952	1120
953	1081
954	1088
955	1102
956	1108
957	1118
958	1113
959	1153
960	1069
961	1110
962	1032
963	1025
964	1114
965	1100
966	1129
967	1034
968	1071
969	1063
970	1077
971	1119
972	1092
973	1048
974	1044
975	1060
976	1028
977	1108
978	1103
979	1066
980	1075
981	1076
982	1089
983	1066
984	1006
985	1093
986	1085
987	1078
988	1106
989	1073
990	1063
991	1172
992	1110
993	1081
994	1008
995	998
996	974
997	993
998	1027
999	1074
1000	1040
1001	1062
1002	1055
1003	1078
1004	1035
1005	1079
1006	1034
1007	1044
1008	1077
1009	1016
1010	982
1011	1000
1012	1033
1013	1045
1014	1027
1015	1026
1016	1020
1017	1035
1018	1014
1019	1041
1020	1020
1021	1023
1022	1059
1023	1014
1024	1069
1025	1044
1026	1033
1027	1047
1028	1034
1029	1063
1030	1064
1031	1046
1032	1028
1033	1082
1034	1044
1035	1021
1036	1002
1037	993
1038	1027
1039	975
1040	1013
1041	1012
1042	981
1043	990
1044	1006
1045	1040
1046	1043
1047	1039
1048	1011
1049	980
1050	973
1051	981
1052	982
1053	1052
1054	986
1055	1009
1056	959
1057	961
1058	955
1059	982
1060	1009
1061	974
1062	1007
1063	956
1064	970
1065	962
1066	937
1067	976
1068	981
1069	988
1070	891
1071	937
1072	931
1073	972
1074	981
1075	955
1076	910
1077	950
1078	910
1079	953
1080	957
1081	957
1082	913
1083	910
1084	958
1085	969
1086	929
1087	987
1088	911
1089	937
1090	956
1091	908
1092	932
1093	946
1094	969
1095	907
1096	921
1097	906
1098	957
1099	965
1100	904
1101	959
1102	965
1103	948
1104	890
1105	983
1106	898
1107	869
1108	914
1109	942
1110	967
1111	957
1112	919
1113	956
1114	929
1115	924
1116	933
1117	938
1118	880
1119	935
1120	890
1121	867
1122	862
1123	906
1124	890
1125	901
1126	895
1127	911
1128	888
1129	876
1130	848
1131	941
1132	910
1133	869
1134	867
1135	897
1136	855
1137	858
1138	887
1139	887
1140	829
1141	864
1142	905
1143	838
1144	882
1145	836
1146	891
1147	884
1148	864
1149	825
1150	879
1151	830
1152	842
1153	870
1154	861
1155	801
1156	848
1157	861
1158	939
1159	831
1160	911
1161	840
1162	882
1163	895
1164	885
1165	875
1166	812
1167	881
1168	858
1169	878
1170	878
1171	809
1172	816
1173	865
1174	882
1175	861
1176	829
1177	816
1178	801
1179	879
1180	884
1181	840
1182	840
1183	846
1184	859
1185	823
1186	837
1187	832
1188	830
1189	793
1190	822
1191	822
1192	860
1193	808
1194	816
1195	852
1196	802
1197	837
1198	799
1199	807
1200	831
1201	758
1202	815
1203	846
1204	871
1205	788
1206	815
1207	797
1208	782
1209	799
1210	778
1211	781
1212	798
1213	822
1214	813
1215	781
1216	819
1217	805
1218	806
1219	754
1220	824
1221	794
1222	762
1223	748
1224	780
1225	764
1226	797
1227	813
1228	841
1229	851
1230	771
1231	797
1232	793
1233	795
1234	796
1235	758
1236	783
1237	747
1238	804
1239	754
1240	781
1241	807
1242	803
1243	810
1244	765
1245	698
1246	752
1247	738
1248	786
1249	792
1250	801
1251	778
1252	790
1253	743
1254	755
1255	797
1256	789
1257	752
1258	791
1259	797
1260	773
1261	743
1262	743
1263	766
1264	750
1265	790
1266	723
1267	813
1268	705
1269	769
1270	726
1271	750
1272	740
1273	778
1274	740
1275	747
1276	765
1277	732
1278	744
1279	736
1280	731
1281	737
1282	738
1283	762
1284	724
1285	745
1286	809
1287	704
1288	717
1289	763
1290	736
1291	711
1292	717
1293	755
1294	730
1295	779
1296	786
1297	724
1298	731
1299	741
1300	740
1301	764
1302	752
1303	694
1304	774
1305	722
1306	757
1307	717
1308	753
1309	738
1310	736
1311	737
1312	704
1313	758
1314	702
1315	706
1316	732
1317	720
1318	725
1319	741
1320	784
1321	877
1322	827
1323	881
1324	920
1325	901
1326	954
1327	938
1328	856
1329	847
1330	786
1331	751
1332	755
1333	762
1334	752
1335	698
1336	721
1337	655
1338	758
1339	735
1340	757
1341	683
1342	786
1343	715
1344	724
1345	732
1346	709
1347	727
1348	725
1349	731
1350	698
1351	642
1352	713
1353	664
1354	682
1355	707
1356	694
1357	676
1358	675
1359	649
1360	688
1361	665
1362	669
1363	633
1364	667
1365	634
1366	720
1367	666
1368	677
1369	668
1370	675
1371	647
1372	690
1373	668
1374	744
1375	639
1376	707
1377	625
1378	655
1379	702
1380	652
1381	690
1382	632
1383	672
1384	642
1385	646
1386	682
1387	644
1388	721
1389	674
1390	647
1391	633
1392	649
1393	673
1394	623
1395	660
1396	652
1397	630
1398	707
1399	622
1400	667
1401	618
1402	674
1403	643
1404	645
1405	648
1406	668
1407	600
1408	633
1409	646
1410	644
1411	621
1412	671
1413	644
1414	640
1415	623
1416	621
1417	639
1418	621
1419	656
1420	613
1421	618
1422	628
1423	632
1424	624
1425	625
1426	656
1427	643
1428	642
1429	634
1430	623
1431	614
1432	646
1433	586
1434	617
1435	600
1436	636
1437	585
1438	634
1439	604
1440	623
1441	597
1442	624
1443	604
1444	616
1445	621
1446	576
1447	625
1448	590
1449	595
1450	650
1451	624
1452	603
1453	601
1454	623
1455	608
1456	593
1457	629
1458	614
1459	619
1460	579
1461	591
1462	598
1463	592
1464	589
1465	581
1466	602
1467	642
1468	579
1469	616
1470	673
1471	623
1472	590
1473	593
1474	577
1475	595
1476	639
1477	601
1478	624
1479	594
1480	632
1481	580
1482	607
1483	604
1484	595
1485	590
1486	569
1487	597
1488	620
1489	608
1490	601
1491	616
1492	552
1493	590
1494	582
1495	565
1496	541
1497	659
1498	623
1499	581
1500	546
1501	540
1502	616
1503	552
1504	607
1505	584
1506	559
1507	618
1508	562
1509	560
1510	568
1511	542
1512	604
1513	585
1514	563
1515	587
1516	582
1517	579
1518	566
1519	587
1520	600
1521	556
1522	565
1523	583
1524	573
1525	572
1526	574
1527	532
1528	600
1529	586
1530	565
1531	547
1532	556
1533	538
1534	563
1535	529
1536	553
1537	555
1538	579
1539	570
1540	550
1541	589
1542	534
1543	562
1544	593
1545	562
1546	512
1547	557
1548	582
1549	612
1550	566
1551	565
1552	534
1553	572
1554	529
1555	539
1556	552
1557	560
1558	527
1559	573
1560	578
1561	552
1562	509
1563	550
1564	533
1565	535
1566	545
1567	565
1568	566
1569	534
1570	539
1571	528
1572	530
1573	565
1574	525
1575	554
1576	536
1577	533
1578	538
1579	505
1580	530
1581	499
1582	560
1583	578
1584	516
1585	529
1586	522
1587	516
1588	546
1589	487
1590	517
1591	551
1592	515
1593	558
1594	494
1595	520
1596	520
1597	514
1598	543
1599	537
1600	548
1601	519
1602	542
1603	540
1604	516
1605	488
1606	499
1607	505
1608	507
1609	531
1610	514
1611	494
1612	520
1613	549
1614	500
1615	513
1616	548
1617	502
1618	511
1619	542
1620	525
1621	495
1622	490
1623	534
1624	515
1625	477
1626	505
1627	500
1628	486
1629	498
1630	515
1631	542
1632	490
1633	550
1634	490
1635	512
1636	533
1637	537
1638	517
1639	563
1640	546
1641	593
1642	558
1643	611
1644	606
1645	610
1646	610
1647	601
1648	589
1649	569
1650	521
1651	507
1652	524
1653	496
1654	478
1655	492
1656	492
1657	492
1658	509
1659	461
1660	551
1661	517
1662	468
1663	477
1664	463
1665	471
1666	535
1667	510
1668	538
1669	536
1670	516
1671	526
1672	493
1673	478
1674	522
1675	473
1676	531
1677	460
1678	488
1679	490
1680	494
1681	468
1682	472
1683	441
1684	487
1685	494
1686	493
1687	511
1688	514
1689	514
1690	492
1691	494
1692	484
1693	514
1694	484
1695	483
1696	464
1697	475
1698	453
1699	441
1700	474
1701	454
1702	471
1703	470
1704	434
1705	458
1706	443
1707	464
1708	476
1709	465
1710	499
1711	484
1712	475
1713	527
1714	455
1715	437
1716	441
1717	485
1718	465
1719	452
1720	503
1721	479
1722	453
1723	460
1724	454
1725	473
1726	432
1727	456
1728	426
1729	487
1730	443
1731	445
1732	428
1733	459
1734	444
1735	431
1736	441
1737	460
1738	462
1739	467
1740	442
1741	465
1742	459
1743	454
1744	452
1745	464
1746	449
1747	450
1748	456
1749	471
1750	454
1751	437
1752	453
1753	457
1754	467
1755	491
1756	417
1757	468
1758	448
1759	488
1760	504
1761	428
1762	469
1763	456
1764	457
1765	402
1766	449
1767	460
1768	460
1769	447
1770	451
1771	446
1772	479
1773	447
1774	459
1775	430
1776	419
1777	433
1778	461
1779	429
1780	476
1781	427
1782	472
1783	427
1784	447
1785	437
1786	453
1787	413
1788	455
1789	445
1790	412
1791	444
1792	447
1793	434
1794	450
1795	459
1796	428
1797	459
1798	428
1799	376
1800	439
1801	442
1802	406
1803	473
1804	420
1805	416
1806	431
1807	469
1808	386
1809	419
1810	450
1811	467
1812	446
1813	430
1814	413
1815	402
1816	407
1817	418
1818	436
1819	448
1820	415
1821	431
1822	449
1823	441
1824	444
1825	409
1826	417
1827	452
1828	435
1829	423
1830	414
1831	471
1832	452
1833	434
1834	414
1835	395
1836	430
1837	415
1838	391
1839	399
1840	402
1841	419
1842	403
1843	411
1844	442
1845	432
1846	406
1847	428
1848	445
1849	427
1850	411
1851	410
1852	387
1853	397
1854	426
1855	391
1856	393
1857	448
1858	420
1859	438
1860	405
1861	433
1862	408
1863	405
1864	393
1865	395
1866	414
1867	418
1868	398
1869	416
1870	407
1871	380
1872	406
1873	443
1874	406
1875	429
1876	400
1877	380
1878	396
1879	422
1880	460
1881	435
1882	438
1883	434
1884	421
1885	421
1886	440
1887	474
1888	407
1889	465
1890	444
1891	472
1892	421
1893	391
1894	366
1895	441
1896	398
1897	416
1898	386
1899	405
1900	407
1901	369
1902	414
1903	444
1904	380
1905	417
1906	386
1907	397
1908	401
1909	376
1910	366
1911	407
1912	404
1913	371
1914	395
1915	383
1916	388
1917	403
1918	416
1919	386
1920	342
1921	360
1922	439
1923	380
1924	387
1925	373
1926	373
1927	408
1928	352
1929	401
1930	408
1931	384
1932	360
1933	368
1934	366
1935	371
1936	380
1937	392
1938	381
1939	431
1940	395
1941	395
1942	389
1943	405
1944	386
1945	409
1946	379
1947	384
1948	373
1949	375
1950	390
1951	368
1952	371
1953	413
1954	407
1955	410
1956	429
1957	461
1958	455
1959	494
1960	581
1961	557
1962	538
1963	579
1964	566
1965	538
1966	574
1967	497
1968	502
1969	438
1970	398
1971	418
1972	427
1973	370
1974	396
1975	379
1976	364
1977	373
1978	382
1979	366
1980	357
1981	367
1982	343
1983	366
1984	344
1985	362
1986	355
1987	370
1988	372
1989	373
1990	375
1991	398
1992	368
1993	374
1994	378
1995	338
1996	331
1997	379
1998	353
1999	342
2000	362
2001	369
2002	353
2003	349
2004	354
2005	364
2006	382
2007	364
2008	367
2009	376
2010	370
2011	348
2012	394
2013	335
2014	356
2015	352
2016	352
2017	345
2018	346
2019	365
2020	357
2021	395
2022	370
2023	319
2024	356
2025	381
2026	348
2027	359
2028	362
2029	357
2030	363
2031	341
2032	317
2033	308
2034	311
2035	356
2036	322
2037	350
2038	378
2039	384
2040	387
2041	346
2042	326
2043	361
2044	376
2045	369
2046	374
2047	356
2048	349
2049	332
2050	399
2051	345
2052	358
2053	299
2054	325
2055	357
2056	371
2057	334
2058	367
2059	346
2060	353
2061	345
2062	348
2063	335
2064	352
2065	330
2066	360
2067	348
2068	352
2069	319
2070	335
2071	350
2072	341
2073	326
2074	333
2075	354
2076	332
2077	347
2078	322
2079	341
2080	329
2081	343
2082	340
2083	343
2084	358
2085	344
2086	327
2087	332
2088	323
2089	326
2090	361
2091	368
2092	362
2093	344
2094	358
2095	343
2096	337
2097	344
2098	369
2099	358
2100	325
2101	349
2102	321
2103	348
2104	341
2105	351
2106	341
2107	305
2108	342
2109	325
2110	346
2111	352
2112	371
2113	318
2114	348
2115	292
2116	343
2117	329
2118	333
2119	323
2120	309
2121	343
2122	355
2123	321
2124	330
2125	326
2126	318
2127	338
2128	322
2129	340
2130	312
2131	352
2132	339
2133	315
2134	323
2135	335
2136	323
2137	300
2138	315
2139	296
2140	316
2141	328
2142	331
2143	375
2144	334
2145	330
2146	332
2147	274
2148	348
2149	308
2150	328
2151	342
2152	311
2153	316
2154	328
2155	340
2156	311
2157	334
2158	318
2159	326
2160	326
2161	346
2162	343
2163	321
2164	307
2165	307
2166	342
2167	331
2168	341
2169	321
2170	293
2171	338
2172	331
2173	314
2174	302
2175	336
2176	339
2177	316
2178	330
2179	316
2180	337
2181	305
2182	302
2183	292
2184	312
2185	299
2186	308
2187	322
2188	296
2189	305
2190	308
2191	336
2192	319
2193	340
2194	310
2195	308
2196	286
2197	303
2198	321
2199	306
2200	320
2201	305
2202	299
2203	299
2204	291
2205	293
2206	313
2207	328
2208	279
2209	362
2210	289
2211	306
2212	328
2213	314
2214	335
2215	289
2216	277
2217	299
2218	309
2219	320
2220	306
2221	300
2222	292
2223	312
2224	307
2225	288
2226	304
2227	304
2228	292
2229	314
2230	316
2231	299
2232	310
2233	294
2234	332
2235	311
2236	308
2237	295
2238	304
2239	318
2240	294
2241	309
2242	304
2243	298
2244	308
2245	292
2246	320
2247	317
2248	317
2249	282
2250	298
2251	327
2252	304
2253	296
2254	314
2255	317
2256	290
2257	318
2258	322
2259	295
2260	286
2261	291
2262	298
2263	308
2264	300
2265	309
2266	320
2267	295
2268	283
2269	307
2270	310
2271	289
2272	305
2273	315
2274	301
2275	302
2276	338
2277	287
2278	271
2279	298
2280	290
2281	296
2282	283
2283	292
2284	299
2285	273
2286	295
2287	278
2288	299
2289	300
2290	287
2291	305
2292	269
2293	288
2294	287
2295	312
2296	265
2297	322
2298	301
2299	273
2300	302
2301	293
2302	278
2303	282
2304	305
2305	292
2306	293
2307	313
2308	297
2309	286
2310	318
2311	282
2312	279
2313	295
2314	276
2315	307
2316	297
2317	290
2318	309
2319	307
2320	270
2321	295
2322	282
2323	269
2324	276
2325	283
2326	268
2327	282
2328	286
2329	291
2330	287
2331	294
2332	315
2333	283
2334	284
2335	293
2336	312
2337	300
2338	272
2339	273
2340	304
2341	273
2342	289
2343	274
2344	277
2345	282
2346	282
2347	268
2348	251
2349	269
2350	289
2351	240
2352	283
2353	280
2354	297
2355	287
2356	279
2357	284
2358	275
2359	274
2360	265
2361	278
2362	271
2363	305
2364	321
2365	262
2366	272
2367	245
2368	247
2369	256
2370	237
2371	292
2372	269
2373	270
2374	290
2375	284
2376	284
2377	269
2378	252
2379	285
2380	279
2381	299
2382	257
2383	275
2384	283
2385	285
2386	276
2387	268
2388	275
2389	263
2390	282
2391	298
2392	261
2393	277
2394	270
2395	254
2396	295
2397	278
2398	251
2399	266
2400	295
2401	309
2402	283
2403	261
2404	254
2405	285
2406	251
2407	275
2408	285
2409	271
2410	276
2411	285
2412	282
2413	255
2414	246
2415	259
2416	263
2417	244
2418	238
2419	255
2420	271
2421	291
2422	246
2423	269
2424	244
2425	277
2426	279
2427	271
2428	276
2429	273
2430	302
2431	252
2432	263
2433	266
2434	274
2435	271
2436	305
2437	267
2438	247
2439	259
2440	256
2441	282
2442	260
2443	270
2444	292
2445	248
2446	277
2447	263
2448	243
2449	284
2450	285
2451	267
2452	244
2453	260
2454	255
2455	260
2456	288
2457	236
2458	280
2459	265
2460	280
2461	246
2462	268
2463	250
2464	246
2465	251
2466	260
2467	256
2468	254
2469	254
2470	271
2471	268
2472	246
2473	242
2474	280
2475	246
2476	238
2477	257
2478	249
2479	263
2480	262
2481	254
2482	266
2483	255
2484	245
2485	248
2486	253
2487	264
2488	251
2489	251
2490	242
2491	262
2492	258
2493	251
2494	260
2495	246
2496	257
2497	277
2498	274
2499	253
2500	254
2501	272
2502	247
2503	293
2504	255
2505	253
2506	265
2507	234
2508	242
2509	275
2510	236
2511	228
2512	235
2513	240
2514	241
2515	238
2516	229
2517	270
2518	246
2519	249
2520	253
2521	251
2522	264
2523	227
2524	244
2525	246
2526	253
2527	255
2528	209
2529	265
2530	233
2531	245
2532	224
2533	258
2534	230
2535	233
2536	265
2537	269
2538	238
2539	229
2540	251
2541	239
2542	264
2543	261
2544	221
2545	219
2546	233
2547	237
2548	247
2549	249
2550	253
2551	273
2552	263
2553	221
2554	259
2555	263
2556	260
2557	224
2558	246
2559	268
2560	232
2561	241
2562	247
2563	248
2564	230
2565	222
2566	265
2567	244
2568	254
2569	266
2570	248
2571	225
2572	243
2573	255
2574	232
2575	230
2576	257
2577	302
2578	238
2579	253
2580	226
2581	253
2582	252
2583	243
2584	259
2585	216
2586	238
2587	241
2588	223
2589	235
2590	256
2591	246
2592	225
2593	277
2594	289
2595	248
2596	228
2597	233
2598	262
2599	227
2600	254
2601	220
2602	236
2603	243
2604	229
2605	233
2606	229
2607	248
2608	227
2609	226
2610	233
2611	277
2612	247
2613	247
2614	235
2615	235
2616	244
2617	240
2618	246
2619	227
2620	257
2621	234
2622	223
2623	244
2624	228
2625	236
2626	206
2627	259
2628	240
2629	246
2630	221
2631	248
2632	243
2633	227
2634	253
2635	234
2636	237
2637	227
2638	213
2639	243
2640	245
2641	220
2642	231
2643	219
2644	231
2645	257
2646	225
2647	244
2648	209
2649	207
2650	221
2651	211
2652	229
2653	221
2654	224
2655	216
2656	219
2657	252
2658	257
2659	228
2660	218
2661	199
2662	229
2663	274
2664	224
2665	220
2666	200
2667	221
2668	228
2669	220
2670	204
2671	235
2672	247
2673	228
2674	234
2675	228
2676	201
2677	236
2678	212
2679	201
2680	220
2681	219
2682	227
2683	218
2684	215
2685	219
2686	245
2687	222
2688	238
2689	236
2690	213
2691	217
2692	243
2693	200
2694	210
2695	215
2696	214
2697	209
2698	229
2699	250
2700	233
2701	249
2702	240
2703	233
2704	213
2705	231
2706	231
2707	227
2708	215
2709	227
2710	218
2711	219
2712	226
2713	227
2714	202
2715	198
2716	206
2717	236
2718	193
2719	234
2720	187
2721	205
2722	203
2723	225
2724	247
2725	201
2726	251
2727	217
2728	239
2729	216
2730	224
2731	198
2732	228
2733	198
2734	205
2735	202
2736	221
2737	226
2738	227
2739	221
2740	208
2741	210
2742	200
2743	197
2744	214
2745	198
2746	201
2747	228
2748	204
2749	219
2750	207
2751	187
2752	228
2753	222
2754	187
2755	238
2756	232
2757	208
2758	215
2759	205
2760	208
2761	205
2762	213
2763	190
2764	199
2765	245
2766	199
2767	157
2768	219
2769	220
2770	200
2771	194
2772	221
2773	227
2774	229
2775	209
2776	207
2777	199
2778	202
2779	211
2780	205
2781	189
2782	215
2783	195
2784	185
2785	208
2786	212
2787	255
2788	217
2789	208
2790	165
2791	207
2792	224
2793	213
2794	201
2795	211
2796	199
2797	193
2798	198
2799	220
2800	203
2801	220
2802	213
2803	199
2804	188
2805	200
2806	204
2807	209
2808	213
2809	195
2810	177
2811	178
2812	208
2813	203
2814	208
2815	201
2816	190
2817	196
2818	200
2819	217
2820	186
2821	205
2822	199
2823	203
2824	182
2825	206
2826	220
2827	208
2828	183
2829	228
2830	181
2831	197
2832	181
2833	194
2834	195
2835	222
2836	185
2837	205
2838	208
2839	203
2840	199
2841	200
2842	232
2843	162
2844	213
2845	214
2846	202
2847	217
2848	212
2849	207
2850	194
2851	200
2852	214
2853	224
2854	239
2855	266
2856	296
2857	256
2858	312
2859	262
2860	266
2861	302
2862	302
2863	294
2864	298
2865	316
2866	311
2867	273
2868	271
2869	256
2870	248
2871	245
2872	204
2873	231
2874	225
2875	216
2876	210
2877	207
2878	192
2879	196
2880	212
2881	182
2882	215
2883	194
2884	210
2885	190
2886	194
2887	188
2888	203
2889	195
2890	200
2891	199
2892	197
2893	188
2894	178
2895	176
2896	216
2897	205
2898	201
2899	162
2900	215
2901	226
2902	199
2903	215
2904	207
2905	208
2906	175
2907	193
2908	183
2909	190
2910	186
2911	184
2912	208
2913	206
2914	199
2915	191
2916	196
2917	187
2918	180
2919	191
2920	190
2921	191
2922	193
2923	171
2924	183
2925	197
2926	213
2927	180
2928	189
2929	194
2930	181
2931	200
2932	173
2933	187
2934	207
2935	196
2936	174
2937	199
2938	201
2939	175
2940	190
2941	171
2942	165
2943	164
2944	172
2945	203
2946	171
2947	204
2948	174
2949	189
2950	192
2951	171
2952	193
2953	191
2954	200
2955	193
2956	185
2957	174
2958	209
2959	200
2960	160
2961	201
2962	178
2963	191
2964	186
2965	152
2966	181
2967	195
2968	177
2969	186
2970	191
2971	172
2972	171
2973	196
2974	171
2975	177
2976	190
2977	184
2978	187
2979	169
2980	166
2981	157
2982	179
2983	196
2984	178
2985	181
2986	188
2987	162
2988	198
2989	176
2990	181
2991	176
2992	189
2993	160
2994	142
2995	186
2996	198
2997	172
2998	182
2999	186
3000	181
3001	178
3002	173
3003	150
3004	177
3005	153
3006	206
3007	188
3008	179
3009	174
3010	180
3011	172
3012	198
3013	153
3014	178
3015	161
3016	171
3017	168
3018	192
3019	179
3020	189
3021	172
3022	193
3023	141
3024	167
3025	181
3026	171
3027	189
3028	158
3029	179
3030	169
3031	168
3032	180
3033	170
3034	176
3035	174
3036	180
3037	163
3038	181
3039	188
3040	183
3041	184
3042	166
3043	181
3044	169
3045	182
3046	185
3047	152
3048	167
3049	168
3050	182
3051	179
3052	172
3053	163
3054	172
3055	182
3056	181
3057	156
3058	179
3059	162
3060	152
3061	161
3062	163
3063	186
3064	168
3065	159
3066	171
3067	157
3068	174
3069	168
3070	188
3071	166
3072	184
3073	182
3074	141
3075	200
3076	188
3077	144
3078	194
3079	153
3080	161
3081	153
3082	198
3083	174
3084	180
3085	189
3086	152
3087	185
3088	160
3089	186
3090	150
3091	149
3092	156
3093	164
3094	178
3095	154
3096	163
3097	159
3098	150
3099	174
3100	166
3101	160
3102	162
3103	158
3104	159
3105	181
3106	149
3107	184
3108	170
3109	173
3110	168
3111	160
3112	177
3113	159
3114	163
3115	164
3116	172
3117	162
3118	159
3119	172
3120	159
3121	148
3122	166
3123	169
3124	166
3125	170
3126	167
3127	180
3128	165
3129	165
3130	177
3131	181
3132	162
3133	161
3134	156
3135	173
3136	179
3137	160
3138	169
3139	174
3140	149
3141	181
3142	141
3143	146
3144	183
3145	151
3146	162
3147	169
3148	156
3149	172
3150	148
3151	183
3152	172
3153	176
3154	159
3155	163
3156	154
3157	183
3158	141
3159	151
3160	173
3161	150
3162	169
3163	150
3164	178
3165	152
3166	163
3167	153
3168	168
3169	158
3170	148
3171	142
3172	180
3173	161
3174	159
3175	177
3176	132
3177	160
3178	166
3179	153
3180	172
3181	150
3182	156
3183	158
3184	144
3185	156
3186	157
3187	160
3188	164
3189	166
3190	151
3191	149
3192	159
3193	151
3194	137
3195	177
3196	138
3197	147
3198	153
3199	175
3200	149
3201	148
3202	158
3203	157
3204	144
3205	178
3206	156
3207	137
3208	171
3209	176
3210	165
3211	174
3212	161
3213	145
3214	144
3215	153
3216	154
3217	153
3218	172
3219	139
3220	173
3221	159
3222	166
3223	173
3224	159
3225	167
3226	170
3227	154
3228	153
3229	171
3230	151
3231	142
3232	155
3233	153
3234	163
3235	143
3236	143
3237	163
3238	172
3239	161
3240	154
3241	147
3242	171
3243	134
3244	149
3245	162
3246	151
3247	135
3248	138
3249	137
3250	144
3251	153
3252	156
3253	147
3254	158
3255	164
3256	148
3257	147
3258	169
3259	167
3260	173
3261	160
3262	172
3263	196
3264	166
3265	209
3266	225
3267	213
3268	269
3269	259
3270	263
3271	267
3272	296
3273	264
3274	245
3275	214
3276	226
3277	205
3278	188
3279	149
3280	178
3281	165
3282	139
3283	141
3284	151
3285	140
3286	161
3287	135
3288	145
3289	162
3290	153
3291	138
3292	145
3293	138
3294	143
3295	169
3296	127
3297	152
3298	140
3299	154
3300	132
3301	134
3302	158
3303	136
3304	154
3305	144
3306	132
3307	147
3308	167
3309	152
3310	152
3311	164
3312	137
3313	160
3314	139
3315	123
3316	162
3317	152
3318	147
3319	131
3320	160
3321	134
3322	140
3323	134
3324	145
3325	127
3326	154
3327	146
3328	134
3329	140
3330	163
3331	145
3332	132
3333	165
3334	139
3335	132
3336	124
3337	154
3338	144
3339	149
3340	134
3341	161
3342	169
3343	155
3344	143
3345	137
3346	147
3347	172
3348	145
3349	138
3350	156
3351	142
3352	128
3353	153
3354	141
3355	152
3356	164
3357	139
3358	157
3359	132
3360	158
3361	141
3362	128
3363	116
3364	151
3365	149
3366	154
3367	145
3368	122
3369	144
3370	132
3371	155
3372	145
3373	152
3374	150
3375	134
3376	134
3377	146
3378	121
3379	162
3380	151
3381	138
3382	153
3383	133
3384	128
3385	160
3386	132
3387	154
3388	137
3389	137
3390	159
3391	149
3392	144
3393	139
3394	133
3395	136
3396	152
3397	121
3398	118
3399	131
3400	143
3401	141
3402	149
3403	127
3404	138
3405	131
3406	152
3407	181
3408	160
3409	169
3410	190
3411	201
3412	225
3413	262
3414	266
3415	309
3416	322
3417	334
3418	336
3419	353
3420	310
3421	241
3422	258
3423	235
3424	238
3425	165
3426	198
3427	172
3428	146
3429	162
3430	134
3431	159
3432	155
3433	154
3434	129
3435	111
3436	116
3437	137
3438	115
3439	118
3440	147
3441	125
3442	134
3443	130
3444	144
3445	142
3446	133
3447	118
3448	134
3449	141
3450	125
3451	131
3452	141
3453	115
3454	136
3455	139
3456	135
3457	130
3458	126
3459	121
3460	131
3461	148
3462	112
3463	129
3464	136
3465	144
3466	126
3467	152
3468	127
3469	128
3470	123
3471	137
3472	121
3473	146
3474	146
3475	131
3476	133
3477	141
3478	141
3479	145
3480	139
3481	136
3482	130
3483	127
3484	122
3485	146
3486	138
3487	135
3488	131
3489	114
3490	140
3491	131
3492	116
3493	127
3494	150
3495	128
3496	122
3497	109
3498	124
3499	134
3500	132
3501	127
3502	137
3503	104
3504	103
3505	123
3506	125
3507	135
3508	137
3509	123
3510	141
3511	134
3512	110
3513	131
3514	127
3515	116
3516	119
3517	120
3518	136
3519	147
3520	114
3521	117
3522	125
3523	114
3524	124
3525	109
3526	133
3527	136
3528	119
3529	118
3530	118
3531	121
3532	144
3533	127
3534	124
3535	139
3536	123
3537	113
3538	124
3539	108
3540	120
3541	124
3542	136
3543	110
3544	116
3545	128
3546	111
3547	108
3548	139
3549	110
3550	111
3551	128
3552	135
3553	132
3554	122
3555	112
3556	112
3557	94
3558	121
3559	131
3560	131
3561	131
3562	104
3563	108
3564	134
3565	125
3566	113
3567	125
3568	110
3569	136
3570	141
3571	128
3572	111
3573	123
3574	117
3575	123
3576	121
3577	128
3578	114
3579	123
3580	123
3581	140
3582	136
3583	125
3584	111
3585	135
3586	120
3587	116
3588	113
3589	131
3590	95
3591	124
3592	106
3593	108
3594	124
3595	112
3596	117
3597	131
3598	122
3599	126
3600	111
3601	132
3602	109
3603	125
3604	124
3605	124
3606	121
3607	131
3608	125
3609	115
3610	117
3611	109
3612	115
3613	134
3614	115
3615	113
3616	129
3617	109
3618	90
3619	127
3620	110
3621	116
3622	130
3623	126
3624	117
3625	107
3626	119
3627	129
3628	138
3629	114
3630	119
3631	113
3632	121
3633	121
3634	120
3635	113
3636	121
3637	121
3638	111
3639	124
3640	116
3641	106
3642	123
3643	118
3644	126
3645	121
3646	127
3647	116
3648	135
3649	118
3650	106
3651	118
3652	120
3653	111
3654	115
3655	112
3656	127
3657	107
3658	111
3659	114
3660	105
3661	108
3662	109
3663	129
3664	99
3665	116
3666	129
3667	119
3668	114
3669	108
3670	118
3671	132
3672	106
3673	125
3674	131
3675	126
3676	123
3677	90
3678	126
3679	124
3680	131
3681	118
3682	107
3683	111
3684	107
3685	118
3686	129
3687	103
3688	109
3689	109
3690	125
3691	113
3692	111
3693	120
3694	119
3695	111
3696	108
3697	118
3698	114
3699	112
3700	107
3701	111
3702	140
3703	119
3704	135
3705	151
3706	179
3707	200
3708	246
3709	269
3710	309
3711	339
3712	333
3713	372
3714	344
3715	306
3716	255
3717	276
3718	208
3719	202
3720	139
3721	167
3722	142
3723	126
3724	123
3725	131
3726	133
3727	113
3728	108
3729	119
3730	130
3731	119
3732	117
3733	119
3734	106
3735	107
3736	115
3737	141
3738	110
3739	120
3740	131
3741	114
3742	100
3743	120
3744	121
3745	112
3746	109
3747	104
3748	98
3749	103
3750	111
3751	104
3752	124
3753	116
3754	121
3755	113
3756	110
3757	116
3758	109
3759	103
3760	122
3761	93
3762	119
3763	123
3764	111
3765	106
3766	100
3767	85
3768	86
3769	117
3770	116
3771	100
3772	122
3773	111
3774	115
3775	115
3776	99
3777	107
3778	111
3779	92
3780	113
3781	105
3782	111
3783	97
3784	80
3785	101
3786	103
3787	118
3788	108
3789	116
3790	92
3791	113
3792	94
3793	106
3794	95
3795	122
3796	106
3797	107
3798	107
3799	97
3800	94
3801	125
3802	94
3803	119
3804	110
3805	116
3806	102
3807	94
3808	92
3809	114
3810	103
3811	89
3812	98
3813	118
3814	109
3815	92
3816	118
3817	91
3818	108
3819	100
3820	107
3821	119
3822	99
3823	99
3824	92
3825	100
3826	99
3827	94
3828	99
3829	112
3830	102
3831	97
3832	88
3833	108
3834	100
3835	110
3836	105
3837	101
3838	95
3839	119
3840	105
3841	90
3842	103
3843	113
3844	91
3845	99
3846	102
3847	89
3848	116
3849	106
3850	89
3851	107
3852	105
3853	109
3854	97
3855	118
3856	91
3857	113
3858	107
3859	104
3860	96
3861	110
3862	106
3863	97
3864	103
3865	102
3866	112
3867	121
3868	102
3869	107
3870	106
3871	108
3872	122
3873	115
3874	100
3875	101
3876	96
3877	87
3878	94
3879	108
3880	118
3881	91
3882	107
3883	115
3884	92
3885	118
3886	100
3887	92
3888	103
3889	106
3890	100
3891	103
3892	89
3893	96
3894	102
3895	91
3896	89
3897	101
3898	105
3899	112
3900	103
3901	112
3902	90
3903	91
3904	116
3905	103
3906	95
3907	97
3908	72
3909	91
3910	98
3911	97
3912	103
3913	116
3914	105
3915	87
3916	89
3917	111
3918	106
3919	94
3920	94
3921	85
3922	95
3923	106
3924	108
3925	97
3926	99
3927	87
3928	87
3929	95
3930	86
3931	86
3932	109
3933	124
3934	93
3935	102
3936	103
3937	87
3938	104
3939	79
3940	121
3941	101
3942	94
3943	92
3944	107
3945	103
3946	95
3947	122
3948	111
3949	93
3950	102
3951	90
3952	100
3953	117
3954	81
3955	113
3956	106
3957	99
3958	87
3959	105
3960	82
3961	118
3962	94
3963	92
3964	84
3965	97
3966	91
3967	106
3968	102
3969	110
3970	90
3971	102
3972	94
3973	107
3974	124
3975	103
3976	96
3977	93
3978	90
3979	119
3980	93
3981	90
3982	78
3983	97
3984	79
3985	81
3986	98
3987	91
3988	97
3989	93
3990	82
3991	84
3992	96
3993	81
3994	95
3995	100
3996	105
3997	95
3998	93
3999	96
4000	87
4001	86
4002	92
4003	109
4004	96
4005	92
4006	82
4007	103
4008	105
4009	88
4010	107
4011	91
4012	88
4013	87
4014	87
4015	95
4016	102
4017	99
4018	101
4019	101
4020	93
4021	95
4022	83
4023	102
4024	111
4025	101
4026	87
4027	100
4028	104
4029	105
4030	87
4031	94
4032	80
4033	91
4034	105
4035	100
4036	104
4037	94
4038	89
4039	91
4040	89
4041	80
4042	89
4043	84
4044	89
4045	105
4046	87
4047	99
4048	76
4049	92
4050	90
4051	95
4052	84
4053	97
4054	88
4055	108
4056	85
4057	104
4058	91
4059	101
4060	93
4061	99
4062	73
4063	93
4064	93
4065	81
4066	105
4067	93
4068	92
4069	92
4070	99
4071	104
4072	90
4073	117
4074	101
4075	90
4076	113
4077	119
4078	106
4079	115
4080	107
4081	112
4082	98
4083	118
4084	118
4085	114
4086	114
4087	120
4088	96
4089	100
4090	86
4091	94
4092	92
4093	88
4094	113
4095	91
4096	66
4097	71
4098	87
4099	87
4100	81
4101	87
4102	98
4103	88
4104	86
4105	98
4106	82
4107	90
4108	96
4109	87
4110	92
4111	93
4112	99
4113	84
4114	92
4115	82
4116	87
4117	97
4118	91
4119	102
4120	91
4121	105
4122	87
4123	81
4124	94
4125	84
4126	88
4127	80
4128	83
4129	72
4130	86
4131	99
4132	86
4133	96
4134	92
4135	81
4136	86
4137	81
4138	90
4139	76
4140	93
4141	82
4142	88
4143	94
4144	87
4145	83
4146	91
4147	87
4148	85
4149	74
4150	67
4151	64
4152	81
4153	87
4154	110
4155	84
4156	93
4157	80
4158	85
4159	70
4160	104
4161	87
4162	80
4163	89
4164	94
4165	80
4166	75
4167	81
4168	89
4169	90
4170	100
4171	79
4172	87
4173	88
4174	76
4175	71
4176	91
4177	88
4178	81
4179	67
4180	81
4181	85
4182	93
4183	90
4184	88
4185	103
4186	72
4187	95
4188	89
4189	74
4190	87
4191	77
4192	108
4193	84
4194	84
4195	94
4196	81
4197	99
4198	102
4199	83
4200	98
4201	78
4202	93
4203	96
4204	91
4205	89
4206	106
4207	89
4208	71
4209	87
4210	65
4211	70
4212	68
4213	92
4214	79
4215	89
4216	79
4217	69
4218	71
4219	96
4220	78
4221	91
4222	85
4223	93
4224	68
4225	82
4226	95
4227	83
4228	67
4229	98
4230	79
4231	83
4232	81
4233	88
4234	79
4235	109
4236	87
4237	90
4238	80
4239	99
4240	76
4241	97
4242	89
4243	85
4244	96
4245	86
4246	97
4247	87
4248	83
4249	92
4250	75
4251	95
4252	81
4253	77
4254	88
4255	66
4256	78
4257	78
4258	88
4259	71
4260	97
4261	80
4262	87
4263	68
4264	82
4265	92
4266	71
4267	87
4268	81
4269	87
4270	90
4271	87
4272	78
4273	73
4274	66
4275	77
4276	78
4277	106
4278	82
4279	69
4280	81
4281	74
4282	79
4283	70
4284	86
4285	67
4286	95
4287	79
4288	76
4289	99
4290	88
4291	65
4292	78
4293	74
4294	86
4295	86
4296	78
4297	92
4298	84
4299	94
4300	75
4301	75
4302	73
4303	77
4304	84
4305	71
4306	69
4307	90
4308	81
4309	95
4310	91
4311	109
4312	97
4313	82
4314	97
4315	97
4316	99
4317	92
4318	103
4319	92
4320	83
4321	81
4322	88
4323	90
4324	86
4325	82
4326	73
4327	63
4328	85
4329	81
4330	87
4331	72
4332	78
4333	83
4334	61
4335	74
4336	85
4337	74
4338	69
4339	79
4340	89
4341	75
4342	83
4343	85
4344	77
4345	68
4346	85
4347	66
4348	74
4349	79
4350	66
4351	84
4352	80
4353	87
4354	86
4355	68
4356	65
4357	70
4358	91
4359	81
4360	80
4361	63
4362	80
4363	90
4364	75
4365	70
4366	67
4367	86
4368	79
4369	74
4370	69
4371	88
4372	87
4373	74
4374	74
4375	83
4376	89
4377	67
4378	88
4379	77
4380	88
4381	83
4382	75
4383	68
4384	95
4385	65
4386	64
4387	71
4388	78
4389	57
4390	78
4391	71
4392	65
4393	68
4394	75
4395	89
4396	62
4397	78
4398	75
4399	77
4400	80
4401	77
4402	70
4403	80
4404	86
4405	77
4406	72
4407	65
4408	77
4409	71
4410	82
4411	91
4412	91
4413	88
4414	79
4415	79
4416	82
4417	73
4418	85
4419	71
4420	82
4421	72
4422	73
4423	81
4424	72
4425	80
4426	82
4427	83
4428	75
4429	71
4430	72
4431	61
4432	62
4433	78
4434	85
4435	74
4436	63
4437	79
4438	81
4439	74
4440	66
4441	75
4442	71
4443	77
4444	62
4445	65
4446	83
4447	69
4448	78
4449	69
4450	89
4451	77
4452	61
4453	61
4454	65
4455	85
4456	82
4457	71
4458	80
4459	76
4460	70
4461	78
4462	90
4463	92
4464	84
4465	77
4466	84
4467	81
4468	86
4469	96
4470	79
4471	90
4472	76
4473	93
4474	89
4475	97
4476	65
4477	72
4478	80
4479	70
4480	83
4481	70
4482	73
4483	62
4484	75
4485	64
4486	79
4487	68
4488	66
4489	62
4490	71
4491	65
4492	69
4493	81
4494	54
4495	78
4496	73
4497	76
4498	62
4499	67
4500	66
4501	79
4502	73
4503	56
4504	60
4505	64
4506	54
4507	61
4508	63
4509	86
4510	70
4511	77
4512	79
4513	77
4514	73
4515	59
4516	75
4517	62
4518	85
4519	65
4520	88
4521	66
4522	69
4523	54
4524	72
4525	64
4526	67
4527	88
4528	64
4529	74
4530	68
4531	67
4532	63
4533	80
4534	59
4535	73
4536	59
4537	73
4538	64
4539	80
4540	55
4541	59
4542	66
4543	80
4544	62
4545	59
4546	64
4547	71
4548	71
4549	64
4550	73
4551	74
4552	59
4553	69
4554	64
4555	75
4556	65
4557	70
4558	70
4559	79
4560	78
4561	80
4562	65
4563	70
4564	69
4565	45
4566	65
4567	74
4568	60
4569	66
4570	61
4571	59
4572	77
4573	67
4574	64
4575	63
4576	67
4577	75
4578	84
4579	69
4580	81
4581	56
4582	82
4583	77
4584	66
4585	72
4586	71
4587	66
4588	62
4589	84
4590	65
4591	79
4592	75
4593	55
4594	60
4595	88
4596	64
4597	71
4598	65
4599	65
4600	72
4601	66
4602	74
4603	63
4604	63
4605	68
4606	74
4607	58
4608	68
4609	60
4610	53
4611	67
4612	71
4613	61
4614	65
4615	74
4616	87
4617	62
4618	70
4619	71
4620	58
4621	62
4622	62
4623	61
4624	66
4625	63
4626	70
4627	65
4628	67
4629	57
4630	69
4631	66
4632	77
4633	55
4634	69
4635	71
4636	76
4637	69
4638	82
4639	57
4640	77
4641	68
4642	62
4643	71
4644	66
4645	75
4646	72
4647	56
4648	65
4649	64
4650	52
4651	65
4652	77
4653	57
4654	60
4655	77
4656	64
4657	69
4658	75
4659	64
4660	51
4661	65
4662	59
4663	66
4664	85
4665	64
4666	69
4667	63
4668	69
4669	48
4670	76
4671	59
4672	75
4673	69
4674	76
4675	58
4676	71
4677	69
4678	55
4679	59
4680	63
4681	74
4682	72
4683	65
4684	72
4685	54
4686	80
4687	79
4688	64
4689	60
4690	68
4691	62
4692	52
4693	60
4694	74
4695	61
4696	71
4697	86
4698	79
4699	71
4700	65
4701	58
4702	66
4703	58
4704	65
4705	62
4706	66
4707	61
4708	73
4709	75
4710	63
4711	47
4712	72
4713	54
4714	56
4715	73
4716	72
4717	66
4718	61
4719	80
4720	55
4721	62
4722	74
4723	55
4724	53
4725	48
4726	68
4727	60
4728	68
4729	72
4730	59
4731	62
4732	55
4733	68
4734	58
4735	66
4736	53
4737	73
4738	56
4739	75
4740	58
4741	52
4742	72
4743	51
4744	48
4745	58
4746	87
4747	66
4748	55
4749	64
4750	77
4751	39
4752	57
4753	48
4754	60
4755	57
4756	58
4757	55
4758	56
4759	55
4760	55
4761	57
4762	52
4763	71
4764	64
4765	72
4766	54
4767	53
4768	50
4769	58
4770	62
4771	65
4772	61
4773	71
4774	44
4775	62
4776	61
4777	53
4778	63
4779	69
4780	54
4781	59
4782	55
4783	47
4784	64
4785	67
4786	53
4787	71
4788	68
4789	66
4790	60
4791	64
4792	55
4793	52
4794	55
4795	62
4796	56
4797	77
4798	69
4799	54
4800	71
4801	52
4802	52
4803	66
4804	67
4805	56
4806	57
4807	51
4808	67
4809	73
4810	51
4811	56
4812	67
4813	61
4814	65
4815	52
4816	56
4817	61
4818	54
4819	46
4820	52
4821	55
4822	64
4823	52
4824	54
4825	50
4826	64
4827	66
4828	64
4829	55
4830	58
4831	56
4832	55
4833	80
4834	85
4835	67
4836	63
4837	61
4838	69
4839	85
4840	65
4841	93
4842	56
4843	61
4844	74
4845	51
4846	55
4847	65
4848	52
4849	43
4850	50
4851	44
4852	53
4853	59
4854	50
4855	62
4856	56
4857	51
4858	69
4859	51
4860	65
4861	53
4862	58
4863	61
4864	52
4865	52
4866	59
4867	65
4868	61
4869	57
4870	58
4871	60
4872	68
4873	63
4874	53
4875	57
4876	51
4877	64
4878	66
4879	45
4880	48
4881	58
4882	44
4883	45
4884	55
4885	37
4886	57
4887	61
4888	48
4889	58
4890	54
4891	65
4892	70
4893	60
4894	61
4895	47
4896	52
4897	66
4898	60
4899	65
4900	50
4901	49
4902	65
4903	61
4904	54
4905	60
4906	67
4907	34
4908	62
4909	69
4910	74
4911	60
4912	55
4913	52
4914	62
4915	53
4916	58
4917	63
4918	53
4919	56
4920	44
4921	50
4922	70
4923	54
4924	56
4925	60
4926	52
4927	54
4928	51
4929	53
4930	44
4931	55
4932	54
4933	65
4934	54
4935	50
4936	43
4937	54
4938	60
4939	52
4940	66
4941	56
4942	46
4943	53
4944	64
4945	65
4946	58
4947	47
4948	69
4949	58
4950	61
4951	52
4952	57
4953	49
4954	47
4955	49
4956	68
4957	41
4958	55
4959	56
4960	61
4961	49
4962	58
4963	53
4964	57
4965	64
4966	57
4967	51
4968	64
4969	49
4970	62
4971	72
4972	62
4973	43
4974	59
4975	55
4976	74
4977	65
4978	52
4979	56
4980	66
4981	49
4982	47
4983	52
4984	57
4985	55
4986	40
4987	61
4988	62
4989	43
4990	58
4991	47
4992	45
4993	66
4994	61
4995	41
4996	61
4997	58
4998	58
4999	43
5000	65
5001	55
5002	55
5003	60
5004	66
5005	53
5006	58
5007	53
5008	69
5009	52
5010	62
5011	59
5012	45
5013	57
5014	48
5015	52
5016	71
5017	63
5018	63
5019	64
5020	50
5021	54
5022	50
5023	68
5024	61
5025	50
5026	48
5027	48
5028	52
5029	65
5030	64
5031	63
5032	53
5033	46
5034	48
5035	48
5036	43
5037	59
5038	49
5039	43
5040	53
5041	58
5042	49
5043	64
5044	51
5045	57
5046	56
5047	59
5048	38
5049	67
5050	47
5051	55
5052	43
5053	60
5054	58
5055	39
5056	61
5057	58
5058	51
5059	41
5060	46
5061	65
5062	50
5063	65
5064	58
5065	53
5066	58
5067	62
5068	54
5069	50
5070	55
5071	51
5072	54
5073	45
5074	64
5075	53
5076	49
5077	55
5078	65
5079	59
5080	62
5081	46
5082	48
5083	59
5084	70
5085	55
5086	57
5087	53
5088	59
5089	58
5090	53
5091	55
5092	50
5093	54
5094	68
5095	45
5096	60
5097	70
5098	58
5099	52
5100	47
5101	47
5102	59
5103	67
5104	49
5105	45
5106	50
5107	45
5108	41
5109	61
5110	41
5111	56
5112	52
5113	70
5114	59
5115	59
5116	65
5117	87
5118	76
5119	94
5120	109
5121	125
5122	134
5123	135
5124	135
5125	138
5126	117
5127	125
5128	112
5129	89
5130	83
5131	87
5132	60
5133	62
5134	55
5135	46
5136	48
5137	54
5138	49
5139	58
5140	45
5141	41
5142	50
5143	40
5144	59
5145	42
5146	46
5147	57
5148	41
5149	57
5150	51
5151	43
5152	57
5153	57
5154	44
5155	46
5156	49
5157	50
5158	53
5159	45
5160	53
5161	48
5162	50
5163	44
5164	46
5165	48
5166	33
5167	59
5168	42
5169	53
5170	67
5171	59
5172	45
5173	37
5174	54
5175	43
5176	61
5177	57
5178	41
5179	52
5180	50
5181	51
5182	57
5183	55
5184	51
5185	54
5186	64
5187	54
5188	47
5189	47
5190	43
5191	44
5192	43
5193	44
5194	53
5195	47
5196	52
5197	43
5198	52
5199	50
5200	60
5201	43
5202	54
5203	45
5204	47
5205	39
5206	49
5207	52
5208	53
5209	60
5210	45
5211	35
5212	47
5213	49
5214	62
5215	49
5216	46
5217	52
5218	49
5219	57
5220	48
5221	47
5222	51
5223	57
5224	52
5225	54
5226	56
5227	36
5228	54
5229	43
5230	43
5231	60
5232	47
5233	59
5234	54
5235	41
5236	43
5237	44
5238	40
5239	35
5240	36
5241	41
5242	40
5243	46
5244	41
5245	67
5246	49
5247	50
5248	57
5249	47
5250	47
5251	56
5252	57
5253	66
5254	55
5255	49
5256	47
5257	52
5258	43
5259	53
5260	51
5261	36
5262	40
5263	31
5264	37
5265	42
5266	60
5267	41
5268	53
5269	47
5270	44
5271	53
5272	55
5273	43
5274	36
5275	52
5276	46
5277	54
5278	50
5279	33
5280	42
5281	49
5282	55
5283	49
5284	54
5285	45
5286	49
5287	44
5288	52
5289	45
5290	47
5291	54
5292	40
5293	42
5294	47
5295	39
5296	44
5297	63
5298	39
5299	58
5300	54
5301	56
5302	49
5303	43
5304	40
5305	44
5306	47
5307	51
5308	42
5309	46
5310	48
5311	53
5312	58
5313	50
5314	41
5315	56
5316	50
5317	40
5318	40
5319	55
5320	44
5321	46
5322	45
5323	38
5324	51
5325	43
5326	42
5327	54
5328	46
5329	39
5330	44
5331	52
5332	55
5333	57
5334	34
5335	52
5336	47
5337	42
5338	51
5339	50
5340	55
5341	57
5342	44
5343	52
5344	35
5345	49
5346	43
5347	54
5348	42
5349	49
5350	51
5351	43
5352	55
5353	49
5354	37
5355	45
5356	36
5357	43
5358	46
5359	48
5360	42
5361	43
5362	46
5363	39
5364	45
5365	36
5366	45
5367	38
5368	47
5369	48
5370	41
5371	52
5372	41
5373	32
5374	49
5375	54
5376	40
5377	43
5378	53
5379	40
5380	41
5381	39
5382	47
5383	40
5384	45
5385	45
5386	53
5387	43
5388	42
5389	48
5390	43
5391	44
5392	54
5393	42
5394	48
5395	49
5396	46
5397	54
5398	42
5399	45
5400	51
5401	37
5402	51
5403	41
5404	44
5405	62
5406	43
5407	55
5408	43
5409	42
5410	33
5411	45
5412	35
5413	35
5414	41
5415	39
5416	50
5417	50
5418	49
5419	46
5420	56
5421	62
5422	55
5423	50
5424	54
5425	73
5426	61
5427	47
5428	52
5429	53
5430	52
5431	52
5432	46
5433	52
5434	62
5435	40
5436	53
5437	43
5438	45
5439	50
5440	52
5441	58
5442	61
5443	66
5444	82
5445	89
5446	91
5447	93
5448	107
5449	98
5450	75
5451	82
5452	74
5453	74
5454	82
5455	69
5456	70
5457	56
5458	47
5459	35
5460	55
5461	50
5462	48
5463	34
5464	44
5465	39
5466	39
5467	41
5468	37
5469	48
5470	42
5471	24
5472	56
5473	56
5474	44
5475	48
5476	34
5477	42
5478	36
5479	37
5480	38
5481	28
5482	51
5483	38
5484	42
5485	42
5486	36
5487	56
5488	45
5489	45
5490	35
5491	45
5492	41
5493	31
5494	32
5495	41
5496	44
5497	47
5498	50
5499	43
5500	38
5501	44
5502	52
5503	37
5504	43
5505	43
5506	52
5507	39
5508	38
5509	49
5510	41
5511	33
5512	42
5513	51
5514	44
5515	49
5516	38
5517	41
5518	51
5519	37
5520	32
5521	42
5522	48
5523	39
5524	34
5525	38
5526	39
5527	47
5528	41
5529	41
5530	36
5531	46
5532	48
5533	42
5534	30
5535	51
5536	45
5537	39
5538	40
5539	55
5540	29
5541	38
5542	32
5543	48
5544	44
5545	47
5546	43
5547	49
5548	36
5549	35
5550	46
5551	31
5552	38
5553	46
5554	35
5555	45
5556	41
5557	36
5558	48
5559	36
5560	39
5561	36
5562	39
5563	49
5564	38
5565	46
5566	44
5567	35
5568	48
5569	41
5570	36
5571	33
5572	35
5573	38
5574	36
5575	36
5576	54
5577	37
5578	39
5579	44
5580	46
5581	44
5582	39
5583	41
5584	31
5585	42
5586	31
5587	40
5588	44
5589	47
5590	45
5591	48
5592	43
5593	45
5594	47
5595	38
5596	46
5597	38
5598	37
5599	49
5600	48
5601	37
5602	48
5603	37
5604	42
5605	53
5606	54
5607	41
5608	38
5609	42
5610	42
5611	27
5612	39
5613	32
5614	46
5615	39
5616	47
5617	41
5618	41
5619	36
5620	29
5621	41
5622	44
5623	47
5624	35
5625	40
5626	45
5627	35
5628	37
5629	29
5630	48
5631	44
5632	44
5633	45
5634	54
5635	36
5636	35
5637	38
5638	26
5639	45
5640	34
5641	43
5642	36
5643	52
5644	35
5645	33
5646	35
5647	41
5648	39
5649	33
5650	37
5651	31
5652	44
5653	43
5654	39
5655	60
5656	35
5657	45
5658	46
5659	38
5660	34
5661	46
5662	37
5663	55
5664	37
5665	39
5666	43
5667	50
5668	51
5669	33
5670	48
5671	35
5672	29
5673	48
5674	51
5675	33
5676	30
5677	45
5678	36
5679	41
5680	39
5681	36
5682	51
5683	35
5684	49
5685	32
5686	48
5687	36
5688	33
5689	36
5690	39
5691	40
5692	39
5693	43
5694	34
5695	28
5696	50
5697	47
5698	38
5699	33
5700	52
5701	46
5702	32
5703	27
5704	36
5705	47
5706	32
5707	34
5708	39
5709	37
5710	38
5711	37
5712	52
5713	34
5714	43
5715	31
5716	37
5717	42
5718	34
5719	34
5720	39
5721	28
5722	30
5723	27
5724	28
5725	42
5726	36
5727	38
5728	49
5729	40
5730	36
5731	42
5732	34
5733	36
5734	32
5735	47
5736	42
5737	35
5738	48
5739	36
5740	24
5741	34
5742	51
5743	42
5744	30
5745	35
5746	45
5747	40
5748	34
5749	37
5750	50
5751	30
5752	37
5753	35
5754	47
5755	45
5756	45
5757	44
5758	45
5759	38
5760	39
5761	37
5762	36
5763	39
5764	23
5765	44
5766	40
5767	30
5768	37
5769	34
5770	40
5771	23
5772	43
5773	35
5774	27
5775	40
5776	43
5777	42
5778	26
5779	40
5780	25
5781	37
5782	31
5783	34
5784	32
5785	29
5786	41
5787	38
5788	50
5789	39
5790	32
5791	33
5792	38
5793	34
5794	24
5795	42
5796	39
5797	49
5798	46
5799	43
5800	36
5801	28
5802	46
5803	42
5804	48
5805	27
5806	48
5807	38
5808	41
5809	42
5810	42
5811	50
5812	40
5813	38
5814	41
5815	34
5816	33
5817	34
5818	24
5819	37
5820	34
5821	36
5822	33
5823	35
5824	44
5825	30
5826	35
5827	38
5828	35
5829	42
5830	42
5831	44
5832	38
5833	36
5834	33
5835	44
5836	34
5837	34
5838	28
5839	49
5840	43
5841	37
5842	42
5843	40
5844	37
5845	32
5846	50
5847	35
5848	41
5849	31
5850	40
5851	29
5852	44
5853	40
5854	45
5855	31
5856	36
5857	39
5858	30
5859	32
5860	36
5861	40
5862	30
5863	35
5864	40
5865	39
5866	41
5867	31
5868	34
5869	32
5870	31
5871	37
5872	33
5873	31
5874	29
5875	29
5876	32
5877	41
5878	40
5879	37
5880	35
5881	27
5882	44
5883	37
5884	37
5885	34
5886	41
5887	38
5888	38
5889	41
5890	39
5891	37
5892	39
5893	44
5894	27
5895	40
5896	33
5897	38
5898	29
5899	31
5900	39
5901	39
5902	40
5903	36
5904	34
5905	29
5906	31
5907	35
5908	35
5909	37
5910	24
5911	32
5912	31
5913	43
5914	32
5915	42
5916	34
5917	31
5918	36
5919	31
5920	35
5921	34
5922	47
5923	33
5924	39
5925	36
5926	39
5927	35
5928	36
5929	28
5930	40
5931	35
5932	37
5933	38
5934	33
5935	41
5936	28
5937	32
5938	28
5939	39
5940	37
5941	33
5942	33
5943	35
5944	41
5945	39
5946	30
5947	24
5948	40
5949	37
5950	26
5951	30
5952	37
5953	26
5954	27
5955	26
5956	38
5957	28
5958	26
5959	36
5960	28
5961	33
5962	17
5963	30
5964	37
5965	37
5966	37
5967	35
5968	35
5969	36
5970	32
5971	36
5972	31
5973	40
5974	28
5975	36
5976	36
5977	31
5978	22
5979	29
5980	41
5981	42
5982	30
5983	35
5984	37
5985	36
5986	31
5987	29
5988	27
5989	31
5990	30
5991	34
5992	46
5993	38
5994	37
5995	30
5996	42
5997	43
5998	39
5999	31
6000	38
6001	34
6002	42
6003	24
6004	30
6005	30
6006	36
6007	40
6008	34
6009	33
6010	41
6011	32
6012	37
6013	39
6014	32
6015	40
6016	31
6017	27
6018	41
6019	42
6020	46
6021	49
6022	32
6023	33
6024	37
6025	31
6026	33
6027	39
6028	34
6029	27
6030	40
6031	35
6032	36
6033	39
6034	32
6035	34
6036	29
6037	38
6038	42
6039	35
6040	32
6041	35
6042	35
6043	33
6044	29
6045	41
6046	27
6047	32
6048	42
6049	36
6050	28
6051	41
6052	36
6053	38
6054	35
6055	33
6056	26
6057	41
6058	27
6059	35
6060	28
6061	29
6062	42
6063	39
6064	35
6065	35
6066	33
6067	40
6068	36
6069	36
6070	38
6071	30
6072	24
6073	26
6074	41
6075	42
6076	35
6077	44
6078	30
6079	39
6080	19
6081	39
6082	34
6083	38
6084	34
6085	30
6086	34
6087	32
6088	36
6089	40
6090	31
6091	29
6092	41
6093	31
6094	25
6095	29
6096	43
6097	35
6098	30
6099	32
6100	27
6101	31
6102	38
6103	34
6104	39
6105	35
6106	26
6107	36
6108	41
6109	27
6110	35
6111	38
6112	32
6113	36
6114	34
6115	28
6116	35
6117	36
6118	37
6119	35
6120	36
6121	37
6122	17
6123	29
6124	33
6125	29
6126	32
6127	30
6128	24
6129	38
6130	35
6131	40
6132	31
6133	38
6134	29
6135	39
6136	41
6137	30
6138	41
6139	36
6140	36
6141	32
6142	21
6143	42
6144	34
6145	20
6146	38
6147	22
6148	28
6149	28
6150	41
6151	26
6152	36
6153	22
6154	35
6155	25
6156	32
6157	43
6158	31
6159	42
6160	32
6161	40
6162	39
6163	31
6164	37
6165	32
6166	33
6167	44
6168	26
6169	38
6170	37
6171	29
6172	43
6173	32
6174	34
6175	31
6176	25
6177	32
6178	31
6179	38
6180	32
6181	38
6182	42
6183	24
6184	27
6185	26
6186	39
6187	29
6188	29
6189	28
6190	35
6191	33
6192	25
6193	23
6194	27
6195	29
6196	34
6197	28
6198	29
6199	42
6200	41
6201	28
6202	25
6203	32
6204	32
6205	34
6206	39
6207	20
6208	35
6209	45
6210	25
6211	32
6212	38
6213	24
6214	27
6215	36
6216	25
6217	28
6218	40
6219	28
6220	37
6221	34
6222	33
6223	35
6224	32
6225	27
6226	28
6227	36
6228	31
6229	23
6230	30
6231	28
6232	35
6233	26
6234	42
6235	30
6236	35
6237	33
6238	36
6239	21
6240	51
6241	46
6242	34
6243	29
6244	28
6245	24
6246	32
6247	37
6248	33
6249	38
6250	35
6251	37
6252	37
6253	41
6254	30
6255	36
6256	25
6257	22
6258	19
6259	42
6260	36
6261	28
6262	31
6263	32
6264	33
6265	24
6266	29
6267	37
6268	32
6269	28
6270	42
6271	25
6272	30
6273	27
6274	41
6275	41
6276	41
6277	25
6278	37
6279	48
6280	42
6281	25
6282	35
6283	43
6284	35
6285	44
6286	33
6287	31
6288	35
6289	34
6290	29
6291	33
6292	38
6293	48
6294	51
6295	44
6296	61
6297	67
6298	73
6299	69
6300	74
6301	72
6302	82
6303	88
6304	85
6305	82
6306	66
6307	79
6308	69
6309	62
6310	48
6311	42
6312	37
6313	36
6314	31
6315	31
6316	36
6317	31
6318	31
6319	30
6320	34
6321	27
6322	24
6323	34
6324	38
6325	23
6326	40
6327	28
6328	39
6329	31
6330	33
6331	39
6332	25
6333	28
6334	36
6335	30
6336	32
6337	18
6338	40
6339	33
6340	34
6341	25
6342	36
6343	36
6344	27
6345	32
6346	31
6347	31
6348	33
6349	34
6350	26
6351	36
6352	31
6353	27
6354	40
6355	37
6356	26
6357	34
6358	34
6359	31
6360	37
6361	34
6362	37
6363	35
6364	33
6365	42
6366	28
6367	32
6368	28
6369	35
6370	41
6371	39
6372	21
6373	27
6374	32
6375	42
6376	34
6377	24
6378	27
6379	29
6380	30
6381	29
6382	39
6383	27
6384	23
6385	41
6386	27
6387	34
6388	29
6389	33
6390	31
6391	34
6392	37
6393	26
6394	22
6395	29
6396	30
6397	34
6398	34
6399	33
6400	28
6401	29
6402	17
6403	26
6404	31
6405	31
6406	25
6407	32
6408	31
6409	24
6410	28
6411	30
6412	23
6413	26
6414	28
6415	28
6416	35
6417	31
6418	30
6419	28
6420	28
6421	30
6422	38
6423	32
6424	30
6425	34
6426	28
6427	29
6428	39
6429	31
6430	41
6431	33
6432	47
6433	30
6434	26
6435	23
6436	23
6437	38
6438	23
6439	24
6440	25
6441	34
6442	31
6443	33
6444	25
6445	31
6446	29
6447	19
6448	30
6449	24
6450	34
6451	26
6452	32
6453	27
6454	24
6455	32
6456	24
6457	42
6458	30
6459	34
6460	31
6461	22
6462	28
6463	28
6464	22
6465	39
6466	39
6467	39
6468	28
6469	30
6470	29
6471	43
6472	38
6473	31
6474	36
6475	31
6476	27
6477	32
6478	34
6479	27
6480	25
6481	28
6482	41
6483	32
6484	20
6485	33
6486	29
6487	33
6488	50
6489	34
6490	27
6491	36
6492	24
6493	27
6494	43
6495	34
6496	37
6497	35
6498	37
6499	39
6500	30
6501	40
6502	35
6503	32
6504	30
6505	29
6506	32
6507	31
6508	28
6509	30
6510	36
6511	33
6512	31
6513	30
6514	29
6515	27
6516	30
6517	32
6518	45
6519	31
6520	34
6521	36
6522	21
6523	40
6524	33
6525	39
6526	32
6527	33
6528	33
6529	25
6530	32
6531	35
6532	31
6533	24
6534	25
6535	22
6536	26
6537	44
6538	40
6539	35
6540	33
6541	26
6542	28
6543	24
6544	29
6545	29
6546	35
6547	30
6548	42
6549	37
6550	18
6551	28
6552	34
6553	31
6554	33
6555	24
6556	33
6557	35
6558	33
6559	32
6560	35
6561	27
6562	33
6563	27
6564	33
6565	15
6566	25
6567	22
6568	24
6569	27
6570	30
6571	29
6572	33
6573	39
6574	26
6575	25
6576	43
6577	38
6578	22
6579	35
6580	27
6581	44
6582	30
6583	27
6584	24
6585	26
6586	31
6587	35
6588	31
6589	34
6590	31
6591	25
6592	26
6593	21
6594	33
6595	33
6596	35
6597	36
6598	37
6599	28
6600	41
6601	27
6602	27
6603	33
6604	32
6605	33
6606	20
6607	31
6608	42
6609	25
6610	29
6611	31
6612	27
6613	31
6614	27
6615	38
6616	31
6617	45
6618	25
6619	34
6620	23
6621	30
6622	25
6623	35
6624	32
6625	24
6626	27
6627	26
6628	21
6629	33
6630	32
6631	34
6632	27
6633	28
6634	41
6635	34
6636	26
6637	26
6638	38
6639	33
6640	22
6641	22
6642	33
6643	28
6644	31
6645	33
6646	39
6647	19
6648	39
6649	36
6650	39
6651	28
6652	37
6653	36
6654	29
6655	21
6656	25
6657	36
6658	37
6659	31
6660	29
6661	31
6662	30
6663	34
6664	43
6665	25
6666	32
6667	32
6668	33
6669	17
6670	30
6671	22
6672	26
6673	32
6674	28
6675	25
6676	25
6677	35
6678	35
6679	30
6680	21
6681	21
6682	30
6683	22
6684	29
6685	20
6686	36
6687	40
6688	32
6689	33
6690	32
6691	29
6692	20
6693	29
6694	24
6695	31
6696	32
6697	24
6698	22
6699	28
6700	31
6701	26
6702	29
6703	31
6704	24
6705	25
6706	20
6707	23
6708	30
6709	27
6710	25
6711	31
6712	29
6713	25
6714	29
6715	30
6716	35
6717	28
6718	30
6719	40
6720	39
6721	26
6722	28
6723	40
6724	26
6725	37
6726	25
6727	34
6728	21
6729	27
6730	42
6731	25
6732	35
6733	26
6734	24
6735	30
6736	37
6737	24
6738	23
6739	26
6740	29
6741	23
6742	34
6743	29
6744	28
6745	30
6746	27
6747	20
6748	24
6749	22
6750	29
6751	18
6752	30
6753	34
6754	36
6755	23
6756	34
6757	27
6758	49
6759	29
6760	34
6761	22
6762	29
6763	25
6764	23
6765	21
6766	30
6767	30
6768	30
6769	33
6770	24
6771	31
6772	24
6773	19
6774	37
6775	28
6776	24
6777	40
6778	24
6779	24
6780	29
6781	27
6782	38
6783	32
6784	28
6785	26
6786	33
6787	27
6788	23
6789	30
6790	28
6791	29
6792	28
6793	25
6794	35
6795	35
6796	38
6797	23
6798	37
6799	36
6800	25
6801	26
6802	30
6803	20
6804	23
6805	29
6806	27
6807	25
6808	34
6809	21
6810	29
6811	25
6812	25
6813	37
6814	38
6815	28
6816	27
6817	25
6818	30
6819	25
6820	20
6821	27
6822	37
6823	26
6824	32
6825	28
6826	26
6827	37
6828	33
6829	37
6830	39
6831	24
6832	23
6833	28
6834	24
6835	30
6836	27
6837	26
6838	21
6839	28
6840	37
6841	31
6842	25
6843	35
6844	30
6845	31
6846	29
6847	25
6848	24
6849	36
6850	30
6851	35
6852	23
6853	23
6854	39
6855	23
6856	33
6857	22
6858	34
6859	32
6860	24
6861	31
6862	31
6863	32
6864	28
6865	28
6866	29
6867	35
6868	31
6869	27
6870	30
6871	33
6872	27
6873	28
6874	30
6875	27
6876	22
6877	38
6878	28
6879	25
6880	26
6881	25
6882	33
6883	28
6884	35
6885	34
6886	35
6887	34
6888	27
6889	30
6890	32
6891	35
6892	33
6893	21
6894	22
6895	28
6896	39
6897	19
6898	24
6899	32
6900	32
6901	30
6902	28
6903	33
6904	24
6905	23
6906	32
6907	26
6908	30
6909	31
6910	32
6911	28
6912	29
6913	26
6914	31
6915	32
6916	36
6917	20
6918	28
6919	24
6920	28
6921	25
6922	33
6923	28
6924	41
6925	32
6926	36
6927	21
6928	30
6929	28
6930	32
6931	30
6932	29
6933	28
6934	28
6935	26
6936	30
6937	33
6938	29
6939	27
6940	28
6941	30
6942	26
6943	27
6944	28
6945	33
6946	21
6947	29
6948	32
6949	32
6950	40
6951	23
6952	30
6953	29
6954	22
6955	24
6956	32
6957	42
6958	26
6959	26
6960	41
6961	22
6962	40
6963	27
6964	43
6965	52
6966	49
6967	49
6968	55
6969	42
6970	55
6971	34
6972	47
6973	48
6974	48
6975	35
6976	33
6977	37
6978	29
6979	35
6980	35
6981	20
6982	28
6983	21
6984	34
6985	24
6986	28
6987	23
6988	22
6989	18
6990	28
6991	33
6992	20
6993	29
6994	22
6995	24
6996	28
6997	32
6998	25
6999	16
7000	26
7001	27
7002	4
7003	28
7004	21
7005	19
7006	7
7007	22
7008	25
7009	27
7010	27
7011	21
7012	27
7013	38
7014	27
7015	20
7016	29
7017	22
7018	33
7019	31
7020	27
7021	25
7022	41
7023	24
7024	23
7025	28
7026	24
7027	28
7028	17
7029	21
7030	25
7031	22
7032	24
7033	31
7034	22
7035	12
7036	23
7037	39
7038	28
7039	23
7040	25
7041	24
7042	20
7043	31
7044	19
7045	21
7046	25
7047	27
7048	21
7049	26
7050	20
7051	22
7052	25
7053	16
7054	23
7055	26
7056	28
7057	19
7058	19
7059	28
7060	29
7061	28
7062	24
7063	25
7064	29
7065	18
7066	20
7067	17
7068	21
7069	27
7070	24
7071	23
7072	37
7073	30
7074	18
7075	20
7076	21
7077	22
7078	23
7079	25
7080	18
7081	17
7082	16
7083	20
7084	23
7085	24
7086	20
7087	33
7088	26
7089	16
7090	15
7091	35
7092	18
7093	23
7094	19
7095	14
7096	23
7097	28
7098	24
7099	16
7100	23
7101	19
7102	25
7103	16
7104	23
7105	14
7106	20
7107	15
7108	26
7109	23
7110	28
7111	18
7112	25
7113	22
7114	19
7115	21
7116	15
7117	24
7118	18
7119	22
7120	18
7121	17
7122	19
7123	22
7124	29
7125	12
7126	32
7127	19
7128	13
7129	19
7130	19
7131	29
7132	17
7133	28
7134	21
7135	18
7136	19
7137	20
7138	24
7139	20
7140	23
7141	25
7142	16
7143	26
7144	23
7145	24
7146	15
7147	21
7148	23
7149	10
7150	18
7151	21
7152	20
7153	27
7154	30
7155	17
7156	28
7157	28
7158	19
7159	25
7160	21
7161	19
7162	14
7163	28
7164	18
7165	24
7166	23
7167	24
7168	25
7169	15
7170	26
7171	26
7172	16
7173	26
7174	27
7175	20
7176	17
7177	23
7178	24
7179	24
7180	22
7181	20
7182	23
7183	23
7184	27
7185	16
7186	19
7187	24
7188	15
7189	22
7190	22
7191	17
7192	10
7193	22
7194	15
7195	14
7196	26
7197	21
7198	18
7199	21
7200	17
7201	20
7202	14
7203	22
7204	21
7205	26
7206	28
7207	18
7208	23
7209	23
7210	28
7211	27
7212	21
7213	24
7214	37
7215	28
7216	13
7217	27
7218	19
7219	29
7220	22
7221	31
7222	24
7223	16
7224	21
7225	19
7226	18
7227	18
7228	22
7229	22
7230	18
7231	17
7232	24
7233	17
7234	15
7235	18
7236	17
7237	17
7238	16
7239	19
7240	19
7241	15
7242	19
7243	22
7244	22
7245	18
7246	18
7247	23
7248	18
7249	15
7250	21
7251	17
7252	18
7253	15
7254	16
7255	18
7256	22
7257	19
7258	16
7259	22
7260	14
7261	16
7262	21
7263	27
7264	14
7265	18
7266	22
7267	24
7268	18
7269	22
7270	17
7271	23
7272	21
7273	26
7274	24
7275	18
7276	27
7277	28
7278	20
7279	19
7280	27
7281	21
7282	30
7283	17
7284	18
7285	24
7286	14
7287	9
7288	20
7289	11
7290	16
7291	21
7292	17
7293	21
7294	17
7295	18
7296	19
7297	11
7298	19
7299	15
7300	20
7301	20
7302	11
7303	24
7304	23
7305	23
7306	18
7307	17
7308	21
7309	23
7310	24
7311	18
7312	19
7313	14
7314	15
7315	27
7316	22
7317	12
7318	15
7319	19
7320	22
7321	23
7322	15
7323	14
7324	19
7325	13
7326	25
7327	16
7328	18
7329	15
7330	15
7331	17
7332	23
7333	15
7334	21
7335	28
7336	22
7337	21
7338	22
7339	17
7340	15
7341	11
7342	23
7343	19
7344	18
7345	12
7346	20
7347	18
7348	24
7349	13
7350	17
7351	15
7352	24
7353	9
7354	18
7355	19
7356	25
7357	13
7358	17
7359	18
7360	18
7361	22
7362	13
7363	18
7364	20
7365	16
7366	14
7367	17
7368	12
7369	11
7370	22
7371	19
7372	17
7373	12
7374	19
7375	16
7376	21
7377	16
7378	14
7379	21
7380	12
7381	18
7382	10
7383	12
7384	22
7385	15
7386	18
7387	15
7388	19
7389	19
7390	25
7391	19
7392	19
7393	17
7394	12
7395	15
7396	20
7397	24
7398	16
7399	21
7400	23
7401	13
7402	20
7403	16
7404	22
7405	21
7406	16
7407	19
7408	18
7409	26
7410	15
7411	17
7412	15
7413	23
7414	15
7415	15
7416	21
7417	14
7418	13
7419	27
7420	11
7421	15
7422	17
7423	10
7424	10
7425	15
7426	12
7427	18
7428	18
7429	18
7430	14
7431	12
7432	15
7433	15
7434	18
7435	16
7436	16
7437	16
7438	14
7439	20
7440	16
7441	16
7442	23
7443	15
7444	18
7445	18
7446	17
7447	16
7448	11
7449	19
7450	9
7451	24
7452	25
7453	18
7454	21
7455	9
7456	22
7457	30
7458	13
7459	18
7460	20
7461	12
7462	17
7463	17
7464	16
7465	18
7466	16
7467	18
7468	19
7469	10
7470	14
7471	16
7472	14
7473	14
7474	13
7475	17
7476	7
7477	16
7478	14
7479	16
7480	20
7481	15
7482	18
7483	17
7484	21
7485	15
7486	19
7487	14
7488	12
7489	15
7490	15
7491	16
7492	13
7493	12
7494	26
7495	17
7496	22
7497	10
7498	14
7499	17
7500	18
7501	16
7502	16
7503	20
7504	13
7505	23
7506	15
7507	16
7508	18
7509	12
7510	14
7511	16
7512	10
7513	13
7514	10
7515	8
7516	13
7517	24
7518	26
7519	18
7520	15
7521	18
7522	17
7523	15
7524	16
7525	24
7526	10
7527	20
7528	14
7529	14
7530	15
7531	13
7532	9
7533	9
7534	12
7535	15
7536	20
7537	20
7538	16
7539	11
7540	16
7541	15
7542	21
7543	15
7544	14
7545	17
7546	13
7547	16
7548	16
7549	21
7550	14
7551	11
7552	17
7553	13
7554	10
7555	11
7556	15
7557	14
7558	12
7559	10
7560	8
7561	21
7562	12
7563	16
7564	16
7565	16
7566	13
7567	20
7568	16
7569	10
7570	15
7571	24
7572	20
7573	15
7574	17
7575	16
7576	11
7577	14
7578	18
7579	12
7580	12
7581	14
7582	14
7583	19
7584	20
7585	12
7586	18
7587	11
7588	17
7589	11
7590	13
7591	11
7592	21
7593	9
7594	16
7595	16
7596	12
7597	18
7598	11
7599	17
7600	18
7601	7
7602	13
7603	11
7604	17
7605	10
7606	24
7607	21
7608	13
7609	20
7610	13
7611	9
7612	13
7613	14
7614	10
7615	11
7616	17
7617	17
7618	18
7619	17
7620	12
7621	17
7622	9
7623	18
7624	16
7625	15
7626	21
7627	20
7628	15
7629	12
7630	10
7631	11
7632	14
7633	13
7634	13
7635	16
7636	9
7637	12
7638	20
7639	12
7640	14
7641	10
7642	22
7643	20
7644	14
7645	17
7646	12
7647	14
7648	12
7649	12
7650	11
7651	15
7652	16
7653	19
7654	15
7655	11
7656	17
7657	19
7658	12
7659	13
7660	18
7661	13
7662	16
7663	14
7664	7
7665	14
7666	12
7667	10
7668	15
7669	14
7670	10
7671	14
7672	15
7673	22
7674	14
7675	13
7676	6
7677	20
7678	14
7679	12
7680	17
7681	20
7682	17
7683	23
7684	11
7685	19
7686	15
7687	16
7688	11
7689	14
7690	12
7691	15
7692	9
7693	16
7694	18
7695	7
7696	16
7697	16
7698	17
7699	21
7700	13
7701	20
7702	16
7703	10
7704	14
7705	19
7706	13
7707	14
7708	11
7709	9
7710	12
7711	12
7712	14
7713	16
7714	16
7715	12
7716	15
7717	14
7718	11
7719	11
7720	17
7721	14
7722	11
7723	13
7724	14
7725	15
7726	15
7727	16
7728	10
7729	8
7730	12
7731	9
7732	7
7733	10
7734	16
7735	15
7736	24
7737	10
7738	24
7739	14
7740	16
7741	15
7742	15
7743	21
7744	14
7745	26
7746	20
7747	19
7748	22
7749	25
7750	25
7751	26
7752	22
7753	33
7754	36
7755	27
7756	38
7757	22
7758	15
7759	18
7760	17
7761	25
7762	20
7763	18
7764	15
7765	18
7766	9
7767	13
7768	13
7769	14
7770	16
7771	22
7772	20
7773	11
7774	11
7775	11
7776	21
7777	13
7778	16
7779	12
7780	8
7781	16
7782	15
7783	14
7784	9
7785	15
7786	8
7787	20
7788	13
7789	17
7790	9
7791	13
7792	24
7793	15
7794	17
7795	17
7796	13
7797	12
7798	14
7799	16
7800	15
7801	13
7802	16
7803	9
7804	10
7805	8
7806	18
7807	21
7808	13
7809	11
7810	15
7811	12
7812	16
7813	11
7814	17
7815	9
7816	8
7817	16
7818	12
7819	15
7820	15
7821	13
7822	15
7823	7
7824	10
7825	12
7826	12
7827	22
7828	20
7829	10
7830	12
7831	14
7832	10
7833	14
7834	7
7835	16
7836	9
7837	10
7838	5
7839	11
7840	16
7841	12
7842	12
7843	13
7844	13
7845	15
7846	17
7847	10
7848	13
7849	8
7850	11
7851	15
7852	21
7853	14
7854	14
7855	11
7856	18
7857	11
7858	14
7859	14
7860	16
7861	12
7862	7
7863	12
7864	11
7865	12
7866	8
7867	24
7868	15
7869	11
7870	10
7871	13
7872	9
7873	11
7874	10
7875	15
7876	16
7877	15
7878	17
7879	15
7880	17
7881	7
7882	15
7883	13
7884	9
7885	16
7886	15
7887	14
7888	15
7889	22
7890	19
7891	24
7892	15
7893	17
7894	19
7895	11
7896	17
7897	10
7898	9
7899	17
7900	9
7901	8
7902	14
7903	10
7904	8
7905	10
7906	13
7907	19
7908	10
7909	15
7910	10
7911	14
7912	7
7913	15
7914	14
7915	13
7916	12
7917	12
7918	27
7919	14
7920	18
7921	21
7922	19
7923	24
7924	28
7925	20
7926	21
7927	32
7928	25
7929	19
7930	21
7931	12
7932	19
7933	18
7934	16
7935	8
7936	20
7937	14
7938	10
7939	11
7940	14
7941	10
7942	9
7943	13
7944	9
7945	13
7946	17
7947	10
7948	12
7949	10
7950	10
7951	5
7952	12
7953	14
7954	11
7955	11
7956	11
7957	12
7958	13
7959	12
7960	14
7961	13
7962	14
7963	16
7964	25
7965	13
7966	12
7967	10
7968	9
7969	4
7970	12
7971	13
7972	10
7973	10
7974	4
7975	9
7976	13
7977	12
7978	12
7979	17
7980	13
7981	19
7982	15
7983	12
7984	13
7985	14
7986	6
7987	11
7988	11
7989	9
7990	9
7991	11
7992	14
7993	7
7994	17
7995	18
7996	13
7997	9
7998	10
7999	13
8000	8
8001	19
8002	12
8003	14
8004	11
8005	12
8006	6
8007	12
8008	5
8009	12
8010	15
8011	14
8012	14
8013	7
8014	18
8015	9
8016	9
8017	17
8018	16
8019	5
8020	6
8021	8
8022	11
8023	19
8024	13
8025	20
8026	14
8027	8
8028	10
8029	9
8030	15
8031	8
8032	11
8033	13
8034	21
8035	18
8036	5
8037	8
8038	12
8039	16
8040	11
8041	10
8042	12
8043	14
8044	9
8045	11
8046	11
8047	16
8048	7
8049	10
8050	15
8051	13
8052	14
8053	16
8054	14
8055	8
8056	19
8057	11
8058	17
8059	13
8060	13
8061	9
8062	12
8063	10
8064	7
8065	13
8066	13
8067	17
8068	9
8069	8
8070	9
8071	13
8072	7
8073	6
8074	10
8075	16
8076	12
8077	10
8078	12
8079	10
8080	12
8081	13
8082	10
8083	10
8084	12
8085	10
8086	16
8087	9
8088	11
8089	8
8090	7
8091	11
8092	8
8093	12
8094	10
8095	13
8096	15
8097	17
8098	11
8099	12
8100	16
8101	16
8102	12
8103	12
8104	12
8105	10
8106	6
8107	5
8108	2
8109	1
8110	0
8111	0
8112	0
8113	0
8114	0
8115	0
8116	0
8117	0
8118	0
8119	0
8120	0
8121	0
8122	0
8123	0
8124	0
8125	0
8126	0
8127	0
8128	0
8129	0
8130	0
8131	0
8132	0
8133	0
8134	0
8135	0
8136	0
8137	0
8138	0
8139	0
8140	0
8141	0
8142	0
8143	0
8144	0
8145	0
8146	0
8147	0
8148	0
8149	0
8150	0
8151	0
8152	0
8153	0
8154	0
8155	0
8156	0
8157	0
8158	0
8159	0
8160	0
8161	0
8162	0
8163	0
8164	0
8165	0
8166	0
8167	0
8168	0
8169	0
8170	0
8171	0
8172	0
8173	0
8174	0
8175	0
8176	0
8177	0
8178	0
8179	0
8180	0
8181	0
8182	0
8183	0
8184	0
8185	0
8186	0
8187	0
8188	0
8189	0
8190	0
8191	0
