0	0
1	0
2	0
3	0
4	0
5	0
6	0
7	0
8	0
9	0
10	0
11	0
12	0
13	0
14	0
15	0
16	0
17	0
18	0
19	0
20	0
21	0
22	0
23	0
24	0
25	0
26	0
27	0
28	0
29	0
30	0
31	0
32	0
33	0
34	0
35	0
36	0
37	0
38	0
39	0
40	0
41	0
42	0
43	0
44	0
45	0
46	0
47	0
48	0
49	0
50	0
51	0
52	0
53	0
54	0
55	0
56	0
57	0
58	0
59	0
60	0
61	0
62	0
63	0
64	2
65	1
66	16
67	137
68	980
69	3099
70	4979
71	5586
72	5110
73	4661
74	4011
75	3455
76	3335
77	3009
78	3008
79	2918
80	2800
81	2757
82	2902
83	2724
84	2790
85	2667
86	2693
87	2690
88	2632
89	2538
90	2614
91	2704
92	2593
93	2559
94	2518
95	2491
96	2519
97	2619
98	2592
99	2521
100	2328
101	2445
102	2418
103	2365
104	2487
105	2373
106	2432
107	2472
108	2337
109	2400
110	2324
111	2498
112	2418
113	2349
114	2406
115	2321
116	2355
117	2357
118	2331
119	2262
120	2269
121	2327
122	2262
123	2262
124	2210
125	2260
126	2201
127	2224
128	2163
129	2244
130	2155
131	2182
132	2176
133	2182
134	2055
135	2086
136	2136
137	2188
138	2204
139	2115
140	2184
141	2100
142	2093
143	2068
144	2072
145	2116
146	2032
147	2011
148	2113
149	1979
150	1966
151	2004
152	1964
153	1993
154	1968
155	1964
156	2004
157	2011
158	1926
159	1966
160	1987
161	1966
162	1972
163	1959
164	1901
165	1975
166	1905
167	1872
168	1904
169	1933
170	1870
171	1893
172	1829
173	1833
174	1881
175	1786
176	1811
177	1906
178	1786
179	1785
180	1742
181	1821
182	1818
183	1808
184	1768
185	1797
186	1854
187	1787
188	1751
189	1778
190	1754
191	1781
192	1668
193	1716
194	1753
195	1690
196	1727
197	1700
198	1683
199	1640
200	1681
201	1688
202	1638
203	1654
204	1620
205	1632
206	1631
207	1628
208	1607
209	1581
210	1613
211	1608
212	1614
213	1532
214	1622
215	1574
216	1560
217	1617
218	1577
219	1628
220	1540
221	1515
222	1522
223	1535
224	1475
225	1563
226	1505
227	1574
228	1472
229	1516
230	1530
231	1462
232	1443
233	1466
234	1476
235	1432
236	1511
237	1460
238	1486
239	1466
240	1446
241	1447
242	1369
243	1466
244	1437
245	1431
246	1396
247	1423
248	1314
249	1426
250	1409
251	1434
252	1417
253	1408
254	1440
255	1337
256	1365
257	1311
258	1316
259	1314
260	1314
261	1323
262	1301
263	1301
264	1282
265	1340
266	1317
267	1266
268	1309
269	1338
270	1324
271	1323
272	1309
273	1287
274	1269
275	1354
276	1277
277	1210
278	1235
279	1199
280	1290
281	1279
282	1247
283	1313
284	1187
285	1179
286	1220
287	1235
288	1242
289	1197
290	1243
291	1177
292	1182
293	1219
294	1213
295	1171
296	1287
297	1248
298	1208
299	1126
300	1245
301	1133
302	1186
303	1230
304	1213
305	1147
306	1212
307	1144
308	1194
309	1136
310	1176
311	1181
312	1119
313	1142
314	1153
315	1194
316	1175
317	1168
318	1166
319	1144
320	1142
321	1198
322	1213
323	1135
324	1138
325	1194
326	1113
327	1124
328	1080
329	1086
330	1125
331	1112
332	1150
333	1070
334	1139
335	1170
336	1156
337	1145
338	1203
339	1033
340	1084
341	1169
342	1218
343	1141
344	1080
345	1141
346	1095
347	1140
348	1114
349	1144
350	1124
351	1074
352	1083
353	1137
354	1075
355	1114
356	1156
357	1100
358	1074
359	1088
360	1100
361	1098
362	1055
363	1050
364	1086
365	1077
366	1090
367	1097
368	1044
369	1082
370	1092
371	1021
372	1065
373	1064
374	1077
375	1108
376	1099
377	1084
378	1099
379	1077
380	1173
381	1165
382	1175
383	1191
384	1176
385	1265
386	1292
387	1265
388	1316
389	1342
390	1307
391	1328
392	1343
393	1322
394	1284
395	1346
396	1387
397	1401
398	1529
399	1542
400	1603
401	1532
402	1595
403	1524
404	1567
405	1378
406	1300
407	1228
408	1173
409	1215
410	1143
411	1125
412	1209
413	1098
414	1133
415	1107
416	1128
417	1085
418	1105
419	1084
420	1046
421	1004
422	1016
423	968
424	1012
425	952
426	1003
427	974
428	1031
429	955
430	974
431	1018
432	998
433	1026
434	963
435	1015
436	980
437	999
438	1064
439	983
440	1004
441	942
442	988
443	1001
444	1068
445	1007
446	1055
447	1044
448	1043
449	1026
450	1079
451	1131
452	1207
453	1245
454	1195
455	1272
456	1300
457	1272
458	1218
459	1249
460	1099
461	1194
462	1170
463	1106
464	1089
465	1090
466	1043
467	1110
468	1083
469	1121
470	1128
471	1088
472	1107
473	1088
474	1115
475	1089
476	1067
477	999
478	1045
479	992
480	944
481	997
482	1028
483	967
484	1044
485	999
486	938
487	1032
488	968
489	967
490	1021
491	937
492	963
493	1002
494	959
495	955
496	987
497	1019
498	1020
499	996
500	1042
501	1032
502	1041
503	1063
504	1028
505	961
506	1046
507	945
508	991
509	978
510	949
511	1001
512	1005
513	901
514	977
515	944
516	915
517	946
518	931
519	984
520	927
521	935
522	943
523	938
524	998
525	976
526	972
527	997
528	920
529	989
530	978
531	936
532	922
533	948
534	929
535	1000
536	857
537	953
538	951
539	997
540	911
541	980
542	968
543	928
544	919
545	974
546	908
547	973
548	981
549	961
550	887
551	946
552	956
553	1009
554	984
555	924
556	959
557	962
558	896
559	916
560	991
561	964
562	962
563	959
564	959
565	984
566	955
567	920
568	964
569	930
570	971
571	936
572	917
573	966
574	1003
575	939
576	972
577	987
578	918
579	906
580	952
581	959
582	961
583	946
584	949
585	974
586	929
587	903
588	895
589	914
590	945
591	959
592	896
593	962
594	925
595	950
596	994
597	988
598	967
599	898
600	955
601	962
602	940
603	941
604	915
605	931
606	1026
607	930
608	952
609	935
610	957
611	902
612	895
613	971
614	958
615	930
616	957
617	932
618	973
619	908
620	942
621	929
622	948
623	907
624	944
625	953
626	944
627	949
628	955
629	895
630	979
631	964
632	966
633	923
634	944
635	927
636	970
637	955
638	916
639	923
640	952
641	921
642	909
643	929
644	965
645	906
646	915
647	967
648	932
649	912
650	885
651	908
652	958
653	907
654	910
655	917
656	910
657	901
658	889
659	898
660	889
661	920
662	932
663	897
664	914
665	904
666	950
667	901
668	883
669	957
670	956
671	928
672	910
673	935
674	898
675	915
676	905
677	866
678	918
679	910
680	985
681	934
682	922
683	885
684	912
685	905
686	903
687	935
688	916
689	910
690	902
691	952
692	906
693	916
694	911
695	905
696	929
697	919
698	891
699	914
700	921
701	888
702	913
703	930
704	944
705	939
706	925
707	895
708	957
709	955
710	959
711	943
712	954
713	911
714	888
715	929
716	979
717	858
718	839
719	921
720	844
721	892
722	892
723	853
724	845
725	872
726	904
727	826
728	874
729	905
730	890
731	851
732	867
733	814
734	873
735	909
736	915
737	808
738	852
739	872
740	846
741	853
742	848
743	868
744	859
745	859
746	839
747	839
748	880
749	878
750	869
751	819
752	809
753	820
754	830
755	848
756	878
757	830
758	912
759	881
760	872
761	845
762	839
763	905
764	837
765	894
766	882
767	840
768	882
769	883
770	830
771	940
772	833
773	841
774	864
775	846
776	883
777	858
778	826
779	851
780	834
781	796
782	850
783	849
784	851
785	798
786	809
787	807
788	874
789	835
790	860
791	834
792	805
793	849
794	787
795	915
796	813
797	826
798	762
799	785
800	853
801	791
802	790
803	811
804	828
805	844
806	850
807	777
808	806
809	818
810	809
811	773
812	802
813	791
814	819
815	781
816	838
817	821
818	801
819	793
820	793
821	784
822	774
823	799
824	788
825	837
826	792
827	807
828	780
829	805
830	800
831	843
832	804
833	773
834	711
835	760
836	760
837	741
838	782
839	810
840	818
841	800
842	793
843	789
844	789
845	798
846	792
847	799
848	786
849	851
850	780
851	811
852	799
853	785
854	752
855	754
856	713
857	773
858	754
859	764
860	747
861	791
862	751
863	705
864	802
865	790
866	761
867	822
868	790
869	754
870	757
871	758
872	802
873	731
874	748
875	779
876	710
877	718
878	732
879	752
880	801
881	761
882	729
883	771
884	775
885	716
886	746
887	771
888	709
889	700
890	727
891	747
892	666
893	743
894	739
895	711
896	765
897	715
898	740
899	735
900	736
901	710
902	699
903	706
904	715
905	749
906	736
907	725
908	761
909	742
910	725
911	704
912	733
913	702
914	709
915	730
916	669
917	779
918	713
919	693
920	724
921	688
922	695
923	706
924	704
925	695
926	745
927	700
928	698
929	694
930	704
931	729
932	697
933	712
934	701
935	686
936	680
937	650
938	720
939	711
940	716
941	665
942	679
943	681
944	665
945	687
946	695
947	663
948	709
949	648
950	694
951	655
952	686
953	688
954	731
955	672
956	673
957	670
958	678
959	639
960	687
961	669
962	692
963	653
964	664
965	679
966	616
967	653
968	673
969	653
970	651
971	652
972	679
973	699
974	665
975	662
976	673
977	651
978	631
979	717
980	631
981	604
982	657
983	630
984	659
985	692
986	677
987	633
988	679
989	656
990	664
991	628
992	665
993	619
994	638
995	691
996	710
997	602
998	651
999	660
1000	658
1001	649
1002	655
1003	653
1004	652
1005	638
1006	643
1007	668
1008	646
1009	645
1010	637
1011	663
1012	591
1013	625
1014	611
1015	636
1016	639
1017	648
1018	626
1019	658
1020	673
1021	678
1022	695
1023	665
1024	708
1025	725
1026	701
1027	761
1028	752
1029	717
1030	744
1031	716
1032	737
1033	647
1034	626
1035	660
1036	630
1037	634
1038	579
1039	610
1040	619
1041	606
1042	602
1043	588
1044	626
1045	585
1046	608
1047	561
1048	595
1049	555
1050	629
1051	593
1052	530
1053	587
1054	547
1055	608
1056	626
1057	599
1058	606
1059	639
1060	555
1061	607
1062	581
1063	609
1064	564
1065	623
1066	577
1067	640
1068	587
1069	602
1070	604
1071	573
1072	637
1073	617
1074	578
1075	584
1076	617
1077	603
1078	584
1079	631
1080	577
1081	577
1082	555
1083	573
1084	573
1085	556
1086	551
1087	591
1088	569
1089	601
1090	575
1091	573
1092	594
1093	571
1094	569
1095	529
1096	557
1097	549
1098	528
1099	627
1100	597
1101	555
1102	532
1103	579
1104	583
1105	562
1106	602
1107	573
1108	578
1109	560
1110	557
1111	539
1112	540
1113	536
1114	557
1115	544
1116	591
1117	573
1118	518
1119	581
1120	534
1121	513
1122	549
1123	573
1124	516
1125	562
1126	566
1127	585
1128	569
1129	553
1130	557
1131	522
1132	545
1133	555
1134	540
1135	579
1136	540
1137	496
1138	562
1139	557
1140	605
1141	546
1142	570
1143	548
1144	510
1145	552
1146	507
1147	513
1148	552
1149	505
1150	532
1151	574
1152	523
1153	544
1154	570
1155	567
1156	580
1157	555
1158	588
1159	559
1160	607
1161	622
1162	546
1163	557
1164	543
1165	521
1166	523
1167	548
1168	518
1169	496
1170	528
1171	551
1172	518
1173	508
1174	532
1175	532
1176	538
1177	511
1178	499
1179	526
1180	482
1181	515
1182	530
1183	498
1184	495
1185	496
1186	545
1187	514
1188	547
1189	497
1190	457
1191	507
1192	473
1193	491
1194	528
1195	506
1196	498
1197	548
1198	482
1199	486
1200	488
1201	515
1202	506
1203	479
1204	497
1205	497
1206	504
1207	486
1208	464
1209	471
1210	491
1211	518
1212	508
1213	505
1214	484
1215	492
1216	480
1217	490
1218	474
1219	500
1220	517
1221	462
1222	504
1223	514
1224	472
1225	508
1226	527
1227	473
1228	496
1229	515
1230	473
1231	471
1232	481
1233	502
1234	457
1235	453
1236	457
1237	521
1238	486
1239	475
1240	516
1241	480
1242	492
1243	470
1244	494
1245	466
1246	492
1247	475
1248	487
1249	476
1250	457
1251	451
1252	473
1253	472
1254	508
1255	441
1256	457
1257	496
1258	468
1259	476
1260	467
1261	452
1262	429
1263	489
1264	472
1265	437
1266	476
1267	469
1268	455
1269	451
1270	455
1271	458
1272	448
1273	463
1274	470
1275	466
1276	453
1277	452
1278	419
1279	420
1280	470
1281	458
1282	460
1283	474
1284	450
1285	467
1286	444
1287	470
1288	407
1289	456
1290	431
1291	448
1292	415
1293	454
1294	425
1295	463
1296	443
1297	459
1298	437
1299	434
1300	438
1301	481
1302	406
1303	439
1304	434
1305	432
1306	467
1307	462
1308	431
1309	455
1310	476
1311	425
1312	463
1313	458
1314	471
1315	493
1316	494
1317	580
1318	598
1319	725
1320	754
1321	910
1322	999
1323	1099
1324	1151
1325	1142
1326	1149
1327	1058
1328	940
1329	838
1330	663
1331	614
1332	563
1333	495
1334	506
1335	450
1336	485
1337	470
1338	496
1339	567
1340	503
1341	570
1342	542
1343	513
1344	526
1345	540
1346	476
1347	439
1348	430
1349	452
1350	427
1351	424
1352	418
1353	382
1354	407
1355	385
1356	420
1357	402
1358	371
1359	389
1360	405
1361	392
1362	398
1363	414
1364	400
1365	394
1366	387
1367	380
1368	372
1369	346
1370	392
1371	345
1372	368
1373	390
1374	352
1375	385
1376	419
1377	359
1378	421
1379	348
1380	366
1381	423
1382	389
1383	395
1384	339
1385	367
1386	394
1387	370
1388	374
1389	353
1390	369
1391	368
1392	379
1393	354
1394	386
1395	356
1396	375
1397	382
1398	361
1399	358
1400	389
1401	361
1402	364
1403	338
1404	387
1405	363
1406	376
1407	362
1408	345
1409	369
1410	354
1411	374
1412	363
1413	365
1414	372
1415	333
1416	358
1417	321
1418	366
1419	314
1420	392
1421	371
1422	377
1423	330
1424	356
1425	390
1426	390
1427	367
1428	324
1429	326
1430	374
1431	385
1432	402
1433	362
1434	362
1435	355
1436	323
1437	348
1438	356
1439	342
1440	361
1441	372
1442	357
1443	366
1444	325
1445	320
1446	341
1447	339
1448	350
1449	337
1450	346
1451	364
1452	360
1453	346
1454	336
1455	364
1456	374
1457	342
1458	333
1459	335
1460	359
1461	333
1462	321
1463	336
1464	354
1465	356
1466	343
1467	340
1468	333
1469	373
1470	337
1471	341
1472	356
1473	325
1474	340
1475	325
1476	340
1477	334
1478	304
1479	314
1480	309
1481	338
1482	313
1483	328
1484	351
1485	329
1486	315
1487	330
1488	329
1489	319
1490	305
1491	326
1492	325
1493	352
1494	341
1495	379
1496	367
1497	404
1498	359
1499	360
1500	359
1501	349
1502	384
1503	382
1504	356
1505	340
1506	381
1507	367
1508	359
1509	311
1510	320
1511	333
1512	320
1513	344
1514	323
1515	346
1516	333
1517	342
1518	305
1519	318
1520	341
1521	298
1522	329
1523	320
1524	320
1525	354
1526	301
1527	306
1528	312
1529	327
1530	318
1531	333
1532	337
1533	295
1534	343
1535	344
1536	342
1537	344
1538	348
1539	333
1540	354
1541	371
1542	346
1543	331
1544	322
1545	333
1546	332
1547	341
1548	319
1549	323
1550	295
1551	270
1552	336
1553	291
1554	308
1555	354
1556	298
1557	302
1558	296
1559	305
1560	307
1561	305
1562	301
1563	294
1564	306
1565	330
1566	270
1567	305
1568	305
1569	280
1570	296
1571	295
1572	293
1573	307
1574	309
1575	298
1576	283
1577	302
1578	265
1579	298
1580	289
1581	324
1582	294
1583	278
1584	292
1585	295
1586	316
1587	280
1588	301
1589	307
1590	306
1591	277
1592	294
1593	294
1594	303
1595	305
1596	277
1597	279
1598	297
1599	284
1600	307
1601	289
1602	279
1603	281
1604	285
1605	291
1606	313
1607	307
1608	274
1609	274
1610	280
1611	304
1612	305
1613	285
1614	284
1615	298
1616	304
1617	274
1618	260
1619	295
1620	290
1621	293
1622	281
1623	297
1624	270
1625	271
1626	279
1627	316
1628	282
1629	264
1630	285
1631	303
1632	272
1633	304
1634	288
1635	318
1636	315
1637	364
1638	371
1639	389
1640	407
1641	440
1642	451
1643	516
1644	514
1645	474
1646	458
1647	417
1648	394
1649	370
1650	340
1651	301
1652	288
1653	250
1654	271
1655	264
1656	260
1657	255
1658	267
1659	272
1660	294
1661	250
1662	253
1663	276
1664	274
1665	279
1666	264
1667	281
1668	270
1669	301
1670	307
1671	270
1672	335
1673	310
1674	311
1675	282
1676	300
1677	284
1678	282
1679	234
1680	294
1681	253
1682	252
1683	262
1684	286
1685	260
1686	270
1687	284
1688	255
1689	269
1690	266
1691	256
1692	232
1693	244
1694	272
1695	227
1696	249
1697	253
1698	264
1699	239
1700	269
1701	252
1702	261
1703	265
1704	257
1705	272
1706	258
1707	254
1708	250
1709	242
1710	255
1711	239
1712	263
1713	257
1714	271
1715	266
1716	255
1717	282
1718	240
1719	294
1720	244
1721	249
1722	248
1723	254
1724	236
1725	240
1726	251
1727	213
1728	282
1729	269
1730	254
1731	269
1732	237
1733	267
1734	270
1735	251
1736	210
1737	264
1738	288
1739	236
1740	261
1741	252
1742	239
1743	244
1744	283
1745	249
1746	242
1747	233
1748	257
1749	252
1750	252
1751	257
1752	252
1753	256
1754	217
1755	235
1756	265
1757	215
1758	234
1759	238
1760	234
1761	220
1762	227
1763	229
1764	237
1765	221
1766	223
1767	227
1768	253
1769	242
1770	249
1771	215
1772	253
1773	225
1774	247
1775	230
1776	258
1777	241
1778	235
1779	256
1780	232
1781	226
1782	232
1783	243
1784	252
1785	208
1786	244
1787	224
1788	271
1789	230
1790	244
1791	243
1792	245
1793	242
1794	244
1795	238
1796	249
1797	234
1798	241
1799	245
1800	253
1801	231
1802	245
1803	236
1804	233
1805	227
1806	218
1807	213
1808	264
1809	247
1810	246
1811	259
1812	226
1813	237
1814	230
1815	224
1816	225
1817	218
1818	230
1819	235
1820	254
1821	256
1822	266
1823	259
1824	278
1825	265
1826	257
1827	283
1828	298
1829	258
1830	271
1831	255
1832	231
1833	248
1834	259
1835	229
1836	255
1837	225
1838	252
1839	221
1840	230
1841	225
1842	204
1843	211
1844	210
1845	234
1846	249
1847	244
1848	201
1849	218
1850	231
1851	223
1852	244
1853	243
1854	237
1855	214
1856	217
1857	229
1858	222
1859	206
1860	231
1861	229
1862	212
1863	239
1864	213
1865	228
1866	214
1867	227
1868	239
1869	210
1870	221
1871	213
1872	225
1873	214
1874	195
1875	218
1876	193
1877	256
1878	226
1879	207
1880	266
1881	251
1882	341
1883	340
1884	325
1885	372
1886	349
1887	376
1888	360
1889	343
1890	323
1891	300
1892	262
1893	256
1894	247
1895	223
1896	201
1897	246
1898	204
1899	218
1900	205
1901	214
1902	224
1903	229
1904	220
1905	204
1906	236
1907	193
1908	220
1909	210
1910	196
1911	213
1912	182
1913	207
1914	206
1915	193
1916	216
1917	213
1918	204
1919	183
1920	221
1921	206
1922	215
1923	213
1924	208
1925	229
1926	176
1927	196
1928	214
1929	203
1930	240
1931	209
1932	187
1933	189
1934	204
1935	229
1936	200
1937	195
1938	202
1939	219
1940	203
1941	203
1942	241
1943	205
1944	220
1945	217
1946	216
1947	197
1948	236
1949	211
1950	207
1951	190
1952	202
1953	249
1954	260
1955	252
1956	287
1957	304
1958	356
1959	423
1960	478
1961	523
1962	572
1963	576
1964	529
1965	510
1966	477
1967	440
1968	412
1969	341
1970	316
1971	253
1972	253
1973	212
1974	215
1975	207
1976	174
1977	231
1978	203
1979	200
1980	201
1981	193
1982	168
1983	168
1984	171
1985	210
1986	190
1987	167
1988	204
1989	196
1990	175
1991	176
1992	194
1993	193
1994	175
1995	181
1996	199
1997	208
1998	189
1999	186
2000	207
2001	180
2002	165
2003	194
2004	189
2005	202
2006	179
2007	199
2008	183
2009	200
2010	196
2011	188
2012	169
2013	195
2014	169
2015	178
2016	192
2017	184
2018	180
2019	194
2020	171
2021	197
2022	171
2023	158
2024	179
2025	196
2026	182
2027	198
2028	178
2029	190
2030	177
2031	186
2032	201
2033	167
2034	189
2035	182
2036	205
2037	177
2038	209
2039	188
2040	195
2041	171
2042	183
2043	170
2044	218
2045	190
2046	158
2047	194
2048	198
2049	175
2050	205
2051	164
2052	199
2053	163
2054	188
2055	180
2056	203
2057	183
2058	167
2059	171
2060	171
2061	182
2062	171
2063	214
2064	194
2065	159
2066	173
2067	164
2068	196
2069	182
2070	187
2071	172
2072	203
2073	196
2074	189
2075	172
2076	168
2077	178
2078	182
2079	173
2080	173
2081	183
2082	197
2083	185
2084	175
2085	187
2086	161
2087	182
2088	174
2089	163
2090	175
2091	183
2092	184
2093	173
2094	173
2095	169
2096	187
2097	198
2098	183
2099	186
2100	182
2101	151
2102	177
2103	191
2104	180
2105	167
2106	179
2107	161
2108	189
2109	171
2110	205
2111	145
2112	184
2113	179
2114	163
2115	144
2116	184
2117	193
2118	176
2119	156
2120	186
2121	153
2122	178
2123	171
2124	164
2125	188
2126	179
2127	172
2128	202
2129	162
2130	176
2131	147
2132	173
2133	169
2134	182
2135	198
2136	150
2137	150
2138	176
2139	200
2140	205
2141	169
2142	166
2143	185
2144	184
2145	159
2146	162
2147	157
2148	180
2149	166
2150	167
2151	156
2152	173
2153	176
2154	180
2155	166
2156	185
2157	167
2158	152
2159	170
2160	182
2161	197
2162	150
2163	194
2164	170
2165	178
2166	191
2167	203
2168	179
2169	165
2170	153
2171	157
2172	157
2173	181
2174	154
2175	165
2176	167
2177	171
2178	178
2179	156
2180	163
2181	169
2182	170
2183	162
2184	172
2185	157
2186	156
2187	160
2188	194
2189	168
2190	164
2191	179
2192	163
2193	160
2194	161
2195	157
2196	172
2197	180
2198	170
2199	173
2200	146
2201	127
2202	158
2203	162
2204	140
2205	162
2206	142
2207	160
2208	164
2209	162
2210	141
2211	160
2212	144
2213	169
2214	181
2215	158
2216	152
2217	176
2218	191
2219	172
2220	138
2221	168
2222	162
2223	165
2224	174
2225	190
2226	159
2227	150
2228	164
2229	168
2230	137
2231	160
2232	181
2233	161
2234	175
2235	152
2236	158
2237	182
2238	183
2239	168
2240	166
2241	156
2242	166
2243	168
2244	166
2245	160
2246	151
2247	133
2248	162
2249	152
2250	165
2251	162
2252	167
2253	164
2254	163
2255	150
2256	162
2257	183
2258	166
2259	148
2260	144
2261	173
2262	149
2263	176
2264	153
2265	184
2266	147
2267	143
2268	151
2269	147
2270	163
2271	162
2272	150
2273	149
2274	168
2275	175
2276	170
2277	140
2278	160
2279	150
2280	163
2281	158
2282	146
2283	170
2284	187
2285	181
2286	169
2287	169
2288	159
2289	172
2290	170
2291	160
2292	170
2293	156
2294	163
2295	166
2296	144
2297	151
2298	145
2299	154
2300	149
2301	152
2302	155
2303	152
2304	149
2305	138
2306	159
2307	147
2308	154
2309	137
2310	134
2311	174
2312	140
2313	137
2314	146
2315	150
2316	173
2317	129
2318	132
2319	137
2320	151
2321	169
2322	155
2323	158
2324	152
2325	149
2326	125
2327	154
2328	149
2329	153
2330	147
2331	138
2332	140
2333	138
2334	161
2335	137
2336	130
2337	138
2338	147
2339	153
2340	142
2341	125
2342	136
2343	145
2344	158
2345	142
2346	142
2347	151
2348	154
2349	151
2350	177
2351	139
2352	154
2353	176
2354	164
2355	125
2356	136
2357	139
2358	134
2359	159
2360	135
2361	155
2362	151
2363	154
2364	164
2365	154
2366	123
2367	146
2368	143
2369	145
2370	178
2371	146
2372	129
2373	138
2374	147
2375	146
2376	137
2377	141
2378	142
2379	131
2380	151
2381	166
2382	148
2383	148
2384	169
2385	122
2386	150
2387	151
2388	143
2389	154
2390	151
2391	139
2392	133
2393	161
2394	170
2395	119
2396	160
2397	134
2398	129
2399	145
2400	138
2401	123
2402	146
2403	156
2404	139
2405	148
2406	152
2407	151
2408	126
2409	146
2410	149
2411	142
2412	132
2413	148
2414	143
2415	139
2416	131
2417	143
2418	126
2419	116
2420	146
2421	148
2422	170
2423	147
2424	165
2425	133
2426	144
2427	142
2428	124
2429	147
2430	127
2431	139
2432	147
2433	145
2434	136
2435	139
2436	135
2437	138
2438	135
2439	137
2440	142
2441	124
2442	140
2443	133
2444	125
2445	128
2446	150
2447	126
2448	132
2449	149
2450	134
2451	157
2452	146
2453	154
2454	145
2455	144
2456	163
2457	146
2458	144
2459	127
2460	140
2461	127
2462	131
2463	140
2464	148
2465	133
2466	128
2467	139
2468	143
2469	125
2470	128
2471	143
2472	125
2473	143
2474	136
2475	136
2476	131
2477	116
2478	121
2479	133
2480	134
2481	159
2482	140
2483	125
2484	117
2485	134
2486	151
2487	142
2488	131
2489	134
2490	112
2491	136
2492	123
2493	107
2494	140
2495	108
2496	130
2497	120
2498	121
2499	145
2500	139
2501	151
2502	131
2503	138
2504	120
2505	111
2506	114
2507	118
2508	126
2509	145
2510	131
2511	123
2512	155
2513	133
2514	125
2515	131
2516	143
2517	163
2518	125
2519	135
2520	133
2521	128
2522	134
2523	131
2524	165
2525	120
2526	143
2527	137
2528	115
2529	122
2530	141
2531	143
2532	143
2533	137
2534	150
2535	133
2536	135
2537	139
2538	129
2539	123
2540	124
2541	141
2542	128
2543	137
2544	142
2545	117
2546	134
2547	131
2548	114
2549	114
2550	131
2551	131
2552	124
2553	135
2554	109
2555	128
2556	141
2557	127
2558	128
2559	130
2560	125
2561	133
2562	130
2563	125
2564	124
2565	133
2566	122
2567	111
2568	113
2569	125
2570	136
2571	130
2572	117
2573	147
2574	133
2575	142
2576	142
2577	132
2578	137
2579	156
2580	126
2581	147
2582	151
2583	155
2584	136
2585	119
2586	157
2587	150
2588	152
2589	150
2590	168
2591	155
2592	156
2593	177
2594	161
2595	154
2596	131
2597	151
2598	125
2599	119
2600	141
2601	124
2602	143
2603	121
2604	123
2605	127
2606	145
2607	115
2608	125
2609	110
2610	144
2611	127
2612	115
2613	111
2614	120
2615	105
2616	138
2617	124
2618	130
2619	128
2620	117
2621	121
2622	109
2623	113
2624	124
2625	117
2626	129
2627	128
2628	125
2629	124
2630	110
2631	119
2632	145
2633	128
2634	128
2635	120
2636	114
2637	113
2638	123
2639	115
2640	123
2641	114
2642	119
2643	114
2644	121
2645	141
2646	112
2647	111
2648	128
2649	135
2650	122
2651	135
2652	117
2653	124
2654	125
2655	118
2656	103
2657	124
2658	112
2659	115
2660	137
2661	119
2662	100
2663	124
2664	127
2665	99
2666	122
2667	117
2668	120
2669	129
2670	129
2671	120
2672	144
2673	153
2674	149
2675	134
2676	143
2677	147
2678	134
2679	134
2680	102
2681	121
2682	120
2683	116
2684	115
2685	134
2686	115
2687	118
2688	117
2689	111
2690	103
2691	132
2692	121
2693	133
2694	129
2695	119
2696	124
2697	105
2698	120
2699	152
2700	129
2701	115
2702	94
2703	140
2704	117
2705	117
2706	121
2707	109
2708	122
2709	127
2710	119
2711	105
2712	110
2713	141
2714	110
2715	133
2716	114
2717	121
2718	108
2719	122
2720	124
2721	99
2722	119
2723	117
2724	127
2725	124
2726	115
2727	110
2728	135
2729	114
2730	118
2731	114
2732	114
2733	116
2734	128
2735	118
2736	128
2737	135
2738	91
2739	96
2740	99
2741	110
2742	106
2743	109
2744	128
2745	111
2746	124
2747	105
2748	110
2749	121
2750	100
2751	105
2752	119
2753	109
2754	108
2755	127
2756	108
2757	126
2758	111
2759	90
2760	112
2761	108
2762	114
2763	131
2764	112
2765	106
2766	100
2767	111
2768	92
2769	107
2770	122
2771	103
2772	111
2773	114
2774	129
2775	99
2776	103
2777	124
2778	115
2779	105
2780	103
2781	120
2782	117
2783	99
2784	99
2785	116
2786	103
2787	110
2788	97
2789	98
2790	102
2791	143
2792	107
2793	104
2794	123
2795	121
2796	111
2797	119
2798	116
2799	112
2800	110
2801	105
2802	109
2803	103
2804	97
2805	104
2806	113
2807	105
2808	105
2809	107
2810	108
2811	112
2812	103
2813	91
2814	103
2815	109
2816	112
2817	109
2818	101
2819	128
2820	94
2821	120
2822	123
2823	119
2824	111
2825	109
2826	115
2827	100
2828	94
2829	98
2830	101
2831	116
2832	93
2833	124
2834	105
2835	90
2836	115
2837	102
2838	112
2839	117
2840	120
2841	112
2842	106
2843	94
2844	103
2845	125
2846	109
2847	126
2848	117
2849	118
2850	141
2851	145
2852	167
2853	137
2854	169
2855	207
2856	202
2857	230
2858	263
2859	269
2860	261
2861	264
2862	276
2863	268
2864	262
2865	241
2866	224
2867	215
2868	198
2869	189
2870	188
2871	147
2872	152
2873	142
2874	136
2875	142
2876	127
2877	105
2878	112
2879	112
2880	107
2881	108
2882	115
2883	102
2884	97
2885	81
2886	117
2887	112
2888	106
2889	90
2890	107
2891	104
2892	102
2893	121
2894	100
2895	103
2896	107
2897	90
2898	100
2899	103
2900	108
2901	96
2902	86
2903	110
2904	104
2905	105
2906	98
2907	120
2908	111
2909	97
2910	90
2911	97
2912	117
2913	120
2914	110
2915	116
2916	113
2917	128
2918	92
2919	106
2920	102
2921	121
2922	101
2923	103
2924	106
2925	104
2926	100
2927	114
2928	92
2929	104
2930	104
2931	100
2932	88
2933	106
2934	82
2935	106
2936	97
2937	93
2938	109
2939	82
2940	100
2941	92
2942	85
2943	95
2944	102
2945	108
2946	115
2947	94
2948	101
2949	115
2950	96
2951	109
2952	88
2953	92
2954	92
2955	111
2956	91
2957	95
2958	108
2959	96
2960	89
2961	101
2962	106
2963	110
2964	85
2965	104
2966	100
2967	91
2968	88
2969	92
2970	93
2971	97
2972	96
2973	82
2974	103
2975	105
2976	111
2977	85
2978	87
2979	100
2980	106
2981	95
2982	98
2983	94
2984	109
2985	107
2986	100
2987	108
2988	102
2989	102
2990	92
2991	108
2992	109
2993	96
2994	115
2995	81
2996	80
2997	95
2998	90
2999	102
3000	102
3001	93
3002	82
3003	102
3004	80
3005	123
3006	119
3007	90
3008	85
3009	90
3010	101
3011	93
3012	89
3013	107
3014	93
3015	108
3016	85
3017	117
3018	94
3019	95
3020	91
3021	88
3022	92
3023	102
3024	86
3025	120
3026	110
3027	95
3028	100
3029	86
3030	99
3031	107
3032	92
3033	97
3034	94
3035	74
3036	87
3037	82
3038	108
3039	101
3040	102
3041	96
3042	76
3043	100
3044	100
3045	116
3046	98
3047	89
3048	84
3049	87
3050	96
3051	94
3052	79
3053	93
3054	93
3055	88
3056	97
3057	94
3058	93
3059	111
3060	108
3061	85
3062	103
3063	84
3064	88
3065	82
3066	101
3067	99
3068	97
3069	109
3070	89
3071	93
3072	99
3073	90
3074	91
3075	117
3076	88
3077	105
3078	95
3079	77
3080	100
3081	91
3082	91
3083	94
3084	96
3085	105
3086	91
3087	84
3088	65
3089	100
3090	96
3091	86
3092	75
3093	94
3094	106
3095	83
3096	87
3097	96
3098	86
3099	88
3100	93
3101	98
3102	97
3103	99
3104	90
3105	85
3106	101
3107	96
3108	88
3109	86
3110	89
3111	93
3112	88
3113	101
3114	105
3115	102
3116	79
3117	81
3118	88
3119	93
3120	91
3121	80
3122	83
3123	96
3124	101
3125	85
3126	93
3127	100
3128	99
3129	84
3130	106
3131	78
3132	96
3133	88
3134	93
3135	87
3136	104
3137	97
3138	80
3139	82
3140	82
3141	96
3142	92
3143	90
3144	95
3145	89
3146	103
3147	90
3148	103
3149	103
3150	102
3151	79
3152	83
3153	111
3154	99
3155	90
3156	93
3157	88
3158	112
3159	101
3160	91
3161	93
3162	80
3163	88
3164	71
3165	88
3166	89
3167	82
3168	89
3169	77
3170	83
3171	76
3172	99
3173	94
3174	94
3175	87
3176	82
3177	84
3178	81
3179	88
3180	100
3181	72
3182	85
3183	98
3184	75
3185	101
3186	90
3187	75
3188	86
3189	108
3190	93
3191	93
3192	86
3193	82
3194	98
3195	95
3196	94
3197	94
3198	87
3199	95
3200	85
3201	91
3202	96
3203	72
3204	91
3205	78
3206	88
3207	92
3208	106
3209	93
3210	95
3211	83
3212	89
3213	84
3214	98
3215	95
3216	95
3217	84
3218	87
3219	88
3220	89
3221	90
3222	84
3223	99
3224	99
3225	93
3226	110
3227	92
3228	84
3229	81
3230	84
3231	93
3232	89
3233	79
3234	110
3235	105
3236	90
3237	90
3238	79
3239	81
3240	81
3241	88
3242	77
3243	89
3244	94
3245	91
3246	95
3247	92
3248	95
3249	100
3250	102
3251	88
3252	74
3253	108
3254	104
3255	96
3256	100
3257	95
3258	108
3259	100
3260	125
3261	115
3262	135
3263	172
3264	185
3265	238
3266	260
3267	278
3268	329
3269	333
3270	356
3271	340
3272	298
3273	305
3274	262
3275	210
3276	202
3277	163
3278	132
3279	113
3280	99
3281	104
3282	88
3283	93
3284	86
3285	80
3286	78
3287	91
3288	73
3289	80
3290	80
3291	83
3292	95
3293	81
3294	90
3295	72
3296	89
3297	80
3298	100
3299	99
3300	84
3301	83
3302	85
3303	90
3304	80
3305	87
3306	79
3307	83
3308	87
3309	75
3310	87
3311	77
3312	87
3313	83
3314	86
3315	87
3316	98
3317	86
3318	94
3319	96
3320	71
3321	73
3322	88
3323	86
3324	80
3325	76
3326	87
3327	86
3328	100
3329	84
3330	99
3331	104
3332	85
3333	82
3334	92
3335	77
3336	83
3337	101
3338	91
3339	79
3340	75
3341	92
3342	89
3343	92
3344	71
3345	78
3346	78
3347	63
3348	80
3349	83
3350	86
3351	71
3352	77
3353	90
3354	82
3355	92
3356	81
3357	77
3358	89
3359	85
3360	74
3361	78
3362	82
3363	67
3364	75
3365	77
3366	82
3367	85
3368	87
3369	76
3370	93
3371	79
3372	95
3373	84
3374	81
3375	81
3376	87
3377	77
3378	94
3379	76
3380	81
3381	78
3382	92
3383	79
3384	94
3385	95
3386	84
3387	92
3388	78
3389	92
3390	92
3391	84
3392	81
3393	82
3394	86
3395	70
3396	83
3397	82
3398	80
3399	91
3400	87
3401	92
3402	87
3403	86
3404	82
3405	90
3406	89
3407	100
3408	106
3409	150
3410	162
3411	194
3412	251
3413	315
3414	302
3415	397
3416	399
3417	390
3418	380
3419	401
3420	318
3421	308
3422	274
3423	214
3424	149
3425	136
3426	112
3427	98
3428	108
3429	93
3430	92
3431	78
3432	91
3433	81
3434	77
3435	73
3436	81
3437	70
3438	76
3439	66
3440	76
3441	75
3442	69
3443	81
3444	78
3445	79
3446	72
3447	80
3448	77
3449	71
3450	74
3451	70
3452	87
3453	81
3454	77
3455	81
3456	76
3457	82
3458	83
3459	85
3460	65
3461	63
3462	80
3463	81
3464	75
3465	81
3466	83
3467	84
3468	79
3469	91
3470	71
3471	74
3472	70
3473	79
3474	63
3475	78
3476	82
3477	69
3478	64
3479	89
3480	87
3481	74
3482	71
3483	66
3484	82
3485	71
3486	77
3487	81
3488	68
3489	78
3490	83
3491	70
3492	79
3493	68
3494	76
3495	81
3496	64
3497	63
3498	63
3499	63
3500	77
3501	61
3502	80
3503	75
3504	88
3505	80
3506	70
3507	72
3508	73
3509	61
3510	73
3511	83
3512	72
3513	69
3514	80
3515	71
3516	60
3517	71
3518	81
3519	82
3520	75
3521	82
3522	78
3523	71
3524	73
3525	77
3526	76
3527	65
3528	79
3529	75
3530	64
3531	98
3532	57
3533	87
3534	64
3535	58
3536	55
3537	84
3538	83
3539	75
3540	73
3541	65
3542	70
3543	70
3544	78
3545	76
3546	76
3547	73
3548	70
3549	59
3550	75
3551	74
3552	73
3553	72
3554	73
3555	72
3556	82
3557	75
3558	78
3559	87
3560	68
3561	70
3562	78
3563	83
3564	73
3565	69
3566	53
3567	73
3568	81
3569	62
3570	64
3571	61
3572	83
3573	66
3574	72
3575	76
3576	83
3577	64
3578	62
3579	71
3580	66
3581	72
3582	72
3583	88
3584	65
3585	63
3586	60
3587	68
3588	72
3589	63
3590	83
3591	79
3592	63
3593	73
3594	75
3595	62
3596	68
3597	71
3598	69
3599	73
3600	86
3601	65
3602	70
3603	80
3604	68
3605	78
3606	67
3607	65
3608	80
3609	84
3610	58
3611	71
3612	70
3613	68
3614	66
3615	69
3616	66
3617	48
3618	53
3619	79
3620	70
3621	74
3622	73
3623	73
3624	71
3625	77
3626	74
3627	70
3628	70
3629	72
3630	79
3631	70
3632	68
3633	87
3634	72
3635	56
3636	78
3637	59
3638	57
3639	69
3640	70
3641	67
3642	72
3643	67
3644	69
3645	65
3646	66
3647	67
3648	66
3649	62
3650	70
3651	60
3652	75
3653	79
3654	88
3655	68
3656	73
3657	81
3658	68
3659	76
3660	57
3661	76
3662	68
3663	65
3664	64
3665	66
3666	85
3667	77
3668	68
3669	73
3670	62
3671	71
3672	73
3673	85
3674	86
3675	65
3676	69
3677	72
3678	76
3679	70
3680	68
3681	76
3682	72
3683	66
3684	69
3685	75
3686	73
3687	88
3688	71
3689	73
3690	55
3691	78
3692	78
3693	58
3694	75
3695	62
3696	63
3697	72
3698	69
3699	58
3700	85
3701	81
3702	91
3703	100
3704	123
3705	126
3706	161
3707	217
3708	231
3709	302
3710	299
3711	351
3712	343
3713	352
3714	289
3715	314
3716	254
3717	205
3718	191
3719	138
3720	129
3721	119
3722	97
3723	88
3724	77
3725	67
3726	82
3727	66
3728	64
3729	62
3730	53
3731	75
3732	78
3733	58
3734	80
3735	82
3736	80
3737	65
3738	69
3739	61
3740	63
3741	58
3742	88
3743	59
3744	66
3745	63
3746	50
3747	72
3748	72
3749	52
3750	75
3751	76
3752	67
3753	57
3754	75
3755	69
3756	61
3757	67
3758	56
3759	81
3760	60
3761	61
3762	84
3763	69
3764	65
3765	61
3766	54
3767	63
3768	55
3769	54
3770	62
3771	75
3772	46
3773	66
3774	58
3775	82
3776	58
3777	51
3778	56
3779	56
3780	73
3781	61
3782	73
3783	76
3784	60
3785	64
3786	81
3787	65
3788	72
3789	58
3790	57
3791	72
3792	62
3793	50
3794	57
3795	53
3796	64
3797	68
3798	60
3799	82
3800	56
3801	78
3802	63
3803	65
3804	73
3805	70
3806	63
3807	60
3808	60
3809	60
3810	63
3811	52
3812	72
3813	71
3814	65
3815	76
3816	44
3817	73
3818	85
3819	65
3820	56
3821	67
3822	57
3823	76
3824	53
3825	61
3826	76
3827	60
3828	80
3829	68
3830	56
3831	63
3832	69
3833	67
3834	68
3835	66
3836	75
3837	58
3838	67
3839	68
3840	75
3841	57
3842	69
3843	68
3844	56
3845	76
3846	61
3847	65
3848	57
3849	73
3850	60
3851	77
3852	52
3853	65
3854	72
3855	65
3856	67
3857	72
3858	72
3859	61
3860	51
3861	68
3862	79
3863	66
3864	74
3865	71
3866	57
3867	64
3868	58
3869	55
3870	63
3871	57
3872	58
3873	74
3874	73
3875	69
3876	54
3877	68
3878	49
3879	66
3880	62
3881	54
3882	70
3883	61
3884	66
3885	66
3886	71
3887	66
3888	70
3889	60
3890	64
3891	59
3892	60
3893	74
3894	63
3895	68
3896	59
3897	48
3898	58
3899	59
3900	71
3901	75
3902	59
3903	76
3904	59
3905	58
3906	67
3907	53
3908	56
3909	62
3910	64
3911	81
3912	51
3913	62
3914	58
3915	65
3916	54
3917	63
3918	58
3919	66
3920	73
3921	63
3922	53
3923	79
3924	64
3925	60
3926	70
3927	76
3928	54
3929	64
3930	66
3931	79
3932	52
3933	67
3934	50
3935	63
3936	63
3937	75
3938	74
3939	73
3940	66
3941	74
3942	64
3943	61
3944	72
3945	69
3946	62
3947	79
3948	69
3949	65
3950	64
3951	89
3952	80
3953	65
3954	52
3955	63
3956	86
3957	59
3958	60
3959	57
3960	50
3961	61
3962	49
3963	66
3964	58
3965	63
3966	60
3967	65
3968	67
3969	61
3970	49
3971	52
3972	75
3973	57
3974	75
3975	69
3976	52
3977	58
3978	72
3979	73
3980	61
3981	69
3982	47
3983	57
3984	67
3985	54
3986	68
3987	63
3988	73
3989	62
3990	65
3991	62
3992	46
3993	58
3994	66
3995	50
3996	65
3997	61
3998	61
3999	59
4000	57
4001	54
4002	63
4003	61
4004	69
4005	56
4006	45
4007	54
4008	71
4009	61
4010	62
4011	69
4012	63
4013	69
4014	65
4015	59
4016	57
4017	62
4018	62
4019	51
4020	63
4021	65
4022	60
4023	65
4024	60
4025	58
4026	64
4027	54
4028	52
4029	71
4030	65
4031	61
4032	59
4033	57
4034	52
4035	56
4036	77
4037	61
4038	58
4039	55
4040	60
4041	49
4042	51
4043	59
4044	70
4045	58
4046	62
4047	56
4048	63
4049	55
4050	46
4051	59
4052	53
4053	70
4054	63
4055	58
4056	54
4057	71
4058	75
4059	64
4060	47
4061	41
4062	70
4063	64
4064	76
4065	59
4066	58
4067	65
4068	58
4069	68
4070	71
4071	65
4072	74
4073	68
4074	66
4075	76
4076	73
4077	109
4078	88
4079	105
4080	103
4081	116
4082	107
4083	107
4084	93
4085	79
4086	88
4087	94
4088	97
4089	79
4090	73
4091	59
4092	65
4093	46
4094	55
4095	59
4096	64
4097	49
4098	64
4099	72
4100	59
4101	82
4102	62
4103	34
4104	56
4105	61
4106	61
4107	61
4108	54
4109	58
4110	62
4111	43
4112	57
4113	48
4114	53
4115	61
4116	54
4117	63
4118	53
4119	55
4120	64
4121	65
4122	57
4123	41
4124	47
4125	83
4126	67
4127	54
4128	57
4129	54
4130	49
4131	40
4132	69
4133	53
4134	59
4135	55
4136	57
4137	55
4138	48
4139	63
4140	59
4141	51
4142	61
4143	56
4144	55
4145	61
4146	54
4147	83
4148	51
4149	64
4150	60
4151	56
4152	49
4153	62
4154	52
4155	55
4156	61
4157	43
4158	60
4159	75
4160	54
4161	61
4162	67
4163	51
4164	56
4165	53
4166	60
4167	84
4168	63
4169	59
4170	54
4171	55
4172	49
4173	65
4174	56
4175	51
4176	47
4177	49
4178	72
4179	48
4180	55
4181	43
4182	44
4183	69
4184	52
4185	49
4186	57
4187	57
4188	72
4189	69
4190	54
4191	45
4192	51
4193	49
4194	65
4195	52
4196	60
4197	53
4198	64
4199	43
4200	68
4201	57
4202	44
4203	56
4204	45
4205	45
4206	48
4207	68
4208	54
4209	48
4210	60
4211	56
4212	46
4213	54
4214	63
4215	57
4216	52
4217	39
4218	44
4219	64
4220	52
4221	51
4222	52
4223	44
4224	53
4225	58
4226	60
4227	51
4228	61
4229	51
4230	70
4231	46
4232	49
4233	54
4234	55
4235	49
4236	57
4237	49
4238	66
4239	55
4240	68
4241	57
4242	68
4243	73
4244	58
4245	63
4246	52
4247	49
4248	53
4249	64
4250	58
4251	52
4252	65
4253	67
4254	56
4255	49
4256	57
4257	45
4258	61
4259	57
4260	53
4261	46
4262	44
4263	49
4264	58
4265	59
4266	57
4267	54
4268	45
4269	59
4270	68
4271	54
4272	64
4273	50
4274	61
4275	58
4276	61
4277	67
4278	52
4279	52
4280	54
4281	43
4282	45
4283	54
4284	57
4285	60
4286	54
4287	62
4288	65
4289	50
4290	63
4291	49
4292	76
4293	50
4294	57
4295	34
4296	53
4297	64
4298	63
4299	57
4300	57
4301	61
4302	63
4303	51
4304	61
4305	59
4306	65
4307	66
4308	77
4309	76
4310	65
4311	71
4312	92
4313	74
4314	99
4315	81
4316	90
4317	78
4318	73
4319	78
4320	85
4321	85
4322	65
4323	47
4324	58
4325	59
4326	60
4327	64
4328	58
4329	61
4330	59
4331	59
4332	63
4333	70
4334	57
4335	74
4336	74
4337	73
4338	61
4339	54
4340	54
4341	67
4342	65
4343	49
4344	56
4345	47
4346	55
4347	47
4348	48
4349	57
4350	51
4351	67
4352	41
4353	52
4354	52
4355	53
4356	50
4357	55
4358	56
4359	44
4360	50
4361	51
4362	55
4363	51
4364	68
4365	41
4366	62
4367	47
4368	52
4369	62
4370	68
4371	61
4372	59
4373	53
4374	66
4375	53
4376	52
4377	61
4378	46
4379	54
4380	60
4381	48
4382	44
4383	65
4384	50
4385	57
4386	46
4387	61
4388	49
4389	59
4390	61
4391	46
4392	49
4393	58
4394	50
4395	58
4396	63
4397	60
4398	57
4399	44
4400	43
4401	55
4402	53
4403	64
4404	58
4405	60
4406	44
4407	59
4408	63
4409	69
4410	65
4411	60
4412	56
4413	62
4414	52
4415	68
4416	68
4417	64
4418	56
4419	51
4420	56
4421	57
4422	52
4423	41
4424	38
4425	53
4426	44
4427	40
4428	49
4429	48
4430	50
4431	49
4432	53
4433	39
4434	50
4435	52
4436	56
4437	54
4438	37
4439	43
4440	47
4441	46
4442	44
4443	51
4444	56
4445	56
4446	49
4447	49
4448	50
4449	62
4450	40
4451	55
4452	51
4453	60
4454	52
4455	49
4456	51
4457	54
4458	61
4459	67
4460	63
4461	68
4462	70
4463	73
4464	80
4465	78
4466	78
4467	88
4468	67
4469	63
4470	58
4471	68
4472	50
4473	74
4474	61
4475	58
4476	51
4477	57
4478	53
4479	47
4480	48
4481	49
4482	52
4483	40
4484	42
4485	49
4486	37
4487	36
4488	39
4489	36
4490	42
4491	48
4492	52
4493	46
4494	45
4495	51
4496	41
4497	55
4498	56
4499	50
4500	57
4501	49
4502	52
4503	59
4504	50
4505	50
4506	42
4507	52
4508	60
4509	69
4510	49
4511	56
4512	46
4513	46
4514	53
4515	55
4516	38
4517	52
4518	53
4519	57
4520	50
4521	39
4522	50
4523	60
4524	49
4525	45
4526	49
4527	64
4528	50
4529	58
4530	64
4531	56
4532	43
4533	52
4534	49
4535	54
4536	49
4537	39
4538	56
4539	43
4540	38
4541	54
4542	40
4543	55
4544	59
4545	46
4546	41
4547	48
4548	56
4549	44
4550	44
4551	44
4552	51
4553	49
4554	58
4555	53
4556	39
4557	40
4558	39
4559	45
4560	54
4561	54
4562	40
4563	45
4564	47
4565	51
4566	50
4567	47
4568	51
4569	53
4570	39
4571	37
4572	48
4573	53
4574	54
4575	50
4576	52
4577	38
4578	60
4579	43
4580	50
4581	49
4582	54
4583	45
4584	46
4585	48
4586	45
4587	52
4588	58
4589	45
4590	54
4591	46
4592	43
4593	49
4594	44
4595	49
4596	63
4597	51
4598	36
4599	59
4600	54
4601	49
4602	46
4603	60
4604	45
4605	48
4606	54
4607	47
4608	55
4609	37
4610	48
4611	42
4612	52
4613	53
4614	43
4615	55
4616	47
4617	41
4618	50
4619	40
4620	45
4621	39
4622	31
4623	49
4624	47
4625	44
4626	47
4627	29
4628	33
4629	45
4630	54
4631	56
4632	51
4633	53
4634	53
4635	52
4636	47
4637	34
4638	51
4639	43
4640	59
4641	35
4642	56
4643	46
4644	44
4645	43
4646	46
4647	44
4648	53
4649	40
4650	47
4651	49
4652	49
4653	41
4654	44
4655	54
4656	45
4657	40
4658	32
4659	40
4660	47
4661	48
4662	53
4663	49
4664	49
4665	40
4666	68
4667	41
4668	57
4669	63
4670	48
4671	59
4672	45
4673	56
4674	50
4675	40
4676	42
4677	55
4678	56
4679	43
4680	60
4681	60
4682	45
4683	50
4684	53
4685	58
4686	48
4687	49
4688	37
4689	52
4690	47
4691	54
4692	46
4693	51
4694	51
4695	51
4696	49
4697	51
4698	71
4699	63
4700	61
4701	52
4702	49
4703	45
4704	39
4705	48
4706	46
4707	47
4708	39
4709	52
4710	61
4711	50
4712	56
4713	45
4714	67
4715	55
4716	55
4717	57
4718	43
4719	52
4720	47
4721	50
4722	35
4723	46
4724	57
4725	66
4726	53
4727	49
4728	47
4729	45
4730	45
4731	42
4732	64
4733	49
4734	46
4735	40
4736	50
4737	60
4738	51
4739	48
4740	47
4741	33
4742	38
4743	40
4744	55
4745	39
4746	47
4747	49
4748	65
4749	37
4750	40
4751	44
4752	49
4753	43
4754	52
4755	47
4756	51
4757	44
4758	54
4759	47
4760	53
4761	59
4762	59
4763	55
4764	45
4765	38
4766	39
4767	44
4768	45
4769	40
4770	43
4771	50
4772	49
4773	54
4774	52
4775	43
4776	44
4777	50
4778	60
4779	50
4780	39
4781	43
4782	37
4783	34
4784	52
4785	42
4786	42
4787	50
4788	37
4789	47
4790	48
4791	40
4792	54
4793	53
4794	37
4795	53
4796	49
4797	41
4798	53
4799	38
4800	44
4801	40
4802	43
4803	44
4804	34
4805	35
4806	49
4807	43
4808	50
4809	39
4810	36
4811	41
4812	42
4813	37
4814	47
4815	54
4816	48
4817	49
4818	46
4819	36
4820	36
4821	52
4822	46
4823	57
4824	41
4825	48
4826	50
4827	50
4828	52
4829	52
4830	60
4831	67
4832	51
4833	55
4834	62
4835	84
4836	61
4837	76
4838	62
4839	61
4840	61
4841	54
4842	54
4843	53
4844	55
4845	52
4846	58
4847	36
4848	50
4849	45
4850	46
4851	53
4852	40
4853	49
4854	38
4855	38
4856	37
4857	60
4858	44
4859	50
4860	45
4861	44
4862	39
4863	44
4864	40
4865	37
4866	48
4867	53
4868	48
4869	35
4870	65
4871	27
4872	39
4873	42
4874	45
4875	39
4876	47
4877	34
4878	49
4879	40
4880	42
4881	38
4882	46
4883	39
4884	30
4885	42
4886	45
4887	44
4888	40
4889	37
4890	53
4891	41
4892	62
4893	56
4894	52
4895	49
4896	47
4897	36
4898	40
4899	41
4900	37
4901	43
4902	45
4903	48
4904	28
4905	42
4906	44
4907	45
4908	49
4909	51
4910	33
4911	42
4912	54
4913	46
4914	39
4915	47
4916	43
4917	54
4918	50
4919	36
4920	39
4921	40
4922	37
4923	44
4924	35
4925	41
4926	49
4927	47
4928	51
4929	32
4930	45
4931	49
4932	39
4933	40
4934	35
4935	45
4936	36
4937	56
4938	45
4939	43
4940	53
4941	40
4942	38
4943	42
4944	44
4945	42
4946	37
4947	40
4948	54
4949	32
4950	46
4951	47
4952	39
4953	50
4954	43
4955	51
4956	29
4957	39
4958	43
4959	43
4960	60
4961	39
4962	47
4963	49
4964	54
4965	42
4966	39
4967	30
4968	37
4969	35
4970	43
4971	50
4972	38
4973	49
4974	46
4975	40
4976	53
4977	39
4978	37
4979	42
4980	52
4981	35
4982	54
4983	48
4984	41
4985	33
4986	34
4987	39
4988	46
4989	41
4990	58
4991	51
4992	40
4993	48
4994	47
4995	49
4996	46
4997	49
4998	51
4999	36
5000	39
5001	43
5002	38
5003	39
5004	39
5005	37
5006	39
5007	35
5008	34
5009	46
5010	47
5011	48
5012	46
5013	46
5014	49
5015	47
5016	48
5017	40
5018	54
5019	48
5020	43
5021	46
5022	44
5023	49
5024	40
5025	47
5026	51
5027	43
5028	30
5029	42
5030	30
5031	36
5032	43
5033	36
5034	54
5035	39
5036	48
5037	44
5038	48
5039	41
5040	44
5041	34
5042	48
5043	42
5044	47
5045	55
5046	43
5047	34
5048	51
5049	46
5050	47
5051	37
5052	40
5053	44
5054	53
5055	49
5056	37
5057	36
5058	36
5059	44
5060	40
5061	38
5062	52
5063	34
5064	49
5065	46
5066	38
5067	43
5068	35
5069	49
5070	36
5071	36
5072	30
5073	39
5074	59
5075	42
5076	45
5077	63
5078	41
5079	38
5080	45
5081	46
5082	46
5083	47
5084	48
5085	48
5086	47
5087	53
5088	47
5089	40
5090	49
5091	52
5092	55
5093	53
5094	42
5095	48
5096	40
5097	50
5098	43
5099	41
5100	51
5101	43
5102	42
5103	43
5104	37
5105	38
5106	45
5107	44
5108	54
5109	45
5110	50
5111	44
5112	62
5113	70
5114	57
5115	84
5116	90
5117	125
5118	138
5119	182
5120	195
5121	222
5122	203
5123	227
5124	244
5125	173
5126	195
5127	157
5128	137
5129	115
5130	85
5131	73
5132	65
5133	58
5134	62
5135	44
5136	45
5137	39
5138	48
5139	36
5140	42
5141	31
5142	53
5143	45
5144	27
5145	49
5146	40
5147	46
5148	48
5149	47
5150	40
5151	33
5152	46
5153	44
5154	35
5155	33
5156	32
5157	42
5158	37
5159	37
5160	48
5161	44
5162	45
5163	39
5164	48
5165	44
5166	36
5167	36
5168	42
5169	48
5170	28
5171	39
5172	34
5173	40
5174	40
5175	30
5176	35
5177	34
5178	50
5179	36
5180	42
5181	31
5182	34
5183	35
5184	46
5185	46
5186	47
5187	45
5188	49
5189	36
5190	50
5191	42
5192	40
5193	43
5194	15
5195	41
5196	37
5197	41
5198	38
5199	35
5200	39
5201	43
5202	42
5203	34
5204	35
5205	46
5206	37
5207	51
5208	49
5209	41
5210	38
5211	38
5212	37
5213	45
5214	41
5215	43
5216	38
5217	46
5218	55
5219	49
5220	42
5221	46
5222	55
5223	43
5224	39
5225	42
5226	38
5227	41
5228	38
5229	33
5230	40
5231	34
5232	41
5233	36
5234	31
5235	39
5236	34
5237	38
5238	52
5239	41
5240	34
5241	40
5242	37
5243	40
5244	47
5245	42
5246	59
5247	46
5248	58
5249	49
5250	57
5251	59
5252	55
5253	60
5254	51
5255	52
5256	57
5257	44
5258	50
5259	48
5260	51
5261	55
5262	49
5263	36
5264	36
5265	46
5266	38
5267	48
5268	32
5269	37
5270	39
5271	44
5272	33
5273	33
5274	29
5275	40
5276	40
5277	48
5278	39
5279	40
5280	26
5281	33
5282	27
5283	39
5284	37
5285	41
5286	37
5287	36
5288	39
5289	41
5290	41
5291	49
5292	37
5293	41
5294	38
5295	39
5296	32
5297	35
5298	31
5299	39
5300	43
5301	37
5302	27
5303	43
5304	47
5305	47
5306	33
5307	45
5308	43
5309	33
5310	26
5311	38
5312	36
5313	38
5314	39
5315	31
5316	28
5317	37
5318	42
5319	34
5320	46
5321	42
5322	41
5323	39
5324	39
5325	47
5326	34
5327	58
5328	41
5329	34
5330	31
5331	45
5332	40
5333	37
5334	37
5335	43
5336	46
5337	39
5338	48
5339	38
5340	42
5341	55
5342	47
5343	53
5344	38
5345	43
5346	57
5347	52
5348	56
5349	53
5350	55
5351	50
5352	37
5353	36
5354	25
5355	39
5356	40
5357	40
5358	53
5359	39
5360	46
5361	32
5362	39
5363	39
5364	39
5365	44
5366	41
5367	43
5368	43
5369	41
5370	43
5371	40
5372	41
5373	43
5374	65
5375	37
5376	41
5377	38
5378	46
5379	35
5380	40
5381	30
5382	36
5383	38
5384	52
5385	35
5386	26
5387	42
5388	50
5389	41
5390	33
5391	32
5392	37
5393	35
5394	37
5395	46
5396	47
5397	24
5398	39
5399	39
5400	36
5401	40
5402	22
5403	35
5404	39
5405	52
5406	44
5407	41
5408	32
5409	51
5410	33
5411	37
5412	33
5413	32
5414	29
5415	40
5416	41
5417	47
5418	54
5419	59
5420	64
5421	62
5422	69
5423	80
5424	72
5425	62
5426	78
5427	66
5428	82
5429	64
5430	59
5431	42
5432	44
5433	45
5434	41
5435	38
5436	32
5437	36
5438	55
5439	65
5440	52
5441	78
5442	80
5443	89
5444	76
5445	95
5446	112
5447	150
5448	151
5449	135
5450	137
5451	131
5452	86
5453	98
5454	91
5455	73
5456	77
5457	66
5458	45
5459	41
5460	44
5461	48
5462	49
5463	40
5464	31
5465	31
5466	35
5467	33
5468	41
5469	44
5470	40
5471	26
5472	49
5473	30
5474	33
5475	37
5476	26
5477	23
5478	29
5479	24
5480	34
5481	29
5482	33
5483	27
5484	35
5485	40
5486	37
5487	27
5488	37
5489	41
5490	38
5491	41
5492	28
5493	39
5494	35
5495	31
5496	27
5497	27
5498	30
5499	44
5500	41
5501	37
5502	38
5503	26
5504	46
5505	35
5506	37
5507	40
5508	44
5509	43
5510	25
5511	39
5512	31
5513	40
5514	36
5515	35
5516	31
5517	37
5518	31
5519	29
5520	25
5521	38
5522	43
5523	30
5524	35
5525	33
5526	34
5527	34
5528	37
5529	37
5530	34
5531	49
5532	37
5533	32
5534	34
5535	26
5536	34
5537	33
5538	27
5539	26
5540	40
5541	33
5542	24
5543	44
5544	44
5545	31
5546	33
5547	29
5548	37
5549	40
5550	33
5551	24
5552	29
5553	40
5554	36
5555	27
5556	38
5557	50
5558	35
5559	40
5560	28
5561	20
5562	41
5563	35
5564	47
5565	37
5566	42
5567	40
5568	39
5569	45
5570	40
5571	41
5572	41
5573	43
5574	34
5575	34
5576	31
5577	39
5578	34
5579	32
5580	34
5581	32
5582	41
5583	37
5584	32
5585	31
5586	40
5587	41
5588	45
5589	38
5590	43
5591	42
5592	24
5593	45
5594	39
5595	31
5596	41
5597	40
5598	38
5599	32
5600	40
5601	34
5602	46
5603	27
5604	30
5605	36
5606	40
5607	40
5608	33
5609	35
5610	31
5611	32
5612	36
5613	31
5614	35
5615	40
5616	25
5617	34
5618	40
5619	32
5620	38
5621	27
5622	46
5623	50
5624	39
5625	39
5626	50
5627	47
5628	32
5629	37
5630	42
5631	43
5632	33
5633	44
5634	39
5635	49
5636	36
5637	46
5638	42
5639	39
5640	33
5641	43
5642	38
5643	37
5644	36
5645	35
5646	40
5647	38
5648	39
5649	29
5650	37
5651	38
5652	49
5653	30
5654	42
5655	31
5656	49
5657	45
5658	38
5659	31
5660	32
5661	21
5662	38
5663	29
5664	18
5665	39
5666	29
5667	37
5668	32
5669	31
5670	30
5671	32
5672	41
5673	43
5674	34
5675	37
5676	48
5677	35
5678	34
5679	29
5680	38
5681	32
5682	32
5683	39
5684	34
5685	31
5686	32
5687	36
5688	36
5689	32
5690	31
5691	45
5692	34
5693	32
5694	33
5695	40
5696	31
5697	28
5698	43
5699	26
5700	40
5701	43
5702	42
5703	36
5704	42
5705	31
5706	25
5707	33
5708	46
5709	44
5710	42
5711	33
5712	37
5713	44
5714	44
5715	31
5716	31
5717	38
5718	43
5719	33
5720	36
5721	30
5722	35
5723	31
5724	28
5725	28
5726	42
5727	42
5728	38
5729	31
5730	44
5731	28
5732	45
5733	38
5734	34
5735	43
5736	36
5737	39
5738	31
5739	31
5740	33
5741	41
5742	28
5743	27
5744	39
5745	41
5746	30
5747	31
5748	41
5749	32
5750	37
5751	31
5752	38
5753	48
5754	31
5755	44
5756	33
5757	50
5758	31
5759	47
5760	41
5761	28
5762	33
5763	45
5764	41
5765	40
5766	34
5767	31
5768	37
5769	35
5770	24
5771	34
5772	31
5773	25
5774	33
5775	27
5776	37
5777	38
5778	37
5779	35
5780	35
5781	37
5782	42
5783	32
5784	35
5785	38
5786	34
5787	33
5788	34
5789	36
5790	31
5791	32
5792	39
5793	35
5794	33
5795	28
5796	35
5797	37
5798	32
5799	39
5800	43
5801	26
5802	43
5803	32
5804	35
5805	43
5806	37
5807	51
5808	29
5809	38
5810	33
5811	34
5812	41
5813	33
5814	53
5815	38
5816	30
5817	33
5818	33
5819	42
5820	44
5821	32
5822	32
5823	34
5824	44
5825	33
5826	30
5827	42
5828	29
5829	39
5830	36
5831	32
5832	33
5833	39
5834	28
5835	35
5836	31
5837	43
5838	31
5839	37
5840	50
5841	46
5842	41
5843	41
5844	35
5845	40
5846	33
5847	40
5848	23
5849	33
5850	28
5851	36
5852	45
5853	42
5854	29
5855	41
5856	39
5857	34
5858	31
5859	34
5860	38
5861	27
5862	34
5863	29
5864	27
5865	33
5866	36
5867	37
5868	40
5869	33
5870	39
5871	40
5872	35
5873	29
5874	32
5875	25
5876	33
5877	41
5878	29
5879	30
5880	43
5881	39
5882	36
5883	31
5884	34
5885	44
5886	31
5887	43
5888	37
5889	42
5890	30
5891	37
5892	41
5893	37
5894	42
5895	32
5896	33
5897	32
5898	34
5899	34
5900	24
5901	28
5902	35
5903	40
5904	28
5905	40
5906	40
5907	32
5908	39
5909	32
5910	38
5911	43
5912	30
5913	35
5914	35
5915	37
5916	29
5917	47
5918	37
5919	41
5920	28
5921	21
5922	30
5923	53
5924	32
5925	31
5926	45
5927	25
5928	36
5929	44
5930	39
5931	31
5932	27
5933	29
5934	33
5935	34
5936	27
5937	37
5938	36
5939	29
5940	41
5941	38
5942	33
5943	40
5944	34
5945	34
5946	28
5947	32
5948	41
5949	34
5950	40
5951	30
5952	40
5953	31
5954	41
5955	37
5956	34
5957	47
5958	34
5959	26
5960	33
5961	33
5962	40
5963	36
5964	41
5965	26
5966	29
5967	37
5968	35
5969	39
5970	35
5971	35
5972	47
5973	32
5974	41
5975	34
5976	41
5977	21
5978	40
5979	37
5980	32
5981	30
5982	41
5983	46
5984	48
5985	41
5986	37
5987	31
5988	33
5989	37
5990	41
5991	35
5992	38
5993	37
5994	39
5995	31
5996	37
5997	33
5998	46
5999	37
6000	39
6001	35
6002	37
6003	26
6004	21
6005	34
6006	41
6007	32
6008	36
6009	36
6010	38
6011	34
6012	40
6013	40
6014	36
6015	27
6016	48
6017	28
6018	37
6019	38
6020	28
6021	32
6022	51
6023	36
6024	31
6025	30
6026	34
6027	47
6028	36
6029	43
6030	32
6031	35
6032	39
6033	33
6034	25
6035	29
6036	33
6037	27
6038	54
6039	38
6040	26
6041	36
6042	34
6043	43
6044	33
6045	34
6046	40
6047	35
6048	34
6049	45
6050	31
6051	35
6052	38
6053	32
6054	29
6055	36
6056	35
6057	40
6058	33
6059	31
6060	38
6061	40
6062	41
6063	36
6064	43
6065	45
6066	41
6067	44
6068	37
6069	39
6070	39
6071	46
6072	37
6073	24
6074	49
6075	37
6076	37
6077	31
6078	34
6079	27
6080	25
6081	30
6082	37
6083	31
6084	24
6085	29
6086	36
6087	34
6088	31
6089	33
6090	30
6091	41
6092	40
6093	31
6094	44
6095	42
6096	33
6097	31
6098	28
6099	37
6100	34
6101	33
6102	39
6103	39
6104	30
6105	35
6106	43
6107	35
6108	35
6109	48
6110	34
6111	32
6112	30
6113	34
6114	23
6115	22
6116	30
6117	21
6118	39
6119	28
6120	41
6121	32
6122	37
6123	31
6124	33
6125	26
6126	30
6127	44
6128	33
6129	28
6130	34
6131	28
6132	36
6133	39
6134	31
6135	36
6136	38
6137	30
6138	41
6139	37
6140	36
6141	37
6142	40
6143	38
6144	24
6145	31
6146	43
6147	38
6148	40
6149	33
6150	38
6151	37
6152	33
6153	42
6154	31
6155	40
6156	22
6157	42
6158	32
6159	42
6160	25
6161	28
6162	37
6163	27
6164	38
6165	29
6166	32
6167	28
6168	26
6169	25
6170	31
6171	29
6172	41
6173	41
6174	41
6175	37
6176	39
6177	32
6178	31
6179	40
6180	36
6181	34
6182	42
6183	30
6184	38
6185	39
6186	21
6187	36
6188	27
6189	30
6190	31
6191	47
6192	28
6193	27
6194	31
6195	30
6196	33
6197	22
6198	32
6199	32
6200	41
6201	43
6202	30
6203	31
6204	38
6205	35
6206	28
6207	29
6208	37
6209	33
6210	30
6211	33
6212	37
6213	22
6214	44
6215	41
6216	36
6217	25
6218	21
6219	40
6220	29
6221	47
6222	30
6223	42
6224	26
6225	36
6226	33
6227	40
6228	39
6229	38
6230	27
6231	32
6232	38
6233	29
6234	38
6235	40
6236	37
6237	34
6238	38
6239	34
6240	30
6241	33
6242	44
6243	42
6244	31
6245	40
6246	33
6247	32
6248	23
6249	44
6250	36
6251	37
6252	30
6253	35
6254	22
6255	34
6256	30
6257	38
6258	29
6259	21
6260	35
6261	35
6262	33
6263	24
6264	40
6265	38
6266	33
6267	40
6268	28
6269	37
6270	32
6271	41
6272	31
6273	33
6274	41
6275	33
6276	24
6277	33
6278	32
6279	37
6280	46
6281	35
6282	32
6283	37
6284	33
6285	39
6286	40
6287	37
6288	24
6289	44
6290	39
6291	46
6292	56
6293	49
6294	63
6295	69
6296	77
6297	84
6298	93
6299	104
6300	99
6301	120
6302	115
6303	95
6304	86
6305	93
6306	96
6307	90
6308	73
6309	54
6310	44
6311	32
6312	37
6313	41
6314	45
6315	44
6316	41
6317	30
6318	35
6319	46
6320	45
6321	38
6322	40
6323	36
6324	38
6325	38
6326	30
6327	37
6328	36
6329	31
6330	37
6331	33
6332	29
6333	28
6334	37
6335	33
6336	40
6337	35
6338	31
6339	41
6340	20
6341	32
6342	39
6343	33
6344	35
6345	37
6346	34
6347	22
6348	35
6349	25
6350	31
6351	25
6352	32
6353	35
6354	30
6355	34
6356	41
6357	28
6358	32
6359	48
6360	35
6361	33
6362	27
6363	36
6364	24
6365	39
6366	40
6367	30
6368	32
6369	31
6370	38
6371	42
6372	28
6373	32
6374	42
6375	27
6376	37
6377	38
6378	34
6379	37
6380	32
6381	36
6382	35
6383	36
6384	36
6385	29
6386	31
6387	40
6388	42
6389	30
6390	25
6391	31
6392	28
6393	26
6394	44
6395	35
6396	36
6397	24
6398	24
6399	24
6400	36
6401	39
6402	35
6403	35
6404	34
6405	24
6406	37
6407	29
6408	38
6409	31
6410	28
6411	23
6412	36
6413	34
6414	32
6415	31
6416	40
6417	30
6418	22
6419	35
6420	31
6421	35
6422	27
6423	39
6424	37
6425	28
6426	24
6427	41
6428	25
6429	27
6430	33
6431	29
6432	38
6433	28
6434	32
6435	26
6436	37
6437	33
6438	30
6439	26
6440	26
6441	41
6442	37
6443	25
6444	38
6445	22
6446	33
6447	34
6448	32
6449	26
6450	37
6451	27
6452	34
6453	33
6454	31
6455	32
6456	30
6457	37
6458	33
6459	29
6460	35
6461	29
6462	30
6463	31
6464	35
6465	33
6466	37
6467	20
6468	32
6469	29
6470	30
6471	34
6472	50
6473	25
6474	40
6475	36
6476	41
6477	40
6478	31
6479	33
6480	41
6481	25
6482	41
6483	37
6484	45
6485	39
6486	38
6487	43
6488	49
6489	38
6490	32
6491	33
6492	37
6493	33
6494	53
6495	37
6496	43
6497	38
6498	49
6499	37
6500	45
6501	45
6502	43
6503	36
6504	40
6505	37
6506	40
6507	36
6508	44
6509	38
6510	35
6511	39
6512	28
6513	32
6514	29
6515	29
6516	29
6517	28
6518	31
6519	37
6520	24
6521	43
6522	38
6523	31
6524	32
6525	35
6526	31
6527	32
6528	34
6529	33
6530	39
6531	36
6532	35
6533	29
6534	40
6535	26
6536	40
6537	35
6538	23
6539	33
6540	25
6541	24
6542	39
6543	30
6544	33
6545	38
6546	36
6547	38
6548	25
6549	31
6550	41
6551	44
6552	45
6553	33
6554	35
6555	34
6556	33
6557	35
6558	31
6559	37
6560	27
6561	28
6562	35
6563	46
6564	39
6565	25
6566	37
6567	33
6568	32
6569	46
6570	33
6571	29
6572	33
6573	29
6574	42
6575	40
6576	32
6577	35
6578	29
6579	43
6580	25
6581	37
6582	35
6583	43
6584	39
6585	28
6586	29
6587	23
6588	33
6589	36
6590	27
6591	50
6592	35
6593	50
6594	51
6595	25
6596	38
6597	29
6598	36
6599	38
6600	35
6601	49
6602	38
6603	41
6604	44
6605	28
6606	30
6607	37
6608	41
6609	34
6610	47
6611	25
6612	46
6613	36
6614	35
6615	37
6616	25
6617	30
6618	28
6619	26
6620	40
6621	34
6622	35
6623	25
6624	31
6625	27
6626	34
6627	29
6628	35
6629	36
6630	21
6631	34
6632	28
6633	29
6634	52
6635	44
6636	31
6637	30
6638	42
6639	39
6640	27
6641	45
6642	30
6643	25
6644	28
6645	36
6646	32
6647	38
6648	31
6649	46
6650	36
6651	34
6652	37
6653	28
6654	38
6655	38
6656	29
6657	32
6658	36
6659	33
6660	28
6661	32
6662	37
6663	27
6664	34
6665	25
6666	37
6667	35
6668	50
6669	28
6670	29
6671	47
6672	32
6673	26
6674	41
6675	33
6676	28
6677	35
6678	38
6679	27
6680	35
6681	31
6682	37
6683	31
6684	44
6685	28
6686	39
6687	51
6688	41
6689	42
6690	28
6691	42
6692	32
6693	33
6694	32
6695	30
6696	38
6697	33
6698	36
6699	30
6700	34
6701	21
6702	39
6703	33
6704	32
6705	37
6706	37
6707	38
6708	42
6709	36
6710	31
6711	25
6712	34
6713	28
6714	33
6715	40
6716	31
6717	27
6718	40
6719	28
6720	37
6721	29
6722	40
6723	40
6724	35
6725	37
6726	30
6727	49
6728	40
6729	38
6730	22
6731	30
6732	31
6733	39
6734	48
6735	34
6736	42
6737	32
6738	35
6739	27
6740	42
6741	41
6742	34
6743	46
6744	43
6745	30
6746	38
6747	35
6748	37
6749	37
6750	28
6751	36
6752	39
6753	37
6754	27
6755	33
6756	32
6757	32
6758	23
6759	25
6760	39
6761	31
6762	30
6763	26
6764	37
6765	41
6766	38
6767	46
6768	32
6769	46
6770	39
6771	36
6772	37
6773	38
6774	32
6775	39
6776	51
6777	37
6778	33
6779	38
6780	30
6781	35
6782	46
6783	22
6784	38
6785	39
6786	34
6787	38
6788	37
6789	43
6790	33
6791	41
6792	38
6793	32
6794	32
6795	36
6796	41
6797	32
6798	32
6799	41
6800	45
6801	30
6802	39
6803	39
6804	34
6805	29
6806	30
6807	29
6808	31
6809	29
6810	35
6811	37
6812	31
6813	39
6814	35
6815	32
6816	31
6817	41
6818	40
6819	50
6820	33
6821	33
6822	27
6823	31
6824	29
6825	25
6826	33
6827	29
6828	46
6829	38
6830	39
6831	34
6832	37
6833	39
6834	21
6835	34
6836	32
6837	33
6838	30
6839	36
6840	45
6841	37
6842	37
6843	35
6844	32
6845	40
6846	20
6847	39
6848	35
6849	35
6850	32
6851	29
6852	19
6853	35
6854	32
6855	33
6856	41
6857	44
6858	48
6859	43
6860	38
6861	34
6862	32
6863	33
6864	44
6865	46
6866	42
6867	27
6868	29
6869	35
6870	30
6871	52
6872	29
6873	36
6874	38
6875	37
6876	33
6877	39
6878	36
6879	34
6880	33
6881	33
6882	37
6883	38
6884	42
6885	41
6886	36
6887	38
6888	33
6889	32
6890	30
6891	40
6892	47
6893	29
6894	30
6895	25
6896	27
6897	41
6898	35
6899	29
6900	32
6901	37
6902	42
6903	42
6904	44
6905	28
6906	39
6907	37
6908	32
6909	33
6910	32
6911	25
6912	27
6913	37
6914	32
6915	30
6916	36
6917	44
6918	32
6919	24
6920	43
6921	35
6922	38
6923	31
6924	39
6925	37
6926	27
6927	34
6928	44
6929	35
6930	36
6931	37
6932	38
6933	30
6934	29
6935	42
6936	42
6937	34
6938	32
6939	24
6940	42
6941	37
6942	28
6943	30
6944	42
6945	40
6946	38
6947	34
6948	36
6949	34
6950	30
6951	32
6952	44
6953	31
6954	30
6955	39
6956	28
6957	31
6958	47
6959	45
6960	40
6961	50
6962	43
6963	51
6964	62
6965	48
6966	53
6967	63
6968	67
6969	70
6970	62
6971	72
6972	48
6973	54
6974	52
6975	43
6976	39
6977	36
6978	43
6979	45
6980	25
6981	44
6982	31
6983	36
6984	33
6985	35
6986	27
6987	29
6988	32
6989	35
6990	32
6991	28
6992	33
6993	36
6994	29
6995	29
6996	25
6997	35
6998	35
6999	35
7000	35
7001	31
7002	29
7003	24
7004	29
7005	29
7006	42
7007	28
7008	27
7009	32
7010	33
7011	30
7012	30
7013	28
7014	41
7015	47
7016	31
7017	36
7018	39
7019	28
7020	30
7021	25
7022	34
7023	30
7024	25
7025	28
7026	23
7027	39
7028	32
7029	31
7030	33
7031	31
7032	36
7033	25
7034	39
7035	28
7036	27
7037	25
7038	29
7039	31
7040	23
7041	25
7042	30
7043	27
7044	34
7045	21
7046	32
7047	26
7048	23
7049	32
7050	25
7051	24
7052	49
7053	45
7054	29
7055	28
7056	19
7057	23
7058	36
7059	33
7060	26
7061	28
7062	19
7063	29
7064	27
7065	24
7066	22
7067	27
7068	30
7069	27
7070	31
7071	20
7072	20
7073	30
7074	30
7075	29
7076	33
7077	30
7078	34
7079	27
7080	27
7081	21
7082	25
7083	27
7084	17
7085	27
7086	40
7087	22
7088	32
7089	23
7090	34
7091	20
7092	17
7093	33
7094	22
7095	19
7096	23
7097	29
7098	29
7099	22
7100	26
7101	25
7102	25
7103	36
7104	20
7105	20
7106	31
7107	27
7108	29
7109	34
7110	21
7111	26
7112	26
7113	29
7114	22
7115	31
7116	20
7117	20
7118	16
7119	17
7120	26
7121	28
7122	24
7123	24
7124	20
7125	19
7126	20
7127	32
7128	17
7129	27
7130	24
7131	17
7132	32
7133	32
7134	35
7135	37
7136	20
7137	25
7138	32
7139	17
7140	28
7141	23
7142	24
7143	26
7144	27
7145	35
7146	33
7147	26
7148	26
7149	20
7150	31
7151	23
7152	26
7153	30
7154	25
7155	26
7156	19
7157	26
7158	31
7159	20
7160	42
7161	44
7162	29
7163	22
7164	32
7165	18
7166	36
7167	26
7168	34
7169	30
7170	30
7171	20
7172	27
7173	29
7174	31
7175	18
7176	17
7177	39
7178	23
7179	37
7180	24
7181	17
7182	27
7183	33
7184	30
7185	22
7186	21
7187	27
7188	20
7189	30
7190	23
7191	34
7192	26
7193	30
7194	37
7195	27
7196	25
7197	16
7198	24
7199	19
7200	31
7201	30
7202	24
7203	40
7204	28
7205	29
7206	29
7207	39
7208	36
7209	28
7210	34
7211	37
7212	30
7213	30
7214	26
7215	23
7216	24
7217	31
7218	32
7219	33
7220	23
7221	23
7222	33
7223	22
7224	31
7225	22
7226	29
7227	24
7228	27
7229	23
7230	20
7231	29
7232	31
7233	26
7234	33
7235	29
7236	22
7237	13
7238	21
7239	20
7240	30
7241	18
7242	22
7243	28
7244	15
7245	26
7246	23
7247	17
7248	21
7249	20
7250	29
7251	21
7252	22
7253	25
7254	18
7255	36
7256	23
7257	24
7258	26
7259	13
7260	15
7261	26
7262	23
7263	25
7264	25
7265	16
7266	28
7267	36
7268	15
7269	34
7270	32
7271	22
7272	30
7273	27
7274	25
7275	25
7276	26
7277	22
7278	22
7279	24
7280	16
7281	18
7282	26
7283	26
7284	14
7285	24
7286	26
7287	28
7288	23
7289	22
7290	23
7291	16
7292	29
7293	21
7294	25
7295	27
7296	25
7297	25
7298	21
7299	17
7300	21
7301	26
7302	24
7303	27
7304	23
7305	23
7306	26
7307	25
7308	21
7309	32
7310	30
7311	11
7312	16
7313	18
7314	18
7315	24
7316	17
7317	25
7318	25
7319	16
7320	16
7321	20
7322	25
7323	19
7324	17
7325	30
7326	23
7327	35
7328	21
7329	16
7330	26
7331	23
7332	19
7333	31
7334	20
7335	28
7336	17
7337	20
7338	23
7339	21
7340	22
7341	25
7342	25
7343	26
7344	21
7345	28
7346	19
7347	22
7348	20
7349	23
7350	17
7351	16
7352	31
7353	22
7354	17
7355	25
7356	10
7357	31
7358	28
7359	18
7360	14
7361	19
7362	16
7363	34
7364	20
7365	20
7366	21
7367	9
7368	19
7369	9
7370	17
7371	20
7372	20
7373	19
7374	18
7375	23
7376	21
7377	21
7378	21
7379	23
7380	13
7381	18
7382	23
7383	21
7384	20
7385	22
7386	16
7387	21
7388	23
7389	25
7390	27
7391	20
7392	25
7393	24
7394	16
7395	23
7396	13
7397	22
7398	21
7399	20
7400	19
7401	23
7402	24
7403	17
7404	23
7405	21
7406	29
7407	19
7408	13
7409	29
7410	22
7411	11
7412	27
7413	28
7414	14
7415	24
7416	19
7417	18
7418	19
7419	20
7420	24
7421	18
7422	21
7423	16
7424	14
7425	15
7426	10
7427	21
7428	23
7429	23
7430	22
7431	19
7432	17
7433	19
7434	12
7435	20
7436	25
7437	18
7438	21
7439	26
7440	25
7441	15
7442	24
7443	19
7444	15
7445	18
7446	17
7447	25
7448	9
7449	19
7450	16
7451	23
7452	19
7453	18
7454	21
7455	19
7456	18
7457	15
7458	20
7459	18
7460	10
7461	17
7462	23
7463	28
7464	25
7465	15
7466	17
7467	25
7468	29
7469	16
7470	14
7471	22
7472	18
7473	20
7474	31
7475	17
7476	13
7477	23
7478	17
7479	17
7480	22
7481	12
7482	18
7483	15
7484	21
7485	18
7486	18
7487	23
7488	22
7489	19
7490	19
7491	18
7492	15
7493	20
7494	15
7495	22
7496	28
7497	13
7498	12
7499	22
7500	23
7501	27
7502	23
7503	17
7504	25
7505	22
7506	18
7507	20
7508	23
7509	22
7510	19
7511	18
7512	16
7513	24
7514	19
7515	23
7516	30
7517	18
7518	18
7519	19
7520	19
7521	9
7522	25
7523	15
7524	25
7525	16
7526	19
7527	17
7528	15
7529	24
7530	15
7531	22
7532	20
7533	16
7534	14
7535	19
7536	22
7537	11
7538	11
7539	11
7540	13
7541	27
7542	9
7543	17
7544	16
7545	24
7546	19
7547	15
7548	17
7549	19
7550	17
7551	20
7552	15
7553	20
7554	15
7555	18
7556	27
7557	13
7558	14
7559	28
7560	22
7561	18
7562	18
7563	22
7564	21
7565	11
7566	16
7567	27
7568	27
7569	22
7570	21
7571	23
7572	20
7573	17
7574	20
7575	20
7576	19
7577	16
7578	18
7579	21
7580	22
7581	16
7582	12
7583	25
7584	12
7585	15
7586	22
7587	16
7588	21
7589	19
7590	19
7591	19
7592	21
7593	16
7594	19
7595	16
7596	20
7597	21
7598	15
7599	17
7600	19
7601	15
7602	13
7603	24
7604	15
7605	18
7606	19
7607	17
7608	13
7609	25
7610	19
7611	16
7612	16
7613	18
7614	22
7615	20
7616	17
7617	21
7618	27
7619	14
7620	15
7621	22
7622	16
7623	20
7624	9
7625	13
7626	17
7627	19
7628	17
7629	18
7630	19
7631	21
7632	11
7633	20
7634	20
7635	20
7636	18
7637	14
7638	31
7639	15
7640	14
7641	25
7642	15
7643	14
7644	21
7645	11
7646	21
7647	16
7648	20
7649	18
7650	18
7651	13
7652	15
7653	21
7654	17
7655	16
7656	16
7657	18
7658	15
7659	13
7660	8
7661	15
7662	13
7663	18
7664	19
7665	19
7666	19
7667	14
7668	12
7669	18
7670	20
7671	18
7672	13
7673	16
7674	14
7675	16
7676	14
7677	16
7678	18
7679	17
7680	11
7681	10
7682	20
7683	18
7684	22
7685	14
7686	18
7687	15
7688	14
7689	16
7690	27
7691	17
7692	11
7693	11
7694	12
7695	16
7696	14
7697	16
7698	22
7699	14
7700	22
7701	17
7702	18
7703	15
7704	15
7705	14
7706	11
7707	15
7708	21
7709	19
7710	11
7711	12
7712	17
7713	20
7714	15
7715	12
7716	11
7717	16
7718	15
7719	20
7720	13
7721	16
7722	17
7723	13
7724	15
7725	21
7726	12
7727	11
7728	21
7729	18
7730	17
7731	19
7732	18
7733	17
7734	13
7735	20
7736	20
7737	16
7738	13
7739	13
7740	13
7741	11
7742	14
7743	23
7744	14
7745	14
7746	24
7747	22
7748	22
7749	33
7750	33
7751	25
7752	42
7753	40
7754	43
7755	38
7756	37
7757	39
7758	38
7759	14
7760	21
7761	23
7762	17
7763	13
7764	17
7765	22
7766	22
7767	19
7768	7
7769	19
7770	14
7771	7
7772	20
7773	10
7774	15
7775	17
7776	13
7777	13
7778	18
7779	14
7780	12
7781	19
7782	16
7783	18
7784	11
7785	20
7786	14
7787	17
7788	14
7789	13
7790	14
7791	14
7792	19
7793	18
7794	20
7795	21
7796	14
7797	23
7798	15
7799	11
7800	14
7801	17
7802	14
7803	12
7804	14
7805	18
7806	14
7807	20
7808	14
7809	10
7810	13
7811	11
7812	15
7813	12
7814	14
7815	12
7816	16
7817	16
7818	12
7819	16
7820	18
7821	12
7822	18
7823	20
7824	15
7825	14
7826	19
7827	14
7828	19
7829	7
7830	15
7831	8
7832	11
7833	15
7834	15
7835	16
7836	16
7837	9
7838	9
7839	11
7840	17
7841	18
7842	13
7843	14
7844	9
7845	24
7846	8
7847	25
7848	13
7849	12
7850	10
7851	20
7852	16
7853	15
7854	15
7855	9
7856	18
7857	19
7858	16
7859	17
7860	13
7861	10
7862	12
7863	20
7864	17
7865	14
7866	17
7867	17
7868	13
7869	14
7870	19
7871	20
7872	18
7873	10
7874	13
7875	12
7876	15
7877	14
7878	17
7879	22
7880	17
7881	15
7882	18
7883	19
7884	16
7885	17
7886	13
7887	15
7888	25
7889	22
7890	29
7891	16
7892	24
7893	25
7894	22
7895	21
7896	15
7897	18
7898	17
7899	15
7900	17
7901	17
7902	13
7903	19
7904	18
7905	15
7906	12
7907	15
7908	11
7909	16
7910	10
7911	10
7912	23
7913	16
7914	21
7915	15
7916	16
7917	17
7918	10
7919	17
7920	28
7921	27
7922	27
7923	21
7924	22
7925	18
7926	31
7927	23
7928	26
7929	23
7930	14
7931	14
7932	13
7933	27
7934	19
7935	21
7936	23
7937	14
7938	15
7939	16
7940	17
7941	15
7942	14
7943	20
7944	10
7945	10
7946	18
7947	14
7948	19
7949	19
7950	19
7951	18
7952	14
7953	9
7954	14
7955	17
7956	10
7957	21
7958	14
7959	16
7960	14
7961	10
7962	18
7963	21
7964	19
7965	16
7966	12
7967	20
7968	17
7969	14
7970	17
7971	15
7972	11
7973	12
7974	16
7975	18
7976	15
7977	17
7978	10
7979	12
7980	16
7981	12
7982	14
7983	14
7984	12
7985	13
7986	9
7987	21
7988	9
7989	11
7990	8
7991	13
7992	13
7993	10
7994	15
7995	12
7996	12
7997	15
7998	17
7999	14
8000	18
8001	19
8002	14
8003	12
8004	15
8005	13
8006	14
8007	8
8008	8
8009	16
8010	14
8011	11
8012	16
8013	14
8014	17
8015	15
8016	8
8017	14
8018	12
8019	15
8020	14
8021	10
8022	11
8023	13
8024	5
8025	17
8026	20
8027	15
8028	10
8029	12
8030	13
8031	12
8032	16
8033	14
8034	12
8035	15
8036	13
8037	9
8038	13
8039	15
8040	17
8041	12
8042	12
8043	15
8044	7
8045	18
8046	17
8047	11
8048	25
8049	18
8050	13
8051	21
8052	8
8053	20
8054	10
8055	19
8056	16
8057	9
8058	14
8059	9
8060	16
8061	9
8062	12
8063	16
8064	13
8065	17
8066	19
8067	14
8068	11
8069	17
8070	9
8071	11
8072	18
8073	16
8074	11
8075	12
8076	11
8077	18
8078	11
8079	14
8080	13
8081	11
8082	15
8083	12
8084	13
8085	11
8086	17
8087	14
8088	13
8089	15
8090	15
8091	11
8092	11
8093	19
8094	16
8095	9
8096	14
8097	14
8098	11
8099	18
8100	13
8101	14
8102	19
8103	14
8104	15
8105	9
8106	7
8107	0
8108	0
8109	0
8110	0
8111	0
8112	0
8113	0
8114	0
8115	0
8116	0
8117	0
8118	0
8119	0
8120	0
8121	0
8122	0
8123	0
8124	0
8125	0
8126	0
8127	0
8128	0
8129	0
8130	0
8131	0
8132	0
8133	0
8134	0
8135	0
8136	0
8137	0
8138	0
8139	0
8140	0
8141	0
8142	0
8143	0
8144	0
8145	0
8146	0
8147	0
8148	0
8149	0
8150	0
8151	0
8152	0
8153	0
8154	0
8155	0
8156	0
8157	0
8158	0
8159	0
8160	0
8161	0
8162	0
8163	0
8164	0
8165	0
8166	0
8167	0
8168	0
8169	0
8170	0
8171	0
8172	0
8173	0
8174	0
8175	0
8176	0
8177	0
8178	0
8179	0
8180	0
8181	0
8182	0
8183	0
8184	0
8185	0
8186	0
8187	0
8188	0
8189	0
8190	0
8191	0
