0	0
1	0
2	0
3	0
4	0
5	0
6	0
7	0
8	0
9	0
10	0
11	0
12	0
13	0
14	0
15	0
16	0
17	0
18	0
19	0
20	0
21	0
22	0
23	0
24	0
25	0
26	0
27	0
28	0
29	0
30	0
31	0
32	0
33	0
34	0
35	0
36	0
37	0
38	0
39	0
40	0
41	0
42	0
43	0
44	0
45	0
46	0
47	0
48	0
49	0
50	0
51	0
52	0
53	0
54	0
55	0
56	0
57	0
58	0
59	0
60	0
61	0
62	0
63	0
64	0
65	0
66	0
67	3
68	11
69	24
70	44
71	61
72	71
73	95
74	84
75	95
76	100
77	97
78	88
79	65
80	80
81	96
82	74
83	80
84	83
85	76
86	75
87	104
88	92
89	81
90	90
91	90
92	83
93	98
94	76
95	80
96	64
97	75
98	89
99	76
100	76
101	73
102	80
103	81
104	84
105	87
106	82
107	69
108	73
109	89
110	90
111	77
112	93
113	65
114	96
115	68
116	77
117	90
118	60
119	81
120	79
121	69
122	68
123	84
124	82
125	65
126	74
127	79
128	71
129	80
130	59
131	96
132	75
133	62
134	89
135	78
136	84
137	78
138	80
139	90
140	80
141	70
142	96
143	86
144	85
145	75
146	93
147	88
148	72
149	82
150	95
151	69
152	82
153	92
154	83
155	85
156	90
157	89
158	97
159	108
160	93
161	78
162	106
163	97
164	111
165	90
166	88
167	84
168	93
169	93
170	113
171	91
172	104
173	113
174	93
175	106
176	88
177	80
178	108
179	84
180	111
181	96
182	114
183	98
184	89
185	101
186	89
187	105
188	105
189	92
190	103
191	100
192	92
193	86
194	93
195	96
196	77
197	83
198	93
199	79
200	77
201	89
202	80
203	78
204	64
205	98
206	63
207	74
208	80
209	88
210	85
211	94
212	83
213	83
214	96
215	82
216	76
217	111
218	94
219	90
220	76
221	93
222	98
223	95
224	97
225	93
226	96
227	100
228	104
229	98
230	95
231	94
232	109
233	93
234	104
235	123
236	108
237	90
238	105
239	93
240	108
241	92
242	86
243	101
244	101
245	98
246	124
247	101
248	107
249	101
250	93
251	113
252	101
253	106
254	109
255	95
256	108
257	103
258	94
259	106
260	102
261	109
262	117
263	106
264	92
265	118
266	105
267	106
268	110
269	111
270	95
271	133
272	104
273	120
274	86
275	130
276	121
277	121
278	132
279	119
280	118
281	120
282	103
283	126
284	119
285	138
286	127
287	123
288	139
289	128
290	124
291	143
292	116
293	126
294	131
295	127
296	118
297	122
298	122
299	147
300	126
301	122
302	136
303	135
304	123
305	158
306	137
307	157
308	138
309	129
310	143
311	145
312	135
313	140
314	142
315	130
316	143
317	167
318	127
319	145
320	161
321	137
322	162
323	136
324	152
325	144
326	144
327	163
328	151
329	146
330	160
331	147
332	154
333	168
334	148
335	148
336	162
337	164
338	186
339	183
340	182
341	186
342	174
343	165
344	149
345	180
346	169
347	180
348	162
349	177
350	178
351	149
352	188
353	175
354	178
355	177
356	163
357	181
358	198
359	181
360	195
361	184
362	186
363	181
364	160
365	200
366	158
367	184
368	180
369	178
370	203
371	205
372	189
373	204
374	190
375	189
376	204
377	176
378	219
379	186
380	218
381	205
382	227
383	178
384	206
385	210
386	205
387	189
388	216
389	201
390	203
391	168
392	194
393	223
394	188
395	201
396	205
397	210
398	189
399	237
400	185
401	199
402	236
403	237
404	242
405	227
406	207
407	230
408	218
409	248
410	228
411	223
412	232
413	204
414	237
415	209
416	231
417	255
418	212
419	237
420	244
421	222
422	225
423	201
424	222
425	252
426	231
427	238
428	218
429	227
430	240
431	226
432	243
433	259
434	243
435	219
436	256
437	235
438	245
439	272
440	247
441	244
442	233
443	261
444	243
445	251
446	226
447	253
448	247
449	220
450	249
451	274
452	268
453	268
454	249
455	227
456	236
457	250
458	216
459	222
460	245
461	254
462	252
463	243
464	263
465	217
466	262
467	242
468	229
469	272
470	236
471	226
472	272
473	235
474	222
475	253
476	230
477	227
478	252
479	246
480	223
481	237
482	256
483	239
484	230
485	243
486	209
487	241
488	242
489	254
490	224
491	254
492	265
493	244
494	249
495	251
496	252
497	241
498	253
499	253
500	258
501	271
502	265
503	231
504	251
505	262
506	207
507	251
508	262
509	248
510	225
511	252
512	287
513	255
514	252
515	245
516	224
517	231
518	246
519	264
520	237
521	253
522	261
523	244
524	266
525	251
526	255
527	257
528	252
529	254
530	240
531	246
532	253
533	253
534	236
535	272
536	232
537	265
538	247
539	250
540	238
541	245
542	250
543	239
544	238
545	271
546	267
547	222
548	237
549	228
550	253
551	270
552	231
553	243
554	245
555	266
556	226
557	259
558	250
559	257
560	282
561	244
562	257
563	206
564	247
565	241
566	245
567	231
568	246
569	255
570	277
571	233
572	254
573	254
574	236
575	245
576	259
577	253
578	243
579	248
580	236
581	270
582	223
583	224
584	267
585	214
586	252
587	225
588	253
589	247
590	276
591	273
592	226
593	241
594	232
595	242
596	251
597	229
598	235
599	252
600	294
601	232
602	258
603	269
604	250
605	262
606	255
607	227
608	216
609	217
610	237
611	264
612	273
613	245
614	232
615	242
616	275
617	256
618	246
619	273
620	221
621	232
622	245
623	239
624	240
625	233
626	225
627	243
628	252
629	264
630	230
631	252
632	243
633	250
634	234
635	254
636	287
637	243
638	215
639	241
640	269
641	252
642	254
643	222
644	237
645	250
646	258
647	264
648	249
649	221
650	247
651	235
652	221
653	243
654	239
655	259
656	238
657	235
658	211
659	250
660	236
661	215
662	256
663	252
664	250
665	247
666	249
667	233
668	231
669	231
670	208
671	215
672	258
673	258
674	212
675	238
676	225
677	233
678	216
679	235
680	211
681	281
682	241
683	229
684	233
685	213
686	206
687	240
688	205
689	230
690	250
691	223
692	238
693	246
694	226
695	191
696	211
697	232
698	216
699	264
700	238
701	193
702	241
703	264
704	248
705	231
706	210
707	217
708	257
709	234
710	238
711	215
712	251
713	235
714	255
715	226
716	233
717	245
718	252
719	236
720	229
721	230
722	240
723	235
724	269
725	224
726	246
727	243
728	220
729	229
730	223
731	222
732	225
733	236
734	195
735	214
736	228
737	243
738	208
739	233
740	218
741	210
742	239
743	205
744	222
745	253
746	224
747	219
748	202
749	216
750	216
751	227
752	222
753	215
754	223
755	215
756	218
757	238
758	230
759	221
760	239
761	232
762	217
763	222
764	247
765	251
766	228
767	232
768	245
769	231
770	191
771	215
772	237
773	248
774	245
775	212
776	251
777	237
778	220
779	219
780	213
781	210
782	224
783	228
784	214
785	229
786	208
787	218
788	213
789	228
790	210
791	234
792	239
793	213
794	219
795	234
796	221
797	219
798	227
799	233
800	220
801	212
802	214
803	223
804	212
805	190
806	212
807	213
808	239
809	192
810	217
811	249
812	217
813	215
814	203
815	211
816	173
817	221
818	201
819	235
820	214
821	219
822	181
823	193
824	211
825	196
826	170
827	217
828	193
829	220
830	184
831	198
832	201
833	202
834	220
835	218
836	210
837	195
838	198
839	170
840	216
841	187
842	240
843	191
844	187
845	209
846	201
847	218
848	199
849	198
850	194
851	188
852	188
853	191
854	190
855	203
856	196
857	201
858	197
859	197
860	209
861	201
862	182
863	184
864	178
865	187
866	204
867	184
868	200
869	217
870	176
871	202
872	183
873	198
874	201
875	180
876	198
877	201
878	185
879	204
880	167
881	178
882	175
883	193
884	175
885	188
886	213
887	182
888	181
889	197
890	177
891	183
892	179
893	187
894	195
895	196
896	181
897	205
898	178
899	164
900	191
901	174
902	208
903	173
904	184
905	177
906	181
907	172
908	199
909	225
910	191
911	178
912	177
913	210
914	180
915	209
916	190
917	216
918	176
919	184
920	181
921	212
922	170
923	176
924	174
925	209
926	209
927	168
928	186
929	179
930	183
931	164
932	188
933	193
934	176
935	186
936	200
937	161
938	172
939	172
940	173
941	161
942	176
943	178
944	155
945	189
946	206
947	162
948	164
949	174
950	167
951	174
952	201
953	169
954	178
955	183
956	166
957	190
958	187
959	208
960	183
961	169
962	192
963	185
964	168
965	185
966	187
967	172
968	157
969	172
970	153
971	191
972	182
973	196
974	178
975	197
976	182
977	162
978	159
979	168
980	150
981	208
982	178
983	160
984	160
985	181
986	171
987	174
988	198
989	191
990	181
991	155
992	173
993	179
994	158
995	186
996	177
997	181
998	158
999	195
1000	169
1001	172
1002	159
1003	179
1004	166
1005	162
1006	159
1007	181
1008	173
1009	185
1010	153
1011	190
1012	175
1013	192
1014	185
1015	173
1016	173
1017	164
1018	177
1019	175
1020	156
1021	151
1022	171
1023	196
1024	207
1025	192
1026	163
1027	173
1028	166
1029	165
1030	162
1031	159
1032	177
1033	174
1034	169
1035	151
1036	179
1037	165
1038	161
1039	160
1040	180
1041	171
1042	181
1043	160
1044	168
1045	150
1046	176
1047	168
1048	163
1049	177
1050	180
1051	151
1052	181
1053	179
1054	162
1055	168
1056	175
1057	192
1058	155
1059	181
1060	163
1061	172
1062	164
1063	178
1064	169
1065	170
1066	178
1067	174
1068	161
1069	163
1070	173
1071	166
1072	162
1073	167
1074	139
1075	169
1076	168
1077	174
1078	181
1079	163
1080	154
1081	169
1082	182
1083	175
1084	167
1085	191
1086	151
1087	164
1088	157
1089	212
1090	169
1091	162
1092	158
1093	132
1094	162
1095	167
1096	164
1097	145
1098	163
1099	158
1100	185
1101	185
1102	166
1103	190
1104	157
1105	166
1106	182
1107	163
1108	174
1109	155
1110	192
1111	176
1112	178
1113	163
1114	178
1115	161
1116	175
1117	152
1118	153
1119	169
1120	162
1121	162
1122	194
1123	181
1124	167
1125	184
1126	151
1127	162
1128	180
1129	172
1130	176
1131	177
1132	180
1133	194
1134	154
1135	156
1136	179
1137	194
1138	180
1139	172
1140	167
1141	169
1142	177
1143	168
1144	178
1145	184
1146	152
1147	165
1148	171
1149	181
1150	193
1151	179
1152	177
1153	176
1154	171
1155	168
1156	172
1157	208
1158	175
1159	195
1160	192
1161	199
1162	160
1163	178
1164	161
1165	167
1166	175
1167	183
1168	191
1169	174
1170	164
1171	189
1172	174
1173	186
1174	162
1175	169
1176	178
1177	181
1178	173
1179	185
1180	164
1181	185
1182	190
1183	199
1184	186
1185	169
1186	177
1187	177
1188	171
1189	163
1190	175
1191	157
1192	184
1193	174
1194	200
1195	150
1196	193
1197	179
1198	183
1199	160
1200	180
1201	146
1202	184
1203	181
1204	166
1205	194
1206	167
1207	162
1208	173
1209	174
1210	183
1211	182
1212	178
1213	173
1214	181
1215	173
1216	177
1217	187
1218	141
1219	153
1220	174
1221	170
1222	175
1223	197
1224	173
1225	155
1226	182
1227	182
1228	182
1229	178
1230	178
1231	172
1232	172
1233	182
1234	203
1235	166
1236	144
1237	211
1238	209
1239	177
1240	175
1241	184
1242	170
1243	181
1244	163
1245	177
1246	177
1247	181
1248	157
1249	160
1250	146
1251	192
1252	178
1253	172
1254	160
1255	153
1256	176
1257	172
1258	174
1259	161
1260	172
1261	190
1262	189
1263	159
1264	162
1265	185
1266	155
1267	168
1268	154
1269	165
1270	155
1271	169
1272	139
1273	185
1274	155
1275	165
1276	149
1277	166
1278	170
1279	151
1280	171
1281	153
1282	158
1283	159
1284	169
1285	154
1286	184
1287	161
1288	166
1289	192
1290	175
1291	162
1292	166
1293	164
1294	162
1295	172
1296	159
1297	137
1298	152
1299	151
1300	161
1301	150
1302	172
1303	140
1304	159
1305	185
1306	170
1307	164
1308	154
1309	179
1310	163
1311	155
1312	149
1313	153
1314	167
1315	157
1316	148
1317	156
1318	159
1319	158
1320	155
1321	166
1322	165
1323	188
1324	140
1325	150
1326	153
1327	158
1328	148
1329	147
1330	148
1331	159
1332	143
1333	157
1334	148
1335	154
1336	153
1337	149
1338	153
1339	158
1340	135
1341	145
1342	147
1343	137
1344	151
1345	140
1346	147
1347	147
1348	143
1349	122
1350	141
1351	151
1352	145
1353	148
1354	111
1355	136
1356	144
1357	147
1358	167
1359	171
1360	149
1361	147
1362	127
1363	158
1364	133
1365	138
1366	139
1367	151
1368	154
1369	130
1370	142
1371	175
1372	143
1373	143
1374	155
1375	152
1376	159
1377	130
1378	125
1379	141
1380	139
1381	168
1382	127
1383	136
1384	151
1385	121
1386	142
1387	122
1388	130
1389	151
1390	124
1391	111
1392	126
1393	138
1394	142
1395	137
1396	118
1397	122
1398	135
1399	124
1400	120
1401	160
1402	124
1403	115
1404	140
1405	142
1406	127
1407	116
1408	132
1409	142
1410	120
1411	133
1412	141
1413	132
1414	133
1415	126
1416	132
1417	119
1418	113
1419	143
1420	126
1421	125
1422	129
1423	137
1424	127
1425	131
1426	136
1427	134
1428	114
1429	127
1430	102
1431	131
1432	124
1433	128
1434	119
1435	121
1436	139
1437	121
1438	141
1439	131
1440	122
1441	138
1442	126
1443	100
1444	113
1445	111
1446	123
1447	146
1448	113
1449	138
1450	122
1451	115
1452	114
1453	136
1454	110
1455	138
1456	117
1457	107
1458	139
1459	125
1460	126
1461	115
1462	126
1463	121
1464	126
1465	98
1466	131
1467	119
1468	111
1469	133
1470	102
1471	126
1472	108
1473	124
1474	108
1475	110
1476	128
1477	120
1478	134
1479	148
1480	99
1481	108
1482	130
1483	111
1484	120
1485	130
1486	118
1487	132
1488	114
1489	120
1490	103
1491	129
1492	110
1493	126
1494	125
1495	115
1496	119
1497	126
1498	127
1499	133
1500	98
1501	108
1502	126
1503	111
1504	113
1505	110
1506	102
1507	97
1508	116
1509	110
1510	112
1511	117
1512	123
1513	112
1514	130
1515	131
1516	102
1517	106
1518	96
1519	112
1520	127
1521	103
1522	91
1523	113
1524	102
1525	143
1526	127
1527	121
1528	125
1529	133
1530	99
1531	98
1532	127
1533	96
1534	108
1535	114
1536	112
1537	118
1538	108
1539	96
1540	94
1541	129
1542	116
1543	110
1544	116
1545	114
1546	129
1547	120
1548	107
1549	103
1550	115
1551	87
1552	107
1553	121
1554	97
1555	118
1556	124
1557	123
1558	114
1559	93
1560	108
1561	94
1562	110
1563	105
1564	103
1565	100
1566	111
1567	110
1568	96
1569	104
1570	105
1571	102
1572	96
1573	112
1574	110
1575	108
1576	121
1577	108
1578	113
1579	106
1580	108
1581	114
1582	103
1583	112
1584	139
1585	114
1586	119
1587	117
1588	95
1589	107
1590	93
1591	110
1592	122
1593	125
1594	115
1595	109
1596	118
1597	85
1598	104
1599	117
1600	122
1601	106
1602	100
1603	113
1604	115
1605	100
1606	100
1607	106
1608	102
1609	111
1610	112
1611	116
1612	93
1613	117
1614	84
1615	107
1616	106
1617	115
1618	104
1619	129
1620	94
1621	89
1622	95
1623	102
1624	84
1625	109
1626	111
1627	112
1628	88
1629	83
1630	113
1631	114
1632	79
1633	109
1634	121
1635	129
1636	88
1637	111
1638	105
1639	106
1640	118
1641	103
1642	117
1643	104
1644	85
1645	105
1646	103
1647	87
1648	98
1649	112
1650	99
1651	93
1652	119
1653	99
1654	98
1655	94
1656	98
1657	115
1658	105
1659	105
1660	110
1661	89
1662	112
1663	93
1664	106
1665	102
1666	110
1667	74
1668	109
1669	103
1670	115
1671	120
1672	98
1673	97
1674	109
1675	89
1676	106
1677	101
1678	108
1679	108
1680	88
1681	107
1682	83
1683	120
1684	102
1685	96
1686	83
1687	104
1688	105
1689	94
1690	94
1691	77
1692	83
1693	100
1694	97
1695	116
1696	96
1697	105
1698	87
1699	99
1700	105
1701	98
1702	87
1703	94
1704	96
1705	80
1706	93
1707	99
1708	97
1709	81
1710	99
1711	92
1712	83
1713	96
1714	92
1715	109
1716	94
1717	116
1718	86
1719	91
1720	85
1721	98
1722	91
1723	100
1724	84
1725	97
1726	106
1727	109
1728	96
1729	90
1730	106
1731	96
1732	109
1733	103
1734	85
1735	99
1736	96
1737	97
1738	86
1739	77
1740	100
1741	93
1742	86
1743	90
1744	91
1745	95
1746	82
1747	101
1748	96
1749	103
1750	101
1751	93
1752	97
1753	80
1754	96
1755	96
1756	92
1757	94
1758	80
1759	80
1760	113
1761	87
1762	96
1763	102
1764	97
1765	90
1766	101
1767	93
1768	86
1769	84
1770	86
1771	85
1772	103
1773	96
1774	85
1775	101
1776	85
1777	79
1778	72
1779	97
1780	108
1781	92
1782	106
1783	77
1784	88
1785	80
1786	84
1787	80
1788	88
1789	92
1790	77
1791	93
1792	103
1793	96
1794	82
1795	83
1796	91
1797	84
1798	75
1799	96
1800	80
1801	82
1802	85
1803	88
1804	93
1805	90
1806	103
1807	91
1808	95
1809	97
1810	98
1811	94
1812	85
1813	67
1814	84
1815	74
1816	77
1817	94
1818	73
1819	91
1820	81
1821	71
1822	93
1823	82
1824	84
1825	99
1826	88
1827	94
1828	87
1829	88
1830	82
1831	85
1832	84
1833	80
1834	83
1835	72
1836	93
1837	90
1838	83
1839	105
1840	84
1841	92
1842	83
1843	103
1844	78
1845	110
1846	96
1847	107
1848	108
1849	65
1850	96
1851	107
1852	93
1853	76
1854	88
1855	87
1856	87
1857	83
1858	79
1859	86
1860	102
1861	95
1862	81
1863	87
1864	97
1865	87
1866	90
1867	91
1868	84
1869	80
1870	97
1871	111
1872	89
1873	85
1874	80
1875	78
1876	87
1877	89
1878	81
1879	82
1880	90
1881	90
1882	84
1883	84
1884	96
1885	90
1886	79
1887	78
1888	94
1889	109
1890	84
1891	86
1892	90
1893	81
1894	95
1895	86
1896	88
1897	83
1898	89
1899	86
1900	78
1901	73
1902	94
1903	78
1904	76
1905	81
1906	61
1907	93
1908	87
1909	76
1910	88
1911	100
1912	80
1913	86
1914	97
1915	82
1916	68
1917	72
1918	75
1919	68
1920	102
1921	87
1922	69
1923	79
1924	84
1925	87
1926	84
1927	84
1928	62
1929	74
1930	80
1931	69
1932	95
1933	77
1934	81
1935	77
1936	75
1937	77
1938	75
1939	79
1940	78
1941	90
1942	73
1943	99
1944	71
1945	83
1946	81
1947	76
1948	85
1949	64
1950	68
1951	90
1952	78
1953	75
1954	82
1955	80
1956	64
1957	90
1958	70
1959	75
1960	92
1961	67
1962	61
1963	70
1964	79
1965	76
1966	75
1967	73
1968	76
1969	80
1970	63
1971	75
1972	76
1973	61
1974	75
1975	70
1976	77
1977	73
1978	63
1979	90
1980	81
1981	79
1982	77
1983	83
1984	62
1985	76
1986	70
1987	77
1988	72
1989	78
1990	77
1991	69
1992	75
1993	71
1994	77
1995	82
1996	90
1997	70
1998	70
1999	74
2000	87
2001	80
2002	66
2003	77
2004	88
2005	70
2006	74
2007	73
2008	85
2009	84
2010	61
2011	70
2012	65
2013	55
2014	87
2015	92
2016	68
2017	87
2018	68
2019	91
2020	78
2021	73
2022	73
2023	70
2024	54
2025	60
2026	71
2027	66
2028	71
2029	64
2030	67
2031	81
2032	65
2033	72
2034	71
2035	76
2036	69
2037	66
2038	67
2039	82
2040	71
2041	79
2042	57
2043	79
2044	68
2045	60
2046	74
2047	64
2048	53
2049	60
2050	70
2051	80
2052	55
2053	74
2054	66
2055	68
2056	65
2057	58
2058	73
2059	81
2060	65
2061	64
2062	64
2063	69
2064	81
2065	73
2066	68
2067	59
2068	73
2069	59
2070	75
2071	69
2072	63
2073	75
2074	76
2075	61
2076	81
2077	66
2078	64
2079	72
2080	67
2081	76
2082	72
2083	65
2084	86
2085	63
2086	73
2087	66
2088	55
2089	64
2090	67
2091	64
2092	66
2093	72
2094	70
2095	67
2096	64
2097	59
2098	74
2099	75
2100	75
2101	70
2102	58
2103	75
2104	54
2105	72
2106	68
2107	58
2108	69
2109	60
2110	75
2111	56
2112	63
2113	76
2114	71
2115	88
2116	58
2117	68
2118	74
2119	58
2120	58
2121	67
2122	59
2123	75
2124	74
2125	71
2126	64
2127	72
2128	52
2129	62
2130	68
2131	63
2132	59
2133	59
2134	65
2135	71
2136	80
2137	53
2138	61
2139	70
2140	76
2141	65
2142	65
2143	55
2144	60
2145	68
2146	73
2147	57
2148	76
2149	63
2150	54
2151	73
2152	70
2153	67
2154	73
2155	73
2156	64
2157	61
2158	60
2159	68
2160	61
2161	56
2162	62
2163	61
2164	71
2165	68
2166	75
2167	71
2168	54
2169	74
2170	66
2171	62
2172	66
2173	62
2174	60
2175	86
2176	67
2177	48
2178	70
2179	77
2180	61
2181	62
2182	60
2183	65
2184	54
2185	61
2186	77
2187	66
2188	70
2189	71
2190	65
2191	69
2192	55
2193	59
2194	62
2195	72
2196	72
2197	74
2198	80
2199	56
2200	67
2201	53
2202	61
2203	59
2204	69
2205	55
2206	70
2207	67
2208	49
2209	68
2210	51
2211	69
2212	70
2213	70
2214	60
2215	62
2216	76
2217	62
2218	61
2219	58
2220	64
2221	69
2222	72
2223	64
2224	49
2225	60
2226	61
2227	54
2228	60
2229	61
2230	75
2231	59
2232	66
2233	56
2234	75
2235	59
2236	58
2237	74
2238	72
2239	55
2240	63
2241	52
2242	59
2243	67
2244	46
2245	57
2246	71
2247	74
2248	54
2249	65
2250	61
2251	53
2252	45
2253	68
2254	56
2255	72
2256	63
2257	44
2258	62
2259	54
2260	67
2261	54
2262	55
2263	59
2264	64
2265	67
2266	70
2267	68
2268	59
2269	75
2270	54
2271	50
2272	55
2273	66
2274	59
2275	47
2276	42
2277	58
2278	79
2279	64
2280	82
2281	45
2282	58
2283	50
2284	54
2285	71
2286	56
2287	59
2288	51
2289	45
2290	58
2291	79
2292	68
2293	65
2294	64
2295	70
2296	65
2297	76
2298	57
2299	49
2300	74
2301	59
2302	56
2303	71
2304	70
2305	63
2306	57
2307	70
2308	57
2309	50
2310	45
2311	57
2312	59
2313	41
2314	53
2315	60
2316	54
2317	55
2318	66
2319	53
2320	62
2321	57
2322	52
2323	77
2324	56
2325	60
2326	67
2327	60
2328	48
2329	64
2330	60
2331	68
2332	66
2333	64
2334	62
2335	56
2336	50
2337	50
2338	43
2339	60
2340	58
2341	58
2342	56
2343	62
2344	60
2345	54
2346	64
2347	64
2348	56
2349	58
2350	63
2351	51
2352	65
2353	67
2354	58
2355	58
2356	48
2357	78
2358	63
2359	59
2360	55
2361	64
2362	56
2363	68
2364	40
2365	58
2366	56
2367	52
2368	61
2369	63
2370	50
2371	48
2372	67
2373	55
2374	55
2375	55
2376	57
2377	56
2378	60
2379	51
2380	58
2381	56
2382	58
2383	73
2384	53
2385	53
2386	59
2387	56
2388	62
2389	51
2390	58
2391	60
2392	57
2393	56
2394	55
2395	46
2396	66
2397	59
2398	62
2399	66
2400	47
2401	56
2402	62
2403	53
2404	49
2405	48
2406	62
2407	63
2408	62
2409	47
2410	65
2411	50
2412	61
2413	50
2414	61
2415	65
2416	63
2417	67
2418	74
2419	49
2420	55
2421	54
2422	70
2423	66
2424	55
2425	55
2426	52
2427	64
2428	55
2429	53
2430	48
2431	58
2432	61
2433	50
2434	55
2435	57
2436	47
2437	55
2438	45
2439	61
2440	56
2441	51
2442	47
2443	66
2444	59
2445	58
2446	67
2447	61
2448	59
2449	55
2450	47
2451	39
2452	55
2453	63
2454	52
2455	65
2456	67
2457	62
2458	65
2459	68
2460	58
2461	63
2462	40
2463	61
2464	50
2465	56
2466	61
2467	51
2468	54
2469	44
2470	50
2471	46
2472	52
2473	44
2474	65
2475	45
2476	50
2477	69
2478	48
2479	60
2480	52
2481	76
2482	50
2483	48
2484	53
2485	61
2486	63
2487	73
2488	51
2489	54
2490	60
2491	70
2492	57
2493	65
2494	73
2495	59
2496	42
2497	70
2498	64
2499	52
2500	43
2501	55
2502	50
2503	49
2504	51
2505	53
2506	47
2507	62
2508	53
2509	49
2510	62
2511	65
2512	47
2513	49
2514	60
2515	60
2516	55
2517	62
2518	68
2519	52
2520	51
2521	58
2522	54
2523	44
2524	60
2525	61
2526	61
2527	47
2528	63
2529	55
2530	53
2531	57
2532	67
2533	63
2534	53
2535	54
2536	59
2537	50
2538	54
2539	49
2540	65
2541	51
2542	47
2543	48
2544	62
2545	51
2546	66
2547	51
2548	47
2549	54
2550	59
2551	50
2552	49
2553	52
2554	52
2555	50
2556	46
2557	52
2558	47
2559	56
2560	54
2561	58
2562	77
2563	51
2564	45
2565	46
2566	49
2567	62
2568	54
2569	53
2570	44
2571	46
2572	54
2573	58
2574	61
2575	53
2576	46
2577	62
2578	57
2579	44
2580	45
2581	55
2582	53
2583	64
2584	48
2585	60
2586	59
2587	43
2588	53
2589	54
2590	55
2591	48
2592	61
2593	64
2594	51
2595	44
2596	49
2597	54
2598	53
2599	43
2600	45
2601	52
2602	52
2603	66
2604	52
2605	44
2606	67
2607	40
2608	58
2609	61
2610	41
2611	53
2612	67
2613	61
2614	55
2615	49
2616	47
2617	53
2618	44
2619	43
2620	44
2621	53
2622	54
2623	52
2624	59
2625	59
2626	55
2627	41
2628	53
2629	48
2630	60
2631	48
2632	44
2633	62
2634	58
2635	52
2636	58
2637	47
2638	46
2639	53
2640	54
2641	53
2642	52
2643	53
2644	52
2645	55
2646	52
2647	48
2648	55
2649	67
2650	53
2651	60
2652	57
2653	52
2654	50
2655	60
2656	49
2657	52
2658	49
2659	57
2660	66
2661	60
2662	49
2663	66
2664	38
2665	57
2666	49
2667	57
2668	44
2669	60
2670	50
2671	53
2672	49
2673	50
2674	50
2675	51
2676	58
2677	68
2678	55
2679	50
2680	58
2681	58
2682	53
2683	56
2684	47
2685	46
2686	55
2687	60
2688	56
2689	60
2690	69
2691	50
2692	60
2693	52
2694	42
2695	58
2696	56
2697	44
2698	40
2699	54
2700	50
2701	56
2702	50
2703	47
2704	48
2705	47
2706	47
2707	55
2708	41
2709	54
2710	51
2711	41
2712	52
2713	62
2714	56
2715	50
2716	50
2717	36
2718	53
2719	58
2720	49
2721	57
2722	48
2723	44
2724	51
2725	58
2726	47
2727	46
2728	52
2729	46
2730	34
2731	55
2732	42
2733	37
2734	50
2735	47
2736	43
2737	64
2738	56
2739	41
2740	55
2741	55
2742	58
2743	42
2744	49
2745	53
2746	55
2747	57
2748	55
2749	58
2750	39
2751	53
2752	49
2753	51
2754	40
2755	49
2756	68
2757	56
2758	57
2759	40
2760	41
2761	46
2762	43
2763	48
2764	49
2765	51
2766	53
2767	52
2768	53
2769	32
2770	53
2771	66
2772	51
2773	41
2774	49
2775	60
2776	48
2777	53
2778	50
2779	51
2780	51
2781	54
2782	48
2783	47
2784	52
2785	56
2786	52
2787	51
2788	50
2789	40
2790	60
2791	59
2792	50
2793	44
2794	62
2795	45
2796	49
2797	56
2798	51
2799	59
2800	68
2801	60
2802	56
2803	58
2804	56
2805	48
2806	61
2807	49
2808	46
2809	42
2810	41
2811	59
2812	45
2813	48
2814	53
2815	49
2816	44
2817	40
2818	55
2819	53
2820	54
2821	42
2822	54
2823	41
2824	68
2825	48
2826	39
2827	33
2828	53
2829	59
2830	57
2831	45
2832	39
2833	47
2834	46
2835	48
2836	50
2837	50
2838	39
2839	40
2840	46
2841	61
2842	55
2843	40
2844	53
2845	58
2846	51
2847	48
2848	43
2849	54
2850	36
2851	42
2852	40
2853	57
2854	58
2855	38
2856	52
2857	54
2858	45
2859	47
2860	53
2861	47
2862	62
2863	47
2864	35
2865	44
2866	59
2867	49
2868	49
2869	65
2870	50
2871	39
2872	46
2873	54
2874	54
2875	43
2876	47
2877	64
2878	63
2879	52
2880	53
2881	54
2882	55
2883	41
2884	43
2885	58
2886	59
2887	42
2888	46
2889	54
2890	50
2891	57
2892	40
2893	40
2894	62
2895	41
2896	46
2897	37
2898	41
2899	46
2900	50
2901	45
2902	46
2903	56
2904	44
2905	42
2906	64
2907	46
2908	46
2909	58
2910	48
2911	42
2912	49
2913	41
2914	52
2915	55
2916	48
2917	59
2918	55
2919	48
2920	34
2921	51
2922	48
2923	53
2924	51
2925	51
2926	57
2927	48
2928	44
2929	55
2930	61
2931	54
2932	65
2933	44
2934	49
2935	56
2936	48
2937	40
2938	59
2939	52
2940	40
2941	48
2942	52
2943	55
2944	54
2945	50
2946	43
2947	48
2948	44
2949	42
2950	49
2951	46
2952	39
2953	49
2954	50
2955	54
2956	45
2957	46
2958	39
2959	56
2960	59
2961	44
2962	44
2963	39
2964	40
2965	46
2966	48
2967	55
2968	53
2969	64
2970	53
2971	43
2972	48
2973	53
2974	44
2975	41
2976	48
2977	44
2978	48
2979	52
2980	58
2981	48
2982	52
2983	62
2984	54
2985	47
2986	45
2987	47
2988	40
2989	46
2990	43
2991	60
2992	48
2993	43
2994	59
2995	41
2996	43
2997	47
2998	52
2999	51
3000	42
3001	45
3002	48
3003	42
3004	41
3005	37
3006	51
3007	51
3008	42
3009	47
3010	49
3011	43
3012	52
3013	42
3014	43
3015	47
3016	30
3017	44
3018	47
3019	48
3020	51
3021	50
3022	50
3023	53
3024	52
3025	49
3026	41
3027	51
3028	55
3029	41
3030	65
3031	47
3032	50
3033	51
3034	46
3035	39
3036	48
3037	53
3038	50
3039	43
3040	54
3041	41
3042	53
3043	45
3044	55
3045	36
3046	56
3047	41
3048	33
3049	48
3050	38
3051	48
3052	51
3053	54
3054	52
3055	39
3056	43
3057	43
3058	50
3059	46
3060	51
3061	39
3062	46
3063	40
3064	52
3065	58
3066	52
3067	52
3068	46
3069	41
3070	53
3071	45
3072	39
3073	37
3074	40
3075	49
3076	48
3077	47
3078	41
3079	44
3080	46
3081	47
3082	46
3083	48
3084	48
3085	48
3086	55
3087	53
3088	49
3089	60
3090	45
3091	48
3092	56
3093	49
3094	62
3095	65
3096	50
3097	59
3098	51
3099	33
3100	51
3101	52
3102	54
3103	45
3104	42
3105	47
3106	47
3107	50
3108	45
3109	52
3110	50
3111	43
3112	59
3113	52
3114	43
3115	51
3116	59
3117	50
3118	43
3119	39
3120	61
3121	47
3122	52
3123	46
3124	46
3125	49
3126	55
3127	45
3128	44
3129	51
3130	44
3131	52
3132	49
3133	49
3134	52
3135	54
3136	54
3137	49
3138	40
3139	58
3140	49
3141	35
3142	58
3143	64
3144	54
3145	48
3146	44
3147	44
3148	68
3149	54
3150	58
3151	46
3152	44
3153	43
3154	51
3155	65
3156	59
3157	55
3158	53
3159	54
3160	41
3161	44
3162	57
3163	54
3164	46
3165	46
3166	49
3167	54
3168	51
3169	55
3170	33
3171	55
3172	47
3173	59
3174	58
3175	50
3176	50
3177	50
3178	50
3179	50
3180	45
3181	47
3182	45
3183	40
3184	59
3185	46
3186	42
3187	53
3188	57
3189	48
3190	58
3191	43
3192	47
3193	44
3194	51
3195	39
3196	65
3197	44
3198	46
3199	40
3200	50
3201	62
3202	58
3203	53
3204	63
3205	41
3206	56
3207	43
3208	48
3209	41
3210	53
3211	65
3212	41
3213	53
3214	66
3215	56
3216	53
3217	59
3218	49
3219	45
3220	58
3221	52
3222	50
3223	50
3224	55
3225	42
3226	47
3227	32
3228	67
3229	54
3230	49
3231	46
3232	48
3233	53
3234	36
3235	42
3236	57
3237	45
3238	51
3239	53
3240	43
3241	49
3242	53
3243	39
3244	41
3245	50
3246	56
3247	34
3248	44
3249	38
3250	56
3251	45
3252	54
3253	49
3254	53
3255	51
3256	46
3257	47
3258	67
3259	49
3260	39
3261	46
3262	53
3263	48
3264	50
3265	39
3266	47
3267	42
3268	48
3269	57
3270	54
3271	43
3272	45
3273	46
3274	49
3275	54
3276	49
3277	46
3278	46
3279	35
3280	46
3281	41
3282	52
3283	51
3284	52
3285	53
3286	33
3287	45
3288	47
3289	41
3290	46
3291	61
3292	44
3293	44
3294	47
3295	52
3296	46
3297	47
3298	42
3299	41
3300	44
3301	53
3302	46
3303	51
3304	38
3305	51
3306	44
3307	43
3308	41
3309	51
3310	47
3311	57
3312	42
3313	57
3314	52
3315	37
3316	46
3317	42
3318	45
3319	42
3320	45
3321	32
3322	62
3323	56
3324	53
3325	38
3326	39
3327	43
3328	36
3329	40
3330	53
3331	39
3332	31
3333	32
3334	41
3335	48
3336	53
3337	44
3338	44
3339	38
3340	46
3341	38
3342	42
3343	56
3344	41
3345	42
3346	44
3347	38
3348	38
3349	45
3350	44
3351	45
3352	44
3353	46
3354	42
3355	44
3356	39
3357	39
3358	59
3359	55
3360	53
3361	44
3362	42
3363	43
3364	43
3365	51
3366	42
3367	40
3368	40
3369	49
3370	46
3371	31
3372	46
3373	44
3374	40
3375	44
3376	49
3377	33
3378	36
3379	46
3380	52
3381	63
3382	56
3383	44
3384	47
3385	50
3386	49
3387	46
3388	39
3389	42
3390	54
3391	48
3392	38
3393	38
3394	44
3395	40
3396	35
3397	33
3398	37
3399	48
3400	48
3401	40
3402	43
3403	59
3404	43
3405	38
3406	39
3407	52
3408	41
3409	36
3410	42
3411	37
3412	45
3413	43
3414	33
3415	43
3416	37
3417	48
3418	53
3419	43
3420	46
3421	52
3422	41
3423	44
3424	36
3425	59
3426	65
3427	34
3428	53
3429	61
3430	37
3431	42
3432	57
3433	55
3434	34
3435	48
3436	47
3437	42
3438	36
3439	43
3440	51
3441	36
3442	56
3443	58
3444	48
3445	54
3446	45
3447	42
3448	51
3449	36
3450	39
3451	47
3452	35
3453	51
3454	38
3455	46
3456	50
3457	38
3458	40
3459	52
3460	54
3461	42
3462	38
3463	39
3464	33
3465	49
3466	63
3467	44
3468	45
3469	37
3470	41
3471	47
3472	54
3473	44
3474	46
3475	33
3476	43
3477	36
3478	40
3479	36
3480	57
3481	36
3482	51
3483	41
3484	33
3485	47
3486	37
3487	37
3488	48
3489	47
3490	42
3491	41
3492	36
3493	48
3494	46
3495	48
3496	43
3497	38
3498	34
3499	41
3500	45
3501	49
3502	44
3503	35
3504	40
3505	46
3506	42
3507	41
3508	36
3509	48
3510	42
3511	53
3512	56
3513	35
3514	49
3515	37
3516	46
3517	41
3518	42
3519	42
3520	39
3521	52
3522	47
3523	30
3524	50
3525	44
3526	51
3527	44
3528	29
3529	32
3530	53
3531	42
3532	38
3533	46
3534	52
3535	50
3536	44
3537	46
3538	44
3539	44
3540	57
3541	51
3542	53
3543	43
3544	61
3545	56
3546	47
3547	40
3548	46
3549	46
3550	38
3551	44
3552	43
3553	42
3554	43
3555	40
3556	54
3557	59
3558	38
3559	43
3560	38
3561	45
3562	46
3563	34
3564	42
3565	52
3566	38
3567	46
3568	50
3569	45
3570	55
3571	56
3572	51
3573	38
3574	43
3575	31
3576	30
3577	41
3578	44
3579	46
3580	40
3581	39
3582	44
3583	58
3584	41
3585	38
3586	41
3587	53
3588	47
3589	44
3590	52
3591	39
3592	47
3593	42
3594	44
3595	42
3596	43
3597	45
3598	41
3599	38
3600	47
3601	49
3602	43
3603	49
3604	46
3605	52
3606	48
3607	45
3608	33
3609	32
3610	68
3611	30
3612	42
3613	38
3614	37
3615	47
3616	47
3617	38
3618	54
3619	43
3620	44
3621	50
3622	39
3623	41
3624	29
3625	44
3626	41
3627	47
3628	36
3629	39
3630	41
3631	35
3632	45
3633	47
3634	45
3635	49
3636	35
3637	52
3638	37
3639	37
3640	44
3641	34
3642	48
3643	42
3644	40
3645	56
3646	51
3647	45
3648	49
3649	42
3650	46
3651	32
3652	54
3653	45
3654	40
3655	47
3656	57
3657	41
3658	41
3659	45
3660	45
3661	35
3662	57
3663	45
3664	38
3665	46
3666	52
3667	34
3668	41
3669	43
3670	29
3671	47
3672	46
3673	41
3674	37
3675	46
3676	36
3677	39
3678	45
3679	40
3680	34
3681	37
3682	51
3683	47
3684	46
3685	34
3686	36
3687	54
3688	42
3689	39
3690	46
3691	43
3692	53
3693	44
3694	41
3695	53
3696	40
3697	41
3698	49
3699	36
3700	44
3701	41
3702	32
3703	63
3704	47
3705	37
3706	49
3707	31
3708	50
3709	44
3710	49
3711	34
3712	43
3713	50
3714	38
3715	35
3716	51
3717	42
3718	39
3719	48
3720	34
3721	54
3722	38
3723	41
3724	46
3725	52
3726	38
3727	47
3728	38
3729	36
3730	48
3731	41
3732	38
3733	36
3734	42
3735	50
3736	41
3737	51
3738	45
3739	45
3740	37
3741	46
3742	44
3743	41
3744	40
3745	45
3746	36
3747	43
3748	44
3749	40
3750	52
3751	31
3752	45
3753	49
3754	39
3755	53
3756	41
3757	50
3758	51
3759	49
3760	43
3761	42
3762	42
3763	49
3764	40
3765	57
3766	36
3767	47
3768	35
3769	37
3770	35
3771	39
3772	27
3773	42
3774	38
3775	44
3776	42
3777	46
3778	41
3779	39
3780	54
3781	46
3782	38
3783	43
3784	35
3785	43
3786	42
3787	35
3788	49
3789	46
3790	36
3791	35
3792	41
3793	46
3794	56
3795	43
3796	45
3797	41
3798	49
3799	69
3800	40
3801	47
3802	37
3803	49
3804	38
3805	42
3806	39
3807	37
3808	42
3809	38
3810	29
3811	50
3812	50
3813	43
3814	55
3815	38
3816	39
3817	46
3818	32
3819	38
3820	48
3821	46
3822	44
3823	48
3824	45
3825	43
3826	40
3827	39
3828	39
3829	44
3830	39
3831	42
3832	40
3833	57
3834	48
3835	48
3836	41
3837	38
3838	49
3839	51
3840	41
3841	39
3842	49
3843	58
3844	29
3845	40
3846	35
3847	34
3848	31
3849	48
3850	49
3851	43
3852	53
3853	43
3854	46
3855	57
3856	54
3857	40
3858	38
3859	40
3860	40
3861	47
3862	39
3863	42
3864	44
3865	50
3866	38
3867	56
3868	45
3869	37
3870	27
3871	31
3872	34
3873	52
3874	55
3875	47
3876	50
3877	46
3878	40
3879	49
3880	45
3881	39
3882	44
3883	41
3884	52
3885	34
3886	30
3887	42
3888	54
3889	36
3890	39
3891	48
3892	43
3893	33
3894	55
3895	31
3896	48
3897	52
3898	35
3899	42
3900	45
3901	48
3902	40
3903	36
3904	47
3905	53
3906	56
3907	38
3908	45
3909	32
3910	36
3911	42
3912	42
3913	32
3914	50
3915	55
3916	60
3917	54
3918	49
3919	38
3920	51
3921	45
3922	36
3923	38
3924	58
3925	45
3926	50
3927	44
3928	36
3929	49
3930	52
3931	28
3932	44
3933	44
3934	48
3935	47
3936	42
3937	35
3938	48
3939	46
3940	47
3941	42
3942	40
3943	47
3944	34
3945	45
3946	38
3947	40
3948	47
3949	39
3950	41
3951	39
3952	33
3953	26
3954	37
3955	36
3956	38
3957	38
3958	42
3959	44
3960	44
3961	45
3962	56
3963	43
3964	32
3965	40
3966	37
3967	43
3968	40
3969	57
3970	47
3971	48
3972	34
3973	41
3974	44
3975	54
3976	53
3977	39
3978	41
3979	51
3980	40
3981	40
3982	45
3983	43
3984	38
3985	45
3986	41
3987	45
3988	56
3989	43
3990	38
3991	52
3992	39
3993	39
3994	41
3995	33
3996	40
3997	40
3998	46
3999	42
4000	44
4001	42
4002	37
4003	38
4004	43
4005	28
4006	38
4007	51
4008	40
4009	41
4010	38
4011	42
4012	39
4013	51
4014	44
4015	35
4016	34
4017	31
4018	32
4019	47
4020	51
4021	36
4022	44
4023	38
4024	38
4025	43
4026	42
4027	30
4028	34
4029	43
4030	45
4031	35
4032	48
4033	36
4034	41
4035	43
4036	44
4037	58
4038	50
4039	37
4040	40
4041	42
4042	47
4043	36
4044	31
4045	39
4046	46
4047	39
4048	45
4049	44
4050	42
4051	47
4052	41
4053	43
4054	36
4055	39
4056	41
4057	32
4058	40
4059	44
4060	43
4061	45
4062	40
4063	30
4064	44
4065	36
4066	41
4067	47
4068	42
4069	43
4070	46
4071	44
4072	42
4073	38
4074	48
4075	43
4076	41
4077	48
4078	53
4079	43
4080	39
4081	44
4082	43
4083	51
4084	48
4085	50
4086	40
4087	47
4088	47
4089	43
4090	51
4091	48
4092	34
4093	40
4094	37
4095	41
4096	45
4097	42
4098	36
4099	56
4100	39
4101	43
4102	38
4103	50
4104	48
4105	42
4106	38
4107	37
4108	52
4109	45
4110	40
4111	53
4112	45
4113	40
4114	35
4115	43
4116	46
4117	32
4118	36
4119	35
4120	46
4121	39
4122	36
4123	40
4124	42
4125	44
4126	54
4127	56
4128	45
4129	49
4130	34
4131	46
4132	40
4133	41
4134	46
4135	46
4136	32
4137	49
4138	50
4139	39
4140	39
4141	42
4142	47
4143	53
4144	36
4145	56
4146	34
4147	43
4148	52
4149	43
4150	36
4151	51
4152	44
4153	58
4154	51
4155	44
4156	51
4157	43
4158	54
4159	42
4160	34
4161	44
4162	44
4163	51
4164	48
4165	58
4166	47
4167	60
4168	51
4169	40
4170	40
4171	41
4172	42
4173	47
4174	31
4175	44
4176	38
4177	29
4178	41
4179	47
4180	32
4181	52
4182	43
4183	50
4184	48
4185	46
4186	54
4187	49
4188	51
4189	53
4190	41
4191	49
4192	42
4193	47
4194	35
4195	42
4196	40
4197	50
4198	43
4199	46
4200	38
4201	46
4202	44
4203	41
4204	46
4205	34
4206	45
4207	48
4208	50
4209	49
4210	36
4211	39
4212	46
4213	44
4214	50
4215	51
4216	35
4217	46
4218	37
4219	37
4220	35
4221	45
4222	28
4223	44
4224	45
4225	49
4226	46
4227	33
4228	49
4229	48
4230	55
4231	45
4232	47
4233	40
4234	41
4235	47
4236	42
4237	42
4238	49
4239	48
4240	51
4241	49
4242	36
4243	36
4244	44
4245	41
4246	54
4247	43
4248	37
4249	43
4250	41
4251	52
4252	39
4253	45
4254	56
4255	40
4256	50
4257	33
4258	33
4259	35
4260	45
4261	29
4262	43
4263	50
4264	46
4265	37
4266	36
4267	51
4268	52
4269	44
4270	38
4271	55
4272	58
4273	33
4274	49
4275	48
4276	40
4277	48
4278	58
4279	36
4280	50
4281	54
4282	50
4283	53
4284	39
4285	50
4286	48
4287	50
4288	53
4289	50
4290	40
4291	35
4292	51
4293	45
4294	44
4295	33
4296	42
4297	39
4298	37
4299	48
4300	56
4301	45
4302	37
4303	50
4304	47
4305	53
4306	37
4307	37
4308	31
4309	26
4310	48
4311	41
4312	60
4313	51
4314	45
4315	44
4316	39
4317	34
4318	50
4319	51
4320	40
4321	40
4322	41
4323	42
4324	43
4325	49
4326	42
4327	49
4328	51
4329	55
4330	38
4331	37
4332	48
4333	40
4334	45
4335	50
4336	39
4337	33
4338	56
4339	40
4340	37
4341	49
4342	37
4343	50
4344	39
4345	49
4346	38
4347	44
4348	41
4349	47
4350	46
4351	42
4352	49
4353	48
4354	36
4355	49
4356	48
4357	34
4358	47
4359	46
4360	53
4361	45
4362	36
4363	44
4364	39
4365	39
4366	46
4367	44
4368	43
4369	43
4370	59
4371	40
4372	50
4373	44
4374	47
4375	48
4376	44
4377	52
4378	32
4379	44
4380	46
4381	46
4382	50
4383	43
4384	49
4385	39
4386	42
4387	45
4388	56
4389	52
4390	47
4391	40
4392	41
4393	52
4394	48
4395	36
4396	54
4397	54
4398	51
4399	49
4400	38
4401	50
4402	35
4403	30
4404	50
4405	68
4406	44
4407	36
4408	47
4409	50
4410	49
4411	41
4412	60
4413	46
4414	46
4415	60
4416	54
4417	48
4418	49
4419	49
4420	45
4421	54
4422	38
4423	44
4424	34
4425	46
4426	43
4427	40
4428	57
4429	50
4430	47
4431	63
4432	42
4433	52
4434	50
4435	54
4436	28
4437	44
4438	40
4439	37
4440	46
4441	50
4442	46
4443	52
4444	55
4445	36
4446	45
4447	37
4448	41
4449	45
4450	35
4451	49
4452	35
4453	56
4454	38
4455	47
4456	49
4457	53
4458	55
4459	60
4460	44
4461	39
4462	47
4463	50
4464	41
4465	45
4466	46
4467	44
4468	40
4469	31
4470	46
4471	48
4472	49
4473	43
4474	37
4475	50
4476	50
4477	45
4478	34
4479	49
4480	47
4481	45
4482	50
4483	41
4484	48
4485	50
4486	47
4487	45
4488	39
4489	52
4490	38
4491	37
4492	43
4493	42
4494	44
4495	41
4496	44
4497	44
4498	50
4499	45
4500	56
4501	46
4502	41
4503	62
4504	60
4505	48
4506	41
4507	43
4508	41
4509	44
4510	44
4511	46
4512	53
4513	42
4514	49
4515	53
4516	44
4517	46
4518	52
4519	47
4520	39
4521	47
4522	39
4523	45
4524	50
4525	48
4526	41
4527	48
4528	51
4529	33
4530	54
4531	50
4532	41
4533	47
4534	41
4535	46
4536	53
4537	51
4538	47
4539	49
4540	40
4541	51
4542	33
4543	49
4544	46
4545	42
4546	39
4547	44
4548	51
4549	43
4550	47
4551	41
4552	39
4553	41
4554	46
4555	50
4556	46
4557	54
4558	46
4559	29
4560	49
4561	36
4562	39
4563	47
4564	36
4565	45
4566	49
4567	33
4568	42
4569	38
4570	39
4571	51
4572	35
4573	41
4574	47
4575	44
4576	42
4577	42
4578	44
4579	43
4580	47
4581	39
4582	46
4583	42
4584	39
4585	50
4586	41
4587	41
4588	52
4589	43
4590	40
4591	47
4592	37
4593	42
4594	55
4595	39
4596	51
4597	47
4598	36
4599	34
4600	44
4601	51
4602	43
4603	49
4604	49
4605	41
4606	48
4607	54
4608	39
4609	52
4610	35
4611	56
4612	47
4613	51
4614	50
4615	47
4616	34
4617	51
4618	36
4619	46
4620	50
4621	51
4622	49
4623	47
4624	43
4625	45
4626	49
4627	53
4628	45
4629	45
4630	43
4631	53
4632	42
4633	48
4634	57
4635	42
4636	41
4637	49
4638	43
4639	41
4640	47
4641	43
4642	44
4643	48
4644	63
4645	41
4646	41
4647	46
4648	37
4649	65
4650	44
4651	52
4652	52
4653	46
4654	58
4655	46
4656	44
4657	51
4658	49
4659	50
4660	36
4661	46
4662	54
4663	51
4664	45
4665	44
4666	45
4667	43
4668	47
4669	40
4670	46
4671	41
4672	40
4673	33
4674	46
4675	59
4676	48
4677	54
4678	52
4679	41
4680	40
4681	49
4682	56
4683	51
4684	40
4685	47
4686	46
4687	59
4688	51
4689	53
4690	52
4691	48
4692	51
4693	49
4694	52
4695	51
4696	43
4697	46
4698	43
4699	50
4700	49
4701	41
4702	40
4703	46
4704	35
4705	47
4706	46
4707	31
4708	41
4709	38
4710	42
4711	55
4712	46
4713	47
4714	36
4715	58
4716	42
4717	39
4718	47
4719	37
4720	44
4721	46
4722	43
4723	60
4724	53
4725	46
4726	43
4727	39
4728	40
4729	42
4730	47
4731	48
4732	51
4733	38
4734	39
4735	45
4736	43
4737	50
4738	58
4739	42
4740	41
4741	53
4742	50
4743	42
4744	41
4745	53
4746	57
4747	49
4748	45
4749	51
4750	36
4751	45
4752	36
4753	48
4754	46
4755	52
4756	51
4757	48
4758	48
4759	45
4760	40
4761	44
4762	42
4763	43
4764	43
4765	52
4766	43
4767	52
4768	47
4769	52
4770	62
4771	43
4772	68
4773	49
4774	51
4775	42
4776	37
4777	53
4778	43
4779	45
4780	43
4781	46
4782	32
4783	52
4784	49
4785	50
4786	47
4787	42
4788	44
4789	37
4790	50
4791	48
4792	51
4793	41
4794	45
4795	38
4796	54
4797	49
4798	41
4799	55
4800	51
4801	38
4802	45
4803	53
4804	46
4805	53
4806	42
4807	45
4808	44
4809	34
4810	45
4811	43
4812	49
4813	48
4814	59
4815	41
4816	43
4817	51
4818	42
4819	49
4820	43
4821	52
4822	43
4823	43
4824	52
4825	47
4826	44
4827	42
4828	51
4829	51
4830	51
4831	43
4832	43
4833	36
4834	55
4835	52
4836	51
4837	44
4838	56
4839	53
4840	57
4841	46
4842	39
4843	45
4844	44
4845	44
4846	45
4847	36
4848	41
4849	57
4850	41
4851	53
4852	36
4853	43
4854	52
4855	45
4856	39
4857	46
4858	46
4859	52
4860	51
4861	54
4862	51
4863	43
4864	29
4865	46
4866	44
4867	35
4868	54
4869	46
4870	61
4871	50
4872	50
4873	51
4874	39
4875	41
4876	55
4877	52
4878	48
4879	36
4880	51
4881	45
4882	40
4883	52
4884	42
4885	50
4886	50
4887	42
4888	23
4889	42
4890	35
4891	34
4892	39
4893	50
4894	48
4895	33
4896	52
4897	36
4898	45
4899	46
4900	39
4901	44
4902	31
4903	44
4904	30
4905	62
4906	49
4907	31
4908	46
4909	36
4910	39
4911	47
4912	44
4913	41
4914	46
4915	49
4916	40
4917	47
4918	48
4919	47
4920	46
4921	44
4922	41
4923	51
4924	45
4925	44
4926	38
4927	50
4928	57
4929	45
4930	48
4931	39
4932	46
4933	28
4934	36
4935	41
4936	35
4937	43
4938	46
4939	44
4940	38
4941	42
4942	50
4943	39
4944	44
4945	34
4946	31
4947	50
4948	52
4949	51
4950	35
4951	50
4952	43
4953	47
4954	47
4955	38
4956	40
4957	42
4958	34
4959	42
4960	45
4961	33
4962	36
4963	44
4964	32
4965	42
4966	39
4967	33
4968	41
4969	34
4970	44
4971	50
4972	37
4973	55
4974	38
4975	45
4976	40
4977	56
4978	45
4979	35
4980	40
4981	48
4982	47
4983	37
4984	39
4985	37
4986	44
4987	40
4988	34
4989	45
4990	41
4991	43
4992	44
4993	39
4994	44
4995	34
4996	39
4997	34
4998	39
4999	36
5000	37
5001	38
5002	40
5003	41
5004	35
5005	48
5006	51
5007	42
5008	33
5009	36
5010	32
5011	42
5012	49
5013	45
5014	32
5015	37
5016	28
5017	34
5018	32
5019	46
5020	39
5021	39
5022	39
5023	47
5024	31
5025	29
5026	44
5027	30
5028	46
5029	42
5030	39
5031	46
5032	37
5033	46
5034	37
5035	40
5036	46
5037	41
5038	38
5039	33
5040	28
5041	39
5042	36
5043	42
5044	38
5045	37
5046	42
5047	36
5048	40
5049	40
5050	28
5051	38
5052	32
5053	30
5054	40
5055	35
5056	34
5057	33
5058	39
5059	40
5060	43
5061	38
5062	35
5063	29
5064	37
5065	35
5066	41
5067	36
5068	31
5069	29
5070	23
5071	33
5072	35
5073	24
5074	36
5075	45
5076	36
5077	42
5078	26
5079	42
5080	30
5081	35
5082	42
5083	39
5084	42
5085	40
5086	34
5087	37
5088	24
5089	32
5090	35
5091	28
5092	38
5093	44
5094	48
5095	30
5096	39
5097	52
5098	42
5099	37
5100	35
5101	43
5102	29
5103	33
5104	37
5105	33
5106	30
5107	37
5108	30
5109	37
5110	25
5111	30
5112	35
5113	38
5114	29
5115	30
5116	38
5117	27
5118	38
5119	33
5120	34
5121	31
5122	30
5123	30
5124	33
5125	33
5126	35
5127	31
5128	31
5129	33
5130	40
5131	39
5132	44
5133	23
5134	38
5135	37
5136	27
5137	25
5138	33
5139	30
5140	33
5141	42
5142	20
5143	31
5144	32
5145	39
5146	34
5147	27
5148	32
5149	32
5150	36
5151	35
5152	40
5153	41
5154	42
5155	30
5156	39
5157	23
5158	39
5159	24
5160	26
5161	28
5162	35
5163	39
5164	28
5165	35
5166	29
5167	34
5168	22
5169	39
5170	31
5171	37
5172	27
5173	29
5174	41
5175	28
5176	37
5177	21
5178	34
5179	28
5180	22
5181	37
5182	33
5183	31
5184	41
5185	38
5186	29
5187	37
5188	27
5189	35
5190	23
5191	21
5192	40
5193	35
5194	30
5195	25
5196	36
5197	31
5198	36
5199	28
5200	33
5201	35
5202	25
5203	35
5204	36
5205	35
5206	41
5207	26
5208	35
5209	27
5210	35
5211	31
5212	28
5213	24
5214	31
5215	50
5216	25
5217	28
5218	24
5219	31
5220	30
5221	30
5222	31
5223	27
5224	42
5225	40
5226	28
5227	42
5228	32
5229	30
5230	28
5231	32
5232	39
5233	31
5234	28
5235	25
5236	30
5237	37
5238	32
5239	34
5240	26
5241	28
5242	37
5243	29
5244	34
5245	27
5246	35
5247	35
5248	25
5249	32
5250	21
5251	24
5252	28
5253	36
5254	21
5255	38
5256	30
5257	44
5258	28
5259	40
5260	32
5261	35
5262	35
5263	39
5264	23
5265	33
5266	26
5267	33
5268	33
5269	24
5270	35
5271	25
5272	26
5273	29
5274	32
5275	35
5276	32
5277	24
5278	35
5279	23
5280	33
5281	18
5282	16
5283	36
5284	30
5285	41
5286	41
5287	27
5288	28
5289	29
5290	20
5291	27
5292	28
5293	30
5294	33
5295	37
5296	37
5297	32
5298	24
5299	31
5300	27
5301	37
5302	29
5303	36
5304	30
5305	31
5306	35
5307	22
5308	23
5309	37
5310	38
5311	29
5312	25
5313	29
5314	31
5315	26
5316	27
5317	34
5318	28
5319	35
5320	41
5321	37
5322	21
5323	30
5324	31
5325	36
5326	16
5327	28
5328	29
5329	40
5330	37
5331	37
5332	25
5333	25
5334	31
5335	29
5336	36
5337	28
5338	27
5339	21
5340	24
5341	34
5342	31
5343	25
5344	24
5345	32
5346	35
5347	36
5348	24
5349	21
5350	28
5351	22
5352	33
5353	28
5354	20
5355	36
5356	23
5357	24
5358	22
5359	24
5360	27
5361	27
5362	20
5363	24
5364	29
5365	31
5366	25
5367	44
5368	29
5369	28
5370	27
5371	32
5372	31
5373	27
5374	42
5375	35
5376	28
5377	28
5378	30
5379	33
5380	30
5381	21
5382	36
5383	28
5384	19
5385	22
5386	22
5387	28
5388	37
5389	27
5390	26
5391	25
5392	31
5393	25
5394	29
5395	28
5396	30
5397	30
5398	29
5399	37
5400	27
5401	35
5402	30
5403	33
5404	32
5405	21
5406	36
5407	27
5408	33
5409	34
5410	30
5411	31
5412	27
5413	36
5414	26
5415	32
5416	17
5417	35
5418	26
5419	24
5420	35
5421	28
5422	22
5423	33
5424	25
5425	25
5426	34
5427	29
5428	31
5429	27
5430	24
5431	26
5432	33
5433	36
5434	23
5435	34
5436	31
5437	29
5438	25
5439	27
5440	30
5441	33
5442	33
5443	28
5444	30
5445	24
5446	32
5447	29
5448	28
5449	14
5450	25
5451	26
5452	42
5453	31
5454	23
5455	27
5456	30
5457	37
5458	28
5459	29
5460	28
5461	30
5462	23
5463	39
5464	17
5465	26
5466	31
5467	24
5468	38
5469	23
5470	27
5471	36
5472	34
5473	36
5474	30
5475	24
5476	35
5477	33
5478	25
5479	29
5480	31
5481	23
5482	29
5483	29
5484	28
5485	24
5486	35
5487	31
5488	32
5489	30
5490	35
5491	29
5492	35
5493	29
5494	34
5495	23
5496	25
5497	28
5498	26
5499	32
5500	25
5501	23
5502	31
5503	26
5504	35
5505	23
5506	30
5507	28
5508	27
5509	18
5510	31
5511	38
5512	27
5513	33
5514	31
5515	22
5516	24
5517	36
5518	24
5519	34
5520	40
5521	24
5522	31
5523	37
5524	37
5525	34
5526	26
5527	26
5528	31
5529	30
5530	35
5531	22
5532	26
5533	19
5534	31
5535	33
5536	23
5537	22
5538	22
5539	24
5540	29
5541	27
5542	40
5543	25
5544	25
5545	26
5546	31
5547	35
5548	24
5549	38
5550	31
5551	27
5552	27
5553	20
5554	17
5555	31
5556	33
5557	23
5558	28
5559	21
5560	29
5561	17
5562	36
5563	26
5564	31
5565	29
5566	26
5567	31
5568	29
5569	32
5570	25
5571	31
5572	27
5573	28
5574	18
5575	32
5576	25
5577	24
5578	25
5579	30
5580	30
5581	26
5582	23
5583	21
5584	26
5585	30
5586	26
5587	33
5588	27
5589	29
5590	29
5591	22
5592	20
5593	26
5594	29
5595	24
5596	34
5597	37
5598	30
5599	33
5600	33
5601	22
5602	32
5603	22
5604	29
5605	31
5606	42
5607	28
5608	26
5609	31
5610	29
5611	30
5612	29
5613	25
5614	33
5615	27
5616	30
5617	22
5618	24
5619	15
5620	34
5621	24
5622	28
5623	27
5624	28
5625	27
5626	38
5627	28
5628	29
5629	21
5630	24
5631	30
5632	29
5633	17
5634	28
5635	24
5636	35
5637	30
5638	25
5639	41
5640	22
5641	33
5642	27
5643	27
5644	22
5645	29
5646	18
5647	29
5648	25
5649	19
5650	24
5651	23
5652	32
5653	28
5654	20
5655	24
5656	37
5657	27
5658	28
5659	26
5660	27
5661	35
5662	32
5663	28
5664	35
5665	26
5666	25
5667	23
5668	21
5669	21
5670	21
5671	30
5672	26
5673	36
5674	24
5675	25
5676	30
5677	31
5678	29
5679	31
5680	27
5681	20
5682	29
5683	25
5684	25
5685	25
5686	20
5687	28
5688	27
5689	34
5690	32
5691	31
5692	31
5693	28
5694	32
5695	29
5696	32
5697	32
5698	41
5699	36
5700	38
5701	32
5702	46
5703	28
5704	31
5705	34
5706	29
5707	17
5708	30
5709	33
5710	25
5711	35
5712	36
5713	34
5714	25
5715	38
5716	33
5717	43
5718	28
5719	26
5720	24
5721	29
5722	27
5723	41
5724	29
5725	30
5726	28
5727	20
5728	38
5729	27
5730	33
5731	30
5732	27
5733	26
5734	17
5735	36
5736	28
5737	32
5738	37
5739	29
5740	31
5741	41
5742	40
5743	26
5744	37
5745	38
5746	46
5747	31
5748	31
5749	41
5750	27
5751	39
5752	30
5753	30
5754	22
5755	35
5756	24
5757	26
5758	26
5759	37
5760	40
5761	33
5762	32
5763	34
5764	21
5765	34
5766	44
5767	38
5768	31
5769	25
5770	40
5771	36
5772	37
5773	41
5774	38
5775	24
5776	29
5777	23
5778	27
5779	35
5780	27
5781	30
5782	30
5783	35
5784	38
5785	39
5786	41
5787	28
5788	27
5789	32
5790	44
5791	32
5792	39
5793	30
5794	37
5795	40
5796	39
5797	41
5798	37
5799	29
5800	44
5801	41
5802	48
5803	36
5804	40
5805	46
5806	36
5807	22
5808	50
5809	42
5810	37
5811	37
5812	32
5813	27
5814	39
5815	42
5816	43
5817	39
5818	49
5819	37
5820	30
5821	44
5822	46
5823	33
5824	45
5825	30
5826	48
5827	36
5828	40
5829	56
5830	42
5831	49
5832	37
5833	55
5834	42
5835	34
5836	51
5837	37
5838	36
5839	39
5840	63
5841	38
5842	50
5843	59
5844	56
5845	53
5846	43
5847	43
5848	51
5849	49
5850	46
5851	40
5852	49
5853	47
5854	42
5855	42
5856	53
5857	52
5858	50
5859	54
5860	55
5861	47
5862	50
5863	45
5864	60
5865	63
5866	54
5867	49
5868	55
5869	58
5870	52
5871	42
5872	59
5873	50
5874	48
5875	53
5876	62
5877	51
5878	59
5879	59
5880	61
5881	49
5882	59
5883	56
5884	68
5885	56
5886	60
5887	52
5888	71
5889	59
5890	64
5891	62
5892	72
5893	71
5894	71
5895	60
5896	71
5897	64
5898	75
5899	59
5900	72
5901	68
5902	66
5903	70
5904	69
5905	73
5906	67
5907	65
5908	52
5909	71
5910	61
5911	69
5912	75
5913	79
5914	77
5915	56
5916	78
5917	76
5918	68
5919	67
5920	67
5921	93
5922	83
5923	71
5924	69
5925	66
5926	59
5927	72
5928	70
5929	70
5930	82
5931	91
5932	67
5933	73
5934	82
5935	84
5936	64
5937	75
5938	82
5939	76
5940	73
5941	73
5942	77
5943	102
5944	70
5945	84
5946	88
5947	100
5948	69
5949	89
5950	71
5951	76
5952	88
5953	91
5954	77
5955	87
5956	93
5957	91
5958	100
5959	98
5960	99
5961	90
5962	82
5963	104
5964	108
5965	92
5966	100
5967	92
5968	101
5969	113
5970	92
5971	98
5972	79
5973	90
5974	109
5975	82
5976	84
5977	110
5978	110
5979	98
5980	110
5981	97
5982	89
5983	108
5984	112
5985	103
5986	119
5987	95
5988	104
5989	102
5990	113
5991	114
5992	110
5993	102
5994	122
5995	108
5996	110
5997	111
5998	103
5999	109
6000	119
6001	109
6002	113
6003	93
6004	88
6005	119
6006	116
6007	109
6008	135
6009	130
6010	95
6011	129
6012	108
6013	122
6014	127
6015	136
6016	117
6017	132
6018	136
6019	101
6020	111
6021	110
6022	129
6023	126
6024	120
6025	122
6026	118
6027	125
6028	121
6029	108
6030	120
6031	125
6032	146
6033	116
6034	124
6035	135
6036	122
6037	103
6038	119
6039	116
6040	127
6041	123
6042	108
6043	135
6044	147
6045	133
6046	127
6047	128
6048	128
6049	126
6050	150
6051	129
6052	123
6053	111
6054	139
6055	132
6056	125
6057	138
6058	125
6059	154
6060	135
6061	149
6062	123
6063	133
6064	152
6065	132
6066	140
6067	140
6068	128
6069	154
6070	160
6071	152
6072	141
6073	134
6074	120
6075	123
6076	133
6077	135
6078	156
6079	140
6080	137
6081	134
6082	145
6083	126
6084	138
6085	137
6086	135
6087	131
6088	145
6089	137
6090	148
6091	142
6092	139
6093	145
6094	156
6095	150
6096	144
6097	123
6098	128
6099	143
6100	169
6101	149
6102	147
6103	153
6104	158
6105	156
6106	143
6107	154
6108	123
6109	153
6110	137
6111	140
6112	141
6113	132
6114	153
6115	140
6116	153
6117	157
6118	159
6119	143
6120	113
6121	127
6122	118
6123	155
6124	136
6125	122
6126	144
6127	145
6128	146
6129	129
6130	174
6131	141
6132	162
6133	154
6134	143
6135	146
6136	132
6137	134
6138	132
6139	144
6140	131
6141	140
6142	120
6143	147
6144	163
6145	129
6146	156
6147	153
6148	146
6149	146
6150	138
6151	115
6152	127
6153	155
6154	139
6155	133
6156	146
6157	148
6158	134
6159	152
6160	146
6161	142
6162	145
6163	151
6164	130
6165	149
6166	150
6167	125
6168	132
6169	144
6170	139
6171	149
6172	143
6173	132
6174	134
6175	136
6176	129
6177	141
6178	139
6179	127
6180	155
6181	138
6182	132
6183	122
6184	120
6185	134
6186	132
6187	110
6188	139
6189	132
6190	127
6191	145
6192	122
6193	132
6194	126
6195	129
6196	132
6197	133
6198	119
6199	120
6200	133
6201	128
6202	124
6203	138
6204	108
6205	142
6206	135
6207	111
6208	118
6209	119
6210	117
6211	110
6212	116
6213	133
6214	123
6215	110
6216	119
6217	125
6218	116
6219	133
6220	111
6221	126
6222	115
6223	122
6224	99
6225	125
6226	137
6227	120
6228	132
6229	121
6230	113
6231	102
6232	119
6233	106
6234	119
6235	114
6236	116
6237	119
6238	94
6239	104
6240	109
6241	117
6242	114
6243	108
6244	102
6245	110
6246	107
6247	111
6248	119
6249	93
6250	90
6251	88
6252	100
6253	97
6254	93
6255	90
6256	93
6257	103
6258	96
6259	99
6260	104
6261	102
6262	103
6263	102
6264	91
6265	87
6266	96
6267	90
6268	97
6269	91
6270	93
6271	87
6272	86
6273	92
6274	84
6275	84
6276	91
6277	103
6278	73
6279	87
6280	89
6281	82
6282	84
6283	88
6284	85
6285	78
6286	89
6287	80
6288	75
6289	64
6290	98
6291	65
6292	95
6293	88
6294	72
6295	75
6296	72
6297	73
6298	73
6299	74
6300	65
6301	73
6302	60
6303	63
6304	64
6305	52
6306	78
6307	79
6308	59
6309	61
6310	78
6311	79
6312	75
6313	61
6314	65
6315	62
6316	74
6317	76
6318	56
6319	68
6320	52
6321	56
6322	62
6323	63
6324	64
6325	59
6326	63
6327	64
6328	61
6329	59
6330	54
6331	62
6332	36
6333	45
6334	58
6335	47
6336	49
6337	56
6338	56
6339	47
6340	61
6341	65
6342	43
6343	47
6344	57
6345	47
6346	55
6347	64
6348	60
6349	53
6350	37
6351	52
6352	46
6353	55
6354	47
6355	41
6356	45
6357	40
6358	48
6359	52
6360	51
6361	59
6362	35
6363	44
6364	52
6365	37
6366	48
6367	42
6368	44
6369	37
6370	45
6371	37
6372	36
6373	32
6374	45
6375	41
6376	36
6377	38
6378	47
6379	40
6380	42
6381	38
6382	39
6383	44
6384	47
6385	41
6386	41
6387	43
6388	39
6389	35
6390	43
6391	34
6392	39
6393	27
6394	30
6395	32
6396	26
6397	32
6398	35
6399	23
6400	27
6401	36
6402	38
6403	33
6404	32
6405	25
6406	25
6407	36
6408	17
6409	26
6410	24
6411	21
6412	30
6413	30
6414	23
6415	29
6416	32
6417	29
6418	27
6419	25
6420	25
6421	28
6422	30
6423	26
6424	22
6425	21
6426	15
6427	17
6428	25
6429	20
6430	25
6431	22
6432	16
6433	26
6434	27
6435	18
6436	19
6437	22
6438	20
6439	31
6440	26
6441	21
6442	20
6443	19
6444	22
6445	19
6446	26
6447	13
6448	19
6449	30
6450	26
6451	15
6452	18
6453	15
6454	22
6455	23
6456	15
6457	17
6458	20
6459	24
6460	20
6461	9
6462	16
6463	24
6464	22
6465	17
6466	15
6467	20
6468	15
6469	9
6470	20
6471	17
6472	14
6473	17
6474	17
6475	15
6476	10
6477	11
6478	19
6479	22
6480	17
6481	17
6482	16
6483	15
6484	16
6485	14
6486	23
6487	13
6488	24
6489	11
6490	14
6491	26
6492	19
6493	17
6494	18
6495	11
6496	19
6497	17
6498	25
6499	22
6500	12
6501	23
6502	24
6503	17
6504	18
6505	12
6506	18
6507	17
6508	15
6509	20
6510	17
6511	12
6512	16
6513	22
6514	18
6515	12
6516	13
6517	14
6518	19
6519	13
6520	14
6521	21
6522	15
6523	18
6524	12
6525	15
6526	20
6527	11
6528	10
6529	11
6530	14
6531	11
6532	28
6533	12
6534	20
6535	26
6536	15
6537	22
6538	13
6539	22
6540	13
6541	22
6542	18
6543	13
6544	15
6545	21
6546	18
6547	15
6548	22
6549	22
6550	20
6551	14
6552	18
6553	14
6554	21
6555	19
6556	12
6557	18
6558	22
6559	17
6560	24
6561	9
6562	19
6563	25
6564	18
6565	24
6566	15
6567	16
6568	17
6569	14
6570	15
6571	31
6572	17
6573	19
6574	19
6575	18
6576	25
6577	17
6578	18
6579	18
6580	20
6581	10
6582	18
6583	24
6584	27
6585	29
6586	22
6587	18
6588	19
6589	23
6590	27
6591	24
6592	14
6593	19
6594	22
6595	33
6596	19
6597	11
6598	27
6599	21
6600	14
6601	22
6602	28
6603	27
6604	28
6605	26
6606	20
6607	36
6608	32
6609	32
6610	22
6611	26
6612	23
6613	23
6614	27
6615	33
6616	25
6617	28
6618	26
6619	29
6620	26
6621	25
6622	27
6623	16
6624	32
6625	26
6626	24
6627	28
6628	30
6629	28
6630	28
6631	26
6632	28
6633	32
6634	32
6635	29
6636	24
6637	30
6638	33
6639	31
6640	23
6641	45
6642	29
6643	27
6644	33
6645	33
6646	33
6647	39
6648	37
6649	37
6650	39
6651	29
6652	39
6653	25
6654	35
6655	39
6656	38
6657	29
6658	40
6659	30
6660	40
6661	34
6662	33
6663	44
6664	38
6665	41
6666	42
6667	43
6668	39
6669	41
6670	48
6671	44
6672	51
6673	36
6674	38
6675	40
6676	33
6677	54
6678	41
6679	60
6680	39
6681	41
6682	43
6683	49
6684	44
6685	41
6686	43
6687	44
6688	53
6689	45
6690	51
6691	39
6692	32
6693	46
6694	51
6695	45
6696	62
6697	58
6698	45
6699	54
6700	55
6701	38
6702	50
6703	52
6704	39
6705	55
6706	54
6707	54
6708	50
6709	50
6710	47
6711	58
6712	41
6713	57
6714	54
6715	55
6716	52
6717	60
6718	58
6719	56
6720	44
6721	59
6722	59
6723	45
6724	53
6725	50
6726	62
6727	67
6728	68
6729	54
6730	53
6731	62
6732	56
6733	51
6734	61
6735	56
6736	61
6737	51
6738	59
6739	59
6740	48
6741	65
6742	71
6743	64
6744	68
6745	72
6746	72
6747	52
6748	76
6749	70
6750	62
6751	55
6752	74
6753	78
6754	70
6755	49
6756	72
6757	54
6758	83
6759	74
6760	82
6761	63
6762	82
6763	76
6764	85
6765	62
6766	61
6767	56
6768	62
6769	94
6770	90
6771	86
6772	88
6773	72
6774	84
6775	82
6776	99
6777	73
6778	78
6779	80
6780	74
6781	83
6782	93
6783	78
6784	83
6785	68
6786	72
6787	86
6788	87
6789	81
6790	77
6791	90
6792	85
6793	82
6794	84
6795	57
6796	83
6797	90
6798	81
6799	102
6800	86
6801	91
6802	88
6803	89
6804	83
6805	84
6806	84
6807	78
6808	82
6809	93
6810	99
6811	102
6812	92
6813	103
6814	95
6815	100
6816	101
6817	99
6818	76
6819	102
6820	79
6821	100
6822	94
6823	104
6824	97
6825	99
6826	73
6827	89
6828	96
6829	84
6830	95
6831	98
6832	83
6833	86
6834	105
6835	115
6836	105
6837	101
6838	92
6839	85
6840	106
6841	98
6842	84
6843	104
6844	89
6845	89
6846	99
6847	86
6848	87
6849	114
6850	103
6851	102
6852	106
6853	95
6854	113
6855	90
6856	93
6857	107
6858	106
6859	105
6860	97
6861	103
6862	118
6863	118
6864	110
6865	89
6866	99
6867	107
6868	103
6869	106
6870	97
6871	97
6872	116
6873	95
6874	118
6875	138
6876	106
6877	106
6878	102
6879	106
6880	117
6881	103
6882	108
6883	94
6884	98
6885	105
6886	121
6887	105
6888	105
6889	94
6890	117
6891	128
6892	105
6893	123
6894	106
6895	112
6896	119
6897	110
6898	119
6899	105
6900	137
6901	108
6902	123
6903	103
6904	128
6905	117
6906	97
6907	89
6908	110
6909	124
6910	126
6911	100
6912	102
6913	105
6914	124
6915	116
6916	118
6917	116
6918	111
6919	121
6920	110
6921	95
6922	127
6923	125
6924	121
6925	111
6926	121
6927	111
6928	113
6929	104
6930	111
6931	111
6932	130
6933	105
6934	122
6935	104
6936	117
6937	104
6938	110
6939	119
6940	116
6941	105
6942	93
6943	122
6944	123
6945	108
6946	104
6947	106
6948	115
6949	108
6950	96
6951	96
6952	119
6953	111
6954	120
6955	92
6956	124
6957	103
6958	107
6959	114
6960	120
6961	113
6962	106
6963	108
6964	123
6965	126
6966	119
6967	111
6968	115
6969	107
6970	103
6971	126
6972	113
6973	121
6974	115
6975	131
6976	105
6977	129
6978	108
6979	121
6980	108
6981	94
6982	104
6983	103
6984	117
6985	112
6986	126
6987	99
6988	122
6989	99
6990	109
6991	92
6992	102
6993	91
6994	108
6995	108
6996	115
6997	108
6998	115
6999	107
7000	103
7001	97
7002	109
7003	104
7004	90
7005	109
7006	103
7007	105
7008	95
7009	91
7010	104
7011	126
7012	100
7013	115
7014	105
7015	98
7016	100
7017	99
7018	92
7019	92
7020	103
7021	99
7022	99
7023	94
7024	107
7025	108
7026	130
7027	93
7028	87
7029	86
7030	83
7031	94
7032	71
7033	108
7034	84
7035	80
7036	92
7037	106
7038	106
7039	89
7040	103
7041	91
7042	103
7043	84
7044	80
7045	87
7046	98
7047	113
7048	86
7049	82
7050	87
7051	81
7052	115
7053	93
7054	94
7055	88
7056	93
7057	98
7058	90
7059	88
7060	65
7061	88
7062	74
7063	72
7064	75
7065	86
7066	91
7067	96
7068	79
7069	80
7070	88
7071	80
7072	83
7073	91
7074	84
7075	76
7076	83
7077	88
7078	63
7079	78
7080	65
7081	73
7082	71
7083	74
7084	85
7085	76
7086	86
7087	77
7088	80
7089	51
7090	84
7091	68
7092	79
7093	72
7094	68
7095	53
7096	63
7097	75
7098	74
7099	71
7100	64
7101	68
7102	67
7103	58
7104	70
7105	72
7106	66
7107	62
7108	66
7109	67
7110	70
7111	72
7112	64
7113	61
7114	68
7115	74
7116	59
7117	57
7118	62
7119	63
7120	54
7121	70
7122	66
7123	64
7124	54
7125	59
7126	49
7127	50
7128	55
7129	49
7130	58
7131	72
7132	58
7133	60
7134	48
7135	59
7136	62
7137	57
7138	42
7139	58
7140	43
7141	62
7142	50
7143	64
7144	47
7145	49
7146	56
7147	60
7148	40
7149	38
7150	47
7151	48
7152	53
7153	49
7154	65
7155	31
7156	56
7157	41
7158	47
7159	41
7160	30
7161	43
7162	48
7163	45
7164	29
7165	46
7166	52
7167	40
7168	40
7169	41
7170	40
7171	47
7172	27
7173	50
7174	32
7175	43
7176	40
7177	41
7178	25
7179	42
7180	29
7181	41
7182	37
7183	42
7184	39
7185	31
7186	35
7187	39
7188	34
7189	40
7190	42
7191	37
7192	28
7193	30
7194	38
7195	32
7196	34
7197	37
7198	34
7199	30
7200	24
7201	30
7202	34
7203	30
7204	43
7205	29
7206	23
7207	27
7208	23
7209	33
7210	28
7211	25
7212	38
7213	31
7214	27
7215	28
7216	28
7217	17
7218	30
7219	26
7220	27
7221	33
7222	34
7223	22
7224	23
7225	22
7226	27
7227	19
7228	31
7229	26
7230	22
7231	28
7232	22
7233	22
7234	23
7235	31
7236	16
7237	27
7238	29
7239	19
7240	18
7241	24
7242	14
7243	23
7244	22
7245	15
7246	24
7247	20
7248	17
7249	17
7250	18
7251	24
7252	23
7253	19
7254	16
7255	15
7256	32
7257	18
7258	20
7259	15
7260	15
7261	17
7262	15
7263	13
7264	16
7265	18
7266	20
7267	21
7268	14
7269	18
7270	12
7271	20
7272	20
7273	23
7274	16
7275	16
7276	22
7277	15
7278	20
7279	13
7280	18
7281	15
7282	19
7283	18
7284	21
7285	16
7286	19
7287	14
7288	10
7289	18
7290	14
7291	15
7292	19
7293	12
7294	12
7295	13
7296	12
7297	10
7298	6
7299	11
7300	11
7301	17
7302	11
7303	8
7304	14
7305	16
7306	15
7307	12
7308	7
7309	16
7310	7
7311	10
7312	10
7313	10
7314	15
7315	11
7316	6
7317	14
7318	16
7319	7
7320	12
7321	10
7322	9
7323	10
7324	7
7325	9
7326	12
7327	8
7328	11
7329	7
7330	9
7331	6
7332	11
7333	9
7334	8
7335	10
7336	13
7337	5
7338	10
7339	11
7340	7
7341	11
7342	11
7343	10
7344	7
7345	8
7346	16
7347	14
7348	10
7349	11
7350	10
7351	15
7352	13
7353	6
7354	6
7355	14
7356	9
7357	5
7358	7
7359	8
7360	10
7361	9
7362	8
7363	7
7364	10
7365	6
7366	5
7367	9
7368	9
7369	8
7370	7
7371	6
7372	6
7373	10
7374	8
7375	12
7376	7
7377	7
7378	8
7379	8
7380	6
7381	7
7382	12
7383	3
7384	6
7385	12
7386	6
7387	8
7388	9
7389	7
7390	7
7391	6
7392	6
7393	7
7394	10
7395	7
7396	9
7397	6
7398	6
7399	7
7400	7
7401	12
7402	11
7403	3
7404	13
7405	3
7406	8
7407	6
7408	5
7409	8
7410	6
7411	5
7412	11
7413	7
7414	3
7415	6
7416	5
7417	8
7418	7
7419	7
7420	14
7421	2
7422	4
7423	9
7424	8
7425	6
7426	4
7427	12
7428	5
7429	4
7430	9
7431	11
7432	4
7433	11
7434	6
7435	5
7436	8
7437	3
7438	4
7439	8
7440	10
7441	11
7442	6
7443	8
7444	9
7445	3
7446	3
7447	4
7448	5
7449	10
7450	2
7451	9
7452	8
7453	4
7454	9
7455	6
7456	4
7457	6
7458	3
7459	6
7460	4
7461	11
7462	5
7463	7
7464	8
7465	4
7466	9
7467	4
7468	3
7469	6
7470	8
7471	4
7472	6
7473	5
7474	5
7475	9
7476	5
7477	4
7478	4
7479	12
7480	7
7481	7
7482	7
7483	6
7484	10
7485	5
7486	6
7487	9
7488	7
7489	11
7490	8
7491	5
7492	8
7493	9
7494	4
7495	6
7496	6
7497	8
7498	5
7499	9
7500	5
7501	7
7502	10
7503	4
7504	7
7505	11
7506	4
7507	9
7508	10
7509	7
7510	6
7511	5
7512	5
7513	7
7514	12
7515	7
7516	7
7517	5
7518	4
7519	8
7520	9
7521	10
7522	9
7523	8
7524	10
7525	8
7526	6
7527	3
7528	6
7529	9
7530	12
7531	5
7532	4
7533	8
7534	12
7535	13
7536	5
7537	9
7538	8
7539	8
7540	7
7541	4
7542	7
7543	9
7544	6
7545	3
7546	8
7547	9
7548	6
7549	8
7550	8
7551	7
7552	7
7553	3
7554	10
7555	7
7556	8
7557	8
7558	10
7559	15
7560	6
7561	8
7562	4
7563	11
7564	14
7565	5
7566	10
7567	3
7568	1
7569	7
7570	6
7571	8
7572	12
7573	6
7574	4
7575	7
7576	10
7577	6
7578	9
7579	4
7580	3
7581	3
7582	5
7583	11
7584	9
7585	8
7586	3
7587	6
7588	7
7589	8
7590	11
7591	5
7592	7
7593	8
7594	9
7595	7
7596	8
7597	6
7598	8
7599	8
7600	3
7601	2
7602	7
7603	6
7604	11
7605	4
7606	9
7607	5
7608	6
7609	7
7610	8
7611	4
7612	3
7613	7
7614	12
7615	11
7616	7
7617	6
7618	8
7619	6
7620	4
7621	7
7622	0
7623	11
7624	5
7625	5
7626	6
7627	6
7628	6
7629	5
7630	8
7631	11
7632	7
7633	4
7634	6
7635	6
7636	6
7637	4
7638	10
7639	10
7640	9
7641	4
7642	4
7643	6
7644	9
7645	8
7646	3
7647	9
7648	4
7649	5
7650	7
7651	3
7652	5
7653	6
7654	9
7655	10
7656	8
7657	6
7658	8
7659	11
7660	6
7661	6
7662	4
7663	6
7664	3
7665	8
7666	6
7667	4
7668	5
7669	5
7670	9
7671	4
7672	4
7673	3
7674	5
7675	4
7676	10
7677	5
7678	5
7679	6
7680	7
7681	6
7682	3
7683	5
7684	5
7685	4
7686	3
7687	7
7688	5
7689	7
7690	3
7691	6
7692	6
7693	3
7694	7
7695	6
7696	3
7697	8
7698	7
7699	2
7700	5
7701	6
7702	9
7703	5
7704	3
7705	9
7706	7
7707	4
7708	3
7709	6
7710	4
7711	3
7712	8
7713	7
7714	6
7715	6
7716	6
7717	4
7718	9
7719	2
7720	7
7721	5
7722	1
7723	1
7724	5
7725	2
7726	3
7727	7
7728	5
7729	5
7730	6
7731	4
7732	3
7733	3
7734	5
7735	3
7736	4
7737	4
7738	5
7739	1
7740	2
7741	4
7742	3
7743	5
7744	5
7745	1
7746	5
7747	2
7748	3
7749	4
7750	2
7751	0
7752	1
7753	0
7754	6
7755	3
7756	6
7757	7
7758	2
7759	2
7760	7
7761	7
7762	4
7763	3
7764	4
7765	4
7766	6
7767	4
7768	3
7769	8
7770	2
7771	2
7772	1
7773	4
7774	3
7775	2
7776	8
7777	4
7778	3
7779	5
7780	2
7781	1
7782	5
7783	2
7784	2
7785	3
7786	0
7787	2
7788	4
7789	5
7790	7
7791	1
7792	5
7793	5
7794	7
7795	0
7796	5
7797	3
7798	5
7799	5
7800	1
7801	5
7802	5
7803	2
7804	2
7805	1
7806	1
7807	3
7808	3
7809	2
7810	1
7811	7
7812	3
7813	4
7814	4
7815	3
7816	0
7817	2
7818	4
7819	4
7820	4
7821	1
7822	4
7823	2
7824	0
7825	2
7826	0
7827	3
7828	3
7829	8
7830	3
7831	1
7832	3
7833	1
7834	4
7835	2
7836	5
7837	3
7838	7
7839	3
7840	4
7841	2
7842	5
7843	2
7844	1
7845	2
7846	4
7847	0
7848	4
7849	2
7850	3
7851	3
7852	2
7853	2
7854	4
7855	2
7856	2
7857	3
7858	0
7859	1
7860	3
7861	0
7862	3
7863	2
7864	2
7865	2
7866	1
7867	0
7868	3
7869	3
7870	2
7871	3
7872	4
7873	2
7874	1
7875	1
7876	1
7877	3
7878	1
7879	4
7880	0
7881	0
7882	0
7883	1
7884	2
7885	2
7886	3
7887	3
7888	3
7889	1
7890	1
7891	3
7892	2
7893	1
7894	4
7895	3
7896	2
7897	0
7898	3
7899	1
7900	2
7901	2
7902	2
7903	1
7904	3
7905	4
7906	1
7907	1
7908	5
7909	3
7910	2
7911	1
7912	2
7913	3
7914	1
7915	1
7916	4
7917	2
7918	2
7919	1
7920	2
7921	2
7922	5
7923	1
7924	2
7925	2
7926	2
7927	0
7928	3
7929	2
7930	1
7931	1
7932	4
7933	2
7934	0
7935	1
7936	0
7937	1
7938	2
7939	2
7940	3
7941	2
7942	0
7943	2
7944	3
7945	2
7946	2
7947	2
7948	4
7949	1
7950	1
7951	2
7952	2
7953	2
7954	3
7955	2
7956	4
7957	3
7958	1
7959	2
7960	2
7961	2
7962	1
7963	0
7964	2
7965	2
7966	2
7967	2
7968	2
7969	0
7970	2
7971	1
7972	1
7973	0
7974	3
7975	0
7976	2
7977	1
7978	1
7979	0
7980	1
7981	2
7982	1
7983	1
7984	0
7985	4
7986	2
7987	3
7988	2
7989	1
7990	0
7991	2
7992	0
7993	0
7994	2
7995	3
7996	0
7997	0
7998	1
7999	2
8000	1
8001	2
8002	1
8003	5
8004	2
8005	0
8006	4
8007	0
8008	1
8009	1
8010	1
8011	0
8012	1
8013	3
8014	2
8015	1
8016	2
8017	5
8018	2
8019	2
8020	0
8021	0
8022	2
8023	1
8024	1
8025	0
8026	3
8027	2
8028	3
8029	2
8030	2
8031	1
8032	0
8033	1
8034	2
8035	4
8036	0
8037	1
8038	2
8039	0
8040	0
8041	4
8042	0
8043	2
8044	0
8045	1
8046	0
8047	0
8048	0
8049	0
8050	0
8051	0
8052	0
8053	0
8054	0
8055	0
8056	0
8057	0
8058	0
8059	0
8060	0
8061	0
8062	0
8063	0
8064	0
8065	0
8066	0
8067	0
8068	0
8069	0
8070	0
8071	0
8072	0
8073	0
8074	0
8075	0
8076	0
8077	0
8078	0
8079	0
8080	0
8081	0
8082	0
8083	0
8084	0
8085	0
8086	0
8087	0
8088	0
8089	0
8090	0
8091	0
8092	0
8093	0
8094	0
8095	0
8096	0
8097	0
8098	0
8099	0
8100	0
8101	0
8102	0
8103	0
8104	0
8105	0
8106	0
8107	0
8108	0
8109	0
8110	0
8111	0
8112	0
8113	0
8114	0
8115	0
8116	0
8117	0
8118	0
8119	0
8120	0
8121	0
8122	0
8123	0
8124	0
8125	0
8126	0
8127	0
8128	0
8129	0
8130	0
8131	0
8132	0
8133	0
8134	0
8135	0
8136	0
8137	0
8138	0
8139	0
8140	0
8141	0
8142	0
8143	0
8144	0
8145	0
8146	0
8147	0
8148	0
8149	0
8150	0
8151	0
8152	0
8153	0
8154	0
8155	0
8156	0
8157	0
8158	0
8159	0
8160	0
8161	0
8162	0
8163	0
8164	0
8165	0
8166	0
8167	0
8168	0
8169	0
8170	0
8171	0
8172	0
8173	0
8174	0
8175	0
8176	0
8177	0
8178	0
8179	0
8180	0
8181	0
8182	0
8183	0
8184	0
8185	0
8186	0
8187	0
8188	0
8189	0
8190	0
8191	0
