0	0
1	0
2	0
3	0
4	0
5	0
6	0
7	0
8	0
9	0
10	0
11	0
12	0
13	0
14	0
15	0
16	0
17	0
18	0
19	0
20	0
21	0
22	0
23	0
24	0
25	0
26	0
27	0
28	0
29	0
30	0
31	0
32	0
33	0
34	0
35	0
36	0
37	0
38	0
39	0
40	0
41	0
42	0
43	0
44	0
45	0
46	0
47	0
48	0
49	0
50	0
51	0
52	0
53	0
54	0
55	0
56	0
57	0
58	1
59	4
60	8
61	4
62	7
63	17
64	25
65	29
66	40
67	65
68	115
69	284
70	493
71	636
72	669
73	727
74	717
75	786
76	746
77	779
78	750
79	740
80	737
81	777
82	764
83	748
84	700
85	772
86	789
87	733
88	760
89	821
90	776
91	720
92	734
93	745
94	784
95	775
96	760
97	797
98	831
99	764
100	737
101	799
102	793
103	788
104	749
105	774
106	814
107	831
108	821
109	804
110	787
111	837
112	821
113	771
114	833
115	867
116	823
117	824
118	857
119	871
120	905
121	822
122	872
123	854
124	894
125	901
126	908
127	900
128	907
129	973
130	962
131	1023
132	1015
133	981
134	1068
135	1091
136	1183
137	1133
138	1133
139	1219
140	1268
141	1297
142	1301
143	1420
144	1487
145	1505
146	1598
147	1552
148	1605
149	1833
150	1837
151	1896
152	2085
153	2122
154	2325
155	2312
156	2392
157	2536
158	2708
159	2769
160	2931
161	3065
162	3169
163	3208
164	3349
165	3356
166	3699
167	3746
168	3822
169	3808
170	4005
171	4097
172	4212
173	4152
174	4288
175	4382
176	4313
177	4523
178	4513
179	4428
180	4472
181	4461
182	4554
183	4501
184	4301
185	4368
186	4294
187	4175
188	4137
189	4190
190	3904
191	3967
192	3976
193	3783
194	3682
195	3499
196	3469
197	3351
198	3284
199	3185
200	3037
201	2924
202	2933
203	2819
204	2729
205	2643
206	2518
207	2365
208	2447
209	2390
210	2198
211	2162
212	1991
213	2019
214	1920
215	1855
216	1850
217	1773
218	1647
219	1639
220	1633
221	1481
222	1471
223	1399
224	1486
225	1432
226	1336
227	1363
228	1269
229	1268
230	1228
231	1213
232	1193
233	1175
234	1115
235	1099
236	1064
237	1117
238	1082
239	1068
240	1038
241	1062
242	1044
243	1043
244	1005
245	938
246	974
247	999
248	970
249	930
250	985
251	954
252	982
253	948
254	949
255	949
256	953
257	909
258	962
259	1001
260	988
261	919
262	907
263	943
264	922
265	965
266	945
267	979
268	941
269	945
270	994
271	914
272	949
273	991
274	928
275	950
276	970
277	945
278	950
279	956
280	933
281	968
282	891
283	996
284	956
285	963
286	1009
287	945
288	967
289	902
290	945
291	938
292	995
293	1030
294	982
295	996
296	961
297	993
298	945
299	995
300	956
301	966
302	988
303	996
304	958
305	995
306	1005
307	977
308	994
309	953
310	951
311	1035
312	1011
313	1033
314	1014
315	972
316	951
317	997
318	1016
319	970
320	1009
321	998
322	1051
323	975
324	967
325	1046
326	1028
327	988
328	1040
329	1030
330	1082
331	1070
332	1007
333	967
334	1060
335	1045
336	1035
337	1024
338	961
339	1004
340	1106
341	1019
342	1053
343	1044
344	1087
345	1049
346	1087
347	1077
348	1064
349	1011
350	1046
351	1069
352	1087
353	1152
354	987
355	1022
356	1079
357	1040
358	1098
359	1078
360	1080
361	1071
362	1073
363	1050
364	1056
365	1078
366	1073
367	1143
368	1129
369	1115
370	1078
371	1111
372	1085
373	1085
374	1059
375	1131
376	1114
377	1107
378	1120
379	1098
380	1110
381	1146
382	1054
383	1108
384	1146
385	1179
386	1113
387	1127
388	1184
389	1108
390	1077
391	1116
392	1152
393	1107
394	1122
395	1150
396	1162
397	1120
398	1181
399	1167
400	1191
401	1141
402	1138
403	1154
404	1157
405	1206
406	1212
407	1134
408	1204
409	1164
410	1167
411	1085
412	1196
413	1153
414	1158
415	1197
416	1172
417	1203
418	1194
419	1202
420	1132
421	1163
422	1196
423	1224
424	1165
425	1198
426	1195
427	1164
428	1201
429	1209
430	1169
431	1172
432	1209
433	1182
434	1276
435	1261
436	1221
437	1215
438	1250
439	1271
440	1196
441	1165
442	1244
443	1257
444	1273
445	1242
446	1218
447	1259
448	1120
449	1298
450	1225
451	1245
452	1250
453	1236
454	1203
455	1146
456	1283
457	1302
458	1247
459	1208
460	1264
461	1243
462	1210
463	1286
464	1299
465	1263
466	1231
467	1280
468	1323
469	1329
470	1291
471	1193
472	1261
473	1269
474	1301
475	1276
476	1269
477	1285
478	1327
479	1250
480	1265
481	1271
482	1219
483	1265
484	1267
485	1299
486	1303
487	1273
488	1267
489	1296
490	1239
491	1286
492	1300
493	1306
494	1328
495	1363
496	1350
497	1249
498	1321
499	1335
500	1319
501	1313
502	1292
503	1379
504	1302
505	1370
506	1286
507	1293
508	1363
509	1308
510	1336
511	1306
512	1320
513	1262
514	1316
515	1333
516	1342
517	1301
518	1330
519	1258
520	1275
521	1365
522	1299
523	1346
524	1357
525	1315
526	1337
527	1313
528	1268
529	1307
530	1345
531	1326
532	1321
533	1328
534	1253
535	1333
536	1371
537	1308
538	1320
539	1453
540	1353
541	1395
542	1356
543	1289
544	1279
545	1375
546	1358
547	1340
548	1291
549	1295
550	1291
551	1347
552	1353
553	1313
554	1331
555	1385
556	1324
557	1254
558	1298
559	1312
560	1356
561	1342
562	1352
563	1398
564	1319
565	1279
566	1352
567	1376
568	1326
569	1305
570	1377
571	1394
572	1401
573	1420
574	1339
575	1321
576	1325
577	1368
578	1383
579	1385
580	1348
581	1390
582	1399
583	1320
584	1300
585	1361
586	1337
587	1406
588	1401
589	1405
590	1410
591	1386
592	1326
593	1390
594	1353
595	1295
596	1314
597	1423
598	1347
599	1391
600	1345
601	1373
602	1367
603	1433
604	1382
605	1386
606	1513
607	1373
608	1423
609	1391
610	1422
611	1450
612	1406
613	1449
614	1480
615	1396
616	1411
617	1426
618	1380
619	1402
620	1441
621	1406
622	1379
623	1359
624	1490
625	1422
626	1432
627	1430
628	1418
629	1440
630	1466
631	1492
632	1433
633	1403
634	1441
635	1438
636	1446
637	1474
638	1366
639	1473
640	1459
641	1412
642	1442
643	1385
644	1426
645	1478
646	1422
647	1446
648	1503
649	1390
650	1455
651	1422
652	1472
653	1446
654	1474
655	1408
656	1462
657	1464
658	1446
659	1415
660	1452
661	1511
662	1428
663	1546
664	1455
665	1485
666	1488
667	1462
668	1460
669	1459
670	1517
671	1487
672	1551
673	1476
674	1482
675	1514
676	1516
677	1493
678	1525
679	1485
680	1464
681	1603
682	1498
683	1534
684	1496
685	1535
686	1423
687	1519
688	1505
689	1495
690	1482
691	1479
692	1529
693	1581
694	1529
695	1508
696	1516
697	1507
698	1554
699	1544
700	1515
701	1472
702	1556
703	1499
704	1546
705	1535
706	1504
707	1509
708	1537
709	1526
710	1564
711	1508
712	1571
713	1541
714	1521
715	1486
716	1537
717	1572
718	1516
719	1564
720	1537
721	1541
722	1491
723	1503
724	1502
725	1501
726	1534
727	1499
728	1535
729	1558
730	1481
731	1546
732	1501
733	1528
734	1596
735	1594
736	1526
737	1533
738	1547
739	1556
740	1469
741	1515
742	1559
743	1545
744	1539
745	1578
746	1547
747	1536
748	1517
749	1593
750	1519
751	1540
752	1536
753	1487
754	1566
755	1510
756	1522
757	1535
758	1501
759	1576
760	1526
761	1536
762	1489
763	1467
764	1522
765	1490
766	1553
767	1517
768	1600
769	1571
770	1569
771	1575
772	1537
773	1493
774	1571
775	1488
776	1500
777	1505
778	1537
779	1565
780	1567
781	1496
782	1518
783	1504
784	1553
785	1541
786	1486
787	1575
788	1517
789	1550
790	1656
791	1589
792	1611
793	1615
794	1655
795	1635
796	1631
797	1674
798	1562
799	1524
800	1490
801	1543
802	1513
803	1575
804	1454
805	1527
806	1499
807	1511
808	1451
809	1538
810	1486
811	1547
812	1492
813	1537
814	1624
815	1569
816	1519
817	1494
818	1502
819	1544
820	1531
821	1444
822	1520
823	1509
824	1532
825	1505
826	1484
827	1483
828	1502
829	1461
830	1497
831	1500
832	1499
833	1522
834	1444
835	1517
836	1577
837	1525
838	1490
839	1519
840	1516
841	1508
842	1433
843	1563
844	1467
845	1490
846	1479
847	1470
848	1568
849	1510
850	1497
851	1503
852	1478
853	1519
854	1457
855	1505
856	1501
857	1526
858	1574
859	1508
860	1494
861	1514
862	1511
863	1548
864	1434
865	1582
866	1589
867	1494
868	1518
869	1508
870	1539
871	1535
872	1514
873	1481
874	1510
875	1457
876	1448
877	1520
878	1590
879	1566
880	1575
881	1541
882	1492
883	1480
884	1512
885	1546
886	1552
887	1452
888	1459
889	1421
890	1552
891	1451
892	1572
893	1538
894	1591
895	1499
896	1592
897	1567
898	1505
899	1534
900	1464
901	1577
902	1601
903	1572
904	1544
905	1512
906	1504
907	1491
908	1530
909	1556
910	1536
911	1589
912	1571
913	1486
914	1600
915	1582
916	1524
917	1567
918	1524
919	1623
920	1562
921	1496
922	1551
923	1537
924	1564
925	1564
926	1537
927	1535
928	1580
929	1593
930	1573
931	1566
932	1573
933	1502
934	1655
935	1518
936	1615
937	1590
938	1633
939	1597
940	1620
941	1599
942	1695
943	1581
944	1590
945	1673
946	1625
947	1611
948	1659
949	1563
950	1693
951	1617
952	1583
953	1687
954	1588
955	1688
956	1666
957	1641
958	1706
959	1689
960	1666
961	1623
962	1725
963	1577
964	1714
965	1686
966	1712
967	1662
968	1714
969	1690
970	1718
971	1670
972	1733
973	1705
974	1733
975	1724
976	1742
977	1852
978	1775
979	1719
980	1800
981	1789
982	1692
983	1680
984	1791
985	1809
986	1849
987	1820
988	1784
989	1773
990	1781
991	1840
992	1789
993	1816
994	1941
995	1821
996	1858
997	1818
998	1951
999	1905
1000	1836
1001	1881
1002	1892
1003	1868
1004	1870
1005	1944
1006	1870
1007	1887
1008	1878
1009	1904
1010	1883
1011	1940
1012	1875
1013	1961
1014	2001
1015	1930
1016	1911
1017	1932
1018	1985
1019	1929
1020	1957
1021	1992
1022	2063
1023	1979
1024	1913
1025	1986
1026	1978
1027	2055
1028	2020
1029	2036
1030	2128
1031	2024
1032	2046
1033	2043
1034	2051
1035	2055
1036	2101
1037	2019
1038	1999
1039	2068
1040	2021
1041	2014
1042	2150
1043	2103
1044	2063
1045	2142
1046	2149
1047	2135
1048	2162
1049	2085
1050	2133
1051	2162
1052	2193
1053	2121
1054	2100
1055	2065
1056	2090
1057	2120
1058	2096
1059	2104
1060	2079
1061	2258
1062	2065
1063	2140
1064	2054
1065	2173
1066	2103
1067	2052
1068	2145
1069	2125
1070	2073
1071	2065
1072	2156
1073	2133
1074	2037
1075	2188
1076	2104
1077	2137
1078	2165
1079	2149
1080	2147
1081	2127
1082	2134
1083	2107
1084	2158
1085	2120
1086	2148
1087	2095
1088	2121
1089	2081
1090	2025
1091	2056
1092	2050
1093	2107
1094	2096
1095	2051
1096	2112
1097	2139
1098	2079
1099	2073
1100	2098
1101	2150
1102	1971
1103	2046
1104	2035
1105	2057
1106	2021
1107	1991
1108	2012
1109	2123
1110	1995
1111	2085
1112	2029
1113	2053
1114	2077
1115	2002
1116	2030
1117	2061
1118	2011
1119	2038
1120	1992
1121	2078
1122	2025
1123	1932
1124	2028
1125	1945
1126	2027
1127	1975
1128	1942
1129	1982
1130	1944
1131	1936
1132	1968
1133	1933
1134	2092
1135	2010
1136	1960
1137	2068
1138	1975
1139	1982
1140	1911
1141	1938
1142	1962
1143	1905
1144	1936
1145	2001
1146	1969
1147	1936
1148	1967
1149	1969
1150	2018
1151	1961
1152	1932
1153	1867
1154	1910
1155	1966
1156	1864
1157	1900
1158	1859
1159	1918
1160	1942
1161	1876
1162	1884
1163	1915
1164	1857
1165	1888
1166	1847
1167	1835
1168	1919
1169	1817
1170	1843
1171	1799
1172	1899
1173	1892
1174	1901
1175	1842
1176	1832
1177	1870
1178	1858
1179	1872
1180	1865
1181	1891
1182	1828
1183	1759
1184	1753
1185	1792
1186	1810
1187	1809
1188	1812
1189	1762
1190	1774
1191	1804
1192	1865
1193	1782
1194	1756
1195	1755
1196	1795
1197	1793
1198	1818
1199	1770
1200	1814
1201	1782
1202	1786
1203	1766
1204	1686
1205	1823
1206	1749
1207	1812
1208	1784
1209	1720
1210	1845
1211	1782
1212	1733
1213	1712
1214	1749
1215	1740
1216	1753
1217	1739
1218	1711
1219	1737
1220	1722
1221	1734
1222	1690
1223	1676
1224	1772
1225	1650
1226	1710
1227	1737
1228	1688
1229	1601
1230	1716
1231	1673
1232	1691
1233	1710
1234	1643
1235	1699
1236	1725
1237	1613
1238	1657
1239	1686
1240	1679
1241	1725
1242	1629
1243	1618
1244	1698
1245	1634
1246	1599
1247	1668
1248	1618
1249	1719
1250	1699
1251	1657
1252	1648
1253	1656
1254	1703
1255	1570
1256	1631
1257	1632
1258	1588
1259	1615
1260	1576
1261	1637
1262	1720
1263	1625
1264	1663
1265	1625
1266	1649
1267	1649
1268	1670
1269	1631
1270	1562
1271	1549
1272	1506
1273	1636
1274	1528
1275	1586
1276	1631
1277	1591
1278	1551
1279	1649
1280	1647
1281	1627
1282	1700
1283	1562
1284	1604
1285	1562
1286	1601
1287	1556
1288	1657
1289	1570
1290	1498
1291	1573
1292	1635
1293	1578
1294	1558
1295	1615
1296	1593
1297	1585
1298	1524
1299	1506
1300	1587
1301	1582
1302	1570
1303	1558
1304	1585
1305	1521
1306	1581
1307	1604
1308	1535
1309	1543
1310	1601
1311	1542
1312	1607
1313	1498
1314	1579
1315	1558
1316	1455
1317	1485
1318	1554
1319	1565
1320	1567
1321	1482
1322	1427
1323	1594
1324	1446
1325	1544
1326	1509
1327	1528
1328	1510
1329	1481
1330	1490
1331	1574
1332	1441
1333	1473
1334	1526
1335	1513
1336	1486
1337	1466
1338	1500
1339	1491
1340	1493
1341	1556
1342	1584
1343	1457
1344	1470
1345	1488
1346	1467
1347	1497
1348	1530
1349	1467
1350	1438
1351	1473
1352	1531
1353	1410
1354	1484
1355	1427
1356	1468
1357	1478
1358	1496
1359	1471
1360	1438
1361	1429
1362	1478
1363	1444
1364	1433
1365	1496
1366	1469
1367	1467
1368	1482
1369	1445
1370	1449
1371	1451
1372	1455
1373	1456
1374	1502
1375	1411
1376	1535
1377	1458
1378	1399
1379	1406
1380	1443
1381	1485
1382	1399
1383	1418
1384	1426
1385	1436
1386	1409
1387	1439
1388	1405
1389	1414
1390	1429
1391	1431
1392	1344
1393	1374
1394	1449
1395	1406
1396	1421
1397	1447
1398	1385
1399	1378
1400	1361
1401	1348
1402	1444
1403	1447
1404	1390
1405	1358
1406	1413
1407	1360
1408	1435
1409	1425
1410	1404
1411	1433
1412	1388
1413	1331
1414	1396
1415	1342
1416	1333
1417	1365
1418	1368
1419	1454
1420	1338
1421	1400
1422	1373
1423	1435
1424	1388
1425	1378
1426	1418
1427	1397
1428	1360
1429	1330
1430	1340
1431	1359
1432	1369
1433	1454
1434	1322
1435	1318
1436	1350
1437	1311
1438	1360
1439	1390
1440	1361
1441	1346
1442	1351
1443	1358
1444	1364
1445	1352
1446	1359
1447	1351
1448	1371
1449	1336
1450	1326
1451	1393
1452	1347
1453	1421
1454	1372
1455	1300
1456	1352
1457	1389
1458	1332
1459	1356
1460	1277
1461	1306
1462	1340
1463	1344
1464	1373
1465	1296
1466	1357
1467	1371
1468	1342
1469	1306
1470	1387
1471	1308
1472	1299
1473	1349
1474	1335
1475	1298
1476	1306
1477	1275
1478	1381
1479	1334
1480	1277
1481	1274
1482	1325
1483	1360
1484	1303
1485	1299
1486	1291
1487	1272
1488	1277
1489	1327
1490	1294
1491	1296
1492	1337
1493	1313
1494	1284
1495	1351
1496	1271
1497	1264
1498	1291
1499	1283
1500	1276
1501	1352
1502	1350
1503	1352
1504	1312
1505	1344
1506	1343
1507	1299
1508	1254
1509	1245
1510	1328
1511	1289
1512	1207
1513	1283
1514	1269
1515	1294
1516	1217
1517	1295
1518	1312
1519	1293
1520	1235
1521	1268
1522	1249
1523	1277
1524	1211
1525	1310
1526	1294
1527	1303
1528	1289
1529	1272
1530	1312
1531	1339
1532	1237
1533	1270
1534	1217
1535	1304
1536	1238
1537	1220
1538	1248
1539	1261
1540	1241
1541	1284
1542	1308
1543	1232
1544	1294
1545	1263
1546	1270
1547	1280
1548	1238
1549	1231
1550	1297
1551	1264
1552	1253
1553	1227
1554	1277
1555	1223
1556	1262
1557	1226
1558	1240
1559	1178
1560	1239
1561	1225
1562	1237
1563	1257
1564	1186
1565	1188
1566	1273
1567	1235
1568	1251
1569	1274
1570	1292
1571	1193
1572	1192
1573	1196
1574	1219
1575	1241
1576	1213
1577	1183
1578	1204
1579	1232
1580	1206
1581	1245
1582	1189
1583	1215
1584	1186
1585	1216
1586	1213
1587	1234
1588	1192
1589	1218
1590	1238
1591	1281
1592	1171
1593	1194
1594	1243
1595	1205
1596	1197
1597	1190
1598	1274
1599	1209
1600	1245
1601	1158
1602	1180
1603	1265
1604	1202
1605	1158
1606	1201
1607	1175
1608	1196
1609	1191
1610	1151
1611	1247
1612	1171
1613	1195
1614	1238
1615	1218
1616	1208
1617	1128
1618	1185
1619	1217
1620	1189
1621	1200
1622	1141
1623	1179
1624	1139
1625	1195
1626	1219
1627	1185
1628	1160
1629	1220
1630	1199
1631	1197
1632	1209
1633	1138
1634	1235
1635	1142
1636	1158
1637	1155
1638	1199
1639	1158
1640	1145
1641	1134
1642	1137
1643	1202
1644	1198
1645	1179
1646	1172
1647	1179
1648	1191
1649	1163
1650	1161
1651	1175
1652	1168
1653	1165
1654	1174
1655	1165
1656	1145
1657	1204
1658	1164
1659	1109
1660	1129
1661	1162
1662	1145
1663	1203
1664	1118
1665	1154
1666	1164
1667	1126
1668	1127
1669	1153
1670	1172
1671	1161
1672	1148
1673	1156
1674	1152
1675	1158
1676	1165
1677	1167
1678	1145
1679	1143
1680	1121
1681	1166
1682	1176
1683	1196
1684	1115
1685	1098
1686	1174
1687	1124
1688	1139
1689	1122
1690	1149
1691	1171
1692	1130
1693	1135
1694	1080
1695	1111
1696	1144
1697	1122
1698	1091
1699	1179
1700	1132
1701	1184
1702	1126
1703	1156
1704	1145
1705	1167
1706	1148
1707	1135
1708	1163
1709	1044
1710	1108
1711	1119
1712	1088
1713	1109
1714	1103
1715	1069
1716	1156
1717	1111
1718	1145
1719	1165
1720	1121
1721	1140
1722	1107
1723	1108
1724	1081
1725	1094
1726	1125
1727	1185
1728	1095
1729	1129
1730	1150
1731	1125
1732	1104
1733	1184
1734	1161
1735	1104
1736	1119
1737	1120
1738	1098
1739	1149
1740	1085
1741	1122
1742	1071
1743	1113
1744	1065
1745	1044
1746	1133
1747	1116
1748	1059
1749	1123
1750	1019
1751	1070
1752	1086
1753	1069
1754	1096
1755	1054
1756	1128
1757	1094
1758	1057
1759	1087
1760	1006
1761	1069
1762	1018
1763	1109
1764	1098
1765	1118
1766	1067
1767	1073
1768	1111
1769	1040
1770	1104
1771	1079
1772	1030
1773	1080
1774	1116
1775	1007
1776	1112
1777	1028
1778	1033
1779	1087
1780	1066
1781	1047
1782	1032
1783	1082
1784	1051
1785	1032
1786	1039
1787	1131
1788	1115
1789	1111
1790	1038
1791	1125
1792	1051
1793	1082
1794	1007
1795	1025
1796	1084
1797	1013
1798	1066
1799	1096
1800	1003
1801	1079
1802	1032
1803	1068
1804	1027
1805	1051
1806	1014
1807	1097
1808	1093
1809	1027
1810	1035
1811	1081
1812	1024
1813	1045
1814	1086
1815	1054
1816	1090
1817	1063
1818	1064
1819	1057
1820	1059
1821	1046
1822	1046
1823	1037
1824	1052
1825	1093
1826	1031
1827	1093
1828	1027
1829	1085
1830	964
1831	1055
1832	1084
1833	1003
1834	1075
1835	1045
1836	1039
1837	1035
1838	1014
1839	1099
1840	1003
1841	1047
1842	1016
1843	1063
1844	1031
1845	1009
1846	1129
1847	1031
1848	1014
1849	1005
1850	1011
1851	1012
1852	1100
1853	1014
1854	1027
1855	1037
1856	1052
1857	1013
1858	988
1859	1078
1860	1048
1861	1038
1862	1006
1863	1008
1864	1074
1865	1025
1866	1008
1867	1033
1868	1051
1869	1013
1870	1029
1871	1036
1872	1037
1873	1047
1874	1017
1875	990
1876	1000
1877	971
1878	1004
1879	1041
1880	986
1881	996
1882	1039
1883	1019
1884	931
1885	1007
1886	966
1887	1015
1888	992
1889	1023
1890	1025
1891	1059
1892	1074
1893	1067
1894	1016
1895	992
1896	999
1897	1030
1898	1023
1899	981
1900	991
1901	1027
1902	1035
1903	975
1904	1002
1905	995
1906	937
1907	1038
1908	1025
1909	1019
1910	1012
1911	1011
1912	1002
1913	1013
1914	997
1915	1006
1916	973
1917	1009
1918	989
1919	1002
1920	941
1921	1009
1922	971
1923	988
1924	956
1925	963
1926	1007
1927	982
1928	977
1929	1027
1930	982
1931	974
1932	1036
1933	973
1934	993
1935	967
1936	1001
1937	951
1938	962
1939	992
1940	1013
1941	974
1942	933
1943	1004
1944	1015
1945	966
1946	940
1947	961
1948	1009
1949	942
1950	928
1951	1055
1952	1007
1953	980
1954	1021
1955	974
1956	998
1957	997
1958	960
1959	977
1960	976
1961	970
1962	907
1963	956
1964	968
1965	1047
1966	965
1967	963
1968	981
1969	935
1970	1028
1971	1018
1972	968
1973	936
1974	971
1975	979
1976	981
1977	997
1978	976
1979	911
1980	992
1981	991
1982	987
1983	986
1984	981
1985	969
1986	1013
1987	884
1988	938
1989	955
1990	971
1991	1036
1992	935
1993	978
1994	945
1995	937
1996	892
1997	930
1998	955
1999	972
2000	1004
2001	938
2002	924
2003	983
2004	980
2005	941
2006	926
2007	979
2008	960
2009	946
2010	916
2011	998
2012	956
2013	964
2014	1009
2015	966
2016	989
2017	989
2018	926
2019	958
2020	948
2021	995
2022	979
2023	972
2024	1006
2025	972
2026	967
2027	989
2028	952
2029	983
2030	956
2031	1008
2032	951
2033	939
2034	960
2035	890
2036	959
2037	986
2038	920
2039	897
2040	928
2041	930
2042	996
2043	906
2044	918
2045	1019
2046	969
2047	970
2048	994
2049	955
2050	991
2051	922
2052	951
2053	936
2054	1009
2055	982
2056	967
2057	927
2058	1031
2059	997
2060	917
2061	893
2062	906
2063	1004
2064	954
2065	962
2066	962
2067	960
2068	957
2069	911
2070	917
2071	934
2072	935
2073	909
2074	908
2075	943
2076	922
2077	915
2078	932
2079	899
2080	942
2081	959
2082	899
2083	954
2084	961
2085	949
2086	944
2087	1025
2088	939
2089	933
2090	966
2091	916
2092	933
2093	944
2094	999
2095	940
2096	1003
2097	911
2098	941
2099	983
2100	957
2101	953
2102	969
2103	932
2104	951
2105	1001
2106	999
2107	958
2108	974
2109	928
2110	968
2111	998
2112	948
2113	933
2114	935
2115	933
2116	940
2117	955
2118	952
2119	978
2120	931
2121	901
2122	889
2123	988
2124	916
2125	953
2126	921
2127	940
2128	937
2129	948
2130	1023
2131	967
2132	942
2133	962
2134	911
2135	920
2136	935
2137	924
2138	958
2139	971
2140	911
2141	957
2142	922
2143	945
2144	897
2145	1016
2146	954
2147	976
2148	914
2149	965
2150	924
2151	951
2152	965
2153	935
2154	986
2155	942
2156	969
2157	926
2158	916
2159	992
2160	937
2161	952
2162	958
2163	938
2164	888
2165	929
2166	896
2167	963
2168	988
2169	983
2170	904
2171	980
2172	987
2173	960
2174	952
2175	933
2176	903
2177	937
2178	992
2179	983
2180	911
2181	934
2182	942
2183	944
2184	874
2185	963
2186	928
2187	925
2188	1007
2189	949
2190	977
2191	965
2192	949
2193	955
2194	938
2195	892
2196	958
2197	953
2198	981
2199	954
2200	982
2201	961
2202	946
2203	928
2204	887
2205	952
2206	966
2207	922
2208	975
2209	943
2210	941
2211	971
2212	941
2213	948
2214	908
2215	916
2216	969
2217	941
2218	981
2219	949
2220	922
2221	918
2222	962
2223	922
2224	961
2225	1029
2226	987
2227	947
2228	951
2229	926
2230	932
2231	904
2232	936
2233	901
2234	916
2235	905
2236	973
2237	964
2238	917
2239	964
2240	977
2241	931
2242	944
2243	970
2244	941
2245	983
2246	960
2247	917
2248	957
2249	970
2250	916
2251	946
2252	904
2253	1012
2254	926
2255	855
2256	914
2257	954
2258	1014
2259	943
2260	960
2261	951
2262	943
2263	945
2264	931
2265	915
2266	971
2267	907
2268	982
2269	897
2270	946
2271	946
2272	975
2273	923
2274	958
2275	985
2276	955
2277	963
2278	943
2279	978
2280	989
2281	969
2282	943
2283	989
2284	943
2285	1010
2286	948
2287	954
2288	918
2289	952
2290	988
2291	955
2292	925
2293	984
2294	937
2295	980
2296	976
2297	962
2298	959
2299	923
2300	967
2301	1032
2302	967
2303	953
2304	896
2305	929
2306	959
2307	974
2308	966
2309	895
2310	954
2311	997
2312	958
2313	950
2314	951
2315	960
2316	936
2317	895
2318	953
2319	915
2320	907
2321	948
2322	915
2323	921
2324	918
2325	1011
2326	933
2327	959
2328	929
2329	909
2330	970
2331	1019
2332	926
2333	943
2334	908
2335	976
2336	981
2337	917
2338	945
2339	903
2340	1025
2341	999
2342	973
2343	973
2344	923
2345	869
2346	873
2347	973
2348	979
2349	937
2350	990
2351	960
2352	975
2353	942
2354	922
2355	922
2356	1003
2357	929
2358	919
2359	930
2360	896
2361	1018
2362	917
2363	892
2364	958
2365	867
2366	934
2367	944
2368	950
2369	932
2370	928
2371	934
2372	877
2373	882
2374	930
2375	975
2376	950
2377	904
2378	921
2379	934
2380	916
2381	916
2382	921
2383	905
2384	903
2385	908
2386	929
2387	836
2388	979
2389	938
2390	918
2391	911
2392	862
2393	946
2394	903
2395	912
2396	895
2397	917
2398	981
2399	897
2400	905
2401	931
2402	914
2403	906
2404	923
2405	896
2406	860
2407	942
2408	909
2409	874
2410	894
2411	924
2412	898
2413	953
2414	954
2415	906
2416	922
2417	884
2418	931
2419	920
2420	908
2421	951
2422	903
2423	838
2424	898
2425	915
2426	859
2427	901
2428	873
2429	853
2430	882
2431	906
2432	890
2433	892
2434	894
2435	864
2436	855
2437	850
2438	863
2439	875
2440	821
2441	830
2442	847
2443	864
2444	870
2445	821
2446	814
2447	901
2448	857
2449	804
2450	823
2451	804
2452	854
2453	848
2454	858
2455	787
2456	856
2457	834
2458	804
2459	830
2460	812
2461	860
2462	764
2463	866
2464	831
2465	785
2466	772
2467	828
2468	810
2469	743
2470	840
2471	803
2472	791
2473	724
2474	802
2475	792
2476	738
2477	843
2478	721
2479	791
2480	779
2481	749
2482	774
2483	809
2484	814
2485	739
2486	759
2487	695
2488	778
2489	729
2490	747
2491	739
2492	738
2493	711
2494	729
2495	727
2496	753
2497	768
2498	693
2499	786
2500	744
2501	745
2502	754
2503	692
2504	705
2505	705
2506	721
2507	744
2508	718
2509	716
2510	683
2511	682
2512	719
2513	696
2514	624
2515	669
2516	649
2517	714
2518	610
2519	685
2520	639
2521	670
2522	635
2523	646
2524	689
2525	643
2526	669
2527	659
2528	683
2529	631
2530	623
2531	648
2532	694
2533	601
2534	656
2535	613
2536	607
2537	602
2538	598
2539	625
2540	629
2541	587
2542	630
2543	676
2544	636
2545	621
2546	610
2547	611
2548	620
2549	594
2550	633
2551	585
2552	598
2553	623
2554	610
2555	547
2556	591
2557	585
2558	612
2559	590
2560	562
2561	512
2562	591
2563	591
2564	574
2565	602
2566	529
2567	556
2568	582
2569	530
2570	589
2571	565
2572	565
2573	594
2574	558
2575	540
2576	532
2577	536
2578	527
2579	539
2580	525
2581	504
2582	527
2583	487
2584	487
2585	513
2586	559
2587	524
2588	474
2589	503
2590	534
2591	491
2592	503
2593	526
2594	497
2595	492
2596	501
2597	507
2598	519
2599	509
2600	539
2601	502
2602	450
2603	487
2604	483
2605	504
2606	493
2607	489
2608	488
2609	489
2610	481
2611	484
2612	450
2613	457
2614	473
2615	498
2616	497
2617	482
2618	446
2619	436
2620	440
2621	439
2622	482
2623	460
2624	494
2625	451
2626	461
2627	459
2628	468
2629	433
2630	442
2631	487
2632	442
2633	480
2634	435
2635	459
2636	441
2637	421
2638	449
2639	413
2640	434
2641	461
2642	455
2643	435
2644	426
2645	446
2646	448
2647	410
2648	413
2649	415
2650	444
2651	421
2652	409
2653	397
2654	398
2655	472
2656	396
2657	413
2658	387
2659	413
2660	406
2661	429
2662	405
2663	399
2664	390
2665	417
2666	424
2667	412
2668	394
2669	420
2670	403
2671	413
2672	399
2673	420
2674	416
2675	381
2676	400
2677	406
2678	377
2679	398
2680	407
2681	395
2682	384
2683	383
2684	384
2685	401
2686	357
2687	396
2688	406
2689	376
2690	370
2691	377
2692	399
2693	357
2694	380
2695	379
2696	389
2697	387
2698	381
2699	386
2700	378
2701	357
2702	367
2703	378
2704	368
2705	356
2706	371
2707	385
2708	379
2709	340
2710	367
2711	340
2712	348
2713	375
2714	364
2715	362
2716	362
2717	376
2718	333
2719	367
2720	376
2721	334
2722	355
2723	358
2724	313
2725	324
2726	367
2727	373
2728	356
2729	353
2730	349
2731	353
2732	341
2733	327
2734	376
2735	324
2736	359
2737	355
2738	333
2739	317
2740	354
2741	344
2742	317
2743	386
2744	351
2745	322
2746	356
2747	334
2748	352
2749	312
2750	366
2751	331
2752	351
2753	310
2754	339
2755	333
2756	360
2757	339
2758	348
2759	333
2760	346
2761	323
2762	301
2763	294
2764	328
2765	315
2766	324
2767	337
2768	302
2769	325
2770	344
2771	336
2772	299
2773	347
2774	294
2775	318
2776	279
2777	334
2778	326
2779	300
2780	336
2781	358
2782	295
2783	316
2784	309
2785	271
2786	313
2787	307
2788	341
2789	290
2790	347
2791	335
2792	305
2793	323
2794	348
2795	325
2796	336
2797	332
2798	353
2799	322
2800	301
2801	310
2802	321
2803	301
2804	288
2805	339
2806	345
2807	335
2808	288
2809	289
2810	306
2811	300
2812	284
2813	333
2814	311
2815	312
2816	298
2817	310
2818	287
2819	307
2820	279
2821	285
2822	288
2823	310
2824	337
2825	321
2826	315
2827	301
2828	320
2829	280
2830	306
2831	270
2832	288
2833	265
2834	282
2835	303
2836	294
2837	289
2838	264
2839	315
2840	291
2841	285
2842	288
2843	291
2844	275
2845	284
2846	283
2847	280
2848	287
2849	292
2850	272
2851	299
2852	289
2853	326
2854	302
2855	267
2856	277
2857	276
2858	249
2859	283
2860	299
2861	284
2862	296
2863	282
2864	280
2865	313
2866	263
2867	274
2868	278
2869	283
2870	288
2871	275
2872	314
2873	284
2874	288
2875	279
2876	283
2877	268
2878	275
2879	297
2880	324
2881	280
2882	282
2883	291
2884	263
2885	264
2886	279
2887	265
2888	283
2889	262
2890	258
2891	298
2892	238
2893	270
2894	282
2895	272
2896	276
2897	293
2898	266
2899	240
2900	285
2901	260
2902	261
2903	297
2904	269
2905	290
2906	263
2907	262
2908	231
2909	285
2910	264
2911	265
2912	273
2913	275
2914	286
2915	254
2916	261
2917	291
2918	261
2919	254
2920	280
2921	258
2922	283
2923	260
2924	266
2925	260
2926	261
2927	249
2928	262
2929	303
2930	262
2931	284
2932	307
2933	271
2934	292
2935	266
2936	270
2937	276
2938	262
2939	281
2940	283
2941	255
2942	298
2943	213
2944	255
2945	252
2946	307
2947	270
2948	295
2949	263
2950	262
2951	270
2952	291
2953	265
2954	264
2955	264
2956	273
2957	267
2958	263
2959	245
2960	246
2961	257
2962	242
2963	272
2964	262
2965	248
2966	240
2967	269
2968	283
2969	265
2970	256
2971	267
2972	290
2973	290
2974	243
2975	265
2976	272
2977	266
2978	273
2979	253
2980	251
2981	236
2982	267
2983	249
2984	260
2985	247
2986	244
2987	275
2988	254
2989	292
2990	248
2991	288
2992	246
2993	276
2994	293
2995	241
2996	251
2997	261
2998	283
2999	240
3000	290
3001	264
3002	243
3003	256
3004	244
3005	286
3006	280
3007	256
3008	259
3009	258
3010	243
3011	244
3012	257
3013	208
3014	269
3015	253
3016	264
3017	230
3018	261
3019	248
3020	265
3021	242
3022	250
3023	247
3024	269
3025	265
3026	225
3027	256
3028	259
3029	254
3030	259
3031	242
3032	278
3033	267
3034	263
3035	251
3036	238
3037	236
3038	241
3039	244
3040	258
3041	285
3042	223
3043	240
3044	241
3045	240
3046	279
3047	226
3048	254
3049	233
3050	244
3051	258
3052	264
3053	242
3054	236
3055	230
3056	275
3057	263
3058	269
3059	254
3060	278
3061	233
3062	251
3063	264
3064	276
3065	260
3066	262
3067	223
3068	228
3069	275
3070	265
3071	249
3072	261
3073	286
3074	272
3075	278
3076	277
3077	257
3078	251
3079	259
3080	269
3081	260
3082	251
3083	256
3084	281
3085	253
3086	247
3087	286
3088	252
3089	266
3090	246
3091	239
3092	250
3093	265
3094	258
3095	259
3096	285
3097	233
3098	270
3099	241
3100	247
3101	246
3102	241
3103	264
3104	252
3105	271
3106	262
3107	269
3108	268
3109	256
3110	273
3111	248
3112	232
3113	293
3114	258
3115	303
3116	282
3117	260
3118	256
3119	271
3120	258
3121	253
3122	280
3123	258
3124	255
3125	279
3126	276
3127	260
3128	274
3129	271
3130	289
3131	259
3132	284
3133	264
3134	290
3135	276
3136	285
3137	285
3138	261
3139	266
3140	300
3141	267
3142	288
3143	306
3144	297
3145	292
3146	303
3147	290
3148	288
3149	291
3150	287
3151	285
3152	290
3153	285
3154	287
3155	269
3156	272
3157	312
3158	289
3159	288
3160	287
3161	295
3162	283
3163	310
3164	273
3165	307
3166	302
3167	332
3168	288
3169	300
3170	291
3171	292
3172	311
3173	313
3174	315
3175	322
3176	326
3177	307
3178	306
3179	326
3180	314
3181	303
3182	327
3183	345
3184	305
3185	312
3186	332
3187	353
3188	353
3189	330
3190	332
3191	330
3192	316
3193	331
3194	330
3195	336
3196	356
3197	338
3198	341
3199	372
3200	365
3201	381
3202	369
3203	381
3204	365
3205	388
3206	373
3207	357
3208	403
3209	371
3210	413
3211	400
3212	407
3213	408
3214	401
3215	419
3216	404
3217	402
3218	429
3219	454
3220	380
3221	451
3222	458
3223	473
3224	440
3225	485
3226	483
3227	465
3228	493
3229	452
3230	471
3231	449
3232	461
3233	485
3234	484
3235	495
3236	506
3237	503
3238	468
3239	527
3240	572
3241	509
3242	502
3243	579
3244	526
3245	550
3246	564
3247	558
3248	579
3249	549
3250	584
3251	627
3252	616
3253	620
3254	614
3255	650
3256	643
3257	678
3258	652
3259	608
3260	616
3261	673
3262	667
3263	663
3264	662
3265	661
3266	692
3267	758
3268	715
3269	707
3270	766
3271	685
3272	778
3273	713
3274	816
3275	816
3276	802
3277	819
3278	819
3279	831
3280	819
3281	803
3282	925
3283	858
3284	900
3285	888
3286	894
3287	920
3288	986
3289	967
3290	934
3291	952
3292	1007
3293	938
3294	1003
3295	1013
3296	1048
3297	1078
3298	1062
3299	1064
3300	1144
3301	1101
3302	1112
3303	1182
3304	1157
3305	1173
3306	1166
3307	1140
3308	1167
3309	1220
3310	1233
3311	1227
3312	1165
3313	1228
3314	1314
3315	1367
3316	1301
3317	1381
3318	1338
3319	1395
3320	1381
3321	1374
3322	1445
3323	1535
3324	1451
3325	1508
3326	1615
3327	1511
3328	1573
3329	1518
3330	1630
3331	1657
3332	1637
3333	1619
3334	1745
3335	1622
3336	1739
3337	1738
3338	1764
3339	1748
3340	1823
3341	1824
3342	1863
3343	1831
3344	1882
3345	1963
3346	1903
3347	1961
3348	1992
3349	1922
3350	2135
3351	2061
3352	2093
3353	2146
3354	2080
3355	2165
3356	2179
3357	2241
3358	2201
3359	2290
3360	2230
3361	2250
3362	2292
3363	2358
3364	2411
3365	2465
3366	2427
3367	2428
3368	2491
3369	2406
3370	2511
3371	2568
3372	2660
3373	2524
3374	2764
3375	2644
3376	2722
3377	2786
3378	2783
3379	2697
3380	2857
3381	2876
3382	2808
3383	2843
3384	2940
3385	2940
3386	3059
3387	3009
3388	3081
3389	3139
3390	3225
3391	3069
3392	3236
3393	3228
3394	3273
3395	3314
3396	3269
3397	3437
3398	3334
3399	3461
3400	3453
3401	3449
3402	3567
3403	3523
3404	3573
3405	3601
3406	3568
3407	3719
3408	3678
3409	3799
3410	3711
3411	3880
3412	3814
3413	3885
3414	3905
3415	4019
3416	4087
3417	4057
3418	3982
3419	4038
3420	4193
3421	4196
3422	4179
3423	4330
3424	4256
3425	4321
3426	4391
3427	4264
3428	4289
3429	4337
3430	4448
3431	4547
3432	4558
3433	4588
3434	4597
3435	4473
3436	4627
3437	4654
3438	4717
3439	4704
3440	4809
3441	4751
3442	4878
3443	4971
3444	4888
3445	4905
3446	4957
3447	5022
3448	4904
3449	4949
3450	5158
3451	5017
3452	5061
3453	5086
3454	5199
3455	5318
3456	5292
3457	5337
3458	5071
3459	5365
3460	5523
3461	5432
3462	5359
3463	5472
3464	5572
3465	5595
3466	5641
3467	5544
3468	5582
3469	5736
3470	5711
3471	5622
3472	5707
3473	5595
3474	5773
3475	5757
3476	5815
3477	5745
3478	6038
3479	5890
3480	5723
3481	5931
3482	5973
3483	5983
3484	6008
3485	5984
3486	5948
3487	6056
3488	6140
3489	6131
3490	6097
3491	6088
3492	6276
3493	6320
3494	6114
3495	6232
3496	6190
3497	6245
3498	6415
3499	6341
3500	6361
3501	6355
3502	6187
3503	6216
3504	6394
3505	6391
3506	6330
3507	6379
3508	6176
3509	6382
3510	6453
3511	6300
3512	6472
3513	6366
3514	6481
3515	6468
3516	6416
3517	6333
3518	6570
3519	6435
3520	6558
3521	6530
3522	6550
3523	6407
3524	6451
3525	6507
3526	6621
3527	6493
3528	6460
3529	6509
3530	6573
3531	6581
3532	6489
3533	6460
3534	6379
3535	6537
3536	6362
3537	6509
3538	6570
3539	6486
3540	6380
3541	6435
3542	6501
3543	6444
3544	6424
3545	6381
3546	6346
3547	6379
3548	6363
3549	6445
3550	6392
3551	6415
3552	6447
3553	6413
3554	6409
3555	6382
3556	6281
3557	6447
3558	6116
3559	6186
3560	6187
3561	6145
3562	6183
3563	6307
3564	6164
3565	6160
3566	6263
3567	6014
3568	6021
3569	6030
3570	6014
3571	6030
3572	5989
3573	6002
3574	6012
3575	5958
3576	6042
3577	6026
3578	5861
3579	5889
3580	5855
3581	5764
3582	5719
3583	5718
3584	5716
3585	5719
3586	5730
3587	5586
3588	5647
3589	5647
3590	5568
3591	5399
3592	5442
3593	5460
3594	5352
3595	5444
3596	5360
3597	5369
3598	5211
3599	5243
3600	5218
3601	5304
3602	5289
3603	5181
3604	5118
3605	5035
3606	5030
3607	5169
3608	5065
3609	4945
3610	4916
3611	4874
3612	4860
3613	4810
3614	4838
3615	4860
3616	4751
3617	4639
3618	4765
3619	4698
3620	4612
3621	4584
3622	4492
3623	4482
3624	4374
3625	4278
3626	4440
3627	4228
3628	4348
3629	4193
3630	4181
3631	4121
3632	4042
3633	4210
3634	4072
3635	4074
3636	3972
3637	3948
3638	3927
3639	3967
3640	3866
3641	3890
3642	3709
3643	3727
3644	3748
3645	3618
3646	3640
3647	3657
3648	3624
3649	3557
3650	3492
3651	3566
3652	3413
3653	3352
3654	3312
3655	3373
3656	3300
3657	3292
3658	3167
3659	3231
3660	3124
3661	3070
3662	2917
3663	2995
3664	2990
3665	3019
3666	2791
3667	2821
3668	2864
3669	2853
3670	2728
3671	2739
3672	2728
3673	2720
3674	2643
3675	2611
3676	2575
3677	2514
3678	2533
3679	2457
3680	2482
3681	2465
3682	2408
3683	2379
3684	2304
3685	2265
3686	2275
3687	2225
3688	2267
3689	2172
3690	2168
3691	2072
3692	2048
3693	2020
3694	2146
3695	2033
3696	1888
3697	1968
3698	1990
3699	1953
3700	1883
3701	1786
3702	1820
3703	1833
3704	1724
3705	1748
3706	1756
3707	1682
3708	1670
3709	1725
3710	1592
3711	1562
3712	1579
3713	1524
3714	1468
3715	1499
3716	1473
3717	1465
3718	1431
3719	1411
3720	1350
3721	1322
3722	1310
3723	1313
3724	1282
3725	1340
3726	1185
3727	1268
3728	1236
3729	1139
3730	1168
3731	1164
3732	1177
3733	1048
3734	1090
3735	1097
3736	1047
3737	995
3738	1017
3739	969
3740	983
3741	938
3742	917
3743	970
3744	934
3745	929
3746	867
3747	808
3748	908
3749	801
3750	813
3751	794
3752	815
3753	741
3754	756
3755	738
3756	737
3757	690
3758	688
3759	661
3760	637
3761	675
3762	639
3763	629
3764	616
3765	615
3766	580
3767	612
3768	593
3769	585
3770	580
3771	553
3772	554
3773	530
3774	505
3775	473
3776	497
3777	478
3778	476
3779	448
3780	445
3781	422
3782	410
3783	410
3784	437
3785	422
3786	414
3787	400
3788	347
3789	383
3790	408
3791	354
3792	339
3793	361
3794	352
3795	349
3796	302
3797	325
3798	288
3799	287
3800	311
3801	301
3802	301
3803	272
3804	264
3805	287
3806	275
3807	248
3808	244
3809	214
3810	219
3811	241
3812	221
3813	225
3814	214
3815	222
3816	212
3817	208
3818	199
3819	225
3820	216
3821	209
3822	193
3823	196
3824	192
3825	183
3826	154
3827	177
3828	146
3829	133
3830	155
3831	168
3832	133
3833	133
3834	136
3835	121
3836	126
3837	135
3838	122
3839	124
3840	143
3841	117
3842	134
3843	154
3844	121
3845	116
3846	100
3847	108
3848	112
3849	92
3850	95
3851	102
3852	104
3853	103
3854	102
3855	90
3856	103
3857	100
3858	80
3859	91
3860	93
3861	91
3862	83
3863	86
3864	77
3865	81
3866	68
3867	97
3868	69
3869	94
3870	74
3871	64
3872	82
3873	68
3874	72
3875	82
3876	82
3877	68
3878	64
3879	88
3880	76
3881	64
3882	70
3883	64
3884	74
3885	48
3886	57
3887	73
3888	56
3889	72
3890	65
3891	69
3892	63
3893	53
3894	56
3895	53
3896	61
3897	53
3898	54
3899	57
3900	49
3901	62
3902	66
3903	53
3904	52
3905	60
3906	61
3907	48
3908	50
3909	59
3910	61
3911	51
3912	38
3913	41
3914	37
3915	41
3916	49
3917	53
3918	39
3919	43
3920	46
3921	49
3922	47
3923	49
3924	43
3925	43
3926	39
3927	47
3928	40
3929	42
3930	41
3931	43
3932	33
3933	49
3934	35
3935	43
3936	39
3937	39
3938	41
3939	40
3940	39
3941	33
3942	43
3943	37
3944	27
3945	41
3946	46
3947	41
3948	45
3949	42
3950	34
3951	43
3952	34
3953	46
3954	38
3955	34
3956	35
3957	33
3958	34
3959	42
3960	34
3961	53
3962	43
3963	38
3964	40
3965	27
3966	40
3967	35
3968	43
3969	34
3970	39
3971	41
3972	44
3973	32
3974	44
3975	33
3976	32
3977	45
3978	38
3979	41
3980	37
3981	37
3982	44
3983	37
3984	41
3985	33
3986	33
3987	29
3988	41
3989	41
3990	30
3991	30
3992	47
3993	45
3994	45
3995	40
3996	29
3997	27
3998	53
3999	24
4000	44
4001	38
4002	37
4003	40
4004	41
4005	40
4006	36
4007	38
4008	25
4009	37
4010	54
4011	37
4012	45
4013	45
4014	36
4015	39
4016	44
4017	28
4018	37
4019	38
4020	40
4021	38
4022	35
4023	53
4024	34
4025	35
4026	40
4027	39
4028	40
4029	44
4030	42
4031	35
4032	25
4033	49
4034	34
4035	39
4036	36
4037	31
4038	34
4039	45
4040	36
4041	41
4042	29
4043	37
4044	35
4045	33
4046	30
4047	45
4048	34
4049	40
4050	48
4051	44
4052	30
4053	38
4054	40
4055	38
4056	37
4057	30
4058	39
4059	30
4060	26
4061	42
4062	42
4063	44
4064	37
4065	28
4066	45
4067	40
4068	28
4069	30
4070	27
4071	41
4072	40
4073	37
4074	29
4075	41
4076	38
4077	35
4078	32
4079	30
4080	41
4081	26
4082	34
4083	42
4084	31
4085	21
4086	38
4087	39
4088	37
4089	30
4090	45
4091	35
4092	38
4093	44
4094	30
4095	38
4096	34
4097	32
4098	43
4099	32
4100	38
4101	30
4102	28
4103	32
4104	35
4105	42
4106	36
4107	42
4108	38
4109	35
4110	41
4111	31
4112	37
4113	25
4114	40
4115	50
4116	44
4117	26
4118	30
4119	41
4120	41
4121	31
4122	35
4123	28
4124	35
4125	38
4126	39
4127	34
4128	53
4129	32
4130	37
4131	33
4132	54
4133	34
4134	36
4135	33
4136	40
4137	28
4138	32
4139	41
4140	44
4141	35
4142	43
4143	41
4144	31
4145	43
4146	27
4147	21
4148	35
4149	34
4150	34
4151	34
4152	33
4153	43
4154	34
4155	39
4156	32
4157	41
4158	31
4159	46
4160	30
4161	34
4162	35
4163	33
4164	44
4165	34
4166	28
4167	30
4168	26
4169	29
4170	39
4171	50
4172	43
4173	39
4174	34
4175	35
4176	36
4177	24
4178	38
4179	32
4180	39
4181	32
4182	39
4183	31
4184	39
4185	40
4186	29
4187	31
4188	34
4189	29
4190	37
4191	38
4192	42
4193	45
4194	38
4195	30
4196	37
4197	39
4198	25
4199	25
4200	39
4201	41
4202	41
4203	28
4204	28
4205	43
4206	34
4207	35
4208	30
4209	30
4210	28
4211	38
4212	37
4213	33
4214	31
4215	35
4216	35
4217	32
4218	24
4219	29
4220	31
4221	32
4222	31
4223	35
4224	35
4225	23
4226	32
4227	35
4228	43
4229	33
4230	46
4231	39
4232	31
4233	48
4234	31
4235	36
4236	36
4237	48
4238	28
4239	25
4240	39
4241	36
4242	34
4243	42
4244	34
4245	27
4246	37
4247	40
4248	29
4249	26
4250	48
4251	23
4252	35
4253	29
4254	38
4255	37
4256	35
4257	37
4258	37
4259	37
4260	33
4261	28
4262	37
4263	31
4264	28
4265	33
4266	35
4267	28
4268	35
4269	34
4270	24
4271	27
4272	27
4273	50
4274	35
4275	28
4276	24
4277	39
4278	30
4279	25
4280	29
4281	38
4282	36
4283	28
4284	24
4285	39
4286	30
4287	29
4288	25
4289	36
4290	31
4291	37
4292	32
4293	32
4294	28
4295	28
4296	25
4297	28
4298	33
4299	38
4300	39
4301	39
4302	31
4303	33
4304	42
4305	30
4306	36
4307	32
4308	35
4309	37
4310	42
4311	33
4312	33
4313	28
4314	46
4315	36
4316	27
4317	26
4318	27
4319	28
4320	34
4321	46
4322	29
4323	29
4324	40
4325	27
4326	31
4327	29
4328	40
4329	25
4330	41
4331	25
4332	27
4333	30
4334	30
4335	38
4336	28
4337	33
4338	31
4339	26
4340	26
4341	32
4342	27
4343	33
4344	32
4345	26
4346	43
4347	37
4348	43
4349	30
4350	30
4351	27
4352	23
4353	34
4354	37
4355	39
4356	33
4357	28
4358	36
4359	23
4360	29
4361	30
4362	34
4363	29
4364	30
4365	34
4366	31
4367	27
4368	40
4369	30
4370	31
4371	33
4372	28
4373	27
4374	33
4375	34
4376	32
4377	26
4378	35
4379	25
4380	33
4381	26
4382	27
4383	27
4384	41
4385	42
4386	31
4387	38
4388	31
4389	34
4390	29
4391	27
4392	36
4393	41
4394	39
4395	37
4396	44
4397	18
4398	32
4399	30
4400	22
4401	29
4402	33
4403	25
4404	19
4405	37
4406	25
4407	24
4408	25
4409	35
4410	24
4411	35
4412	21
4413	34
4414	22
4415	37
4416	29
4417	28
4418	44
4419	28
4420	25
4421	29
4422	39
4423	33
4424	28
4425	40
4426	33
4427	24
4428	39
4429	33
4430	24
4431	26
4432	33
4433	38
4434	37
4435	35
4436	37
4437	28
4438	23
4439	32
4440	32
4441	34
4442	31
4443	31
4444	34
4445	34
4446	30
4447	31
4448	22
4449	30
4450	29
4451	28
4452	27
4453	27
4454	31
4455	26
4456	27
4457	29
4458	37
4459	34
4460	26
4461	29
4462	39
4463	20
4464	34
4465	32
4466	33
4467	30
4468	24
4469	32
4470	24
4471	29
4472	41
4473	26
4474	22
4475	35
4476	24
4477	27
4478	28
4479	37
4480	22
4481	27
4482	30
4483	28
4484	28
4485	28
4486	33
4487	31
4488	31
4489	33
4490	18
4491	30
4492	37
4493	27
4494	39
4495	34
4496	34
4497	21
4498	30
4499	23
4500	25
4501	28
4502	32
4503	38
4504	30
4505	29
4506	38
4507	25
4508	27
4509	23
4510	22
4511	26
4512	26
4513	37
4514	30
4515	41
4516	39
4517	40
4518	28
4519	28
4520	34
4521	30
4522	31
4523	27
4524	23
4525	28
4526	29
4527	30
4528	23
4529	21
4530	32
4531	33
4532	22
4533	23
4534	26
4535	23
4536	32
4537	14
4538	23
4539	37
4540	22
4541	30
4542	26
4543	23
4544	30
4545	29
4546	29
4547	30
4548	29
4549	25
4550	20
4551	30
4552	32
4553	24
4554	26
4555	32
4556	25
4557	33
4558	27
4559	27
4560	24
4561	30
4562	30
4563	33
4564	25
4565	32
4566	39
4567	32
4568	33
4569	30
4570	21
4571	25
4572	33
4573	32
4574	27
4575	28
4576	23
4577	33
4578	22
4579	24
4580	25
4581	34
4582	28
4583	33
4584	22
4585	22
4586	29
4587	33
4588	36
4589	22
4590	41
4591	23
4592	15
4593	31
4594	32
4595	31
4596	27
4597	22
4598	22
4599	30
4600	27
4601	20
4602	25
4603	24
4604	30
4605	24
4606	29
4607	25
4608	32
4609	25
4610	32
4611	22
4612	27
4613	28
4614	33
4615	30
4616	18
4617	33
4618	25
4619	25
4620	34
4621	23
4622	35
4623	32
4624	25
4625	31
4626	25
4627	39
4628	35
4629	33
4630	32
4631	19
4632	36
4633	24
4634	27
4635	26
4636	29
4637	22
4638	22
4639	25
4640	27
4641	29
4642	41
4643	23
4644	25
4645	34
4646	38
4647	25
4648	35
4649	22
4650	36
4651	31
4652	18
4653	38
4654	30
4655	26
4656	28
4657	33
4658	26
4659	21
4660	44
4661	33
4662	28
4663	36
4664	31
4665	26
4666	25
4667	33
4668	34
4669	25
4670	26
4671	24
4672	31
4673	31
4674	29
4675	29
4676	17
4677	21
4678	22
4679	23
4680	27
4681	32
4682	22
4683	25
4684	26
4685	18
4686	24
4687	23
4688	20
4689	21
4690	29
4691	22
4692	28
4693	26
4694	25
4695	19
4696	27
4697	36
4698	26
4699	20
4700	24
4701	17
4702	29
4703	37
4704	30
4705	25
4706	15
4707	29
4708	27
4709	29
4710	29
4711	31
4712	23
4713	20
4714	22
4715	16
4716	25
4717	32
4718	28
4719	25
4720	13
4721	24
4722	28
4723	37
4724	23
4725	29
4726	20
4727	25
4728	20
4729	28
4730	21
4731	32
4732	27
4733	22
4734	27
4735	29
4736	25
4737	17
4738	29
4739	31
4740	34
4741	35
4742	26
4743	25
4744	28
4745	24
4746	33
4747	21
4748	34
4749	25
4750	25
4751	19
4752	24
4753	30
4754	26
4755	22
4756	11
4757	35
4758	25
4759	17
4760	21
4761	17
4762	13
4763	27
4764	27
4765	28
4766	24
4767	25
4768	26
4769	26
4770	27
4771	23
4772	26
4773	30
4774	18
4775	30
4776	30
4777	37
4778	27
4779	22
4780	21
4781	20
4782	24
4783	28
4784	28
4785	26
4786	21
4787	29
4788	26
4789	24
4790	27
4791	30
4792	23
4793	22
4794	22
4795	30
4796	26
4797	15
4798	28
4799	26
4800	36
4801	21
4802	27
4803	23
4804	27
4805	32
4806	28
4807	24
4808	37
4809	28
4810	27
4811	32
4812	25
4813	25
4814	23
4815	33
4816	37
4817	22
4818	32
4819	29
4820	27
4821	27
4822	24
4823	25
4824	32
4825	19
4826	26
4827	28
4828	33
4829	18
4830	24
4831	32
4832	25
4833	23
4834	15
4835	26
4836	23
4837	19
4838	27
4839	32
4840	23
4841	25
4842	25
4843	28
4844	24
4845	29
4846	16
4847	24
4848	27
4849	21
4850	20
4851	30
4852	19
4853	16
4854	32
4855	25
4856	31
4857	22
4858	24
4859	29
4860	30
4861	22
4862	17
4863	30
4864	34
4865	36
4866	18
4867	19
4868	30
4869	28
4870	24
4871	21
4872	27
4873	21
4874	19
4875	26
4876	22
4877	25
4878	30
4879	27
4880	25
4881	18
4882	37
4883	25
4884	23
4885	25
4886	22
4887	33
4888	28
4889	30
4890	22
4891	24
4892	24
4893	33
4894	19
4895	25
4896	19
4897	17
4898	32
4899	26
4900	22
4901	23
4902	30
4903	28
4904	27
4905	26
4906	32
4907	20
4908	18
4909	24
4910	29
4911	25
4912	22
4913	26
4914	21
4915	20
4916	25
4917	23
4918	19
4919	28
4920	15
4921	31
4922	21
4923	32
4924	15
4925	19
4926	22
4927	23
4928	23
4929	20
4930	19
4931	22
4932	21
4933	22
4934	30
4935	34
4936	22
4937	29
4938	40
4939	23
4940	22
4941	24
4942	17
4943	25
4944	26
4945	33
4946	20
4947	36
4948	28
4949	26
4950	23
4951	16
4952	32
4953	26
4954	20
4955	21
4956	28
4957	23
4958	19
4959	29
4960	18
4961	25
4962	18
4963	25
4964	22
4965	22
4966	24
4967	20
4968	24
4969	20
4970	22
4971	23
4972	20
4973	15
4974	9
4975	24
4976	19
4977	18
4978	21
4979	18
4980	30
4981	18
4982	31
4983	15
4984	23
4985	15
4986	18
4987	22
4988	25
4989	22
4990	33
4991	23
4992	22
4993	18
4994	30
4995	27
4996	17
4997	24
4998	16
4999	32
5000	16
5001	20
5002	21
5003	22
5004	21
5005	24
5006	20
5007	33
5008	25
5009	20
5010	21
5011	22
5012	10
5013	20
5014	22
5015	11
5016	28
5017	18
5018	18
5019	21
5020	23
5021	29
5022	22
5023	22
5024	24
5025	22
5026	28
5027	16
5028	28
5029	21
5030	17
5031	20
5032	23
5033	21
5034	23
5035	17
5036	14
5037	31
5038	24
5039	21
5040	22
5041	21
5042	23
5043	27
5044	23
5045	18
5046	30
5047	20
5048	18
5049	22
5050	14
5051	23
5052	22
5053	23
5054	23
5055	22
5056	21
5057	26
5058	14
5059	18
5060	17
5061	16
5062	18
5063	12
5064	25
5065	14
5066	16
5067	14
5068	18
5069	18
5070	21
5071	24
5072	27
5073	16
5074	19
5075	17
5076	23
5077	26
5078	16
5079	15
5080	26
5081	19
5082	21
5083	17
5084	32
5085	22
5086	17
5087	19
5088	18
5089	24
5090	21
5091	21
5092	19
5093	18
5094	25
5095	16
5096	21
5097	17
5098	20
5099	18
5100	23
5101	15
5102	14
5103	18
5104	12
5105	17
5106	24
5107	17
5108	23
5109	23
5110	18
5111	26
5112	18
5113	20
5114	15
5115	25
5116	23
5117	19
5118	19
5119	22
5120	14
5121	26
5122	18
5123	21
5124	16
5125	24
5126	16
5127	19
5128	23
5129	23
5130	10
5131	12
5132	21
5133	19
5134	15
5135	22
5136	21
5137	19
5138	17
5139	20
5140	21
5141	14
5142	21
5143	20
5144	32
5145	20
5146	19
5147	15
5148	14
5149	21
5150	24
5151	21
5152	21
5153	24
5154	19
5155	25
5156	19
5157	24
5158	22
5159	18
5160	17
5161	16
5162	16
5163	26
5164	20
5165	13
5166	22
5167	18
5168	16
5169	13
5170	23
5171	28
5172	17
5173	19
5174	20
5175	17
5176	18
5177	22
5178	22
5179	11
5180	15
5181	18
5182	19
5183	17
5184	25
5185	16
5186	13
5187	13
5188	21
5189	19
5190	19
5191	22
5192	18
5193	17
5194	15
5195	17
5196	29
5197	21
5198	18
5199	17
5200	20
5201	17
5202	25
5203	21
5204	25
5205	16
5206	15
5207	18
5208	26
5209	18
5210	14
5211	17
5212	19
5213	15
5214	16
5215	15
5216	15
5217	17
5218	28
5219	19
5220	18
5221	20
5222	20
5223	23
5224	16
5225	15
5226	22
5227	17
5228	20
5229	27
5230	12
5231	14
5232	17
5233	21
5234	22
5235	17
5236	15
5237	18
5238	15
5239	21
5240	17
5241	18
5242	14
5243	12
5244	24
5245	18
5246	15
5247	17
5248	21
5249	18
5250	12
5251	23
5252	22
5253	19
5254	15
5255	12
5256	20
5257	18
5258	21
5259	27
5260	12
5261	20
5262	16
5263	10
5264	22
5265	15
5266	15
5267	25
5268	23
5269	12
5270	18
5271	19
5272	21
5273	17
5274	18
5275	24
5276	19
5277	17
5278	17
5279	19
5280	18
5281	21
5282	16
5283	19
5284	19
5285	18
5286	24
5287	28
5288	13
5289	20
5290	14
5291	14
5292	13
5293	15
5294	21
5295	14
5296	18
5297	15
5298	15
5299	13
5300	9
5301	22
5302	16
5303	22
5304	13
5305	16
5306	15
5307	17
5308	25
5309	26
5310	15
5311	17
5312	23
5313	18
5314	17
5315	12
5316	19
5317	14
5318	10
5319	21
5320	12
5321	12
5322	20
5323	21
5324	16
5325	16
5326	14
5327	15
5328	20
5329	15
5330	19
5331	15
5332	10
5333	11
5334	16
5335	21
5336	18
5337	17
5338	22
5339	13
5340	25
5341	13
5342	18
5343	17
5344	19
5345	11
5346	17
5347	17
5348	22
5349	16
5350	21
5351	17
5352	15
5353	10
5354	9
5355	16
5356	15
5357	20
5358	13
5359	18
5360	16
5361	15
5362	14
5363	16
5364	7
5365	19
5366	9
5367	20
5368	22
5369	19
5370	19
5371	17
5372	22
5373	15
5374	16
5375	13
5376	22
5377	12
5378	16
5379	17
5380	21
5381	17
5382	22
5383	17
5384	15
5385	20
5386	16
5387	22
5388	17
5389	15
5390	11
5391	15
5392	14
5393	20
5394	15
5395	9
5396	12
5397	15
5398	18
5399	13
5400	15
5401	11
5402	15
5403	15
5404	19
5405	9
5406	18
5407	17
5408	12
5409	17
5410	7
5411	12
5412	16
5413	18
5414	19
5415	16
5416	5
5417	20
5418	20
5419	19
5420	16
5421	22
5422	24
5423	13
5424	15
5425	16
5426	24
5427	11
5428	15
5429	14
5430	13
5431	13
5432	18
5433	14
5434	13
5435	16
5436	11
5437	18
5438	21
5439	29
5440	12
5441	18
5442	16
5443	14
5444	8
5445	19
5446	12
5447	30
5448	18
5449	15
5450	17
5451	10
5452	8
5453	17
5454	14
5455	21
5456	28
5457	18
5458	20
5459	22
5460	14
5461	18
5462	21
5463	15
5464	13
5465	14
5466	15
5467	17
5468	21
5469	12
5470	18
5471	17
5472	9
5473	14
5474	16
5475	20
5476	20
5477	16
5478	19
5479	27
5480	17
5481	15
5482	12
5483	20
5484	21
5485	14
5486	17
5487	19
5488	17
5489	16
5490	23
5491	22
5492	21
5493	14
5494	14
5495	18
5496	14
5497	24
5498	21
5499	24
5500	14
5501	15
5502	15
5503	22
5504	10
5505	10
5506	14
5507	13
5508	12
5509	14
5510	17
5511	14
5512	14
5513	15
5514	13
5515	16
5516	17
5517	21
5518	15
5519	17
5520	14
5521	20
5522	16
5523	7
5524	14
5525	15
5526	19
5527	14
5528	17
5529	15
5530	9
5531	11
5532	11
5533	10
5534	19
5535	21
5536	20
5537	15
5538	14
5539	15
5540	14
5541	17
5542	15
5543	22
5544	22
5545	18
5546	14
5547	16
5548	12
5549	7
5550	11
5551	21
5552	14
5553	18
5554	20
5555	12
5556	14
5557	13
5558	27
5559	14
5560	10
5561	11
5562	21
5563	13
5564	14
5565	13
5566	16
5567	18
5568	19
5569	14
5570	13
5571	11
5572	17
5573	18
5574	17
5575	13
5576	17
5577	10
5578	20
5579	20
5580	16
5581	19
5582	12
5583	13
5584	10
5585	13
5586	14
5587	10
5588	12
5589	9
5590	13
5591	14
5592	20
5593	15
5594	16
5595	9
5596	19
5597	14
5598	14
5599	10
5600	20
5601	13
5602	17
5603	17
5604	14
5605	17
5606	14
5607	28
5608	12
5609	20
5610	19
5611	17
5612	15
5613	15
5614	14
5615	20
5616	14
5617	12
5618	16
5619	20
5620	18
5621	15
5622	12
5623	10
5624	12
5625	16
5626	14
5627	21
5628	12
5629	10
5630	20
5631	12
5632	20
5633	11
5634	13
5635	15
5636	12
5637	15
5638	22
5639	12
5640	13
5641	15
5642	13
5643	11
5644	17
5645	18
5646	12
5647	14
5648	12
5649	11
5650	15
5651	13
5652	18
5653	12
5654	12
5655	13
5656	17
5657	12
5658	12
5659	17
5660	17
5661	11
5662	13
5663	19
5664	10
5665	13
5666	19
5667	13
5668	11
5669	21
5670	12
5671	22
5672	16
5673	18
5674	17
5675	12
5676	20
5677	17
5678	12
5679	12
5680	12
5681	15
5682	18
5683	12
5684	15
5685	16
5686	11
5687	16
5688	11
5689	11
5690	15
5691	17
5692	17
5693	18
5694	12
5695	16
5696	14
5697	10
5698	19
5699	17
5700	21
5701	16
5702	15
5703	12
5704	11
5705	11
5706	13
5707	8
5708	11
5709	13
5710	20
5711	8
5712	16
5713	12
5714	11
5715	15
5716	16
5717	18
5718	11
5719	10
5720	11
5721	21
5722	14
5723	14
5724	19
5725	17
5726	13
5727	14
5728	15
5729	6
5730	13
5731	19
5732	15
5733	19
5734	11
5735	14
5736	15
5737	15
5738	12
5739	13
5740	9
5741	15
5742	22
5743	22
5744	10
5745	13
5746	10
5747	16
5748	15
5749	15
5750	11
5751	24
5752	10
5753	11
5754	21
5755	9
5756	15
5757	17
5758	17
5759	6
5760	11
5761	11
5762	10
5763	13
5764	15
5765	11
5766	7
5767	14
5768	15
5769	12
5770	9
5771	13
5772	16
5773	11
5774	9
5775	13
5776	12
5777	16
5778	12
5779	9
5780	10
5781	13
5782	12
5783	12
5784	12
5785	11
5786	11
5787	19
5788	12
5789	21
5790	15
5791	15
5792	11
5793	11
5794	17
5795	12
5796	8
5797	7
5798	17
5799	18
5800	23
5801	14
5802	13
5803	22
5804	9
5805	7
5806	12
5807	15
5808	16
5809	10
5810	14
5811	15
5812	11
5813	13
5814	15
5815	13
5816	14
5817	9
5818	17
5819	11
5820	16
5821	13
5822	18
5823	15
5824	15
5825	17
5826	8
5827	19
5828	17
5829	13
5830	14
5831	16
5832	14
5833	12
5834	12
5835	7
5836	14
5837	10
5838	17
5839	17
5840	7
5841	27
5842	13
5843	10
5844	14
5845	13
5846	22
5847	15
5848	14
5849	15
5850	12
5851	20
5852	10
5853	10
5854	12
5855	11
5856	17
5857	9
5858	13
5859	9
5860	15
5861	17
5862	9
5863	13
5864	6
5865	12
5866	15
5867	7
5868	18
5869	10
5870	11
5871	12
5872	16
5873	6
5874	9
5875	11
5876	13
5877	14
5878	17
5879	7
5880	18
5881	15
5882	15
5883	10
5884	13
5885	20
5886	14
5887	7
5888	20
5889	10
5890	11
5891	14
5892	13
5893	12
5894	10
5895	8
5896	11
5897	15
5898	19
5899	6
5900	17
5901	10
5902	15
5903	9
5904	20
5905	13
5906	13
5907	11
5908	12
5909	11
5910	13
5911	9
5912	14
5913	10
5914	16
5915	11
5916	10
5917	11
5918	15
5919	13
5920	16
5921	15
5922	10
5923	11
5924	8
5925	16
5926	11
5927	8
5928	10
5929	18
5930	19
5931	8
5932	18
5933	10
5934	10
5935	12
5936	13
5937	11
5938	13
5939	16
5940	13
5941	14
5942	10
5943	11
5944	9
5945	14
5946	8
5947	9
5948	9
5949	10
5950	8
5951	6
5952	12
5953	12
5954	12
5955	16
5956	11
5957	10
5958	6
5959	14
5960	12
5961	10
5962	10
5963	10
5964	11
5965	9
5966	8
5967	13
5968	18
5969	13
5970	13
5971	19
5972	8
5973	11
5974	11
5975	13
5976	16
5977	10
5978	15
5979	8
5980	13
5981	10
5982	14
5983	8
5984	11
5985	15
5986	14
5987	13
5988	14
5989	10
5990	10
5991	15
5992	10
5993	11
5994	13
5995	9
5996	16
5997	6
5998	14
5999	9
6000	9
6001	11
6002	13
6003	15
6004	10
6005	15
6006	12
6007	10
6008	15
6009	12
6010	12
6011	18
6012	13
6013	8
6014	18
6015	7
6016	15
6017	11
6018	8
6019	6
6020	5
6021	10
6022	13
6023	14
6024	19
6025	16
6026	9
6027	9
6028	16
6029	9
6030	9
6031	16
6032	10
6033	7
6034	6
6035	16
6036	15
6037	16
6038	17
6039	9
6040	13
6041	13
6042	12
6043	9
6044	11
6045	13
6046	18
6047	16
6048	11
6049	12
6050	12
6051	14
6052	17
6053	13
6054	8
6055	14
6056	8
6057	6
6058	6
6059	12
6060	14
6061	15
6062	8
6063	19
6064	13
6065	12
6066	11
6067	12
6068	10
6069	11
6070	10
6071	7
6072	10
6073	10
6074	10
6075	15
6076	8
6077	17
6078	16
6079	9
6080	18
6081	12
6082	11
6083	6
6084	11
6085	10
6086	13
6087	8
6088	8
6089	14
6090	8
6091	12
6092	7
6093	8
6094	11
6095	11
6096	10
6097	4
6098	8
6099	9
6100	3
6101	5
6102	14
6103	13
6104	8
6105	8
6106	12
6107	13
6108	12
6109	9
6110	9
6111	9
6112	13
6113	7
6114	8
6115	13
6116	7
6117	12
6118	9
6119	8
6120	9
6121	8
6122	13
6123	11
6124	4
6125	13
6126	8
6127	9
6128	11
6129	8
6130	21
6131	8
6132	14
6133	9
6134	12
6135	17
6136	13
6137	8
6138	11
6139	9
6140	3
6141	16
6142	13
6143	12
6144	8
6145	9
6146	11
6147	11
6148	13
6149	14
6150	9
6151	10
6152	12
6153	8
6154	12
6155	13
6156	12
6157	8
6158	3
6159	7
6160	7
6161	13
6162	7
6163	9
6164	12
6165	8
6166	14
6167	9
6168	9
6169	6
6170	10
6171	16
6172	9
6173	9
6174	13
6175	13
6176	11
6177	6
6178	11
6179	7
6180	10
6181	7
6182	1
6183	9
6184	9
6185	11
6186	8
6187	9
6188	12
6189	13
6190	5
6191	7
6192	12
6193	7
6194	10
6195	11
6196	7
6197	11
6198	6
6199	9
6200	12
6201	10
6202	10
6203	10
6204	13
6205	13
6206	15
6207	15
6208	16
6209	5
6210	5
6211	10
6212	9
6213	11
6214	12
6215	7
6216	6
6217	3
6218	7
6219	14
6220	10
6221	6
6222	7
6223	8
6224	9
6225	10
6226	10
6227	6
6228	9
6229	12
6230	8
6231	10
6232	8
6233	9
6234	10
6235	14
6236	9
6237	7
6238	6
6239	10
6240	11
6241	9
6242	7
6243	13
6244	12
6245	12
6246	12
6247	10
6248	11
6249	11
6250	12
6251	8
6252	4
6253	7
6254	10
6255	8
6256	12
6257	9
6258	13
6259	10
6260	11
6261	7
6262	10
6263	7
6264	15
6265	12
6266	10
6267	4
6268	7
6269	14
6270	10
6271	10
6272	16
6273	11
6274	15
6275	8
6276	8
6277	7
6278	8
6279	8
6280	12
6281	8
6282	8
6283	10
6284	12
6285	11
6286	10
6287	10
6288	8
6289	13
6290	12
6291	9
6292	11
6293	10
6294	8
6295	6
6296	10
6297	13
6298	8
6299	7
6300	10
6301	6
6302	9
6303	4
6304	9
6305	3
6306	3
6307	8
6308	8
6309	5
6310	8
6311	7
6312	7
6313	5
6314	13
6315	5
6316	7
6317	8
6318	8
6319	13
6320	4
6321	12
6322	10
6323	10
6324	11
6325	7
6326	11
6327	8
6328	10
6329	5
6330	8
6331	9
6332	9
6333	9
6334	5
6335	5
6336	9
6337	5
6338	12
6339	4
6340	17
6341	7
6342	9
6343	13
6344	13
6345	7
6346	9
6347	5
6348	6
6349	8
6350	3
6351	8
6352	5
6353	13
6354	7
6355	10
6356	8
6357	10
6358	12
6359	9
6360	8
6361	14
6362	18
6363	10
6364	12
6365	6
6366	9
6367	11
6368	12
6369	11
6370	5
6371	15
6372	10
6373	10
6374	10
6375	14
6376	6
6377	10
6378	9
6379	9
6380	16
6381	7
6382	7
6383	11
6384	5
6385	7
6386	9
6387	9
6388	11
6389	11
6390	12
6391	11
6392	16
6393	3
6394	8
6395	5
6396	10
6397	8
6398	14
6399	7
6400	16
6401	13
6402	16
6403	9
6404	6
6405	8
6406	9
6407	7
6408	7
6409	4
6410	9
6411	5
6412	12
6413	8
6414	8
6415	9
6416	9
6417	14
6418	12
6419	10
6420	15
6421	4
6422	5
6423	11
6424	15
6425	15
6426	8
6427	7
6428	8
6429	13
6430	11
6431	7
6432	5
6433	5
6434	3
6435	9
6436	16
6437	12
6438	7
6439	9
6440	12
6441	11
6442	6
6443	7
6444	10
6445	14
6446	7
6447	13
6448	9
6449	3
6450	5
6451	8
6452	4
6453	7
6454	6
6455	6
6456	14
6457	7
6458	6
6459	11
6460	10
6461	7
6462	7
6463	8
6464	5
6465	7
6466	5
6467	5
6468	9
6469	11
6470	9
6471	14
6472	16
6473	11
6474	13
6475	6
6476	11
6477	10
6478	10
6479	10
6480	9
6481	7
6482	9
6483	12
6484	12
6485	11
6486	5
6487	10
6488	4
6489	8
6490	8
6491	5
6492	7
6493	7
6494	16
6495	7
6496	8
6497	4
6498	11
6499	10
6500	7
6501	6
6502	9
6503	12
6504	14
6505	7
6506	2
6507	14
6508	10
6509	11
6510	7
6511	11
6512	8
6513	8
6514	6
6515	6
6516	8
6517	7
6518	15
6519	7
6520	4
6521	12
6522	2
6523	10
6524	6
6525	11
6526	7
6527	12
6528	7
6529	6
6530	5
6531	8
6532	15
6533	9
6534	6
6535	6
6536	11
6537	15
6538	11
6539	7
6540	8
6541	9
6542	6
6543	7
6544	7
6545	6
6546	14
6547	14
6548	10
6549	9
6550	11
6551	10
6552	6
6553	9
6554	9
6555	15
6556	7
6557	13
6558	9
6559	9
6560	6
6561	6
6562	9
6563	11
6564	13
6565	5
6566	7
6567	11
6568	12
6569	10
6570	9
6571	15
6572	12
6573	16
6574	8
6575	9
6576	11
6577	11
6578	7
6579	15
6580	7
6581	8
6582	2
6583	8
6584	12
6585	10
6586	4
6587	9
6588	10
6589	16
6590	7
6591	13
6592	5
6593	8
6594	11
6595	11
6596	5
6597	8
6598	7
6599	9
6600	13
6601	8
6602	12
6603	9
6604	14
6605	10
6606	10
6607	10
6608	5
6609	10
6610	8
6611	11
6612	11
6613	7
6614	7
6615	8
6616	7
6617	12
6618	12
6619	8
6620	9
6621	8
6622	7
6623	9
6624	7
6625	8
6626	10
6627	8
6628	13
6629	9
6630	11
6631	7
6632	8
6633	12
6634	9
6635	10
6636	9
6637	9
6638	11
6639	6
6640	11
6641	8
6642	11
6643	10
6644	8
6645	9
6646	8
6647	12
6648	10
6649	6
6650	4
6651	10
6652	9
6653	7
6654	5
6655	9
6656	5
6657	7
6658	9
6659	11
6660	14
6661	8
6662	7
6663	14
6664	16
6665	3
6666	10
6667	10
6668	7
6669	6
6670	6
6671	7
6672	6
6673	9
6674	6
6675	4
6676	11
6677	9
6678	10
6679	10
6680	6
6681	9
6682	9
6683	6
6684	10
6685	6
6686	12
6687	11
6688	19
6689	10
6690	9
6691	11
6692	14
6693	8
6694	7
6695	8
6696	9
6697	7
6698	15
6699	9
6700	8
6701	4
6702	15
6703	9
6704	9
6705	6
6706	10
6707	10
6708	8
6709	9
6710	13
6711	13
6712	8
6713	10
6714	6
6715	8
6716	12
6717	10
6718	7
6719	5
6720	9
6721	9
6722	9
6723	6
6724	14
6725	10
6726	9
6727	11
6728	10
6729	5
6730	9
6731	5
6732	7
6733	7
6734	6
6735	9
6736	12
6737	9
6738	11
6739	10
6740	12
6741	8
6742	11
6743	14
6744	14
6745	12
6746	6
6747	14
6748	13
6749	10
6750	6
6751	3
6752	10
6753	10
6754	10
6755	15
6756	18
6757	8
6758	13
6759	13
6760	8
6761	14
6762	13
6763	9
6764	15
6765	16
6766	6
6767	7
6768	9
6769	8
6770	8
6771	9
6772	6
6773	17
6774	12
6775	9
6776	11
6777	15
6778	12
6779	10
6780	11
6781	7
6782	9
6783	11
6784	3
6785	11
6786	14
6787	8
6788	9
6789	15
6790	10
6791	19
6792	12
6793	9
6794	12
6795	8
6796	13
6797	13
6798	13
6799	10
6800	5
6801	9
6802	9
6803	9
6804	16
6805	20
6806	11
6807	11
6808	9
6809	14
6810	11
6811	13
6812	7
6813	13
6814	15
6815	12
6816	11
6817	7
6818	10
6819	13
6820	10
6821	8
6822	12
6823	8
6824	13
6825	14
6826	11
6827	5
6828	12
6829	5
6830	14
6831	15
6832	14
6833	10
6834	16
6835	17
6836	9
6837	5
6838	12
6839	10
6840	12
6841	17
6842	10
6843	12
6844	12
6845	8
6846	13
6847	16
6848	12
6849	13
6850	11
6851	12
6852	9
6853	12
6854	16
6855	7
6856	14
6857	12
6858	12
6859	12
6860	11
6861	13
6862	6
6863	16
6864	9
6865	8
6866	21
6867	11
6868	12
6869	12
6870	5
6871	9
6872	8
6873	9
6874	13
6875	9
6876	16
6877	18
6878	10
6879	8
6880	12
6881	8
6882	17
6883	13
6884	11
6885	11
6886	9
6887	10
6888	9
6889	11
6890	10
6891	11
6892	11
6893	10
6894	9
6895	5
6896	8
6897	12
6898	10
6899	6
6900	8
6901	8
6902	8
6903	9
6904	12
6905	12
6906	7
6907	12
6908	14
6909	9
6910	16
6911	16
6912	9
6913	15
6914	13
6915	13
6916	7
6917	5
6918	16
6919	14
6920	12
6921	11
6922	13
6923	10
6924	13
6925	10
6926	19
6927	10
6928	10
6929	13
6930	14
6931	5
6932	17
6933	15
6934	12
6935	13
6936	12
6937	9
6938	13
6939	11
6940	13
6941	21
6942	10
6943	7
6944	11
6945	15
6946	16
6947	10
6948	11
6949	14
6950	8
6951	17
6952	11
6953	14
6954	11
6955	20
6956	16
6957	13
6958	10
6959	16
6960	10
6961	12
6962	5
6963	12
6964	13
6965	9
6966	7
6967	10
6968	12
6969	20
6970	9
6971	9
6972	7
6973	7
6974	11
6975	10
6976	12
6977	12
6978	8
6979	19
6980	12
6981	12
6982	11
6983	8
6984	11
6985	17
6986	11
6987	14
6988	12
6989	13
6990	7
6991	12
6992	14
6993	14
6994	11
6995	18
6996	7
6997	14
6998	14
6999	12
7000	8
7001	15
7002	11
7003	12
7004	16
7005	18
7006	16
7007	8
7008	13
7009	17
7010	11
7011	13
7012	7
7013	11
7014	13
7015	7
7016	5
7017	9
7018	5
7019	9
7020	8
7021	17
7022	8
7023	11
7024	10
7025	11
7026	12
7027	12
7028	16
7029	11
7030	7
7031	9
7032	10
7033	11
7034	10
7035	6
7036	6
7037	17
7038	12
7039	10
7040	14
7041	13
7042	11
7043	8
7044	11
7045	7
7046	11
7047	9
7048	16
7049	9
7050	9
7051	12
7052	10
7053	14
7054	9
7055	9
7056	12
7057	13
7058	10
7059	12
7060	12
7061	7
7062	8
7063	7
7064	9
7065	5
7066	8
7067	12
7068	13
7069	13
7070	7
7071	8
7072	11
7073	10
7074	6
7075	12
7076	12
7077	16
7078	9
7079	12
7080	8
7081	13
7082	14
7083	9
7084	10
7085	8
7086	10
7087	12
7088	7
7089	15
7090	7
7091	10
7092	11
7093	9
7094	16
7095	8
7096	12
7097	9
7098	12
7099	5
7100	10
7101	11
7102	6
7103	11
7104	14
7105	16
7106	7
7107	6
7108	12
7109	8
7110	11
7111	8
7112	10
7113	7
7114	14
7115	6
7116	9
7117	12
7118	7
7119	17
7120	9
7121	8
7122	8
7123	10
7124	11
7125	6
7126	9
7127	7
7128	3
7129	4
7130	7
7131	8
7132	11
7133	5
7134	15
7135	8
7136	9
7137	10
7138	7
7139	10
7140	9
7141	7
7142	16
7143	6
7144	7
7145	11
7146	9
7147	11
7148	6
7149	10
7150	7
7151	5
7152	14
7153	7
7154	7
7155	9
7156	7
7157	9
7158	8
7159	8
7160	10
7161	4
7162	8
7163	9
7164	7
7165	7
7166	6
7167	4
7168	10
7169	8
7170	9
7171	9
7172	4
7173	12
7174	6
7175	13
7176	6
7177	8
7178	8
7179	5
7180	3
7181	6
7182	4
7183	12
7184	14
7185	7
7186	8
7187	10
7188	4
7189	6
7190	7
7191	8
7192	8
7193	7
7194	2
7195	10
7196	7
7197	5
7198	6
7199	8
7200	7
7201	7
7202	7
7203	9
7204	3
7205	1
7206	10
7207	4
7208	7
7209	13
7210	9
7211	5
7212	12
7213	10
7214	12
7215	8
7216	2
7217	10
7218	8
7219	7
7220	6
7221	7
7222	5
7223	7
7224	2
7225	5
7226	4
7227	4
7228	4
7229	5
7230	6
7231	10
7232	4
7233	5
7234	8
7235	8
7236	10
7237	7
7238	9
7239	8
7240	3
7241	6
7242	10
7243	4
7244	3
7245	5
7246	6
7247	4
7248	10
7249	2
7250	12
7251	5
7252	4
7253	7
7254	6
7255	2
7256	7
7257	6
7258	4
7259	9
7260	6
7261	2
7262	6
7263	5
7264	4
7265	7
7266	5
7267	9
7268	3
7269	4
7270	7
7271	6
7272	6
7273	6
7274	1
7275	5
7276	6
7277	4
7278	7
7279	1
7280	5
7281	6
7282	2
7283	6
7284	3
7285	5
7286	4
7287	5
7288	4
7289	6
7290	4
7291	3
7292	4
7293	9
7294	4
7295	4
7296	5
7297	3
7298	1
7299	5
7300	3
7301	2
7302	5
7303	7
7304	4
7305	3
7306	6
7307	3
7308	6
7309	4
7310	6
7311	3
7312	1
7313	6
7314	1
7315	11
7316	3
7317	3
7318	4
7319	8
7320	5
7321	4
7322	5
7323	4
7324	5
7325	4
7326	5
7327	6
7328	2
7329	5
7330	5
7331	5
7332	7
7333	9
7334	2
7335	7
7336	3
7337	7
7338	2
7339	5
7340	4
7341	4
7342	6
7343	7
7344	4
7345	1
7346	6
7347	5
7348	5
7349	6
7350	9
7351	4
7352	4
7353	2
7354	5
7355	1
7356	6
7357	2
7358	3
7359	7
7360	5
7361	3
7362	7
7363	1
7364	2
7365	2
7366	8
7367	6
7368	9
7369	7
7370	3
7371	10
7372	8
7373	6
7374	12
7375	5
7376	7
7377	2
7378	3
7379	4
7380	1
7381	8
7382	5
7383	10
7384	5
7385	6
7386	2
7387	2
7388	0
7389	4
7390	5
7391	6
7392	6
7393	9
7394	8
7395	4
7396	5
7397	7
7398	1
7399	3
7400	4
7401	1
7402	4
7403	6
7404	8
7405	8
7406	1
7407	7
7408	9
7409	4
7410	4
7411	3
7412	4
7413	2
7414	6
7415	6
7416	9
7417	5
7418	3
7419	9
7420	4
7421	3
7422	6
7423	5
7424	9
7425	5
7426	4
7427	3
7428	3
7429	4
7430	3
7431	3
7432	5
7433	3
7434	2
7435	7
7436	6
7437	6
7438	5
7439	3
7440	4
7441	2
7442	4
7443	6
7444	7
7445	7
7446	6
7447	6
7448	5
7449	2
7450	3
7451	4
7452	3
7453	6
7454	7
7455	5
7456	3
7457	5
7458	8
7459	2
7460	6
7461	4
7462	8
7463	9
7464	6
7465	3
7466	3
7467	6
7468	4
7469	4
7470	6
7471	6
7472	3
7473	5
7474	7
7475	10
7476	9
7477	6
7478	5
7479	3
7480	6
7481	2
7482	6
7483	7
7484	8
7485	6
7486	8
7487	2
7488	6
7489	4
7490	7
7491	8
7492	5
7493	2
7494	5
7495	7
7496	5
7497	8
7498	7
7499	7
7500	2
7501	10
7502	6
7503	1
7504	2
7505	6
7506	8
7507	4
7508	6
7509	11
7510	3
7511	5
7512	7
7513	9
7514	5
7515	6
7516	5
7517	4
7518	6
7519	10
7520	7
7521	4
7522	3
7523	3
7524	6
7525	3
7526	8
7527	6
7528	6
7529	8
7530	6
7531	3
7532	8
7533	5
7534	5
7535	5
7536	5
7537	5
7538	7
7539	8
7540	3
7541	9
7542	3
7543	8
7544	8
7545	6
7546	1
7547	1
7548	9
7549	5
7550	6
7551	5
7552	6
7553	10
7554	11
7555	7
7556	3
7557	9
7558	5
7559	3
7560	3
7561	2
7562	3
7563	6
7564	4
7565	8
7566	4
7567	3
7568	4
7569	6
7570	6
7571	5
7572	5
7573	5
7574	1
7575	8
7576	7
7577	4
7578	7
7579	10
7580	2
7581	3
7582	4
7583	5
7584	7
7585	8
7586	3
7587	9
7588	7
7589	3
7590	9
7591	6
7592	5
7593	6
7594	8
7595	8
7596	5
7597	2
7598	5
7599	5
7600	3
7601	5
7602	5
7603	3
7604	5
7605	9
7606	9
7607	2
7608	6
7609	7
7610	3
7611	6
7612	7
7613	6
7614	4
7615	5
7616	2
7617	3
7618	6
7619	4
7620	6
7621	8
7622	8
7623	9
7624	7
7625	11
7626	6
7627	7
7628	7
7629	10
7630	9
7631	5
7632	6
7633	4
7634	6
7635	9
7636	5
7637	9
7638	8
7639	8
7640	6
7641	5
7642	4
7643	5
7644	3
7645	5
7646	6
7647	5
7648	4
7649	5
7650	7
7651	7
7652	10
7653	4
7654	6
7655	4
7656	3
7657	7
7658	6
7659	4
7660	8
7661	8
7662	5
7663	3
7664	6
7665	3
7666	3
7667	6
7668	7
7669	8
7670	5
7671	8
7672	5
7673	4
7674	7
7675	5
7676	2
7677	6
7678	8
7679	7
7680	6
7681	2
7682	8
7683	5
7684	3
7685	2
7686	3
7687	6
7688	8
7689	3
7690	3
7691	4
7692	5
7693	1
7694	3
7695	4
7696	9
7697	5
7698	5
7699	3
7700	1
7701	7
7702	4
7703	4
7704	7
7705	4
7706	2
7707	6
7708	4
7709	11
7710	4
7711	7
7712	10
7713	9
7714	3
7715	5
7716	6
7717	5
7718	7
7719	6
7720	5
7721	5
7722	7
7723	2
7724	1
7725	5
7726	3
7727	6
7728	5
7729	2
7730	2
7731	5
7732	2
7733	7
7734	4
7735	4
7736	2
7737	3
7738	4
7739	6
7740	1
7741	5
7742	8
7743	5
7744	4
7745	5
7746	0
7747	6
7748	1
7749	7
7750	3
7751	2
7752	7
7753	3
7754	3
7755	4
7756	3
7757	0
7758	0
7759	2
7760	4
7761	4
7762	1
7763	3
7764	4
7765	6
7766	7
7767	2
7768	4
7769	2
7770	1
7771	5
7772	5
7773	4
7774	4
7775	6
7776	5
7777	3
7778	2
7779	3
7780	6
7781	3
7782	5
7783	6
7784	4
7785	3
7786	4
7787	2
7788	4
7789	2
7790	4
7791	6
7792	4
7793	4
7794	4
7795	3
7796	3
7797	4
7798	4
7799	6
7800	3
7801	2
7802	3
7803	4
7804	2
7805	1
7806	4
7807	4
7808	4
7809	5
7810	2
7811	2
7812	6
7813	5
7814	5
7815	3
7816	4
7817	1
7818	3
7819	7
7820	3
7821	3
7822	3
7823	1
7824	2
7825	2
7826	2
7827	4
7828	4
7829	0
7830	2
7831	1
7832	5
7833	3
7834	2
7835	4
7836	3
7837	3
7838	2
7839	4
7840	3
7841	1
7842	2
7843	2
7844	7
7845	3
7846	4
7847	3
7848	1
7849	1
7850	2
7851	2
7852	3
7853	1
7854	1
7855	3
7856	3
7857	3
7858	2
7859	3
7860	1
7861	2
7862	0
7863	0
7864	0
7865	1
7866	2
7867	2
7868	2
7869	3
7870	0
7871	5
7872	4
7873	3
7874	6
7875	3
7876	1
7877	3
7878	0
7879	5
7880	3
7881	3
7882	3
7883	5
7884	1
7885	4
7886	5
7887	1
7888	2
7889	0
7890	3
7891	3
7892	3
7893	2
7894	3
7895	3
7896	1
7897	2
7898	7
7899	5
7900	3
7901	0
7902	3
7903	1
7904	4
7905	0
7906	1
7907	1
7908	3
7909	2
7910	2
7911	1
7912	2
7913	1
7914	2
7915	3
7916	0
7917	2
7918	0
7919	1
7920	4
7921	2
7922	1
7923	2
7924	1
7925	3
7926	2
7927	0
7928	1
7929	3
7930	3
7931	2
7932	0
7933	3
7934	0
7935	3
7936	0
7937	3
7938	1
7939	1
7940	1
7941	1
7942	1
7943	1
7944	1
7945	2
7946	3
7947	2
7948	3
7949	0
7950	2
7951	2
7952	2
7953	1
7954	1
7955	3
7956	1
7957	1
7958	0
7959	1
7960	3
7961	1
7962	2
7963	1
7964	1
7965	2
7966	0
7967	2
7968	2
7969	4
7970	1
7971	1
7972	2
7973	0
7974	0
7975	4
7976	1
7977	2
7978	1
7979	2
7980	0
7981	3
7982	2
7983	3
7984	2
7985	1
7986	1
7987	1
7988	2
7989	3
7990	0
7991	2
7992	1
7993	2
7994	3
7995	0
7996	0
7997	0
7998	0
7999	3
8000	3
8001	2
8002	2
8003	1
8004	0
8005	1
8006	1
8007	0
8008	1
8009	2
8010	2
8011	0
8012	3
8013	3
8014	1
8015	4
8016	2
8017	0
8018	0
8019	3
8020	0
8021	0
8022	1
8023	1
8024	4
8025	0
8026	1
8027	1
8028	2
8029	0
8030	1
8031	1
8032	1
8033	2
8034	0
8035	0
8036	2
8037	0
8038	2
8039	1
8040	1
8041	4
8042	1
8043	0
8044	0
8045	0
8046	0
8047	0
8048	0
8049	0
8050	0
8051	0
8052	0
8053	0
8054	0
8055	0
8056	0
8057	0
8058	0
8059	0
8060	0
8061	0
8062	0
8063	0
8064	0
8065	0
8066	0
8067	1
8068	0
8069	0
8070	0
8071	0
8072	0
8073	0
8074	0
8075	0
8076	0
8077	0
8078	0
8079	0
8080	0
8081	0
8082	0
8083	0
8084	0
8085	0
8086	0
8087	0
8088	0
8089	0
8090	0
8091	0
8092	0
8093	0
8094	0
8095	0
8096	0
8097	0
8098	0
8099	0
8100	0
8101	0
8102	0
8103	0
8104	0
8105	0
8106	0
8107	0
8108	0
8109	0
8110	0
8111	0
8112	0
8113	0
8114	0
8115	0
8116	0
8117	0
8118	0
8119	0
8120	0
8121	0
8122	0
8123	0
8124	0
8125	0
8126	0
8127	0
8128	0
8129	0
8130	0
8131	0
8132	0
8133	0
8134	0
8135	0
8136	0
8137	0
8138	0
8139	0
8140	0
8141	0
8142	0
8143	0
8144	0
8145	0
8146	0
8147	0
8148	0
8149	0
8150	0
8151	0
8152	0
8153	0
8154	0
8155	0
8156	0
8157	0
8158	0
8159	0
8160	0
8161	0
8162	0
8163	0
8164	0
8165	0
8166	0
8167	0
8168	0
8169	0
8170	0
8171	0
8172	0
8173	0
8174	0
8175	0
8176	0
8177	0
8178	0
8179	0
8180	0
8181	0
8182	0
8183	0
8184	0
8185	0
8186	0
8187	0
8188	0
8189	0
8190	0
8191	0
