0	0
1	0
2	0
3	0
4	0
5	0
6	0
7	0
8	0
9	0
10	0
11	0
12	0
13	0
14	0
15	0
16	0
17	0
18	0
19	0
20	0
21	0
22	0
23	0
24	0
25	0
26	0
27	0
28	0
29	0
30	0
31	0
32	0
33	0
34	0
35	0
36	0
37	0
38	0
39	0
40	0
41	0
42	0
43	0
44	0
45	0
46	0
47	0
48	0
49	0
50	0
51	1
52	1
53	0
54	2
55	0
56	1
57	4
58	2
59	1
60	9
61	9
62	9
63	17
64	23
65	29
66	58
67	137
68	545
69	1485
70	2638
71	3285
72	3279
73	3255
74	3195
75	3098
76	3018
77	2922
78	3018
79	2867
80	2768
81	2836
82	2719
83	2687
84	2713
85	2627
86	2664
87	2564
88	2641
89	2567
90	2692
91	2593
92	2549
93	2419
94	2424
95	2435
96	2356
97	2306
98	2280
99	2216
100	2150
101	2148
102	2082
103	2007
104	2003
105	1873
106	1948
107	1834
108	1749
109	1738
110	1768
111	1687
112	1751
113	1655
114	1596
115	1596
116	1536
117	1553
118	1526
119	1507
120	1478
121	1420
122	1494
123	1483
124	1590
125	1485
126	1529
127	1577
128	1537
129	1573
130	1581
131	1614
132	1553
133	1636
134	1634
135	1645
136	1632
137	1715
138	1769
139	1778
140	1848
141	1826
142	1895
143	1873
144	1998
145	2006
146	2023
147	2045
148	2158
149	2222
150	2261
151	2291
152	2239
153	2425
154	2494
155	2459
156	2492
157	2699
158	2773
159	2805
160	2879
161	2995
162	3086
163	3120
164	3111
165	3263
166	3420
167	3521
168	3670
169	3656
170	3869
171	3866
172	3992
173	4179
174	4287
175	4427
176	4552
177	4798
178	4805
179	5063
180	5291
181	5362
182	5629
183	5682
184	5789
185	6290
186	6401
187	6846
188	6920
189	7212
190	7461
191	7796
192	7959
193	8482
194	8735
195	9080
196	9555
197	10031
198	10458
199	10829
200	11209
201	11937
202	12067
203	12800
204	13288
205	13585
206	14278
207	14977
208	15417
209	15977
210	16680
211	16931
212	17302
213	18073
214	18859
215	19268
216	20009
217	20408
218	20526
219	21488
220	21599
221	21836
222	22355
223	22354
224	22978
225	22950
226	23192
227	23290
228	23538
229	23322
230	23594
231	23433
232	23090
233	23170
234	22929
235	22619
236	22425
237	22498
238	22051
239	21640
240	21423
241	20905
242	20355
243	20094
244	19442
245	19180
246	18772
247	18220
248	17670
249	17007
250	16557
251	15991
252	15613
253	15095
254	14839
255	14282
256	14030
257	13514
258	12991
259	12657
260	12387
261	11969
262	11402
263	11027
264	10814
265	10446
266	10192
267	9821
268	9445
269	9186
270	9047
271	8641
272	8232
273	8158
274	7679
275	7558
276	7286
277	7064
278	6718
279	6787
280	6364
281	5896
282	5902
283	5713
284	5313
285	5220
286	4997
287	4835
288	4533
289	4339
290	4280
291	4118
292	3937
293	3725
294	3677
295	3402
296	3328
297	3213
298	3151
299	2909
300	2823
301	2645
302	2574
303	2476
304	2487
305	2409
306	2341
307	2188
308	2086
309	2101
310	1978
311	1911
312	1902
313	1857
314	1852
315	1753
316	1777
317	1701
318	1696
319	1698
320	1626
321	1592
322	1552
323	1661
324	1582
325	1581
326	1591
327	1570
328	1493
329	1494
330	1534
331	1566
332	1532
333	1531
334	1477
335	1493
336	1563
337	1566
338	1573
339	1610
340	1514
341	1529
342	1570
343	1552
344	1534
345	1574
346	1560
347	1583
348	1563
349	1513
350	1641
351	1664
352	1593
353	1623
354	1683
355	1615
356	1560
357	1628
358	1673
359	1636
360	1628
361	1690
362	1653
363	1676
364	1773
365	1717
366	1762
367	1761
368	1796
369	1739
370	1732
371	1739
372	1760
373	1762
374	1818
375	1779
376	1829
377	1873
378	1775
379	1808
380	1852
381	1882
382	1938
383	1970
384	1834
385	1905
386	1964
387	1876
388	1947
389	1926
390	1942
391	1918
392	1891
393	1955
394	2021
395	1939
396	1990
397	1914
398	2061
399	2002
400	2070
401	2025
402	2023
403	2085
404	2064
405	2077
406	2147
407	2083
408	2123
409	2207
410	2131
411	2144
412	2217
413	2111
414	2220
415	2205
416	2255
417	2225
418	2210
419	2287
420	2241
421	2286
422	2281
423	2242
424	2232
425	2348
426	2497
427	2444
428	2340
429	2325
430	2357
431	2449
432	2367
433	2484
434	2403
435	2457
436	2524
437	2454
438	2507
439	2502
440	2481
441	2542
442	2573
443	2559
444	2597
445	2614
446	2560
447	2647
448	2662
449	2618
450	2656
451	2715
452	2761
453	2773
454	2714
455	2763
456	2789
457	2895
458	2802
459	2839
460	2794
461	2914
462	2836
463	2978
464	2981
465	2853
466	2962
467	2991
468	3048
469	3079
470	3079
471	2914
472	3051
473	3117
474	3158
475	3076
476	3186
477	3257
478	3190
479	3158
480	3175
481	3216
482	3280
483	3201
484	3297
485	3263
486	3301
487	3211
488	3354
489	3415
490	3359
491	3463
492	3391
493	3453
494	3488
495	3506
496	3535
497	3382
498	3396
499	3482
500	3402
501	3393
502	3397
503	3436
504	3400
505	3490
506	3521
507	3501
508	3473
509	3468
510	3337
511	3467
512	3455
513	3475
514	3382
515	3418
516	3476
517	3586
518	3460
519	3386
520	3320
521	3443
522	3339
523	3439
524	3367
525	3328
526	3404
527	3441
528	3370
529	3225
530	3250
531	3300
532	3255
533	3368
534	3316
535	3172
536	3382
537	3249
538	3179
539	3190
540	3350
541	3215
542	3152
543	3247
544	3172
545	3144
546	3076
547	3153
548	3166
549	3124
550	3231
551	3105
552	3070
553	3106
554	3054
555	3119
556	3113
557	3026
558	3093
559	3093
560	3079
561	3029
562	3057
563	3066
564	3082
565	2891
566	3007
567	3016
568	2955
569	3007
570	3024
571	2935
572	3003
573	3048
574	3020
575	2895
576	3029
577	3025
578	2963
579	3148
580	2981
581	2965
582	2980
583	2919
584	3031
585	2974
586	2981
587	2980
588	3034
589	3001
590	3080
591	3049
592	3063
593	3096
594	3105
595	2994
596	3106
597	3164
598	3178
599	3151
600	3108
601	3104
602	3212
603	3126
604	3239
605	3301
606	3237
607	3277
608	3237
609	3339
610	3239
611	3299
612	3388
613	3416
614	3513
615	3335
616	3585
617	3539
618	3559
619	3658
620	3706
621	3856
622	3794
623	3840
624	3929
625	3996
626	3988
627	4106
628	4208
629	4202
630	4352
631	4405
632	4615
633	4767
634	4600
635	4902
636	4960
637	4984
638	5040
639	5220
640	5329
641	5495
642	5427
643	5718
644	5711
645	5993
646	5997
647	6053
648	6420
649	6517
650	6570
651	6693
652	6769
653	6957
654	7004
655	7269
656	7447
657	7643
658	7662
659	7879
660	8064
661	8116
662	8309
663	8506
664	8554
665	8614
666	9020
667	8880
668	9167
669	9264
670	9407
671	9586
672	9681
673	9646
674	9961
675	9922
676	10086
677	10152
678	10417
679	10358
680	10238
681	10454
682	10697
683	10646
684	10648
685	10776
686	10475
687	10911
688	10875
689	10893
690	11026
691	10881
692	10898
693	10840
694	11012
695	10799
696	10912
697	11040
698	10707
699	10730
700	10607
701	10372
702	10260
703	10254
704	10283
705	10126
706	10015
707	10066
708	9867
709	9792
710	9605
711	9591
712	9309
713	9351
714	9198
715	9049
716	8924
717	8763
718	8641
719	8348
720	8371
721	8083
722	7887
723	7796
724	7728
725	7572
726	7466
727	7081
728	6947
729	6786
730	6622
731	6446
732	6292
733	6154
734	6015
735	5781
736	5690
737	5536
738	5344
739	5242
740	5074
741	5000
742	4843
743	4736
744	4590
745	4396
746	4270
747	4230
748	4128
749	3949
750	3913
751	3719
752	3729
753	3577
754	3533
755	3423
756	3205
757	3229
758	3043
759	3025
760	3051
761	2864
762	2791
763	2772
764	2728
765	2706
766	2668
767	2405
768	2451
769	2390
770	2358
771	2328
772	2287
773	2266
774	2240
775	2178
776	2068
777	2040
778	1978
779	2002
780	1987
781	2020
782	1964
783	1901
784	1884
785	1865
786	1902
787	1931
788	1879
789	1831
790	1874
791	1876
792	1939
793	1886
794	1841
795	1871
796	1851
797	1810
798	1801
799	1784
800	1711
801	1746
802	1768
803	1639
804	1722
805	1738
806	1770
807	1707
808	1726
809	1776
810	1687
811	1714
812	1708
813	1693
814	1748
815	1680
816	1639
817	1705
818	1682
819	1626
820	1767
821	1705
822	1758
823	1667
824	1680
825	1624
826	1689
827	1700
828	1736
829	1659
830	1678
831	1647
832	1683
833	1783
834	1742
835	1749
836	1717
837	1727
838	1694
839	1734
840	1685
841	1711
842	1732
843	1739
844	1719
845	1674
846	1797
847	1694
848	1748
849	1714
850	1664
851	1790
852	1817
853	1680
854	1658
855	1698
856	1775
857	1691
858	1713
859	1727
860	1761
861	1745
862	1726
863	1751
864	1695
865	1686
866	1712
867	1719
868	1777
869	1755
870	1696
871	1723
872	1730
873	1822
874	1765
875	1758
876	1720
877	1772
878	1750
879	1695
880	1740
881	1726
882	1774
883	1709
884	1756
885	1721
886	1825
887	1727
888	1730
889	1805
890	1766
891	1779
892	1765
893	1753
894	1715
895	1795
896	1720
897	1733
898	1753
899	1698
900	1728
901	1722
902	1670
903	1750
904	1666
905	1783
906	1701
907	1718
908	1681
909	1744
910	1691
911	1685
912	1728
913	1728
914	1739
915	1726
916	1772
917	1733
918	1695
919	1685
920	1718
921	1687
922	1672
923	1698
924	1721
925	1720
926	1767
927	1681
928	1806
929	1736
930	1706
931	1724
932	1714
933	1701
934	1701
935	1701
936	1673
937	1673
938	1669
939	1767
940	1611
941	1725
942	1685
943	1642
944	1657
945	1681
946	1670
947	1647
948	1749
949	1704
950	1650
951	1652
952	1681
953	1667
954	1630
955	1613
956	1754
957	1626
958	1700
959	1535
960	1678
961	1668
962	1569
963	1698
964	1629
965	1671
966	1660
967	1666
968	1602
969	1632
970	1620
971	1669
972	1614
973	1711
974	1601
975	1538
976	1597
977	1590
978	1602
979	1653
980	1543
981	1579
982	1606
983	1699
984	1651
985	1548
986	1622
987	1576
988	1554
989	1587
990	1585
991	1617
992	1560
993	1547
994	1500
995	1567
996	1564
997	1544
998	1537
999	1556
1000	1564
1001	1515
1002	1606
1003	1485
1004	1548
1005	1645
1006	1579
1007	1487
1008	1603
1009	1566
1010	1593
1011	1604
1012	1539
1013	1531
1014	1524
1015	1533
1016	1539
1017	1497
1018	1596
1019	1579
1020	1624
1021	1530
1022	1490
1023	1516
1024	1559
1025	1499
1026	1449
1027	1489
1028	1522
1029	1597
1030	1491
1031	1522
1032	1461
1033	1510
1034	1520
1035	1439
1036	1485
1037	1486
1038	1497
1039	1479
1040	1459
1041	1499
1042	1495
1043	1529
1044	1480
1045	1483
1046	1538
1047	1495
1048	1481
1049	1533
1050	1446
1051	1431
1052	1469
1053	1522
1054	1470
1055	1516
1056	1437
1057	1461
1058	1552
1059	1464
1060	1495
1061	1520
1062	1438
1063	1508
1064	1441
1065	1521
1066	1534
1067	1528
1068	1432
1069	1454
1070	1438
1071	1439
1072	1490
1073	1451
1074	1382
1075	1478
1076	1439
1077	1454
1078	1454
1079	1452
1080	1482
1081	1434
1082	1514
1083	1470
1084	1455
1085	1462
1086	1514
1087	1428
1088	1437
1089	1402
1090	1432
1091	1453
1092	1453
1093	1438
1094	1496
1095	1454
1096	1443
1097	1553
1098	1455
1099	1529
1100	1482
1101	1507
1102	1426
1103	1439
1104	1468
1105	1398
1106	1453
1107	1548
1108	1425
1109	1473
1110	1459
1111	1468
1112	1463
1113	1453
1114	1511
1115	1477
1116	1418
1117	1451
1118	1470
1119	1486
1120	1482
1121	1467
1122	1473
1123	1469
1124	1452
1125	1413
1126	1520
1127	1452
1128	1457
1129	1431
1130	1419
1131	1446
1132	1495
1133	1430
1134	1413
1135	1448
1136	1375
1137	1482
1138	1399
1139	1453
1140	1405
1141	1392
1142	1502
1143	1499
1144	1504
1145	1444
1146	1491
1147	1464
1148	1464
1149	1468
1150	1456
1151	1452
1152	1397
1153	1445
1154	1458
1155	1455
1156	1456
1157	1485
1158	1525
1159	1442
1160	1488
1161	1411
1162	1479
1163	1482
1164	1462
1165	1467
1166	1425
1167	1416
1168	1416
1169	1513
1170	1397
1171	1467
1172	1470
1173	1387
1174	1436
1175	1478
1176	1474
1177	1428
1178	1437
1179	1480
1180	1476
1181	1407
1182	1411
1183	1469
1184	1360
1185	1559
1186	1480
1187	1413
1188	1472
1189	1420
1190	1432
1191	1509
1192	1465
1193	1427
1194	1403
1195	1485
1196	1491
1197	1471
1198	1397
1199	1453
1200	1455
1201	1444
1202	1505
1203	1388
1204	1493
1205	1454
1206	1418
1207	1451
1208	1389
1209	1496
1210	1393
1211	1404
1212	1378
1213	1547
1214	1389
1215	1453
1216	1449
1217	1449
1218	1480
1219	1492
1220	1468
1221	1500
1222	1476
1223	1519
1224	1506
1225	1495
1226	1484
1227	1489
1228	1541
1229	1509
1230	1497
1231	1469
1232	1490
1233	1576
1234	1477
1235	1550
1236	1548
1237	1543
1238	1491
1239	1659
1240	1509
1241	1569
1242	1522
1243	1487
1244	1543
1245	1549
1246	1585
1247	1585
1248	1609
1249	1582
1250	1666
1251	1615
1252	1694
1253	1557
1254	1690
1255	1669
1256	1697
1257	1637
1258	1663
1259	1750
1260	1692
1261	1795
1262	1687
1263	1728
1264	1752
1265	1768
1266	1763
1267	1711
1268	1813
1269	1752
1270	1780
1271	1840
1272	1776
1273	1838
1274	1816
1275	1817
1276	1872
1277	1770
1278	1875
1279	1884
1280	1950
1281	1918
1282	1959
1283	1901
1284	1958
1285	1961
1286	1936
1287	1946
1288	1953
1289	2008
1290	2093
1291	2034
1292	2087
1293	2145
1294	2009
1295	2173
1296	2074
1297	2072
1298	2092
1299	2146
1300	2115
1301	2192
1302	2119
1303	2188
1304	2195
1305	2207
1306	2145
1307	2316
1308	2127
1309	2230
1310	2226
1311	2264
1312	2260
1313	2329
1314	2305
1315	2239
1316	2198
1317	2354
1318	2312
1319	2327
1320	2280
1321	2292
1322	2295
1323	2346
1324	2383
1325	2272
1326	2317
1327	2343
1328	2461
1329	2423
1330	2382
1331	2426
1332	2254
1333	2452
1334	2346
1335	2408
1336	2392
1337	2348
1338	2382
1339	2277
1340	2298
1341	2310
1342	2357
1343	2384
1344	2327
1345	2311
1346	2328
1347	2374
1348	2362
1349	2421
1350	2293
1351	2294
1352	2378
1353	2415
1354	2317
1355	2265
1356	2347
1357	2297
1358	2389
1359	2377
1360	2420
1361	2370
1362	2296
1363	2286
1364	2238
1365	2224
1366	2312
1367	2308
1368	2212
1369	2172
1370	2248
1371	2274
1372	2218
1373	2258
1374	2208
1375	2183
1376	2100
1377	2156
1378	2145
1379	2055
1380	2086
1381	2063
1382	2105
1383	2009
1384	2017
1385	2090
1386	1893
1387	1998
1388	2011
1389	2029
1390	1924
1391	1953
1392	1916
1393	1908
1394	1953
1395	1868
1396	1919
1397	1917
1398	1950
1399	1901
1400	1848
1401	1821
1402	1817
1403	1794
1404	1764
1405	1648
1406	1645
1407	1753
1408	1668
1409	1747
1410	1694
1411	1666
1412	1727
1413	1625
1414	1579
1415	1560
1416	1526
1417	1560
1418	1653
1419	1540
1420	1520
1421	1499
1422	1542
1423	1519
1424	1499
1425	1483
1426	1497
1427	1412
1428	1528
1429	1445
1430	1475
1431	1491
1432	1440
1433	1402
1434	1341
1435	1421
1436	1359
1437	1347
1438	1387
1439	1286
1440	1278
1441	1300
1442	1294
1443	1309
1444	1332
1445	1291
1446	1259
1447	1278
1448	1223
1449	1234
1450	1255
1451	1254
1452	1205
1453	1197
1454	1300
1455	1107
1456	1204
1457	1201
1458	1121
1459	1177
1460	1150
1461	1162
1462	1130
1463	1119
1464	1143
1465	1077
1466	1156
1467	1183
1468	1089
1469	1067
1470	1050
1471	1087
1472	1082
1473	1118
1474	1037
1475	1084
1476	1077
1477	996
1478	975
1479	1029
1480	1014
1481	1032
1482	1073
1483	1091
1484	1067
1485	984
1486	1054
1487	1033
1488	1018
1489	1017
1490	1016
1491	1017
1492	1025
1493	1008
1494	999
1495	951
1496	1031
1497	988
1498	1019
1499	964
1500	1002
1501	954
1502	985
1503	973
1504	1008
1505	995
1506	925
1507	1021
1508	907
1509	1017
1510	949
1511	976
1512	993
1513	991
1514	901
1515	959
1516	886
1517	954
1518	960
1519	1020
1520	973
1521	942
1522	938
1523	982
1524	955
1525	948
1526	959
1527	954
1528	979
1529	943
1530	958
1531	941
1532	937
1533	935
1534	959
1535	957
1536	977
1537	951
1538	940
1539	938
1540	976
1541	949
1542	954
1543	926
1544	955
1545	978
1546	961
1547	941
1548	935
1549	949
1550	947
1551	940
1552	923
1553	865
1554	911
1555	911
1556	932
1557	972
1558	940
1559	909
1560	926
1561	900
1562	933
1563	924
1564	916
1565	921
1566	965
1567	987
1568	981
1569	935
1570	889
1571	918
1572	955
1573	921
1574	925
1575	955
1576	894
1577	901
1578	952
1579	966
1580	951
1581	959
1582	978
1583	916
1584	900
1585	883
1586	915
1587	938
1588	896
1589	909
1590	857
1591	933
1592	955
1593	938
1594	956
1595	922
1596	952
1597	922
1598	930
1599	893
1600	923
1601	887
1602	932
1603	943
1604	918
1605	960
1606	923
1607	902
1608	904
1609	915
1610	926
1611	898
1612	857
1613	857
1614	907
1615	884
1616	902
1617	915
1618	926
1619	907
1620	905
1621	954
1622	925
1623	940
1624	953
1625	933
1626	893
1627	909
1628	906
1629	893
1630	929
1631	887
1632	903
1633	875
1634	913
1635	892
1636	907
1637	866
1638	873
1639	884
1640	912
1641	887
1642	860
1643	911
1644	925
1645	857
1646	891
1647	882
1648	922
1649	900
1650	925
1651	877
1652	898
1653	904
1654	909
1655	946
1656	903
1657	870
1658	890
1659	948
1660	854
1661	886
1662	947
1663	901
1664	933
1665	958
1666	926
1667	921
1668	956
1669	912
1670	976
1671	897
1672	916
1673	922
1674	930
1675	923
1676	931
1677	914
1678	987
1679	957
1680	945
1681	987
1682	988
1683	977
1684	986
1685	1019
1686	947
1687	1001
1688	959
1689	925
1690	981
1691	978
1692	984
1693	998
1694	997
1695	1030
1696	984
1697	968
1698	1000
1699	1050
1700	1026
1701	1048
1702	1029
1703	1043
1704	1043
1705	1073
1706	1001
1707	1098
1708	1097
1709	1103
1710	1107
1711	1066
1712	1103
1713	1095
1714	1074
1715	1161
1716	1103
1717	1080
1718	1077
1719	1134
1720	1138
1721	1228
1722	1167
1723	1177
1724	1166
1725	1179
1726	1183
1727	1269
1728	1298
1729	1259
1730	1240
1731	1256
1732	1350
1733	1343
1734	1295
1735	1383
1736	1389
1737	1281
1738	1377
1739	1336
1740	1379
1741	1507
1742	1429
1743	1534
1744	1470
1745	1474
1746	1489
1747	1529
1748	1573
1749	1526
1750	1595
1751	1675
1752	1546
1753	1680
1754	1651
1755	1665
1756	1591
1757	1676
1758	1716
1759	1781
1760	1753
1761	1790
1762	1840
1763	1841
1764	1869
1765	1797
1766	1766
1767	1900
1768	1879
1769	1883
1770	1905
1771	1905
1772	1984
1773	1980
1774	1960
1775	1989
1776	2042
1777	2054
1778	2094
1779	2231
1780	2183
1781	2174
1782	2172
1783	2198
1784	2197
1785	2345
1786	2259
1787	2295
1788	2294
1789	2410
1790	2285
1791	2404
1792	2481
1793	2429
1794	2462
1795	2538
1796	2527
1797	2515
1798	2567
1799	2528
1800	2563
1801	2693
1802	2737
1803	2733
1804	2715
1805	2727
1806	2752
1807	2756
1808	2783
1809	2891
1810	2880
1811	2870
1812	2928
1813	2935
1814	2907
1815	2914
1816	2961
1817	3012
1818	3089
1819	3059
1820	3086
1821	3061
1822	3101
1823	3066
1824	3064
1825	3082
1826	3091
1827	3127
1828	3232
1829	3131
1830	3202
1831	3249
1832	3322
1833	3285
1834	3212
1835	3252
1836	3243
1837	3355
1838	3339
1839	3357
1840	3373
1841	3403
1842	3386
1843	3411
1844	3483
1845	3495
1846	3453
1847	3572
1848	3613
1849	3478
1850	3484
1851	3520
1852	3482
1853	3537
1854	3534
1855	3432
1856	3462
1857	3648
1858	3515
1859	3572
1860	3423
1861	3526
1862	3632
1863	3472
1864	3545
1865	3566
1866	3587
1867	3604
1868	3550
1869	3589
1870	3650
1871	3570
1872	3604
1873	3558
1874	3675
1875	3663
1876	3538
1877	3586
1878	3596
1879	3540
1880	3582
1881	3621
1882	3548
1883	3510
1884	3537
1885	3573
1886	3478
1887	3481
1888	3397
1889	3473
1890	3544
1891	3492
1892	3447
1893	3517
1894	3559
1895	3421
1896	3394
1897	3440
1898	3384
1899	3305
1900	3332
1901	3434
1902	3267
1903	3354
1904	3221
1905	3256
1906	3329
1907	3127
1908	3208
1909	3221
1910	3239
1911	3154
1912	3147
1913	3156
1914	3123
1915	3173
1916	2998
1917	3120
1918	3012
1919	2984
1920	3105
1921	2971
1922	2994
1923	2916
1924	2965
1925	2850
1926	2848
1927	2856
1928	2735
1929	2762
1930	2695
1931	2789
1932	2670
1933	2671
1934	2693
1935	2656
1936	2563
1937	2592
1938	2666
1939	2556
1940	2451
1941	2543
1942	2451
1943	2510
1944	2444
1945	2408
1946	2380
1947	2361
1948	2238
1949	2336
1950	2246
1951	2336
1952	2193
1953	2124
1954	2172
1955	2047
1956	2117
1957	2101
1958	2055
1959	2051
1960	2073
1961	2028
1962	2015
1963	1917
1964	1907
1965	1907
1966	1873
1967	1893
1968	1885
1969	1873
1970	1823
1971	1819
1972	1730
1973	1769
1974	1721
1975	1735
1976	1668
1977	1682
1978	1665
1979	1652
1980	1521
1981	1560
1982	1538
1983	1608
1984	1532
1985	1511
1986	1417
1987	1490
1988	1462
1989	1378
1990	1440
1991	1313
1992	1317
1993	1383
1994	1302
1995	1314
1996	1328
1997	1270
1998	1253
1999	1219
2000	1192
2001	1189
2002	1164
2003	1213
2004	1222
2005	1135
2006	1121
2007	1096
2008	1120
2009	1112
2010	1140
2011	1064
2012	1099
2013	1083
2014	954
2015	1076
2016	1011
2017	1018
2018	973
2019	951
2020	947
2021	955
2022	929
2023	915
2024	917
2025	867
2026	939
2027	938
2028	949
2029	913
2030	866
2031	853
2032	818
2033	907
2034	808
2035	856
2036	854
2037	839
2038	815
2039	815
2040	772
2041	789
2042	795
2043	802
2044	790
2045	737
2046	776
2047	804
2048	783
2049	750
2050	759
2051	710
2052	709
2053	763
2054	691
2055	680
2056	711
2057	723
2058	689
2059	648
2060	675
2061	691
2062	670
2063	710
2064	672
2065	688
2066	697
2067	670
2068	674
2069	667
2070	705
2071	692
2072	662
2073	661
2074	658
2075	624
2076	705
2077	646
2078	667
2079	631
2080	631
2081	645
2082	656
2083	665
2084	666
2085	631
2086	641
2087	629
2088	622
2089	638
2090	635
2091	578
2092	650
2093	619
2094	607
2095	612
2096	612
2097	640
2098	625
2099	634
2100	638
2101	633
2102	589
2103	620
2104	665
2105	577
2106	561
2107	612
2108	643
2109	599
2110	616
2111	620
2112	584
2113	587
2114	596
2115	661
2116	636
2117	626
2118	635
2119	615
2120	620
2121	625
2122	604
2123	615
2124	587
2125	633
2126	684
2127	573
2128	642
2129	628
2130	626
2131	625
2132	585
2133	651
2134	611
2135	641
2136	588
2137	632
2138	595
2139	621
2140	594
2141	613
2142	651
2143	644
2144	648
2145	634
2146	658
2147	591
2148	650
2149	634
2150	657
2151	639
2152	648
2153	629
2154	645
2155	589
2156	646
2157	596
2158	626
2159	625
2160	634
2161	617
2162	655
2163	629
2164	693
2165	622
2166	671
2167	634
2168	697
2169	595
2170	628
2171	631
2172	651
2173	652
2174	655
2175	662
2176	632
2177	639
2178	640
2179	647
2180	658
2181	704
2182	696
2183	643
2184	639
2185	640
2186	625
2187	652
2188	690
2189	663
2190	652
2191	651
2192	717
2193	613
2194	652
2195	630
2196	673
2197	693
2198	670
2199	647
2200	688
2201	640
2202	667
2203	645
2204	678
2205	681
2206	663
2207	634
2208	670
2209	676
2210	689
2211	659
2212	648
2213	645
2214	652
2215	669
2216	654
2217	658
2218	689
2219	695
2220	693
2221	657
2222	693
2223	657
2224	654
2225	666
2226	725
2227	649
2228	666
2229	661
2230	681
2231	674
2232	650
2233	692
2234	742
2235	643
2236	673
2237	686
2238	737
2239	661
2240	703
2241	687
2242	730
2243	721
2244	713
2245	679
2246	690
2247	716
2248	709
2249	716
2250	686
2251	674
2252	663
2253	758
2254	693
2255	717
2256	689
2257	672
2258	690
2259	714
2260	688
2261	666
2262	654
2263	666
2264	699
2265	687
2266	654
2267	684
2268	694
2269	709
2270	670
2271	718
2272	624
2273	703
2274	717
2275	659
2276	700
2277	681
2278	670
2279	679
2280	661
2281	698
2282	699
2283	688
2284	707
2285	725
2286	697
2287	686
2288	679
2289	709
2290	649
2291	696
2292	675
2293	720
2294	743
2295	702
2296	716
2297	703
2298	690
2299	685
2300	704
2301	730
2302	735
2303	651
2304	694
2305	699
2306	675
2307	676
2308	676
2309	704
2310	713
2311	683
2312	630
2313	705
2314	651
2315	683
2316	680
2317	660
2318	682
2319	696
2320	680
2321	721
2322	724
2323	667
2324	745
2325	705
2326	728
2327	696
2328	691
2329	685
2330	691
2331	698
2332	663
2333	705
2334	720
2335	699
2336	666
2337	689
2338	717
2339	650
2340	653
2341	663
2342	683
2343	729
2344	685
2345	685
2346	650
2347	658
2348	689
2349	703
2350	671
2351	722
2352	655
2353	677
2354	663
2355	661
2356	715
2357	660
2358	701
2359	669
2360	675
2361	667
2362	632
2363	688
2364	681
2365	659
2366	665
2367	693
2368	688
2369	690
2370	696
2371	646
2372	700
2373	722
2374	712
2375	658
2376	722
2377	710
2378	701
2379	668
2380	587
2381	665
2382	704
2383	714
2384	698
2385	672
2386	731
2387	693
2388	636
2389	652
2390	689
2391	675
2392	642
2393	687
2394	675
2395	657
2396	670
2397	635
2398	687
2399	671
2400	695
2401	686
2402	649
2403	650
2404	670
2405	706
2406	647
2407	630
2408	672
2409	686
2410	628
2411	699
2412	697
2413	647
2414	634
2415	653
2416	690
2417	624
2418	692
2419	662
2420	617
2421	661
2422	669
2423	637
2424	633
2425	588
2426	622
2427	645
2428	636
2429	634
2430	611
2431	649
2432	621
2433	641
2434	637
2435	638
2436	639
2437	633
2438	602
2439	642
2440	613
2441	609
2442	646
2443	644
2444	610
2445	650
2446	613
2447	627
2448	658
2449	598
2450	637
2451	577
2452	586
2453	598
2454	584
2455	561
2456	578
2457	585
2458	622
2459	631
2460	592
2461	616
2462	572
2463	546
2464	618
2465	597
2466	531
2467	588
2468	569
2469	563
2470	582
2471	565
2472	554
2473	552
2474	539
2475	598
2476	617
2477	533
2478	555
2479	553
2480	561
2481	554
2482	555
2483	597
2484	571
2485	564
2486	541
2487	574
2488	570
2489	552
2490	499
2491	583
2492	557
2493	537
2494	547
2495	513
2496	507
2497	521
2498	495
2499	546
2500	527
2501	535
2502	495
2503	506
2504	507
2505	510
2506	496
2507	537
2508	498
2509	510
2510	511
2511	477
2512	484
2513	477
2514	521
2515	516
2516	510
2517	454
2518	474
2519	508
2520	521
2521	526
2522	533
2523	490
2524	496
2525	458
2526	468
2527	511
2528	456
2529	481
2530	428
2531	490
2532	478
2533	487
2534	471
2535	489
2536	488
2537	423
2538	436
2539	518
2540	439
2541	482
2542	462
2543	435
2544	459
2545	466
2546	438
2547	434
2548	463
2549	458
2550	487
2551	487
2552	473
2553	484
2554	442
2555	432
2556	485
2557	461
2558	460
2559	467
2560	456
2561	459
2562	454
2563	402
2564	430
2565	414
2566	475
2567	444
2568	445
2569	431
2570	441
2571	418
2572	450
2573	456
2574	453
2575	426
2576	479
2577	477
2578	437
2579	455
2580	468
2581	430
2582	456
2583	413
2584	460
2585	461
2586	439
2587	395
2588	427
2589	456
2590	439
2591	472
2592	438
2593	455
2594	458
2595	488
2596	403
2597	426
2598	426
2599	415
2600	439
2601	453
2602	465
2603	462
2604	463
2605	380
2606	429
2607	429
2608	440
2609	403
2610	401
2611	450
2612	457
2613	427
2614	429
2615	418
2616	426
2617	430
2618	399
2619	400
2620	460
2621	447
2622	456
2623	420
2624	448
2625	445
2626	456
2627	421
2628	432
2629	413
2630	393
2631	408
2632	442
2633	427
2634	404
2635	461
2636	403
2637	464
2638	432
2639	416
2640	430
2641	442
2642	427
2643	443
2644	432
2645	415
2646	412
2647	405
2648	452
2649	389
2650	415
2651	435
2652	431
2653	395
2654	442
2655	426
2656	417
2657	418
2658	414
2659	423
2660	416
2661	430
2662	413
2663	404
2664	403
2665	414
2666	411
2667	437
2668	419
2669	457
2670	391
2671	456
2672	406
2673	404
2674	409
2675	453
2676	413
2677	425
2678	432
2679	448
2680	433
2681	439
2682	444
2683	427
2684	396
2685	415
2686	418
2687	440
2688	413
2689	422
2690	455
2691	414
2692	426
2693	422
2694	400
2695	376
2696	431
2697	427
2698	429
2699	426
2700	415
2701	433
2702	412
2703	395
2704	406
2705	398
2706	422
2707	427
2708	391
2709	392
2710	427
2711	379
2712	388
2713	401
2714	396
2715	429
2716	416
2717	371
2718	416
2719	391
2720	391
2721	383
2722	401
2723	391
2724	424
2725	375
2726	418
2727	405
2728	414
2729	435
2730	418
2731	427
2732	399
2733	416
2734	409
2735	409
2736	430
2737	416
2738	404
2739	398
2740	384
2741	376
2742	397
2743	398
2744	412
2745	423
2746	425
2747	393
2748	383
2749	390
2750	405
2751	376
2752	406
2753	417
2754	373
2755	368
2756	402
2757	391
2758	371
2759	375
2760	435
2761	397
2762	393
2763	345
2764	354
2765	408
2766	403
2767	410
2768	383
2769	377
2770	368
2771	401
2772	385
2773	380
2774	403
2775	372
2776	385
2777	393
2778	379
2779	404
2780	392
2781	395
2782	381
2783	400
2784	370
2785	413
2786	400
2787	396
2788	345
2789	390
2790	414
2791	412
2792	362
2793	403
2794	404
2795	356
2796	434
2797	369
2798	386
2799	394
2800	395
2801	379
2802	404
2803	399
2804	427
2805	349
2806	397
2807	358
2808	348
2809	403
2810	401
2811	356
2812	411
2813	412
2814	333
2815	373
2816	356
2817	379
2818	397
2819	404
2820	406
2821	371
2822	394
2823	413
2824	382
2825	347
2826	355
2827	375
2828	366
2829	361
2830	389
2831	378
2832	382
2833	392
2834	376
2835	403
2836	363
2837	378
2838	367
2839	357
2840	374
2841	389
2842	417
2843	384
2844	353
2845	348
2846	373
2847	380
2848	355
2849	362
2850	383
2851	365
2852	392
2853	402
2854	422
2855	365
2856	355
2857	397
2858	363
2859	419
2860	378
2861	375
2862	371
2863	363
2864	387
2865	371
2866	421
2867	412
2868	370
2869	381
2870	381
2871	379
2872	387
2873	387
2874	372
2875	384
2876	353
2877	370
2878	385
2879	354
2880	388
2881	435
2882	414
2883	375
2884	361
2885	365
2886	360
2887	410
2888	435
2889	365
2890	382
2891	390
2892	365
2893	385
2894	370
2895	396
2896	364
2897	397
2898	392
2899	362
2900	407
2901	375
2902	388
2903	403
2904	331
2905	412
2906	374
2907	394
2908	390
2909	380
2910	361
2911	402
2912	393
2913	398
2914	366
2915	370
2916	393
2917	361
2918	332
2919	373
2920	385
2921	371
2922	395
2923	366
2924	372
2925	403
2926	367
2927	361
2928	360
2929	386
2930	370
2931	394
2932	369
2933	405
2934	351
2935	385
2936	394
2937	363
2938	397
2939	352
2940	361
2941	379
2942	370
2943	403
2944	369
2945	372
2946	338
2947	373
2948	397
2949	377
2950	384
2951	392
2952	404
2953	379
2954	393
2955	370
2956	398
2957	376
2958	383
2959	382
2960	411
2961	412
2962	388
2963	411
2964	348
2965	376
2966	401
2967	432
2968	409
2969	369
2970	368
2971	364
2972	390
2973	404
2974	372
2975	405
2976	396
2977	371
2978	416
2979	384
2980	406
2981	381
2982	372
2983	426
2984	396
2985	374
2986	399
2987	411
2988	377
2989	385
2990	391
2991	386
2992	379
2993	371
2994	399
2995	393
2996	392
2997	398
2998	417
2999	370
3000	358
3001	387
3002	367
3003	405
3004	408
3005	362
3006	381
3007	370
3008	364
3009	369
3010	407
3011	401
3012	396
3013	360
3014	385
3015	413
3016	395
3017	363
3018	408
3019	422
3020	375
3021	369
3022	399
3023	413
3024	370
3025	382
3026	436
3027	359
3028	441
3029	392
3030	390
3031	389
3032	399
3033	372
3034	398
3035	386
3036	412
3037	417
3038	373
3039	372
3040	366
3041	365
3042	405
3043	364
3044	360
3045	395
3046	402
3047	379
3048	407
3049	379
3050	376
3051	378
3052	398
3053	387
3054	344
3055	379
3056	453
3057	348
3058	401
3059	384
3060	378
3061	383
3062	395
3063	409
3064	381
3065	350
3066	394
3067	391
3068	372
3069	397
3070	395
3071	411
3072	380
3073	332
3074	389
3075	411
3076	370
3077	378
3078	383
3079	364
3080	369
3081	379
3082	393
3083	365
3084	386
3085	385
3086	358
3087	415
3088	389
3089	395
3090	396
3091	389
3092	355
3093	392
3094	355
3095	353
3096	397
3097	397
3098	403
3099	370
3100	386
3101	385
3102	398
3103	392
3104	389
3105	381
3106	383
3107	366
3108	352
3109	363
3110	360
3111	384
3112	360
3113	383
3114	373
3115	395
3116	376
3117	408
3118	362
3119	369
3120	366
3121	383
3122	365
3123	371
3124	367
3125	355
3126	392
3127	396
3128	414
3129	352
3130	385
3131	368
3132	354
3133	359
3134	344
3135	364
3136	313
3137	379
3138	335
3139	322
3140	349
3141	342
3142	369
3143	378
3144	321
3145	358
3146	362
3147	365
3148	351
3149	364
3150	329
3151	329
3152	385
3153	344
3154	388
3155	374
3156	403
3157	384
3158	388
3159	347
3160	327
3161	390
3162	373
3163	331
3164	375
3165	341
3166	345
3167	331
3168	368
3169	345
3170	343
3171	353
3172	358
3173	346
3174	321
3175	354
3176	335
3177	376
3178	334
3179	339
3180	370
3181	343
3182	351
3183	337
3184	314
3185	335
3186	368
3187	344
3188	334
3189	325
3190	339
3191	367
3192	316
3193	347
3194	363
3195	356
3196	356
3197	376
3198	374
3199	383
3200	356
3201	330
3202	354
3203	356
3204	336
3205	341
3206	321
3207	342
3208	334
3209	323
3210	308
3211	304
3212	395
3213	323
3214	341
3215	304
3216	343
3217	339
3218	350
3219	307
3220	351
3221	326
3222	323
3223	314
3224	313
3225	344
3226	340
3227	317
3228	331
3229	370
3230	350
3231	346
3232	329
3233	325
3234	330
3235	337
3236	307
3237	332
3238	338
3239	335
3240	352
3241	314
3242	292
3243	332
3244	318
3245	304
3246	312
3247	302
3248	308
3249	314
3250	313
3251	320
3252	333
3253	347
3254	305
3255	317
3256	295
3257	334
3258	315
3259	319
3260	334
3261	321
3262	324
3263	302
3264	312
3265	308
3266	347
3267	318
3268	304
3269	296
3270	351
3271	281
3272	335
3273	332
3274	316
3275	300
3276	296
3277	312
3278	341
3279	310
3280	327
3281	348
3282	314
3283	319
3284	333
3285	348
3286	323
3287	321
3288	338
3289	303
3290	282
3291	321
3292	325
3293	316
3294	312
3295	323
3296	307
3297	290
3298	276
3299	317
3300	315
3301	286
3302	300
3303	300
3304	324
3305	283
3306	291
3307	312
3308	329
3309	309
3310	303
3311	283
3312	289
3313	318
3314	306
3315	317
3316	291
3317	306
3318	295
3319	296
3320	301
3321	301
3322	297
3323	317
3324	303
3325	322
3326	300
3327	267
3328	309
3329	301
3330	298
3331	291
3332	263
3333	284
3334	307
3335	299
3336	294
3337	337
3338	296
3339	333
3340	277
3341	272
3342	315
3343	285
3344	297
3345	306
3346	307
3347	338
3348	334
3349	316
3350	288
3351	280
3352	296
3353	270
3354	297
3355	307
3356	324
3357	282
3358	275
3359	273
3360	325
3361	315
3362	298
3363	303
3364	303
3365	283
3366	289
3367	304
3368	310
3369	307
3370	290
3371	305
3372	295
3373	352
3374	280
3375	326
3376	312
3377	265
3378	289
3379	337
3380	300
3381	330
3382	334
3383	304
3384	313
3385	306
3386	290
3387	298
3388	275
3389	304
3390	324
3391	297
3392	306
3393	321
3394	314
3395	344
3396	308
3397	267
3398	303
3399	315
3400	281
3401	280
3402	302
3403	303
3404	289
3405	304
3406	285
3407	305
3408	309
3409	308
3410	315
3411	318
3412	277
3413	293
3414	285
3415	311
3416	288
3417	309
3418	288
3419	294
3420	332
3421	307
3422	345
3423	291
3424	313
3425	288
3426	276
3427	261
3428	318
3429	307
3430	286
3431	295
3432	309
3433	306
3434	290
3435	312
3436	296
3437	331
3438	324
3439	324
3440	304
3441	281
3442	323
3443	318
3444	276
3445	324
3446	331
3447	291
3448	275
3449	320
3450	359
3451	341
3452	299
3453	338
3454	310
3455	294
3456	332
3457	306
3458	306
3459	338
3460	336
3461	304
3462	299
3463	300
3464	330
3465	319
3466	311
3467	291
3468	297
3469	317
3470	314
3471	326
3472	308
3473	299
3474	309
3475	343
3476	307
3477	300
3478	322
3479	348
3480	315
3481	307
3482	352
3483	348
3484	319
3485	332
3486	362
3487	329
3488	315
3489	361
3490	302
3491	368
3492	319
3493	329
3494	311
3495	304
3496	332
3497	347
3498	308
3499	374
3500	297
3501	342
3502	362
3503	310
3504	304
3505	313
3506	329
3507	315
3508	308
3509	347
3510	315
3511	336
3512	359
3513	343
3514	303
3515	357
3516	342
3517	341
3518	338
3519	317
3520	348
3521	343
3522	325
3523	338
3524	321
3525	280
3526	339
3527	334
3528	358
3529	311
3530	335
3531	337
3532	341
3533	334
3534	331
3535	324
3536	311
3537	321
3538	318
3539	334
3540	338
3541	356
3542	367
3543	328
3544	333
3545	303
3546	341
3547	329
3548	358
3549	343
3550	324
3551	351
3552	374
3553	366
3554	317
3555	349
3556	338
3557	365
3558	343
3559	337
3560	344
3561	370
3562	356
3563	327
3564	377
3565	354
3566	330
3567	337
3568	330
3569	320
3570	319
3571	370
3572	326
3573	338
3574	318
3575	339
3576	354
3577	337
3578	326
3579	349
3580	329
3581	330
3582	341
3583	419
3584	354
3585	330
3586	352
3587	338
3588	352
3589	360
3590	344
3591	337
3592	349
3593	354
3594	345
3595	344
3596	354
3597	346
3598	358
3599	356
3600	358
3601	344
3602	346
3603	354
3604	351
3605	319
3606	356
3607	373
3608	367
3609	356
3610	328
3611	347
3612	332
3613	349
3614	357
3615	365
3616	330
3617	310
3618	334
3619	345
3620	337
3621	350
3622	319
3623	355
3624	359
3625	354
3626	325
3627	337
3628	357
3629	374
3630	374
3631	333
3632	355
3633	375
3634	351
3635	375
3636	319
3637	361
3638	350
3639	316
3640	343
3641	335
3642	361
3643	339
3644	358
3645	411
3646	337
3647	348
3648	339
3649	353
3650	369
3651	316
3652	353
3653	356
3654	332
3655	351
3656	352
3657	345
3658	316
3659	367
3660	344
3661	338
3662	357
3663	365
3664	346
3665	350
3666	364
3667	353
3668	374
3669	372
3670	372
3671	336
3672	374
3673	327
3674	357
3675	353
3676	362
3677	350
3678	352
3679	328
3680	339
3681	304
3682	332
3683	339
3684	342
3685	354
3686	346
3687	318
3688	317
3689	350
3690	320
3691	321
3692	362
3693	340
3694	331
3695	311
3696	355
3697	330
3698	377
3699	323
3700	358
3701	358
3702	334
3703	372
3704	355
3705	338
3706	330
3707	330
3708	335
3709	355
3710	329
3711	331
3712	312
3713	353
3714	352
3715	326
3716	351
3717	347
3718	317
3719	324
3720	329
3721	359
3722	349
3723	351
3724	338
3725	370
3726	335
3727	351
3728	327
3729	384
3730	299
3731	315
3732	345
3733	319
3734	347
3735	351
3736	302
3737	331
3738	321
3739	348
3740	327
3741	363
3742	346
3743	339
3744	333
3745	341
3746	338
3747	359
3748	368
3749	364
3750	301
3751	345
3752	370
3753	318
3754	350
3755	333
3756	331
3757	337
3758	328
3759	320
3760	353
3761	335
3762	323
3763	347
3764	342
3765	304
3766	336
3767	339
3768	331
3769	335
3770	312
3771	316
3772	323
3773	355
3774	340
3775	343
3776	352
3777	344
3778	340
3779	343
3780	346
3781	308
3782	333
3783	345
3784	338
3785	343
3786	317
3787	366
3788	330
3789	336
3790	344
3791	318
3792	330
3793	330
3794	332
3795	329
3796	329
3797	329
3798	351
3799	359
3800	327
3801	333
3802	328
3803	317
3804	330
3805	339
3806	334
3807	329
3808	354
3809	347
3810	332
3811	341
3812	335
3813	341
3814	340
3815	311
3816	317
3817	339
3818	318
3819	335
3820	340
3821	325
3822	317
3823	319
3824	332
3825	318
3826	364
3827	293
3828	320
3829	336
3830	342
3831	332
3832	330
3833	360
3834	339
3835	324
3836	374
3837	325
3838	323
3839	370
3840	369
3841	329
3842	340
3843	329
3844	338
3845	334
3846	345
3847	338
3848	353
3849	381
3850	351
3851	334
3852	342
3853	341
3854	325
3855	360
3856	350
3857	343
3858	304
3859	370
3860	385
3861	322
3862	346
3863	377
3864	349
3865	360
3866	321
3867	385
3868	309
3869	332
3870	327
3871	367
3872	345
3873	351
3874	344
3875	330
3876	372
3877	343
3878	367
3879	314
3880	366
3881	356
3882	377
3883	342
3884	358
3885	356
3886	362
3887	351
3888	333
3889	366
3890	342
3891	381
3892	404
3893	366
3894	379
3895	358
3896	365
3897	381
3898	388
3899	374
3900	380
3901	369
3902	346
3903	340
3904	394
3905	393
3906	366
3907	380
3908	384
3909	378
3910	373
3911	371
3912	394
3913	403
3914	379
3915	400
3916	389
3917	410
3918	402
3919	403
3920	377
3921	386
3922	388
3923	412
3924	390
3925	392
3926	354
3927	411
3928	402
3929	437
3930	421
3931	388
3932	350
3933	425
3934	419
3935	432
3936	478
3937	420
3938	435
3939	359
3940	438
3941	424
3942	431
3943	394
3944	455
3945	460
3946	432
3947	415
3948	399
3949	420
3950	451
3951	432
3952	456
3953	463
3954	445
3955	440
3956	456
3957	441
3958	437
3959	447
3960	446
3961	472
3962	461
3963	499
3964	446
3965	453
3966	484
3967	434
3968	495
3969	492
3970	489
3971	514
3972	517
3973	463
3974	450
3975	501
3976	464
3977	469
3978	518
3979	514
3980	522
3981	507
3982	490
3983	514
3984	487
3985	479
3986	507
3987	481
3988	509
3989	521
3990	528
3991	532
3992	535
3993	512
3994	513
3995	543
3996	531
3997	532
3998	512
3999	540
4000	532
4001	510
4002	527
4003	514
4004	558
4005	499
4006	518
4007	499
4008	557
4009	531
4010	608
4011	545
4012	569
4013	555
4014	526
4015	543
4016	602
4017	544
4018	589
4019	528
4020	586
4021	564
4022	571
4023	543
4024	556
4025	587
4026	571
4027	617
4028	592
4029	570
4030	583
4031	615
4032	559
4033	582
4034	610
4035	658
4036	614
4037	614
4038	607
4039	564
4040	635
4041	640
4042	644
4043	631
4044	625
4045	607
4046	618
4047	630
4048	597
4049	627
4050	617
4051	615
4052	625
4053	608
4054	656
4055	649
4056	626
4057	651
4058	678
4059	626
4060	638
4061	646
4062	667
4063	680
4064	649
4065	676
4066	700
4067	663
4068	649
4069	673
4070	680
4071	699
4072	679
4073	646
4074	671
4075	622
4076	668
4077	676
4078	643
4079	690
4080	676
4081	661
4082	662
4083	655
4084	624
4085	663
4086	689
4087	725
4088	694
4089	707
4090	652
4091	690
4092	666
4093	643
4094	709
4095	689
4096	726
4097	713
4098	710
4099	729
4100	667
4101	720
4102	678
4103	655
4104	726
4105	708
4106	707
4107	715
4108	692
4109	680
4110	687
4111	702
4112	680
4113	712
4114	707
4115	711
4116	724
4117	740
4118	699
4119	711
4120	687
4121	691
4122	724
4123	713
4124	752
4125	682
4126	726
4127	643
4128	689
4129	704
4130	719
4131	722
4132	677
4133	720
4134	683
4135	725
4136	672
4137	755
4138	693
4139	715
4140	702
4141	727
4142	666
4143	729
4144	673
4145	680
4146	706
4147	691
4148	722
4149	691
4150	717
4151	698
4152	691
4153	712
4154	687
4155	719
4156	673
4157	698
4158	658
4159	717
4160	684
4161	739
4162	666
4163	693
4164	680
4165	718
4166	701
4167	698
4168	668
4169	709
4170	691
4171	627
4172	633
4173	652
4174	664
4175	607
4176	675
4177	659
4178	672
4179	633
4180	660
4181	639
4182	668
4183	662
4184	655
4185	639
4186	640
4187	661
4188	620
4189	646
4190	619
4191	607
4192	651
4193	646
4194	614
4195	706
4196	640
4197	659
4198	620
4199	645
4200	595
4201	643
4202	614
4203	649
4204	597
4205	595
4206	631
4207	618
4208	618
4209	577
4210	585
4211	592
4212	595
4213	589
4214	585
4215	564
4216	585
4217	547
4218	590
4219	546
4220	517
4221	564
4222	581
4223	567
4224	547
4225	595
4226	569
4227	542
4228	612
4229	548
4230	602
4231	519
4232	559
4233	536
4234	539
4235	546
4236	563
4237	529
4238	535
4239	538
4240	547
4241	550
4242	556
4243	564
4244	530
4245	575
4246	527
4247	570
4248	537
4249	515
4250	549
4251	512
4252	502
4253	498
4254	509
4255	502
4256	478
4257	476
4258	478
4259	516
4260	516
4261	535
4262	498
4263	479
4264	511
4265	466
4266	439
4267	487
4268	542
4269	482
4270	454
4271	451
4272	487
4273	459
4274	479
4275	487
4276	441
4277	473
4278	465
4279	489
4280	459
4281	471
4282	430
4283	458
4284	442
4285	409
4286	433
4287	421
4288	447
4289	422
4290	421
4291	442
4292	435
4293	415
4294	410
4295	401
4296	474
4297	430
4298	458
4299	417
4300	380
4301	381
4302	411
4303	404
4304	415
4305	426
4306	401
4307	404
4308	390
4309	371
4310	394
4311	360
4312	374
4313	371
4314	388
4315	362
4316	379
4317	400
4318	347
4319	380
4320	370
4321	378
4322	344
4323	388
4324	367
4325	364
4326	369
4327	412
4328	321
4329	359
4330	382
4331	354
4332	346
4333	370
4334	344
4335	338
4336	339
4337	343
4338	359
4339	379
4340	342
4341	308
4342	296
4343	352
4344	346
4345	317
4346	367
4347	335
4348	326
4349	371
4350	335
4351	358
4352	339
4353	324
4354	292
4355	320
4356	317
4357	304
4358	335
4359	311
4360	322
4361	343
4362	325
4363	329
4364	318
4365	333
4366	325
4367	320
4368	324
4369	328
4370	315
4371	297
4372	306
4373	298
4374	301
4375	286
4376	318
4377	338
4378	318
4379	317
4380	319
4381	309
4382	285
4383	299
4384	300
4385	346
4386	289
4387	304
4388	315
4389	303
4390	298
4391	284
4392	298
4393	304
4394	269
4395	290
4396	308
4397	329
4398	319
4399	320
4400	303
4401	299
4402	301
4403	302
4404	329
4405	307
4406	339
4407	307
4408	295
4409	296
4410	290
4411	305
4412	260
4413	331
4414	316
4415	306
4416	300
4417	335
4418	336
4419	311
4420	289
4421	271
4422	296
4423	317
4424	300
4425	297
4426	297
4427	333
4428	291
4429	277
4430	281
4431	300
4432	272
4433	286
4434	296
4435	296
4436	304
4437	270
4438	290
4439	277
4440	290
4441	320
4442	304
4443	317
4444	311
4445	286
4446	300
4447	307
4448	321
4449	306
4450	298
4451	315
4452	308
4453	300
4454	321
4455	339
4456	316
4457	317
4458	316
4459	307
4460	307
4461	314
4462	337
4463	332
4464	308
4465	303
4466	303
4467	315
4468	296
4469	321
4470	309
4471	336
4472	302
4473	321
4474	292
4475	310
4476	290
4477	307
4478	326
4479	301
4480	337
4481	281
4482	296
4483	322
4484	333
4485	318
4486	304
4487	282
4488	333
4489	308
4490	320
4491	308
4492	327
4493	290
4494	341
4495	342
4496	309
4497	329
4498	323
4499	320
4500	303
4501	337
4502	334
4503	310
4504	326
4505	297
4506	297
4507	307
4508	300
4509	331
4510	298
4511	329
4512	338
4513	319
4514	313
4515	315
4516	314
4517	355
4518	331
4519	336
4520	333
4521	323
4522	318
4523	357
4524	304
4525	322
4526	298
4527	300
4528	320
4529	328
4530	306
4531	315
4532	309
4533	350
4534	314
4535	341
4536	305
4537	349
4538	307
4539	335
4540	344
4541	319
4542	306
4543	325
4544	301
4545	336
4546	321
4547	314
4548	345
4549	335
4550	299
4551	324
4552	289
4553	297
4554	321
4555	313
4556	331
4557	319
4558	316
4559	340
4560	318
4561	345
4562	335
4563	339
4564	338
4565	326
4566	304
4567	338
4568	335
4569	339
4570	337
4571	331
4572	352
4573	288
4574	321
4575	326
4576	322
4577	333
4578	343
4579	307
4580	323
4581	318
4582	340
4583	318
4584	312
4585	305
4586	337
4587	326
4588	334
4589	303
4590	332
4591	331
4592	350
4593	330
4594	327
4595	312
4596	322
4597	345
4598	314
4599	318
4600	314
4601	310
4602	331
4603	308
4604	310
4605	297
4606	307
4607	326
4608	339
4609	328
4610	315
4611	308
4612	316
4613	315
4614	309
4615	314
4616	353
4617	345
4618	323
4619	312
4620	314
4621	331
4622	335
4623	330
4624	320
4625	300
4626	352
4627	326
4628	319
4629	350
4630	297
4631	306
4632	305
4633	302
4634	318
4635	320
4636	285
4637	298
4638	294
4639	293
4640	321
4641	316
4642	297
4643	312
4644	329
4645	265
4646	262
4647	313
4648	297
4649	282
4650	345
4651	314
4652	300
4653	297
4654	316
4655	291
4656	280
4657	305
4658	295
4659	303
4660	311
4661	316
4662	315
4663	279
4664	307
4665	314
4666	307
4667	310
4668	317
4669	297
4670	288
4671	319
4672	300
4673	319
4674	291
4675	281
4676	299
4677	305
4678	301
4679	288
4680	302
4681	282
4682	273
4683	263
4684	302
4685	286
4686	271
4687	292
4688	243
4689	272
4690	295
4691	277
4692	282
4693	274
4694	281
4695	276
4696	290
4697	307
4698	264
4699	292
4700	285
4701	278
4702	292
4703	285
4704	295
4705	241
4706	297
4707	237
4708	294
4709	295
4710	266
4711	269
4712	273
4713	274
4714	279
4715	303
4716	277
4717	299
4718	279
4719	256
4720	255
4721	287
4722	267
4723	272
4724	273
4725	285
4726	313
4727	270
4728	298
4729	260
4730	265
4731	277
4732	261
4733	260
4734	291
4735	276
4736	276
4737	257
4738	253
4739	258
4740	274
4741	251
4742	252
4743	277
4744	248
4745	238
4746	272
4747	271
4748	265
4749	281
4750	259
4751	247
4752	267
4753	255
4754	251
4755	287
4756	276
4757	271
4758	241
4759	255
4760	240
4761	273
4762	261
4763	253
4764	256
4765	253
4766	253
4767	271
4768	294
4769	263
4770	265
4771	268
4772	256
4773	268
4774	261
4775	255
4776	271
4777	272
4778	262
4779	275
4780	264
4781	249
4782	232
4783	263
4784	311
4785	245
4786	239
4787	276
4788	277
4789	273
4790	265
4791	271
4792	271
4793	253
4794	259
4795	264
4796	271
4797	292
4798	278
4799	270
4800	262
4801	253
4802	258
4803	275
4804	300
4805	254
4806	242
4807	263
4808	259
4809	261
4810	273
4811	271
4812	263
4813	258
4814	254
4815	253
4816	273
4817	278
4818	265
4819	263
4820	304
4821	295
4822	244
4823	223
4824	286
4825	296
4826	290
4827	269
4828	266
4829	280
4830	280
4831	257
4832	287
4833	284
4834	285
4835	288
4836	305
4837	292
4838	312
4839	300
4840	268
4841	299
4842	307
4843	295
4844	303
4845	295
4846	292
4847	282
4848	293
4849	332
4850	266
4851	294
4852	296
4853	280
4854	304
4855	282
4856	314
4857	259
4858	328
4859	302
4860	322
4861	305
4862	335
4863	283
4864	308
4865	327
4866	300
4867	284
4868	285
4869	288
4870	291
4871	331
4872	330
4873	338
4874	328
4875	317
4876	313
4877	345
4878	341
4879	317
4880	296
4881	313
4882	349
4883	343
4884	341
4885	301
4886	323
4887	336
4888	338
4889	381
4890	316
4891	301
4892	320
4893	327
4894	340
4895	331
4896	334
4897	335
4898	313
4899	377
4900	349
4901	350
4902	357
4903	346
4904	340
4905	376
4906	305
4907	363
4908	380
4909	362
4910	317
4911	318
4912	353
4913	341
4914	371
4915	359
4916	363
4917	350
4918	383
4919	367
4920	356
4921	364
4922	364
4923	385
4924	378
4925	347
4926	346
4927	385
4928	388
4929	372
4930	375
4931	394
4932	411
4933	385
4934	371
4935	393
4936	357
4937	405
4938	399
4939	384
4940	437
4941	364
4942	418
4943	370
4944	410
4945	438
4946	419
4947	392
4948	431
4949	408
4950	413
4951	369
4952	399
4953	381
4954	428
4955	386
4956	415
4957	370
4958	466
4959	453
4960	424
4961	420
4962	415
4963	440
4964	498
4965	409
4966	446
4967	422
4968	452
4969	439
4970	437
4971	436
4972	443
4973	463
4974	436
4975	432
4976	437
4977	429
4978	454
4979	444
4980	456
4981	462
4982	420
4983	451
4984	468
4985	441
4986	495
4987	445
4988	488
4989	452
4990	461
4991	484
4992	452
4993	460
4994	478
4995	452
4996	476
4997	462
4998	457
4999	479
5000	471
5001	456
5002	475
5003	461
5004	431
5005	468
5006	517
5007	509
5008	507
5009	495
5010	455
5011	444
5012	477
5013	481
5014	503
5015	490
5016	501
5017	507
5018	486
5019	503
5020	483
5021	459
5022	495
5023	471
5024	494
5025	483
5026	482
5027	501
5028	489
5029	516
5030	467
5031	508
5032	496
5033	502
5034	490
5035	456
5036	487
5037	468
5038	524
5039	523
5040	472
5041	511
5042	512
5043	525
5044	516
5045	484
5046	508
5047	522
5048	493
5049	497
5050	533
5051	520
5052	505
5053	514
5054	518
5055	503
5056	491
5057	510
5058	527
5059	500
5060	518
5061	535
5062	542
5063	540
5064	519
5065	507
5066	491
5067	491
5068	552
5069	481
5070	544
5071	490
5072	553
5073	522
5074	521
5075	527
5076	520
5077	551
5078	496
5079	510
5080	500
5081	486
5082	494
5083	494
5084	517
5085	527
5086	524
5087	500
5088	513
5089	531
5090	593
5091	530
5092	508
5093	507
5094	526
5095	535
5096	507
5097	509
5098	507
5099	506
5100	555
5101	482
5102	499
5103	508
5104	507
5105	487
5106	530
5107	546
5108	536
5109	451
5110	522
5111	517
5112	491
5113	501
5114	477
5115	481
5116	485
5117	544
5118	548
5119	491
5120	523
5121	466
5122	496
5123	532
5124	475
5125	481
5126	477
5127	486
5128	482
5129	485
5130	498
5131	541
5132	503
5133	503
5134	459
5135	515
5136	481
5137	496
5138	491
5139	487
5140	477
5141	475
5142	462
5143	483
5144	495
5145	470
5146	467
5147	487
5148	495
5149	493
5150	456
5151	467
5152	477
5153	460
5154	494
5155	446
5156	442
5157	455
5158	470
5159	458
5160	472
5161	483
5162	443
5163	484
5164	436
5165	466
5166	470
5167	446
5168	432
5169	470
5170	433
5171	425
5172	427
5173	422
5174	431
5175	432
5176	458
5177	447
5178	409
5179	419
5180	470
5181	462
5182	442
5183	451
5184	425
5185	419
5186	436
5187	462
5188	427
5189	423
5190	412
5191	413
5192	419
5193	447
5194	403
5195	409
5196	437
5197	432
5198	408
5199	358
5200	408
5201	395
5202	379
5203	395
5204	379
5205	404
5206	390
5207	423
5208	437
5209	390
5210	384
5211	361
5212	381
5213	405
5214	385
5215	407
5216	357
5217	366
5218	386
5219	346
5220	349
5221	362
5222	378
5223	366
5224	373
5225	364
5226	312
5227	369
5228	350
5229	339
5230	344
5231	325
5232	344
5233	362
5234	348
5235	344
5236	329
5237	387
5238	326
5239	331
5240	301
5241	336
5242	338
5243	338
5244	357
5245	354
5246	317
5247	321
5248	324
5249	334
5250	320
5251	313
5252	298
5253	310
5254	299
5255	297
5256	278
5257	323
5258	312
5259	284
5260	287
5261	282
5262	274
5263	272
5264	302
5265	289
5266	314
5267	288
5268	318
5269	285
5270	307
5271	282
5272	300
5273	285
5274	283
5275	291
5276	320
5277	292
5278	278
5279	287
5280	269
5281	240
5282	276
5283	271
5284	257
5285	281
5286	236
5287	279
5288	272
5289	292
5290	234
5291	260
5292	275
5293	281
5294	239
5295	271
5296	270
5297	237
5298	248
5299	253
5300	271
5301	262
5302	249
5303	246
5304	270
5305	231
5306	238
5307	251
5308	265
5309	233
5310	247
5311	226
5312	249
5313	236
5314	217
5315	215
5316	238
5317	234
5318	263
5319	227
5320	229
5321	229
5322	214
5323	222
5324	215
5325	226
5326	215
5327	219
5328	223
5329	234
5330	242
5331	231
5332	221
5333	249
5334	208
5335	201
5336	240
5337	227
5338	206
5339	211
5340	223
5341	232
5342	215
5343	225
5344	228
5345	227
5346	216
5347	238
5348	205
5349	218
5350	219
5351	216
5352	222
5353	200
5354	207
5355	211
5356	200
5357	239
5358	201
5359	213
5360	218
5361	197
5362	216
5363	203
5364	220
5365	227
5366	190
5367	196
5368	192
5369	199
5370	207
5371	201
5372	213
5373	201
5374	196
5375	197
5376	202
5377	231
5378	221
5379	231
5380	204
5381	184
5382	226
5383	219
5384	219
5385	189
5386	211
5387	203
5388	185
5389	184
5390	192
5391	198
5392	217
5393	190
5394	219
5395	206
5396	187
5397	198
5398	181
5399	189
5400	179
5401	206
5402	193
5403	214
5404	216
5405	226
5406	201
5407	194
5408	210
5409	216
5410	210
5411	206
5412	195
5413	211
5414	194
5415	200
5416	193
5417	207
5418	181
5419	210
5420	207
5421	212
5422	245
5423	202
5424	228
5425	216
5426	201
5427	205
5428	235
5429	199
5430	215
5431	224
5432	203
5433	202
5434	231
5435	226
5436	206
5437	205
5438	220
5439	232
5440	228
5441	223
5442	214
5443	212
5444	221
5445	221
5446	192
5447	224
5448	236
5449	219
5450	230
5451	231
5452	200
5453	236
5454	202
5455	230
5456	241
5457	217
5458	205
5459	220
5460	244
5461	209
5462	269
5463	229
5464	228
5465	233
5466	231
5467	198
5468	233
5469	237
5470	242
5471	240
5472	230
5473	248
5474	212
5475	229
5476	245
5477	258
5478	253
5479	256
5480	272
5481	253
5482	241
5483	249
5484	249
5485	238
5486	251
5487	235
5488	251
5489	233
5490	235
5491	245
5492	240
5493	250
5494	245
5495	264
5496	306
5497	255
5498	268
5499	256
5500	271
5501	279
5502	251
5503	255
5504	253
5505	288
5506	280
5507	288
5508	279
5509	264
5510	290
5511	271
5512	275
5513	282
5514	273
5515	266
5516	262
5517	284
5518	300
5519	303
5520	263
5521	303
5522	336
5523	298
5524	286
5525	306
5526	281
5527	310
5528	282
5529	302
5530	315
5531	303
5532	311
5533	271
5534	319
5535	285
5536	282
5537	316
5538	325
5539	311
5540	313
5541	315
5542	292
5543	300
5544	337
5545	329
5546	313
5547	346
5548	305
5549	337
5550	310
5551	357
5552	354
5553	335
5554	321
5555	374
5556	336
5557	349
5558	335
5559	383
5560	360
5561	329
5562	354
5563	321
5564	364
5565	341
5566	388
5567	345
5568	363
5569	359
5570	398
5571	334
5572	346
5573	354
5574	390
5575	393
5576	415
5577	396
5578	344
5579	380
5580	358
5581	363
5582	387
5583	378
5584	380
5585	389
5586	376
5587	383
5588	390
5589	442
5590	384
5591	377
5592	418
5593	416
5594	401
5595	399
5596	437
5597	373
5598	420
5599	403
5600	417
5601	411
5602	435
5603	400
5604	438
5605	418
5606	443
5607	402
5608	403
5609	425
5610	421
5611	404
5612	418
5613	440
5614	433
5615	422
5616	449
5617	466
5618	438
5619	437
5620	464
5621	466
5622	434
5623	498
5624	428
5625	422
5626	486
5627	443
5628	487
5629	466
5630	460
5631	489
5632	474
5633	464
5634	483
5635	458
5636	446
5637	474
5638	481
5639	494
5640	455
5641	471
5642	502
5643	461
5644	476
5645	479
5646	456
5647	506
5648	523
5649	515
5650	472
5651	538
5652	471
5653	510
5654	477
5655	537
5656	507
5657	504
5658	534
5659	512
5660	544
5661	513
5662	519
5663	517
5664	522
5665	527
5666	559
5667	557
5668	510
5669	545
5670	529
5671	585
5672	528
5673	558
5674	522
5675	542
5676	535
5677	507
5678	573
5679	567
5680	575
5681	576
5682	541
5683	588
5684	535
5685	534
5686	573
5687	523
5688	566
5689	573
5690	531
5691	582
5692	619
5693	531
5694	572
5695	589
5696	579
5697	566
5698	551
5699	589
5700	532
5701	581
5702	585
5703	605
5704	587
5705	598
5706	599
5707	575
5708	530
5709	563
5710	618
5711	582
5712	598
5713	609
5714	589
5715	595
5716	610
5717	549
5718	634
5719	566
5720	604
5721	606
5722	607
5723	608
5724	586
5725	613
5726	590
5727	624
5728	586
5729	613
5730	589
5731	627
5732	594
5733	627
5734	566
5735	641
5736	640
5737	613
5738	602
5739	605
5740	621
5741	675
5742	611
5743	634
5744	614
5745	611
5746	581
5747	601
5748	631
5749	626
5750	596
5751	622
5752	643
5753	603
5754	652
5755	642
5756	620
5757	620
5758	617
5759	595
5760	612
5761	646
5762	609
5763	594
5764	664
5765	585
5766	612
5767	623
5768	577
5769	633
5770	573
5771	597
5772	629
5773	642
5774	593
5775	585
5776	633
5777	625
5778	633
5779	628
5780	600
5781	645
5782	597
5783	628
5784	576
5785	611
5786	592
5787	581
5788	625
5789	638
5790	638
5791	651
5792	654
5793	600
5794	602
5795	641
5796	614
5797	636
5798	639
5799	623
5800	621
5801	607
5802	618
5803	571
5804	590
5805	596
5806	573
5807	665
5808	601
5809	587
5810	598
5811	594
5812	636
5813	584
5814	635
5815	610
5816	604
5817	577
5818	550
5819	623
5820	568
5821	611
5822	561
5823	593
5824	597
5825	621
5826	631
5827	607
5828	613
5829	582
5830	628
5831	606
5832	601
5833	552
5834	583
5835	592
5836	566
5837	536
5838	606
5839	587
5840	604
5841	575
5842	584
5843	591
5844	613
5845	618
5846	589
5847	534
5848	593
5849	572
5850	518
5851	575
5852	560
5853	532
5854	551
5855	567
5856	569
5857	611
5858	598
5859	546
5860	530
5861	524
5862	570
5863	526
5864	556
5865	523
5866	550
5867	538
5868	558
5869	508
5870	540
5871	538
5872	503
5873	489
5874	543
5875	589
5876	553
5877	513
5878	510
5879	511
5880	514
5881	532
5882	495
5883	562
5884	537
5885	500
5886	537
5887	488
5888	485
5889	522
5890	509
5891	525
5892	522
5893	501
5894	502
5895	485
5896	490
5897	484
5898	515
5899	473
5900	489
5901	499
5902	499
5903	508
5904	492
5905	492
5906	473
5907	476
5908	463
5909	474
5910	484
5911	427
5912	465
5913	464
5914	469
5915	429
5916	502
5917	411
5918	485
5919	438
5920	481
5921	410
5922	442
5923	438
5924	428
5925	429
5926	450
5927	426
5928	397
5929	434
5930	397
5931	449
5932	423
5933	417
5934	390
5935	414
5936	423
5937	432
5938	402
5939	429
5940	409
5941	430
5942	427
5943	441
5944	390
5945	412
5946	398
5947	412
5948	379
5949	388
5950	416
5951	421
5952	378
5953	360
5954	393
5955	358
5956	367
5957	368
5958	420
5959	375
5960	359
5961	343
5962	359
5963	371
5964	389
5965	388
5966	364
5967	320
5968	378
5969	360
5970	359
5971	310
5972	333
5973	325
5974	368
5975	360
5976	360
5977	327
5978	351
5979	374
5980	310
5981	333
5982	334
5983	335
5984	316
5985	330
5986	345
5987	300
5988	308
5989	323
5990	298
5991	294
5992	313
5993	305
5994	304
5995	300
5996	270
5997	315
5998	327
5999	328
6000	298
6001	319
6002	281
6003	287
6004	286
6005	280
6006	317
6007	264
6008	284
6009	271
6010	274
6011	332
6012	251
6013	287
6014	286
6015	278
6016	292
6017	262
6018	272
6019	267
6020	261
6021	251
6022	279
6023	272
6024	273
6025	259
6026	265
6027	237
6028	255
6029	267
6030	258
6031	281
6032	246
6033	239
6034	252
6035	255
6036	246
6037	248
6038	243
6039	242
6040	245
6041	240
6042	221
6043	227
6044	242
6045	248
6046	217
6047	243
6048	238
6049	215
6050	208
6051	225
6052	222
6053	214
6054	246
6055	239
6056	208
6057	244
6058	227
6059	200
6060	188
6061	237
6062	206
6063	201
6064	206
6065	185
6066	164
6067	184
6068	194
6069	197
6070	175
6071	202
6072	196
6073	195
6074	214
6075	197
6076	221
6077	195
6078	179
6079	217
6080	210
6081	169
6082	196
6083	198
6084	185
6085	169
6086	157
6087	212
6088	182
6089	168
6090	166
6091	148
6092	170
6093	163
6094	148
6095	172
6096	154
6097	176
6098	178
6099	169
6100	195
6101	160
6102	171
6103	163
6104	162
6105	167
6106	162
6107	153
6108	162
6109	158
6110	161
6111	180
6112	150
6113	146
6114	143
6115	154
6116	132
6117	156
6118	138
6119	146
6120	153
6121	152
6122	153
6123	127
6124	164
6125	157
6126	132
6127	149
6128	134
6129	152
6130	148
6131	133
6132	152
6133	129
6134	153
6135	144
6136	124
6137	129
6138	134
6139	129
6140	124
6141	156
6142	120
6143	138
6144	146
6145	134
6146	149
6147	134
6148	136
6149	129
6150	121
6151	144
6152	145
6153	108
6154	134
6155	134
6156	127
6157	115
6158	144
6159	132
6160	114
6161	132
6162	108
6163	124
6164	103
6165	110
6166	109
6167	111
6168	127
6169	140
6170	118
6171	151
6172	111
6173	121
6174	128
6175	113
6176	115
6177	104
6178	117
6179	114
6180	116
6181	125
6182	139
6183	113
6184	129
6185	109
6186	123
6187	101
6188	114
6189	119
6190	113
6191	108
6192	116
6193	96
6194	111
6195	122
6196	98
6197	116
6198	99
6199	102
6200	95
6201	108
6202	124
6203	95
6204	97
6205	107
6206	89
6207	94
6208	105
6209	100
6210	101
6211	102
6212	89
6213	95
6214	92
6215	102
6216	104
6217	104
6218	113
6219	110
6220	97
6221	101
6222	107
6223	114
6224	100
6225	92
6226	81
6227	84
6228	109
6229	100
6230	103
6231	99
6232	106
6233	101
6234	68
6235	97
6236	112
6237	93
6238	95
6239	95
6240	103
6241	92
6242	92
6243	86
6244	85
6245	103
6246	106
6247	93
6248	90
6249	103
6250	109
6251	108
6252	102
6253	91
6254	85
6255	78
6256	109
6257	92
6258	90
6259	100
6260	99
6261	112
6262	102
6263	88
6264	72
6265	83
6266	90
6267	90
6268	91
6269	84
6270	101
6271	107
6272	98
6273	95
6274	102
6275	85
6276	98
6277	77
6278	92
6279	82
6280	87
6281	112
6282	92
6283	105
6284	77
6285	86
6286	109
6287	97
6288	92
6289	82
6290	80
6291	106
6292	81
6293	73
6294	98
6295	113
6296	97
6297	103
6298	90
6299	85
6300	86
6301	82
6302	83
6303	95
6304	92
6305	88
6306	94
6307	92
6308	97
6309	74
6310	88
6311	90
6312	82
6313	103
6314	78
6315	105
6316	83
6317	90
6318	83
6319	92
6320	70
6321	84
6322	88
6323	87
6324	75
6325	70
6326	83
6327	82
6328	89
6329	77
6330	69
6331	84
6332	95
6333	72
6334	76
6335	63
6336	77
6337	75
6338	91
6339	85
6340	94
6341	88
6342	82
6343	91
6344	78
6345	86
6346	77
6347	80
6348	86
6349	84
6350	83
6351	95
6352	96
6353	70
6354	82
6355	78
6356	82
6357	84
6358	86
6359	78
6360	88
6361	89
6362	82
6363	89
6364	76
6365	71
6366	85
6367	75
6368	74
6369	86
6370	85
6371	99
6372	85
6373	76
6374	84
6375	79
6376	80
6377	76
6378	81
6379	65
6380	83
6381	80
6382	79
6383	56
6384	85
6385	75
6386	83
6387	91
6388	80
6389	73
6390	80
6391	86
6392	88
6393	78
6394	89
6395	74
6396	89
6397	92
6398	82
6399	80
6400	95
6401	92
6402	77
6403	88
6404	73
6405	71
6406	73
6407	84
6408	77
6409	79
6410	82
6411	72
6412	75
6413	81
6414	70
6415	70
6416	82
6417	79
6418	79
6419	65
6420	81
6421	83
6422	67
6423	78
6424	69
6425	84
6426	67
6427	78
6428	81
6429	70
6430	68
6431	80
6432	65
6433	75
6434	73
6435	84
6436	60
6437	71
6438	67
6439	79
6440	71
6441	90
6442	57
6443	80
6444	71
6445	84
6446	73
6447	67
6448	74
6449	72
6450	66
6451	73
6452	63
6453	70
6454	84
6455	72
6456	79
6457	83
6458	70
6459	75
6460	76
6461	78
6462	77
6463	68
6464	78
6465	78
6466	91
6467	60
6468	51
6469	66
6470	61
6471	81
6472	67
6473	66
6474	69
6475	70
6476	63
6477	67
6478	68
6479	90
6480	65
6481	59
6482	67
6483	67
6484	73
6485	73
6486	76
6487	69
6488	75
6489	68
6490	75
6491	77
6492	61
6493	51
6494	74
6495	70
6496	77
6497	68
6498	74
6499	80
6500	54
6501	72
6502	62
6503	74
6504	69
6505	60
6506	65
6507	57
6508	65
6509	86
6510	81
6511	65
6512	75
6513	66
6514	77
6515	75
6516	65
6517	66
6518	65
6519	74
6520	59
6521	81
6522	71
6523	88
6524	74
6525	71
6526	74
6527	56
6528	72
6529	48
6530	68
6531	73
6532	71
6533	60
6534	64
6535	61
6536	64
6537	87
6538	59
6539	61
6540	65
6541	67
6542	62
6543	78
6544	47
6545	81
6546	63
6547	56
6548	65
6549	77
6550	67
6551	71
6552	69
6553	81
6554	78
6555	77
6556	73
6557	63
6558	60
6559	69
6560	59
6561	56
6562	86
6563	69
6564	71
6565	63
6566	79
6567	70
6568	64
6569	62
6570	49
6571	67
6572	66
6573	70
6574	65
6575	61
6576	57
6577	62
6578	60
6579	64
6580	62
6581	58
6582	76
6583	68
6584	71
6585	76
6586	76
6587	64
6588	62
6589	61
6590	65
6591	56
6592	58
6593	69
6594	79
6595	67
6596	55
6597	59
6598	78
6599	69
6600	67
6601	72
6602	53
6603	60
6604	57
6605	46
6606	50
6607	63
6608	50
6609	66
6610	63
6611	61
6612	64
6613	64
6614	51
6615	66
6616	67
6617	64
6618	63
6619	57
6620	60
6621	67
6622	65
6623	66
6624	55
6625	62
6626	60
6627	65
6628	58
6629	58
6630	53
6631	52
6632	52
6633	61
6634	61
6635	61
6636	60
6637	63
6638	59
6639	59
6640	51
6641	71
6642	64
6643	54
6644	65
6645	57
6646	65
6647	74
6648	49
6649	47
6650	80
6651	62
6652	69
6653	52
6654	51
6655	60
6656	64
6657	60
6658	67
6659	70
6660	57
6661	64
6662	67
6663	65
6664	61
6665	56
6666	61
6667	57
6668	70
6669	60
6670	70
6671	77
6672	62
6673	58
6674	66
6675	62
6676	61
6677	66
6678	58
6679	56
6680	74
6681	54
6682	54
6683	55
6684	53
6685	64
6686	54
6687	66
6688	69
6689	57
6690	53
6691	67
6692	75
6693	59
6694	56
6695	54
6696	64
6697	52
6698	65
6699	66
6700	72
6701	69
6702	59
6703	58
6704	68
6705	63
6706	59
6707	68
6708	59
6709	56
6710	62
6711	58
6712	64
6713	73
6714	63
6715	80
6716	68
6717	61
6718	59
6719	65
6720	64
6721	62
6722	61
6723	75
6724	63
6725	61
6726	56
6727	54
6728	65
6729	52
6730	55
6731	71
6732	56
6733	69
6734	72
6735	60
6736	69
6737	58
6738	64
6739	57
6740	64
6741	58
6742	63
6743	67
6744	58
6745	62
6746	85
6747	53
6748	54
6749	69
6750	83
6751	58
6752	50
6753	65
6754	62
6755	70
6756	53
6757	56
6758	56
6759	63
6760	63
6761	58
6762	73
6763	54
6764	62
6765	53
6766	66
6767	70
6768	59
6769	71
6770	86
6771	60
6772	63
6773	59
6774	59
6775	46
6776	64
6777	57
6778	71
6779	57
6780	63
6781	70
6782	68
6783	71
6784	65
6785	55
6786	78
6787	67
6788	66
6789	66
6790	70
6791	67
6792	55
6793	80
6794	65
6795	60
6796	64
6797	57
6798	70
6799	67
6800	69
6801	54
6802	60
6803	64
6804	75
6805	69
6806	74
6807	69
6808	76
6809	59
6810	65
6811	53
6812	65
6813	59
6814	65
6815	74
6816	62
6817	59
6818	65
6819	61
6820	61
6821	59
6822	63
6823	46
6824	70
6825	82
6826	72
6827	77
6828	79
6829	52
6830	66
6831	65
6832	69
6833	63
6834	70
6835	66
6836	67
6837	55
6838	72
6839	59
6840	71
6841	56
6842	72
6843	68
6844	57
6845	62
6846	61
6847	78
6848	65
6849	78
6850	60
6851	61
6852	64
6853	62
6854	76
6855	63
6856	78
6857	84
6858	70
6859	63
6860	52
6861	68
6862	62
6863	67
6864	71
6865	63
6866	72
6867	69
6868	49
6869	60
6870	68
6871	70
6872	56
6873	75
6874	67
6875	69
6876	67
6877	66
6878	65
6879	54
6880	74
6881	64
6882	65
6883	82
6884	71
6885	78
6886	81
6887	81
6888	79
6889	67
6890	80
6891	70
6892	76
6893	67
6894	81
6895	76
6896	54
6897	72
6898	68
6899	71
6900	66
6901	66
6902	63
6903	68
6904	72
6905	71
6906	76
6907	79
6908	75
6909	70
6910	78
6911	56
6912	55
6913	67
6914	70
6915	59
6916	64
6917	67
6918	65
6919	78
6920	68
6921	74
6922	67
6923	86
6924	60
6925	79
6926	73
6927	83
6928	73
6929	75
6930	68
6931	87
6932	60
6933	69
6934	77
6935	83
6936	76
6937	55
6938	72
6939	75
6940	74
6941	83
6942	68
6943	65
6944	83
6945	71
6946	71
6947	86
6948	83
6949	74
6950	88
6951	72
6952	79
6953	70
6954	78
6955	85
6956	73
6957	69
6958	77
6959	80
6960	71
6961	69
6962	82
6963	75
6964	82
6965	86
6966	78
6967	79
6968	72
6969	85
6970	76
6971	88
6972	81
6973	67
6974	77
6975	83
6976	92
6977	79
6978	84
6979	80
6980	79
6981	83
6982	80
6983	84
6984	74
6985	67
6986	88
6987	102
6988	94
6989	82
6990	89
6991	72
6992	84
6993	89
6994	92
6995	93
6996	82
6997	69
6998	98
6999	106
7000	101
7001	94
7002	101
7003	97
7004	104
7005	82
7006	89
7007	94
7008	102
7009	88
7010	106
7011	86
7012	115
7013	98
7014	106
7015	111
7016	84
7017	79
7018	86
7019	95
7020	98
7021	93
7022	116
7023	102
7024	99
7025	98
7026	119
7027	114
7028	96
7029	102
7030	109
7031	102
7032	97
7033	108
7034	102
7035	133
7036	107
7037	103
7038	110
7039	131
7040	89
7041	127
7042	100
7043	111
7044	106
7045	119
7046	117
7047	102
7048	118
7049	123
7050	111
7051	115
7052	127
7053	129
7054	138
7055	114
7056	133
7057	118
7058	108
7059	102
7060	122
7061	119
7062	122
7063	150
7064	126
7065	102
7066	134
7067	147
7068	112
7069	137
7070	130
7071	117
7072	128
7073	135
7074	124
7075	128
7076	126
7077	114
7078	120
7079	122
7080	124
7081	149
7082	147
7083	145
7084	133
7085	146
7086	120
7087	137
7088	146
7089	150
7090	165
7091	139
7092	132
7093	171
7094	146
7095	136
7096	168
7097	151
7098	166
7099	159
7100	154
7101	148
7102	142
7103	149
7104	140
7105	154
7106	164
7107	168
7108	166
7109	165
7110	165
7111	163
7112	171
7113	169
7114	185
7115	140
7116	171
7117	174
7118	177
7119	163
7120	168
7121	159
7122	165
7123	177
7124	178
7125	163
7126	170
7127	176
7128	173
7129	163
7130	183
7131	174
7132	184
7133	194
7134	179
7135	208
7136	183
7137	208
7138	161
7139	198
7140	195
7141	189
7142	153
7143	182
7144	195
7145	188
7146	171
7147	189
7148	187
7149	191
7150	207
7151	189
7152	199
7153	209
7154	173
7155	214
7156	201
7157	212
7158	203
7159	228
7160	208
7161	219
7162	221
7163	206
7164	220
7165	228
7166	207
7167	191
7168	219
7169	204
7170	188
7171	226
7172	220
7173	202
7174	205
7175	257
7176	225
7177	229
7178	229
7179	256
7180	227
7181	241
7182	213
7183	227
7184	221
7185	241
7186	252
7187	209
7188	249
7189	242
7190	238
7191	210
7192	254
7193	256
7194	233
7195	238
7196	254
7197	242
7198	245
7199	241
7200	260
7201	239
7202	241
7203	229
7204	233
7205	250
7206	255
7207	220
7208	272
7209	266
7210	267
7211	253
7212	258
7213	247
7214	265
7215	265
7216	260
7217	269
7218	253
7219	270
7220	260
7221	293
7222	251
7223	286
7224	258
7225	266
7226	283
7227	268
7228	259
7229	273
7230	271
7231	303
7232	302
7233	285
7234	278
7235	284
7236	284
7237	279
7238	282
7239	278
7240	307
7241	273
7242	268
7243	287
7244	290
7245	265
7246	287
7247	285
7248	293
7249	331
7250	277
7251	285
7252	299
7253	303
7254	330
7255	270
7256	300
7257	283
7258	290
7259	267
7260	310
7261	305
7262	306
7263	290
7264	317
7265	332
7266	321
7267	274
7268	337
7269	329
7270	311
7271	288
7272	280
7273	314
7274	285
7275	301
7276	320
7277	314
7278	298
7279	308
7280	335
7281	308
7282	311
7283	294
7284	301
7285	302
7286	319
7287	332
7288	310
7289	305
7290	312
7291	316
7292	311
7293	322
7294	353
7295	307
7296	322
7297	334
7298	321
7299	356
7300	327
7301	338
7302	323
7303	335
7304	320
7305	335
7306	308
7307	329
7308	363
7309	326
7310	318
7311	336
7312	327
7313	340
7314	310
7315	301
7316	322
7317	323
7318	362
7319	330
7320	330
7321	310
7322	335
7323	345
7324	323
7325	346
7326	322
7327	343
7328	317
7329	346
7330	358
7331	332
7332	327
7333	332
7334	352
7335	352
7336	333
7337	342
7338	335
7339	333
7340	353
7341	330
7342	355
7343	347
7344	364
7345	328
7346	358
7347	369
7348	326
7349	332
7350	333
7351	318
7352	350
7353	290
7354	309
7355	340
7356	369
7357	343
7358	399
7359	340
7360	313
7361	359
7362	370
7363	333
7364	347
7365	327
7366	333
7367	323
7368	313
7369	332
7370	364
7371	362
7372	336
7373	360
7374	325
7375	322
7376	317
7377	351
7378	339
7379	351
7380	327
7381	324
7382	355
7383	327
7384	366
7385	302
7386	313
7387	313
7388	303
7389	356
7390	333
7391	325
7392	340
7393	321
7394	332
7395	324
7396	341
7397	291
7398	325
7399	337
7400	358
7401	318
7402	315
7403	338
7404	337
7405	349
7406	324
7407	306
7408	339
7409	327
7410	304
7411	307
7412	313
7413	344
7414	356
7415	306
7416	297
7417	304
7418	302
7419	305
7420	294
7421	301
7422	305
7423	289
7424	324
7425	292
7426	306
7427	340
7428	291
7429	281
7430	278
7431	276
7432	285
7433	276
7434	284
7435	319
7436	280
7437	281
7438	312
7439	301
7440	283
7441	295
7442	289
7443	288
7444	280
7445	288
7446	305
7447	304
7448	291
7449	274
7450	310
7451	267
7452	306
7453	284
7454	296
7455	303
7456	287
7457	276
7458	266
7459	274
7460	281
7461	285
7462	272
7463	273
7464	283
7465	268
7466	277
7467	256
7468	298
7469	267
7470	281
7471	284
7472	258
7473	264
7474	240
7475	274
7476	287
7477	260
7478	253
7479	275
7480	264
7481	249
7482	240
7483	270
7484	297
7485	239
7486	253
7487	264
7488	272
7489	241
7490	238
7491	280
7492	239
7493	279
7494	232
7495	230
7496	244
7497	235
7498	256
7499	253
7500	228
7501	220
7502	238
7503	224
7504	243
7505	240
7506	236
7507	223
7508	228
7509	234
7510	226
7511	240
7512	255
7513	229
7514	218
7515	229
7516	222
7517	231
7518	206
7519	228
7520	231
7521	225
7522	241
7523	217
7524	205
7525	225
7526	187
7527	223
7528	218
7529	236
7530	201
7531	177
7532	218
7533	197
7534	206
7535	187
7536	224
7537	180
7538	191
7539	205
7540	178
7541	199
7542	187
7543	178
7544	160
7545	205
7546	191
7547	189
7548	161
7549	199
7550	184
7551	172
7552	174
7553	174
7554	162
7555	178
7556	191
7557	213
7558	153
7559	186
7560	172
7561	140
7562	181
7563	171
7564	162
7565	173
7566	146
7567	155
7568	187
7569	165
7570	188
7571	180
7572	166
7573	162
7574	153
7575	169
7576	175
7577	159
7578	164
7579	158
7580	155
7581	151
7582	158
7583	155
7584	154
7585	148
7586	129
7587	153
7588	152
7589	165
7590	139
7591	146
7592	150
7593	144
7594	134
7595	150
7596	139
7597	141
7598	121
7599	137
7600	144
7601	146
7602	131
7603	128
7604	125
7605	141
7606	136
7607	134
7608	131
7609	121
7610	148
7611	109
7612	155
7613	146
7614	115
7615	104
7616	126
7617	113
7618	115
7619	130
7620	125
7621	115
7622	100
7623	113
7624	98
7625	122
7626	125
7627	96
7628	103
7629	104
7630	114
7631	100
7632	117
7633	108
7634	130
7635	113
7636	101
7637	116
7638	117
7639	98
7640	107
7641	108
7642	120
7643	85
7644	89
7645	94
7646	98
7647	100
7648	89
7649	69
7650	78
7651	92
7652	92
7653	80
7654	94
7655	90
7656	85
7657	86
7658	91
7659	100
7660	115
7661	104
7662	100
7663	90
7664	77
7665	76
7666	77
7667	78
7668	66
7669	97
7670	80
7671	73
7672	88
7673	74
7674	81
7675	77
7676	80
7677	76
7678	69
7679	65
7680	77
7681	69
7682	82
7683	70
7684	53
7685	58
7686	60
7687	76
7688	67
7689	79
7690	65
7691	72
7692	66
7693	75
7694	83
7695	65
7696	63
7697	66
7698	68
7699	65
7700	64
7701	66
7702	72
7703	67
7704	66
7705	60
7706	55
7707	69
7708	71
7709	63
7710	61
7711	60
7712	66
7713	62
7714	60
7715	46
7716	62
7717	48
7718	48
7719	57
7720	49
7721	65
7722	49
7723	64
7724	54
7725	54
7726	51
7727	43
7728	46
7729	48
7730	43
7731	56
7732	50
7733	59
7734	51
7735	37
7736	40
7737	49
7738	53
7739	47
7740	36
7741	55
7742	61
7743	53
7744	53
7745	46
7746	53
7747	36
7748	49
7749	42
7750	48
7751	34
7752	42
7753	39
7754	51
7755	40
7756	37
7757	35
7758	47
7759	41
7760	31
7761	44
7762	33
7763	49
7764	38
7765	49
7766	28
7767	44
7768	41
7769	41
7770	20
7771	45
7772	49
7773	32
7774	32
7775	35
7776	27
7777	28
7778	38
7779	42
7780	38
7781	48
7782	29
7783	35
7784	40
7785	48
7786	29
7787	44
7788	20
7789	41
7790	39
7791	36
7792	38
7793	37
7794	25
7795	43
7796	41
7797	35
7798	22
7799	36
7800	38
7801	39
7802	34
7803	32
7804	30
7805	33
7806	27
7807	27
7808	22
7809	26
7810	30
7811	26
7812	35
7813	25
7814	29
7815	26
7816	34
7817	40
7818	34
7819	26
7820	23
7821	34
7822	28
7823	21
7824	25
7825	31
7826	36
7827	24
7828	24
7829	22
7830	12
7831	26
7832	30
7833	27
7834	30
7835	25
7836	25
7837	24
7838	23
7839	24
7840	25
7841	23
7842	15
7843	22
7844	27
7845	27
7846	28
7847	27
7848	18
7849	20
7850	32
7851	23
7852	31
7853	19
7854	20
7855	21
7856	15
7857	37
7858	26
7859	25
7860	19
7861	26
7862	14
7863	24
7864	18
7865	34
7866	26
7867	20
7868	21
7869	21
7870	17
7871	24
7872	20
7873	24
7874	27
7875	28
7876	18
7877	24
7878	21
7879	19
7880	16
7881	23
7882	22
7883	26
7884	18
7885	27
7886	32
7887	27
7888	16
7889	21
7890	20
7891	23
7892	19
7893	25
7894	25
7895	26
7896	17
7897	21
7898	22
7899	20
7900	17
7901	15
7902	20
7903	23
7904	21
7905	16
7906	19
7907	18
7908	22
7909	22
7910	19
7911	19
7912	22
7913	20
7914	15
7915	19
7916	16
7917	40
7918	20
7919	27
7920	17
7921	14
7922	17
7923	24
7924	25
7925	12
7926	30
7927	19
7928	19
7929	14
7930	15
7931	19
7932	19
7933	18
7934	10
7935	17
7936	11
7937	18
7938	25
7939	20
7940	18
7941	25
7942	12
7943	14
7944	18
7945	18
7946	15
7947	19
7948	21
7949	15
7950	13
7951	17
7952	22
7953	16
7954	14
7955	15
7956	16
7957	14
7958	18
7959	19
7960	10
7961	19
7962	12
7963	15
7964	12
7965	19
7966	20
7967	18
7968	13
7969	17
7970	13
7971	19
7972	19
7973	17
7974	19
7975	30
7976	21
7977	19
7978	19
7979	17
7980	10
7981	18
7982	17
7983	15
7984	11
7985	16
7986	12
7987	22
7988	12
7989	18
7990	12
7991	17
7992	9
7993	15
7994	15
7995	18
7996	14
7997	23
7998	9
7999	15
8000	18
8001	15
8002	18
8003	21
8004	13
8005	15
8006	22
8007	11
8008	15
8009	12
8010	17
8011	24
8012	15
8013	18
8014	14
8015	21
8016	12
8017	16
8018	15
8019	18
8020	16
8021	12
8022	10
8023	16
8024	18
8025	21
8026	17
8027	14
8028	11
8029	5
8030	16
8031	27
8032	11
8033	18
8034	22
8035	12
8036	20
8037	18
8038	14
8039	12
8040	18
8041	17
8042	15
8043	6
8044	4
8045	2
8046	1
8047	3
8048	1
8049	0
8050	1
8051	0
8052	1
8053	1
8054	0
8055	2
8056	0
8057	0
8058	0
8059	0
8060	0
8061	0
8062	0
8063	1
8064	0
8065	0
8066	0
8067	0
8068	0
8069	0
8070	0
8071	0
8072	0
8073	0
8074	0
8075	0
8076	0
8077	0
8078	0
8079	0
8080	0
8081	0
8082	0
8083	0
8084	0
8085	0
8086	0
8087	0
8088	0
8089	0
8090	0
8091	0
8092	0
8093	0
8094	0
8095	0
8096	0
8097	0
8098	0
8099	0
8100	0
8101	0
8102	0
8103	0
8104	0
8105	0
8106	0
8107	0
8108	0
8109	0
8110	0
8111	0
8112	0
8113	0
8114	0
8115	0
8116	0
8117	0
8118	0
8119	0
8120	0
8121	0
8122	0
8123	0
8124	0
8125	0
8126	0
8127	0
8128	0
8129	0
8130	0
8131	0
8132	0
8133	0
8134	0
8135	0
8136	0
8137	0
8138	0
8139	0
8140	0
8141	0
8142	0
8143	0
8144	0
8145	0
8146	0
8147	0
8148	0
8149	0
8150	0
8151	0
8152	0
8153	0
8154	0
8155	0
8156	0
8157	0
8158	0
8159	0
8160	0
8161	0
8162	0
8163	0
8164	0
8165	0
8166	0
8167	0
8168	0
8169	0
8170	0
8171	0
8172	0
8173	0
8174	0
8175	0
8176	0
8177	0
8178	0
8179	0
8180	0
8181	0
8182	0
8183	0
8184	0
8185	0
8186	0
8187	0
8188	0
8189	0
8190	0
8191	0
