0	0
1	0
2	0
3	0
4	0
5	0
6	0
7	0
8	0
9	0
10	0
11	0
12	0
13	0
14	0
15	0
16	0
17	0
18	0
19	0
20	0
21	0
22	0
23	0
24	0
25	0
26	0
27	0
28	0
29	0
30	0
31	0
32	0
33	0
34	0
35	0
36	0
37	0
38	0
39	0
40	0
41	0
42	0
43	0
44	0
45	0
46	0
47	0
48	0
49	0
50	0
51	0
52	0
53	0
54	0
55	0
56	0
57	0
58	0
59	0
60	0
61	0
62	0
63	0
64	0
65	0
66	0
67	0
68	0
69	8
70	22
71	22
72	40
73	39
74	50
75	62
76	43
77	42
78	61
79	44
80	60
81	52
82	46
83	55
84	53
85	52
86	56
87	49
88	38
89	42
90	44
91	43
92	44
93	49
94	42
95	46
96	38
97	50
98	49
99	46
100	53
101	46
102	51
103	56
104	47
105	48
106	38
107	43
108	49
109	48
110	53
111	46
112	33
113	56
114	46
115	39
116	38
117	41
118	31
119	38
120	55
121	28
122	38
123	35
124	41
125	51
126	42
127	35
128	28
129	45
130	43
131	44
132	35
133	35
134	37
135	39
136	63
137	30
138	32
139	54
140	38
141	52
142	47
143	43
144	45
145	43
146	36
147	40
148	33
149	45
150	50
151	37
152	51
153	54
154	52
155	43
156	54
157	46
158	58
159	47
160	57
161	41
162	38
163	42
164	49
165	59
166	49
167	50
168	43
169	51
170	56
171	62
172	53
173	53
174	45
175	45
176	67
177	49
178	46
179	60
180	56
181	57
182	51
183	60
184	50
185	41
186	48
187	61
188	54
189	49
190	51
191	65
192	66
193	59
194	71
195	56
196	62
197	43
198	51
199	46
200	58
201	44
202	37
203	40
204	56
205	53
206	51
207	51
208	52
209	39
210	64
211	41
212	43
213	48
214	44
215	43
216	54
217	49
218	49
219	50
220	54
221	50
222	43
223	57
224	59
225	39
226	66
227	48
228	48
229	49
230	57
231	55
232	59
233	64
234	49
235	52
236	59
237	60
238	58
239	40
240	59
241	52
242	45
243	64
244	58
245	60
246	63
247	62
248	65
249	65
250	66
251	67
252	63
253	62
254	51
255	76
256	63
257	55
258	55
259	71
260	59
261	76
262	60
263	49
264	57
265	73
266	71
267	83
268	67
269	74
270	71
271	86
272	76
273	80
274	80
275	70
276	74
277	75
278	83
279	66
280	82
281	59
282	75
283	86
284	72
285	78
286	91
287	72
288	80
289	85
290	89
291	79
292	82
293	80
294	83
295	85
296	90
297	87
298	108
299	103
300	75
301	84
302	88
303	74
304	122
305	96
306	107
307	106
308	98
309	100
310	101
311	76
312	91
313	115
314	98
315	100
316	121
317	119
318	97
319	115
320	120
321	93
322	94
323	113
324	111
325	94
326	111
327	123
328	124
329	115
330	103
331	98
332	99
333	116
334	127
335	125
336	124
337	105
338	113
339	115
340	115
341	125
342	123
343	116
344	107
345	128
346	135
347	125
348	132
349	126
350	129
351	148
352	147
353	130
354	128
355	136
356	140
357	133
358	138
359	143
360	119
361	127
362	148
363	150
364	127
365	128
366	142
367	160
368	146
369	133
370	146
371	129
372	136
373	129
374	175
375	130
376	133
377	141
378	158
379	140
380	149
381	171
382	144
383	145
384	165
385	167
386	158
387	155
388	128
389	160
390	155
391	142
392	159
393	177
394	160
395	165
396	149
397	168
398	190
399	163
400	172
401	175
402	179
403	172
404	204
405	190
406	132
407	185
408	165
409	152
410	179
411	173
412	182
413	179
414	197
415	195
416	171
417	172
418	175
419	198
420	182
421	178
422	165
423	216
424	164
425	177
426	180
427	175
428	189
429	188
430	200
431	172
432	199
433	182
434	171
435	186
436	183
437	169
438	197
439	194
440	188
441	210
442	155
443	179
444	180
445	209
446	196
447	177
448	198
449	175
450	211
451	206
452	204
453	185
454	190
455	190
456	178
457	206
458	179
459	180
460	201
461	208
462	205
463	184
464	201
465	202
466	187
467	187
468	206
469	192
470	208
471	212
472	184
473	181
474	217
475	200
476	206
477	187
478	181
479	209
480	203
481	205
482	182
483	178
484	167
485	198
486	174
487	211
488	192
489	222
490	193
491	180
492	175
493	183
494	194
495	201
496	186
497	176
498	183
499	183
500	192
501	210
502	207
503	197
504	195
505	172
506	191
507	167
508	187
509	228
510	203
511	209
512	177
513	201
514	216
515	197
516	181
517	194
518	203
519	174
520	194
521	209
522	195
523	202
524	204
525	218
526	189
527	201
528	209
529	208
530	194
531	182
532	186
533	221
534	214
535	204
536	210
537	215
538	189
539	186
540	195
541	192
542	195
543	200
544	206
545	198
546	185
547	201
548	174
549	170
550	208
551	207
552	206
553	191
554	183
555	204
556	173
557	192
558	171
559	217
560	193
561	200
562	203
563	188
564	186
565	191
566	227
567	176
568	195
569	176
570	174
571	185
572	171
573	189
574	183
575	164
576	176
577	177
578	175
579	182
580	190
581	193
582	199
583	204
584	184
585	212
586	185
587	167
588	185
589	193
590	206
591	198
592	181
593	166
594	196
595	201
596	192
597	186
598	171
599	207
600	188
601	177
602	196
603	177
604	193
605	188
606	165
607	192
608	198
609	205
610	186
611	165
612	190
613	185
614	176
615	192
616	192
617	160
618	195
619	169
620	161
621	193
622	202
623	180
624	189
625	194
626	184
627	190
628	148
629	186
630	177
631	189
632	157
633	193
634	192
635	177
636	156
637	196
638	189
639	177
640	192
641	175
642	206
643	184
644	168
645	188
646	191
647	163
648	176
649	184
650	180
651	172
652	171
653	178
654	171
655	165
656	146
657	170
658	172
659	196
660	185
661	160
662	158
663	185
664	166
665	181
666	179
667	169
668	183
669	164
670	171
671	183
672	193
673	171
674	207
675	173
676	164
677	205
678	176
679	158
680	173
681	189
682	189
683	154
684	174
685	181
686	167
687	176
688	190
689	162
690	171
691	169
692	168
693	153
694	181
695	172
696	158
697	167
698	181
699	175
700	161
701	180
702	203
703	168
704	184
705	153
706	167
707	177
708	187
709	176
710	136
711	152
712	173
713	172
714	186
715	160
716	151
717	139
718	174
719	166
720	169
721	151
722	146
723	160
724	145
725	168
726	166
727	172
728	180
729	173
730	167
731	157
732	162
733	165
734	173
735	154
736	163
737	152
738	159
739	142
740	146
741	169
742	187
743	171
744	158
745	153
746	173
747	152
748	162
749	171
750	146
751	160
752	144
753	140
754	158
755	148
756	152
757	142
758	160
759	138
760	154
761	160
762	169
763	163
764	140
765	161
766	156
767	145
768	176
769	147
770	152
771	135
772	178
773	159
774	165
775	159
776	146
777	171
778	154
779	161
780	138
781	132
782	165
783	139
784	135
785	139
786	145
787	157
788	137
789	158
790	168
791	160
792	171
793	158
794	158
795	155
796	154
797	177
798	151
799	169
800	173
801	135
802	126
803	148
804	142
805	145
806	156
807	140
808	144
809	148
810	147
811	153
812	153
813	125
814	150
815	137
816	146
817	120
818	147
819	161
820	141
821	132
822	138
823	138
824	124
825	159
826	126
827	133
828	110
829	141
830	150
831	140
832	158
833	138
834	145
835	118
836	157
837	134
838	114
839	148
840	146
841	161
842	119
843	142
844	152
845	135
846	146
847	152
848	128
849	146
850	132
851	148
852	134
853	125
854	137
855	134
856	149
857	126
858	141
859	118
860	129
861	142
862	130
863	140
864	146
865	133
866	138
867	143
868	122
869	136
870	123
871	122
872	154
873	111
874	151
875	141
876	144
877	141
878	137
879	125
880	128
881	132
882	125
883	122
884	127
885	141
886	130
887	126
888	128
889	128
890	122
891	132
892	115
893	128
894	117
895	128
896	120
897	124
898	118
899	130
900	144
901	139
902	121
903	108
904	131
905	114
906	126
907	113
908	128
909	127
910	131
911	124
912	115
913	103
914	120
915	140
916	110
917	104
918	113
919	129
920	131
921	118
922	127
923	119
924	143
925	132
926	124
927	112
928	117
929	111
930	124
931	108
932	129
933	115
934	117
935	126
936	114
937	132
938	109
939	101
940	117
941	105
942	114
943	116
944	94
945	108
946	98
947	122
948	118
949	129
950	119
951	112
952	98
953	107
954	108
955	127
956	110
957	120
958	123
959	111
960	111
961	111
962	137
963	114
964	103
965	110
966	118
967	124
968	109
969	109
970	123
971	125
972	145
973	130
974	109
975	98
976	105
977	94
978	127
979	129
980	125
981	116
982	116
983	105
984	93
985	110
986	144
987	102
988	108
989	118
990	107
991	113
992	133
993	126
994	106
995	96
996	101
997	105
998	96
999	101
1000	92
1001	128
1002	104
1003	113
1004	107
1005	105
1006	103
1007	89
1008	110
1009	107
1010	104
1011	117
1012	110
1013	101
1014	113
1015	107
1016	110
1017	92
1018	106
1019	107
1020	118
1021	95
1022	111
1023	107
1024	110
1025	98
1026	117
1027	105
1028	116
1029	108
1030	106
1031	103
1032	118
1033	108
1034	97
1035	111
1036	108
1037	90
1038	106
1039	122
1040	109
1041	102
1042	98
1043	95
1044	113
1045	111
1046	104
1047	107
1048	92
1049	104
1050	108
1051	114
1052	113
1053	110
1054	95
1055	99
1056	98
1057	91
1058	87
1059	118
1060	90
1061	106
1062	107
1063	101
1064	109
1065	104
1066	85
1067	101
1068	117
1069	91
1070	108
1071	105
1072	101
1073	98
1074	105
1075	95
1076	103
1077	109
1078	99
1079	108
1080	75
1081	99
1082	82
1083	130
1084	108
1085	88
1086	82
1087	108
1088	101
1089	105
1090	101
1091	92
1092	98
1093	93
1094	100
1095	86
1096	102
1097	94
1098	95
1099	94
1100	97
1101	113
1102	97
1103	88
1104	103
1105	102
1106	91
1107	93
1108	99
1109	92
1110	107
1111	95
1112	101
1113	96
1114	89
1115	98
1116	112
1117	108
1118	89
1119	102
1120	90
1121	83
1122	102
1123	76
1124	96
1125	99
1126	84
1127	100
1128	89
1129	99
1130	74
1131	96
1132	86
1133	74
1134	97
1135	86
1136	94
1137	90
1138	92
1139	88
1140	98
1141	86
1142	104
1143	90
1144	76
1145	75
1146	92
1147	98
1148	85
1149	96
1150	88
1151	96
1152	74
1153	89
1154	90
1155	73
1156	84
1157	79
1158	76
1159	88
1160	93
1161	83
1162	78
1163	88
1164	83
1165	75
1166	75
1167	87
1168	77
1169	90
1170	102
1171	100
1172	83
1173	73
1174	96
1175	91
1176	82
1177	88
1178	82
1179	91
1180	90
1181	81
1182	95
1183	82
1184	95
1185	92
1186	71
1187	112
1188	71
1189	85
1190	84
1191	103
1192	87
1193	74
1194	95
1195	74
1196	79
1197	81
1198	106
1199	94
1200	86
1201	75
1202	79
1203	74
1204	75
1205	69
1206	78
1207	72
1208	83
1209	78
1210	74
1211	83
1212	91
1213	86
1214	64
1215	83
1216	76
1217	83
1218	68
1219	71
1220	97
1221	77
1222	78
1223	108
1224	78
1225	70
1226	81
1227	88
1228	81
1229	92
1230	78
1231	89
1232	72
1233	84
1234	83
1235	75
1236	65
1237	74
1238	91
1239	91
1240	87
1241	95
1242	82
1243	95
1244	73
1245	91
1246	80
1247	86
1248	75
1249	71
1250	74
1251	75
1252	74
1253	70
1254	79
1255	89
1256	89
1257	72
1258	86
1259	81
1260	79
1261	94
1262	79
1263	76
1264	74
1265	91
1266	100
1267	84
1268	85
1269	83
1270	87
1271	73
1272	72
1273	73
1274	88
1275	72
1276	88
1277	83
1278	82
1279	75
1280	74
1281	68
1282	83
1283	69
1284	69
1285	77
1286	76
1287	81
1288	74
1289	80
1290	80
1291	68
1292	85
1293	66
1294	64
1295	92
1296	97
1297	83
1298	80
1299	87
1300	80
1301	58
1302	81
1303	93
1304	86
1305	70
1306	81
1307	62
1308	94
1309	73
1310	72
1311	75
1312	63
1313	83
1314	73
1315	69
1316	82
1317	65
1318	86
1319	59
1320	59
1321	69
1322	64
1323	61
1324	62
1325	76
1326	82
1327	67
1328	68
1329	82
1330	66
1331	67
1332	74
1333	68
1334	69
1335	65
1336	80
1337	54
1338	52
1339	69
1340	86
1341	73
1342	64
1343	75
1344	56
1345	70
1346	69
1347	70
1348	79
1349	66
1350	78
1351	68
1352	66
1353	66
1354	76
1355	69
1356	74
1357	50
1358	62
1359	58
1360	69
1361	65
1362	74
1363	63
1364	68
1365	79
1366	74
1367	49
1368	60
1369	67
1370	70
1371	60
1372	62
1373	78
1374	75
1375	61
1376	60
1377	76
1378	69
1379	58
1380	54
1381	61
1382	62
1383	62
1384	57
1385	71
1386	59
1387	53
1388	68
1389	61
1390	51
1391	69
1392	59
1393	47
1394	54
1395	59
1396	62
1397	67
1398	61
1399	46
1400	62
1401	74
1402	60
1403	56
1404	68
1405	65
1406	56
1407	59
1408	75
1409	56
1410	69
1411	60
1412	67
1413	50
1414	50
1415	53
1416	50
1417	63
1418	68
1419	48
1420	57
1421	56
1422	61
1423	39
1424	50
1425	52
1426	65
1427	70
1428	54
1429	59
1430	51
1431	58
1432	52
1433	40
1434	48
1435	53
1436	57
1437	43
1438	56
1439	57
1440	59
1441	59
1442	49
1443	55
1444	49
1445	49
1446	61
1447	59
1448	37
1449	56
1450	59
1451	46
1452	51
1453	42
1454	43
1455	39
1456	54
1457	63
1458	55
1459	54
1460	59
1461	69
1462	59
1463	48
1464	59
1465	40
1466	61
1467	47
1468	57
1469	47
1470	54
1471	60
1472	47
1473	56
1474	62
1475	49
1476	59
1477	48
1478	56
1479	56
1480	42
1481	51
1482	52
1483	60
1484	53
1485	53
1486	48
1487	56
1488	55
1489	47
1490	60
1491	35
1492	60
1493	54
1494	52
1495	60
1496	43
1497	36
1498	54
1499	52
1500	39
1501	42
1502	62
1503	51
1504	60
1505	63
1506	51
1507	41
1508	63
1509	39
1510	55
1511	65
1512	48
1513	55
1514	49
1515	43
1516	50
1517	65
1518	64
1519	49
1520	49
1521	49
1522	47
1523	41
1524	43
1525	50
1526	54
1527	53
1528	53
1529	51
1530	48
1531	47
1532	39
1533	48
1534	39
1535	51
1536	44
1537	55
1538	58
1539	44
1540	48
1541	51
1542	52
1543	45
1544	54
1545	52
1546	42
1547	47
1548	48
1549	68
1550	50
1551	47
1552	55
1553	49
1554	42
1555	55
1556	50
1557	62
1558	54
1559	59
1560	56
1561	37
1562	39
1563	49
1564	42
1565	41
1566	54
1567	43
1568	48
1569	51
1570	49
1571	44
1572	45
1573	47
1574	46
1575	53
1576	50
1577	47
1578	47
1579	45
1580	37
1581	58
1582	41
1583	41
1584	47
1585	35
1586	48
1587	52
1588	51
1589	46
1590	50
1591	25
1592	50
1593	52
1594	35
1595	47
1596	41
1597	35
1598	53
1599	46
1600	50
1601	48
1602	44
1603	50
1604	50
1605	48
1606	46
1607	48
1608	46
1609	49
1610	43
1611	51
1612	44
1613	36
1614	46
1615	34
1616	50
1617	41
1618	52
1619	43
1620	33
1621	31
1622	34
1623	50
1624	44
1625	30
1626	44
1627	49
1628	48
1629	35
1630	45
1631	49
1632	49
1633	37
1634	37
1635	41
1636	52
1637	37
1638	46
1639	41
1640	55
1641	47
1642	28
1643	36
1644	33
1645	44
1646	35
1647	61
1648	36
1649	35
1650	39
1651	39
1652	52
1653	42
1654	36
1655	39
1656	33
1657	45
1658	43
1659	30
1660	36
1661	42
1662	37
1663	39
1664	46
1665	50
1666	41
1667	27
1668	51
1669	50
1670	43
1671	34
1672	42
1673	48
1674	40
1675	44
1676	48
1677	33
1678	34
1679	38
1680	43
1681	52
1682	43
1683	42
1684	40
1685	36
1686	37
1687	42
1688	36
1689	38
1690	32
1691	39
1692	30
1693	47
1694	38
1695	36
1696	45
1697	30
1698	41
1699	40
1700	32
1701	31
1702	33
1703	33
1704	37
1705	40
1706	39
1707	39
1708	40
1709	46
1710	49
1711	39
1712	40
1713	46
1714	34
1715	44
1716	29
1717	44
1718	39
1719	33
1720	45
1721	43
1722	28
1723	48
1724	27
1725	38
1726	43
1727	43
1728	44
1729	28
1730	35
1731	37
1732	40
1733	36
1734	45
1735	35
1736	36
1737	40
1738	42
1739	30
1740	52
1741	29
1742	45
1743	34
1744	31
1745	32
1746	28
1747	43
1748	39
1749	30
1750	44
1751	35
1752	40
1753	33
1754	28
1755	18
1756	28
1757	43
1758	31
1759	37
1760	46
1761	30
1762	38
1763	38
1764	35
1765	39
1766	35
1767	36
1768	47
1769	46
1770	31
1771	30
1772	28
1773	45
1774	34
1775	38
1776	33
1777	37
1778	27
1779	45
1780	45
1781	32
1782	39
1783	35
1784	35
1785	24
1786	46
1787	22
1788	33
1789	39
1790	30
1791	35
1792	38
1793	41
1794	30
1795	35
1796	27
1797	34
1798	38
1799	30
1800	35
1801	32
1802	35
1803	30
1804	50
1805	41
1806	32
1807	39
1808	33
1809	28
1810	37
1811	31
1812	42
1813	27
1814	37
1815	32
1816	40
1817	30
1818	29
1819	40
1820	26
1821	39
1822	31
1823	42
1824	46
1825	34
1826	43
1827	40
1828	29
1829	33
1830	39
1831	50
1832	31
1833	38
1834	32
1835	33
1836	43
1837	33
1838	43
1839	44
1840	28
1841	25
1842	31
1843	42
1844	42
1845	32
1846	37
1847	30
1848	41
1849	42
1850	27
1851	32
1852	43
1853	40
1854	43
1855	26
1856	18
1857	23
1858	32
1859	45
1860	43
1861	43
1862	33
1863	29
1864	41
1865	33
1866	41
1867	37
1868	37
1869	35
1870	36
1871	46
1872	33
1873	25
1874	41
1875	30
1876	37
1877	33
1878	33
1879	29
1880	28
1881	43
1882	38
1883	22
1884	36
1885	31
1886	41
1887	34
1888	41
1889	36
1890	36
1891	27
1892	37
1893	36
1894	32
1895	30
1896	34
1897	30
1898	47
1899	32
1900	34
1901	40
1902	33
1903	30
1904	34
1905	33
1906	45
1907	38
1908	31
1909	26
1910	28
1911	29
1912	29
1913	37
1914	27
1915	38
1916	36
1917	33
1918	26
1919	38
1920	41
1921	36
1922	39
1923	34
1924	26
1925	29
1926	34
1927	31
1928	28
1929	39
1930	19
1931	37
1932	35
1933	34
1934	36
1935	28
1936	32
1937	28
1938	36
1939	29
1940	32
1941	39
1942	35
1943	33
1944	25
1945	31
1946	35
1947	26
1948	40
1949	35
1950	33
1951	33
1952	29
1953	27
1954	18
1955	36
1956	36
1957	34
1958	27
1959	27
1960	25
1961	18
1962	25
1963	33
1964	27
1965	29
1966	35
1967	23
1968	30
1969	35
1970	30
1971	32
1972	34
1973	26
1974	26
1975	30
1976	32
1977	36
1978	22
1979	32
1980	31
1981	37
1982	27
1983	36
1984	25
1985	19
1986	36
1987	29
1988	38
1989	28
1990	27
1991	28
1992	37
1993	17
1994	19
1995	23
1996	25
1997	26
1998	36
1999	27
2000	23
2001	29
2002	32
2003	33
2004	19
2005	21
2006	30
2007	21
2008	26
2009	29
2010	31
2011	19
2012	33
2013	25
2014	23
2015	21
2016	23
2017	17
2018	29
2019	19
2020	24
2021	22
2022	24
2023	21
2024	18
2025	26
2026	28
2027	17
2028	26
2029	20
2030	30
2031	24
2032	26
2033	26
2034	20
2035	24
2036	14
2037	26
2038	33
2039	29
2040	30
2041	15
2042	23
2043	25
2044	27
2045	28
2046	21
2047	20
2048	29
2049	25
2050	30
2051	29
2052	28
2053	16
2054	27
2055	25
2056	25
2057	24
2058	27
2059	27
2060	20
2061	21
2062	21
2063	23
2064	32
2065	22
2066	17
2067	26
2068	24
2069	18
2070	22
2071	29
2072	23
2073	30
2074	21
2075	20
2076	24
2077	31
2078	23
2079	30
2080	29
2081	25
2082	26
2083	23
2084	22
2085	24
2086	19
2087	19
2088	21
2089	23
2090	23
2091	28
2092	20
2093	21
2094	19
2095	29
2096	24
2097	17
2098	17
2099	22
2100	26
2101	21
2102	16
2103	16
2104	26
2105	14
2106	23
2107	18
2108	26
2109	11
2110	24
2111	20
2112	23
2113	22
2114	19
2115	18
2116	17
2117	31
2118	24
2119	37
2120	26
2121	26
2122	26
2123	23
2124	24
2125	18
2126	27
2127	21
2128	25
2129	28
2130	23
2131	27
2132	29
2133	15
2134	20
2135	20
2136	28
2137	24
2138	23
2139	27
2140	21
2141	29
2142	21
2143	23
2144	22
2145	25
2146	26
2147	15
2148	18
2149	28
2150	22
2151	23
2152	21
2153	20
2154	17
2155	20
2156	27
2157	20
2158	16
2159	30
2160	33
2161	19
2162	22
2163	28
2164	20
2165	16
2166	19
2167	22
2168	25
2169	32
2170	19
2171	22
2172	23
2173	19
2174	29
2175	28
2176	13
2177	31
2178	20
2179	22
2180	22
2181	20
2182	28
2183	30
2184	25
2185	25
2186	30
2187	21
2188	25
2189	31
2190	29
2191	18
2192	20
2193	15
2194	21
2195	10
2196	18
2197	25
2198	13
2199	19
2200	15
2201	17
2202	21
2203	21
2204	25
2205	14
2206	27
2207	24
2208	13
2209	21
2210	24
2211	29
2212	18
2213	17
2214	16
2215	21
2216	16
2217	27
2218	15
2219	14
2220	29
2221	26
2222	23
2223	11
2224	25
2225	17
2226	17
2227	23
2228	18
2229	21
2230	24
2231	19
2232	28
2233	20
2234	22
2235	13
2236	22
2237	23
2238	17
2239	26
2240	27
2241	19
2242	19
2243	23
2244	18
2245	19
2246	24
2247	23
2248	20
2249	27
2250	21
2251	33
2252	26
2253	20
2254	21
2255	21
2256	20
2257	16
2258	16
2259	21
2260	19
2261	19
2262	16
2263	25
2264	25
2265	19
2266	18
2267	26
2268	23
2269	18
2270	14
2271	24
2272	13
2273	10
2274	16
2275	20
2276	26
2277	19
2278	23
2279	23
2280	21
2281	23
2282	20
2283	13
2284	18
2285	19
2286	7
2287	20
2288	18
2289	14
2290	30
2291	20
2292	16
2293	28
2294	20
2295	17
2296	11
2297	5
2298	14
2299	14
2300	22
2301	18
2302	25
2303	19
2304	18
2305	17
2306	20
2307	23
2308	16
2309	22
2310	13
2311	22
2312	14
2313	13
2314	28
2315	11
2316	29
2317	17
2318	9
2319	11
2320	11
2321	25
2322	26
2323	20
2324	17
2325	15
2326	16
2327	18
2328	13
2329	19
2330	19
2331	20
2332	28
2333	16
2334	21
2335	14
2336	17
2337	29
2338	16
2339	15
2340	14
2341	12
2342	21
2343	17
2344	22
2345	21
2346	20
2347	15
2348	15
2349	13
2350	14
2351	20
2352	22
2353	10
2354	18
2355	24
2356	20
2357	15
2358	14
2359	21
2360	19
2361	14
2362	19
2363	12
2364	16
2365	23
2366	14
2367	17
2368	24
2369	20
2370	17
2371	16
2372	19
2373	24
2374	23
2375	16
2376	22
2377	18
2378	21
2379	21
2380	23
2381	17
2382	18
2383	14
2384	16
2385	18
2386	25
2387	16
2388	12
2389	16
2390	24
2391	18
2392	14
2393	21
2394	20
2395	18
2396	17
2397	17
2398	21
2399	21
2400	20
2401	22
2402	21
2403	21
2404	6
2405	13
2406	20
2407	21
2408	20
2409	24
2410	18
2411	27
2412	11
2413	25
2414	10
2415	20
2416	17
2417	12
2418	14
2419	17
2420	17
2421	23
2422	13
2423	13
2424	14
2425	15
2426	20
2427	14
2428	17
2429	23
2430	14
2431	17
2432	18
2433	10
2434	23
2435	14
2436	18
2437	18
2438	18
2439	18
2440	13
2441	13
2442	17
2443	12
2444	19
2445	24
2446	17
2447	23
2448	14
2449	16
2450	21
2451	16
2452	21
2453	18
2454	19
2455	24
2456	17
2457	14
2458	16
2459	13
2460	30
2461	21
2462	21
2463	15
2464	24
2465	12
2466	14
2467	9
2468	17
2469	22
2470	21
2471	14
2472	9
2473	14
2474	21
2475	15
2476	19
2477	16
2478	10
2479	20
2480	18
2481	16
2482	19
2483	16
2484	19
2485	21
2486	11
2487	22
2488	23
2489	14
2490	20
2491	11
2492	20
2493	13
2494	16
2495	15
2496	15
2497	12
2498	14
2499	19
2500	18
2501	14
2502	19
2503	18
2504	16
2505	14
2506	17
2507	16
2508	11
2509	9
2510	15
2511	19
2512	20
2513	17
2514	19
2515	16
2516	18
2517	14
2518	16
2519	16
2520	17
2521	13
2522	9
2523	23
2524	16
2525	23
2526	13
2527	14
2528	13
2529	15
2530	14
2531	12
2532	20
2533	21
2534	17
2535	16
2536	12
2537	15
2538	22
2539	16
2540	17
2541	14
2542	19
2543	23
2544	10
2545	13
2546	14
2547	17
2548	17
2549	7
2550	17
2551	20
2552	17
2553	16
2554	15
2555	13
2556	20
2557	18
2558	16
2559	10
2560	9
2561	23
2562	17
2563	16
2564	12
2565	17
2566	16
2567	8
2568	8
2569	10
2570	13
2571	20
2572	17
2573	13
2574	13
2575	13
2576	18
2577	18
2578	14
2579	17
2580	14
2581	10
2582	15
2583	23
2584	15
2585	13
2586	15
2587	12
2588	11
2589	23
2590	14
2591	14
2592	18
2593	16
2594	13
2595	20
2596	13
2597	11
2598	19
2599	16
2600	26
2601	16
2602	14
2603	21
2604	13
2605	12
2606	15
2607	19
2608	17
2609	9
2610	11
2611	13
2612	15
2613	16
2614	16
2615	22
2616	18
2617	13
2618	16
2619	24
2620	16
2621	14
2622	10
2623	13
2624	7
2625	16
2626	10
2627	16
2628	9
2629	13
2630	6
2631	12
2632	20
2633	6
2634	11
2635	19
2636	14
2637	12
2638	14
2639	13
2640	14
2641	23
2642	19
2643	14
2644	16
2645	24
2646	21
2647	12
2648	14
2649	17
2650	9
2651	19
2652	21
2653	18
2654	14
2655	19
2656	11
2657	17
2658	21
2659	21
2660	18
2661	23
2662	17
2663	14
2664	10
2665	14
2666	15
2667	10
2668	16
2669	19
2670	13
2671	19
2672	26
2673	15
2674	16
2675	14
2676	7
2677	17
2678	16
2679	24
2680	11
2681	23
2682	21
2683	17
2684	15
2685	11
2686	19
2687	11
2688	14
2689	21
2690	16
2691	21
2692	18
2693	20
2694	12
2695	19
2696	21
2697	15
2698	18
2699	18
2700	14
2701	23
2702	15
2703	17
2704	18
2705	18
2706	8
2707	12
2708	14
2709	18
2710	11
2711	14
2712	18
2713	9
2714	13
2715	20
2716	12
2717	16
2718	11
2719	20
2720	19
2721	16
2722	17
2723	14
2724	16
2725	18
2726	10
2727	20
2728	13
2729	27
2730	10
2731	15
2732	10
2733	15
2734	7
2735	14
2736	19
2737	17
2738	18
2739	17
2740	9
2741	18
2742	13
2743	21
2744	17
2745	13
2746	11
2747	18
2748	14
2749	13
2750	15
2751	21
2752	18
2753	17
2754	8
2755	9
2756	19
2757	17
2758	18
2759	13
2760	14
2761	13
2762	15
2763	12
2764	17
2765	9
2766	10
2767	12
2768	10
2769	14
2770	19
2771	13
2772	7
2773	15
2774	9
2775	19
2776	14
2777	13
2778	13
2779	15
2780	20
2781	16
2782	11
2783	9
2784	14
2785	17
2786	12
2787	17
2788	17
2789	18
2790	15
2791	18
2792	18
2793	9
2794	16
2795	12
2796	21
2797	15
2798	16
2799	15
2800	15
2801	14
2802	18
2803	13
2804	18
2805	18
2806	14
2807	11
2808	8
2809	11
2810	11
2811	12
2812	12
2813	9
2814	14
2815	12
2816	15
2817	13
2818	15
2819	13
2820	13
2821	13
2822	13
2823	13
2824	12
2825	13
2826	23
2827	13
2828	7
2829	10
2830	11
2831	11
2832	19
2833	6
2834	14
2835	10
2836	13
2837	15
2838	18
2839	12
2840	19
2841	6
2842	9
2843	11
2844	20
2845	19
2846	12
2847	13
2848	10
2849	17
2850	13
2851	15
2852	16
2853	16
2854	16
2855	17
2856	12
2857	11
2858	21
2859	10
2860	20
2861	11
2862	13
2863	9
2864	10
2865	11
2866	10
2867	21
2868	10
2869	13
2870	13
2871	15
2872	16
2873	15
2874	8
2875	11
2876	15
2877	12
2878	10
2879	14
2880	15
2881	19
2882	14
2883	20
2884	11
2885	8
2886	11
2887	18
2888	18
2889	12
2890	13
2891	16
2892	25
2893	8
2894	17
2895	8
2896	12
2897	9
2898	13
2899	14
2900	18
2901	13
2902	24
2903	21
2904	7
2905	7
2906	12
2907	14
2908	9
2909	14
2910	16
2911	7
2912	7
2913	12
2914	12
2915	10
2916	16
2917	8
2918	12
2919	9
2920	9
2921	15
2922	12
2923	11
2924	12
2925	12
2926	18
2927	16
2928	12
2929	19
2930	17
2931	11
2932	11
2933	9
2934	9
2935	8
2936	10
2937	16
2938	13
2939	14
2940	12
2941	13
2942	21
2943	9
2944	14
2945	14
2946	14
2947	8
2948	12
2949	10
2950	15
2951	14
2952	10
2953	10
2954	17
2955	14
2956	12
2957	8
2958	12
2959	14
2960	10
2961	15
2962	17
2963	11
2964	12
2965	14
2966	14
2967	12
2968	9
2969	10
2970	13
2971	11
2972	13
2973	11
2974	16
2975	12
2976	11
2977	13
2978	12
2979	9
2980	14
2981	12
2982	10
2983	8
2984	12
2985	13
2986	12
2987	11
2988	16
2989	9
2990	21
2991	12
2992	10
2993	5
2994	11
2995	10
2996	14
2997	10
2998	13
2999	13
3000	12
3001	12
3002	11
3003	5
3004	15
3005	17
3006	9
3007	13
3008	8
3009	8
3010	11
3011	11
3012	9
3013	9
3014	14
3015	16
3016	15
3017	16
3018	7
3019	6
3020	11
3021	17
3022	18
3023	7
3024	15
3025	8
3026	20
3027	9
3028	12
3029	16
3030	12
3031	14
3032	12
3033	16
3034	9
3035	10
3036	13
3037	17
3038	11
3039	14
3040	18
3041	16
3042	10
3043	11
3044	12
3045	14
3046	20
3047	9
3048	10
3049	15
3050	10
3051	18
3052	8
3053	14
3054	20
3055	13
3056	16
3057	16
3058	6
3059	11
3060	15
3061	13
3062	11
3063	24
3064	8
3065	12
3066	10
3067	13
3068	16
3069	10
3070	14
3071	13
3072	18
3073	9
3074	18
3075	6
3076	8
3077	15
3078	13
3079	13
3080	20
3081	17
3082	11
3083	19
3084	9
3085	19
3086	15
3087	13
3088	8
3089	13
3090	13
3091	14
3092	10
3093	14
3094	18
3095	19
3096	10
3097	12
3098	9
3099	9
3100	6
3101	13
3102	14
3103	21
3104	11
3105	12
3106	16
3107	14
3108	10
3109	15
3110	11
3111	8
3112	7
3113	12
3114	12
3115	11
3116	14
3117	13
3118	16
3119	15
3120	12
3121	11
3122	14
3123	14
3124	12
3125	11
3126	14
3127	14
3128	9
3129	12
3130	15
3131	19
3132	9
3133	14
3134	10
3135	17
3136	15
3137	14
3138	10
3139	18
3140	16
3141	16
3142	16
3143	15
3144	11
3145	12
3146	13
3147	9
3148	14
3149	15
3150	5
3151	18
3152	14
3153	22
3154	19
3155	12
3156	18
3157	12
3158	16
3159	12
3160	17
3161	15
3162	14
3163	18
3164	10
3165	17
3166	15
3167	13
3168	20
3169	14
3170	15
3171	15
3172	13
3173	13
3174	10
3175	15
3176	11
3177	15
3178	12
3179	16
3180	13
3181	15
3182	10
3183	16
3184	17
3185	14
3186	13
3187	16
3188	17
3189	11
3190	19
3191	19
3192	12
3193	10
3194	13
3195	7
3196	13
3197	23
3198	16
3199	16
3200	19
3201	11
3202	18
3203	8
3204	11
3205	9
3206	12
3207	18
3208	13
3209	17
3210	9
3211	16
3212	17
3213	10
3214	12
3215	10
3216	12
3217	13
3218	8
3219	8
3220	16
3221	11
3222	13
3223	11
3224	18
3225	15
3226	8
3227	18
3228	13
3229	14
3230	11
3231	14
3232	14
3233	15
3234	9
3235	14
3236	11
3237	16
3238	17
3239	14
3240	14
3241	15
3242	12
3243	13
3244	12
3245	14
3246	16
3247	11
3248	6
3249	10
3250	21
3251	13
3252	13
3253	12
3254	10
3255	13
3256	10
3257	14
3258	17
3259	13
3260	10
3261	16
3262	11
3263	11
3264	18
3265	8
3266	11
3267	4
3268	12
3269	19
3270	8
3271	18
3272	10
3273	18
3274	7
3275	15
3276	22
3277	12
3278	7
3279	21
3280	15
3281	13
3282	9
3283	10
3284	8
3285	8
3286	12
3287	11
3288	9
3289	9
3290	11
3291	10
3292	14
3293	10
3294	11
3295	7
3296	14
3297	16
3298	11
3299	9
3300	18
3301	9
3302	5
3303	10
3304	11
3305	10
3306	10
3307	13
3308	19
3309	7
3310	17
3311	10
3312	10
3313	16
3314	7
3315	9
3316	7
3317	12
3318	12
3319	17
3320	14
3321	10
3322	14
3323	15
3324	9
3325	19
3326	4
3327	11
3328	13
3329	9
3330	6
3331	12
3332	12
3333	8
3334	10
3335	9
3336	10
3337	11
3338	9
3339	13
3340	10
3341	15
3342	11
3343	8
3344	14
3345	12
3346	11
3347	11
3348	5
3349	12
3350	12
3351	9
3352	8
3353	10
3354	10
3355	11
3356	11
3357	14
3358	11
3359	8
3360	14
3361	10
3362	11
3363	10
3364	9
3365	8
3366	11
3367	13
3368	5
3369	7
3370	11
3371	7
3372	11
3373	6
3374	4
3375	9
3376	15
3377	5
3378	13
3379	8
3380	8
3381	7
3382	14
3383	10
3384	14
3385	12
3386	13
3387	6
3388	9
3389	10
3390	11
3391	7
3392	9
3393	7
3394	14
3395	7
3396	9
3397	13
3398	4
3399	7
3400	5
3401	6
3402	7
3403	5
3404	5
3405	12
3406	8
3407	7
3408	10
3409	10
3410	8
3411	16
3412	11
3413	7
3414	16
3415	7
3416	5
3417	12
3418	7
3419	10
3420	14
3421	2
3422	8
3423	8
3424	16
3425	8
3426	6
3427	5
3428	11
3429	11
3430	10
3431	6
3432	12
3433	9
3434	8
3435	4
3436	10
3437	10
3438	9
3439	9
3440	8
3441	7
3442	8
3443	10
3444	6
3445	9
3446	5
3447	7
3448	10
3449	9
3450	10
3451	12
3452	4
3453	15
3454	8
3455	7
3456	7
3457	10
3458	11
3459	11
3460	8
3461	11
3462	7
3463	11
3464	11
3465	8
3466	5
3467	11
3468	10
3469	4
3470	7
3471	9
3472	4
3473	9
3474	9
3475	7
3476	3
3477	10
3478	10
3479	7
3480	6
3481	15
3482	11
3483	11
3484	3
3485	12
3486	8
3487	8
3488	2
3489	7
3490	7
3491	10
3492	5
3493	5
3494	9
3495	9
3496	12
3497	5
3498	11
3499	3
3500	6
3501	9
3502	9
3503	15
3504	9
3505	10
3506	6
3507	6
3508	7
3509	6
3510	9
3511	9
3512	9
3513	9
3514	7
3515	4
3516	4
3517	10
3518	2
3519	13
3520	4
3521	7
3522	11
3523	10
3524	5
3525	5
3526	4
3527	7
3528	9
3529	10
3530	10
3531	9
3532	10
3533	11
3534	4
3535	6
3536	8
3537	8
3538	10
3539	10
3540	5
3541	9
3542	13
3543	7
3544	6
3545	6
3546	10
3547	7
3548	12
3549	5
3550	8
3551	6
3552	6
3553	2
3554	6
3555	9
3556	10
3557	9
3558	8
3559	3
3560	10
3561	6
3562	8
3563	11
3564	8
3565	7
3566	7
3567	7
3568	14
3569	3
3570	6
3571	11
3572	6
3573	8
3574	5
3575	7
3576	7
3577	7
3578	8
3579	8
3580	7
3581	17
3582	7
3583	9
3584	12
3585	6
3586	11
3587	7
3588	6
3589	13
3590	9
3591	4
3592	6
3593	10
3594	9
3595	10
3596	7
3597	5
3598	10
3599	6
3600	9
3601	5
3602	9
3603	5
3604	9
3605	3
3606	3
3607	8
3608	5
3609	7
3610	3
3611	9
3612	7
3613	9
3614	8
3615	8
3616	9
3617	4
3618	4
3619	9
3620	11
3621	8
3622	8
3623	8
3624	6
3625	6
3626	2
3627	9
3628	4
3629	7
3630	5
3631	4
3632	6
3633	8
3634	15
3635	5
3636	9
3637	4
3638	8
3639	8
3640	6
3641	6
3642	10
3643	6
3644	8
3645	6
3646	12
3647	7
3648	5
3649	3
3650	6
3651	9
3652	11
3653	6
3654	5
3655	7
3656	11
3657	7
3658	8
3659	4
3660	9
3661	8
3662	10
3663	10
3664	6
3665	4
3666	10
3667	4
3668	12
3669	7
3670	8
3671	8
3672	3
3673	9
3674	2
3675	8
3676	7
3677	8
3678	7
3679	8
3680	6
3681	7
3682	8
3683	8
3684	6
3685	4
3686	8
3687	2
3688	12
3689	5
3690	6
3691	9
3692	5
3693	10
3694	15
3695	7
3696	7
3697	6
3698	11
3699	5
3700	11
3701	12
3702	5
3703	6
3704	10
3705	12
3706	14
3707	10
3708	4
3709	9
3710	7
3711	9
3712	4
3713	4
3714	8
3715	8
3716	6
3717	5
3718	10
3719	7
3720	8
3721	6
3722	3
3723	8
3724	7
3725	6
3726	8
3727	10
3728	8
3729	4
3730	9
3731	9
3732	2
3733	6
3734	6
3735	3
3736	4
3737	5
3738	8
3739	8
3740	6
3741	6
3742	9
3743	8
3744	8
3745	7
3746	8
3747	4
3748	8
3749	7
3750	2
3751	6
3752	8
3753	7
3754	8
3755	5
3756	4
3757	6
3758	5
3759	7
3760	8
3761	6
3762	7
3763	8
3764	8
3765	7
3766	7
3767	8
3768	9
3769	9
3770	3
3771	7
3772	10
3773	3
3774	3
3775	11
3776	7
3777	12
3778	7
3779	11
3780	6
3781	8
3782	6
3783	11
3784	7
3785	4
3786	7
3787	10
3788	4
3789	6
3790	5
3791	7
3792	6
3793	6
3794	6
3795	5
3796	5
3797	9
3798	8
3799	3
3800	4
3801	6
3802	9
3803	9
3804	6
3805	10
3806	6
3807	10
3808	4
3809	7
3810	3
3811	7
3812	8
3813	12
3814	7
3815	4
3816	10
3817	7
3818	10
3819	10
3820	6
3821	6
3822	9
3823	9
3824	6
3825	5
3826	3
3827	9
3828	10
3829	7
3830	4
3831	5
3832	10
3833	10
3834	3
3835	10
3836	11
3837	7
3838	7
3839	10
3840	6
3841	6
3842	11
3843	10
3844	5
3845	6
3846	2
3847	4
3848	5
3849	10
3850	8
3851	5
3852	10
3853	5
3854	7
3855	8
3856	9
3857	5
3858	4
3859	3
3860	5
3861	7
3862	11
3863	8
3864	4
3865	5
3866	4
3867	4
3868	14
3869	6
3870	10
3871	8
3872	9
3873	5
3874	9
3875	8
3876	7
3877	6
3878	1
3879	4
3880	2
3881	9
3882	3
3883	6
3884	2
3885	5
3886	4
3887	10
3888	8
3889	6
3890	4
3891	5
3892	1
3893	7
3894	7
3895	4
3896	5
3897	6
3898	4
3899	5
3900	4
3901	10
3902	7
3903	4
3904	5
3905	7
3906	9
3907	4
3908	4
3909	6
3910	9
3911	2
3912	8
3913	4
3914	5
3915	6
3916	5
3917	2
3918	7
3919	9
3920	10
3921	6
3922	8
3923	8
3924	4
3925	12
3926	7
3927	5
3928	4
3929	9
3930	3
3931	9
3932	6
3933	8
3934	4
3935	4
3936	8
3937	12
3938	6
3939	2
3940	7
3941	5
3942	6
3943	5
3944	6
3945	4
3946	6
3947	6
3948	8
3949	9
3950	10
3951	10
3952	7
3953	6
3954	6
3955	14
3956	9
3957	3
3958	7
3959	3
3960	7
3961	7
3962	10
3963	2
3964	7
3965	10
3966	8
3967	4
3968	3
3969	2
3970	11
3971	7
3972	8
3973	5
3974	8
3975	5
3976	3
3977	13
3978	9
3979	4
3980	11
3981	9
3982	10
3983	8
3984	6
3985	9
3986	8
3987	3
3988	5
3989	8
3990	3
3991	5
3992	4
3993	5
3994	8
3995	5
3996	10
3997	8
3998	15
3999	6
4000	7
4001	8
4002	2
4003	7
4004	10
4005	11
4006	5
4007	10
4008	8
4009	3
4010	7
4011	10
4012	6
4013	4
4014	9
4015	6
4016	4
4017	4
4018	6
4019	6
4020	5
4021	3
4022	6
4023	4
4024	10
4025	8
4026	7
4027	4
4028	5
4029	7
4030	9
4031	2
4032	5
4033	8
4034	10
4035	9
4036	9
4037	5
4038	4
4039	10
4040	11
4041	10
4042	14
4043	8
4044	5
4045	8
4046	5
4047	8
4048	8
4049	5
4050	11
4051	4
4052	8
4053	7
4054	4
4055	8
4056	4
4057	6
4058	8
4059	6
4060	4
4061	4
4062	7
4063	6
4064	5
4065	6
4066	8
4067	5
4068	8
4069	3
4070	4
4071	3
4072	8
4073	5
4074	3
4075	7
4076	3
4077	9
4078	5
4079	9
4080	11
4081	2
4082	5
4083	7
4084	9
4085	7
4086	8
4087	9
4088	3
4089	7
4090	10
4091	5
4092	4
4093	7
4094	6
4095	6
4096	2
4097	7
4098	2
4099	5
4100	5
4101	7
4102	7
4103	9
4104	5
4105	7
4106	3
4107	6
4108	5
4109	6
4110	7
4111	6
4112	6
4113	11
4114	6
4115	2
4116	3
4117	4
4118	5
4119	4
4120	8
4121	12
4122	5
4123	8
4124	7
4125	5
4126	7
4127	6
4128	2
4129	13
4130	10
4131	1
4132	6
4133	8
4134	4
4135	7
4136	4
4137	5
4138	5
4139	3
4140	11
4141	6
4142	14
4143	5
4144	6
4145	13
4146	2
4147	4
4148	9
4149	8
4150	8
4151	6
4152	1
4153	7
4154	6
4155	4
4156	5
4157	10
4158	7
4159	9
4160	7
4161	7
4162	4
4163	4
4164	6
4165	7
4166	6
4167	3
4168	9
4169	6
4170	1
4171	2
4172	5
4173	3
4174	4
4175	6
4176	5
4177	9
4178	6
4179	1
4180	9
4181	6
4182	6
4183	4
4184	6
4185	2
4186	7
4187	8
4188	7
4189	4
4190	5
4191	11
4192	6
4193	8
4194	5
4195	7
4196	10
4197	8
4198	1
4199	8
4200	2
4201	4
4202	8
4203	12
4204	4
4205	5
4206	10
4207	7
4208	6
4209	4
4210	3
4211	5
4212	3
4213	5
4214	11
4215	4
4216	4
4217	5
4218	5
4219	2
4220	5
4221	5
4222	2
4223	9
4224	9
4225	0
4226	6
4227	4
4228	7
4229	6
4230	9
4231	6
4232	5
4233	6
4234	10
4235	2
4236	8
4237	5
4238	5
4239	7
4240	2
4241	5
4242	7
4243	6
4244	2
4245	2
4246	8
4247	11
4248	5
4249	7
4250	6
4251	5
4252	5
4253	6
4254	7
4255	4
4256	2
4257	3
4258	2
4259	8
4260	4
4261	5
4262	14
4263	4
4264	2
4265	7
4266	4
4267	8
4268	4
4269	8
4270	3
4271	6
4272	7
4273	3
4274	3
4275	6
4276	4
4277	5
4278	5
4279	6
4280	7
4281	5
4282	7
4283	9
4284	7
4285	7
4286	3
4287	7
4288	4
4289	5
4290	6
4291	3
4292	11
4293	4
4294	2
4295	3
4296	5
4297	5
4298	6
4299	7
4300	7
4301	3
4302	4
4303	6
4304	7
4305	2
4306	4
4307	3
4308	5
4309	7
4310	2
4311	4
4312	2
4313	8
4314	0
4315	5
4316	2
4317	4
4318	4
4319	6
4320	2
4321	3
4322	6
4323	9
4324	4
4325	2
4326	2
4327	5
4328	5
4329	9
4330	4
4331	3
4332	2
4333	6
4334	10
4335	3
4336	9
4337	5
4338	4
4339	4
4340	5
4341	6
4342	5
4343	3
4344	8
4345	5
4346	11
4347	6
4348	5
4349	3
4350	6
4351	4
4352	5
4353	3
4354	3
4355	4
4356	3
4357	11
4358	4
4359	8
4360	9
4361	4
4362	6
4363	6
4364	7
4365	5
4366	5
4367	11
4368	4
4369	8
4370	6
4371	3
4372	7
4373	5
4374	8
4375	5
4376	2
4377	4
4378	4
4379	3
4380	4
4381	4
4382	6
4383	1
4384	3
4385	6
4386	7
4387	8
4388	7
4389	6
4390	7
4391	3
4392	4
4393	3
4394	4
4395	7
4396	3
4397	4
4398	4
4399	5
4400	0
4401	5
4402	4
4403	6
4404	6
4405	4
4406	7
4407	4
4408	4
4409	7
4410	3
4411	8
4412	4
4413	6
4414	9
4415	2
4416	8
4417	3
4418	8
4419	1
4420	6
4421	4
4422	4
4423	3
4424	1
4425	3
4426	3
4427	6
4428	7
4429	5
4430	5
4431	2
4432	6
4433	3
4434	13
4435	3
4436	3
4437	3
4438	0
4439	7
4440	5
4441	2
4442	4
4443	2
4444	7
4445	6
4446	6
4447	7
4448	6
4449	2
4450	4
4451	7
4452	5
4453	7
4454	11
4455	8
4456	4
4457	3
4458	4
4459	4
4460	3
4461	3
4462	5
4463	5
4464	10
4465	6
4466	6
4467	5
4468	8
4469	8
4470	4
4471	5
4472	3
4473	2
4474	3
4475	5
4476	1
4477	6
4478	3
4479	7
4480	2
4481	4
4482	6
4483	6
4484	5
4485	5
4486	5
4487	3
4488	4
4489	5
4490	8
4491	5
4492	6
4493	5
4494	1
4495	11
4496	8
4497	5
4498	7
4499	0
4500	5
4501	4
4502	7
4503	6
4504	6
4505	2
4506	4
4507	5
4508	7
4509	5
4510	5
4511	3
4512	4
4513	2
4514	5
4515	3
4516	5
4517	2
4518	4
4519	1
4520	4
4521	6
4522	3
4523	4
4524	2
4525	3
4526	5
4527	3
4528	4
4529	7
4530	5
4531	3
4532	2
4533	7
4534	9
4535	5
4536	1
4537	8
4538	4
4539	5
4540	4
4541	8
4542	6
4543	4
4544	6
4545	4
4546	4
4547	4
4548	6
4549	4
4550	4
4551	2
4552	5
4553	7
4554	5
4555	7
4556	3
4557	3
4558	8
4559	5
4560	5
4561	5
4562	5
4563	8
4564	8
4565	4
4566	4
4567	4
4568	8
4569	4
4570	7
4571	5
4572	5
4573	3
4574	6
4575	8
4576	6
4577	6
4578	6
4579	5
4580	3
4581	5
4582	6
4583	3
4584	4
4585	3
4586	6
4587	3
4588	6
4589	7
4590	4
4591	4
4592	7
4593	6
4594	4
4595	4
4596	4
4597	7
4598	3
4599	7
4600	1
4601	4
4602	4
4603	8
4604	8
4605	10
4606	7
4607	7
4608	12
4609	6
4610	5
4611	4
4612	7
4613	2
4614	5
4615	9
4616	6
4617	5
4618	6
4619	7
4620	5
4621	8
4622	5
4623	8
4624	3
4625	7
4626	5
4627	7
4628	3
4629	4
4630	11
4631	6
4632	4
4633	7
4634	2
4635	5
4636	6
4637	3
4638	5
4639	5
4640	5
4641	2
4642	10
4643	7
4644	9
4645	7
4646	8
4647	5
4648	7
4649	5
4650	4
4651	4
4652	5
4653	4
4654	3
4655	2
4656	6
4657	2
4658	2
4659	5
4660	7
4661	1
4662	4
4663	7
4664	5
4665	5
4666	8
4667	3
4668	4
4669	4
4670	7
4671	6
4672	5
4673	8
4674	1
4675	4
4676	4
4677	4
4678	8
4679	3
4680	3
4681	5
4682	5
4683	4
4684	4
4685	4
4686	4
4687	8
4688	4
4689	2
4690	2
4691	5
4692	6
4693	6
4694	2
4695	8
4696	7
4697	5
4698	1
4699	6
4700	3
4701	9
4702	7
4703	6
4704	7
4705	3
4706	6
4707	6
4708	6
4709	7
4710	8
4711	5
4712	5
4713	3
4714	4
4715	4
4716	4
4717	3
4718	4
4719	10
4720	3
4721	8
4722	6
4723	4
4724	5
4725	4
4726	4
4727	7
4728	3
4729	5
4730	5
4731	3
4732	5
4733	2
4734	7
4735	5
4736	5
4737	4
4738	5
4739	10
4740	8
4741	6
4742	4
4743	3
4744	3
4745	5
4746	4
4747	3
4748	7
4749	1
4750	6
4751	6
4752	4
4753	2
4754	9
4755	7
4756	7
4757	4
4758	8
4759	6
4760	6
4761	8
4762	6
4763	9
4764	11
4765	9
4766	6
4767	6
4768	5
4769	9
4770	4
4771	5
4772	3
4773	4
4774	10
4775	4
4776	10
4777	6
4778	4
4779	2
4780	7
4781	6
4782	6
4783	4
4784	8
4785	8
4786	3
4787	3
4788	3
4789	5
4790	10
4791	8
4792	9
4793	6
4794	4
4795	5
4796	8
4797	5
4798	9
4799	2
4800	5
4801	5
4802	4
4803	3
4804	5
4805	3
4806	4
4807	9
4808	7
4809	5
4810	4
4811	5
4812	8
4813	7
4814	9
4815	6
4816	7
4817	6
4818	12
4819	4
4820	6
4821	8
4822	4
4823	3
4824	3
4825	6
4826	3
4827	3
4828	8
4829	10
4830	9
4831	8
4832	5
4833	5
4834	3
4835	5
4836	8
4837	3
4838	7
4839	6
4840	8
4841	6
4842	7
4843	7
4844	6
4845	5
4846	8
4847	2
4848	1
4849	6
4850	4
4851	7
4852	8
4853	4
4854	9
4855	4
4856	7
4857	5
4858	8
4859	9
4860	5
4861	5
4862	3
4863	7
4864	5
4865	5
4866	4
4867	6
4868	4
4869	1
4870	6
4871	7
4872	4
4873	8
4874	5
4875	2
4876	6
4877	3
4878	7
4879	8
4880	7
4881	4
4882	7
4883	8
4884	7
4885	2
4886	4
4887	4
4888	4
4889	6
4890	5
4891	1
4892	6
4893	3
4894	7
4895	6
4896	5
4897	3
4898	4
4899	4
4900	5
4901	5
4902	5
4903	3
4904	2
4905	3
4906	6
4907	7
4908	5
4909	4
4910	0
4911	6
4912	2
4913	8
4914	1
4915	4
4916	6
4917	5
4918	8
4919	7
4920	3
4921	7
4922	2
4923	4
4924	4
4925	7
4926	7
4927	6
4928	3
4929	7
4930	4
4931	9
4932	3
4933	4
4934	5
4935	8
4936	8
4937	11
4938	5
4939	8
4940	4
4941	6
4942	6
4943	5
4944	4
4945	9
4946	8
4947	6
4948	5
4949	3
4950	5
4951	5
4952	6
4953	4
4954	3
4955	3
4956	8
4957	5
4958	2
4959	9
4960	7
4961	5
4962	4
4963	7
4964	8
4965	8
4966	10
4967	14
4968	6
4969	5
4970	3
4971	6
4972	3
4973	4
4974	6
4975	3
4976	1
4977	5
4978	4
4979	8
4980	5
4981	5
4982	2
4983	4
4984	5
4985	7
4986	5
4987	7
4988	9
4989	2
4990	6
4991	2
4992	3
4993	5
4994	4
4995	3
4996	5
4997	5
4998	4
4999	8
5000	1
5001	5
5002	4
5003	8
5004	5
5005	6
5006	5
5007	5
5008	6
5009	9
5010	10
5011	2
5012	7
5013	8
5014	1
5015	1
5016	4
5017	5
5018	4
5019	2
5020	7
5021	5
5022	6
5023	5
5024	3
5025	10
5026	4
5027	11
5028	3
5029	2
5030	2
5031	6
5032	3
5033	9
5034	5
5035	4
5036	4
5037	5
5038	1
5039	3
5040	3
5041	6
5042	8
5043	7
5044	4
5045	4
5046	2
5047	5
5048	10
5049	4
5050	5
5051	4
5052	4
5053	4
5054	4
5055	3
5056	6
5057	6
5058	3
5059	7
5060	5
5061	1
5062	3
5063	3
5064	4
5065	3
5066	3
5067	4
5068	9
5069	5
5070	6
5071	6
5072	3
5073	7
5074	5
5075	2
5076	6
5077	4
5078	3
5079	7
5080	3
5081	5
5082	5
5083	8
5084	2
5085	4
5086	9
5087	2
5088	4
5089	4
5090	6
5091	1
5092	7
5093	6
5094	5
5095	6
5096	3
5097	6
5098	4
5099	12
5100	3
5101	5
5102	4
5103	3
5104	6
5105	6
5106	4
5107	5
5108	0
5109	3
5110	2
5111	8
5112	1
5113	6
5114	12
5115	6
5116	1
5117	6
5118	3
5119	2
5120	4
5121	9
5122	2
5123	2
5124	5
5125	3
5126	2
5127	4
5128	7
5129	3
5130	2
5131	4
5132	3
5133	3
5134	0
5135	6
5136	7
5137	4
5138	6
5139	6
5140	2
5141	5
5142	2
5143	5
5144	4
5145	8
5146	3
5147	2
5148	1
5149	5
5150	7
5151	2
5152	4
5153	5
5154	6
5155	4
5156	6
5157	3
5158	3
5159	7
5160	4
5161	0
5162	1
5163	3
5164	4
5165	6
5166	3
5167	4
5168	7
5169	2
5170	6
5171	2
5172	7
5173	3
5174	7
5175	3
5176	5
5177	3
5178	2
5179	5
5180	4
5181	2
5182	7
5183	7
5184	4
5185	5
5186	5
5187	6
5188	6
5189	5
5190	2
5191	4
5192	6
5193	1
5194	5
5195	3
5196	2
5197	4
5198	5
5199	3
5200	5
5201	6
5202	8
5203	7
5204	4
5205	4
5206	6
5207	3
5208	2
5209	3
5210	4
5211	8
5212	5
5213	3
5214	1
5215	5
5216	5
5217	2
5218	2
5219	3
5220	5
5221	5
5222	5
5223	3
5224	3
5225	5
5226	2
5227	3
5228	5
5229	2
5230	5
5231	5
5232	6
5233	3
5234	5
5235	2
5236	3
5237	8
5238	3
5239	9
5240	8
5241	3
5242	4
5243	4
5244	2
5245	4
5246	5
5247	4
5248	5
5249	4
5250	5
5251	2
5252	3
5253	5
5254	5
5255	1
5256	3
5257	7
5258	2
5259	3
5260	4
5261	3
5262	8
5263	2
5264	1
5265	6
5266	4
5267	4
5268	7
5269	4
5270	3
5271	3
5272	4
5273	3
5274	6
5275	4
5276	5
5277	2
5278	3
5279	2
5280	3
5281	3
5282	4
5283	5
5284	2
5285	5
5286	5
5287	5
5288	8
5289	2
5290	1
5291	1
5292	2
5293	3
5294	4
5295	1
5296	3
5297	5
5298	3
5299	2
5300	6
5301	2
5302	4
5303	2
5304	5
5305	2
5306	4
5307	8
5308	4
5309	6
5310	3
5311	4
5312	3
5313	3
5314	2
5315	8
5316	5
5317	3
5318	1
5319	1
5320	2
5321	2
5322	5
5323	7
5324	4
5325	2
5326	2
5327	5
5328	5
5329	5
5330	4
5331	3
5332	2
5333	3
5334	2
5335	3
5336	2
5337	1
5338	5
5339	4
5340	3
5341	2
5342	3
5343	4
5344	7
5345	2
5346	4
5347	1
5348	2
5349	2
5350	4
5351	2
5352	6
5353	3
5354	6
5355	3
5356	9
5357	3
5358	1
5359	6
5360	4
5361	6
5362	4
5363	6
5364	6
5365	2
5366	2
5367	3
5368	5
5369	4
5370	4
5371	0
5372	3
5373	5
5374	3
5375	5
5376	5
5377	4
5378	3
5379	3
5380	4
5381	4
5382	3
5383	6
5384	2
5385	3
5386	4
5387	2
5388	2
5389	3
5390	1
5391	2
5392	3
5393	1
5394	2
5395	0
5396	1
5397	2
5398	4
5399	7
5400	4
5401	6
5402	6
5403	6
5404	4
5405	2
5406	2
5407	4
5408	2
5409	6
5410	1
5411	2
5412	2
5413	3
5414	3
5415	1
5416	3
5417	6
5418	5
5419	5
5420	4
5421	1
5422	4
5423	1
5424	1
5425	1
5426	2
5427	4
5428	4
5429	1
5430	5
5431	3
5432	2
5433	4
5434	2
5435	2
5436	5
5437	6
5438	2
5439	3
5440	4
5441	3
5442	2
5443	2
5444	4
5445	1
5446	7
5447	1
5448	6
5449	5
5450	4
5451	2
5452	1
5453	6
5454	8
5455	3
5456	1
5457	2
5458	3
5459	2
5460	0
5461	4
5462	5
5463	5
5464	5
5465	3
5466	0
5467	3
5468	1
5469	5
5470	3
5471	3
5472	6
5473	3
5474	3
5475	5
5476	3
5477	3
5478	4
5479	2
5480	4
5481	6
5482	3
5483	5
5484	3
5485	4
5486	3
5487	3
5488	3
5489	4
5490	7
5491	4
5492	3
5493	1
5494	3
5495	1
5496	3
5497	1
5498	4
5499	1
5500	2
5501	6
5502	5
5503	2
5504	4
5505	8
5506	3
5507	4
5508	3
5509	1
5510	0
5511	3
5512	2
5513	0
5514	4
5515	3
5516	2
5517	4
5518	2
5519	1
5520	7
5521	4
5522	5
5523	3
5524	2
5525	4
5526	6
5527	2
5528	3
5529	8
5530	5
5531	2
5532	6
5533	2
5534	3
5535	5
5536	3
5537	2
5538	3
5539	3
5540	3
5541	6
5542	5
5543	2
5544	3
5545	5
5546	3
5547	3
5548	2
5549	4
5550	6
5551	8
5552	1
5553	4
5554	7
5555	5
5556	1
5557	4
5558	2
5559	2
5560	6
5561	2
5562	4
5563	1
5564	2
5565	5
5566	5
5567	1
5568	4
5569	2
5570	2
5571	1
5572	5
5573	2
5574	4
5575	2
5576	3
5577	3
5578	3
5579	2
5580	4
5581	7
5582	4
5583	5
5584	3
5585	6
5586	4
5587	2
5588	1
5589	6
5590	4
5591	3
5592	4
5593	2
5594	2
5595	1
5596	2
5597	4
5598	4
5599	1
5600	5
5601	4
5602	1
5603	3
5604	5
5605	5
5606	6
5607	1
5608	7
5609	4
5610	1
5611	5
5612	3
5613	2
5614	3
5615	2
5616	0
5617	0
5618	9
5619	5
5620	2
5621	7
5622	1
5623	2
5624	1
5625	1
5626	1
5627	2
5628	5
5629	1
5630	2
5631	3
5632	0
5633	1
5634	3
5635	3
5636	3
5637	2
5638	7
5639	4
5640	4
5641	5
5642	2
5643	3
5644	2
5645	2
5646	2
5647	2
5648	1
5649	6
5650	5
5651	1
5652	3
5653	3
5654	2
5655	5
5656	7
5657	5
5658	9
5659	4
5660	3
5661	5
5662	3
5663	4
5664	3
5665	3
5666	8
5667	6
5668	0
5669	4
5670	5
5671	4
5672	2
5673	3
5674	7
5675	3
5676	6
5677	3
5678	5
5679	4
5680	5
5681	5
5682	4
5683	4
5684	5
5685	2
5686	2
5687	3
5688	1
5689	3
5690	5
5691	3
5692	1
5693	5
5694	7
5695	3
5696	5
5697	4
5698	6
5699	3
5700	3
5701	3
5702	4
5703	4
5704	6
5705	0
5706	2
5707	4
5708	2
5709	6
5710	1
5711	2
5712	0
5713	4
5714	3
5715	3
5716	5
5717	5
5718	3
5719	1
5720	2
5721	4
5722	5
5723	2
5724	5
5725	1
5726	3
5727	6
5728	2
5729	4
5730	3
5731	3
5732	5
5733	1
5734	5
5735	4
5736	9
5737	2
5738	2
5739	1
5740	3
5741	2
5742	3
5743	4
5744	3
5745	2
5746	4
5747	6
5748	4
5749	4
5750	4
5751	3
5752	2
5753	3
5754	5
5755	5
5756	2
5757	4
5758	3
5759	1
5760	1
5761	3
5762	6
5763	5
5764	2
5765	4
5766	7
5767	3
5768	4
5769	4
5770	5
5771	4
5772	1
5773	3
5774	5
5775	1
5776	5
5777	4
5778	8
5779	6
5780	0
5781	5
5782	3
5783	5
5784	6
5785	6
5786	3
5787	2
5788	1
5789	4
5790	8
5791	5
5792	6
5793	1
5794	1
5795	2
5796	3
5797	1
5798	3
5799	4
5800	2
5801	3
5802	4
5803	1
5804	3
5805	5
5806	8
5807	5
5808	6
5809	4
5810	5
5811	5
5812	8
5813	2
5814	6
5815	5
5816	6
5817	4
5818	1
5819	1
5820	1
5821	6
5822	5
5823	5
5824	7
5825	2
5826	6
5827	3
5828	3
5829	6
5830	2
5831	4
5832	1
5833	4
5834	2
5835	2
5836	2
5837	7
5838	4
5839	5
5840	6
5841	2
5842	6
5843	4
5844	7
5845	4
5846	2
5847	4
5848	2
5849	2
5850	6
5851	5
5852	5
5853	2
5854	4
5855	6
5856	4
5857	5
5858	4
5859	5
5860	4
5861	2
5862	6
5863	2
5864	6
5865	4
5866	3
5867	1
5868	7
5869	1
5870	1
5871	2
5872	1
5873	2
5874	6
5875	6
5876	4
5877	3
5878	3
5879	4
5880	1
5881	5
5882	3
5883	5
5884	2
5885	1
5886	4
5887	5
5888	1
5889	4
5890	3
5891	2
5892	3
5893	1
5894	5
5895	6
5896	2
5897	6
5898	2
5899	4
5900	7
5901	4
5902	5
5903	4
5904	7
5905	1
5906	4
5907	4
5908	8
5909	7
5910	6
5911	3
5912	1
5913	2
5914	3
5915	3
5916	7
5917	3
5918	4
5919	3
5920	2
5921	8
5922	5
5923	4
5924	4
5925	3
5926	4
5927	2
5928	4
5929	3
5930	5
5931	6
5932	1
5933	4
5934	5
5935	8
5936	4
5937	3
5938	3
5939	5
5940	5
5941	2
5942	3
5943	3
5944	0
5945	4
5946	3
5947	5
5948	6
5949	3
5950	3
5951	3
5952	2
5953	3
5954	5
5955	2
5956	3
5957	2
5958	5
5959	3
5960	3
5961	7
5962	2
5963	3
5964	4
5965	5
5966	3
5967	4
5968	3
5969	1
5970	3
5971	1
5972	2
5973	4
5974	2
5975	4
5976	6
5977	1
5978	2
5979	2
5980	2
5981	2
5982	8
5983	5
5984	5
5985	1
5986	3
5987	3
5988	3
5989	4
5990	3
5991	3
5992	1
5993	5
5994	3
5995	2
5996	3
5997	2
5998	7
5999	5
6000	3
6001	6
6002	3
6003	3
6004	4
6005	1
6006	3
6007	1
6008	5
6009	1
6010	3
6011	3
6012	5
6013	4
6014	4
6015	4
6016	4
6017	1
6018	5
6019	5
6020	6
6021	4
6022	2
6023	3
6024	4
6025	1
6026	4
6027	5
6028	2
6029	1
6030	2
6031	3
6032	4
6033	1
6034	3
6035	6
6036	2
6037	3
6038	1
6039	5
6040	8
6041	2
6042	2
6043	1
6044	3
6045	1
6046	3
6047	7
6048	1
6049	7
6050	4
6051	2
6052	3
6053	2
6054	3
6055	4
6056	2
6057	4
6058	2
6059	4
6060	3
6061	4
6062	1
6063	2
6064	1
6065	0
6066	2
6067	1
6068	5
6069	6
6070	4
6071	3
6072	5
6073	3
6074	2
6075	3
6076	7
6077	2
6078	3
6079	6
6080	2
6081	3
6082	0
6083	3
6084	2
6085	6
6086	5
6087	0
6088	4
6089	1
6090	1
6091	4
6092	3
6093	4
6094	1
6095	1
6096	3
6097	2
6098	3
6099	4
6100	5
6101	5
6102	5
6103	4
6104	2
6105	1
6106	2
6107	2
6108	2
6109	1
6110	5
6111	1
6112	3
6113	3
6114	1
6115	4
6116	4
6117	1
6118	5
6119	0
6120	2
6121	4
6122	3
6123	3
6124	3
6125	7
6126	4
6127	1
6128	2
6129	0
6130	3
6131	2
6132	1
6133	7
6134	5
6135	4
6136	2
6137	2
6138	2
6139	3
6140	3
6141	2
6142	3
6143	3
6144	2
6145	2
6146	4
6147	3
6148	3
6149	4
6150	4
6151	6
6152	7
6153	4
6154	2
6155	3
6156	3
6157	2
6158	3
6159	6
6160	3
6161	3
6162	1
6163	3
6164	3
6165	2
6166	3
6167	3
6168	4
6169	3
6170	1
6171	4
6172	2
6173	4
6174	4
6175	3
6176	2
6177	1
6178	3
6179	5
6180	3
6181	5
6182	2
6183	7
6184	3
6185	1
6186	3
6187	5
6188	1
6189	3
6190	1
6191	2
6192	1
6193	0
6194	1
6195	3
6196	2
6197	2
6198	3
6199	1
6200	3
6201	4
6202	2
6203	3
6204	2
6205	3
6206	3
6207	5
6208	6
6209	2
6210	5
6211	0
6212	2
6213	3
6214	2
6215	3
6216	1
6217	1
6218	1
6219	2
6220	3
6221	6
6222	2
6223	5
6224	3
6225	1
6226	1
6227	1
6228	1
6229	6
6230	1
6231	5
6232	0
6233	3
6234	2
6235	2
6236	2
6237	3
6238	1
6239	1
6240	1
6241	4
6242	2
6243	4
6244	2
6245	3
6246	1
6247	5
6248	2
6249	2
6250	4
6251	1
6252	4
6253	3
6254	3
6255	4
6256	4
6257	0
6258	1
6259	1
6260	2
6261	4
6262	2
6263	1
6264	1
6265	2
6266	1
6267	3
6268	3
6269	1
6270	6
6271	4
6272	4
6273	5
6274	3
6275	3
6276	1
6277	3
6278	4
6279	1
6280	3
6281	3
6282	2
6283	4
6284	3
6285	4
6286	1
6287	2
6288	2
6289	2
6290	3
6291	3
6292	0
6293	1
6294	2
6295	3
6296	2
6297	1
6298	4
6299	3
6300	2
6301	0
6302	3
6303	5
6304	3
6305	4
6306	0
6307	2
6308	2
6309	0
6310	2
6311	1
6312	0
6313	5
6314	2
6315	6
6316	4
6317	0
6318	1
6319	2
6320	3
6321	4
6322	4
6323	6
6324	5
6325	4
6326	2
6327	5
6328	3
6329	2
6330	6
6331	2
6332	4
6333	1
6334	1
6335	0
6336	3
6337	2
6338	3
6339	2
6340	1
6341	2
6342	3
6343	1
6344	3
6345	3
6346	5
6347	2
6348	5
6349	3
6350	2
6351	5
6352	4
6353	2
6354	3
6355	5
6356	1
6357	2
6358	2
6359	3
6360	3
6361	6
6362	0
6363	2
6364	4
6365	1
6366	3
6367	1
6368	2
6369	3
6370	2
6371	1
6372	1
6373	2
6374	0
6375	3
6376	5
6377	6
6378	2
6379	1
6380	3
6381	2
6382	4
6383	3
6384	3
6385	6
6386	1
6387	3
6388	2
6389	2
6390	2
6391	5
6392	3
6393	2
6394	3
6395	3
6396	3
6397	2
6398	3
6399	4
6400	3
6401	2
6402	3
6403	1
6404	4
6405	5
6406	0
6407	2
6408	3
6409	5
6410	3
6411	3
6412	3
6413	2
6414	4
6415	2
6416	3
6417	2
6418	1
6419	2
6420	3
6421	4
6422	2
6423	2
6424	3
6425	4
6426	5
6427	2
6428	2
6429	0
6430	0
6431	3
6432	3
6433	1
6434	3
6435	5
6436	3
6437	1
6438	2
6439	2
6440	2
6441	5
6442	0
6443	3
6444	6
6445	0
6446	2
6447	4
6448	1
6449	0
6450	4
6451	1
6452	1
6453	2
6454	3
6455	3
6456	2
6457	2
6458	5
6459	2
6460	2
6461	1
6462	2
6463	2
6464	3
6465	3
6466	2
6467	3
6468	1
6469	3
6470	2
6471	3
6472	1
6473	1
6474	1
6475	2
6476	1
6477	3
6478	1
6479	4
6480	3
6481	5
6482	1
6483	4
6484	3
6485	1
6486	1
6487	2
6488	1
6489	1
6490	0
6491	1
6492	1
6493	3
6494	1
6495	1
6496	1
6497	0
6498	3
6499	4
6500	3
6501	4
6502	3
6503	2
6504	5
6505	2
6506	3
6507	1
6508	1
6509	1
6510	0
6511	1
6512	4
6513	0
6514	2
6515	2
6516	1
6517	1
6518	0
6519	4
6520	2
6521	7
6522	2
6523	3
6524	3
6525	1
6526	5
6527	0
6528	3
6529	3
6530	3
6531	3
6532	2
6533	1
6534	3
6535	1
6536	5
6537	1
6538	1
6539	2
6540	2
6541	0
6542	2
6543	4
6544	1
6545	1
6546	3
6547	1
6548	5
6549	2
6550	1
6551	3
6552	3
6553	1
6554	4
6555	3
6556	4
6557	2
6558	2
6559	2
6560	3
6561	1
6562	0
6563	2
6564	2
6565	2
6566	4
6567	4
6568	1
6569	2
6570	3
6571	2
6572	1
6573	2
6574	4
6575	3
6576	2
6577	4
6578	0
6579	4
6580	3
6581	2
6582	2
6583	0
6584	0
6585	2
6586	5
6587	2
6588	2
6589	4
6590	1
6591	6
6592	2
6593	4
6594	0
6595	0
6596	2
6597	1
6598	0
6599	2
6600	3
6601	2
6602	3
6603	1
6604	1
6605	0
6606	0
6607	0
6608	4
6609	0
6610	2
6611	4
6612	2
6613	3
6614	4
6615	1
6616	1
6617	0
6618	1
6619	2
6620	3
6621	2
6622	4
6623	0
6624	2
6625	0
6626	3
6627	2
6628	4
6629	2
6630	2
6631	2
6632	1
6633	2
6634	4
6635	1
6636	0
6637	0
6638	5
6639	1
6640	1
6641	2
6642	2
6643	2
6644	2
6645	2
6646	3
6647	2
6648	2
6649	6
6650	2
6651	1
6652	2
6653	3
6654	2
6655	3
6656	2
6657	1
6658	3
6659	2
6660	2
6661	3
6662	1
6663	2
6664	0
6665	1
6666	3
6667	4
6668	1
6669	2
6670	0
6671	3
6672	1
6673	4
6674	1
6675	0
6676	2
6677	1
6678	2
6679	1
6680	3
6681	2
6682	7
6683	2
6684	2
6685	3
6686	2
6687	1
6688	0
6689	1
6690	0
6691	2
6692	3
6693	0
6694	1
6695	2
6696	1
6697	2
6698	1
6699	2
6700	4
6701	6
6702	4
6703	1
6704	1
6705	1
6706	1
6707	2
6708	1
6709	5
6710	1
6711	1
6712	0
6713	2
6714	2
6715	3
6716	2
6717	0
6718	1
6719	1
6720	1
6721	1
6722	0
6723	5
6724	3
6725	1
6726	2
6727	0
6728	1
6729	3
6730	0
6731	2
6732	0
6733	1
6734	2
6735	3
6736	2
6737	1
6738	2
6739	1
6740	1
6741	1
6742	2
6743	1
6744	1
6745	1
6746	4
6747	2
6748	3
6749	3
6750	1
6751	2
6752	3
6753	1
6754	2
6755	3
6756	1
6757	0
6758	4
6759	1
6760	2
6761	2
6762	1
6763	3
6764	1
6765	4
6766	3
6767	0
6768	0
6769	0
6770	6
6771	1
6772	2
6773	1
6774	0
6775	2
6776	2
6777	1
6778	2
6779	1
6780	1
6781	0
6782	2
6783	2
6784	5
6785	1
6786	0
6787	1
6788	2
6789	1
6790	2
6791	0
6792	0
6793	1
6794	1
6795	1
6796	1
6797	1
6798	0
6799	1
6800	0
6801	3
6802	1
6803	2
6804	1
6805	0
6806	0
6807	4
6808	2
6809	1
6810	1
6811	2
6812	1
6813	1
6814	4
6815	1
6816	3
6817	4
6818	1
6819	2
6820	1
6821	0
6822	3
6823	4
6824	2
6825	0
6826	0
6827	3
6828	1
6829	0
6830	5
6831	0
6832	2
6833	1
6834	2
6835	1
6836	3
6837	4
6838	1
6839	1
6840	0
6841	2
6842	0
6843	0
6844	4
6845	3
6846	2
6847	1
6848	5
6849	2
6850	0
6851	2
6852	2
6853	1
6854	2
6855	3
6856	0
6857	0
6858	0
6859	0
6860	6
6861	1
6862	1
6863	2
6864	2
6865	1
6866	0
6867	2
6868	0
6869	1
6870	3
6871	1
6872	4
6873	2
6874	2
6875	3
6876	0
6877	1
6878	4
6879	4
6880	2
6881	2
6882	2
6883	2
6884	2
6885	0
6886	3
6887	0
6888	1
6889	0
6890	2
6891	0
6892	2
6893	4
6894	1
6895	2
6896	0
6897	0
6898	0
6899	1
6900	2
6901	1
6902	3
6903	1
6904	2
6905	2
6906	2
6907	1
6908	0
6909	1
6910	2
6911	2
6912	3
6913	1
6914	1
6915	1
6916	4
6917	1
6918	1
6919	0
6920	1
6921	1
6922	1
6923	2
6924	0
6925	2
6926	3
6927	1
6928	0
6929	1
6930	1
6931	5
6932	4
6933	2
6934	1
6935	1
6936	2
6937	4
6938	2
6939	1
6940	1
6941	4
6942	0
6943	1
6944	1
6945	2
6946	3
6947	4
6948	0
6949	0
6950	1
6951	2
6952	3
6953	3
6954	2
6955	2
6956	1
6957	2
6958	0
6959	2
6960	3
6961	1
6962	1
6963	1
6964	2
6965	0
6966	0
6967	2
6968	2
6969	2
6970	1
6971	3
6972	2
6973	4
6974	1
6975	0
6976	3
6977	1
6978	1
6979	2
6980	1
6981	0
6982	1
6983	1
6984	0
6985	3
6986	1
6987	0
6988	0
6989	1
6990	0
6991	1
6992	2
6993	2
6994	1
6995	0
6996	1
6997	2
6998	4
6999	0
7000	1
7001	1
7002	1
7003	3
7004	4
7005	2
7006	4
7007	3
7008	1
7009	6
7010	2
7011	1
7012	1
7013	1
7014	3
7015	1
7016	2
7017	0
7018	0
7019	0
7020	0
7021	2
7022	1
7023	1
7024	1
7025	0
7026	2
7027	3
7028	3
7029	1
7030	0
7031	0
7032	0
7033	1
7034	2
7035	1
7036	5
7037	1
7038	0
7039	1
7040	1
7041	5
7042	0
7043	3
7044	2
7045	3
7046	4
7047	1
7048	2
7049	4
7050	2
7051	0
7052	3
7053	0
7054	2
7055	1
7056	1
7057	2
7058	5
7059	1
7060	0
7061	2
7062	0
7063	1
7064	0
7065	1
7066	2
7067	1
7068	3
7069	0
7070	0
7071	2
7072	1
7073	1
7074	2
7075	1
7076	3
7077	1
7078	1
7079	1
7080	3
7081	0
7082	2
7083	0
7084	1
7085	1
7086	0
7087	1
7088	2
7089	0
7090	0
7091	1
7092	2
7093	1
7094	1
7095	0
7096	0
7097	1
7098	1
7099	1
7100	2
7101	1
7102	0
7103	3
7104	1
7105	0
7106	1
7107	1
7108	3
7109	0
7110	0
7111	1
7112	1
7113	3
7114	2
7115	1
7116	2
7117	2
7118	3
7119	0
7120	1
7121	1
7122	2
7123	2
7124	0
7125	3
7126	2
7127	2
7128	0
7129	1
7130	3
7131	0
7132	1
7133	4
7134	1
7135	5
7136	2
7137	1
7138	5
7139	4
7140	4
7141	5
7142	1
7143	5
7144	2
7145	1
7146	1
7147	0
7148	3
7149	2
7150	3
7151	0
7152	6
7153	1
7154	7
7155	1
7156	1
7157	4
7158	2
7159	4
7160	1
7161	3
7162	2
7163	3
7164	3
7165	2
7166	1
7167	3
7168	3
7169	4
7170	1
7171	1
7172	3
7173	2
7174	2
7175	1
7176	2
7177	4
7178	1
7179	1
7180	2
7181	2
7182	1
7183	2
7184	2
7185	1
7186	3
7187	1
7188	2
7189	3
7190	5
7191	5
7192	0
7193	1
7194	5
7195	1
7196	0
7197	0
7198	3
7199	2
7200	3
7201	0
7202	4
7203	3
7204	3
7205	3
7206	3
7207	2
7208	6
7209	7
7210	3
7211	2
7212	3
7213	1
7214	3
7215	1
7216	1
7217	1
7218	4
7219	4
7220	6
7221	3
7222	3
7223	4
7224	3
7225	3
7226	2
7227	4
7228	3
7229	2
7230	1
7231	1
7232	2
7233	5
7234	2
7235	2
7236	1
7237	3
7238	4
7239	1
7240	4
7241	5
7242	0
7243	2
7244	1
7245	6
7246	3
7247	5
7248	5
7249	1
7250	5
7251	1
7252	2
7253	4
7254	2
7255	2
7256	2
7257	4
7258	7
7259	2
7260	3
7261	3
7262	0
7263	2
7264	3
7265	2
7266	4
7267	1
7268	1
7269	3
7270	3
7271	2
7272	1
7273	1
7274	3
7275	4
7276	3
7277	6
7278	3
7279	4
7280	3
7281	3
7282	6
7283	4
7284	2
7285	3
7286	2
7287	1
7288	4
7289	2
7290	2
7291	3
7292	0
7293	3
7294	1
7295	7
7296	2
7297	5
7298	3
7299	5
7300	7
7301	2
7302	2
7303	4
7304	1
7305	0
7306	3
7307	3
7308	1
7309	1
7310	2
7311	3
7312	4
7313	6
7314	3
7315	1
7316	2
7317	2
7318	3
7319	1
7320	4
7321	4
7322	5
7323	2
7324	3
7325	5
7326	3
7327	6
7328	3
7329	2
7330	4
7331	3
7332	5
7333	2
7334	2
7335	5
7336	5
7337	2
7338	1
7339	3
7340	4
7341	2
7342	1
7343	2
7344	2
7345	5
7346	0
7347	4
7348	2
7349	5
7350	5
7351	4
7352	7
7353	2
7354	2
7355	3
7356	5
7357	4
7358	4
7359	4
7360	4
7361	1
7362	5
7363	6
7364	6
7365	5
7366	5
7367	4
7368	5
7369	5
7370	6
7371	2
7372	6
7373	2
7374	6
7375	5
7376	4
7377	8
7378	2
7379	6
7380	6
7381	6
7382	8
7383	9
7384	3
7385	4
7386	3
7387	5
7388	3
7389	3
7390	8
7391	6
7392	5
7393	3
7394	3
7395	4
7396	7
7397	4
7398	3
7399	8
7400	3
7401	2
7402	3
7403	9
7404	8
7405	5
7406	6
7407	2
7408	6
7409	5
7410	2
7411	6
7412	3
7413	4
7414	8
7415	5
7416	3
7417	2
7418	1
7419	2
7420	3
7421	4
7422	4
7423	5
7424	10
7425	9
7426	10
7427	5
7428	7
7429	4
7430	4
7431	6
7432	7
7433	7
7434	3
7435	5
7436	3
7437	6
7438	1
7439	5
7440	4
7441	5
7442	8
7443	9
7444	4
7445	10
7446	8
7447	2
7448	4
7449	10
7450	8
7451	10
7452	5
7453	10
7454	3
7455	7
7456	4
7457	7
7458	6
7459	2
7460	6
7461	11
7462	5
7463	9
7464	8
7465	6
7466	5
7467	4
7468	3
7469	4
7470	5
7471	4
7472	6
7473	5
7474	7
7475	3
7476	10
7477	5
7478	6
7479	10
7480	4
7481	6
7482	7
7483	7
7484	2
7485	9
7486	5
7487	3
7488	10
7489	7
7490	9
7491	2
7492	5
7493	5
7494	3
7495	7
7496	12
7497	7
7498	6
7499	4
7500	7
7501	3
7502	7
7503	4
7504	7
7505	7
7506	2
7507	5
7508	9
7509	3
7510	10
7511	5
7512	8
7513	6
7514	6
7515	2
7516	4
7517	7
7518	5
7519	9
7520	3
7521	7
7522	17
7523	5
7524	5
7525	9
7526	7
7527	7
7528	6
7529	9
7530	5
7531	9
7532	8
7533	7
7534	3
7535	7
7536	10
7537	6
7538	9
7539	6
7540	5
7541	4
7542	8
7543	5
7544	8
7545	4
7546	5
7547	6
7548	6
7549	7
7550	5
7551	5
7552	5
7553	7
7554	7
7555	6
7556	7
7557	9
7558	5
7559	5
7560	5
7561	3
7562	5
7563	4
7564	9
7565	5
7566	7
7567	8
7568	6
7569	6
7570	12
7571	2
7572	5
7573	7
7574	9
7575	6
7576	4
7577	7
7578	2
7579	8
7580	10
7581	6
7582	3
7583	5
7584	4
7585	5
7586	6
7587	11
7588	9
7589	5
7590	8
7591	7
7592	3
7593	7
7594	1
7595	12
7596	9
7597	4
7598	7
7599	5
7600	7
7601	10
7602	6
7603	5
7604	8
7605	2
7606	10
7607	4
7608	5
7609	13
7610	4
7611	7
7612	7
7613	3
7614	4
7615	4
7616	5
7617	7
7618	4
7619	8
7620	7
7621	5
7622	4
7623	7
7624	7
7625	5
7626	9
7627	5
7628	10
7629	8
7630	6
7631	6
7632	8
7633	8
7634	3
7635	4
7636	4
7637	4
7638	4
7639	6
7640	4
7641	5
7642	5
7643	3
7644	8
7645	9
7646	4
7647	4
7648	2
7649	8
7650	5
7651	1
7652	5
7653	4
7654	6
7655	8
7656	10
7657	4
7658	4
7659	6
7660	3
7661	2
7662	5
7663	6
7664	6
7665	4
7666	6
7667	4
7668	5
7669	3
7670	3
7671	4
7672	8
7673	4
7674	4
7675	3
7676	9
7677	4
7678	6
7679	8
7680	4
7681	4
7682	5
7683	5
7684	8
7685	5
7686	3
7687	6
7688	4
7689	4
7690	9
7691	9
7692	3
7693	3
7694	7
7695	4
7696	1
7697	8
7698	3
7699	6
7700	2
7701	6
7702	4
7703	3
7704	3
7705	6
7706	8
7707	1
7708	4
7709	3
7710	8
7711	5
7712	7
7713	4
7714	6
7715	1
7716	1
7717	6
7718	2
7719	6
7720	2
7721	6
7722	3
7723	6
7724	4
7725	3
7726	6
7727	7
7728	2
7729	5
7730	4
7731	9
7732	3
7733	2
7734	5
7735	4
7736	3
7737	3
7738	5
7739	4
7740	6
7741	1
7742	5
7743	2
7744	3
7745	10
7746	4
7747	3
7748	4
7749	3
7750	3
7751	7
7752	6
7753	4
7754	4
7755	3
7756	0
7757	6
7758	7
7759	4
7760	4
7761	2
7762	5
7763	2
7764	1
7765	3
7766	2
7767	4
7768	3
7769	3
7770	6
7771	5
7772	5
7773	5
7774	2
7775	3
7776	3
7777	1
7778	4
7779	2
7780	7
7781	5
7782	1
7783	5
7784	6
7785	7
7786	2
7787	8
7788	5
7789	1
7790	2
7791	2
7792	1
7793	3
7794	2
7795	0
7796	2
7797	2
7798	1
7799	2
7800	3
7801	3
7802	2
7803	3
7804	3
7805	1
7806	5
7807	3
7808	6
7809	1
7810	5
7811	2
7812	3
7813	2
7814	3
7815	4
7816	4
7817	3
7818	2
7819	3
7820	1
7821	2
7822	3
7823	2
7824	3
7825	1
7826	3
7827	3
7828	4
7829	2
7830	5
7831	6
7832	4
7833	1
7834	2
7835	2
7836	5
7837	1
7838	2
7839	2
7840	2
7841	2
7842	2
7843	2
7844	3
7845	2
7846	2
7847	3
7848	3
7849	0
7850	3
7851	3
7852	2
7853	3
7854	2
7855	3
7856	4
7857	1
7858	0
7859	4
7860	2
7861	0
7862	2
7863	2
7864	0
7865	2
7866	2
7867	5
7868	2
7869	4
7870	1
7871	2
7872	2
7873	1
7874	1
7875	7
7876	3
7877	4
7878	1
7879	1
7880	1
7881	2
7882	2
7883	3
7884	0
7885	3
7886	0
7887	5
7888	1
7889	1
7890	2
7891	3
7892	1
7893	1
7894	1
7895	1
7896	2
7897	3
7898	4
7899	2
7900	0
7901	4
7902	1
7903	4
7904	1
7905	1
7906	0
7907	1
7908	0
7909	1
7910	0
7911	2
7912	1
7913	3
7914	1
7915	1
7916	1
7917	0
7918	2
7919	0
7920	2
7921	2
7922	1
7923	2
7924	2
7925	0
7926	3
7927	0
7928	2
7929	3
7930	3
7931	2
7932	0
7933	1
7934	2
7935	1
7936	0
7937	2
7938	3
7939	2
7940	4
7941	1
7942	0
7943	1
7944	1
7945	3
7946	0
7947	2
7948	1
7949	0
7950	0
7951	2
7952	0
7953	1
7954	0
7955	0
7956	3
7957	1
7958	1
7959	2
7960	4
7961	0
7962	0
7963	1
7964	1
7965	0
7966	0
7967	2
7968	1
7969	2
7970	1
7971	2
7972	3
7973	1
7974	2
7975	0
7976	2
7977	2
7978	2
7979	3
7980	1
7981	1
7982	3
7983	1
7984	1
7985	0
7986	2
7987	0
7988	0
7989	1
7990	2
7991	0
7992	3
7993	1
7994	2
7995	1
7996	2
7997	2
7998	0
7999	0
8000	1
8001	0
8002	0
8003	2
8004	0
8005	2
8006	1
8007	0
8008	4
8009	0
8010	3
8011	2
8012	1
8013	1
8014	3
8015	3
8016	0
8017	3
8018	0
8019	3
8020	0
8021	0
8022	0
8023	1
8024	2
8025	1
8026	2
8027	3
8028	2
8029	0
8030	0
8031	1
8032	2
8033	0
8034	0
8035	1
8036	0
8037	0
8038	0
8039	2
8040	2
8041	1
8042	1
8043	1
8044	1
8045	0
8046	0
8047	0
8048	0
8049	0
8050	0
8051	0
8052	0
8053	0
8054	0
8055	0
8056	0
8057	0
8058	0
8059	0
8060	0
8061	0
8062	0
8063	0
8064	0
8065	0
8066	0
8067	0
8068	0
8069	0
8070	0
8071	0
8072	0
8073	0
8074	0
8075	0
8076	0
8077	0
8078	0
8079	0
8080	0
8081	0
8082	0
8083	0
8084	0
8085	0
8086	0
8087	0
8088	0
8089	0
8090	0
8091	0
8092	0
8093	0
8094	0
8095	0
8096	0
8097	0
8098	0
8099	0
8100	0
8101	0
8102	0
8103	0
8104	0
8105	0
8106	0
8107	0
8108	0
8109	0
8110	0
8111	0
8112	0
8113	0
8114	0
8115	0
8116	0
8117	0
8118	0
8119	0
8120	0
8121	0
8122	0
8123	0
8124	0
8125	0
8126	0
8127	0
8128	0
8129	0
8130	0
8131	0
8132	0
8133	0
8134	0
8135	0
8136	0
8137	0
8138	0
8139	0
8140	0
8141	0
8142	0
8143	0
8144	0
8145	0
8146	0
8147	0
8148	0
8149	0
8150	0
8151	0
8152	0
8153	0
8154	0
8155	0
8156	0
8157	0
8158	0
8159	0
8160	0
8161	0
8162	0
8163	0
8164	0
8165	0
8166	0
8167	0
8168	0
8169	0
8170	0
8171	0
8172	0
8173	0
8174	0
8175	0
8176	0
8177	0
8178	0
8179	0
8180	0
8181	0
8182	0
8183	0
8184	0
8185	0
8186	0
8187	0
8188	0
8189	0
8190	0
8191	0
