0	0
1	0
2	0
3	0
4	0
5	0
6	0
7	0
8	0
9	0
10	0
11	0
12	0
13	0
14	0
15	0
16	0
17	0
18	0
19	0
20	0
21	0
22	0
23	0
24	0
25	0
26	0
27	0
28	0
29	0
30	0
31	0
32	0
33	0
34	0
35	0
36	0
37	0
38	0
39	0
40	0
41	0
42	0
43	0
44	0
45	0
46	0
47	0
48	0
49	0
50	0
51	0
52	0
53	0
54	0
55	0
56	0
57	0
58	0
59	0
60	0
61	0
62	0
63	0
64	0
65	0
66	0
67	0
68	0
69	0
70	0
71	0
72	0
73	0
74	0
75	0
76	0
77	0
78	0
79	0
80	0
81	0
82	0
83	0
84	0
85	0
86	0
87	0
88	0
89	0
90	0
91	0
92	0
93	0
94	0
95	0
96	0
97	0
98	0
99	0
100	0
101	0
102	0
103	0
104	0
105	0
106	0
107	0
108	0
109	0
110	0
111	0
112	0
113	0
114	0
115	0
116	0
117	0
118	0
119	0
120	0
121	0
122	0
123	0
124	0
125	0
126	0
127	0
128	0
129	0
130	0
131	0
132	0
133	0
134	0
135	0
136	0
137	0
138	0
139	0
140	0
141	0
142	0
143	0
144	0
145	0
146	0
147	0
148	0
149	0
150	0
151	0
152	0
153	0
154	0
155	0
156	0
157	0
158	0
159	0
160	0
161	0
162	0
163	0
164	0
165	0
166	0
167	0
168	0
169	0
170	0
171	0
172	0
173	0
174	0
175	0
176	0
177	0
178	4
179	9
180	11
181	33
182	78
183	91
184	109
185	106
186	77
187	89
188	78
189	78
190	78
191	75
192	52
193	85
194	68
195	77
196	64
197	53
198	71
199	64
200	67
201	77
202	77
203	69
204	70
205	76
206	63
207	60
208	71
209	83
210	74
211	74
212	60
213	69
214	73
215	79
216	75
217	66
218	77
219	62
220	64
221	63
222	75
223	68
224	61
225	74
226	76
227	68
228	68
229	74
230	66
231	61
232	77
233	60
234	74
235	86
236	84
237	68
238	62
239	74
240	61
241	54
242	69
243	64
244	74
245	76
246	79
247	70
248	76
249	77
250	56
251	54
252	66
253	57
254	55
255	59
256	78
257	62
258	75
259	49
260	74
261	86
262	75
263	77
264	65
265	64
266	72
267	67
268	77
269	59
270	70
271	68
272	83
273	84
274	67
275	66
276	67
277	72
278	80
279	72
280	63
281	61
282	66
283	60
284	61
285	71
286	81
287	69
288	69
289	72
290	74
291	61
292	64
293	65
294	77
295	56
296	55
297	80
298	64
299	78
300	65
301	77
302	68
303	64
304	54
305	64
306	66
307	71
308	59
309	67
310	61
311	66
312	66
313	78
314	63
315	71
316	57
317	67
318	89
319	69
320	80
321	63
322	76
323	72
324	58
325	63
326	58
327	66
328	58
329	66
330	77
331	67
332	66
333	54
334	71
335	62
336	64
337	65
338	71
339	65
340	87
341	61
342	61
343	66
344	72
345	63
346	64
347	71
348	71
349	59
350	60
351	62
352	56
353	73
354	72
355	61
356	66
357	65
358	73
359	60
360	72
361	81
362	53
363	71
364	55
365	66
366	81
367	72
368	77
369	66
370	64
371	74
372	50
373	73
374	72
375	74
376	82
377	74
378	79
379	71
380	73
381	73
382	61
383	72
384	65
385	64
386	62
387	64
388	83
389	61
390	89
391	62
392	64
393	73
394	64
395	89
396	59
397	74
398	70
399	64
400	75
401	75
402	60
403	71
404	78
405	77
406	58
407	75
408	75
409	74
410	61
411	78
412	89
413	76
414	57
415	78
416	74
417	74
418	75
419	65
420	75
421	78
422	64
423	76
424	69
425	50
426	62
427	65
428	62
429	67
430	70
431	68
432	62
433	71
434	72
435	59
436	56
437	70
438	76
439	88
440	79
441	60
442	56
443	78
444	63
445	66
446	72
447	70
448	64
449	79
450	77
451	61
452	76
453	73
454	83
455	67
456	75
457	76
458	56
459	76
460	66
461	74
462	76
463	65
464	67
465	87
466	70
467	70
468	69
469	74
470	74
471	73
472	69
473	80
474	80
475	71
476	71
477	61
478	63
479	72
480	63
481	77
482	75
483	83
484	83
485	70
486	79
487	90
488	71
489	66
490	72
491	65
492	67
493	66
494	82
495	70
496	77
497	81
498	72
499	77
500	55
501	73
502	64
503	79
504	74
505	86
506	60
507	77
508	85
509	72
510	71
511	70
512	67
513	72
514	82
515	72
516	74
517	75
518	77
519	78
520	62
521	66
522	70
523	78
524	60
525	83
526	88
527	69
528	76
529	67
530	89
531	66
532	67
533	67
534	87
535	77
536	76
537	64
538	64
539	73
540	85
541	64
542	64
543	74
544	92
545	71
546	72
547	69
548	69
549	80
550	69
551	79
552	83
553	75
554	83
555	82
556	89
557	57
558	73
559	52
560	68
561	68
562	62
563	80
564	74
565	85
566	65
567	66
568	96
569	73
570	79
571	70
572	80
573	83
574	70
575	61
576	83
577	83
578	71
579	72
580	64
581	68
582	82
583	75
584	77
585	61
586	73
587	67
588	63
589	69
590	78
591	78
592	72
593	72
594	68
595	72
596	74
597	76
598	65
599	57
600	63
601	78
602	62
603	62
604	76
605	65
606	71
607	63
608	86
609	65
610	81
611	74
612	72
613	88
614	69
615	76
616	59
617	59
618	69
619	76
620	72
621	95
622	104
623	89
624	77
625	68
626	77
627	75
628	81
629	65
630	81
631	78
632	70
633	83
634	58
635	77
636	71
637	72
638	82
639	62
640	78
641	80
642	61
643	90
644	58
645	87
646	65
647	67
648	74
649	80
650	67
651	63
652	71
653	67
654	80
655	81
656	75
657	65
658	78
659	68
660	85
661	93
662	79
663	83
664	67
665	70
666	72
667	76
668	78
669	72
670	80
671	74
672	70
673	67
674	70
675	75
676	74
677	70
678	74
679	69
680	65
681	73
682	83
683	76
684	73
685	70
686	67
687	69
688	73
689	76
690	68
691	72
692	72
693	65
694	76
695	92
696	76
697	61
698	81
699	75
700	90
701	68
702	73
703	68
704	75
705	82
706	73
707	84
708	77
709	80
710	85
711	82
712	80
713	93
714	66
715	81
716	79
717	91
718	82
719	69
720	70
721	80
722	77
723	79
724	84
725	83
726	71
727	82
728	77
729	66
730	79
731	74
732	78
733	78
734	61
735	83
736	73
737	71
738	68
739	84
740	92
741	76
742	89
743	77
744	79
745	83
746	73
747	75
748	81
749	78
750	67
751	73
752	56
753	81
754	91
755	72
756	76
757	80
758	83
759	69
760	87
761	83
762	70
763	86
764	72
765	82
766	80
767	100
768	107
769	81
770	81
771	70
772	99
773	79
774	77
775	82
776	99
777	73
778	82
779	73
780	67
781	71
782	70
783	88
784	77
785	97
786	77
787	71
788	71
789	75
790	71
791	82
792	87
793	81
794	85
795	63
796	83
797	71
798	86
799	66
800	86
801	88
802	80
803	100
804	85
805	80
806	81
807	79
808	82
809	66
810	95
811	83
812	77
813	81
814	89
815	86
816	82
817	86
818	75
819	82
820	114
821	75
822	94
823	70
824	77
825	84
826	85
827	60
828	84
829	92
830	78
831	78
832	77
833	77
834	90
835	59
836	79
837	100
838	80
839	85
840	87
841	82
842	92
843	76
844	85
845	85
846	73
847	86
848	88
849	93
850	101
851	78
852	79
853	77
854	89
855	86
856	93
857	83
858	77
859	77
860	88
861	68
862	98
863	90
864	83
865	95
866	105
867	87
868	76
869	75
870	90
871	73
872	72
873	86
874	94
875	66
876	84
877	80
878	95
879	70
880	75
881	89
882	88
883	78
884	82
885	84
886	97
887	72
888	69
889	90
890	76
891	81
892	101
893	90
894	87
895	93
896	81
897	91
898	89
899	77
900	101
901	95
902	92
903	95
904	81
905	108
906	82
907	96
908	90
909	91
910	79
911	113
912	81
913	80
914	92
915	74
916	68
917	90
918	72
919	87
920	80
921	72
922	82
923	73
924	80
925	91
926	98
927	76
928	78
929	107
930	79
931	70
932	68
933	82
934	86
935	78
936	84
937	73
938	83
939	77
940	70
941	93
942	90
943	101
944	105
945	85
946	84
947	89
948	76
949	97
950	70
951	82
952	92
953	95
954	84
955	73
956	55
957	88
958	84
959	77
960	80
961	89
962	99
963	74
964	81
965	80
966	89
967	72
968	82
969	92
970	83
971	83
972	81
973	96
974	87
975	78
976	84
977	92
978	81
979	72
980	73
981	90
982	78
983	77
984	87
985	89
986	97
987	78
988	90
989	76
990	89
991	79
992	87
993	80
994	73
995	66
996	83
997	80
998	75
999	89
1000	91
1001	90
1002	86
1003	95
1004	122
1005	60
1006	102
1007	77
1008	90
1009	75
1010	82
1011	87
1012	78
1013	81
1014	77
1015	87
1016	68
1017	78
1018	94
1019	78
1020	74
1021	80
1022	89
1023	78
1024	85
1025	84
1026	84
1027	92
1028	88
1029	93
1030	87
1031	72
1032	84
1033	77
1034	78
1035	83
1036	81
1037	72
1038	95
1039	92
1040	87
1041	92
1042	72
1043	76
1044	90
1045	91
1046	90
1047	79
1048	77
1049	70
1050	78
1051	76
1052	82
1053	89
1054	84
1055	87
1056	64
1057	90
1058	77
1059	92
1060	80
1061	110
1062	74
1063	80
1064	88
1065	89
1066	93
1067	92
1068	59
1069	92
1070	85
1071	80
1072	100
1073	73
1074	86
1075	81
1076	73
1077	105
1078	78
1079	91
1080	82
1081	90
1082	71
1083	79
1084	74
1085	86
1086	85
1087	95
1088	90
1089	91
1090	67
1091	92
1092	91
1093	82
1094	88
1095	69
1096	77
1097	68
1098	99
1099	75
1100	87
1101	82
1102	91
1103	77
1104	63
1105	89
1106	97
1107	70
1108	93
1109	91
1110	87
1111	90
1112	69
1113	70
1114	72
1115	87
1116	93
1117	105
1118	90
1119	106
1120	83
1121	90
1122	94
1123	71
1124	84
1125	97
1126	70
1127	67
1128	95
1129	78
1130	77
1131	70
1132	85
1133	80
1134	78
1135	93
1136	90
1137	105
1138	97
1139	80
1140	83
1141	74
1142	86
1143	83
1144	84
1145	94
1146	85
1147	68
1148	90
1149	89
1150	88
1151	82
1152	77
1153	76
1154	81
1155	82
1156	82
1157	78
1158	87
1159	96
1160	95
1161	91
1162	77
1163	85
1164	78
1165	65
1166	96
1167	104
1168	70
1169	101
1170	77
1171	79
1172	104
1173	94
1174	82
1175	86
1176	98
1177	82
1178	84
1179	92
1180	77
1181	80
1182	93
1183	95
1184	94
1185	91
1186	78
1187	72
1188	99
1189	96
1190	88
1191	98
1192	81
1193	73
1194	94
1195	86
1196	68
1197	101
1198	75
1199	87
1200	82
1201	89
1202	89
1203	79
1204	85
1205	93
1206	82
1207	103
1208	67
1209	91
1210	97
1211	92
1212	114
1213	95
1214	89
1215	100
1216	86
1217	80
1218	76
1219	69
1220	110
1221	95
1222	89
1223	77
1224	94
1225	69
1226	90
1227	89
1228	98
1229	86
1230	82
1231	100
1232	95
1233	88
1234	102
1235	75
1236	98
1237	81
1238	82
1239	90
1240	90
1241	81
1242	85
1243	89
1244	86
1245	79
1246	86
1247	86
1248	83
1249	94
1250	99
1251	94
1252	86
1253	94
1254	86
1255	97
1256	73
1257	81
1258	87
1259	92
1260	87
1261	66
1262	74
1263	86
1264	81
1265	96
1266	95
1267	78
1268	83
1269	99
1270	103
1271	83
1272	71
1273	93
1274	100
1275	91
1276	86
1277	82
1278	87
1279	94
1280	94
1281	87
1282	93
1283	92
1284	104
1285	92
1286	94
1287	90
1288	86
1289	84
1290	95
1291	100
1292	90
1293	82
1294	74
1295	76
1296	80
1297	83
1298	85
1299	99
1300	87
1301	96
1302	75
1303	86
1304	92
1305	86
1306	100
1307	95
1308	99
1309	79
1310	82
1311	103
1312	69
1313	81
1314	100
1315	89
1316	99
1317	113
1318	91
1319	109
1320	112
1321	97
1322	78
1323	98
1324	78
1325	80
1326	86
1327	93
1328	69
1329	78
1330	83
1331	71
1332	82
1333	98
1334	80
1335	88
1336	101
1337	84
1338	84
1339	88
1340	94
1341	99
1342	93
1343	93
1344	90
1345	87
1346	94
1347	81
1348	90
1349	89
1350	84
1351	94
1352	89
1353	104
1354	87
1355	84
1356	98
1357	107
1358	94
1359	84
1360	77
1361	99
1362	93
1363	76
1364	95
1365	94
1366	83
1367	79
1368	94
1369	96
1370	97
1371	88
1372	84
1373	96
1374	80
1375	113
1376	76
1377	85
1378	87
1379	87
1380	93
1381	66
1382	80
1383	85
1384	100
1385	85
1386	87
1387	74
1388	92
1389	91
1390	93
1391	106
1392	91
1393	102
1394	95
1395	108
1396	94
1397	88
1398	90
1399	83
1400	110
1401	87
1402	89
1403	105
1404	109
1405	95
1406	88
1407	89
1408	103
1409	97
1410	96
1411	78
1412	92
1413	93
1414	81
1415	92
1416	91
1417	90
1418	94
1419	96
1420	89
1421	78
1422	93
1423	102
1424	101
1425	77
1426	95
1427	104
1428	91
1429	93
1430	73
1431	99
1432	90
1433	103
1434	101
1435	85
1436	102
1437	99
1438	99
1439	84
1440	86
1441	98
1442	93
1443	95
1444	97
1445	106
1446	93
1447	100
1448	83
1449	89
1450	90
1451	103
1452	93
1453	90
1454	96
1455	111
1456	117
1457	95
1458	101
1459	78
1460	85
1461	87
1462	105
1463	93
1464	100
1465	92
1466	85
1467	98
1468	97
1469	93
1470	104
1471	107
1472	96
1473	84
1474	99
1475	92
1476	86
1477	94
1478	106
1479	82
1480	102
1481	85
1482	96
1483	92
1484	96
1485	88
1486	98
1487	90
1488	99
1489	98
1490	111
1491	87
1492	88
1493	87
1494	85
1495	83
1496	118
1497	90
1498	83
1499	91
1500	85
1501	93
1502	81
1503	92
1504	97
1505	97
1506	94
1507	84
1508	103
1509	97
1510	101
1511	77
1512	94
1513	90
1514	89
1515	99
1516	114
1517	94
1518	95
1519	85
1520	95
1521	86
1522	106
1523	104
1524	86
1525	87
1526	89
1527	100
1528	87
1529	81
1530	117
1531	108
1532	95
1533	91
1534	106
1535	98
1536	100
1537	103
1538	112
1539	94
1540	99
1541	106
1542	103
1543	99
1544	100
1545	104
1546	89
1547	103
1548	88
1549	114
1550	110
1551	76
1552	88
1553	101
1554	84
1555	111
1556	87
1557	102
1558	109
1559	111
1560	86
1561	108
1562	97
1563	118
1564	95
1565	96
1566	107
1567	108
1568	90
1569	116
1570	96
1571	118
1572	94
1573	106
1574	97
1575	85
1576	94
1577	84
1578	95
1579	96
1580	97
1581	112
1582	100
1583	100
1584	99
1585	89
1586	92
1587	90
1588	85
1589	112
1590	112
1591	101
1592	99
1593	105
1594	84
1595	102
1596	100
1597	104
1598	96
1599	87
1600	111
1601	113
1602	89
1603	107
1604	98
1605	91
1606	90
1607	111
1608	103
1609	102
1610	86
1611	100
1612	102
1613	82
1614	99
1615	95
1616	102
1617	89
1618	87
1619	95
1620	94
1621	100
1622	88
1623	94
1624	89
1625	83
1626	97
1627	103
1628	74
1629	100
1630	111
1631	109
1632	104
1633	84
1634	104
1635	88
1636	81
1637	91
1638	93
1639	111
1640	100
1641	105
1642	106
1643	105
1644	92
1645	88
1646	94
1647	98
1648	80
1649	87
1650	93
1651	103
1652	97
1653	105
1654	90
1655	85
1656	102
1657	99
1658	110
1659	97
1660	102
1661	98
1662	104
1663	110
1664	77
1665	106
1666	111
1667	103
1668	92
1669	99
1670	98
1671	95
1672	115
1673	105
1674	99
1675	93
1676	75
1677	90
1678	101
1679	109
1680	107
1681	97
1682	87
1683	75
1684	100
1685	95
1686	111
1687	85
1688	85
1689	132
1690	110
1691	108
1692	99
1693	117
1694	91
1695	102
1696	117
1697	97
1698	97
1699	87
1700	111
1701	104
1702	102
1703	109
1704	103
1705	111
1706	104
1707	109
1708	100
1709	93
1710	95
1711	104
1712	88
1713	107
1714	97
1715	113
1716	91
1717	110
1718	112
1719	110
1720	106
1721	122
1722	117
1723	91
1724	108
1725	103
1726	113
1727	99
1728	86
1729	98
1730	106
1731	89
1732	96
1733	90
1734	110
1735	80
1736	99
1737	104
1738	97
1739	96
1740	98
1741	110
1742	98
1743	95
1744	108
1745	97
1746	103
1747	109
1748	111
1749	111
1750	100
1751	97
1752	90
1753	96
1754	101
1755	113
1756	102
1757	121
1758	126
1759	95
1760	108
1761	93
1762	87
1763	83
1764	81
1765	117
1766	122
1767	89
1768	120
1769	87
1770	119
1771	96
1772	113
1773	111
1774	99
1775	99
1776	122
1777	117
1778	128
1779	109
1780	102
1781	100
1782	99
1783	104
1784	101
1785	79
1786	108
1787	119
1788	107
1789	117
1790	117
1791	93
1792	90
1793	98
1794	111
1795	91
1796	97
1797	102
1798	107
1799	113
1800	106
1801	122
1802	118
1803	97
1804	116
1805	102
1806	99
1807	91
1808	116
1809	113
1810	104
1811	92
1812	123
1813	108
1814	105
1815	109
1816	90
1817	98
1818	103
1819	110
1820	129
1821	99
1822	119
1823	113
1824	113
1825	109
1826	102
1827	119
1828	105
1829	110
1830	103
1831	99
1832	114
1833	84
1834	119
1835	91
1836	128
1837	103
1838	110
1839	104
1840	104
1841	115
1842	101
1843	92
1844	103
1845	117
1846	103
1847	108
1848	104
1849	112
1850	121
1851	117
1852	124
1853	118
1854	123
1855	98
1856	122
1857	128
1858	111
1859	116
1860	112
1861	111
1862	105
1863	96
1864	108
1865	104
1866	124
1867	128
1868	112
1869	107
1870	106
1871	105
1872	96
1873	106
1874	107
1875	119
1876	95
1877	113
1878	113
1879	109
1880	115
1881	106
1882	87
1883	115
1884	87
1885	108
1886	106
1887	116
1888	109
1889	113
1890	103
1891	105
1892	105
1893	113
1894	114
1895	107
1896	114
1897	138
1898	100
1899	120
1900	97
1901	114
1902	100
1903	109
1904	110
1905	110
1906	98
1907	93
1908	93
1909	112
1910	110
1911	111
1912	104
1913	106
1914	100
1915	117
1916	120
1917	112
1918	125
1919	110
1920	112
1921	104
1922	95
1923	113
1924	117
1925	120
1926	119
1927	98
1928	113
1929	114
1930	110
1931	105
1932	129
1933	119
1934	120
1935	109
1936	129
1937	102
1938	118
1939	104
1940	104
1941	100
1942	109
1943	124
1944	111
1945	123
1946	104
1947	117
1948	112
1949	111
1950	125
1951	116
1952	128
1953	116
1954	122
1955	138
1956	111
1957	101
1958	130
1959	117
1960	110
1961	109
1962	98
1963	117
1964	115
1965	112
1966	99
1967	124
1968	123
1969	98
1970	145
1971	101
1972	115
1973	112
1974	121
1975	111
1976	123
1977	117
1978	118
1979	117
1980	118
1981	138
1982	108
1983	132
1984	129
1985	107
1986	124
1987	116
1988	134
1989	110
1990	108
1991	107
1992	112
1993	118
1994	117
1995	124
1996	111
1997	115
1998	115
1999	118
2000	121
2001	124
2002	98
2003	113
2004	116
2005	143
2006	93
2007	128
2008	145
2009	127
2010	119
2011	103
2012	113
2013	124
2014	114
2015	128
2016	124
2017	107
2018	123
2019	109
2020	112
2021	123
2022	145
2023	112
2024	125
2025	120
2026	109
2027	116
2028	111
2029	108
2030	99
2031	110
2032	110
2033	121
2034	117
2035	104
2036	107
2037	107
2038	110
2039	125
2040	124
2041	105
2042	110
2043	138
2044	119
2045	119
2046	124
2047	130
2048	119
2049	106
2050	115
2051	118
2052	105
2053	127
2054	105
2055	103
2056	121
2057	129
2058	108
2059	112
2060	114
2061	128
2062	132
2063	119
2064	106
2065	113
2066	118
2067	109
2068	107
2069	109
2070	110
2071	109
2072	108
2073	115
2074	99
2075	110
2076	127
2077	110
2078	110
2079	130
2080	109
2081	93
2082	107
2083	121
2084	121
2085	128
2086	120
2087	115
2088	120
2089	114
2090	120
2091	107
2092	114
2093	108
2094	112
2095	119
2096	128
2097	122
2098	122
2099	116
2100	114
2101	113
2102	110
2103	118
2104	116
2105	121
2106	118
2107	132
2108	116
2109	121
2110	106
2111	101
2112	108
2113	117
2114	118
2115	102
2116	85
2117	106
2118	123
2119	96
2120	130
2121	84
2122	106
2123	106
2124	106
2125	115
2126	102
2127	107
2128	118
2129	124
2130	111
2131	113
2132	109
2133	102
2134	104
2135	108
2136	124
2137	107
2138	95
2139	109
2140	109
2141	129
2142	113
2143	112
2144	107
2145	94
2146	98
2147	112
2148	115
2149	122
2150	115
2151	108
2152	111
2153	97
2154	120
2155	128
2156	105
2157	125
2158	103
2159	114
2160	118
2161	110
2162	106
2163	112
2164	105
2165	113
2166	107
2167	114
2168	103
2169	94
2170	114
2171	105
2172	88
2173	102
2174	113
2175	121
2176	110
2177	105
2178	106
2179	107
2180	106
2181	120
2182	91
2183	88
2184	98
2185	111
2186	109
2187	108
2188	119
2189	113
2190	94
2191	115
2192	85
2193	112
2194	118
2195	100
2196	112
2197	110
2198	95
2199	89
2200	113
2201	117
2202	97
2203	114
2204	110
2205	120
2206	130
2207	91
2208	95
2209	98
2210	97
2211	118
2212	101
2213	114
2214	114
2215	113
2216	103
2217	121
2218	89
2219	109
2220	85
2221	94
2222	108
2223	107
2224	123
2225	100
2226	95
2227	95
2228	82
2229	102
2230	97
2231	96
2232	112
2233	97
2234	108
2235	107
2236	100
2237	112
2238	108
2239	97
2240	122
2241	95
2242	97
2243	110
2244	102
2245	105
2246	93
2247	98
2248	101
2249	87
2250	109
2251	110
2252	91
2253	96
2254	97
2255	114
2256	97
2257	94
2258	94
2259	109
2260	99
2261	102
2262	101
2263	106
2264	91
2265	94
2266	94
2267	96
2268	105
2269	92
2270	86
2271	101
2272	104
2273	89
2274	76
2275	105
2276	105
2277	101
2278	94
2279	94
2280	105
2281	102
2282	119
2283	107
2284	93
2285	83
2286	85
2287	109
2288	94
2289	89
2290	100
2291	97
2292	83
2293	105
2294	90
2295	94
2296	113
2297	115
2298	96
2299	104
2300	96
2301	104
2302	106
2303	101
2304	87
2305	87
2306	122
2307	110
2308	94
2309	117
2310	102
2311	95
2312	97
2313	99
2314	98
2315	98
2316	108
2317	77
2318	95
2319	116
2320	88
2321	93
2322	107
2323	101
2324	109
2325	94
2326	94
2327	92
2328	85
2329	107
2330	100
2331	74
2332	88
2333	100
2334	97
2335	95
2336	90
2337	94
2338	98
2339	112
2340	96
2341	84
2342	96
2343	93
2344	94
2345	105
2346	91
2347	106
2348	98
2349	84
2350	90
2351	95
2352	92
2353	86
2354	106
2355	124
2356	107
2357	85
2358	88
2359	107
2360	85
2361	97
2362	104
2363	106
2364	89
2365	98
2366	103
2367	86
2368	107
2369	87
2370	79
2371	73
2372	99
2373	88
2374	111
2375	93
2376	95
2377	110
2378	108
2379	91
2380	112
2381	100
2382	116
2383	90
2384	106
2385	99
2386	100
2387	88
2388	89
2389	110
2390	90
2391	84
2392	88
2393	98
2394	121
2395	114
2396	100
2397	97
2398	95
2399	94
2400	83
2401	90
2402	76
2403	93
2404	86
2405	93
2406	102
2407	76
2408	101
2409	71
2410	106
2411	105
2412	89
2413	103
2414	81
2415	105
2416	87
2417	93
2418	82
2419	98
2420	110
2421	80
2422	90
2423	89
2424	94
2425	84
2426	86
2427	104
2428	91
2429	91
2430	93
2431	92
2432	91
2433	95
2434	96
2435	114
2436	83
2437	100
2438	86
2439	112
2440	111
2441	94
2442	99
2443	95
2444	93
2445	74
2446	98
2447	96
2448	97
2449	83
2450	90
2451	96
2452	84
2453	96
2454	104
2455	114
2456	92
2457	102
2458	106
2459	89
2460	101
2461	99
2462	111
2463	88
2464	86
2465	102
2466	96
2467	84
2468	105
2469	101
2470	100
2471	95
2472	75
2473	101
2474	105
2475	93
2476	85
2477	104
2478	90
2479	100
2480	82
2481	95
2482	93
2483	84
2484	92
2485	95
2486	86
2487	79
2488	81
2489	96
2490	97
2491	75
2492	84
2493	67
2494	100
2495	94
2496	88
2497	83
2498	100
2499	83
2500	92
2501	98
2502	88
2503	113
2504	95
2505	92
2506	94
2507	85
2508	93
2509	87
2510	92
2511	105
2512	99
2513	87
2514	73
2515	81
2516	97
2517	76
2518	101
2519	84
2520	75
2521	89
2522	81
2523	91
2524	101
2525	85
2526	84
2527	85
2528	89
2529	74
2530	98
2531	97
2532	99
2533	89
2534	90
2535	96
2536	88
2537	76
2538	88
2539	114
2540	88
2541	74
2542	87
2543	78
2544	91
2545	67
2546	87
2547	105
2548	81
2549	105
2550	84
2551	95
2552	111
2553	112
2554	86
2555	103
2556	93
2557	89
2558	87
2559	98
2560	106
2561	100
2562	98
2563	99
2564	100
2565	89
2566	77
2567	78
2568	91
2569	89
2570	92
2571	78
2572	88
2573	88
2574	81
2575	99
2576	82
2577	85
2578	98
2579	89
2580	77
2581	101
2582	84
2583	76
2584	99
2585	92
2586	82
2587	83
2588	97
2589	93
2590	111
2591	90
2592	92
2593	95
2594	86
2595	83
2596	98
2597	89
2598	80
2599	83
2600	97
2601	89
2602	85
2603	89
2604	105
2605	92
2606	95
2607	93
2608	96
2609	81
2610	74
2611	88
2612	105
2613	79
2614	93
2615	82
2616	82
2617	79
2618	94
2619	101
2620	80
2621	81
2622	91
2623	93
2624	79
2625	85
2626	78
2627	77
2628	88
2629	83
2630	78
2631	96
2632	74
2633	83
2634	98
2635	88
2636	74
2637	94
2638	90
2639	96
2640	90
2641	86
2642	103
2643	88
2644	96
2645	89
2646	90
2647	97
2648	90
2649	89
2650	85
2651	105
2652	106
2653	90
2654	99
2655	98
2656	83
2657	83
2658	104
2659	90
2660	102
2661	86
2662	90
2663	85
2664	78
2665	90
2666	86
2667	89
2668	99
2669	79
2670	91
2671	77
2672	96
2673	93
2674	82
2675	76
2676	82
2677	86
2678	75
2679	97
2680	100
2681	108
2682	74
2683	88
2684	90
2685	95
2686	103
2687	99
2688	94
2689	91
2690	94
2691	80
2692	85
2693	90
2694	63
2695	90
2696	90
2697	77
2698	94
2699	98
2700	107
2701	95
2702	87
2703	78
2704	82
2705	80
2706	92
2707	82
2708	92
2709	80
2710	100
2711	80
2712	105
2713	69
2714	93
2715	76
2716	85
2717	91
2718	96
2719	81
2720	75
2721	76
2722	87
2723	69
2724	72
2725	95
2726	102
2727	94
2728	87
2729	95
2730	90
2731	79
2732	96
2733	95
2734	85
2735	94
2736	72
2737	100
2738	107
2739	86
2740	89
2741	81
2742	78
2743	82
2744	78
2745	88
2746	105
2747	83
2748	94
2749	99
2750	93
2751	86
2752	82
2753	87
2754	72
2755	68
2756	84
2757	83
2758	85
2759	83
2760	82
2761	75
2762	87
2763	82
2764	78
2765	87
2766	96
2767	94
2768	82
2769	103
2770	73
2771	104
2772	85
2773	95
2774	87
2775	85
2776	84
2777	75
2778	61
2779	97
2780	91
2781	80
2782	78
2783	94
2784	100
2785	78
2786	79
2787	83
2788	70
2789	75
2790	98
2791	71
2792	73
2793	75
2794	80
2795	87
2796	94
2797	79
2798	97
2799	89
2800	76
2801	94
2802	63
2803	71
2804	85
2805	103
2806	80
2807	76
2808	83
2809	87
2810	72
2811	93
2812	84
2813	87
2814	85
2815	87
2816	94
2817	65
2818	73
2819	76
2820	93
2821	96
2822	78
2823	96
2824	79
2825	86
2826	79
2827	72
2828	82
2829	94
2830	89
2831	81
2832	82
2833	59
2834	67
2835	75
2836	73
2837	80
2838	92
2839	84
2840	81
2841	81
2842	77
2843	77
2844	76
2845	78
2846	97
2847	64
2848	104
2849	75
2850	93
2851	75
2852	71
2853	81
2854	87
2855	92
2856	88
2857	76
2858	71
2859	87
2860	87
2861	88
2862	78
2863	95
2864	81
2865	83
2866	91
2867	73
2868	68
2869	83
2870	101
2871	84
2872	67
2873	92
2874	85
2875	82
2876	84
2877	86
2878	78
2879	81
2880	85
2881	81
2882	76
2883	80
2884	90
2885	88
2886	82
2887	101
2888	68
2889	91
2890	101
2891	82
2892	85
2893	84
2894	73
2895	79
2896	75
2897	86
2898	102
2899	81
2900	75
2901	92
2902	73
2903	97
2904	85
2905	89
2906	95
2907	68
2908	89
2909	81
2910	94
2911	73
2912	83
2913	77
2914	71
2915	89
2916	79
2917	84
2918	86
2919	78
2920	72
2921	63
2922	95
2923	69
2924	64
2925	83
2926	75
2927	95
2928	99
2929	71
2930	86
2931	79
2932	78
2933	84
2934	82
2935	90
2936	96
2937	84
2938	87
2939	94
2940	93
2941	80
2942	91
2943	92
2944	99
2945	87
2946	99
2947	70
2948	87
2949	87
2950	90
2951	80
2952	87
2953	83
2954	62
2955	90
2956	77
2957	79
2958	73
2959	73
2960	87
2961	70
2962	91
2963	94
2964	74
2965	107
2966	95
2967	93
2968	87
2969	92
2970	93
2971	92
2972	86
2973	80
2974	88
2975	90
2976	67
2977	79
2978	79
2979	81
2980	94
2981	87
2982	89
2983	78
2984	74
2985	82
2986	80
2987	80
2988	79
2989	84
2990	76
2991	73
2992	74
2993	78
2994	69
2995	95
2996	78
2997	90
2998	72
2999	86
3000	99
3001	91
3002	111
3003	79
3004	74
3005	87
3006	96
3007	77
3008	89
3009	85
3010	95
3011	69
3012	63
3013	83
3014	77
3015	76
3016	98
3017	89
3018	95
3019	82
3020	89
3021	97
3022	77
3023	94
3024	86
3025	81
3026	66
3027	76
3028	90
3029	84
3030	85
3031	78
3032	81
3033	67
3034	80
3035	92
3036	79
3037	79
3038	76
3039	83
3040	83
3041	93
3042	91
3043	77
3044	70
3045	86
3046	91
3047	94
3048	77
3049	85
3050	95
3051	86
3052	70
3053	94
3054	75
3055	75
3056	72
3057	75
3058	89
3059	92
3060	86
3061	78
3062	84
3063	74
3064	82
3065	95
3066	72
3067	81
3068	75
3069	79
3070	65
3071	73
3072	93
3073	83
3074	76
3075	74
3076	63
3077	72
3078	86
3079	87
3080	83
3081	76
3082	77
3083	77
3084	86
3085	86
3086	64
3087	82
3088	69
3089	73
3090	80
3091	73
3092	83
3093	70
3094	77
3095	76
3096	93
3097	85
3098	109
3099	81
3100	78
3101	79
3102	81
3103	87
3104	84
3105	67
3106	88
3107	77
3108	84
3109	98
3110	79
3111	72
3112	86
3113	92
3114	84
3115	81
3116	76
3117	76
3118	91
3119	100
3120	84
3121	90
3122	80
3123	103
3124	87
3125	75
3126	68
3127	86
3128	85
3129	78
3130	95
3131	85
3132	95
3133	76
3134	71
3135	81
3136	95
3137	90
3138	85
3139	87
3140	83
3141	65
3142	79
3143	77
3144	88
3145	77
3146	69
3147	86
3148	62
3149	81
3150	74
3151	73
3152	68
3153	76
3154	96
3155	87
3156	85
3157	95
3158	92
3159	94
3160	82
3161	83
3162	95
3163	72
3164	85
3165	78
3166	69
3167	87
3168	93
3169	74
3170	76
3171	81
3172	77
3173	89
3174	79
3175	94
3176	85
3177	71
3178	83
3179	90
3180	93
3181	83
3182	90
3183	79
3184	68
3185	94
3186	83
3187	83
3188	85
3189	79
3190	77
3191	71
3192	80
3193	79
3194	79
3195	94
3196	78
3197	84
3198	64
3199	91
3200	90
3201	88
3202	101
3203	80
3204	89
3205	84
3206	89
3207	72
3208	73
3209	79
3210	90
3211	80
3212	74
3213	96
3214	74
3215	78
3216	90
3217	86
3218	79
3219	69
3220	82
3221	74
3222	77
3223	77
3224	92
3225	82
3226	90
3227	98
3228	74
3229	77
3230	87
3231	84
3232	76
3233	72
3234	81
3235	74
3236	84
3237	81
3238	86
3239	76
3240	84
3241	76
3242	92
3243	75
3244	89
3245	91
3246	86
3247	79
3248	90
3249	76
3250	96
3251	75
3252	82
3253	81
3254	93
3255	80
3256	91
3257	84
3258	85
3259	84
3260	76
3261	81
3262	78
3263	83
3264	90
3265	75
3266	81
3267	80
3268	81
3269	74
3270	77
3271	72
3272	64
3273	91
3274	78
3275	83
3276	92
3277	86
3278	92
3279	91
3280	88
3281	83
3282	80
3283	77
3284	87
3285	89
3286	83
3287	89
3288	96
3289	80
3290	85
3291	86
3292	71
3293	76
3294	65
3295	74
3296	73
3297	88
3298	83
3299	93
3300	78
3301	86
3302	74
3303	89
3304	67
3305	74
3306	96
3307	91
3308	80
3309	78
3310	84
3311	88
3312	74
3313	73
3314	81
3315	78
3316	74
3317	82
3318	97
3319	80
3320	89
3321	78
3322	77
3323	79
3324	76
3325	90
3326	79
3327	86
3328	69
3329	75
3330	87
3331	100
3332	85
3333	92
3334	85
3335	68
3336	72
3337	82
3338	74
3339	80
3340	67
3341	79
3342	100
3343	91
3344	67
3345	83
3346	82
3347	78
3348	87
3349	78
3350	92
3351	89
3352	69
3353	82
3354	88
3355	84
3356	78
3357	77
3358	73
3359	91
3360	73
3361	70
3362	83
3363	75
3364	72
3365	95
3366	64
3367	82
3368	80
3369	76
3370	75
3371	84
3372	74
3373	80
3374	96
3375	94
3376	87
3377	73
3378	91
3379	89
3380	77
3381	81
3382	78
3383	78
3384	80
3385	75
3386	81
3387	77
3388	76
3389	87
3390	79
3391	72
3392	89
3393	75
3394	78
3395	91
3396	64
3397	64
3398	75
3399	79
3400	78
3401	89
3402	75
3403	81
3404	63
3405	81
3406	86
3407	75
3408	68
3409	80
3410	93
3411	79
3412	65
3413	93
3414	84
3415	69
3416	71
3417	80
3418	79
3419	98
3420	76
3421	77
3422	70
3423	97
3424	83
3425	80
3426	86
3427	82
3428	75
3429	79
3430	84
3431	73
3432	77
3433	84
3434	72
3435	100
3436	84
3437	76
3438	83
3439	87
3440	94
3441	80
3442	79
3443	62
3444	76
3445	70
3446	78
3447	70
3448	90
3449	78
3450	75
3451	86
3452	81
3453	76
3454	82
3455	90
3456	80
3457	99
3458	76
3459	72
3460	88
3461	93
3462	64
3463	76
3464	63
3465	63
3466	69
3467	90
3468	87
3469	76
3470	60
3471	86
3472	85
3473	81
3474	77
3475	70
3476	73
3477	78
3478	73
3479	79
3480	81
3481	75
3482	89
3483	64
3484	74
3485	78
3486	73
3487	74
3488	70
3489	87
3490	74
3491	93
3492	86
3493	88
3494	80
3495	89
3496	92
3497	73
3498	67
3499	95
3500	84
3501	67
3502	69
3503	91
3504	75
3505	77
3506	74
3507	98
3508	66
3509	79
3510	98
3511	93
3512	81
3513	86
3514	102
3515	66
3516	89
3517	92
3518	71
3519	92
3520	66
3521	77
3522	68
3523	92
3524	80
3525	90
3526	72
3527	75
3528	86
3529	74
3530	71
3531	74
3532	77
3533	68
3534	96
3535	81
3536	88
3537	86
3538	79
3539	66
3540	80
3541	101
3542	72
3543	88
3544	74
3545	61
3546	64
3547	73
3548	78
3549	72
3550	85
3551	84
3552	66
3553	70
3554	86
3555	77
3556	72
3557	80
3558	81
3559	85
3560	90
3561	77
3562	61
3563	85
3564	86
3565	98
3566	82
3567	56
3568	97
3569	74
3570	83
3571	90
3572	79
3573	81
3574	78
3575	93
3576	85
3577	62
3578	75
3579	95
3580	74
3581	75
3582	73
3583	75
3584	74
3585	66
3586	67
3587	89
3588	80
3589	57
3590	93
3591	85
3592	76
3593	94
3594	93
3595	59
3596	80
3597	73
3598	82
3599	69
3600	85
3601	72
3602	78
3603	66
3604	77
3605	57
3606	76
3607	63
3608	90
3609	72
3610	88
3611	81
3612	67
3613	83
3614	69
3615	86
3616	79
3617	89
3618	66
3619	87
3620	75
3621	92
3622	78
3623	78
3624	80
3625	86
3626	81
3627	67
3628	73
3629	83
3630	85
3631	77
3632	86
3633	82
3634	86
3635	75
3636	75
3637	78
3638	84
3639	85
3640	80
3641	83
3642	84
3643	80
3644	79
3645	68
3646	82
3647	82
3648	94
3649	68
3650	76
3651	68
3652	87
3653	78
3654	88
3655	100
3656	90
3657	76
3658	72
3659	81
3660	98
3661	84
3662	87
3663	76
3664	73
3665	94
3666	84
3667	82
3668	96
3669	83
3670	85
3671	71
3672	77
3673	78
3674	87
3675	95
3676	91
3677	73
3678	74
3679	78
3680	93
3681	91
3682	76
3683	88
3684	98
3685	81
3686	81
3687	86
3688	71
3689	91
3690	84
3691	68
3692	90
3693	74
3694	68
3695	81
3696	70
3697	86
3698	74
3699	82
3700	75
3701	73
3702	64
3703	77
3704	79
3705	73
3706	81
3707	79
3708	91
3709	78
3710	99
3711	88
3712	67
3713	67
3714	90
3715	81
3716	73
3717	101
3718	91
3719	92
3720	78
3721	84
3722	76
3723	83
3724	68
3725	90
3726	71
3727	87
3728	85
3729	65
3730	86
3731	98
3732	74
3733	84
3734	76
3735	109
3736	69
3737	74
3738	97
3739	96
3740	70
3741	63
3742	74
3743	77
3744	95
3745	83
3746	59
3747	79
3748	75
3749	77
3750	79
3751	78
3752	62
3753	83
3754	106
3755	75
3756	84
3757	74
3758	96
3759	74
3760	80
3761	86
3762	70
3763	80
3764	78
3765	98
3766	81
3767	74
3768	73
3769	76
3770	74
3771	87
3772	88
3773	58
3774	71
3775	85
3776	72
3777	75
3778	89
3779	66
3780	81
3781	77
3782	67
3783	89
3784	81
3785	71
3786	85
3787	76
3788	69
3789	86
3790	71
3791	86
3792	73
3793	79
3794	85
3795	87
3796	82
3797	64
3798	86
3799	89
3800	79
3801	80
3802	89
3803	75
3804	78
3805	73
3806	84
3807	62
3808	55
3809	73
3810	84
3811	81
3812	90
3813	63
3814	86
3815	78
3816	85
3817	72
3818	84
3819	85
3820	74
3821	75
3822	79
3823	90
3824	87
3825	83
3826	92
3827	95
3828	82
3829	100
3830	70
3831	79
3832	76
3833	71
3834	80
3835	96
3836	77
3837	76
3838	80
3839	79
3840	84
3841	91
3842	81
3843	90
3844	75
3845	79
3846	98
3847	80
3848	98
3849	80
3850	92
3851	80
3852	87
3853	81
3854	73
3855	65
3856	73
3857	82
3858	75
3859	84
3860	68
3861	76
3862	69
3863	88
3864	83
3865	96
3866	69
3867	96
3868	83
3869	85
3870	75
3871	97
3872	78
3873	70
3874	68
3875	78
3876	89
3877	86
3878	75
3879	80
3880	65
3881	71
3882	83
3883	64
3884	96
3885	81
3886	87
3887	98
3888	93
3889	76
3890	96
3891	84
3892	75
3893	72
3894	76
3895	86
3896	94
3897	95
3898	84
3899	61
3900	85
3901	88
3902	77
3903	86
3904	91
3905	96
3906	77
3907	79
3908	74
3909	67
3910	73
3911	84
3912	77
3913	73
3914	79
3915	56
3916	71
3917	82
3918	84
3919	89
3920	80
3921	86
3922	76
3923	74
3924	82
3925	78
3926	84
3927	63
3928	84
3929	93
3930	67
3931	94
3932	93
3933	90
3934	66
3935	75
3936	74
3937	94
3938	74
3939	73
3940	66
3941	85
3942	73
3943	71
3944	90
3945	97
3946	85
3947	95
3948	92
3949	84
3950	81
3951	72
3952	76
3953	75
3954	71
3955	89
3956	69
3957	85
3958	67
3959	90
3960	93
3961	75
3962	89
3963	75
3964	87
3965	92
3966	76
3967	74
3968	80
3969	83
3970	88
3971	72
3972	80
3973	66
3974	82
3975	85
3976	87
3977	76
3978	103
3979	95
3980	82
3981	78
3982	68
3983	76
3984	98
3985	79
3986	82
3987	72
3988	82
3989	81
3990	88
3991	80
3992	87
3993	76
3994	84
3995	80
3996	85
3997	87
3998	82
3999	71
4000	78
4001	71
4002	103
4003	84
4004	67
4005	84
4006	78
4007	80
4008	82
4009	72
4010	80
4011	77
4012	89
4013	86
4014	104
4015	95
4016	82
4017	83
4018	73
4019	71
4020	72
4021	73
4022	82
4023	85
4024	82
4025	93
4026	90
4027	89
4028	84
4029	91
4030	88
4031	72
4032	85
4033	89
4034	103
4035	79
4036	91
4037	85
4038	86
4039	98
4040	68
4041	79
4042	88
4043	91
4044	97
4045	91
4046	79
4047	67
4048	70
4049	85
4050	71
4051	67
4052	75
4053	80
4054	73
4055	87
4056	79
4057	73
4058	80
4059	77
4060	89
4061	84
4062	89
4063	90
4064	69
4065	85
4066	102
4067	81
4068	91
4069	74
4070	83
4071	77
4072	76
4073	84
4074	94
4075	76
4076	86
4077	69
4078	75
4079	104
4080	92
4081	79
4082	89
4083	79
4084	63
4085	79
4086	89
4087	91
4088	98
4089	82
4090	91
4091	67
4092	81
4093	84
4094	78
4095	68
4096	86
4097	91
4098	95
4099	86
4100	73
4101	67
4102	83
4103	97
4104	77
4105	96
4106	90
4107	71
4108	80
4109	78
4110	75
4111	83
4112	84
4113	107
4114	78
4115	85
4116	97
4117	73
4118	73
4119	73
4120	90
4121	83
4122	92
4123	82
4124	95
4125	98
4126	80
4127	79
4128	87
4129	67
4130	81
4131	78
4132	91
4133	81
4134	77
4135	69
4136	92
4137	86
4138	86
4139	75
4140	93
4141	98
4142	57
4143	81
4144	73
4145	94
4146	73
4147	86
4148	85
4149	104
4150	94
4151	67
4152	82
4153	84
4154	86
4155	90
4156	87
4157	87
4158	81
4159	85
4160	87
4161	84
4162	89
4163	60
4164	95
4165	90
4166	83
4167	72
4168	93
4169	82
4170	80
4171	88
4172	75
4173	86
4174	81
4175	76
4176	79
4177	69
4178	82
4179	82
4180	83
4181	69
4182	96
4183	82
4184	82
4185	80
4186	99
4187	93
4188	99
4189	79
4190	75
4191	83
4192	78
4193	83
4194	71
4195	84
4196	82
4197	70
4198	87
4199	63
4200	79
4201	82
4202	69
4203	89
4204	69
4205	95
4206	78
4207	76
4208	81
4209	65
4210	75
4211	83
4212	84
4213	82
4214	101
4215	76
4216	98
4217	52
4218	79
4219	87
4220	96
4221	82
4222	76
4223	97
4224	85
4225	88
4226	87
4227	86
4228	83
4229	77
4230	79
4231	97
4232	101
4233	79
4234	80
4235	75
4236	88
4237	85
4238	79
4239	75
4240	86
4241	95
4242	84
4243	82
4244	75
4245	73
4246	85
4247	83
4248	78
4249	84
4250	95
4251	79
4252	79
4253	76
4254	86
4255	88
4256	85
4257	86
4258	85
4259	77
4260	86
4261	84
4262	70
4263	85
4264	72
4265	76
4266	83
4267	85
4268	68
4269	88
4270	93
4271	98
4272	85
4273	80
4274	89
4275	85
4276	86
4277	88
4278	62
4279	74
4280	75
4281	76
4282	95
4283	89
4284	90
4285	91
4286	96
4287	85
4288	87
4289	88
4290	75
4291	73
4292	72
4293	73
4294	81
4295	83
4296	69
4297	80
4298	72
4299	100
4300	87
4301	92
4302	106
4303	85
4304	83
4305	90
4306	97
4307	67
4308	80
4309	71
4310	88
4311	75
4312	90
4313	87
4314	93
4315	97
4316	92
4317	91
4318	85
4319	98
4320	82
4321	98
4322	66
4323	81
4324	89
4325	82
4326	85
4327	93
4328	86
4329	77
4330	82
4331	86
4332	87
4333	86
4334	96
4335	88
4336	85
4337	93
4338	76
4339	92
4340	87
4341	84
4342	79
4343	83
4344	88
4345	98
4346	84
4347	98
4348	90
4349	89
4350	77
4351	80
4352	75
4353	77
4354	89
4355	83
4356	105
4357	99
4358	77
4359	97
4360	97
4361	74
4362	79
4363	79
4364	92
4365	70
4366	93
4367	76
4368	99
4369	84
4370	73
4371	71
4372	80
4373	80
4374	82
4375	93
4376	90
4377	84
4378	86
4379	81
4380	101
4381	74
4382	89
4383	74
4384	88
4385	76
4386	80
4387	77
4388	86
4389	81
4390	102
4391	100
4392	76
4393	59
4394	89
4395	84
4396	72
4397	89
4398	89
4399	84
4400	80
4401	99
4402	91
4403	89
4404	83
4405	76
4406	100
4407	90
4408	102
4409	78
4410	79
4411	94
4412	102
4413	85
4414	92
4415	91
4416	75
4417	95
4418	87
4419	88
4420	91
4421	80
4422	91
4423	74
4424	102
4425	95
4426	97
4427	95
4428	61
4429	79
4430	89
4431	79
4432	77
4433	91
4434	86
4435	79
4436	79
4437	81
4438	80
4439	85
4440	70
4441	91
4442	95
4443	83
4444	84
4445	86
4446	83
4447	104
4448	77
4449	87
4450	72
4451	76
4452	90
4453	89
4454	72
4455	71
4456	81
4457	94
4458	85
4459	74
4460	93
4461	79
4462	102
4463	87
4464	73
4465	89
4466	103
4467	82
4468	90
4469	81
4470	91
4471	87
4472	99
4473	85
4474	79
4475	89
4476	83
4477	83
4478	87
4479	92
4480	81
4481	90
4482	92
4483	83
4484	84
4485	95
4486	79
4487	81
4488	90
4489	105
4490	95
4491	91
4492	80
4493	95
4494	76
4495	90
4496	96
4497	83
4498	98
4499	82
4500	98
4501	80
4502	100
4503	94
4504	90
4505	86
4506	85
4507	86
4508	72
4509	86
4510	70
4511	80
4512	89
4513	96
4514	86
4515	76
4516	69
4517	63
4518	78
4519	96
4520	82
4521	83
4522	75
4523	92
4524	70
4525	88
4526	103
4527	85
4528	84
4529	83
4530	83
4531	89
4532	88
4533	85
4534	86
4535	79
4536	83
4537	97
4538	89
4539	83
4540	90
4541	80
4542	88
4543	86
4544	78
4545	74
4546	83
4547	81
4548	75
4549	82
4550	87
4551	101
4552	74
4553	77
4554	84
4555	98
4556	85
4557	84
4558	81
4559	85
4560	77
4561	82
4562	83
4563	70
4564	91
4565	91
4566	103
4567	89
4568	87
4569	96
4570	79
4571	86
4572	95
4573	80
4574	84
4575	87
4576	83
4577	78
4578	79
4579	98
4580	89
4581	86
4582	96
4583	77
4584	79
4585	81
4586	68
4587	84
4588	86
4589	93
4590	91
4591	88
4592	99
4593	78
4594	64
4595	91
4596	89
4597	89
4598	78
4599	98
4600	95
4601	84
4602	91
4603	72
4604	86
4605	68
4606	87
4607	81
4608	84
4609	87
4610	83
4611	82
4612	87
4613	92
4614	82
4615	97
4616	89
4617	80
4618	84
4619	81
4620	93
4621	84
4622	66
4623	89
4624	77
4625	91
4626	81
4627	79
4628	77
4629	93
4630	101
4631	99
4632	82
4633	88
4634	92
4635	78
4636	73
4637	75
4638	98
4639	97
4640	85
4641	91
4642	76
4643	73
4644	92
4645	87
4646	86
4647	93
4648	81
4649	70
4650	90
4651	94
4652	82
4653	98
4654	79
4655	84
4656	93
4657	95
4658	81
4659	86
4660	59
4661	66
4662	95
4663	71
4664	81
4665	93
4666	91
4667	97
4668	84
4669	85
4670	91
4671	87
4672	83
4673	82
4674	101
4675	77
4676	79
4677	89
4678	81
4679	82
4680	92
4681	88
4682	111
4683	81
4684	80
4685	83
4686	88
4687	80
4688	109
4689	82
4690	93
4691	76
4692	76
4693	80
4694	76
4695	81
4696	94
4697	76
4698	86
4699	68
4700	98
4701	83
4702	83
4703	87
4704	68
4705	82
4706	85
4707	81
4708	74
4709	70
4710	77
4711	78
4712	84
4713	91
4714	81
4715	69
4716	91
4717	61
4718	89
4719	56
4720	91
4721	70
4722	90
4723	69
4724	85
4725	75
4726	83
4727	74
4728	72
4729	80
4730	73
4731	72
4732	104
4733	84
4734	99
4735	84
4736	79
4737	88
4738	82
4739	68
4740	70
4741	80
4742	74
4743	80
4744	74
4745	81
4746	81
4747	79
4748	81
4749	79
4750	84
4751	71
4752	91
4753	72
4754	70
4755	86
4756	74
4757	75
4758	70
4759	72
4760	74
4761	81
4762	86
4763	70
4764	66
4765	77
4766	58
4767	93
4768	73
4769	68
4770	78
4771	81
4772	83
4773	74
4774	78
4775	67
4776	77
4777	78
4778	78
4779	89
4780	62
4781	64
4782	76
4783	69
4784	90
4785	71
4786	66
4787	60
4788	58
4789	62
4790	66
4791	71
4792	61
4793	72
4794	83
4795	83
4796	77
4797	72
4798	77
4799	71
4800	81
4801	61
4802	76
4803	64
4804	79
4805	87
4806	68
4807	74
4808	68
4809	73
4810	83
4811	65
4812	65
4813	70
4814	74
4815	66
4816	67
4817	77
4818	59
4819	53
4820	59
4821	74
4822	68
4823	75
4824	70
4825	59
4826	65
4827	64
4828	65
4829	71
4830	67
4831	66
4832	55
4833	88
4834	73
4835	80
4836	73
4837	55
4838	71
4839	66
4840	79
4841	62
4842	64
4843	62
4844	64
4845	77
4846	79
4847	64
4848	63
4849	80
4850	85
4851	66
4852	60
4853	58
4854	69
4855	62
4856	74
4857	69
4858	64
4859	74
4860	82
4861	57
4862	63
4863	50
4864	70
4865	62
4866	62
4867	50
4868	53
4869	55
4870	63
4871	62
4872	70
4873	60
4874	59
4875	53
4876	61
4877	69
4878	72
4879	61
4880	66
4881	58
4882	60
4883	64
4884	51
4885	50
4886	48
4887	56
4888	69
4889	60
4890	51
4891	48
4892	75
4893	59
4894	50
4895	61
4896	75
4897	55
4898	70
4899	57
4900	63
4901	61
4902	44
4903	45
4904	58
4905	57
4906	61
4907	47
4908	50
4909	82
4910	62
4911	58
4912	57
4913	62
4914	55
4915	49
4916	63
4917	44
4918	54
4919	67
4920	58
4921	46
4922	51
4923	61
4924	51
4925	56
4926	64
4927	63
4928	61
4929	54
4930	52
4931	54
4932	52
4933	65
4934	59
4935	49
4936	52
4937	51
4938	59
4939	53
4940	46
4941	53
4942	53
4943	57
4944	53
4945	49
4946	56
4947	61
4948	53
4949	51
4950	56
4951	43
4952	49
4953	53
4954	57
4955	60
4956	49
4957	43
4958	58
4959	55
4960	43
4961	52
4962	53
4963	35
4964	37
4965	48
4966	52
4967	45
4968	49
4969	51
4970	49
4971	52
4972	40
4973	55
4974	44
4975	41
4976	62
4977	50
4978	43
4979	35
4980	57
4981	48
4982	45
4983	49
4984	39
4985	48
4986	50
4987	48
4988	41
4989	45
4990	53
4991	50
4992	47
4993	46
4994	59
4995	32
4996	51
4997	41
4998	57
4999	41
5000	37
5001	50
5002	50
5003	52
5004	34
5005	39
5006	50
5007	50
5008	53
5009	40
5010	55
5011	42
5012	51
5013	38
5014	40
5015	64
5016	46
5017	42
5018	46
5019	37
5020	47
5021	40
5022	40
5023	45
5024	41
5025	41
5026	40
5027	42
5028	41
5029	41
5030	48
5031	37
5032	45
5033	39
5034	51
5035	51
5036	34
5037	44
5038	40
5039	38
5040	34
5041	39
5042	47
5043	44
5044	43
5045	50
5046	37
5047	52
5048	34
5049	42
5050	38
5051	41
5052	35
5053	39
5054	43
5055	39
5056	34
5057	43
5058	53
5059	34
5060	42
5061	28
5062	41
5063	39
5064	46
5065	45
5066	40
5067	44
5068	30
5069	31
5070	38
5071	39
5072	33
5073	41
5074	36
5075	40
5076	31
5077	46
5078	33
5079	45
5080	38
5081	35
5082	29
5083	43
5084	36
5085	40
5086	38
5087	37
5088	40
5089	29
5090	37
5091	48
5092	32
5093	38
5094	38
5095	41
5096	42
5097	36
5098	27
5099	36
5100	39
5101	29
5102	29
5103	43
5104	24
5105	32
5106	31
5107	31
5108	39
5109	28
5110	40
5111	35
5112	35
5113	29
5114	37
5115	37
5116	36
5117	38
5118	30
5119	41
5120	25
5121	27
5122	33
5123	41
5124	34
5125	44
5126	44
5127	29
5128	33
5129	28
5130	26
5131	27
5132	34
5133	33
5134	42
5135	33
5136	48
5137	40
5138	35
5139	32
5140	37
5141	28
5142	29
5143	33
5144	36
5145	37
5146	44
5147	28
5148	39
5149	33
5150	34
5151	25
5152	34
5153	39
5154	31
5155	35
5156	40
5157	31
5158	37
5159	28
5160	28
5161	43
5162	35
5163	36
5164	24
5165	41
5166	34
5167	31
5168	30
5169	29
5170	28
5171	36
5172	33
5173	39
5174	32
5175	29
5176	32
5177	36
5178	39
5179	30
5180	27
5181	37
5182	42
5183	29
5184	28
5185	31
5186	32
5187	37
5188	31
5189	24
5190	33
5191	47
5192	26
5193	28
5194	26
5195	26
5196	28
5197	31
5198	34
5199	29
5200	23
5201	25
5202	29
5203	25
5204	31
5205	39
5206	26
5207	30
5208	27
5209	27
5210	31
5211	35
5212	27
5213	31
5214	27
5215	34
5216	27
5217	32
5218	31
5219	41
5220	30
5221	31
5222	39
5223	34
5224	28
5225	29
5226	26
5227	23
5228	30
5229	22
5230	48
5231	22
5232	29
5233	36
5234	29
5235	22
5236	22
5237	23
5238	24
5239	32
5240	28
5241	35
5242	29
5243	31
5244	25
5245	22
5246	31
5247	33
5248	32
5249	31
5250	22
5251	19
5252	22
5253	35
5254	20
5255	30
5256	20
5257	34
5258	29
5259	28
5260	21
5261	39
5262	25
5263	29
5264	28
5265	41
5266	25
5267	31
5268	20
5269	32
5270	23
5271	24
5272	19
5273	37
5274	23
5275	30
5276	23
5277	21
5278	32
5279	25
5280	29
5281	23
5282	21
5283	24
5284	25
5285	27
5286	29
5287	37
5288	34
5289	20
5290	24
5291	27
5292	33
5293	28
5294	24
5295	33
5296	26
5297	23
5298	33
5299	30
5300	26
5301	25
5302	24
5303	30
5304	24
5305	31
5306	36
5307	16
5308	21
5309	26
5310	27
5311	22
5312	29
5313	36
5314	29
5315	28
5316	28
5317	19
5318	24
5319	27
5320	28
5321	28
5322	39
5323	23
5324	23
5325	31
5326	28
5327	30
5328	31
5329	21
5330	30
5331	15
5332	37
5333	22
5334	18
5335	21
5336	22
5337	18
5338	25
5339	31
5340	36
5341	18
5342	34
5343	24
5344	28
5345	27
5346	29
5347	26
5348	32
5349	28
5350	28
5351	15
5352	10
5353	23
5354	22
5355	24
5356	25
5357	21
5358	30
5359	23
5360	30
5361	30
5362	19
5363	26
5364	17
5365	32
5366	18
5367	36
5368	35
5369	30
5370	30
5371	22
5372	21
5373	21
5374	31
5375	30
5376	32
5377	25
5378	23
5379	22
5380	32
5381	17
5382	29
5383	17
5384	17
5385	28
5386	29
5387	28
5388	21
5389	18
5390	25
5391	23
5392	30
5393	27
5394	32
5395	23
5396	28
5397	32
5398	26
5399	29
5400	18
5401	31
5402	32
5403	22
5404	21
5405	24
5406	14
5407	29
5408	20
5409	13
5410	27
5411	30
5412	27
5413	24
5414	23
5415	23
5416	21
5417	28
5418	23
5419	21
5420	23
5421	24
5422	18
5423	24
5424	19
5425	33
5426	16
5427	33
5428	22
5429	21
5430	19
5431	23
5432	26
5433	28
5434	19
5435	18
5436	21
5437	22
5438	30
5439	19
5440	26
5441	21
5442	25
5443	24
5444	25
5445	21
5446	21
5447	22
5448	20
5449	28
5450	25
5451	18
5452	23
5453	24
5454	22
5455	22
5456	26
5457	18
5458	29
5459	34
5460	21
5461	25
5462	22
5463	23
5464	18
5465	19
5466	23
5467	19
5468	17
5469	20
5470	20
5471	24
5472	28
5473	18
5474	22
5475	25
5476	22
5477	18
5478	18
5479	16
5480	33
5481	20
5482	17
5483	29
5484	25
5485	16
5486	23
5487	29
5488	30
5489	16
5490	19
5491	17
5492	19
5493	32
5494	27
5495	18
5496	25
5497	17
5498	17
5499	13
5500	15
5501	19
5502	23
5503	26
5504	23
5505	25
5506	21
5507	20
5508	17
5509	28
5510	17
5511	24
5512	19
5513	22
5514	22
5515	28
5516	25
5517	23
5518	22
5519	19
5520	20
5521	23
5522	30
5523	20
5524	21
5525	17
5526	28
5527	16
5528	13
5529	15
5530	24
5531	36
5532	12
5533	21
5534	29
5535	24
5536	27
5537	18
5538	29
5539	25
5540	31
5541	27
5542	21
5543	18
5544	17
5545	27
5546	28
5547	21
5548	30
5549	30
5550	18
5551	19
5552	20
5553	18
5554	20
5555	15
5556	24
5557	19
5558	21
5559	31
5560	22
5561	25
5562	25
5563	19
5564	19
5565	30
5566	19
5567	13
5568	20
5569	19
5570	13
5571	21
5572	30
5573	18
5574	23
5575	23
5576	23
5577	18
5578	15
5579	25
5580	14
5581	23
5582	17
5583	23
5584	19
5585	17
5586	10
5587	22
5588	27
5589	19
5590	24
5591	20
5592	19
5593	19
5594	23
5595	20
5596	20
5597	25
5598	14
5599	19
5600	24
5601	15
5602	24
5603	24
5604	20
5605	25
5606	22
5607	13
5608	13
5609	22
5610	22
5611	19
5612	19
5613	18
5614	14
5615	26
5616	26
5617	18
5618	19
5619	22
5620	10
5621	26
5622	18
5623	15
5624	23
5625	21
5626	20
5627	22
5628	12
5629	20
5630	18
5631	12
5632	24
5633	27
5634	19
5635	23
5636	16
5637	12
5638	13
5639	20
5640	23
5641	24
5642	16
5643	20
5644	19
5645	21
5646	22
5647	26
5648	23
5649	12
5650	26
5651	22
5652	12
5653	19
5654	24
5655	21
5656	12
5657	26
5658	13
5659	19
5660	23
5661	28
5662	18
5663	24
5664	22
5665	17
5666	23
5667	7
5668	14
5669	13
5670	18
5671	28
5672	18
5673	28
5674	27
5675	13
5676	23
5677	15
5678	24
5679	31
5680	19
5681	21
5682	12
5683	26
5684	14
5685	18
5686	28
5687	27
5688	21
5689	21
5690	19
5691	19
5692	13
5693	23
5694	17
5695	17
5696	24
5697	26
5698	22
5699	18
5700	25
5701	17
5702	20
5703	16
5704	29
5705	16
5706	21
5707	17
5708	26
5709	25
5710	14
5711	21
5712	23
5713	15
5714	11
5715	19
5716	11
5717	17
5718	18
5719	16
5720	17
5721	16
5722	19
5723	23
5724	20
5725	18
5726	21
5727	21
5728	16
5729	15
5730	17
5731	13
5732	16
5733	23
5734	21
5735	21
5736	16
5737	11
5738	16
5739	25
5740	23
5741	17
5742	18
5743	27
5744	25
5745	22
5746	21
5747	16
5748	16
5749	19
5750	13
5751	17
5752	19
5753	15
5754	14
5755	27
5756	16
5757	20
5758	19
5759	14
5760	20
5761	20
5762	17
5763	14
5764	15
5765	23
5766	18
5767	25
5768	31
5769	17
5770	15
5771	15
5772	16
5773	18
5774	18
5775	16
5776	18
5777	14
5778	28
5779	13
5780	9
5781	17
5782	13
5783	18
5784	24
5785	23
5786	19
5787	11
5788	28
5789	20
5790	21
5791	23
5792	18
5793	25
5794	15
5795	25
5796	14
5797	18
5798	18
5799	18
5800	18
5801	15
5802	18
5803	10
5804	19
5805	20
5806	20
5807	20
5808	16
5809	17
5810	21
5811	15
5812	24
5813	19
5814	17
5815	21
5816	18
5817	21
5818	18
5819	16
5820	27
5821	18
5822	22
5823	13
5824	20
5825	20
5826	18
5827	21
5828	21
5829	28
5830	20
5831	17
5832	15
5833	18
5834	16
5835	19
5836	9
5837	24
5838	30
5839	23
5840	7
5841	18
5842	14
5843	21
5844	20
5845	21
5846	21
5847	18
5848	15
5849	19
5850	11
5851	18
5852	17
5853	19
5854	11
5855	11
5856	26
5857	18
5858	21
5859	14
5860	21
5861	11
5862	23
5863	14
5864	15
5865	19
5866	15
5867	14
5868	20
5869	25
5870	20
5871	13
5872	21
5873	19
5874	23
5875	23
5876	24
5877	15
5878	21
5879	20
5880	25
5881	23
5882	18
5883	15
5884	18
5885	17
5886	16
5887	18
5888	25
5889	23
5890	15
5891	13
5892	16
5893	23
5894	18
5895	13
5896	17
5897	21
5898	25
5899	12
5900	10
5901	23
5902	13
5903	13
5904	22
5905	15
5906	20
5907	23
5908	21
5909	15
5910	19
5911	17
5912	25
5913	19
5914	25
5915	20
5916	19
5917	29
5918	19
5919	14
5920	11
5921	16
5922	16
5923	14
5924	23
5925	18
5926	23
5927	17
5928	18
5929	15
5930	14
5931	23
5932	19
5933	21
5934	15
5935	16
5936	15
5937	15
5938	23
5939	22
5940	16
5941	12
5942	24
5943	10
5944	21
5945	22
5946	26
5947	22
5948	13
5949	19
5950	14
5951	20
5952	26
5953	22
5954	21
5955	11
5956	11
5957	18
5958	16
5959	20
5960	17
5961	17
5962	19
5963	23
5964	22
5965	23
5966	28
5967	19
5968	12
5969	17
5970	10
5971	18
5972	17
5973	15
5974	20
5975	18
5976	17
5977	17
5978	18
5979	19
5980	23
5981	21
5982	14
5983	22
5984	13
5985	13
5986	12
5987	21
5988	20
5989	27
5990	21
5991	13
5992	24
5993	19
5994	20
5995	13
5996	13
5997	26
5998	22
5999	20
6000	26
6001	15
6002	17
6003	17
6004	20
6005	25
6006	26
6007	23
6008	20
6009	17
6010	16
6011	9
6012	14
6013	13
6014	11
6015	29
6016	26
6017	20
6018	17
6019	17
6020	16
6021	26
6022	25
6023	13
6024	17
6025	17
6026	23
6027	20
6028	20
6029	15
6030	16
6031	16
6032	21
6033	20
6034	20
6035	18
6036	14
6037	16
6038	23
6039	23
6040	20
6041	14
6042	20
6043	13
6044	20
6045	20
6046	24
6047	6
6048	21
6049	19
6050	20
6051	22
6052	18
6053	26
6054	15
6055	22
6056	19
6057	23
6058	19
6059	20
6060	18
6061	18
6062	20
6063	21
6064	15
6065	18
6066	25
6067	19
6068	22
6069	22
6070	20
6071	12
6072	20
6073	27
6074	15
6075	21
6076	13
6077	22
6078	16
6079	16
6080	18
6081	19
6082	21
6083	22
6084	22
6085	21
6086	8
6087	16
6088	20
6089	13
6090	17
6091	17
6092	15
6093	17
6094	16
6095	18
6096	23
6097	19
6098	21
6099	16
6100	16
6101	18
6102	20
6103	22
6104	18
6105	17
6106	20
6107	23
6108	18
6109	17
6110	20
6111	17
6112	15
6113	16
6114	22
6115	21
6116	20
6117	16
6118	20
6119	24
6120	24
6121	20
6122	27
6123	25
6124	19
6125	16
6126	28
6127	22
6128	13
6129	21
6130	18
6131	18
6132	20
6133	17
6134	20
6135	16
6136	16
6137	17
6138	12
6139	21
6140	15
6141	20
6142	19
6143	22
6144	23
6145	30
6146	24
6147	20
6148	24
6149	27
6150	26
6151	20
6152	15
6153	16
6154	19
6155	20
6156	16
6157	19
6158	21
6159	23
6160	17
6161	20
6162	25
6163	20
6164	19
6165	23
6166	19
6167	28
6168	18
6169	28
6170	22
6171	14
6172	25
6173	32
6174	24
6175	18
6176	13
6177	28
6178	20
6179	22
6180	24
6181	21
6182	27
6183	23
6184	14
6185	27
6186	20
6187	25
6188	24
6189	16
6190	25
6191	21
6192	30
6193	29
6194	19
6195	23
6196	29
6197	17
6198	27
6199	12
6200	18
6201	25
6202	22
6203	31
6204	21
6205	28
6206	24
6207	23
6208	34
6209	25
6210	23
6211	32
6212	27
6213	23
6214	18
6215	26
6216	18
6217	19
6218	24
6219	19
6220	30
6221	21
6222	13
6223	32
6224	29
6225	18
6226	25
6227	27
6228	16
6229	35
6230	26
6231	29
6232	22
6233	29
6234	36
6235	26
6236	23
6237	20
6238	18
6239	29
6240	25
6241	33
6242	32
6243	18
6244	26
6245	22
6246	39
6247	33
6248	26
6249	34
6250	23
6251	34
6252	33
6253	30
6254	31
6255	28
6256	32
6257	41
6258	32
6259	22
6260	30
6261	33
6262	31
6263	37
6264	30
6265	37
6266	34
6267	30
6268	26
6269	30
6270	24
6271	41
6272	30
6273	35
6274	28
6275	43
6276	32
6277	28
6278	21
6279	37
6280	30
6281	26
6282	28
6283	35
6284	35
6285	44
6286	28
6287	29
6288	28
6289	32
6290	31
6291	48
6292	35
6293	35
6294	29
6295	36
6296	35
6297	32
6298	39
6299	32
6300	30
6301	34
6302	38
6303	30
6304	36
6305	47
6306	47
6307	46
6308	47
6309	36
6310	44
6311	42
6312	41
6313	53
6314	27
6315	36
6316	42
6317	32
6318	40
6319	49
6320	46
6321	39
6322	50
6323	33
6324	39
6325	48
6326	42
6327	48
6328	44
6329	43
6330	45
6331	46
6332	48
6333	36
6334	52
6335	34
6336	55
6337	50
6338	49
6339	55
6340	49
6341	50
6342	44
6343	43
6344	57
6345	47
6346	58
6347	52
6348	45
6349	56
6350	58
6351	50
6352	70
6353	58
6354	48
6355	51
6356	45
6357	58
6358	56
6359	49
6360	51
6361	59
6362	59
6363	56
6364	69
6365	54
6366	61
6367	61
6368	68
6369	67
6370	54
6371	59
6372	57
6373	69
6374	68
6375	58
6376	49
6377	84
6378	81
6379	76
6380	83
6381	73
6382	79
6383	80
6384	67
6385	57
6386	77
6387	88
6388	84
6389	71
6390	77
6391	67
6392	66
6393	85
6394	78
6395	77
6396	84
6397	71
6398	68
6399	91
6400	68
6401	86
6402	76
6403	80
6404	90
6405	92
6406	76
6407	87
6408	93
6409	99
6410	89
6411	75
6412	55
6413	88
6414	92
6415	84
6416	87
6417	90
6418	105
6419	81
6420	101
6421	104
6422	92
6423	81
6424	116
6425	97
6426	92
6427	114
6428	84
6429	102
6430	97
6431	104
6432	112
6433	116
6434	105
6435	98
6436	104
6437	119
6438	97
6439	117
6440	110
6441	99
6442	96
6443	112
6444	119
6445	116
6446	112
6447	109
6448	123
6449	122
6450	126
6451	128
6452	102
6453	115
6454	140
6455	129
6456	127
6457	122
6458	115
6459	138
6460	120
6461	129
6462	128
6463	136
6464	112
6465	151
6466	154
6467	126
6468	139
6469	125
6470	139
6471	142
6472	153
6473	138
6474	138
6475	160
6476	152
6477	151
6478	140
6479	153
6480	156
6481	153
6482	166
6483	153
6484	156
6485	173
6486	152
6487	168
6488	171
6489	193
6490	160
6491	188
6492	163
6493	171
6494	172
6495	159
6496	170
6497	171
6498	173
6499	164
6500	190
6501	168
6502	170
6503	200
6504	179
6505	195
6506	184
6507	178
6508	196
6509	188
6510	208
6511	176
6512	181
6513	196
6514	213
6515	221
6516	196
6517	190
6518	200
6519	195
6520	213
6521	199
6522	200
6523	208
6524	187
6525	240
6526	199
6527	192
6528	246
6529	224
6530	193
6531	232
6532	233
6533	203
6534	225
6535	238
6536	251
6537	247
6538	197
6539	223
6540	229
6541	256
6542	271
6543	243
6544	249
6545	251
6546	220
6547	260
6548	243
6549	252
6550	238
6551	240
6552	246
6553	277
6554	249
6555	277
6556	231
6557	272
6558	284
6559	266
6560	268
6561	279
6562	294
6563	275
6564	265
6565	290
6566	281
6567	306
6568	269
6569	269
6570	274
6571	270
6572	329
6573	316
6574	294
6575	305
6576	276
6577	295
6578	332
6579	307
6580	336
6581	328
6582	319
6583	329
6584	340
6585	334
6586	333
6587	325
6588	283
6589	323
6590	335
6591	338
6592	327
6593	344
6594	330
6595	287
6596	339
6597	332
6598	379
6599	350
6600	354
6601	352
6602	318
6603	360
6604	367
6605	382
6606	366
6607	372
6608	384
6609	343
6610	352
6611	371
6612	367
6613	373
6614	378
6615	367
6616	336
6617	357
6618	331
6619	422
6620	362
6621	413
6622	421
6623	410
6624	402
6625	376
6626	353
6627	406
6628	385
6629	400
6630	441
6631	402
6632	404
6633	444
6634	393
6635	407
6636	432
6637	400
6638	465
6639	426
6640	438
6641	435
6642	431
6643	412
6644	425
6645	409
6646	492
6647	460
6648	463
6649	428
6650	453
6651	515
6652	547
6653	486
6654	494
6655	519
6656	481
6657	475
6658	530
6659	472
6660	469
6661	511
6662	487
6663	501
6664	469
6665	502
6666	530
6667	508
6668	505
6669	503
6670	551
6671	521
6672	512
6673	486
6674	543
6675	535
6676	541
6677	539
6678	525
6679	538
6680	545
6681	545
6682	539
6683	582
6684	491
6685	570
6686	561
6687	587
6688	552
6689	576
6690	583
6691	578
6692	561
6693	525
6694	592
6695	610
6696	602
6697	563
6698	553
6699	601
6700	570
6701	602
6702	549
6703	620
6704	574
6705	583
6706	596
6707	646
6708	590
6709	544
6710	614
6711	611
6712	616
6713	595
6714	635
6715	631
6716	618
6717	643
6718	599
6719	617
6720	631
6721	643
6722	676
6723	660
6724	640
6725	612
6726	618
6727	609
6728	663
6729	638
6730	648
6731	605
6732	640
6733	695
6734	697
6735	697
6736	684
6737	668
6738	593
6739	634
6740	711
6741	646
6742	735
6743	654
6744	665
6745	697
6746	675
6747	695
6748	658
6749	717
6750	719
6751	676
6752	721
6753	747
6754	681
6755	662
6756	725
6757	670
6758	730
6759	708
6760	694
6761	680
6762	700
6763	720
6764	692
6765	696
6766	770
6767	688
6768	717
6769	686
6770	746
6771	783
6772	740
6773	734
6774	728
6775	743
6776	763
6777	745
6778	748
6779	773
6780	697
6781	805
6782	783
6783	724
6784	750
6785	762
6786	717
6787	770
6788	795
6789	763
6790	766
6791	775
6792	749
6793	768
6794	836
6795	755
6796	729
6797	788
6798	795
6799	747
6800	740
6801	781
6802	807
6803	798
6804	786
6805	797
6806	779
6807	732
6808	802
6809	780
6810	754
6811	810
6812	838
6813	817
6814	739
6815	816
6816	818
6817	751
6818	801
6819	788
6820	773
6821	867
6822	785
6823	832
6824	843
6825	820
6826	822
6827	807
6828	814
6829	808
6830	760
6831	823
6832	844
6833	835
6834	851
6835	816
6836	799
6837	810
6838	875
6839	830
6840	823
6841	841
6842	808
6843	843
6844	821
6845	797
6846	887
6847	862
6848	803
6849	817
6850	823
6851	843
6852	841
6853	813
6854	848
6855	807
6856	785
6857	846
6858	808
6859	816
6860	798
6861	857
6862	853
6863	818
6864	820
6865	868
6866	827
6867	828
6868	873
6869	811
6870	847
6871	877
6872	863
6873	853
6874	813
6875	788
6876	836
6877	769
6878	796
6879	856
6880	836
6881	850
6882	848
6883	835
6884	835
6885	856
6886	827
6887	881
6888	869
6889	811
6890	822
6891	821
6892	848
6893	816
6894	819
6895	777
6896	838
6897	832
6898	817
6899	794
6900	817
6901	807
6902	823
6903	782
6904	828
6905	831
6906	826
6907	849
6908	824
6909	865
6910	867
6911	837
6912	888
6913	855
6914	786
6915	776
6916	847
6917	751
6918	825
6919	829
6920	775
6921	834
6922	802
6923	782
6924	853
6925	842
6926	805
6927	815
6928	824
6929	824
6930	812
6931	807
6932	781
6933	839
6934	843
6935	725
6936	822
6937	815
6938	795
6939	758
6940	743
6941	810
6942	773
6943	801
6944	771
6945	757
6946	730
6947	805
6948	802
6949	769
6950	762
6951	753
6952	752
6953	724
6954	702
6955	741
6956	787
6957	759
6958	725
6959	752
6960	758
6961	723
6962	726
6963	751
6964	768
6965	761
6966	730
6967	743
6968	718
6969	719
6970	718
6971	706
6972	731
6973	716
6974	736
6975	660
6976	691
6977	721
6978	722
6979	689
6980	695
6981	678
6982	679
6983	728
6984	665
6985	685
6986	700
6987	671
6988	677
6989	675
6990	672
6991	670
6992	672
6993	651
6994	655
6995	646
6996	652
6997	697
6998	659
6999	692
7000	676
7001	649
7002	614
7003	658
7004	658
7005	635
7006	671
7007	684
7008	681
7009	607
7010	616
7011	621
7012	650
7013	597
7014	591
7015	637
7016	601
7017	655
7018	628
7019	632
7020	557
7021	587
7022	607
7023	585
7024	580
7025	599
7026	593
7027	611
7028	564
7029	616
7030	620
7031	612
7032	596
7033	524
7034	563
7035	587
7036	549
7037	607
7038	549
7039	570
7040	563
7041	554
7042	547
7043	546
7044	596
7045	535
7046	529
7047	516
7048	556
7049	524
7050	531
7051	567
7052	488
7053	469
7054	547
7055	481
7056	490
7057	505
7058	511
7059	476
7060	473
7061	490
7062	478
7063	534
7064	513
7065	509
7066	456
7067	473
7068	448
7069	463
7070	481
7071	444
7072	452
7073	480
7074	456
7075	453
7076	474
7077	436
7078	436
7079	452
7080	414
7081	426
7082	489
7083	453
7084	407
7085	444
7086	424
7087	439
7088	433
7089	400
7090	410
7091	430
7092	461
7093	434
7094	426
7095	439
7096	453
7097	403
7098	367
7099	392
7100	396
7101	383
7102	359
7103	382
7104	349
7105	363
7106	374
7107	372
7108	381
7109	371
7110	372
7111	358
7112	398
7113	359
7114	337
7115	356
7116	358
7117	338
7118	388
7119	336
7120	338
7121	357
7122	350
7123	332
7124	350
7125	332
7126	331
7127	324
7128	323
7129	307
7130	307
7131	309
7132	322
7133	313
7134	288
7135	339
7136	293
7137	278
7138	292
7139	309
7140	290
7141	281
7142	269
7143	284
7144	297
7145	283
7146	272
7147	284
7148	278
7149	285
7150	315
7151	275
7152	269
7153	256
7154	294
7155	238
7156	260
7157	283
7158	239
7159	222
7160	232
7161	236
7162	230
7163	234
7164	243
7165	230
7166	234
7167	234
7168	210
7169	252
7170	259
7171	207
7172	240
7173	212
7174	228
7175	228
7176	231
7177	212
7178	239
7179	232
7180	225
7181	209
7182	216
7183	196
7184	205
7185	183
7186	205
7187	193
7188	183
7189	205
7190	193
7191	198
7192	166
7193	159
7194	174
7195	151
7196	177
7197	177
7198	185
7199	154
7200	179
7201	161
7202	170
7203	135
7204	167
7205	156
7206	166
7207	187
7208	165
7209	142
7210	168
7211	148
7212	146
7213	138
7214	147
7215	167
7216	130
7217	154
7218	143
7219	160
7220	135
7221	142
7222	145
7223	173
7224	133
7225	131
7226	137
7227	128
7228	117
7229	138
7230	126
7231	129
7232	135
7233	103
7234	129
7235	116
7236	123
7237	114
7238	114
7239	117
7240	143
7241	118
7242	122
7243	131
7244	124
7245	84
7246	95
7247	106
7248	104
7249	120
7250	106
7251	107
7252	97
7253	101
7254	105
7255	107
7256	85
7257	75
7258	83
7259	108
7260	111
7261	87
7262	79
7263	100
7264	104
7265	76
7266	89
7267	91
7268	87
7269	73
7270	77
7271	79
7272	79
7273	80
7274	75
7275	72
7276	80
7277	76
7278	75
7279	74
7280	69
7281	69
7282	69
7283	73
7284	66
7285	70
7286	65
7287	62
7288	73
7289	60
7290	55
7291	59
7292	61
7293	53
7294	59
7295	54
7296	47
7297	60
7298	51
7299	58
7300	53
7301	70
7302	58
7303	54
7304	48
7305	40
7306	54
7307	54
7308	58
7309	43
7310	47
7311	57
7312	48
7313	48
7314	50
7315	49
7316	43
7317	60
7318	42
7319	30
7320	35
7321	45
7322	40
7323	32
7324	34
7325	37
7326	40
7327	42
7328	37
7329	47
7330	40
7331	29
7332	28
7333	33
7334	26
7335	36
7336	33
7337	45
7338	23
7339	35
7340	27
7341	29
7342	20
7343	28
7344	41
7345	35
7346	20
7347	31
7348	31
7349	24
7350	36
7351	21
7352	28
7353	20
7354	32
7355	25
7356	12
7357	29
7358	26
7359	27
7360	21
7361	20
7362	20
7363	29
7364	30
7365	18
7366	14
7367	16
7368	25
7369	17
7370	16
7371	23
7372	22
7373	19
7374	21
7375	18
7376	17
7377	14
7378	25
7379	15
7380	20
7381	7
7382	19
7383	15
7384	21
7385	19
7386	14
7387	17
7388	17
7389	16
7390	22
7391	13
7392	13
7393	14
7394	16
7395	5
7396	9
7397	13
7398	11
7399	20
7400	11
7401	11
7402	16
7403	10
7404	11
7405	8
7406	10
7407	14
7408	18
7409	14
7410	8
7411	14
7412	11
7413	11
7414	14
7415	13
7416	8
7417	12
7418	7
7419	5
7420	13
7421	13
7422	9
7423	15
7424	11
7425	9
7426	11
7427	6
7428	4
7429	6
7430	9
7431	13
7432	6
7433	6
7434	9
7435	4
7436	13
7437	12
7438	13
7439	5
7440	9
7441	6
7442	4
7443	6
7444	4
7445	4
7446	6
7447	5
7448	7
7449	4
7450	3
7451	6
7452	7
7453	5
7454	7
7455	4
7456	7
7457	8
7458	3
7459	4
7460	5
7461	3
7462	4
7463	7
7464	8
7465	2
7466	4
7467	1
7468	1
7469	5
7470	2
7471	6
7472	7
7473	6
7474	3
7475	3
7476	3
7477	7
7478	4
7479	2
7480	1
7481	1
7482	3
7483	4
7484	6
7485	1
7486	1
7487	4
7488	2
7489	3
7490	2
7491	5
7492	2
7493	1
7494	2
7495	2
7496	1
7497	2
7498	7
7499	3
7500	2
7501	0
7502	3
7503	2
7504	1
7505	2
7506	3
7507	8
7508	2
7509	5
7510	3
7511	4
7512	4
7513	4
7514	2
7515	4
7516	5
7517	0
7518	2
7519	3
7520	0
7521	1
7522	3
7523	1
7524	4
7525	2
7526	0
7527	2
7528	3
7529	3
7530	4
7531	2
7532	1
7533	2
7534	4
7535	0
7536	2
7537	2
7538	2
7539	2
7540	2
7541	1
7542	0
7543	5
7544	5
7545	4
7546	4
7547	2
7548	1
7549	2
7550	1
7551	0
7552	0
7553	0
7554	0
7555	2
7556	1
7557	1
7558	1
7559	3
7560	4
7561	1
7562	0
7563	1
7564	4
7565	2
7566	1
7567	1
7568	1
7569	2
7570	1
7571	4
7572	4
7573	2
7574	0
7575	0
7576	0
7577	0
7578	3
7579	2
7580	1
7581	2
7582	2
7583	4
7584	1
7585	1
7586	1
7587	1
7588	2
7589	3
7590	2
7591	1
7592	0
7593	1
7594	2
7595	1
7596	1
7597	1
7598	2
7599	1
7600	0
7601	0
7602	0
7603	1
7604	2
7605	1
7606	3
7607	1
7608	3
7609	4
7610	1
7611	0
7612	1
7613	0
7614	0
7615	1
7616	1
7617	3
7618	4
7619	1
7620	1
7621	3
7622	3
7623	2
7624	2
7625	2
7626	1
7627	1
7628	0
7629	1
7630	2
7631	0
7632	1
7633	1
7634	0
7635	1
7636	1
7637	2
7638	0
7639	2
7640	1
7641	0
7642	2
7643	0
7644	0
7645	1
7646	0
7647	0
7648	1
7649	1
7650	1
7651	1
7652	1
7653	0
7654	1
7655	0
7656	1
7657	1
7658	2
7659	1
7660	1
7661	4
7662	0
7663	4
7664	2
7665	3
7666	2
7667	2
7668	0
7669	3
7670	1
7671	1
7672	3
7673	0
7674	2
7675	1
7676	0
7677	0
7678	0
7679	0
7680	0
7681	1
7682	1
7683	1
7684	0
7685	3
7686	0
7687	0
7688	0
7689	0
7690	0
7691	3
7692	0
7693	1
7694	1
7695	1
7696	2
7697	1
7698	3
7699	1
7700	1
7701	2
7702	1
7703	2
7704	3
7705	1
7706	1
7707	1
7708	1
7709	2
7710	1
7711	2
7712	1
7713	0
7714	1
7715	3
7716	0
7717	0
7718	1
7719	1
7720	1
7721	2
7722	0
7723	1
7724	1
7725	3
7726	1
7727	1
7728	2
7729	0
7730	0
7731	3
7732	2
7733	2
7734	2
7735	0
7736	1
7737	2
7738	0
7739	2
7740	0
7741	1
7742	0
7743	1
7744	1
7745	2
7746	0
7747	3
7748	1
7749	0
7750	3
7751	1
7752	2
7753	5
7754	1
7755	0
7756	1
7757	1
7758	1
7759	1
7760	1
7761	1
7762	0
7763	0
7764	0
7765	1
7766	0
7767	2
7768	2
7769	2
7770	1
7771	0
7772	3
7773	1
7774	0
7775	1
7776	1
7777	5
7778	0
7779	1
7780	3
7781	3
7782	2
7783	2
7784	1
7785	0
7786	2
7787	2
7788	0
7789	0
7790	0
7791	0
7792	3
7793	1
7794	0
7795	3
7796	3
7797	3
7798	0
7799	3
7800	0
7801	1
7802	3
7803	2
7804	2
7805	1
7806	2
7807	1
7808	2
7809	1
7810	2
7811	1
7812	1
7813	0
7814	2
7815	1
7816	2
7817	2
7818	2
7819	1
7820	1
7821	2
7822	1
7823	0
7824	0
7825	3
7826	2
7827	0
7828	3
7829	1
7830	0
7831	0
7832	5
7833	1
7834	2
7835	2
7836	1
7837	1
7838	1
7839	0
7840	1
7841	1
7842	2
7843	1
7844	0
7845	3
7846	2
7847	1
7848	1
7849	0
7850	1
7851	1
7852	0
7853	2
7854	3
7855	1
7856	1
7857	1
7858	0
7859	2
7860	1
7861	0
7862	1
7863	3
7864	1
7865	0
7866	0
7867	0
7868	1
7869	0
7870	2
7871	0
7872	0
7873	1
7874	2
7875	0
7876	0
7877	3
7878	1
7879	0
7880	3
7881	5
7882	1
7883	0
7884	1
7885	0
7886	1
7887	2
7888	1
7889	0
7890	0
7891	0
7892	1
7893	0
7894	1
7895	2
7896	1
7897	0
7898	1
7899	2
7900	0
7901	2
7902	3
7903	0
7904	0
7905	2
7906	2
7907	3
7908	2
7909	3
7910	2
7911	1
7912	1
7913	1
7914	1
7915	3
7916	1
7917	0
7918	2
7919	1
7920	1
7921	2
7922	1
7923	0
7924	0
7925	0
7926	0
7927	0
7928	3
7929	1
7930	1
7931	2
7932	2
7933	0
7934	0
7935	1
7936	2
7937	2
7938	1
7939	1
7940	3
7941	0
7942	1
7943	3
7944	4
7945	0
7946	0
7947	2
7948	0
7949	0
7950	3
7951	0
7952	1
7953	2
7954	0
7955	2
7956	1
7957	1
7958	0
7959	2
7960	3
7961	1
7962	0
7963	1
7964	3
7965	0
7966	1
7967	1
7968	1
7969	3
7970	2
7971	0
7972	0
7973	2
7974	5
7975	3
7976	1
7977	0
7978	1
7979	2
7980	2
7981	2
7982	4
7983	1
7984	1
7985	2
7986	1
7987	0
7988	3
7989	1
7990	1
7991	1
7992	3
7993	4
7994	1
7995	3
7996	1
7997	0
7998	1
7999	1
8000	0
8001	0
8002	2
8003	2
8004	0
8005	1
8006	0
8007	3
8008	2
8009	3
8010	0
8011	1
8012	0
8013	1
8014	1
8015	1
8016	0
8017	1
8018	2
8019	0
8020	3
8021	1
8022	0
8023	0
8024	0
8025	0
8026	1
8027	2
8028	0
8029	5
8030	4
8031	4
8032	3
8033	5
8034	1
8035	1
8036	3
8037	0
8038	3
8039	1
8040	1
8041	0
8042	1
8043	2
8044	0
8045	0
8046	2
8047	0
8048	3
8049	5
8050	1
8051	1
8052	2
8053	4
8054	0
8055	0
8056	0
8057	0
8058	3
8059	3
8060	2
8061	1
8062	1
8063	2
8064	1
8065	0
8066	1
8067	0
8068	3
8069	1
8070	3
8071	0
8072	0
8073	0
8074	1
8075	1
8076	1
8077	2
8078	0
8079	3
8080	3
8081	2
8082	0
8083	0
8084	2
8085	1
8086	1
8087	1
8088	2
8089	1
8090	0
8091	0
8092	3
8093	1
8094	0
8095	1
8096	0
8097	2
8098	0
8099	0
8100	0
8101	0
8102	0
8103	0
8104	0
8105	0
8106	0
8107	0
8108	0
8109	0
8110	0
8111	0
8112	0
8113	0
8114	0
8115	0
8116	0
8117	0
8118	0
8119	0
8120	1
8121	0
8122	0
8123	0
8124	0
8125	0
8126	0
8127	0
8128	0
8129	0
8130	0
8131	0
8132	0
8133	0
8134	0
8135	0
8136	0
8137	0
8138	0
8139	0
8140	0
8141	0
8142	0
8143	0
8144	0
8145	0
8146	0
8147	0
8148	0
8149	0
8150	0
8151	0
8152	0
8153	0
8154	0
8155	0
8156	0
8157	0
8158	0
8159	0
8160	0
8161	0
8162	0
8163	0
8164	0
8165	0
8166	0
8167	0
8168	0
8169	0
8170	0
8171	0
8172	0
8173	0
8174	0
8175	0
8176	0
8177	0
8178	0
8179	0
8180	0
8181	0
8182	0
8183	0
8184	0
8185	0
8186	0
8187	0
8188	0
8189	0
8190	0
8191	0
