0	0
1	0
2	0
3	0
4	0
5	0
6	0
7	0
8	0
9	0
10	0
11	0
12	0
13	0
14	0
15	0
16	0
17	0
18	0
19	0
20	0
21	0
22	0
23	0
24	0
25	0
26	0
27	0
28	0
29	0
30	0
31	0
32	0
33	0
34	0
35	0
36	0
37	0
38	0
39	0
40	0
41	0
42	0
43	0
44	0
45	0
46	0
47	0
48	0
49	0
50	0
51	0
52	0
53	0
54	0
55	0
56	0
57	0
58	0
59	0
60	0
61	0
62	0
63	0
64	0
65	0
66	0
67	0
68	0
69	0
70	0
71	0
72	0
73	0
74	0
75	0
76	0
77	0
78	0
79	0
80	0
81	0
82	0
83	0
84	0
85	0
86	0
87	0
88	0
89	0
90	0
91	0
92	0
93	0
94	0
95	0
96	0
97	0
98	0
99	0
100	0
101	0
102	0
103	0
104	0
105	0
106	0
107	0
108	0
109	0
110	0
111	0
112	0
113	0
114	0
115	0
116	0
117	0
118	0
119	0
120	0
121	0
122	0
123	0
124	0
125	0
126	0
127	0
128	0
129	0
130	0
131	0
132	0
133	0
134	0
135	0
136	0
137	0
138	0
139	0
140	0
141	0
142	0
143	0
144	0
145	0
146	0
147	0
148	0
149	0
150	0
151	0
152	0
153	0
154	0
155	0
156	0
157	0
158	0
159	0
160	0
161	0
162	0
163	0
164	0
165	0
166	0
167	0
168	0
169	0
170	0
171	0
172	0
173	0
174	0
175	0
176	1
177	1
178	2
179	3
180	16
181	36
182	72
183	102
184	100
185	116
186	103
187	111
188	83
189	100
190	100
191	88
192	70
193	102
194	94
195	97
196	103
197	96
198	97
199	85
200	83
201	72
202	83
203	103
204	73
205	88
206	87
207	76
208	86
209	82
210	83
211	82
212	60
213	77
214	70
215	81
216	81
217	83
218	97
219	90
220	82
221	79
222	68
223	69
224	81
225	99
226	80
227	93
228	82
229	59
230	82
231	78
232	85
233	76
234	87
235	88
236	73
237	97
238	92
239	81
240	89
241	81
242	78
243	102
244	73
245	77
246	83
247	64
248	110
249	74
250	67
251	84
252	91
253	77
254	84
255	91
256	101
257	73
258	74
259	90
260	67
261	88
262	81
263	95
264	86
265	77
266	89
267	73
268	99
269	76
270	72
271	78
272	65
273	79
274	83
275	78
276	77
277	79
278	77
279	83
280	77
281	67
282	74
283	85
284	89
285	89
286	76
287	87
288	77
289	87
290	79
291	69
292	91
293	82
294	86
295	87
296	83
297	79
298	80
299	84
300	76
301	106
302	88
303	73
304	81
305	81
306	71
307	86
308	69
309	72
310	70
311	61
312	81
313	82
314	82
315	84
316	70
317	74
318	64
319	85
320	76
321	98
322	78
323	85
324	83
325	86
326	97
327	82
328	79
329	74
330	93
331	65
332	81
333	85
334	79
335	87
336	84
337	88
338	78
339	85
340	85
341	97
342	62
343	83
344	97
345	84
346	95
347	86
348	87
349	82
350	81
351	84
352	80
353	81
354	78
355	86
356	65
357	87
358	72
359	59
360	85
361	100
362	88
363	70
364	89
365	105
366	79
367	85
368	76
369	90
370	83
371	88
372	77
373	79
374	82
375	78
376	78
377	78
378	85
379	90
380	76
381	79
382	89
383	78
384	94
385	87
386	89
387	78
388	81
389	86
390	78
391	88
392	85
393	89
394	83
395	77
396	75
397	78
398	80
399	93
400	78
401	80
402	84
403	67
404	83
405	88
406	74
407	86
408	74
409	75
410	76
411	73
412	84
413	84
414	75
415	93
416	86
417	81
418	70
419	77
420	91
421	92
422	80
423	83
424	81
425	101
426	86
427	83
428	84
429	91
430	90
431	102
432	70
433	88
434	83
435	75
436	78
437	70
438	87
439	92
440	100
441	69
442	95
443	91
444	85
445	91
446	79
447	81
448	66
449	92
450	86
451	80
452	89
453	87
454	85
455	84
456	99
457	81
458	81
459	69
460	87
461	81
462	84
463	94
464	88
465	112
466	89
467	112
468	97
469	70
470	95
471	95
472	84
473	96
474	90
475	81
476	86
477	84
478	90
479	89
480	92
481	92
482	77
483	96
484	75
485	98
486	71
487	66
488	81
489	80
490	77
491	98
492	83
493	78
494	75
495	77
496	86
497	90
498	84
499	73
500	82
501	86
502	83
503	97
504	98
505	85
506	85
507	87
508	98
509	87
510	75
511	93
512	73
513	94
514	71
515	98
516	77
517	72
518	89
519	88
520	72
521	103
522	85
523	87
524	104
525	84
526	79
527	87
528	96
529	75
530	76
531	88
532	89
533	91
534	87
535	91
536	92
537	93
538	77
539	91
540	97
541	102
542	87
543	81
544	78
545	97
546	77
547	89
548	81
549	87
550	82
551	85
552	68
553	85
554	81
555	82
556	103
557	104
558	88
559	93
560	73
561	91
562	77
563	93
564	101
565	85
566	79
567	82
568	97
569	76
570	90
571	75
572	82
573	85
574	91
575	78
576	83
577	90
578	74
579	75
580	84
581	88
582	98
583	98
584	90
585	83
586	71
587	83
588	84
589	86
590	88
591	98
592	91
593	105
594	76
595	76
596	103
597	96
598	97
599	91
600	84
601	92
602	87
603	91
604	87
605	80
606	81
607	77
608	105
609	92
610	73
611	81
612	83
613	105
614	83
615	93
616	115
617	86
618	98
619	82
620	96
621	84
622	75
623	104
624	98
625	89
626	98
627	85
628	82
629	83
630	114
631	108
632	93
633	98
634	84
635	101
636	91
637	81
638	72
639	87
640	82
641	97
642	99
643	83
644	80
645	85
646	85
647	86
648	87
649	76
650	83
651	102
652	104
653	80
654	100
655	87
656	89
657	85
658	81
659	108
660	81
661	104
662	80
663	87
664	103
665	85
666	88
667	78
668	77
669	80
670	93
671	101
672	88
673	95
674	93
675	83
676	92
677	98
678	75
679	87
680	74
681	84
682	100
683	83
684	90
685	75
686	93
687	99
688	94
689	78
690	97
691	93
692	94
693	103
694	84
695	80
696	100
697	84
698	103
699	97
700	99
701	90
702	93
703	85
704	101
705	91
706	97
707	93
708	87
709	88
710	96
711	95
712	79
713	100
714	72
715	97
716	87
717	78
718	91
719	83
720	96
721	92
722	84
723	92
724	98
725	91
726	99
727	95
728	97
729	77
730	91
731	109
732	106
733	96
734	93
735	106
736	100
737	77
738	93
739	87
740	91
741	90
742	94
743	79
744	94
745	94
746	78
747	98
748	83
749	83
750	90
751	96
752	108
753	63
754	96
755	109
756	79
757	100
758	74
759	102
760	82
761	102
762	87
763	85
764	96
765	94
766	92
767	101
768	93
769	102
770	92
771	90
772	87
773	103
774	89
775	95
776	89
777	89
778	81
779	103
780	101
781	80
782	92
783	94
784	95
785	87
786	81
787	83
788	106
789	92
790	99
791	105
792	85
793	97
794	109
795	91
796	97
797	101
798	90
799	122
800	101
801	106
802	98
803	96
804	91
805	81
806	83
807	92
808	88
809	107
810	108
811	92
812	104
813	100
814	87
815	87
816	109
817	105
818	100
819	97
820	99
821	104
822	100
823	94
824	96
825	98
826	87
827	80
828	111
829	86
830	99
831	99
832	123
833	86
834	97
835	89
836	93
837	84
838	104
839	93
840	90
841	99
842	91
843	112
844	75
845	123
846	95
847	102
848	91
849	92
850	104
851	98
852	97
853	106
854	96
855	100
856	119
857	82
858	97
859	89
860	99
861	109
862	86
863	93
864	123
865	115
866	97
867	90
868	88
869	92
870	107
871	97
872	113
873	105
874	105
875	91
876	97
877	96
878	124
879	119
880	78
881	98
882	102
883	102
884	110
885	96
886	96
887	119
888	96
889	81
890	109
891	99
892	79
893	100
894	114
895	101
896	94
897	109
898	119
899	114
900	113
901	112
902	90
903	89
904	89
905	104
906	96
907	113
908	109
909	102
910	88
911	113
912	97
913	93
914	79
915	111
916	109
917	106
918	101
919	111
920	117
921	101
922	91
923	79
924	106
925	84
926	97
927	97
928	105
929	105
930	105
931	100
932	92
933	98
934	94
935	101
936	122
937	109
938	100
939	105
940	120
941	99
942	92
943	98
944	87
945	94
946	98
947	101
948	94
949	86
950	95
951	97
952	101
953	99
954	107
955	94
956	92
957	88
958	92
959	84
960	111
961	80
962	116
963	104
964	106
965	109
966	92
967	109
968	105
969	113
970	108
971	95
972	109
973	82
974	108
975	97
976	119
977	114
978	90
979	70
980	96
981	88
982	86
983	109
984	79
985	104
986	102
987	122
988	97
989	110
990	99
991	104
992	101
993	108
994	102
995	112
996	84
997	110
998	102
999	96
1000	86
1001	106
1002	92
1003	81
1004	88
1005	104
1006	90
1007	108
1008	102
1009	108
1010	91
1011	107
1012	97
1013	92
1014	107
1015	105
1016	98
1017	91
1018	102
1019	90
1020	95
1021	112
1022	79
1023	106
1024	99
1025	79
1026	105
1027	98
1028	98
1029	97
1030	99
1031	112
1032	114
1033	81
1034	90
1035	117
1036	110
1037	73
1038	88
1039	88
1040	96
1041	111
1042	94
1043	103
1044	97
1045	103
1046	103
1047	95
1048	85
1049	96
1050	100
1051	89
1052	97
1053	103
1054	95
1055	108
1056	101
1057	97
1058	97
1059	111
1060	92
1061	100
1062	107
1063	89
1064	98
1065	101
1066	116
1067	109
1068	99
1069	91
1070	110
1071	105
1072	98
1073	97
1074	107
1075	99
1076	90
1077	91
1078	108
1079	91
1080	98
1081	93
1082	115
1083	112
1084	90
1085	97
1086	98
1087	99
1088	107
1089	96
1090	105
1091	105
1092	83
1093	79
1094	103
1095	104
1096	99
1097	90
1098	81
1099	97
1100	109
1101	115
1102	104
1103	84
1104	112
1105	102
1106	80
1107	98
1108	102
1109	104
1110	94
1111	97
1112	93
1113	93
1114	87
1115	87
1116	88
1117	97
1118	95
1119	98
1120	99
1121	75
1122	97
1123	103
1124	114
1125	109
1126	95
1127	112
1128	114
1129	100
1130	85
1131	100
1132	118
1133	96
1134	87
1135	97
1136	95
1137	100
1138	118
1139	103
1140	108
1141	91
1142	102
1143	107
1144	98
1145	100
1146	98
1147	93
1148	98
1149	104
1150	110
1151	100
1152	94
1153	115
1154	81
1155	88
1156	109
1157	92
1158	88
1159	104
1160	108
1161	91
1162	98
1163	105
1164	104
1165	108
1166	87
1167	108
1168	88
1169	104
1170	102
1171	90
1172	85
1173	87
1174	91
1175	87
1176	82
1177	110
1178	68
1179	95
1180	92
1181	106
1182	108
1183	93
1184	100
1185	91
1186	102
1187	90
1188	98
1189	97
1190	97
1191	82
1192	101
1193	105
1194	89
1195	98
1196	88
1197	93
1198	111
1199	117
1200	109
1201	97
1202	112
1203	116
1204	101
1205	106
1206	104
1207	102
1208	118
1209	101
1210	109
1211	89
1212	97
1213	106
1214	83
1215	89
1216	102
1217	88
1218	103
1219	104
1220	108
1221	91
1222	102
1223	97
1224	91
1225	86
1226	102
1227	126
1228	128
1229	102
1230	104
1231	111
1232	94
1233	101
1234	106
1235	102
1236	89
1237	109
1238	103
1239	111
1240	110
1241	100
1242	110
1243	98
1244	112
1245	98
1246	94
1247	87
1248	106
1249	99
1250	100
1251	110
1252	86
1253	108
1254	96
1255	95
1256	100
1257	116
1258	111
1259	105
1260	86
1261	95
1262	103
1263	95
1264	98
1265	104
1266	99
1267	120
1268	90
1269	92
1270	103
1271	109
1272	100
1273	88
1274	106
1275	82
1276	106
1277	116
1278	119
1279	96
1280	94
1281	130
1282	109
1283	103
1284	101
1285	110
1286	119
1287	103
1288	124
1289	109
1290	101
1291	93
1292	110
1293	104
1294	109
1295	105
1296	100
1297	112
1298	101
1299	131
1300	105
1301	105
1302	126
1303	111
1304	103
1305	115
1306	108
1307	116
1308	111
1309	95
1310	100
1311	115
1312	112
1313	110
1314	110
1315	91
1316	118
1317	112
1318	96
1319	118
1320	104
1321	112
1322	101
1323	111
1324	97
1325	99
1326	106
1327	101
1328	95
1329	93
1330	104
1331	84
1332	114
1333	89
1334	103
1335	98
1336	109
1337	94
1338	126
1339	115
1340	99
1341	110
1342	110
1343	107
1344	103
1345	103
1346	92
1347	110
1348	92
1349	102
1350	108
1351	96
1352	116
1353	87
1354	91
1355	110
1356	109
1357	99
1358	105
1359	110
1360	84
1361	90
1362	102
1363	116
1364	104
1365	104
1366	104
1367	97
1368	106
1369	88
1370	105
1371	118
1372	103
1373	112
1374	110
1375	92
1376	111
1377	120
1378	111
1379	76
1380	101
1381	103
1382	102
1383	98
1384	115
1385	107
1386	97
1387	88
1388	107
1389	110
1390	93
1391	101
1392	106
1393	92
1394	94
1395	91
1396	97
1397	107
1398	114
1399	133
1400	97
1401	110
1402	96
1403	102
1404	97
1405	110
1406	99
1407	113
1408	86
1409	108
1410	107
1411	118
1412	106
1413	123
1414	117
1415	116
1416	116
1417	90
1418	104
1419	104
1420	95
1421	88
1422	109
1423	97
1424	102
1425	93
1426	91
1427	112
1428	103
1429	103
1430	101
1431	99
1432	125
1433	100
1434	90
1435	109
1436	92
1437	103
1438	112
1439	101
1440	98
1441	112
1442	110
1443	106
1444	114
1445	109
1446	96
1447	86
1448	99
1449	107
1450	108
1451	91
1452	86
1453	86
1454	116
1455	116
1456	112
1457	100
1458	118
1459	118
1460	94
1461	110
1462	126
1463	97
1464	112
1465	106
1466	114
1467	116
1468	111
1469	135
1470	111
1471	106
1472	101
1473	95
1474	106
1475	102
1476	117
1477	101
1478	99
1479	99
1480	97
1481	101
1482	90
1483	123
1484	111
1485	117
1486	119
1487	101
1488	90
1489	90
1490	108
1491	119
1492	106
1493	109
1494	95
1495	112
1496	102
1497	110
1498	110
1499	102
1500	107
1501	116
1502	102
1503	113
1504	100
1505	116
1506	112
1507	106
1508	109
1509	131
1510	125
1511	112
1512	118
1513	112
1514	95
1515	107
1516	112
1517	106
1518	110
1519	100
1520	108
1521	119
1522	118
1523	107
1524	118
1525	100
1526	104
1527	115
1528	125
1529	90
1530	109
1531	126
1532	121
1533	101
1534	115
1535	139
1536	102
1537	105
1538	107
1539	108
1540	107
1541	96
1542	90
1543	98
1544	81
1545	118
1546	114
1547	119
1548	104
1549	93
1550	98
1551	100
1552	99
1553	115
1554	101
1555	121
1556	106
1557	109
1558	122
1559	111
1560	121
1561	94
1562	103
1563	111
1564	101
1565	133
1566	106
1567	117
1568	114
1569	103
1570	124
1571	114
1572	91
1573	111
1574	127
1575	116
1576	105
1577	97
1578	114
1579	102
1580	118
1581	99
1582	108
1583	88
1584	104
1585	104
1586	116
1587	115
1588	113
1589	107
1590	100
1591	128
1592	105
1593	108
1594	110
1595	111
1596	118
1597	111
1598	106
1599	120
1600	114
1601	111
1602	114
1603	95
1604	117
1605	109
1606	112
1607	121
1608	116
1609	119
1610	115
1611	89
1612	107
1613	112
1614	113
1615	100
1616	119
1617	116
1618	98
1619	102
1620	111
1621	108
1622	107
1623	113
1624	116
1625	114
1626	117
1627	116
1628	117
1629	141
1630	110
1631	97
1632	97
1633	107
1634	114
1635	114
1636	99
1637	132
1638	114
1639	91
1640	126
1641	115
1642	124
1643	114
1644	122
1645	130
1646	100
1647	106
1648	109
1649	130
1650	122
1651	105
1652	108
1653	99
1654	117
1655	104
1656	136
1657	134
1658	128
1659	113
1660	104
1661	113
1662	116
1663	115
1664	104
1665	115
1666	126
1667	109
1668	109
1669	117
1670	115
1671	127
1672	105
1673	102
1674	118
1675	116
1676	138
1677	94
1678	117
1679	112
1680	119
1681	119
1682	113
1683	108
1684	110
1685	127
1686	122
1687	91
1688	128
1689	122
1690	116
1691	111
1692	126
1693	119
1694	101
1695	114
1696	108
1697	109
1698	129
1699	126
1700	119
1701	99
1702	129
1703	117
1704	121
1705	111
1706	122
1707	125
1708	107
1709	103
1710	102
1711	113
1712	120
1713	132
1714	123
1715	114
1716	120
1717	109
1718	95
1719	124
1720	106
1721	103
1722	113
1723	144
1724	112
1725	104
1726	119
1727	126
1728	101
1729	110
1730	101
1731	107
1732	112
1733	115
1734	114
1735	128
1736	120
1737	103
1738	111
1739	140
1740	108
1741	112
1742	125
1743	122
1744	88
1745	126
1746	103
1747	110
1748	113
1749	116
1750	97
1751	117
1752	137
1753	113
1754	107
1755	125
1756	99
1757	115
1758	113
1759	124
1760	110
1761	131
1762	107
1763	127
1764	114
1765	110
1766	117
1767	124
1768	92
1769	105
1770	108
1771	125
1772	112
1773	128
1774	128
1775	106
1776	118
1777	108
1778	102
1779	114
1780	106
1781	118
1782	130
1783	143
1784	124
1785	152
1786	110
1787	112
1788	107
1789	118
1790	115
1791	104
1792	125
1793	110
1794	113
1795	119
1796	115
1797	129
1798	106
1799	130
1800	115
1801	122
1802	118
1803	132
1804	119
1805	114
1806	117
1807	127
1808	137
1809	126
1810	124
1811	99
1812	106
1813	119
1814	119
1815	125
1816	108
1817	111
1818	125
1819	110
1820	116
1821	130
1822	111
1823	114
1824	131
1825	123
1826	120
1827	118
1828	132
1829	105
1830	132
1831	107
1832	125
1833	129
1834	120
1835	127
1836	110
1837	100
1838	110
1839	115
1840	115
1841	122
1842	109
1843	136
1844	138
1845	112
1846	135
1847	119
1848	120
1849	127
1850	115
1851	129
1852	110
1853	132
1854	122
1855	109
1856	103
1857	134
1858	119
1859	122
1860	126
1861	136
1862	119
1863	111
1864	130
1865	114
1866	120
1867	134
1868	104
1869	111
1870	121
1871	117
1872	118
1873	115
1874	103
1875	130
1876	107
1877	133
1878	132
1879	124
1880	134
1881	140
1882	118
1883	126
1884	133
1885	114
1886	119
1887	131
1888	126
1889	130
1890	123
1891	108
1892	102
1893	121
1894	113
1895	126
1896	115
1897	131
1898	113
1899	129
1900	123
1901	134
1902	113
1903	98
1904	129
1905	122
1906	130
1907	147
1908	125
1909	121
1910	113
1911	131
1912	110
1913	117
1914	106
1915	114
1916	120
1917	144
1918	135
1919	129
1920	127
1921	129
1922	142
1923	150
1924	104
1925	106
1926	128
1927	131
1928	140
1929	110
1930	117
1931	124
1932	120
1933	129
1934	112
1935	141
1936	129
1937	132
1938	125
1939	124
1940	121
1941	125
1942	127
1943	128
1944	131
1945	140
1946	111
1947	148
1948	113
1949	142
1950	133
1951	124
1952	139
1953	122
1954	137
1955	150
1956	125
1957	111
1958	119
1959	125
1960	119
1961	143
1962	119
1963	139
1964	129
1965	119
1966	116
1967	120
1968	131
1969	133
1970	138
1971	150
1972	111
1973	112
1974	122
1975	126
1976	143
1977	109
1978	154
1979	107
1980	152
1981	129
1982	154
1983	131
1984	126
1985	133
1986	115
1987	137
1988	125
1989	136
1990	121
1991	140
1992	129
1993	120
1994	128
1995	148
1996	147
1997	135
1998	126
1999	126
2000	129
2001	115
2002	143
2003	132
2004	131
2005	118
2006	146
2007	140
2008	144
2009	143
2010	142
2011	144
2012	125
2013	135
2014	140
2015	122
2016	137
2017	142
2018	152
2019	123
2020	132
2021	129
2022	139
2023	125
2024	124
2025	141
2026	122
2027	125
2028	145
2029	152
2030	107
2031	119
2032	149
2033	152
2034	136
2035	112
2036	129
2037	145
2038	140
2039	131
2040	140
2041	133
2042	132
2043	130
2044	130
2045	133
2046	149
2047	131
2048	123
2049	125
2050	143
2051	138
2052	141
2053	148
2054	130
2055	134
2056	152
2057	150
2058	142
2059	129
2060	122
2061	126
2062	129
2063	151
2064	140
2065	144
2066	145
2067	137
2068	130
2069	127
2070	122
2071	136
2072	124
2073	155
2074	138
2075	138
2076	149
2077	124
2078	134
2079	116
2080	134
2081	140
2082	152
2083	124
2084	139
2085	150
2086	134
2087	137
2088	119
2089	131
2090	126
2091	130
2092	125
2093	138
2094	114
2095	135
2096	133
2097	128
2098	128
2099	131
2100	132
2101	128
2102	131
2103	130
2104	138
2105	132
2106	134
2107	142
2108	139
2109	138
2110	132
2111	137
2112	131
2113	121
2114	115
2115	141
2116	140
2117	125
2118	128
2119	143
2120	127
2121	137
2122	134
2123	124
2124	142
2125	129
2126	147
2127	144
2128	117
2129	133
2130	122
2131	130
2132	134
2133	140
2134	140
2135	139
2136	121
2137	120
2138	115
2139	133
2140	127
2141	111
2142	142
2143	147
2144	136
2145	138
2146	144
2147	123
2148	135
2149	122
2150	119
2151	137
2152	123
2153	121
2154	127
2155	136
2156	142
2157	143
2158	141
2159	121
2160	138
2161	132
2162	142
2163	140
2164	115
2165	126
2166	115
2167	131
2168	131
2169	114
2170	128
2171	120
2172	130
2173	131
2174	139
2175	118
2176	130
2177	135
2178	122
2179	125
2180	131
2181	120
2182	129
2183	130
2184	111
2185	133
2186	123
2187	119
2188	127
2189	117
2190	146
2191	128
2192	116
2193	126
2194	137
2195	113
2196	139
2197	115
2198	118
2199	139
2200	131
2201	120
2202	123
2203	139
2204	123
2205	121
2206	142
2207	110
2208	142
2209	131
2210	129
2211	111
2212	127
2213	124
2214	116
2215	131
2216	128
2217	119
2218	126
2219	123
2220	125
2221	111
2222	134
2223	120
2224	118
2225	126
2226	137
2227	132
2228	123
2229	116
2230	101
2231	113
2232	126
2233	109
2234	130
2235	118
2236	133
2237	114
2238	125
2239	120
2240	111
2241	103
2242	115
2243	130
2244	112
2245	123
2246	111
2247	114
2248	107
2249	120
2250	147
2251	125
2252	114
2253	130
2254	107
2255	136
2256	130
2257	115
2258	111
2259	115
2260	123
2261	119
2262	109
2263	115
2264	122
2265	116
2266	105
2267	116
2268	118
2269	100
2270	112
2271	109
2272	120
2273	113
2274	113
2275	111
2276	102
2277	116
2278	114
2279	104
2280	110
2281	120
2282	136
2283	131
2284	113
2285	127
2286	121
2287	113
2288	126
2289	87
2290	135
2291	125
2292	119
2293	98
2294	114
2295	117
2296	126
2297	123
2298	126
2299	103
2300	120
2301	122
2302	108
2303	89
2304	126
2305	134
2306	110
2307	117
2308	101
2309	120
2310	99
2311	118
2312	130
2313	119
2314	110
2315	106
2316	108
2317	122
2318	124
2319	122
2320	123
2321	117
2322	118
2323	109
2324	111
2325	115
2326	121
2327	132
2328	114
2329	99
2330	110
2331	96
2332	122
2333	132
2334	118
2335	119
2336	114
2337	117
2338	130
2339	113
2340	121
2341	130
2342	100
2343	125
2344	119
2345	118
2346	103
2347	119
2348	126
2349	116
2350	129
2351	136
2352	118
2353	94
2354	105
2355	123
2356	116
2357	112
2358	103
2359	125
2360	120
2361	118
2362	122
2363	114
2364	107
2365	110
2366	119
2367	100
2368	107
2369	132
2370	107
2371	85
2372	111
2373	111
2374	113
2375	112
2376	90
2377	116
2378	102
2379	116
2380	117
2381	131
2382	104
2383	125
2384	102
2385	94
2386	111
2387	117
2388	126
2389	123
2390	106
2391	96
2392	107
2393	125
2394	108
2395	104
2396	120
2397	119
2398	114
2399	116
2400	113
2401	88
2402	121
2403	96
2404	101
2405	103
2406	106
2407	106
2408	115
2409	134
2410	120
2411	102
2412	112
2413	105
2414	117
2415	95
2416	92
2417	114
2418	106
2419	109
2420	101
2421	129
2422	116
2423	116
2424	106
2425	94
2426	125
2427	103
2428	100
2429	100
2430	102
2431	121
2432	89
2433	94
2434	116
2435	99
2436	98
2437	103
2438	113
2439	89
2440	106
2441	108
2442	112
2443	119
2444	114
2445	116
2446	128
2447	102
2448	113
2449	118
2450	109
2451	105
2452	92
2453	113
2454	110
2455	132
2456	104
2457	130
2458	98
2459	112
2460	112
2461	125
2462	125
2463	98
2464	105
2465	98
2466	114
2467	119
2468	115
2469	91
2470	124
2471	96
2472	118
2473	123
2474	99
2475	119
2476	118
2477	126
2478	105
2479	107
2480	87
2481	107
2482	104
2483	106
2484	109
2485	129
2486	96
2487	113
2488	110
2489	109
2490	114
2491	106
2492	111
2493	116
2494	108
2495	98
2496	120
2497	96
2498	99
2499	104
2500	117
2501	106
2502	113
2503	98
2504	99
2505	91
2506	114
2507	89
2508	119
2509	109
2510	113
2511	113
2512	105
2513	112
2514	88
2515	113
2516	111
2517	118
2518	111
2519	113
2520	122
2521	115
2522	116
2523	129
2524	91
2525	124
2526	79
2527	113
2528	108
2529	107
2530	118
2531	109
2532	103
2533	116
2534	123
2535	101
2536	117
2537	114
2538	110
2539	99
2540	108
2541	103
2542	109
2543	110
2544	102
2545	118
2546	99
2547	108
2548	117
2549	108
2550	100
2551	121
2552	87
2553	107
2554	107
2555	110
2556	96
2557	101
2558	105
2559	120
2560	118
2561	108
2562	93
2563	98
2564	120
2565	123
2566	110
2567	94
2568	99
2569	110
2570	103
2571	117
2572	105
2573	100
2574	121
2575	106
2576	99
2577	102
2578	121
2579	100
2580	106
2581	115
2582	89
2583	104
2584	108
2585	120
2586	106
2587	118
2588	105
2589	110
2590	118
2591	87
2592	104
2593	115
2594	89
2595	111
2596	89
2597	96
2598	119
2599	112
2600	123
2601	104
2602	88
2603	123
2604	106
2605	97
2606	118
2607	114
2608	104
2609	88
2610	114
2611	96
2612	118
2613	87
2614	119
2615	109
2616	95
2617	99
2618	107
2619	118
2620	111
2621	110
2622	108
2623	109
2624	93
2625	106
2626	106
2627	104
2628	95
2629	91
2630	111
2631	98
2632	99
2633	90
2634	131
2635	108
2636	95
2637	98
2638	108
2639	90
2640	108
2641	109
2642	106
2643	105
2644	119
2645	99
2646	118
2647	113
2648	114
2649	118
2650	105
2651	120
2652	102
2653	101
2654	98
2655	87
2656	108
2657	102
2658	89
2659	112
2660	98
2661	95
2662	114
2663	113
2664	117
2665	80
2666	98
2667	105
2668	109
2669	104
2670	94
2671	111
2672	95
2673	114
2674	112
2675	108
2676	108
2677	98
2678	125
2679	99
2680	100
2681	108
2682	111
2683	104
2684	109
2685	90
2686	88
2687	82
2688	114
2689	94
2690	93
2691	92
2692	116
2693	99
2694	105
2695	96
2696	98
2697	92
2698	87
2699	113
2700	85
2701	95
2702	106
2703	118
2704	103
2705	94
2706	96
2707	87
2708	98
2709	94
2710	106
2711	109
2712	109
2713	99
2714	93
2715	102
2716	99
2717	92
2718	117
2719	118
2720	109
2721	102
2722	117
2723	115
2724	83
2725	110
2726	101
2727	130
2728	88
2729	110
2730	114
2731	112
2732	105
2733	124
2734	94
2735	106
2736	107
2737	114
2738	130
2739	103
2740	88
2741	100
2742	100
2743	112
2744	111
2745	90
2746	106
2747	104
2748	114
2749	98
2750	91
2751	91
2752	100
2753	100
2754	100
2755	102
2756	85
2757	104
2758	118
2759	86
2760	106
2761	86
2762	82
2763	98
2764	121
2765	100
2766	106
2767	94
2768	99
2769	103
2770	104
2771	92
2772	87
2773	104
2774	105
2775	101
2776	117
2777	97
2778	114
2779	112
2780	87
2781	103
2782	105
2783	91
2784	118
2785	104
2786	94
2787	115
2788	91
2789	96
2790	132
2791	99
2792	116
2793	101
2794	109
2795	104
2796	106
2797	112
2798	109
2799	106
2800	93
2801	101
2802	103
2803	85
2804	106
2805	108
2806	98
2807	98
2808	96
2809	95
2810	90
2811	101
2812	99
2813	85
2814	115
2815	94
2816	106
2817	89
2818	107
2819	86
2820	91
2821	101
2822	91
2823	86
2824	109
2825	93
2826	118
2827	108
2828	98
2829	117
2830	93
2831	108
2832	92
2833	100
2834	89
2835	94
2836	107
2837	113
2838	94
2839	106
2840	112
2841	128
2842	98
2843	88
2844	110
2845	94
2846	125
2847	112
2848	121
2849	84
2850	97
2851	95
2852	121
2853	85
2854	109
2855	118
2856	101
2857	99
2858	92
2859	111
2860	88
2861	114
2862	113
2863	108
2864	104
2865	85
2866	96
2867	114
2868	103
2869	109
2870	109
2871	98
2872	108
2873	101
2874	107
2875	100
2876	84
2877	92
2878	111
2879	84
2880	100
2881	104
2882	104
2883	93
2884	111
2885	113
2886	73
2887	108
2888	96
2889	94
2890	82
2891	89
2892	94
2893	118
2894	114
2895	88
2896	104
2897	112
2898	92
2899	87
2900	91
2901	87
2902	105
2903	107
2904	97
2905	101
2906	89
2907	98
2908	114
2909	102
2910	89
2911	93
2912	110
2913	102
2914	92
2915	86
2916	124
2917	93
2918	89
2919	101
2920	101
2921	112
2922	94
2923	103
2924	98
2925	111
2926	110
2927	96
2928	100
2929	93
2930	104
2931	86
2932	106
2933	102
2934	99
2935	72
2936	109
2937	97
2938	98
2939	105
2940	93
2941	106
2942	81
2943	111
2944	98
2945	86
2946	85
2947	94
2948	103
2949	111
2950	76
2951	105
2952	99
2953	95
2954	90
2955	94
2956	106
2957	99
2958	110
2959	82
2960	111
2961	106
2962	109
2963	82
2964	114
2965	111
2966	100
2967	108
2968	106
2969	91
2970	85
2971	98
2972	108
2973	95
2974	102
2975	98
2976	101
2977	96
2978	100
2979	91
2980	111
2981	102
2982	113
2983	95
2984	100
2985	90
2986	96
2987	109
2988	96
2989	108
2990	102
2991	90
2992	106
2993	101
2994	98
2995	109
2996	104
2997	88
2998	94
2999	92
3000	85
3001	102
3002	112
3003	92
3004	121
3005	98
3006	109
3007	104
3008	103
3009	121
3010	96
3011	92
3012	109
3013	88
3014	105
3015	103
3016	85
3017	118
3018	83
3019	88
3020	101
3021	111
3022	92
3023	96
3024	103
3025	104
3026	106
3027	101
3028	102
3029	96
3030	96
3031	88
3032	103
3033	95
3034	101
3035	104
3036	96
3037	104
3038	97
3039	91
3040	93
3041	84
3042	103
3043	109
3044	98
3045	85
3046	106
3047	112
3048	113
3049	105
3050	89
3051	97
3052	88
3053	100
3054	83
3055	96
3056	107
3057	99
3058	96
3059	97
3060	122
3061	116
3062	91
3063	100
3064	107
3065	109
3066	96
3067	94
3068	90
3069	98
3070	102
3071	106
3072	112
3073	89
3074	87
3075	108
3076	102
3077	116
3078	94
3079	113
3080	100
3081	86
3082	98
3083	97
3084	90
3085	92
3086	105
3087	100
3088	82
3089	120
3090	104
3091	94
3092	100
3093	90
3094	111
3095	94
3096	107
3097	95
3098	99
3099	95
3100	88
3101	92
3102	96
3103	110
3104	82
3105	100
3106	105
3107	105
3108	85
3109	92
3110	100
3111	94
3112	104
3113	106
3114	90
3115	99
3116	92
3117	98
3118	94
3119	85
3120	106
3121	92
3122	95
3123	89
3124	126
3125	87
3126	91
3127	97
3128	85
3129	99
3130	97
3131	105
3132	83
3133	93
3134	97
3135	98
3136	98
3137	96
3138	111
3139	97
3140	93
3141	97
3142	77
3143	106
3144	93
3145	111
3146	78
3147	94
3148	88
3149	84
3150	95
3151	93
3152	101
3153	82
3154	99
3155	107
3156	93
3157	97
3158	127
3159	92
3160	90
3161	108
3162	86
3163	106
3164	102
3165	97
3166	103
3167	83
3168	105
3169	107
3170	98
3171	107
3172	99
3173	91
3174	108
3175	89
3176	107
3177	106
3178	83
3179	99
3180	111
3181	97
3182	90
3183	103
3184	109
3185	109
3186	96
3187	98
3188	89
3189	102
3190	87
3191	103
3192	92
3193	90
3194	103
3195	100
3196	103
3197	93
3198	104
3199	110
3200	106
3201	99
3202	92
3203	89
3204	99
3205	91
3206	111
3207	78
3208	98
3209	92
3210	89
3211	107
3212	105
3213	113
3214	105
3215	93
3216	89
3217	117
3218	112
3219	100
3220	95
3221	92
3222	80
3223	102
3224	104
3225	99
3226	108
3227	98
3228	82
3229	83
3230	117
3231	101
3232	102
3233	97
3234	90
3235	99
3236	103
3237	88
3238	98
3239	97
3240	91
3241	102
3242	85
3243	102
3244	109
3245	93
3246	92
3247	99
3248	104
3249	109
3250	103
3251	87
3252	115
3253	116
3254	118
3255	82
3256	94
3257	100
3258	92
3259	100
3260	106
3261	103
3262	94
3263	90
3264	100
3265	95
3266	89
3267	97
3268	93
3269	85
3270	91
3271	95
3272	98
3273	94
3274	112
3275	107
3276	93
3277	109
3278	105
3279	73
3280	111
3281	105
3282	78
3283	116
3284	89
3285	76
3286	92
3287	98
3288	100
3289	106
3290	88
3291	91
3292	89
3293	82
3294	100
3295	87
3296	95
3297	84
3298	92
3299	110
3300	103
3301	93
3302	98
3303	106
3304	75
3305	115
3306	89
3307	117
3308	98
3309	103
3310	92
3311	104
3312	103
3313	88
3314	84
3315	110
3316	105
3317	106
3318	87
3319	92
3320	114
3321	84
3322	106
3323	106
3324	89
3325	85
3326	97
3327	98
3328	102
3329	101
3330	98
3331	98
3332	97
3333	86
3334	97
3335	112
3336	93
3337	114
3338	107
3339	84
3340	84
3341	107
3342	104
3343	85
3344	80
3345	96
3346	106
3347	88
3348	95
3349	80
3350	88
3351	101
3352	106
3353	94
3354	81
3355	106
3356	96
3357	99
3358	88
3359	94
3360	113
3361	85
3362	100
3363	105
3364	79
3365	114
3366	98
3367	97
3368	100
3369	87
3370	101
3371	113
3372	91
3373	90
3374	100
3375	96
3376	103
3377	108
3378	91
3379	85
3380	97
3381	103
3382	109
3383	81
3384	86
3385	92
3386	98
3387	98
3388	91
3389	108
3390	97
3391	111
3392	108
3393	115
3394	108
3395	105
3396	109
3397	99
3398	94
3399	101
3400	93
3401	100
3402	90
3403	100
3404	85
3405	94
3406	106
3407	103
3408	95
3409	94
3410	72
3411	77
3412	96
3413	95
3414	75
3415	96
3416	102
3417	84
3418	89
3419	106
3420	99
3421	108
3422	87
3423	99
3424	94
3425	84
3426	97
3427	94
3428	110
3429	86
3430	102
3431	79
3432	107
3433	113
3434	70
3435	90
3436	88
3437	108
3438	94
3439	85
3440	94
3441	95
3442	96
3443	73
3444	77
3445	93
3446	103
3447	115
3448	99
3449	85
3450	90
3451	93
3452	91
3453	94
3454	112
3455	81
3456	92
3457	90
3458	102
3459	98
3460	109
3461	93
3462	111
3463	94
3464	94
3465	90
3466	104
3467	90
3468	84
3469	79
3470	98
3471	90
3472	98
3473	93
3474	81
3475	84
3476	99
3477	98
3478	93
3479	105
3480	79
3481	105
3482	104
3483	89
3484	79
3485	100
3486	101
3487	90
3488	92
3489	97
3490	83
3491	113
3492	86
3493	113
3494	95
3495	107
3496	96
3497	121
3498	92
3499	91
3500	92
3501	100
3502	99
3503	104
3504	104
3505	90
3506	102
3507	91
3508	100
3509	85
3510	95
3511	93
3512	105
3513	88
3514	103
3515	93
3516	81
3517	78
3518	81
3519	102
3520	95
3521	107
3522	80
3523	93
3524	93
3525	97
3526	86
3527	104
3528	86
3529	91
3530	101
3531	80
3532	85
3533	104
3534	82
3535	97
3536	76
3537	112
3538	93
3539	85
3540	106
3541	96
3542	103
3543	80
3544	103
3545	89
3546	102
3547	100
3548	98
3549	106
3550	88
3551	100
3552	71
3553	112
3554	94
3555	90
3556	89
3557	85
3558	103
3559	104
3560	106
3561	75
3562	100
3563	96
3564	110
3565	94
3566	96
3567	98
3568	93
3569	87
3570	101
3571	91
3572	106
3573	86
3574	94
3575	88
3576	98
3577	102
3578	100
3579	92
3580	97
3581	95
3582	92
3583	88
3584	94
3585	108
3586	88
3587	93
3588	81
3589	97
3590	105
3591	103
3592	102
3593	117
3594	92
3595	100
3596	81
3597	100
3598	101
3599	104
3600	98
3601	101
3602	79
3603	83
3604	96
3605	105
3606	97
3607	87
3608	104
3609	92
3610	101
3611	106
3612	106
3613	98
3614	87
3615	116
3616	97
3617	92
3618	98
3619	112
3620	82
3621	95
3622	74
3623	102
3624	87
3625	96
3626	111
3627	90
3628	94
3629	81
3630	103
3631	96
3632	99
3633	90
3634	95
3635	107
3636	90
3637	87
3638	108
3639	110
3640	96
3641	102
3642	93
3643	102
3644	82
3645	98
3646	92
3647	93
3648	98
3649	93
3650	95
3651	93
3652	102
3653	83
3654	87
3655	91
3656	93
3657	87
3658	83
3659	93
3660	105
3661	108
3662	88
3663	102
3664	85
3665	103
3666	80
3667	96
3668	100
3669	84
3670	91
3671	86
3672	105
3673	94
3674	92
3675	96
3676	95
3677	101
3678	96
3679	99
3680	105
3681	97
3682	100
3683	89
3684	119
3685	76
3686	92
3687	101
3688	93
3689	88
3690	76
3691	87
3692	100
3693	107
3694	103
3695	109
3696	113
3697	106
3698	99
3699	95
3700	118
3701	114
3702	100
3703	93
3704	90
3705	101
3706	104
3707	90
3708	98
3709	83
3710	94
3711	119
3712	109
3713	95
3714	101
3715	93
3716	84
3717	93
3718	89
3719	95
3720	109
3721	102
3722	94
3723	95
3724	99
3725	84
3726	106
3727	89
3728	109
3729	91
3730	85
3731	101
3732	93
3733	88
3734	97
3735	92
3736	80
3737	109
3738	92
3739	92
3740	101
3741	102
3742	109
3743	103
3744	81
3745	91
3746	80
3747	93
3748	84
3749	97
3750	92
3751	86
3752	83
3753	91
3754	96
3755	117
3756	92
3757	110
3758	87
3759	105
3760	90
3761	95
3762	92
3763	91
3764	90
3765	84
3766	102
3767	92
3768	93
3769	115
3770	92
3771	89
3772	106
3773	109
3774	89
3775	76
3776	80
3777	90
3778	97
3779	81
3780	100
3781	100
3782	93
3783	99
3784	101
3785	106
3786	84
3787	81
3788	97
3789	81
3790	92
3791	85
3792	101
3793	95
3794	94
3795	103
3796	87
3797	89
3798	100
3799	102
3800	95
3801	88
3802	92
3803	100
3804	92
3805	80
3806	84
3807	93
3808	88
3809	94
3810	102
3811	91
3812	93
3813	78
3814	99
3815	109
3816	117
3817	94
3818	87
3819	100
3820	94
3821	106
3822	96
3823	96
3824	96
3825	96
3826	103
3827	114
3828	99
3829	94
3830	87
3831	91
3832	105
3833	96
3834	107
3835	107
3836	92
3837	80
3838	98
3839	91
3840	113
3841	104
3842	97
3843	96
3844	95
3845	92
3846	93
3847	92
3848	104
3849	110
3850	100
3851	86
3852	94
3853	110
3854	84
3855	109
3856	107
3857	105
3858	95
3859	86
3860	87
3861	92
3862	102
3863	100
3864	101
3865	96
3866	104
3867	99
3868	110
3869	97
3870	102
3871	89
3872	108
3873	87
3874	114
3875	104
3876	100
3877	113
3878	94
3879	108
3880	103
3881	84
3882	101
3883	103
3884	90
3885	96
3886	110
3887	90
3888	110
3889	89
3890	94
3891	94
3892	82
3893	102
3894	86
3895	85
3896	100
3897	111
3898	94
3899	89
3900	99
3901	99
3902	80
3903	107
3904	117
3905	100
3906	88
3907	107
3908	96
3909	85
3910	115
3911	92
3912	106
3913	102
3914	112
3915	102
3916	111
3917	92
3918	106
3919	100
3920	80
3921	97
3922	103
3923	88
3924	99
3925	82
3926	108
3927	90
3928	77
3929	108
3930	98
3931	92
3932	97
3933	83
3934	93
3935	91
3936	90
3937	98
3938	97
3939	118
3940	78
3941	89
3942	82
3943	110
3944	88
3945	70
3946	87
3947	87
3948	114
3949	85
3950	94
3951	92
3952	96
3953	92
3954	72
3955	96
3956	80
3957	101
3958	97
3959	103
3960	110
3961	90
3962	93
3963	91
3964	103
3965	93
3966	104
3967	116
3968	106
3969	98
3970	85
3971	90
3972	105
3973	114
3974	82
3975	98
3976	93
3977	100
3978	93
3979	117
3980	87
3981	88
3982	115
3983	91
3984	98
3985	93
3986	89
3987	85
3988	96
3989	90
3990	94
3991	96
3992	94
3993	96
3994	96
3995	101
3996	85
3997	97
3998	98
3999	100
4000	98
4001	104
4002	107
4003	79
4004	99
4005	101
4006	90
4007	90
4008	98
4009	93
4010	98
4011	93
4012	95
4013	102
4014	103
4015	96
4016	87
4017	86
4018	99
4019	99
4020	97
4021	90
4022	123
4023	90
4024	101
4025	107
4026	88
4027	98
4028	104
4029	97
4030	102
4031	86
4032	90
4033	107
4034	100
4035	99
4036	90
4037	110
4038	95
4039	98
4040	100
4041	97
4042	89
4043	103
4044	102
4045	97
4046	98
4047	90
4048	103
4049	93
4050	113
4051	97
4052	95
4053	108
4054	76
4055	84
4056	97
4057	114
4058	107
4059	104
4060	83
4061	101
4062	94
4063	95
4064	97
4065	98
4066	89
4067	92
4068	107
4069	114
4070	95
4071	93
4072	95
4073	95
4074	80
4075	102
4076	90
4077	97
4078	108
4079	103
4080	85
4081	94
4082	88
4083	104
4084	109
4085	102
4086	97
4087	103
4088	89
4089	94
4090	95
4091	104
4092	109
4093	95
4094	90
4095	86
4096	101
4097	81
4098	85
4099	81
4100	97
4101	95
4102	87
4103	103
4104	106
4105	89
4106	93
4107	114
4108	98
4109	105
4110	95
4111	91
4112	110
4113	107
4114	95
4115	124
4116	100
4117	99
4118	92
4119	88
4120	88
4121	99
4122	104
4123	94
4124	80
4125	96
4126	105
4127	103
4128	92
4129	87
4130	82
4131	102
4132	88
4133	86
4134	86
4135	98
4136	96
4137	100
4138	86
4139	106
4140	95
4141	93
4142	119
4143	109
4144	107
4145	89
4146	100
4147	101
4148	81
4149	88
4150	105
4151	111
4152	90
4153	96
4154	104
4155	104
4156	95
4157	90
4158	98
4159	96
4160	95
4161	102
4162	84
4163	118
4164	86
4165	107
4166	109
4167	115
4168	102
4169	95
4170	91
4171	100
4172	98
4173	119
4174	94
4175	85
4176	104
4177	104
4178	88
4179	92
4180	90
4181	106
4182	109
4183	88
4184	100
4185	96
4186	94
4187	78
4188	100
4189	77
4190	96
4191	84
4192	100
4193	100
4194	111
4195	93
4196	102
4197	98
4198	113
4199	116
4200	105
4201	106
4202	98
4203	91
4204	98
4205	109
4206	93
4207	110
4208	93
4209	92
4210	94
4211	112
4212	87
4213	91
4214	102
4215	88
4216	104
4217	108
4218	102
4219	91
4220	104
4221	105
4222	101
4223	94
4224	108
4225	101
4226	96
4227	103
4228	88
4229	99
4230	103
4231	90
4232	98
4233	108
4234	92
4235	90
4236	95
4237	102
4238	92
4239	90
4240	113
4241	94
4242	101
4243	104
4244	85
4245	86
4246	115
4247	83
4248	101
4249	120
4250	100
4251	109
4252	96
4253	101
4254	90
4255	99
4256	95
4257	90
4258	114
4259	105
4260	105
4261	104
4262	96
4263	92
4264	89
4265	102
4266	81
4267	113
4268	81
4269	98
4270	96
4271	98
4272	105
4273	87
4274	89
4275	108
4276	105
4277	98
4278	97
4279	89
4280	104
4281	117
4282	106
4283	109
4284	93
4285	109
4286	103
4287	100
4288	89
4289	94
4290	105
4291	78
4292	90
4293	106
4294	100
4295	101
4296	109
4297	85
4298	89
4299	97
4300	102
4301	99
4302	108
4303	104
4304	105
4305	102
4306	82
4307	72
4308	92
4309	104
4310	91
4311	99
4312	100
4313	93
4314	111
4315	113
4316	104
4317	98
4318	91
4319	99
4320	90
4321	97
4322	115
4323	100
4324	92
4325	100
4326	99
4327	95
4328	91
4329	105
4330	103
4331	92
4332	102
4333	110
4334	92
4335	86
4336	102
4337	98
4338	100
4339	115
4340	111
4341	101
4342	113
4343	101
4344	110
4345	98
4346	96
4347	98
4348	121
4349	112
4350	125
4351	91
4352	87
4353	105
4354	91
4355	106
4356	101
4357	90
4358	120
4359	115
4360	96
4361	105
4362	94
4363	108
4364	128
4365	110
4366	91
4367	102
4368	100
4369	119
4370	85
4371	108
4372	91
4373	121
4374	109
4375	114
4376	102
4377	103
4378	102
4379	104
4380	90
4381	92
4382	96
4383	117
4384	109
4385	86
4386	103
4387	108
4388	112
4389	103
4390	108
4391	112
4392	142
4393	83
4394	107
4395	112
4396	97
4397	98
4398	104
4399	118
4400	105
4401	93
4402	101
4403	91
4404	96
4405	109
4406	95
4407	101
4408	106
4409	94
4410	99
4411	118
4412	117
4413	100
4414	93
4415	103
4416	105
4417	123
4418	99
4419	106
4420	104
4421	124
4422	102
4423	94
4424	98
4425	114
4426	110
4427	112
4428	114
4429	107
4430	108
4431	110
4432	99
4433	103
4434	105
4435	102
4436	98
4437	109
4438	95
4439	96
4440	101
4441	79
4442	127
4443	93
4444	110
4445	104
4446	109
4447	116
4448	119
4449	113
4450	104
4451	131
4452	103
4453	104
4454	102
4455	103
4456	91
4457	126
4458	106
4459	122
4460	96
4461	117
4462	97
4463	85
4464	90
4465	101
4466	91
4467	109
4468	94
4469	94
4470	108
4471	106
4472	98
4473	90
4474	108
4475	97
4476	89
4477	90
4478	90
4479	111
4480	101
4481	113
4482	105
4483	114
4484	99
4485	100
4486	105
4487	106
4488	96
4489	95
4490	97
4491	104
4492	115
4493	104
4494	107
4495	111
4496	123
4497	83
4498	108
4499	107
4500	86
4501	104
4502	95
4503	94
4504	108
4505	94
4506	95
4507	102
4508	108
4509	123
4510	96
4511	106
4512	116
4513	110
4514	97
4515	100
4516	91
4517	102
4518	100
4519	117
4520	102
4521	106
4522	114
4523	111
4524	103
4525	107
4526	98
4527	106
4528	93
4529	118
4530	111
4531	102
4532	94
4533	106
4534	103
4535	100
4536	94
4537	100
4538	115
4539	82
4540	97
4541	97
4542	123
4543	106
4544	120
4545	108
4546	111
4547	93
4548	93
4549	91
4550	103
4551	102
4552	102
4553	107
4554	100
4555	98
4556	128
4557	119
4558	99
4559	113
4560	102
4561	114
4562	96
4563	104
4564	96
4565	106
4566	112
4567	101
4568	103
4569	99
4570	120
4571	118
4572	109
4573	73
4574	99
4575	90
4576	91
4577	104
4578	107
4579	113
4580	96
4581	122
4582	109
4583	100
4584	86
4585	92
4586	101
4587	89
4588	107
4589	100
4590	100
4591	101
4592	98
4593	107
4594	87
4595	106
4596	108
4597	101
4598	96
4599	93
4600	106
4601	94
4602	78
4603	89
4604	97
4605	107
4606	92
4607	78
4608	101
4609	123
4610	108
4611	103
4612	102
4613	93
4614	95
4615	114
4616	68
4617	99
4618	123
4619	107
4620	92
4621	104
4622	130
4623	100
4624	99
4625	102
4626	109
4627	115
4628	104
4629	95
4630	93
4631	95
4632	85
4633	115
4634	122
4635	80
4636	113
4637	109
4638	117
4639	105
4640	108
4641	103
4642	97
4643	102
4644	101
4645	93
4646	111
4647	88
4648	99
4649	99
4650	115
4651	92
4652	111
4653	94
4654	105
4655	93
4656	111
4657	99
4658	108
4659	91
4660	104
4661	108
4662	85
4663	113
4664	101
4665	102
4666	97
4667	88
4668	90
4669	106
4670	98
4671	110
4672	86
4673	116
4674	104
4675	94
4676	101
4677	85
4678	106
4679	99
4680	78
4681	99
4682	94
4683	118
4684	109
4685	99
4686	93
4687	99
4688	95
4689	109
4690	114
4691	92
4692	93
4693	108
4694	121
4695	129
4696	95
4697	106
4698	103
4699	94
4700	94
4701	103
4702	101
4703	87
4704	99
4705	104
4706	82
4707	89
4708	104
4709	97
4710	108
4711	81
4712	111
4713	96
4714	100
4715	97
4716	100
4717	105
4718	115
4719	95
4720	99
4721	103
4722	75
4723	94
4724	99
4725	99
4726	113
4727	91
4728	109
4729	105
4730	94
4731	84
4732	86
4733	94
4734	110
4735	98
4736	88
4737	95
4738	107
4739	100
4740	93
4741	97
4742	91
4743	106
4744	100
4745	103
4746	73
4747	108
4748	94
4749	86
4750	110
4751	95
4752	92
4753	76
4754	84
4755	78
4756	95
4757	87
4758	95
4759	79
4760	78
4761	86
4762	90
4763	106
4764	116
4765	86
4766	77
4767	84
4768	87
4769	92
4770	101
4771	89
4772	102
4773	92
4774	88
4775	87
4776	75
4777	94
4778	97
4779	102
4780	84
4781	91
4782	96
4783	78
4784	89
4785	98
4786	78
4787	89
4788	95
4789	94
4790	64
4791	99
4792	84
4793	97
4794	78
4795	104
4796	81
4797	80
4798	90
4799	84
4800	80
4801	87
4802	89
4803	90
4804	93
4805	97
4806	105
4807	90
4808	93
4809	90
4810	86
4811	98
4812	99
4813	74
4814	86
4815	93
4816	85
4817	85
4818	100
4819	98
4820	86
4821	78
4822	81
4823	87
4824	74
4825	106
4826	78
4827	81
4828	83
4829	79
4830	83
4831	67
4832	79
4833	84
4834	83
4835	88
4836	71
4837	84
4838	83
4839	79
4840	78
4841	80
4842	80
4843	86
4844	77
4845	92
4846	96
4847	77
4848	85
4849	73
4850	84
4851	69
4852	75
4853	80
4854	93
4855	89
4856	94
4857	66
4858	84
4859	74
4860	74
4861	74
4862	90
4863	90
4864	67
4865	80
4866	90
4867	73
4868	81
4869	74
4870	84
4871	81
4872	97
4873	65
4874	86
4875	86
4876	74
4877	72
4878	77
4879	93
4880	62
4881	63
4882	86
4883	74
4884	82
4885	78
4886	63
4887	79
4888	69
4889	86
4890	63
4891	62
4892	81
4893	70
4894	80
4895	67
4896	86
4897	58
4898	76
4899	86
4900	79
4901	66
4902	66
4903	73
4904	71
4905	57
4906	91
4907	79
4908	80
4909	84
4910	59
4911	69
4912	84
4913	63
4914	76
4915	73
4916	71
4917	56
4918	79
4919	67
4920	67
4921	57
4922	71
4923	80
4924	69
4925	66
4926	68
4927	60
4928	84
4929	66
4930	78
4931	66
4932	65
4933	69
4934	68
4935	65
4936	70
4937	56
4938	76
4939	64
4940	63
4941	81
4942	58
4943	65
4944	73
4945	58
4946	60
4947	67
4948	56
4949	85
4950	79
4951	72
4952	58
4953	56
4954	72
4955	67
4956	73
4957	67
4958	62
4959	65
4960	70
4961	56
4962	60
4963	46
4964	57
4965	65
4966	61
4967	58
4968	57
4969	56
4970	50
4971	64
4972	68
4973	47
4974	57
4975	65
4976	66
4977	60
4978	59
4979	48
4980	46
4981	56
4982	63
4983	62
4984	60
4985	62
4986	69
4987	59
4988	60
4989	66
4990	48
4991	68
4992	75
4993	58
4994	59
4995	50
4996	49
4997	55
4998	53
4999	61
5000	49
5001	56
5002	43
5003	72
5004	58
5005	57
5006	47
5007	58
5008	45
5009	61
5010	61
5011	58
5012	58
5013	62
5014	55
5015	51
5016	66
5017	59
5018	60
5019	58
5020	61
5021	49
5022	52
5023	36
5024	64
5025	68
5026	45
5027	51
5028	46
5029	45
5030	49
5031	50
5032	59
5033	57
5034	47
5035	47
5036	54
5037	51
5038	62
5039	56
5040	54
5041	65
5042	59
5043	53
5044	47
5045	56
5046	50
5047	51
5048	44
5049	38
5050	51
5051	44
5052	44
5053	57
5054	46
5055	49
5056	43
5057	47
5058	45
5059	51
5060	50
5061	42
5062	59
5063	43
5064	52
5065	54
5066	54
5067	55
5068	35
5069	58
5070	44
5071	38
5072	58
5073	37
5074	54
5075	43
5076	43
5077	49
5078	49
5079	42
5080	54
5081	42
5082	53
5083	51
5084	48
5085	40
5086	40
5087	39
5088	49
5089	51
5090	33
5091	50
5092	50
5093	49
5094	57
5095	41
5096	49
5097	53
5098	32
5099	49
5100	44
5101	47
5102	40
5103	53
5104	38
5105	56
5106	54
5107	49
5108	38
5109	41
5110	37
5111	56
5112	50
5113	53
5114	42
5115	43
5116	35
5117	54
5118	37
5119	42
5120	50
5121	56
5122	57
5123	45
5124	44
5125	47
5126	40
5127	50
5128	58
5129	40
5130	50
5131	42
5132	45
5133	37
5134	39
5135	34
5136	41
5137	54
5138	37
5139	47
5140	44
5141	37
5142	41
5143	47
5144	38
5145	44
5146	35
5147	46
5148	55
5149	40
5150	32
5151	45
5152	38
5153	44
5154	44
5155	43
5156	51
5157	43
5158	42
5159	33
5160	46
5161	36
5162	34
5163	34
5164	41
5165	37
5166	39
5167	36
5168	41
5169	41
5170	42
5171	37
5172	39
5173	39
5174	32
5175	39
5176	48
5177	35
5178	40
5179	49
5180	39
5181	34
5182	44
5183	35
5184	27
5185	30
5186	48
5187	50
5188	34
5189	39
5190	43
5191	38
5192	31
5193	34
5194	42
5195	39
5196	45
5197	37
5198	45
5199	37
5200	37
5201	39
5202	30
5203	38
5204	25
5205	39
5206	45
5207	32
5208	38
5209	37
5210	36
5211	46
5212	46
5213	35
5214	36
5215	45
5216	36
5217	22
5218	45
5219	35
5220	36
5221	43
5222	35
5223	34
5224	36
5225	33
5226	33
5227	33
5228	29
5229	37
5230	35
5231	32
5232	31
5233	34
5234	39
5235	35
5236	24
5237	27
5238	31
5239	32
5240	36
5241	34
5242	36
5243	29
5244	29
5245	49
5246	34
5247	37
5248	37
5249	43
5250	38
5251	22
5252	44
5253	29
5254	37
5255	37
5256	29
5257	26
5258	31
5259	32
5260	34
5261	42
5262	26
5263	23
5264	22
5265	28
5266	34
5267	26
5268	30
5269	37
5270	31
5271	31
5272	36
5273	28
5274	35
5275	32
5276	32
5277	38
5278	31
5279	38
5280	27
5281	33
5282	41
5283	31
5284	41
5285	29
5286	28
5287	38
5288	27
5289	28
5290	40
5291	39
5292	32
5293	32
5294	27
5295	28
5296	43
5297	36
5298	30
5299	26
5300	36
5301	30
5302	28
5303	27
5304	39
5305	36
5306	29
5307	40
5308	30
5309	32
5310	34
5311	26
5312	30
5313	33
5314	30
5315	42
5316	38
5317	34
5318	35
5319	27
5320	29
5321	30
5322	27
5323	39
5324	29
5325	18
5326	33
5327	32
5328	23
5329	36
5330	23
5331	36
5332	28
5333	41
5334	33
5335	28
5336	36
5337	42
5338	38
5339	44
5340	38
5341	40
5342	47
5343	40
5344	29
5345	34
5346	28
5347	34
5348	28
5349	37
5350	38
5351	23
5352	31
5353	34
5354	25
5355	32
5356	29
5357	38
5358	39
5359	37
5360	28
5361	34
5362	28
5363	21
5364	35
5365	29
5366	41
5367	30
5368	32
5369	30
5370	28
5371	38
5372	25
5373	25
5374	29
5375	27
5376	23
5377	35
5378	34
5379	33
5380	29
5381	32
5382	29
5383	31
5384	35
5385	34
5386	32
5387	25
5388	32
5389	32
5390	30
5391	34
5392	33
5393	25
5394	38
5395	37
5396	32
5397	34
5398	35
5399	31
5400	27
5401	24
5402	24
5403	31
5404	31
5405	20
5406	36
5407	27
5408	38
5409	29
5410	34
5411	28
5412	21
5413	31
5414	26
5415	24
5416	25
5417	32
5418	30
5419	24
5420	36
5421	28
5422	19
5423	31
5424	40
5425	36
5426	21
5427	36
5428	22
5429	27
5430	30
5431	22
5432	33
5433	22
5434	37
5435	32
5436	20
5437	35
5438	29
5439	24
5440	24
5441	30
5442	32
5443	23
5444	26
5445	32
5446	19
5447	25
5448	21
5449	26
5450	28
5451	19
5452	28
5453	34
5454	36
5455	28
5456	28
5457	31
5458	23
5459	36
5460	24
5461	16
5462	23
5463	22
5464	29
5465	22
5466	24
5467	20
5468	17
5469	25
5470	21
5471	29
5472	22
5473	22
5474	31
5475	24
5476	41
5477	28
5478	28
5479	22
5480	35
5481	21
5482	24
5483	29
5484	23
5485	26
5486	21
5487	30
5488	28
5489	28
5490	30
5491	18
5492	29
5493	25
5494	32
5495	18
5496	25
5497	25
5498	29
5499	35
5500	35
5501	31
5502	21
5503	31
5504	20
5505	18
5506	26
5507	26
5508	16
5509	27
5510	19
5511	25
5512	21
5513	29
5514	30
5515	29
5516	21
5517	23
5518	28
5519	38
5520	26
5521	27
5522	30
5523	27
5524	18
5525	33
5526	26
5527	20
5528	20
5529	19
5530	31
5531	19
5532	23
5533	31
5534	30
5535	24
5536	25
5537	26
5538	26
5539	28
5540	28
5541	25
5542	41
5543	34
5544	17
5545	24
5546	27
5547	25
5548	26
5549	22
5550	24
5551	34
5552	21
5553	24
5554	31
5555	23
5556	23
5557	22
5558	36
5559	26
5560	28
5561	26
5562	27
5563	24
5564	27
5565	27
5566	23
5567	34
5568	28
5569	26
5570	34
5571	22
5572	23
5573	24
5574	28
5575	26
5576	23
5577	23
5578	29
5579	23
5580	17
5581	23
5582	20
5583	28
5584	19
5585	21
5586	30
5587	25
5588	36
5589	22
5590	23
5591	25
5592	26
5593	30
5594	29
5595	28
5596	22
5597	31
5598	30
5599	20
5600	22
5601	31
5602	28
5603	18
5604	20
5605	28
5606	25
5607	21
5608	20
5609	28
5610	36
5611	28
5612	31
5613	25
5614	32
5615	25
5616	24
5617	33
5618	19
5619	20
5620	24
5621	24
5622	25
5623	21
5624	27
5625	28
5626	32
5627	21
5628	22
5629	28
5630	31
5631	26
5632	21
5633	24
5634	19
5635	23
5636	23
5637	28
5638	18
5639	19
5640	25
5641	25
5642	20
5643	16
5644	29
5645	27
5646	23
5647	30
5648	25
5649	21
5650	27
5651	35
5652	19
5653	22
5654	19
5655	31
5656	21
5657	20
5658	20
5659	13
5660	27
5661	20
5662	25
5663	21
5664	23
5665	26
5666	14
5667	24
5668	24
5669	18
5670	29
5671	21
5672	15
5673	26
5674	31
5675	21
5676	18
5677	27
5678	30
5679	36
5680	21
5681	26
5682	22
5683	22
5684	20
5685	18
5686	20
5687	19
5688	30
5689	26
5690	24
5691	17
5692	25
5693	22
5694	21
5695	19
5696	22
5697	18
5698	23
5699	27
5700	21
5701	22
5702	22
5703	31
5704	22
5705	26
5706	20
5707	22
5708	19
5709	24
5710	15
5711	19
5712	21
5713	20
5714	29
5715	26
5716	25
5717	18
5718	23
5719	21
5720	21
5721	20
5722	20
5723	21
5724	27
5725	20
5726	22
5727	28
5728	28
5729	14
5730	27
5731	19
5732	33
5733	25
5734	17
5735	21
5736	21
5737	22
5738	20
5739	18
5740	22
5741	27
5742	14
5743	20
5744	28
5745	29
5746	27
5747	21
5748	27
5749	21
5750	25
5751	15
5752	21
5753	22
5754	18
5755	25
5756	26
5757	22
5758	31
5759	26
5760	19
5761	20
5762	36
5763	29
5764	23
5765	23
5766	22
5767	17
5768	21
5769	25
5770	17
5771	23
5772	22
5773	24
5774	26
5775	18
5776	15
5777	22
5778	25
5779	14
5780	24
5781	13
5782	21
5783	21
5784	19
5785	29
5786	26
5787	16
5788	11
5789	20
5790	15
5791	23
5792	23
5793	22
5794	21
5795	17
5796	25
5797	22
5798	14
5799	20
5800	20
5801	23
5802	25
5803	27
5804	16
5805	31
5806	22
5807	28
5808	18
5809	22
5810	17
5811	21
5812	19
5813	25
5814	26
5815	29
5816	20
5817	19
5818	26
5819	20
5820	27
5821	14
5822	23
5823	22
5824	20
5825	16
5826	27
5827	18
5828	29
5829	29
5830	22
5831	16
5832	26
5833	25
5834	19
5835	20
5836	18
5837	32
5838	21
5839	12
5840	33
5841	25
5842	17
5843	25
5844	24
5845	24
5846	21
5847	24
5848	23
5849	17
5850	16
5851	29
5852	22
5853	20
5854	17
5855	24
5856	20
5857	25
5858	17
5859	33
5860	25
5861	11
5862	26
5863	30
5864	17
5865	20
5866	23
5867	25
5868	15
5869	25
5870	23
5871	27
5872	21
5873	25
5874	23
5875	22
5876	19
5877	14
5878	21
5879	39
5880	16
5881	15
5882	18
5883	20
5884	18
5885	18
5886	26
5887	23
5888	28
5889	20
5890	23
5891	23
5892	23
5893	21
5894	27
5895	22
5896	27
5897	14
5898	14
5899	21
5900	32
5901	24
5902	21
5903	24
5904	20
5905	15
5906	21
5907	25
5908	18
5909	25
5910	19
5911	28
5912	29
5913	25
5914	19
5915	22
5916	24
5917	18
5918	26
5919	19
5920	25
5921	22
5922	22
5923	19
5924	18
5925	23
5926	26
5927	17
5928	17
5929	23
5930	23
5931	31
5932	28
5933	22
5934	19
5935	20
5936	17
5937	17
5938	20
5939	29
5940	27
5941	23
5942	36
5943	21
5944	25
5945	25
5946	18
5947	22
5948	23
5949	23
5950	20
5951	22
5952	16
5953	25
5954	14
5955	24
5956	30
5957	28
5958	21
5959	26
5960	16
5961	19
5962	14
5963	25
5964	23
5965	36
5966	30
5967	19
5968	22
5969	20
5970	24
5971	30
5972	26
5973	19
5974	26
5975	20
5976	22
5977	19
5978	23
5979	30
5980	23
5981	13
5982	21
5983	21
5984	22
5985	19
5986	18
5987	25
5988	23
5989	26
5990	15
5991	24
5992	17
5993	25
5994	21
5995	19
5996	21
5997	25
5998	30
5999	18
6000	25
6001	17
6002	20
6003	31
6004	23
6005	26
6006	23
6007	24
6008	21
6009	22
6010	21
6011	32
6012	27
6013	31
6014	23
6015	23
6016	15
6017	19
6018	22
6019	25
6020	29
6021	19
6022	22
6023	15
6024	26
6025	20
6026	17
6027	19
6028	25
6029	24
6030	14
6031	34
6032	19
6033	21
6034	30
6035	26
6036	24
6037	21
6038	22
6039	29
6040	19
6041	23
6042	23
6043	24
6044	30
6045	26
6046	18
6047	34
6048	18
6049	27
6050	29
6051	21
6052	26
6053	19
6054	16
6055	20
6056	22
6057	24
6058	25
6059	18
6060	25
6061	19
6062	11
6063	16
6064	23
6065	16
6066	28
6067	18
6068	34
6069	23
6070	16
6071	30
6072	15
6073	18
6074	30
6075	16
6076	23
6077	26
6078	16
6079	24
6080	16
6081	26
6082	19
6083	28
6084	24
6085	28
6086	26
6087	25
6088	35
6089	22
6090	19
6091	22
6092	24
6093	28
6094	23
6095	11
6096	32
6097	21
6098	27
6099	24
6100	13
6101	25
6102	30
6103	23
6104	30
6105	27
6106	33
6107	28
6108	21
6109	25
6110	22
6111	31
6112	22
6113	24
6114	17
6115	30
6116	26
6117	22
6118	23
6119	24
6120	23
6121	23
6122	19
6123	17
6124	22
6125	36
6126	19
6127	26
6128	29
6129	24
6130	31
6131	30
6132	16
6133	26
6134	26
6135	31
6136	29
6137	21
6138	21
6139	21
6140	24
6141	29
6142	23
6143	15
6144	22
6145	25
6146	28
6147	20
6148	26
6149	15
6150	31
6151	20
6152	21
6153	32
6154	24
6155	24
6156	31
6157	35
6158	20
6159	23
6160	18
6161	38
6162	29
6163	26
6164	29
6165	13
6166	31
6167	16
6168	20
6169	30
6170	26
6171	37
6172	30
6173	29
6174	24
6175	29
6176	24
6177	29
6178	16
6179	34
6180	27
6181	25
6182	19
6183	30
6184	24
6185	36
6186	33
6187	19
6188	20
6189	23
6190	33
6191	42
6192	16
6193	26
6194	25
6195	25
6196	30
6197	16
6198	31
6199	36
6200	23
6201	31
6202	23
6203	28
6204	17
6205	26
6206	15
6207	25
6208	28
6209	38
6210	30
6211	19
6212	27
6213	20
6214	33
6215	33
6216	26
6217	26
6218	36
6219	27
6220	27
6221	30
6222	32
6223	27
6224	37
6225	43
6226	23
6227	28
6228	31
6229	39
6230	23
6231	33
6232	22
6233	31
6234	30
6235	37
6236	26
6237	32
6238	46
6239	35
6240	28
6241	38
6242	40
6243	39
6244	32
6245	36
6246	38
6247	25
6248	43
6249	32
6250	38
6251	31
6252	30
6253	37
6254	33
6255	33
6256	33
6257	46
6258	45
6259	44
6260	38
6261	38
6262	40
6263	28
6264	42
6265	36
6266	38
6267	40
6268	39
6269	38
6270	37
6271	42
6272	29
6273	40
6274	33
6275	35
6276	42
6277	32
6278	34
6279	44
6280	48
6281	36
6282	43
6283	52
6284	36
6285	34
6286	29
6287	42
6288	36
6289	44
6290	50
6291	48
6292	39
6293	43
6294	46
6295	41
6296	44
6297	46
6298	43
6299	44
6300	39
6301	50
6302	49
6303	42
6304	36
6305	48
6306	47
6307	46
6308	55
6309	57
6310	42
6311	64
6312	42
6313	50
6314	51
6315	47
6316	48
6317	55
6318	56
6319	45
6320	50
6321	59
6322	60
6323	53
6324	58
6325	39
6326	54
6327	53
6328	49
6329	50
6330	70
6331	72
6332	42
6333	58
6334	49
6335	52
6336	63
6337	48
6338	67
6339	63
6340	66
6341	55
6342	53
6343	67
6344	68
6345	49
6346	67
6347	59
6348	52
6349	43
6350	58
6351	71
6352	59
6353	67
6354	62
6355	70
6356	67
6357	73
6358	57
6359	71
6360	64
6361	70
6362	58
6363	64
6364	68
6365	71
6366	76
6367	75
6368	59
6369	52
6370	64
6371	65
6372	83
6373	75
6374	75
6375	73
6376	86
6377	73
6378	70
6379	86
6380	87
6381	75
6382	66
6383	98
6384	69
6385	79
6386	102
6387	65
6388	92
6389	96
6390	84
6391	84
6392	80
6393	74
6394	90
6395	72
6396	73
6397	88
6398	79
6399	90
6400	93
6401	91
6402	90
6403	78
6404	93
6405	89
6406	100
6407	74
6408	77
6409	93
6410	88
6411	88
6412	91
6413	86
6414	86
6415	118
6416	93
6417	101
6418	91
6419	102
6420	99
6421	99
6422	101
6423	108
6424	113
6425	100
6426	108
6427	131
6428	104
6429	106
6430	114
6431	114
6432	128
6433	104
6434	107
6435	119
6436	93
6437	137
6438	124
6439	144
6440	107
6441	110
6442	128
6443	139
6444	138
6445	139
6446	122
6447	139
6448	142
6449	123
6450	139
6451	136
6452	134
6453	115
6454	136
6455	163
6456	134
6457	161
6458	125
6459	151
6460	155
6461	181
6462	160
6463	136
6464	140
6465	133
6466	161
6467	139
6468	148
6469	146
6470	138
6471	141
6472	147
6473	143
6474	149
6475	189
6476	164
6477	153
6478	158
6479	177
6480	162
6481	171
6482	160
6483	187
6484	189
6485	173
6486	184
6487	176
6488	167
6489	184
6490	190
6491	194
6492	195
6493	194
6494	171
6495	212
6496	201
6497	184
6498	171
6499	181
6500	188
6501	205
6502	181
6503	186
6504	218
6505	204
6506	185
6507	207
6508	222
6509	208
6510	197
6511	232
6512	205
6513	207
6514	191
6515	214
6516	239
6517	215
6518	223
6519	255
6520	219
6521	275
6522	219
6523	231
6524	238
6525	205
6526	232
6527	226
6528	237
6529	263
6530	226
6531	256
6532	249
6533	239
6534	266
6535	259
6536	230
6537	256
6538	280
6539	263
6540	263
6541	245
6542	258
6543	249
6544	290
6545	275
6546	279
6547	280
6548	278
6549	291
6550	305
6551	291
6552	291
6553	282
6554	293
6555	283
6556	290
6557	318
6558	318
6559	303
6560	297
6561	298
6562	306
6563	326
6564	280
6565	345
6566	335
6567	301
6568	349
6569	308
6570	325
6571	322
6572	315
6573	328
6574	336
6575	328
6576	316
6577	333
6578	328
6579	330
6580	369
6581	335
6582	362
6583	336
6584	352
6585	382
6586	355
6587	352
6588	405
6589	367
6590	352
6591	381
6592	367
6593	379
6594	359
6595	384
6596	404
6597	415
6598	366
6599	377
6600	362
6601	380
6602	400
6603	387
6604	396
6605	410
6606	412
6607	390
6608	414
6609	377
6610	374
6611	412
6612	383
6613	441
6614	435
6615	400
6616	458
6617	438
6618	458
6619	450
6620	468
6621	420
6622	455
6623	452
6624	440
6625	450
6626	456
6627	449
6628	458
6629	458
6630	466
6631	418
6632	467
6633	439
6634	453
6635	509
6636	499
6637	470
6638	498
6639	507
6640	509
6641	495
6642	492
6643	479
6644	522
6645	546
6646	523
6647	501
6648	510
6649	534
6650	543
6651	507
6652	535
6653	534
6654	507
6655	490
6656	574
6657	509
6658	587
6659	560
6660	554
6661	542
6662	523
6663	535
6664	542
6665	557
6666	548
6667	568
6668	520
6669	573
6670	616
6671	601
6672	555
6673	609
6674	615
6675	564
6676	591
6677	592
6678	600
6679	603
6680	629
6681	596
6682	640
6683	625
6684	604
6685	572
6686	640
6687	625
6688	656
6689	665
6690	648
6691	629
6692	699
6693	624
6694	601
6695	664
6696	641
6697	707
6698	631
6699	674
6700	631
6701	680
6702	683
6703	687
6704	680
6705	679
6706	710
6707	649
6708	683
6709	731
6710	721
6711	730
6712	705
6713	731
6714	737
6715	674
6716	724
6717	725
6718	751
6719	729
6720	716
6721	677
6722	712
6723	717
6724	735
6725	724
6726	703
6727	759
6728	729
6729	741
6730	772
6731	794
6732	729
6733	713
6734	740
6735	786
6736	763
6737	783
6738	795
6739	792
6740	794
6741	755
6742	728
6743	803
6744	805
6745	764
6746	786
6747	817
6748	795
6749	820
6750	790
6751	826
6752	819
6753	859
6754	786
6755	818
6756	780
6757	839
6758	801
6759	777
6760	809
6761	808
6762	820
6763	848
6764	890
6765	812
6766	823
6767	856
6768	856
6769	896
6770	850
6771	837
6772	841
6773	815
6774	849
6775	890
6776	889
6777	872
6778	889
6779	842
6780	868
6781	894
6782	876
6783	839
6784	907
6785	892
6786	843
6787	913
6788	875
6789	949
6790	899
6791	893
6792	946
6793	919
6794	892
6795	905
6796	935
6797	900
6798	923
6799	918
6800	977
6801	924
6802	916
6803	897
6804	973
6805	939
6806	849
6807	922
6808	886
6809	914
6810	883
6811	952
6812	900
6813	953
6814	925
6815	940
6816	977
6817	920
6818	900
6819	998
6820	888
6821	979
6822	967
6823	934
6824	969
6825	960
6826	1004
6827	950
6828	1009
6829	916
6830	948
6831	1008
6832	968
6833	969
6834	957
6835	934
6836	977
6837	951
6838	999
6839	972
6840	937
6841	1030
6842	989
6843	975
6844	971
6845	929
6846	944
6847	993
6848	996
6849	977
6850	969
6851	1025
6852	1030
6853	994
6854	945
6855	1008
6856	988
6857	1001
6858	1010
6859	1001
6860	988
6861	991
6862	979
6863	966
6864	989
6865	1034
6866	991
6867	1037
6868	975
6869	1049
6870	1050
6871	1006
6872	1024
6873	1000
6874	1008
6875	988
6876	1001
6877	1016
6878	983
6879	1023
6880	1062
6881	1042
6882	1046
6883	906
6884	976
6885	996
6886	1029
6887	1003
6888	1006
6889	999
6890	1022
6891	1048
6892	1053
6893	1046
6894	1038
6895	1058
6896	1006
6897	979
6898	989
6899	1027
6900	984
6901	1008
6902	1009
6903	984
6904	974
6905	1048
6906	1033
6907	1002
6908	998
6909	1025
6910	1055
6911	998
6912	985
6913	1010
6914	976
6915	951
6916	977
6917	978
6918	995
6919	1007
6920	1013
6921	983
6922	957
6923	928
6924	984
6925	1047
6926	1060
6927	1016
6928	1026
6929	971
6930	1032
6931	927
6932	1013
6933	963
6934	879
6935	958
6936	994
6937	983
6938	987
6939	988
6940	934
6941	949
6942	966
6943	961
6944	935
6945	1012
6946	918
6947	970
6948	992
6949	949
6950	925
6951	932
6952	922
6953	915
6954	965
6955	953
6956	971
6957	913
6958	937
6959	972
6960	914
6961	930
6962	929
6963	926
6964	934
6965	917
6966	960
6967	883
6968	919
6969	882
6970	880
6971	956
6972	937
6973	910
6974	920
6975	846
6976	857
6977	859
6978	901
6979	874
6980	899
6981	890
6982	907
6983	832
6984	886
6985	885
6986	907
6987	815
6988	843
6989	892
6990	881
6991	891
6992	890
6993	877
6994	812
6995	846
6996	859
6997	803
6998	884
6999	895
7000	844
7001	861
7002	809
7003	869
7004	852
7005	792
7006	796
7007	823
7008	819
7009	820
7010	791
7011	774
7012	762
7013	801
7014	813
7015	784
7016	796
7017	828
7018	772
7019	832
7020	740
7021	801
7022	807
7023	764
7024	777
7025	743
7026	791
7027	744
7028	760
7029	755
7030	792
7031	750
7032	756
7033	693
7034	767
7035	730
7036	768
7037	742
7038	737
7039	729
7040	677
7041	735
7042	774
7043	684
7044	694
7045	725
7046	687
7047	729
7048	690
7049	711
7050	671
7051	720
7052	691
7053	672
7054	663
7055	677
7056	661
7057	690
7058	654
7059	663
7060	691
7061	640
7062	659
7063	633
7064	665
7065	659
7066	624
7067	679
7068	612
7069	641
7070	655
7071	630
7072	645
7073	588
7074	606
7075	646
7076	574
7077	610
7078	634
7079	565
7080	590
7081	591
7082	618
7083	599
7084	576
7085	565
7086	606
7087	554
7088	593
7089	590
7090	601
7091	576
7092	597
7093	571
7094	593
7095	570
7096	560
7097	534
7098	540
7099	567
7100	519
7101	505
7102	545
7103	511
7104	487
7105	480
7106	468
7107	491
7108	521
7109	497
7110	555
7111	497
7112	530
7113	505
7114	509
7115	435
7116	487
7117	492
7118	483
7119	462
7120	474
7121	490
7122	453
7123	449
7124	492
7125	469
7126	450
7127	465
7128	411
7129	440
7130	435
7131	456
7132	411
7133	425
7134	416
7135	411
7136	412
7137	442
7138	415
7139	438
7140	405
7141	452
7142	394
7143	369
7144	367
7145	404
7146	365
7147	396
7148	381
7149	420
7150	364
7151	363
7152	400
7153	366
7154	352
7155	376
7156	370
7157	317
7158	369
7159	349
7160	368
7161	343
7162	365
7163	335
7164	346
7165	349
7166	306
7167	328
7168	307
7169	327
7170	319
7171	323
7172	323
7173	317
7174	320
7175	340
7176	307
7177	284
7178	330
7179	309
7180	305
7181	314
7182	306
7183	302
7184	269
7185	319
7186	284
7187	319
7188	292
7189	290
7190	267
7191	268
7192	266
7193	284
7194	271
7195	278
7196	246
7197	272
7198	222
7199	226
7200	258
7201	263
7202	221
7203	254
7204	235
7205	228
7206	238
7207	216
7208	226
7209	220
7210	244
7211	260
7212	194
7213	213
7214	209
7215	216
7216	191
7217	236
7218	197
7219	229
7220	221
7221	214
7222	231
7223	206
7224	208
7225	223
7226	227
7227	197
7228	172
7229	203
7230	184
7231	172
7232	186
7233	202
7234	176
7235	190
7236	183
7237	177
7238	202
7239	171
7240	176
7241	181
7242	164
7243	151
7244	166
7245	162
7246	151
7247	150
7248	184
7249	134
7250	162
7251	129
7252	144
7253	147
7254	166
7255	146
7256	150
7257	133
7258	143
7259	141
7260	138
7261	125
7262	135
7263	130
7264	133
7265	138
7266	128
7267	129
7268	124
7269	127
7270	118
7271	135
7272	126
7273	107
7274	120
7275	97
7276	129
7277	106
7278	115
7279	121
7280	115
7281	96
7282	105
7283	92
7284	78
7285	108
7286	114
7287	88
7288	104
7289	106
7290	88
7291	99
7292	91
7293	96
7294	102
7295	91
7296	73
7297	61
7298	74
7299	88
7300	96
7301	86
7302	90
7303	83
7304	86
7305	72
7306	96
7307	84
7308	79
7309	76
7310	87
7311	81
7312	73
7313	60
7314	77
7315	61
7316	66
7317	78
7318	61
7319	62
7320	69
7321	63
7322	66
7323	64
7324	70
7325	57
7326	61
7327	71
7328	68
7329	73
7330	60
7331	54
7332	63
7333	53
7334	50
7335	47
7336	54
7337	51
7338	51
7339	51
7340	58
7341	56
7342	59
7343	44
7344	43
7345	58
7346	46
7347	54
7348	49
7349	46
7350	34
7351	40
7352	55
7353	48
7354	43
7355	49
7356	46
7357	37
7358	44
7359	41
7360	40
7361	44
7362	31
7363	36
7364	34
7365	40
7366	38
7367	34
7368	29
7369	32
7370	35
7371	23
7372	25
7373	44
7374	35
7375	32
7376	30
7377	26
7378	35
7379	37
7380	20
7381	28
7382	32
7383	35
7384	32
7385	28
7386	21
7387	22
7388	29
7389	31
7390	24
7391	17
7392	21
7393	11
7394	27
7395	24
7396	17
7397	20
7398	16
7399	22
7400	24
7401	21
7402	26
7403	23
7404	21
7405	24
7406	24
7407	18
7408	15
7409	23
7410	19
7411	15
7412	16
7413	16
7414	11
7415	22
7416	17
7417	26
7418	19
7419	9
7420	14
7421	15
7422	18
7423	14
7424	12
7425	15
7426	13
7427	15
7428	18
7429	12
7430	14
7431	14
7432	8
7433	7
7434	15
7435	17
7436	15
7437	15
7438	13
7439	9
7440	10
7441	15
7442	14
7443	9
7444	11
7445	14
7446	14
7447	6
7448	12
7449	21
7450	12
7451	14
7452	7
7453	6
7454	8
7455	17
7456	10
7457	9
7458	10
7459	9
7460	10
7461	7
7462	3
7463	12
7464	7
7465	9
7466	8
7467	9
7468	4
7469	2
7470	5
7471	7
7472	4
7473	8
7474	8
7475	6
7476	5
7477	4
7478	6
7479	5
7480	6
7481	11
7482	1
7483	5
7484	3
7485	6
7486	3
7487	5
7488	5
7489	8
7490	3
7491	5
7492	5
7493	4
7494	2
7495	4
7496	10
7497	6
7498	4
7499	2
7500	2
7501	2
7502	6
7503	10
7504	3
7505	2
7506	2
7507	4
7508	7
7509	4
7510	4
7511	6
7512	4
7513	6
7514	3
7515	4
7516	7
7517	0
7518	2
7519	6
7520	6
7521	5
7522	2
7523	4
7524	3
7525	4
7526	3
7527	2
7528	2
7529	5
7530	5
7531	4
7532	5
7533	7
7534	3
7535	6
7536	6
7537	1
7538	3
7539	5
7540	5
7541	1
7542	2
7543	4
7544	1
7545	2
7546	2
7547	3
7548	1
7549	4
7550	2
7551	0
7552	0
7553	1
7554	0
7555	3
7556	1
7557	0
7558	4
7559	2
7560	0
7561	4
7562	1
7563	1
7564	0
7565	2
7566	3
7567	5
7568	3
7569	3
7570	1
7571	2
7572	2
7573	1
7574	0
7575	3
7576	1
7577	1
7578	3
7579	2
7580	1
7581	3
7582	1
7583	4
7584	2
7585	3
7586	4
7587	0
7588	1
7589	2
7590	0
7591	2
7592	2
7593	2
7594	2
7595	2
7596	0
7597	0
7598	4
7599	1
7600	0
7601	0
7602	3
7603	0
7604	3
7605	0
7606	2
7607	1
7608	1
7609	2
7610	4
7611	3
7612	3
7613	0
7614	4
7615	0
7616	2
7617	2
7618	0
7619	0
7620	0
7621	0
7622	0
7623	5
7624	0
7625	0
7626	0
7627	4
7628	1
7629	3
7630	1
7631	2
7632	0
7633	0
7634	2
7635	2
7636	2
7637	2
7638	2
7639	3
7640	3
7641	6
7642	1
7643	2
7644	1
7645	0
7646	2
7647	2
7648	3
7649	1
7650	1
7651	2
7652	0
7653	0
7654	2
7655	2
7656	1
7657	2
7658	2
7659	1
7660	2
7661	2
7662	1
7663	1
7664	0
7665	1
7666	1
7667	3
7668	0
7669	1
7670	1
7671	0
7672	1
7673	2
7674	5
7675	0
7676	2
7677	0
7678	3
7679	0
7680	0
7681	0
7682	1
7683	5
7684	1
7685	2
7686	2
7687	1
7688	2
7689	1
7690	0
7691	0
7692	3
7693	2
7694	1
7695	1
7696	2
7697	2
7698	0
7699	0
7700	1
7701	1
7702	0
7703	2
7704	1
7705	1
7706	0
7707	4
7708	0
7709	1
7710	3
7711	2
7712	2
7713	1
7714	2
7715	1
7716	2
7717	1
7718	2
7719	2
7720	3
7721	1
7722	1
7723	0
7724	2
7725	1
7726	0
7727	0
7728	0
7729	3
7730	2
7731	1
7732	4
7733	1
7734	0
7735	4
7736	0
7737	1
7738	0
7739	1
7740	0
7741	1
7742	0
7743	4
7744	0
7745	1
7746	2
7747	1
7748	0
7749	2
7750	3
7751	0
7752	2
7753	2
7754	2
7755	2
7756	3
7757	0
7758	2
7759	0
7760	2
7761	1
7762	1
7763	0
7764	0
7765	1
7766	2
7767	0
7768	3
7769	2
7770	0
7771	0
7772	0
7773	1
7774	6
7775	0
7776	0
7777	1
7778	3
7779	1
7780	5
7781	2
7782	1
7783	3
7784	0
7785	2
7786	2
7787	1
7788	1
7789	2
7790	1
7791	6
7792	5
7793	3
7794	1
7795	1
7796	0
7797	2
7798	0
7799	0
7800	1
7801	1
7802	0
7803	1
7804	0
7805	1
7806	0
7807	3
7808	1
7809	0
7810	2
7811	1
7812	0
7813	1
7814	4
7815	1
7816	3
7817	2
7818	0
7819	0
7820	2
7821	0
7822	2
7823	1
7824	2
7825	1
7826	2
7827	1
7828	3
7829	1
7830	0
7831	2
7832	2
7833	1
7834	0
7835	2
7836	0
7837	3
7838	1
7839	1
7840	1
7841	1
7842	1
7843	1
7844	1
7845	1
7846	2
7847	0
7848	0
7849	0
7850	3
7851	1
7852	1
7853	1
7854	1
7855	1
7856	0
7857	3
7858	2
7859	1
7860	1
7861	0
7862	2
7863	0
7864	3
7865	0
7866	3
7867	1
7868	1
7869	1
7870	1
7871	1
7872	1
7873	1
7874	0
7875	2
7876	0
7877	1
7878	0
7879	2
7880	1
7881	2
7882	2
7883	1
7884	0
7885	1
7886	1
7887	1
7888	0
7889	0
7890	1
7891	1
7892	2
7893	3
7894	2
7895	3
7896	3
7897	2
7898	3
7899	0
7900	2
7901	1
7902	4
7903	1
7904	0
7905	1
7906	0
7907	1
7908	0
7909	3
7910	1
7911	1
7912	2
7913	1
7914	2
7915	0
7916	1
7917	2
7918	2
7919	3
7920	0
7921	2
7922	2
7923	0
7924	1
7925	1
7926	0
7927	1
7928	2
7929	2
7930	0
7931	2
7932	1
7933	0
7934	2
7935	0
7936	2
7937	3
7938	2
7939	1
7940	1
7941	3
7942	0
7943	0
7944	3
7945	0
7946	0
7947	2
7948	0
7949	2
7950	0
7951	2
7952	0
7953	0
7954	1
7955	2
7956	1
7957	1
7958	0
7959	3
7960	0
7961	1
7962	1
7963	1
7964	2
7965	1
7966	2
7967	1
7968	0
7969	1
7970	2
7971	2
7972	0
7973	0
7974	1
7975	0
7976	0
7977	1
7978	1
7979	1
7980	0
7981	1
7982	2
7983	1
7984	2
7985	0
7986	1
7987	1
7988	0
7989	1
7990	0
7991	2
7992	3
7993	0
7994	0
7995	0
7996	0
7997	1
7998	3
7999	0
8000	2
8001	2
8002	2
8003	2
8004	0
8005	1
8006	2
8007	1
8008	0
8009	1
8010	1
8011	2
8012	1
8013	1
8014	1
8015	3
8016	1
8017	1
8018	3
8019	0
8020	3
8021	1
8022	1
8023	3
8024	0
8025	2
8026	2
8027	2
8028	1
8029	1
8030	0
8031	1
8032	2
8033	1
8034	2
8035	4
8036	0
8037	2
8038	1
8039	0
8040	1
8041	1
8042	2
8043	1
8044	1
8045	0
8046	3
8047	1
8048	2
8049	0
8050	2
8051	2
8052	2
8053	0
8054	4
8055	1
8056	0
8057	3
8058	1
8059	1
8060	3
8061	1
8062	0
8063	2
8064	3
8065	1
8066	1
8067	3
8068	1
8069	3
8070	0
8071	0
8072	2
8073	1
8074	2
8075	3
8076	0
8077	2
8078	1
8079	1
8080	2
8081	1
8082	0
8083	2
8084	1
8085	3
8086	1
8087	3
8088	0
8089	0
8090	0
8091	2
8092	0
8093	0
8094	0
8095	1
8096	1
8097	2
8098	1
8099	0
8100	0
8101	0
8102	0
8103	0
8104	0
8105	0
8106	0
8107	0
8108	0
8109	0
8110	0
8111	0
8112	0
8113	0
8114	0
8115	0
8116	0
8117	0
8118	0
8119	0
8120	0
8121	0
8122	0
8123	0
8124	0
8125	0
8126	0
8127	0
8128	0
8129	0
8130	0
8131	0
8132	0
8133	0
8134	0
8135	0
8136	0
8137	0
8138	0
8139	0
8140	0
8141	0
8142	0
8143	0
8144	0
8145	0
8146	0
8147	0
8148	0
8149	0
8150	0
8151	0
8152	0
8153	0
8154	0
8155	0
8156	0
8157	0
8158	0
8159	0
8160	0
8161	0
8162	0
8163	0
8164	0
8165	0
8166	0
8167	0
8168	0
8169	0
8170	0
8171	0
8172	0
8173	0
8174	0
8175	0
8176	0
8177	0
8178	0
8179	0
8180	0
8181	0
8182	0
8183	0
8184	0
8185	0
8186	0
8187	0
8188	0
8189	0
8190	0
8191	0
