0	0
1	0
2	0
3	0
4	0
5	0
6	0
7	0
8	0
9	0
10	0
11	0
12	0
13	0
14	0
15	0
16	0
17	0
18	0
19	0
20	0
21	0
22	0
23	0
24	0
25	0
26	0
27	0
28	0
29	0
30	0
31	0
32	0
33	0
34	0
35	0
36	0
37	0
38	0
39	0
40	0
41	0
42	0
43	0
44	0
45	0
46	0
47	0
48	0
49	0
50	0
51	0
52	0
53	0
54	0
55	0
56	0
57	0
58	0
59	0
60	0
61	0
62	0
63	0
64	0
65	0
66	0
67	0
68	0
69	0
70	0
71	0
72	0
73	0
74	0
75	0
76	0
77	0
78	0
79	0
80	0
81	0
82	0
83	0
84	0
85	0
86	0
87	0
88	0
89	0
90	0
91	0
92	0
93	0
94	0
95	0
96	0
97	0
98	0
99	0
100	0
101	0
102	0
103	0
104	0
105	0
106	0
107	0
108	0
109	0
110	0
111	0
112	0
113	0
114	0
115	0
116	0
117	0
118	0
119	0
120	0
121	0
122	0
123	0
124	0
125	0
126	0
127	0
128	0
129	0
130	0
131	0
132	0
133	0
134	0
135	0
136	0
137	0
138	0
139	0
140	0
141	0
142	0
143	0
144	0
145	0
146	0
147	0
148	0
149	0
150	0
151	0
152	0
153	0
154	0
155	0
156	0
157	0
158	0
159	0
160	0
161	0
162	0
163	0
164	0
165	0
166	0
167	0
168	0
169	0
170	0
171	0
172	0
173	0
174	0
175	0
176	0
177	0
178	0
179	3
180	3
181	17
182	39
183	36
184	52
185	43
186	46
187	45
188	43
189	41
190	37
191	33
192	40
193	32
194	38
195	30
196	43
197	45
198	31
199	33
200	30
201	31
202	37
203	54
204	36
205	38
206	37
207	41
208	31
209	43
210	29
211	24
212	27
213	40
214	32
215	34
216	34
217	24
218	28
219	39
220	47
221	46
222	39
223	37
224	41
225	45
226	48
227	41
228	42
229	27
230	23
231	33
232	41
233	38
234	33
235	23
236	35
237	36
238	40
239	39
240	41
241	26
242	34
243	42
244	32
245	44
246	42
247	39
248	41
249	34
250	29
251	31
252	36
253	45
254	23
255	33
256	35
257	42
258	30
259	41
260	35
261	47
262	41
263	34
264	49
265	38
266	41
267	48
268	38
269	34
270	43
271	47
272	45
273	35
274	39
275	39
276	48
277	49
278	38
279	43
280	37
281	54
282	41
283	46
284	51
285	51
286	45
287	48
288	42
289	51
290	44
291	41
292	45
293	48
294	52
295	51
296	52
297	51
298	51
299	48
300	45
301	70
302	62
303	61
304	71
305	60
306	51
307	51
308	48
309	77
310	57
311	80
312	69
313	63
314	79
315	61
316	81
317	97
318	86
319	77
320	69
321	84
322	96
323	100
324	100
325	118
326	119
327	98
328	126
329	122
330	128
331	140
332	145
333	171
334	155
335	145
336	167
337	190
338	201
339	183
340	168
341	203
342	222
343	198
344	243
345	228
346	234
347	245
348	259
349	284
350	247
351	240
352	246
353	284
354	304
355	300
356	312
357	292
358	313
359	296
360	326
361	284
362	338
363	316
364	322
365	313
366	329
367	318
368	306
369	311
370	285
371	305
372	281
373	304
374	283
375	272
376	279
377	265
378	269
379	281
380	242
381	271
382	253
383	226
384	250
385	238
386	240
387	217
388	222
389	225
390	194
391	187
392	197
393	171
394	169
395	157
396	181
397	165
398	143
399	139
400	156
401	124
402	159
403	145
404	132
405	135
406	131
407	104
408	98
409	116
410	128
411	113
412	95
413	99
414	96
415	99
416	105
417	94
418	75
419	83
420	88
421	87
422	75
423	81
424	72
425	84
426	69
427	70
428	61
429	74
430	75
431	60
432	59
433	59
434	55
435	51
436	53
437	59
438	65
439	51
440	44
441	51
442	43
443	47
444	50
445	51
446	50
447	50
448	38
449	43
450	36
451	47
452	50
453	34
454	45
455	46
456	28
457	36
458	25
459	31
460	29
461	41
462	35
463	36
464	42
465	25
466	34
467	32
468	33
469	30
470	38
471	33
472	23
473	23
474	31
475	30
476	30
477	28
478	26
479	27
480	26
481	33
482	30
483	26
484	31
485	30
486	31
487	34
488	40
489	31
490	30
491	36
492	21
493	28
494	24
495	32
496	17
497	39
498	31
499	25
500	32
501	24
502	26
503	36
504	28
505	35
506	33
507	40
508	25
509	32
510	40
511	32
512	36
513	22
514	37
515	27
516	27
517	21
518	39
519	25
520	34
521	34
522	32
523	41
524	34
525	30
526	27
527	33
528	26
529	31
530	24
531	39
532	44
533	20
534	27
535	23
536	27
537	33
538	26
539	23
540	42
541	35
542	36
543	30
544	36
545	33
546	31
547	40
548	33
549	33
550	37
551	42
552	38
553	30
554	35
555	29
556	28
557	38
558	28
559	38
560	40
561	30
562	39
563	43
564	36
565	34
566	32
567	43
568	29
569	40
570	44
571	28
572	33
573	28
574	34
575	48
576	39
577	39
578	38
579	33
580	33
581	41
582	36
583	35
584	40
585	30
586	36
587	17
588	20
589	49
590	38
591	48
592	38
593	43
594	25
595	42
596	27
597	44
598	36
599	37
600	43
601	43
602	45
603	34
604	45
605	37
606	35
607	43
608	38
609	44
610	40
611	47
612	42
613	39
614	31
615	38
616	31
617	51
618	37
619	44
620	42
621	41
622	31
623	37
624	32
625	45
626	36
627	33
628	42
629	32
630	30
631	45
632	40
633	32
634	39
635	42
636	34
637	44
638	32
639	37
640	49
641	34
642	31
643	33
644	49
645	45
646	43
647	29
648	32
649	28
650	38
651	42
652	34
653	37
654	34
655	33
656	36
657	45
658	38
659	31
660	43
661	34
662	33
663	34
664	30
665	25
666	37
667	31
668	45
669	34
670	32
671	40
672	40
673	20
674	47
675	31
676	28
677	29
678	39
679	39
680	36
681	31
682	36
683	25
684	27
685	30
686	34
687	40
688	30
689	39
690	34
691	29
692	30
693	34
694	41
695	34
696	26
697	41
698	36
699	37
700	23
701	36
702	28
703	38
704	35
705	28
706	35
707	38
708	26
709	34
710	36
711	36
712	31
713	38
714	44
715	35
716	20
717	33
718	38
719	40
720	43
721	37
722	27
723	40
724	29
725	39
726	28
727	30
728	34
729	30
730	38
731	29
732	31
733	32
734	34
735	32
736	22
737	27
738	41
739	30
740	40
741	31
742	31
743	32
744	38
745	52
746	34
747	42
748	32
749	45
750	25
751	37
752	41
753	34
754	28
755	41
756	35
757	45
758	42
759	34
760	30
761	28
762	45
763	44
764	38
765	38
766	40
767	58
768	40
769	46
770	48
771	38
772	33
773	37
774	45
775	41
776	47
777	37
778	36
779	42
780	51
781	45
782	45
783	32
784	47
785	42
786	40
787	37
788	39
789	47
790	28
791	35
792	57
793	42
794	43
795	55
796	42
797	48
798	56
799	45
800	44
801	44
802	51
803	35
804	49
805	48
806	57
807	52
808	64
809	48
810	57
811	46
812	41
813	53
814	50
815	57
816	62
817	59
818	70
819	58
820	56
821	49
822	46
823	49
824	57
825	62
826	69
827	68
828	54
829	59
830	63
831	72
832	50
833	62
834	82
835	71
836	61
837	75
838	68
839	83
840	80
841	70
842	64
843	74
844	77
845	77
846	77
847	79
848	80
849	84
850	73
851	95
852	61
853	78
854	88
855	79
856	89
857	80
858	73
859	99
860	80
861	84
862	94
863	76
864	87
865	99
866	98
867	92
868	89
869	80
870	87
871	105
872	89
873	88
874	83
875	84
876	95
877	94
878	109
879	96
880	103
881	99
882	81
883	106
884	101
885	97
886	103
887	87
888	94
889	98
890	104
891	95
892	118
893	119
894	117
895	103
896	93
897	86
898	102
899	121
900	119
901	131
902	90
903	117
904	129
905	108
906	104
907	123
908	139
909	115
910	118
911	124
912	131
913	135
914	129
915	105
916	111
917	120
918	120
919	140
920	148
921	132
922	158
923	131
924	118
925	141
926	142
927	139
928	118
929	152
930	137
931	153
932	117
933	132
934	134
935	120
936	141
937	128
938	126
939	138
940	124
941	150
942	142
943	146
944	163
945	148
946	135
947	160
948	150
949	127
950	154
951	152
952	153
953	138
954	165
955	134
956	148
957	145
958	144
959	149
960	143
961	132
962	131
963	137
964	132
965	157
966	131
967	129
968	123
969	147
970	121
971	112
972	145
973	124
974	121
975	110
976	111
977	113
978	116
979	122
980	120
981	102
982	92
983	87
984	123
985	121
986	123
987	93
988	96
989	103
990	90
991	104
992	88
993	85
994	91
995	93
996	87
997	85
998	76
999	79
1000	77
1001	68
1002	76
1003	92
1004	69
1005	62
1006	74
1007	83
1008	68
1009	76
1010	50
1011	68
1012	69
1013	67
1014	66
1015	50
1016	61
1017	43
1018	62
1019	51
1020	62
1021	61
1022	54
1023	41
1024	59
1025	56
1026	59
1027	44
1028	63
1029	45
1030	42
1031	44
1032	56
1033	51
1034	59
1035	48
1036	48
1037	42
1038	37
1039	48
1040	38
1041	33
1042	30
1043	49
1044	52
1045	37
1046	40
1047	53
1048	38
1049	47
1050	44
1051	40
1052	41
1053	37
1054	38
1055	42
1056	37
1057	36
1058	34
1059	49
1060	44
1061	44
1062	40
1063	32
1064	29
1065	46
1066	27
1067	40
1068	31
1069	29
1070	34
1071	34
1072	27
1073	34
1074	37
1075	40
1076	39
1077	33
1078	31
1079	31
1080	34
1081	51
1082	40
1083	38
1084	36
1085	35
1086	42
1087	37
1088	34
1089	35
1090	25
1091	32
1092	32
1093	33
1094	30
1095	30
1096	31
1097	31
1098	35
1099	36
1100	33
1101	38
1102	40
1103	47
1104	37
1105	44
1106	33
1107	26
1108	36
1109	31
1110	34
1111	43
1112	32
1113	37
1114	37
1115	39
1116	41
1117	40
1118	40
1119	36
1120	33
1121	36
1122	21
1123	34
1124	31
1125	29
1126	32
1127	35
1128	37
1129	34
1130	34
1131	42
1132	35
1133	32
1134	34
1135	37
1136	28
1137	26
1138	36
1139	43
1140	34
1141	34
1142	31
1143	35
1144	34
1145	42
1146	40
1147	28
1148	35
1149	33
1150	42
1151	34
1152	40
1153	29
1154	33
1155	41
1156	41
1157	36
1158	37
1159	32
1160	30
1161	36
1162	30
1163	40
1164	40
1165	26
1166	36
1167	32
1168	27
1169	30
1170	43
1171	38
1172	29
1173	46
1174	30
1175	35
1176	40
1177	27
1178	35
1179	38
1180	27
1181	31
1182	44
1183	43
1184	29
1185	43
1186	33
1187	38
1188	40
1189	41
1190	22
1191	38
1192	44
1193	33
1194	37
1195	43
1196	44
1197	35
1198	37
1199	36
1200	39
1201	29
1202	44
1203	26
1204	35
1205	37
1206	40
1207	32
1208	26
1209	32
1210	32
1211	32
1212	39
1213	37
1214	33
1215	37
1216	40
1217	29
1218	32
1219	38
1220	37
1221	30
1222	35
1223	37
1224	35
1225	37
1226	40
1227	32
1228	39
1229	31
1230	22
1231	33
1232	41
1233	46
1234	43
1235	28
1236	26
1237	26
1238	33
1239	37
1240	32
1241	37
1242	40
1243	43
1244	29
1245	43
1246	45
1247	39
1248	44
1249	45
1250	44
1251	39
1252	42
1253	35
1254	43
1255	47
1256	34
1257	40
1258	36
1259	35
1260	40
1261	46
1262	55
1263	47
1264	27
1265	25
1266	35
1267	53
1268	30
1269	32
1270	37
1271	62
1272	47
1273	39
1274	40
1275	39
1276	29
1277	35
1278	46
1279	40
1280	44
1281	33
1282	49
1283	52
1284	33
1285	41
1286	43
1287	29
1288	43
1289	42
1290	40
1291	45
1292	42
1293	32
1294	41
1295	38
1296	30
1297	38
1298	42
1299	40
1300	43
1301	52
1302	44
1303	51
1304	47
1305	43
1306	46
1307	38
1308	55
1309	46
1310	38
1311	40
1312	50
1313	38
1314	46
1315	40
1316	42
1317	40
1318	33
1319	38
1320	48
1321	45
1322	30
1323	43
1324	59
1325	35
1326	45
1327	49
1328	38
1329	31
1330	50
1331	40
1332	44
1333	57
1334	42
1335	53
1336	35
1337	31
1338	40
1339	52
1340	48
1341	42
1342	42
1343	28
1344	39
1345	38
1346	35
1347	44
1348	42
1349	52
1350	35
1351	44
1352	34
1353	45
1354	36
1355	31
1356	38
1357	40
1358	36
1359	41
1360	53
1361	47
1362	57
1363	48
1364	41
1365	52
1366	46
1367	39
1368	42
1369	46
1370	40
1371	38
1372	42
1373	51
1374	60
1375	33
1376	35
1377	46
1378	48
1379	38
1380	56
1381	44
1382	47
1383	42
1384	46
1385	55
1386	52
1387	58
1388	54
1389	41
1390	46
1391	37
1392	50
1393	48
1394	40
1395	50
1396	48
1397	46
1398	39
1399	33
1400	40
1401	37
1402	43
1403	46
1404	51
1405	28
1406	53
1407	39
1408	39
1409	35
1410	43
1411	40
1412	38
1413	42
1414	37
1415	42
1416	56
1417	51
1418	48
1419	40
1420	60
1421	40
1422	44
1423	48
1424	50
1425	49
1426	41
1427	52
1428	53
1429	46
1430	45
1431	39
1432	40
1433	45
1434	53
1435	56
1436	57
1437	48
1438	39
1439	41
1440	51
1441	37
1442	44
1443	52
1444	37
1445	44
1446	54
1447	42
1448	44
1449	56
1450	45
1451	48
1452	42
1453	41
1454	51
1455	55
1456	49
1457	46
1458	59
1459	56
1460	47
1461	45
1462	50
1463	49
1464	43
1465	49
1466	48
1467	33
1468	47
1469	36
1470	62
1471	55
1472	53
1473	50
1474	48
1475	44
1476	46
1477	47
1478	43
1479	61
1480	61
1481	61
1482	47
1483	55
1484	52
1485	40
1486	61
1487	45
1488	39
1489	55
1490	58
1491	39
1492	53
1493	51
1494	46
1495	45
1496	47
1497	56
1498	51
1499	38
1500	44
1501	60
1502	50
1503	47
1504	46
1505	50
1506	48
1507	47
1508	52
1509	54
1510	58
1511	54
1512	37
1513	48
1514	47
1515	63
1516	53
1517	45
1518	55
1519	61
1520	44
1521	46
1522	50
1523	57
1524	63
1525	46
1526	50
1527	43
1528	49
1529	41
1530	42
1531	57
1532	51
1533	52
1534	49
1535	55
1536	53
1537	55
1538	61
1539	47
1540	44
1541	48
1542	50
1543	53
1544	48
1545	49
1546	45
1547	55
1548	52
1549	51
1550	50
1551	54
1552	49
1553	41
1554	54
1555	63
1556	67
1557	62
1558	54
1559	51
1560	50
1561	45
1562	57
1563	43
1564	38
1565	60
1566	45
1567	55
1568	48
1569	51
1570	54
1571	48
1572	59
1573	54
1574	57
1575	58
1576	52
1577	53
1578	55
1579	54
1580	36
1581	49
1582	55
1583	55
1584	47
1585	62
1586	56
1587	37
1588	55
1589	29
1590	60
1591	59
1592	48
1593	66
1594	52
1595	50
1596	51
1597	65
1598	52
1599	61
1600	42
1601	66
1602	41
1603	44
1604	46
1605	65
1606	48
1607	49
1608	55
1609	61
1610	47
1611	56
1612	61
1613	60
1614	61
1615	46
1616	39
1617	57
1618	46
1619	51
1620	56
1621	56
1622	56
1623	46
1624	46
1625	41
1626	56
1627	56
1628	55
1629	43
1630	55
1631	45
1632	52
1633	58
1634	52
1635	55
1636	51
1637	62
1638	47
1639	51
1640	36
1641	62
1642	57
1643	68
1644	62
1645	59
1646	54
1647	59
1648	44
1649	47
1650	49
1651	55
1652	56
1653	53
1654	54
1655	48
1656	67
1657	50
1658	68
1659	52
1660	44
1661	59
1662	62
1663	66
1664	57
1665	51
1666	67
1667	56
1668	45
1669	55
1670	59
1671	50
1672	71
1673	53
1674	61
1675	56
1676	57
1677	59
1678	56
1679	52
1680	67
1681	43
1682	66
1683	51
1684	47
1685	54
1686	45
1687	57
1688	53
1689	59
1690	60
1691	61
1692	62
1693	61
1694	54
1695	71
1696	70
1697	50
1698	56
1699	68
1700	65
1701	58
1702	52
1703	61
1704	47
1705	63
1706	56
1707	62
1708	56
1709	55
1710	54
1711	57
1712	57
1713	62
1714	53
1715	55
1716	58
1717	54
1718	54
1719	43
1720	60
1721	57
1722	72
1723	44
1724	55
1725	54
1726	47
1727	56
1728	42
1729	54
1730	58
1731	40
1732	60
1733	64
1734	56
1735	59
1736	51
1737	52
1738	77
1739	48
1740	64
1741	57
1742	36
1743	52
1744	55
1745	54
1746	70
1747	63
1748	61
1749	61
1750	68
1751	60
1752	51
1753	61
1754	60
1755	52
1756	62
1757	52
1758	66
1759	50
1760	58
1761	57
1762	63
1763	67
1764	49
1765	54
1766	60
1767	53
1768	69
1769	68
1770	56
1771	70
1772	61
1773	55
1774	62
1775	47
1776	48
1777	60
1778	55
1779	52
1780	65
1781	59
1782	42
1783	56
1784	69
1785	64
1786	71
1787	59
1788	49
1789	41
1790	62
1791	51
1792	56
1793	51
1794	58
1795	49
1796	62
1797	62
1798	63
1799	53
1800	69
1801	55
1802	49
1803	65
1804	57
1805	56
1806	76
1807	56
1808	55
1809	49
1810	53
1811	54
1812	53
1813	56
1814	53
1815	51
1816	48
1817	65
1818	68
1819	79
1820	46
1821	60
1822	61
1823	69
1824	71
1825	57
1826	53
1827	52
1828	65
1829	71
1830	62
1831	63
1832	71
1833	60
1834	73
1835	64
1836	61
1837	61
1838	57
1839	66
1840	58
1841	54
1842	48
1843	57
1844	59
1845	73
1846	68
1847	70
1848	59
1849	58
1850	70
1851	59
1852	78
1853	63
1854	49
1855	65
1856	56
1857	81
1858	60
1859	61
1860	52
1861	55
1862	64
1863	65
1864	59
1865	57
1866	62
1867	50
1868	67
1869	49
1870	58
1871	61
1872	75
1873	55
1874	53
1875	61
1876	66
1877	70
1878	60
1879	57
1880	47
1881	51
1882	43
1883	48
1884	52
1885	67
1886	70
1887	80
1888	57
1889	51
1890	66
1891	50
1892	52
1893	62
1894	62
1895	70
1896	68
1897	67
1898	53
1899	63
1900	50
1901	59
1902	57
1903	64
1904	68
1905	59
1906	62
1907	73
1908	51
1909	63
1910	73
1911	57
1912	56
1913	52
1914	66
1915	51
1916	68
1917	62
1918	47
1919	66
1920	74
1921	70
1922	75
1923	47
1924	66
1925	58
1926	74
1927	55
1928	65
1929	57
1930	63
1931	60
1932	57
1933	55
1934	54
1935	69
1936	66
1937	60
1938	61
1939	73
1940	67
1941	61
1942	69
1943	53
1944	61
1945	58
1946	51
1947	64
1948	57
1949	61
1950	64
1951	69
1952	50
1953	67
1954	57
1955	69
1956	55
1957	50
1958	64
1959	60
1960	58
1961	66
1962	71
1963	67
1964	63
1965	64
1966	57
1967	62
1968	58
1969	53
1970	71
1971	59
1972	66
1973	68
1974	60
1975	64
1976	60
1977	83
1978	63
1979	57
1980	63
1981	57
1982	62
1983	70
1984	58
1985	66
1986	77
1987	75
1988	65
1989	44
1990	71
1991	59
1992	64
1993	60
1994	63
1995	59
1996	72
1997	58
1998	58
1999	65
2000	57
2001	60
2002	54
2003	61
2004	56
2005	54
2006	58
2007	63
2008	64
2009	65
2010	63
2011	65
2012	76
2013	57
2014	44
2015	58
2016	52
2017	77
2018	56
2019	60
2020	80
2021	63
2022	74
2023	64
2024	75
2025	45
2026	71
2027	81
2028	67
2029	56
2030	70
2031	54
2032	59
2033	80
2034	68
2035	52
2036	67
2037	57
2038	49
2039	62
2040	62
2041	79
2042	71
2043	66
2044	57
2045	61
2046	65
2047	45
2048	64
2049	57
2050	65
2051	64
2052	70
2053	46
2054	65
2055	57
2056	55
2057	71
2058	75
2059	64
2060	59
2061	63
2062	56
2063	60
2064	68
2065	61
2066	63
2067	63
2068	62
2069	54
2070	58
2071	71
2072	66
2073	68
2074	65
2075	65
2076	64
2077	63
2078	77
2079	49
2080	64
2081	65
2082	64
2083	67
2084	74
2085	59
2086	69
2087	69
2088	63
2089	64
2090	76
2091	58
2092	80
2093	67
2094	65
2095	69
2096	67
2097	59
2098	59
2099	82
2100	57
2101	51
2102	58
2103	83
2104	75
2105	65
2106	58
2107	58
2108	70
2109	71
2110	75
2111	62
2112	55
2113	47
2114	68
2115	57
2116	51
2117	71
2118	71
2119	74
2120	75
2121	60
2122	66
2123	65
2124	58
2125	61
2126	74
2127	67
2128	67
2129	69
2130	63
2131	61
2132	66
2133	50
2134	66
2135	60
2136	47
2137	66
2138	60
2139	74
2140	52
2141	75
2142	64
2143	73
2144	56
2145	71
2146	72
2147	52
2148	59
2149	66
2150	64
2151	77
2152	69
2153	63
2154	71
2155	66
2156	57
2157	62
2158	70
2159	90
2160	73
2161	68
2162	80
2163	57
2164	76
2165	68
2166	58
2167	49
2168	51
2169	59
2170	73
2171	64
2172	56
2173	65
2174	63
2175	63
2176	60
2177	47
2178	68
2179	51
2180	61
2181	58
2182	40
2183	53
2184	63
2185	50
2186	59
2187	64
2188	66
2189	61
2190	75
2191	54
2192	54
2193	68
2194	68
2195	53
2196	69
2197	77
2198	52
2199	61
2200	79
2201	59
2202	79
2203	56
2204	57
2205	57
2206	56
2207	68
2208	71
2209	55
2210	61
2211	69
2212	57
2213	53
2214	62
2215	73
2216	77
2217	69
2218	67
2219	60
2220	64
2221	71
2222	64
2223	63
2224	70
2225	61
2226	58
2227	78
2228	60
2229	62
2230	65
2231	66
2232	68
2233	62
2234	77
2235	55
2236	65
2237	70
2238	68
2239	68
2240	70
2241	61
2242	61
2243	64
2244	59
2245	65
2246	72
2247	58
2248	55
2249	78
2250	64
2251	88
2252	54
2253	70
2254	57
2255	72
2256	51
2257	62
2258	77
2259	64
2260	53
2261	61
2262	62
2263	69
2264	70
2265	46
2266	72
2267	58
2268	67
2269	40
2270	61
2271	57
2272	53
2273	73
2274	78
2275	57
2276	55
2277	59
2278	62
2279	58
2280	58
2281	50
2282	65
2283	62
2284	65
2285	57
2286	51
2287	48
2288	46
2289	57
2290	60
2291	54
2292	55
2293	56
2294	60
2295	60
2296	60
2297	52
2298	72
2299	68
2300	68
2301	72
2302	59
2303	64
2304	51
2305	54
2306	68
2307	60
2308	47
2309	46
2310	75
2311	56
2312	65
2313	54
2314	59
2315	72
2316	69
2317	72
2318	52
2319	58
2320	62
2321	54
2322	62
2323	66
2324	48
2325	61
2326	62
2327	56
2328	64
2329	63
2330	51
2331	55
2332	64
2333	60
2334	56
2335	62
2336	64
2337	67
2338	65
2339	60
2340	56
2341	50
2342	59
2343	69
2344	59
2345	49
2346	66
2347	57
2348	58
2349	43
2350	67
2351	63
2352	57
2353	61
2354	73
2355	59
2356	60
2357	44
2358	55
2359	48
2360	60
2361	51
2362	47
2363	72
2364	62
2365	52
2366	49
2367	49
2368	58
2369	64
2370	43
2371	52
2372	49
2373	58
2374	56
2375	58
2376	57
2377	57
2378	57
2379	68
2380	48
2381	68
2382	41
2383	45
2384	48
2385	67
2386	69
2387	74
2388	56
2389	61
2390	51
2391	51
2392	50
2393	66
2394	52
2395	45
2396	52
2397	56
2398	46
2399	55
2400	61
2401	49
2402	51
2403	50
2404	58
2405	52
2406	50
2407	51
2408	45
2409	53
2410	65
2411	58
2412	51
2413	51
2414	63
2415	56
2416	67
2417	67
2418	52
2419	52
2420	62
2421	55
2422	51
2423	57
2424	59
2425	58
2426	69
2427	48
2428	59
2429	67
2430	56
2431	39
2432	51
2433	43
2434	60
2435	51
2436	46
2437	59
2438	53
2439	50
2440	62
2441	65
2442	54
2443	50
2444	49
2445	47
2446	65
2447	59
2448	46
2449	50
2450	68
2451	72
2452	57
2453	56
2454	60
2455	51
2456	54
2457	53
2458	41
2459	55
2460	60
2461	57
2462	43
2463	42
2464	51
2465	45
2466	58
2467	46
2468	56
2469	54
2470	41
2471	52
2472	47
2473	54
2474	52
2475	60
2476	48
2477	54
2478	62
2479	56
2480	49
2481	44
2482	53
2483	39
2484	66
2485	47
2486	45
2487	56
2488	55
2489	56
2490	63
2491	46
2492	55
2493	39
2494	71
2495	55
2496	59
2497	60
2498	50
2499	38
2500	59
2501	44
2502	54
2503	41
2504	61
2505	46
2506	53
2507	56
2508	45
2509	48
2510	45
2511	42
2512	45
2513	41
2514	48
2515	57
2516	49
2517	52
2518	46
2519	53
2520	54
2521	43
2522	59
2523	39
2524	74
2525	44
2526	52
2527	52
2528	59
2529	45
2530	50
2531	63
2532	54
2533	60
2534	59
2535	48
2536	47
2537	50
2538	45
2539	48
2540	50
2541	53
2542	58
2543	43
2544	67
2545	51
2546	53
2547	45
2548	47
2549	49
2550	56
2551	49
2552	41
2553	47
2554	56
2555	45
2556	43
2557	60
2558	40
2559	61
2560	50
2561	54
2562	42
2563	52
2564	44
2565	56
2566	54
2567	48
2568	46
2569	57
2570	45
2571	50
2572	49
2573	48
2574	46
2575	47
2576	54
2577	47
2578	52
2579	60
2580	55
2581	50
2582	34
2583	49
2584	43
2585	47
2586	46
2587	41
2588	46
2589	45
2590	41
2591	35
2592	53
2593	60
2594	52
2595	46
2596	56
2597	48
2598	44
2599	58
2600	46
2601	57
2602	42
2603	51
2604	39
2605	50
2606	52
2607	51
2608	55
2609	46
2610	50
2611	51
2612	53
2613	43
2614	62
2615	50
2616	39
2617	40
2618	56
2619	46
2620	59
2621	45
2622	59
2623	63
2624	56
2625	45
2626	48
2627	47
2628	35
2629	49
2630	60
2631	56
2632	39
2633	57
2634	50
2635	31
2636	55
2637	43
2638	46
2639	59
2640	43
2641	41
2642	42
2643	53
2644	50
2645	41
2646	55
2647	40
2648	58
2649	48
2650	42
2651	55
2652	42
2653	51
2654	44
2655	42
2656	52
2657	41
2658	43
2659	40
2660	42
2661	56
2662	41
2663	57
2664	46
2665	37
2666	45
2667	46
2668	49
2669	65
2670	50
2671	68
2672	57
2673	38
2674	39
2675	45
2676	45
2677	61
2678	49
2679	46
2680	39
2681	48
2682	47
2683	42
2684	51
2685	51
2686	50
2687	35
2688	40
2689	58
2690	47
2691	38
2692	52
2693	44
2694	40
2695	51
2696	53
2697	54
2698	46
2699	45
2700	49
2701	61
2702	48
2703	47
2704	44
2705	41
2706	48
2707	56
2708	49
2709	61
2710	43
2711	42
2712	54
2713	53
2714	54
2715	46
2716	36
2717	54
2718	44
2719	49
2720	49
2721	44
2722	48
2723	45
2724	43
2725	40
2726	50
2727	51
2728	51
2729	43
2730	45
2731	45
2732	42
2733	56
2734	36
2735	41
2736	37
2737	45
2738	40
2739	38
2740	53
2741	56
2742	45
2743	52
2744	39
2745	40
2746	61
2747	57
2748	44
2749	46
2750	49
2751	57
2752	38
2753	45
2754	52
2755	43
2756	46
2757	42
2758	45
2759	64
2760	52
2761	40
2762	52
2763	40
2764	45
2765	54
2766	56
2767	38
2768	38
2769	47
2770	46
2771	39
2772	38
2773	50
2774	54
2775	48
2776	53
2777	45
2778	46
2779	49
2780	49
2781	50
2782	49
2783	54
2784	60
2785	26
2786	37
2787	51
2788	44
2789	45
2790	32
2791	47
2792	48
2793	51
2794	46
2795	43
2796	53
2797	47
2798	55
2799	44
2800	49
2801	41
2802	52
2803	44
2804	35
2805	43
2806	47
2807	67
2808	49
2809	41
2810	49
2811	42
2812	47
2813	45
2814	41
2815	53
2816	44
2817	42
2818	53
2819	60
2820	38
2821	48
2822	46
2823	46
2824	36
2825	41
2826	46
2827	52
2828	51
2829	52
2830	48
2831	51
2832	52
2833	30
2834	41
2835	46
2836	41
2837	56
2838	41
2839	47
2840	49
2841	59
2842	47
2843	49
2844	55
2845	49
2846	34
2847	53
2848	55
2849	57
2850	44
2851	47
2852	49
2853	40
2854	55
2855	46
2856	49
2857	48
2858	50
2859	49
2860	44
2861	49
2862	46
2863	38
2864	49
2865	45
2866	53
2867	54
2868	53
2869	41
2870	48
2871	40
2872	45
2873	42
2874	56
2875	48
2876	58
2877	50
2878	51
2879	46
2880	50
2881	54
2882	35
2883	52
2884	37
2885	49
2886	62
2887	38
2888	50
2889	60
2890	42
2891	56
2892	50
2893	48
2894	54
2895	66
2896	50
2897	47
2898	55
2899	39
2900	47
2901	53
2902	61
2903	46
2904	56
2905	46
2906	49
2907	50
2908	49
2909	54
2910	53
2911	44
2912	35
2913	51
2914	59
2915	51
2916	59
2917	52
2918	46
2919	47
2920	48
2921	64
2922	42
2923	43
2924	58
2925	55
2926	53
2927	53
2928	45
2929	48
2930	49
2931	50
2932	45
2933	48
2934	56
2935	52
2936	40
2937	51
2938	45
2939	58
2940	40
2941	38
2942	50
2943	51
2944	46
2945	40
2946	48
2947	44
2948	53
2949	56
2950	43
2951	53
2952	47
2953	61
2954	65
2955	44
2956	62
2957	50
2958	55
2959	59
2960	45
2961	51
2962	51
2963	46
2964	53
2965	45
2966	57
2967	59
2968	50
2969	58
2970	39
2971	67
2972	46
2973	53
2974	48
2975	53
2976	51
2977	42
2978	45
2979	53
2980	55
2981	41
2982	49
2983	46
2984	70
2985	58
2986	45
2987	40
2988	65
2989	58
2990	51
2991	43
2992	55
2993	65
2994	48
2995	52
2996	41
2997	70
2998	45
2999	53
3000	50
3001	44
3002	52
3003	52
3004	60
3005	51
3006	52
3007	49
3008	48
3009	38
3010	59
3011	47
3012	57
3013	40
3014	59
3015	50
3016	52
3017	50
3018	50
3019	39
3020	57
3021	55
3022	57
3023	56
3024	50
3025	59
3026	54
3027	51
3028	44
3029	50
3030	67
3031	60
3032	55
3033	36
3034	58
3035	51
3036	47
3037	44
3038	40
3039	56
3040	39
3041	58
3042	57
3043	42
3044	62
3045	49
3046	44
3047	45
3048	57
3049	46
3050	53
3051	40
3052	50
3053	50
3054	49
3055	52
3056	56
3057	48
3058	53
3059	39
3060	54
3061	44
3062	54
3063	52
3064	43
3065	47
3066	48
3067	47
3068	68
3069	50
3070	62
3071	56
3072	46
3073	46
3074	46
3075	61
3076	54
3077	46
3078	48
3079	56
3080	34
3081	55
3082	55
3083	41
3084	42
3085	57
3086	49
3087	52
3088	45
3089	52
3090	57
3091	54
3092	40
3093	56
3094	58
3095	56
3096	48
3097	52
3098	54
3099	56
3100	51
3101	42
3102	47
3103	47
3104	57
3105	55
3106	61
3107	54
3108	65
3109	47
3110	51
3111	44
3112	46
3113	45
3114	47
3115	40
3116	47
3117	54
3118	49
3119	46
3120	63
3121	59
3122	64
3123	56
3124	54
3125	56
3126	48
3127	51
3128	39
3129	61
3130	54
3131	58
3132	52
3133	47
3134	49
3135	50
3136	52
3137	51
3138	56
3139	45
3140	59
3141	44
3142	51
3143	54
3144	49
3145	40
3146	52
3147	56
3148	49
3149	68
3150	53
3151	68
3152	61
3153	53
3154	46
3155	41
3156	53
3157	62
3158	58
3159	50
3160	45
3161	52
3162	58
3163	45
3164	61
3165	53
3166	55
3167	68
3168	53
3169	50
3170	58
3171	59
3172	55
3173	62
3174	65
3175	50
3176	50
3177	58
3178	47
3179	51
3180	36
3181	64
3182	44
3183	52
3184	72
3185	46
3186	56
3187	47
3188	46
3189	50
3190	59
3191	40
3192	58
3193	49
3194	57
3195	55
3196	56
3197	68
3198	58
3199	56
3200	43
3201	56
3202	55
3203	47
3204	60
3205	52
3206	61
3207	61
3208	52
3209	58
3210	45
3211	55
3212	61
3213	65
3214	65
3215	54
3216	48
3217	70
3218	58
3219	48
3220	48
3221	56
3222	60
3223	72
3224	56
3225	62
3226	58
3227	39
3228	54
3229	49
3230	38
3231	52
3232	60
3233	58
3234	47
3235	50
3236	62
3237	53
3238	51
3239	47
3240	56
3241	55
3242	43
3243	60
3244	49
3245	50
3246	47
3247	58
3248	50
3249	54
3250	40
3251	62
3252	49
3253	44
3254	57
3255	52
3256	39
3257	40
3258	52
3259	66
3260	46
3261	53
3262	57
3263	55
3264	44
3265	51
3266	62
3267	55
3268	42
3269	52
3270	45
3271	46
3272	47
3273	51
3274	66
3275	57
3276	50
3277	50
3278	55
3279	63
3280	58
3281	50
3282	55
3283	62
3284	50
3285	53
3286	56
3287	57
3288	52
3289	56
3290	45
3291	53
3292	62
3293	57
3294	52
3295	48
3296	32
3297	51
3298	39
3299	44
3300	49
3301	32
3302	43
3303	58
3304	52
3305	54
3306	46
3307	68
3308	48
3309	55
3310	37
3311	57
3312	61
3313	49
3314	53
3315	53
3316	42
3317	65
3318	54
3319	48
3320	55
3321	54
3322	52
3323	53
3324	40
3325	45
3326	56
3327	44
3328	47
3329	45
3330	39
3331	52
3332	54
3333	44
3334	55
3335	48
3336	43
3337	53
3338	50
3339	45
3340	55
3341	51
3342	48
3343	39
3344	37
3345	49
3346	48
3347	45
3348	41
3349	41
3350	51
3351	50
3352	43
3353	63
3354	33
3355	43
3356	42
3357	39
3358	59
3359	51
3360	47
3361	52
3362	50
3363	42
3364	37
3365	48
3366	42
3367	42
3368	49
3369	49
3370	50
3371	46
3372	45
3373	56
3374	41
3375	40
3376	40
3377	44
3378	66
3379	50
3380	35
3381	42
3382	39
3383	35
3384	40
3385	42
3386	50
3387	45
3388	53
3389	41
3390	41
3391	47
3392	56
3393	39
3394	45
3395	47
3396	44
3397	52
3398	32
3399	42
3400	39
3401	41
3402	41
3403	51
3404	53
3405	35
3406	49
3407	37
3408	37
3409	43
3410	29
3411	42
3412	35
3413	48
3414	40
3415	33
3416	50
3417	37
3418	41
3419	41
3420	35
3421	38
3422	43
3423	54
3424	50
3425	43
3426	36
3427	42
3428	50
3429	37
3430	40
3431	33
3432	44
3433	43
3434	46
3435	51
3436	38
3437	39
3438	37
3439	40
3440	42
3441	39
3442	49
3443	32
3444	42
3445	36
3446	44
3447	35
3448	43
3449	31
3450	41
3451	43
3452	32
3453	39
3454	37
3455	40
3456	47
3457	38
3458	31
3459	42
3460	48
3461	50
3462	41
3463	29
3464	40
3465	49
3466	41
3467	34
3468	27
3469	44
3470	39
3471	40
3472	43
3473	37
3474	41
3475	47
3476	44
3477	32
3478	43
3479	41
3480	38
3481	41
3482	54
3483	45
3484	34
3485	38
3486	37
3487	49
3488	41
3489	41
3490	37
3491	45
3492	43
3493	42
3494	49
3495	46
3496	42
3497	43
3498	37
3499	48
3500	41
3501	45
3502	35
3503	40
3504	42
3505	37
3506	49
3507	41
3508	43
3509	34
3510	38
3511	42
3512	46
3513	34
3514	29
3515	36
3516	52
3517	36
3518	32
3519	40
3520	52
3521	37
3522	45
3523	41
3524	36
3525	39
3526	48
3527	45
3528	45
3529	43
3530	38
3531	49
3532	42
3533	47
3534	50
3535	56
3536	54
3537	48
3538	40
3539	44
3540	55
3541	44
3542	42
3543	42
3544	49
3545	40
3546	50
3547	48
3548	41
3549	46
3550	42
3551	51
3552	37
3553	48
3554	49
3555	46
3556	46
3557	46
3558	42
3559	46
3560	54
3561	44
3562	44
3563	53
3564	43
3565	39
3566	56
3567	35
3568	54
3569	66
3570	34
3571	47
3572	39
3573	48
3574	50
3575	38
3576	41
3577	48
3578	51
3579	47
3580	58
3581	55
3582	54
3583	45
3584	52
3585	55
3586	49
3587	40
3588	60
3589	49
3590	50
3591	55
3592	57
3593	49
3594	56
3595	35
3596	49
3597	44
3598	61
3599	57
3600	58
3601	59
3602	47
3603	49
3604	63
3605	50
3606	54
3607	61
3608	55
3609	57
3610	60
3611	40
3612	53
3613	63
3614	60
3615	64
3616	50
3617	44
3618	59
3619	62
3620	64
3621	59
3622	54
3623	76
3624	68
3625	55
3626	52
3627	53
3628	71
3629	50
3630	57
3631	62
3632	65
3633	65
3634	56
3635	50
3636	52
3637	65
3638	61
3639	63
3640	69
3641	54
3642	64
3643	73
3644	70
3645	72
3646	77
3647	56
3648	55
3649	62
3650	83
3651	73
3652	57
3653	71
3654	61
3655	63
3656	70
3657	64
3658	59
3659	70
3660	58
3661	63
3662	60
3663	57
3664	43
3665	67
3666	67
3667	55
3668	56
3669	72
3670	67
3671	59
3672	77
3673	67
3674	72
3675	57
3676	58
3677	70
3678	62
3679	68
3680	76
3681	86
3682	72
3683	61
3684	70
3685	82
3686	71
3687	82
3688	53
3689	70
3690	71
3691	74
3692	64
3693	78
3694	77
3695	65
3696	79
3697	69
3698	58
3699	58
3700	65
3701	88
3702	78
3703	79
3704	72
3705	51
3706	71
3707	63
3708	85
3709	76
3710	81
3711	78
3712	78
3713	61
3714	66
3715	87
3716	76
3717	74
3718	71
3719	66
3720	54
3721	79
3722	83
3723	77
3724	88
3725	77
3726	76
3727	66
3728	73
3729	94
3730	73
3731	81
3732	75
3733	62
3734	70
3735	74
3736	74
3737	89
3738	52
3739	81
3740	81
3741	79
3742	83
3743	81
3744	73
3745	82
3746	70
3747	91
3748	70
3749	78
3750	64
3751	74
3752	76
3753	69
3754	79
3755	64
3756	90
3757	67
3758	79
3759	82
3760	87
3761	80
3762	90
3763	71
3764	79
3765	67
3766	75
3767	75
3768	90
3769	72
3770	83
3771	91
3772	80
3773	75
3774	77
3775	59
3776	79
3777	80
3778	69
3779	76
3780	69
3781	92
3782	84
3783	62
3784	92
3785	79
3786	74
3787	79
3788	86
3789	72
3790	58
3791	67
3792	81
3793	71
3794	96
3795	71
3796	72
3797	100
3798	95
3799	62
3800	69
3801	79
3802	78
3803	72
3804	83
3805	90
3806	86
3807	81
3808	68
3809	91
3810	74
3811	89
3812	74
3813	87
3814	101
3815	84
3816	81
3817	85
3818	72
3819	85
3820	71
3821	68
3822	78
3823	80
3824	58
3825	68
3826	86
3827	74
3828	66
3829	92
3830	71
3831	72
3832	63
3833	93
3834	66
3835	71
3836	80
3837	89
3838	87
3839	90
3840	68
3841	73
3842	77
3843	86
3844	86
3845	72
3846	67
3847	81
3848	64
3849	73
3850	83
3851	73
3852	80
3853	59
3854	80
3855	76
3856	71
3857	71
3858	74
3859	75
3860	62
3861	71
3862	76
3863	87
3864	66
3865	61
3866	82
3867	57
3868	86
3869	73
3870	93
3871	77
3872	75
3873	71
3874	72
3875	81
3876	90
3877	73
3878	67
3879	56
3880	57
3881	69
3882	83
3883	74
3884	81
3885	70
3886	72
3887	77
3888	60
3889	60
3890	85
3891	51
3892	58
3893	83
3894	81
3895	68
3896	67
3897	87
3898	71
3899	68
3900	58
3901	73
3902	82
3903	71
3904	73
3905	63
3906	79
3907	76
3908	82
3909	82
3910	59
3911	65
3912	62
3913	78
3914	76
3915	59
3916	63
3917	72
3918	58
3919	86
3920	72
3921	72
3922	62
3923	56
3924	65
3925	54
3926	58
3927	73
3928	69
3929	65
3930	67
3931	59
3932	69
3933	72
3934	50
3935	70
3936	69
3937	71
3938	61
3939	60
3940	60
3941	58
3942	74
3943	56
3944	63
3945	55
3946	45
3947	67
3948	59
3949	55
3950	52
3951	67
3952	70
3953	61
3954	60
3955	68
3956	71
3957	61
3958	59
3959	61
3960	76
3961	77
3962	64
3963	59
3964	49
3965	66
3966	53
3967	60
3968	57
3969	64
3970	54
3971	58
3972	69
3973	46
3974	64
3975	64
3976	51
3977	48
3978	60
3979	58
3980	52
3981	61
3982	49
3983	69
3984	68
3985	49
3986	60
3987	47
3988	64
3989	55
3990	57
3991	60
3992	54
3993	57
3994	54
3995	69
3996	47
3997	66
3998	42
3999	48
4000	65
4001	61
4002	46
4003	40
4004	49
4005	71
4006	48
4007	53
4008	68
4009	55
4010	59
4011	60
4012	57
4013	45
4014	62
4015	68
4016	57
4017	42
4018	47
4019	48
4020	52
4021	55
4022	50
4023	52
4024	48
4025	54
4026	48
4027	53
4028	57
4029	68
4030	50
4031	45
4032	59
4033	47
4034	44
4035	54
4036	48
4037	52
4038	55
4039	51
4040	46
4041	58
4042	46
4043	56
4044	41
4045	54
4046	62
4047	60
4048	41
4049	53
4050	54
4051	44
4052	41
4053	43
4054	47
4055	53
4056	60
4057	44
4058	52
4059	50
4060	53
4061	57
4062	58
4063	55
4064	70
4065	47
4066	54
4067	40
4068	40
4069	46
4070	39
4071	41
4072	55
4073	50
4074	49
4075	73
4076	52
4077	57
4078	49
4079	46
4080	52
4081	66
4082	36
4083	47
4084	39
4085	37
4086	39
4087	49
4088	52
4089	50
4090	40
4091	54
4092	40
4093	63
4094	47
4095	54
4096	43
4097	56
4098	51
4099	54
4100	50
4101	57
4102	35
4103	46
4104	40
4105	40
4106	44
4107	48
4108	48
4109	45
4110	49
4111	46
4112	56
4113	65
4114	64
4115	36
4116	50
4117	58
4118	50
4119	48
4120	52
4121	55
4122	43
4123	47
4124	46
4125	44
4126	48
4127	54
4128	59
4129	46
4130	41
4131	48
4132	40
4133	47
4134	46
4135	53
4136	57
4137	46
4138	56
4139	49
4140	50
4141	42
4142	39
4143	43
4144	52
4145	53
4146	45
4147	52
4148	54
4149	57
4150	44
4151	38
4152	46
4153	58
4154	50
4155	57
4156	45
4157	46
4158	52
4159	58
4160	48
4161	44
4162	48
4163	52
4164	40
4165	44
4166	55
4167	47
4168	44
4169	52
4170	45
4171	50
4172	44
4173	41
4174	51
4175	48
4176	28
4177	45
4178	35
4179	40
4180	54
4181	43
4182	52
4183	32
4184	44
4185	41
4186	44
4187	48
4188	51
4189	45
4190	49
4191	48
4192	47
4193	34
4194	48
4195	49
4196	40
4197	39
4198	40
4199	46
4200	48
4201	34
4202	43
4203	46
4204	40
4205	46
4206	39
4207	49
4208	31
4209	30
4210	34
4211	33
4212	45
4213	48
4214	46
4215	45
4216	48
4217	53
4218	37
4219	42
4220	46
4221	52
4222	40
4223	46
4224	43
4225	48
4226	46
4227	41
4228	37
4229	39
4230	50
4231	39
4232	40
4233	48
4234	48
4235	38
4236	48
4237	45
4238	31
4239	44
4240	58
4241	47
4242	34
4243	48
4244	35
4245	54
4246	44
4247	30
4248	38
4249	37
4250	42
4251	36
4252	39
4253	45
4254	37
4255	45
4256	48
4257	44
4258	36
4259	42
4260	43
4261	41
4262	50
4263	47
4264	43
4265	45
4266	55
4267	50
4268	45
4269	50
4270	49
4271	41
4272	42
4273	38
4274	44
4275	43
4276	42
4277	47
4278	39
4279	30
4280	45
4281	40
4282	41
4283	43
4284	40
4285	48
4286	33
4287	37
4288	32
4289	33
4290	40
4291	41
4292	48
4293	32
4294	48
4295	52
4296	41
4297	45
4298	40
4299	46
4300	45
4301	31
4302	44
4303	39
4304	41
4305	40
4306	34
4307	32
4308	38
4309	35
4310	41
4311	39
4312	39
4313	31
4314	24
4315	33
4316	45
4317	42
4318	45
4319	46
4320	46
4321	33
4322	39
4323	40
4324	30
4325	39
4326	32
4327	47
4328	36
4329	50
4330	45
4331	39
4332	39
4333	44
4334	44
4335	48
4336	40
4337	41
4338	43
4339	44
4340	46
4341	44
4342	27
4343	47
4344	40
4345	36
4346	32
4347	44
4348	39
4349	38
4350	34
4351	43
4352	33
4353	34
4354	31
4355	41
4356	37
4357	26
4358	39
4359	36
4360	36
4361	35
4362	32
4363	50
4364	38
4365	42
4366	44
4367	45
4368	39
4369	35
4370	40
4371	37
4372	30
4373	35
4374	46
4375	39
4376	43
4377	31
4378	38
4379	35
4380	32
4381	33
4382	47
4383	43
4384	39
4385	40
4386	32
4387	43
4388	42
4389	41
4390	43
4391	47
4392	48
4393	40
4394	42
4395	34
4396	34
4397	48
4398	40
4399	38
4400	37
4401	36
4402	40
4403	40
4404	32
4405	41
4406	38
4407	37
4408	33
4409	43
4410	47
4411	44
4412	32
4413	36
4414	43
4415	40
4416	30
4417	36
4418	42
4419	35
4420	39
4421	39
4422	34
4423	28
4424	35
4425	38
4426	32
4427	30
4428	46
4429	42
4430	36
4431	44
4432	29
4433	45
4434	32
4435	40
4436	44
4437	34
4438	37
4439	29
4440	22
4441	34
4442	44
4443	41
4444	36
4445	34
4446	28
4447	43
4448	39
4449	40
4450	32
4451	49
4452	30
4453	36
4454	39
4455	41
4456	35
4457	35
4458	37
4459	38
4460	32
4461	39
4462	30
4463	47
4464	38
4465	45
4466	39
4467	41
4468	41
4469	32
4470	37
4471	28
4472	39
4473	37
4474	34
4475	24
4476	38
4477	35
4478	35
4479	41
4480	45
4481	49
4482	28
4483	38
4484	29
4485	35
4486	41
4487	26
4488	28
4489	32
4490	37
4491	26
4492	35
4493	34
4494	38
4495	33
4496	33
4497	41
4498	34
4499	34
4500	31
4501	41
4502	45
4503	26
4504	30
4505	34
4506	34
4507	32
4508	32
4509	30
4510	30
4511	36
4512	33
4513	31
4514	37
4515	36
4516	31
4517	38
4518	44
4519	29
4520	28
4521	36
4522	32
4523	34
4524	37
4525	35
4526	34
4527	42
4528	37
4529	36
4530	39
4531	37
4532	29
4533	41
4534	27
4535	36
4536	34
4537	40
4538	39
4539	36
4540	36
4541	34
4542	31
4543	45
4544	26
4545	33
4546	27
4547	37
4548	32
4549	32
4550	29
4551	33
4552	38
4553	36
4554	28
4555	40
4556	33
4557	32
4558	37
4559	26
4560	29
4561	27
4562	39
4563	33
4564	37
4565	41
4566	37
4567	27
4568	29
4569	32
4570	32
4571	27
4572	36
4573	32
4574	32
4575	24
4576	32
4577	28
4578	39
4579	22
4580	32
4581	35
4582	43
4583	42
4584	35
4585	38
4586	39
4587	27
4588	25
4589	23
4590	37
4591	35
4592	34
4593	28
4594	25
4595	29
4596	31
4597	44
4598	25
4599	30
4600	37
4601	29
4602	34
4603	31
4604	35
4605	28
4606	29
4607	26
4608	30
4609	22
4610	37
4611	30
4612	28
4613	31
4614	28
4615	28
4616	28
4617	26
4618	31
4619	33
4620	33
4621	32
4622	14
4623	23
4624	29
4625	43
4626	33
4627	37
4628	19
4629	27
4630	28
4631	31
4632	28
4633	30
4634	24
4635	37
4636	23
4637	34
4638	28
4639	25
4640	32
4641	26
4642	30
4643	27
4644	35
4645	25
4646	26
4647	34
4648	29
4649	30
4650	14
4651	26
4652	29
4653	29
4654	34
4655	31
4656	27
4657	33
4658	27
4659	38
4660	22
4661	32
4662	25
4663	34
4664	31
4665	31
4666	26
4667	33
4668	28
4669	23
4670	32
4671	21
4672	28
4673	27
4674	25
4675	19
4676	41
4677	26
4678	33
4679	29
4680	27
4681	27
4682	18
4683	29
4684	32
4685	28
4686	22
4687	39
4688	33
4689	39
4690	33
4691	30
4692	33
4693	30
4694	31
4695	25
4696	23
4697	32
4698	27
4699	27
4700	39
4701	38
4702	36
4703	25
4704	22
4705	31
4706	28
4707	23
4708	16
4709	19
4710	18
4711	21
4712	25
4713	19
4714	27
4715	28
4716	21
4717	24
4718	28
4719	27
4720	22
4721	24
4722	31
4723	22
4724	26
4725	18
4726	39
4727	26
4728	20
4729	37
4730	26
4731	40
4732	14
4733	29
4734	31
4735	27
4736	31
4737	35
4738	33
4739	22
4740	28
4741	27
4742	34
4743	31
4744	19
4745	30
4746	30
4747	22
4748	28
4749	19
4750	37
4751	19
4752	22
4753	25
4754	30
4755	30
4756	30
4757	27
4758	23
4759	27
4760	18
4761	35
4762	36
4763	24
4764	28
4765	23
4766	32
4767	37
4768	23
4769	34
4770	24
4771	21
4772	38
4773	26
4774	27
4775	24
4776	26
4777	24
4778	25
4779	23
4780	23
4781	23
4782	22
4783	20
4784	29
4785	22
4786	34
4787	25
4788	20
4789	21
4790	20
4791	31
4792	25
4793	26
4794	33
4795	23
4796	31
4797	32
4798	26
4799	28
4800	30
4801	21
4802	19
4803	35
4804	21
4805	23
4806	27
4807	25
4808	18
4809	21
4810	15
4811	22
4812	39
4813	21
4814	18
4815	24
4816	21
4817	29
4818	23
4819	39
4820	21
4821	24
4822	15
4823	20
4824	25
4825	25
4826	14
4827	19
4828	31
4829	20
4830	19
4831	26
4832	36
4833	26
4834	22
4835	15
4836	22
4837	19
4838	19
4839	22
4840	22
4841	24
4842	28
4843	26
4844	34
4845	23
4846	25
4847	22
4848	15
4849	20
4850	26
4851	20
4852	23
4853	22
4854	31
4855	24
4856	25
4857	27
4858	24
4859	23
4860	18
4861	23
4862	21
4863	19
4864	30
4865	28
4866	25
4867	21
4868	30
4869	30
4870	24
4871	17
4872	24
4873	30
4874	19
4875	17
4876	14
4877	27
4878	17
4879	25
4880	18
4881	21
4882	24
4883	23
4884	10
4885	23
4886	28
4887	15
4888	23
4889	25
4890	22
4891	16
4892	21
4893	18
4894	23
4895	17
4896	22
4897	24
4898	25
4899	18
4900	25
4901	26
4902	23
4903	18
4904	16
4905	36
4906	21
4907	23
4908	26
4909	22
4910	24
4911	25
4912	23
4913	24
4914	26
4915	26
4916	18
4917	17
4918	22
4919	32
4920	24
4921	24
4922	26
4923	22
4924	14
4925	27
4926	18
4927	22
4928	21
4929	27
4930	26
4931	28
4932	21
4933	32
4934	23
4935	23
4936	17
4937	26
4938	14
4939	22
4940	20
4941	18
4942	22
4943	21
4944	24
4945	19
4946	23
4947	26
4948	19
4949	19
4950	28
4951	20
4952	22
4953	18
4954	23
4955	21
4956	21
4957	22
4958	20
4959	28
4960	15
4961	14
4962	16
4963	25
4964	23
4965	23
4966	21
4967	18
4968	19
4969	21
4970	25
4971	26
4972	18
4973	17
4974	20
4975	18
4976	23
4977	22
4978	25
4979	22
4980	15
4981	14
4982	24
4983	21
4984	22
4985	14
4986	20
4987	19
4988	13
4989	21
4990	20
4991	26
4992	17
4993	15
4994	25
4995	19
4996	18
4997	13
4998	14
4999	23
5000	23
5001	20
5002	17
5003	17
5004	19
5005	25
5006	23
5007	12
5008	18
5009	17
5010	15
5011	20
5012	20
5013	20
5014	26
5015	17
5016	17
5017	22
5018	18
5019	19
5020	23
5021	32
5022	17
5023	23
5024	12
5025	25
5026	14
5027	15
5028	14
5029	21
5030	24
5031	17
5032	18
5033	11
5034	17
5035	18
5036	20
5037	19
5038	15
5039	21
5040	18
5041	22
5042	13
5043	23
5044	21
5045	14
5046	23
5047	20
5048	13
5049	23
5050	15
5051	18
5052	12
5053	21
5054	27
5055	18
5056	26
5057	19
5058	21
5059	19
5060	22
5061	20
5062	22
5063	14
5064	16
5065	24
5066	24
5067	12
5068	17
5069	18
5070	17
5071	21
5072	19
5073	26
5074	21
5075	23
5076	21
5077	18
5078	14
5079	12
5080	12
5081	20
5082	18
5083	23
5084	17
5085	24
5086	12
5087	18
5088	15
5089	19
5090	16
5091	18
5092	15
5093	23
5094	18
5095	16
5096	17
5097	15
5098	18
5099	20
5100	11
5101	24
5102	20
5103	17
5104	16
5105	19
5106	22
5107	9
5108	11
5109	16
5110	14
5111	19
5112	18
5113	13
5114	17
5115	21
5116	19
5117	17
5118	13
5119	10
5120	18
5121	23
5122	21
5123	11
5124	18
5125	29
5126	12
5127	20
5128	22
5129	11
5130	16
5131	18
5132	13
5133	13
5134	14
5135	11
5136	14
5137	14
5138	23
5139	20
5140	25
5141	10
5142	17
5143	23
5144	17
5145	21
5146	20
5147	19
5148	18
5149	15
5150	14
5151	25
5152	20
5153	15
5154	14
5155	14
5156	18
5157	16
5158	17
5159	16
5160	20
5161	18
5162	20
5163	18
5164	18
5165	21
5166	20
5167	19
5168	18
5169	22
5170	11
5171	16
5172	13
5173	24
5174	8
5175	19
5176	13
5177	14
5178	9
5179	20
5180	15
5181	16
5182	16
5183	16
5184	13
5185	19
5186	30
5187	13
5188	23
5189	13
5190	20
5191	13
5192	17
5193	10
5194	14
5195	10
5196	13
5197	13
5198	22
5199	18
5200	20
5201	20
5202	10
5203	19
5204	9
5205	16
5206	22
5207	15
5208	16
5209	20
5210	11
5211	26
5212	21
5213	7
5214	15
5215	17
5216	16
5217	19
5218	27
5219	16
5220	16
5221	14
5222	24
5223	15
5224	15
5225	16
5226	20
5227	17
5228	14
5229	14
5230	15
5231	24
5232	18
5233	17
5234	17
5235	11
5236	19
5237	13
5238	15
5239	19
5240	14
5241	16
5242	22
5243	15
5244	18
5245	12
5246	13
5247	13
5248	25
5249	17
5250	20
5251	12
5252	17
5253	16
5254	22
5255	14
5256	15
5257	19
5258	21
5259	20
5260	20
5261	11
5262	20
5263	10
5264	15
5265	15
5266	6
5267	19
5268	12
5269	14
5270	22
5271	11
5272	14
5273	20
5274	20
5275	15
5276	15
5277	13
5278	16
5279	15
5280	10
5281	10
5282	14
5283	8
5284	13
5285	13
5286	15
5287	14
5288	15
5289	13
5290	13
5291	19
5292	20
5293	13
5294	19
5295	19
5296	17
5297	23
5298	16
5299	17
5300	12
5301	15
5302	16
5303	13
5304	18
5305	21
5306	16
5307	20
5308	15
5309	19
5310	9
5311	13
5312	15
5313	14
5314	16
5315	16
5316	16
5317	11
5318	17
5319	16
5320	6
5321	16
5322	17
5323	16
5324	20
5325	15
5326	14
5327	20
5328	19
5329	15
5330	10
5331	15
5332	17
5333	15
5334	4
5335	9
5336	11
5337	7
5338	16
5339	16
5340	15
5341	10
5342	17
5343	17
5344	14
5345	13
5346	11
5347	22
5348	9
5349	13
5350	15
5351	15
5352	19
5353	13
5354	17
5355	12
5356	22
5357	20
5358	11
5359	14
5360	16
5361	12
5362	10
5363	16
5364	10
5365	13
5366	16
5367	14
5368	23
5369	18
5370	20
5371	15
5372	17
5373	17
5374	19
5375	9
5376	17
5377	20
5378	14
5379	10
5380	19
5381	18
5382	9
5383	20
5384	14
5385	17
5386	14
5387	9
5388	20
5389	14
5390	14
5391	9
5392	19
5393	20
5394	16
5395	9
5396	13
5397	20
5398	15
5399	8
5400	13
5401	11
5402	19
5403	15
5404	13
5405	13
5406	14
5407	13
5408	14
5409	12
5410	11
5411	15
5412	9
5413	17
5414	14
5415	13
5416	13
5417	16
5418	8
5419	11
5420	5
5421	14
5422	13
5423	12
5424	12
5425	16
5426	8
5427	11
5428	13
5429	12
5430	16
5431	8
5432	11
5433	8
5434	10
5435	14
5436	11
5437	11
5438	13
5439	12
5440	14
5441	21
5442	9
5443	18
5444	7
5445	17
5446	14
5447	16
5448	13
5449	9
5450	18
5451	7
5452	11
5453	16
5454	16
5455	8
5456	12
5457	14
5458	12
5459	12
5460	13
5461	15
5462	13
5463	16
5464	16
5465	8
5466	4
5467	12
5468	16
5469	11
5470	13
5471	14
5472	13
5473	9
5474	16
5475	19
5476	23
5477	9
5478	16
5479	10
5480	10
5481	13
5482	13
5483	10
5484	12
5485	10
5486	9
5487	24
5488	15
5489	15
5490	21
5491	14
5492	8
5493	18
5494	17
5495	15
5496	16
5497	12
5498	11
5499	13
5500	14
5501	17
5502	12
5503	10
5504	18
5505	15
5506	17
5507	10
5508	16
5509	12
5510	11
5511	12
5512	16
5513	18
5514	8
5515	5
5516	14
5517	9
5518	11
5519	11
5520	8
5521	17
5522	6
5523	10
5524	18
5525	15
5526	15
5527	10
5528	10
5529	12
5530	13
5531	7
5532	11
5533	16
5534	20
5535	12
5536	11
5537	10
5538	11
5539	13
5540	7
5541	15
5542	13
5543	5
5544	7
5545	16
5546	7
5547	10
5548	15
5549	18
5550	14
5551	15
5552	11
5553	12
5554	15
5555	13
5556	9
5557	11
5558	10
5559	11
5560	11
5561	16
5562	11
5563	14
5564	11
5565	15
5566	12
5567	7
5568	13
5569	21
5570	17
5571	13
5572	11
5573	11
5574	8
5575	8
5576	13
5577	11
5578	17
5579	13
5580	14
5581	6
5582	19
5583	11
5584	15
5585	8
5586	14
5587	16
5588	11
5589	11
5590	13
5591	11
5592	16
5593	10
5594	18
5595	13
5596	9
5597	6
5598	13
5599	12
5600	13
5601	16
5602	12
5603	12
5604	13
5605	10
5606	14
5607	7
5608	15
5609	14
5610	19
5611	4
5612	7
5613	8
5614	10
5615	11
5616	9
5617	7
5618	11
5619	11
5620	10
5621	12
5622	18
5623	14
5624	8
5625	7
5626	16
5627	9
5628	9
5629	12
5630	16
5631	9
5632	9
5633	15
5634	13
5635	11
5636	12
5637	12
5638	11
5639	16
5640	10
5641	14
5642	13
5643	16
5644	11
5645	7
5646	8
5647	11
5648	11
5649	15
5650	14
5651	9
5652	9
5653	11
5654	9
5655	17
5656	7
5657	17
5658	10
5659	9
5660	11
5661	10
5662	9
5663	10
5664	9
5665	12
5666	11
5667	15
5668	6
5669	6
5670	11
5671	9
5672	15
5673	12
5674	13
5675	15
5676	14
5677	11
5678	12
5679	13
5680	14
5681	18
5682	16
5683	12
5684	6
5685	7
5686	11
5687	10
5688	9
5689	12
5690	9
5691	11
5692	11
5693	16
5694	10
5695	12
5696	12
5697	11
5698	9
5699	11
5700	13
5701	21
5702	9
5703	12
5704	10
5705	10
5706	6
5707	14
5708	9
5709	9
5710	16
5711	12
5712	14
5713	11
5714	7
5715	7
5716	11
5717	15
5718	7
5719	9
5720	9
5721	13
5722	9
5723	7
5724	9
5725	12
5726	9
5727	12
5728	10
5729	9
5730	8
5731	11
5732	16
5733	9
5734	7
5735	13
5736	9
5737	14
5738	11
5739	9
5740	10
5741	9
5742	11
5743	13
5744	17
5745	9
5746	8
5747	5
5748	11
5749	5
5750	14
5751	9
5752	11
5753	12
5754	8
5755	13
5756	13
5757	8
5758	12
5759	7
5760	14
5761	7
5762	12
5763	12
5764	8
5765	14
5766	11
5767	7
5768	15
5769	10
5770	7
5771	15
5772	5
5773	18
5774	10
5775	5
5776	11
5777	5
5778	7
5779	12
5780	10
5781	16
5782	11
5783	8
5784	15
5785	9
5786	22
5787	12
5788	8
5789	15
5790	11
5791	11
5792	12
5793	7
5794	4
5795	14
5796	8
5797	9
5798	11
5799	10
5800	7
5801	17
5802	8
5803	14
5804	8
5805	11
5806	6
5807	8
5808	15
5809	8
5810	13
5811	6
5812	14
5813	8
5814	12
5815	8
5816	9
5817	12
5818	7
5819	13
5820	10
5821	7
5822	9
5823	15
5824	11
5825	12
5826	8
5827	8
5828	15
5829	10
5830	7
5831	9
5832	19
5833	4
5834	9
5835	11
5836	6
5837	5
5838	13
5839	13
5840	5
5841	10
5842	13
5843	11
5844	14
5845	11
5846	9
5847	12
5848	13
5849	8
5850	10
5851	16
5852	10
5853	14
5854	9
5855	9
5856	7
5857	9
5858	16
5859	12
5860	13
5861	8
5862	11
5863	8
5864	9
5865	13
5866	7
5867	10
5868	9
5869	9
5870	12
5871	8
5872	9
5873	9
5874	10
5875	10
5876	16
5877	6
5878	15
5879	5
5880	16
5881	10
5882	11
5883	6
5884	8
5885	7
5886	16
5887	10
5888	13
5889	10
5890	5
5891	9
5892	7
5893	4
5894	11
5895	5
5896	12
5897	11
5898	14
5899	7
5900	9
5901	15
5902	10
5903	8
5904	10
5905	8
5906	11
5907	10
5908	16
5909	14
5910	12
5911	10
5912	9
5913	7
5914	8
5915	9
5916	9
5917	7
5918	9
5919	6
5920	16
5921	14
5922	16
5923	13
5924	12
5925	7
5926	11
5927	14
5928	10
5929	5
5930	10
5931	13
5932	11
5933	8
5934	6
5935	8
5936	9
5937	13
5938	6
5939	11
5940	10
5941	11
5942	12
5943	10
5944	14
5945	14
5946	12
5947	5
5948	9
5949	10
5950	12
5951	7
5952	9
5953	8
5954	10
5955	17
5956	12
5957	9
5958	12
5959	11
5960	16
5961	10
5962	6
5963	3
5964	9
5965	17
5966	4
5967	11
5968	9
5969	12
5970	7
5971	13
5972	11
5973	13
5974	10
5975	13
5976	12
5977	17
5978	13
5979	9
5980	9
5981	14
5982	13
5983	14
5984	12
5985	10
5986	12
5987	5
5988	15
5989	12
5990	8
5991	5
5992	6
5993	10
5994	9
5995	12
5996	8
5997	10
5998	9
5999	7
6000	13
6001	9
6002	20
6003	12
6004	12
6005	13
6006	10
6007	13
6008	8
6009	9
6010	12
6011	5
6012	13
6013	10
6014	7
6015	8
6016	16
6017	6
6018	16
6019	7
6020	11
6021	9
6022	12
6023	15
6024	12
6025	12
6026	13
6027	10
6028	8
6029	7
6030	9
6031	12
6032	12
6033	12
6034	11
6035	14
6036	8
6037	10
6038	10
6039	12
6040	12
6041	7
6042	16
6043	13
6044	13
6045	10
6046	8
6047	5
6048	13
6049	7
6050	13
6051	6
6052	4
6053	12
6054	13
6055	9
6056	9
6057	5
6058	9
6059	7
6060	10
6061	9
6062	10
6063	16
6064	8
6065	6
6066	13
6067	11
6068	10
6069	5
6070	8
6071	10
6072	11
6073	8
6074	8
6075	17
6076	8
6077	9
6078	11
6079	13
6080	10
6081	9
6082	12
6083	7
6084	10
6085	13
6086	6
6087	13
6088	7
6089	6
6090	12
6091	11
6092	8
6093	9
6094	17
6095	10
6096	9
6097	9
6098	11
6099	9
6100	15
6101	11
6102	9
6103	13
6104	13
6105	8
6106	12
6107	7
6108	6
6109	15
6110	5
6111	6
6112	12
6113	13
6114	16
6115	10
6116	7
6117	11
6118	9
6119	10
6120	7
6121	7
6122	7
6123	11
6124	12
6125	8
6126	9
6127	7
6128	14
6129	12
6130	8
6131	11
6132	6
6133	8
6134	8
6135	17
6136	13
6137	10
6138	12
6139	9
6140	9
6141	14
6142	8
6143	11
6144	14
6145	11
6146	12
6147	14
6148	9
6149	9
6150	5
6151	10
6152	11
6153	15
6154	11
6155	8
6156	7
6157	6
6158	8
6159	13
6160	13
6161	12
6162	11
6163	9
6164	12
6165	5
6166	15
6167	10
6168	9
6169	10
6170	15
6171	19
6172	17
6173	8
6174	11
6175	8
6176	9
6177	11
6178	11
6179	8
6180	11
6181	13
6182	13
6183	10
6184	13
6185	7
6186	9
6187	7
6188	12
6189	12
6190	8
6191	11
6192	7
6193	12
6194	10
6195	11
6196	9
6197	8
6198	11
6199	11
6200	10
6201	14
6202	13
6203	11
6204	10
6205	18
6206	11
6207	13
6208	10
6209	10
6210	15
6211	18
6212	11
6213	12
6214	13
6215	14
6216	5
6217	12
6218	6
6219	13
6220	7
6221	11
6222	10
6223	15
6224	12
6225	16
6226	11
6227	11
6228	8
6229	11
6230	9
6231	9
6232	12
6233	10
6234	7
6235	13
6236	9
6237	14
6238	11
6239	6
6240	16
6241	9
6242	15
6243	10
6244	15
6245	9
6246	12
6247	7
6248	11
6249	11
6250	13
6251	7
6252	9
6253	13
6254	7
6255	4
6256	8
6257	20
6258	10
6259	11
6260	10
6261	15
6262	11
6263	12
6264	13
6265	10
6266	14
6267	7
6268	13
6269	9
6270	11
6271	10
6272	18
6273	7
6274	20
6275	13
6276	10
6277	10
6278	6
6279	12
6280	10
6281	7
6282	6
6283	15
6284	12
6285	8
6286	12
6287	9
6288	11
6289	16
6290	8
6291	15
6292	8
6293	11
6294	8
6295	8
6296	12
6297	7
6298	10
6299	11
6300	6
6301	15
6302	12
6303	12
6304	10
6305	14
6306	15
6307	12
6308	8
6309	10
6310	8
6311	8
6312	11
6313	14
6314	9
6315	13
6316	12
6317	11
6318	13
6319	10
6320	18
6321	7
6322	12
6323	13
6324	6
6325	14
6326	12
6327	9
6328	11
6329	10
6330	11
6331	5
6332	10
6333	10
6334	10
6335	12
6336	14
6337	11
6338	8
6339	9
6340	5
6341	7
6342	13
6343	19
6344	6
6345	13
6346	11
6347	9
6348	10
6349	11
6350	11
6351	14
6352	7
6353	5
6354	13
6355	13
6356	10
6357	11
6358	9
6359	14
6360	7
6361	10
6362	12
6363	18
6364	9
6365	7
6366	12
6367	10
6368	9
6369	13
6370	6
6371	6
6372	14
6373	9
6374	9
6375	10
6376	14
6377	10
6378	11
6379	13
6380	8
6381	10
6382	12
6383	11
6384	12
6385	9
6386	14
6387	14
6388	12
6389	14
6390	14
6391	15
6392	15
6393	20
6394	13
6395	19
6396	17
6397	10
6398	8
6399	11
6400	11
6401	16
6402	6
6403	9
6404	7
6405	15
6406	16
6407	15
6408	11
6409	11
6410	12
6411	11
6412	10
6413	15
6414	7
6415	10
6416	11
6417	7
6418	8
6419	18
6420	10
6421	16
6422	9
6423	9
6424	20
6425	10
6426	15
6427	18
6428	11
6429	11
6430	11
6431	17
6432	11
6433	14
6434	10
6435	15
6436	6
6437	5
6438	3
6439	14
6440	16
6441	11
6442	8
6443	12
6444	10
6445	5
6446	10
6447	15
6448	11
6449	14
6450	10
6451	13
6452	16
6453	15
6454	7
6455	12
6456	12
6457	16
6458	8
6459	17
6460	12
6461	12
6462	10
6463	18
6464	11
6465	8
6466	15
6467	9
6468	20
6469	8
6470	19
6471	22
6472	11
6473	14
6474	12
6475	10
6476	10
6477	3
6478	14
6479	12
6480	9
6481	11
6482	14
6483	11
6484	21
6485	16
6486	11
6487	10
6488	11
6489	6
6490	11
6491	15
6492	13
6493	10
6494	10
6495	21
6496	20
6497	17
6498	11
6499	17
6500	14
6501	12
6502	11
6503	9
6504	11
6505	14
6506	16
6507	11
6508	11
6509	12
6510	15
6511	14
6512	10
6513	14
6514	27
6515	14
6516	16
6517	11
6518	9
6519	16
6520	11
6521	11
6522	9
6523	5
6524	12
6525	16
6526	9
6527	13
6528	11
6529	16
6530	13
6531	12
6532	16
6533	8
6534	19
6535	8
6536	11
6537	18
6538	13
6539	12
6540	13
6541	12
6542	14
6543	7
6544	11
6545	14
6546	13
6547	14
6548	7
6549	13
6550	10
6551	14
6552	15
6553	9
6554	11
6555	14
6556	12
6557	9
6558	14
6559	15
6560	13
6561	11
6562	14
6563	11
6564	13
6565	16
6566	21
6567	12
6568	16
6569	17
6570	12
6571	14
6572	14
6573	17
6574	7
6575	9
6576	18
6577	15
6578	12
6579	12
6580	16
6581	14
6582	19
6583	11
6584	14
6585	12
6586	12
6587	11
6588	19
6589	13
6590	9
6591	17
6592	19
6593	11
6594	17
6595	18
6596	17
6597	16
6598	18
6599	9
6600	13
6601	7
6602	12
6603	12
6604	20
6605	11
6606	11
6607	14
6608	14
6609	18
6610	16
6611	14
6612	12
6613	17
6614	19
6615	21
6616	16
6617	18
6618	17
6619	18
6620	15
6621	13
6622	16
6623	13
6624	14
6625	19
6626	12
6627	8
6628	16
6629	11
6630	9
6631	20
6632	16
6633	18
6634	13
6635	13
6636	19
6637	17
6638	14
6639	16
6640	25
6641	14
6642	9
6643	12
6644	9
6645	5
6646	17
6647	13
6648	14
6649	15
6650	14
6651	16
6652	9
6653	15
6654	22
6655	13
6656	14
6657	13
6658	10
6659	10
6660	22
6661	17
6662	16
6663	13
6664	12
6665	19
6666	14
6667	9
6668	13
6669	14
6670	13
6671	17
6672	13
6673	15
6674	15
6675	15
6676	11
6677	18
6678	20
6679	18
6680	18
6681	18
6682	15
6683	16
6684	17
6685	17
6686	13
6687	8
6688	13
6689	11
6690	19
6691	16
6692	15
6693	16
6694	19
6695	10
6696	18
6697	9
6698	22
6699	14
6700	25
6701	16
6702	22
6703	15
6704	19
6705	19
6706	21
6707	16
6708	18
6709	19
6710	7
6711	18
6712	16
6713	13
6714	13
6715	12
6716	14
6717	20
6718	15
6719	17
6720	11
6721	9
6722	15
6723	13
6724	18
6725	10
6726	16
6727	15
6728	23
6729	9
6730	21
6731	19
6732	21
6733	16
6734	23
6735	15
6736	21
6737	30
6738	13
6739	18
6740	17
6741	12
6742	19
6743	20
6744	15
6745	13
6746	10
6747	20
6748	17
6749	12
6750	11
6751	24
6752	15
6753	17
6754	24
6755	16
6756	18
6757	14
6758	12
6759	15
6760	16
6761	19
6762	9
6763	16
6764	21
6765	20
6766	9
6767	25
6768	20
6769	11
6770	17
6771	17
6772	10
6773	15
6774	14
6775	12
6776	14
6777	17
6778	12
6779	15
6780	19
6781	19
6782	20
6783	28
6784	18
6785	21
6786	15
6787	22
6788	15
6789	14
6790	22
6791	14
6792	13
6793	14
6794	13
6795	15
6796	15
6797	10
6798	13
6799	17
6800	21
6801	13
6802	19
6803	22
6804	16
6805	17
6806	17
6807	16
6808	16
6809	15
6810	19
6811	19
6812	14
6813	21
6814	17
6815	18
6816	19
6817	16
6818	20
6819	18
6820	20
6821	19
6822	20
6823	25
6824	11
6825	21
6826	21
6827	13
6828	16
6829	19
6830	20
6831	15
6832	13
6833	13
6834	14
6835	19
6836	21
6837	20
6838	14
6839	22
6840	15
6841	17
6842	19
6843	20
6844	16
6845	13
6846	20
6847	18
6848	17
6849	11
6850	18
6851	9
6852	20
6853	19
6854	16
6855	23
6856	18
6857	13
6858	18
6859	12
6860	10
6861	21
6862	20
6863	17
6864	15
6865	11
6866	26
6867	26
6868	15
6869	23
6870	16
6871	15
6872	10
6873	17
6874	12
6875	15
6876	17
6877	12
6878	17
6879	16
6880	11
6881	18
6882	17
6883	19
6884	13
6885	16
6886	13
6887	10
6888	15
6889	20
6890	17
6891	13
6892	8
6893	13
6894	13
6895	15
6896	13
6897	12
6898	12
6899	11
6900	13
6901	10
6902	13
6903	9
6904	15
6905	9
6906	15
6907	12
6908	13
6909	8
6910	17
6911	10
6912	10
6913	14
6914	11
6915	9
6916	10
6917	13
6918	13
6919	12
6920	16
6921	17
6922	15
6923	8
6924	11
6925	9
6926	12
6927	14
6928	7
6929	16
6930	22
6931	12
6932	12
6933	28
6934	10
6935	13
6936	13
6937	11
6938	17
6939	6
6940	13
6941	16
6942	13
6943	9
6944	14
6945	12
6946	12
6947	11
6948	11
6949	8
6950	7
6951	12
6952	15
6953	10
6954	17
6955	19
6956	7
6957	6
6958	8
6959	14
6960	12
6961	14
6962	8
6963	13
6964	11
6965	12
6966	14
6967	14
6968	12
6969	10
6970	14
6971	13
6972	9
6973	6
6974	20
6975	9
6976	11
6977	10
6978	17
6979	12
6980	11
6981	11
6982	8
6983	10
6984	12
6985	11
6986	15
6987	7
6988	9
6989	10
6990	17
6991	11
6992	9
6993	10
6994	11
6995	11
6996	14
6997	15
6998	5
6999	8
7000	10
7001	8
7002	13
7003	11
7004	12
7005	11
7006	15
7007	11
7008	13
7009	13
7010	14
7011	8
7012	5
7013	5
7014	20
7015	11
7016	14
7017	7
7018	17
7019	4
7020	13
7021	4
7022	7
7023	11
7024	9
7025	7
7026	10
7027	10
7028	16
7029	8
7030	9
7031	4
7032	6
7033	4
7034	10
7035	9
7036	18
7037	8
7038	9
7039	2
7040	11
7041	6
7042	10
7043	7
7044	9
7045	7
7046	6
7047	7
7048	6
7049	10
7050	5
7051	10
7052	6
7053	3
7054	7
7055	12
7056	5
7057	6
7058	8
7059	8
7060	7
7061	6
7062	9
7063	2
7064	5
7065	5
7066	3
7067	7
7068	10
7069	13
7070	7
7071	4
7072	10
7073	5
7074	3
7075	3
7076	5
7077	9
7078	3
7079	9
7080	5
7081	5
7082	3
7083	9
7084	5
7085	9
7086	6
7087	6
7088	6
7089	10
7090	9
7091	5
7092	4
7093	4
7094	4
7095	5
7096	7
7097	12
7098	8
7099	9
7100	4
7101	4
7102	6
7103	8
7104	6
7105	7
7106	5
7107	7
7108	4
7109	4
7110	6
7111	6
7112	4
7113	5
7114	3
7115	6
7116	3
7117	5
7118	3
7119	6
7120	3
7121	6
7122	6
7123	6
7124	2
7125	6
7126	2
7127	6
7128	6
7129	2
7130	4
7131	5
7132	0
7133	4
7134	4
7135	3
7136	2
7137	3
7138	8
7139	5
7140	5
7141	1
7142	4
7143	4
7144	3
7145	6
7146	5
7147	6
7148	4
7149	3
7150	9
7151	4
7152	2
7153	2
7154	4
7155	5
7156	6
7157	4
7158	3
7159	6
7160	6
7161	6
7162	3
7163	3
7164	4
7165	1
7166	8
7167	5
7168	3
7169	0
7170	1
7171	2
7172	3
7173	5
7174	1
7175	8
7176	5
7177	5
7178	1
7179	3
7180	2
7181	4
7182	3
7183	2
7184	3
7185	2
7186	3
7187	3
7188	1
7189	4
7190	7
7191	3
7192	0
7193	1
7194	1
7195	1
7196	6
7197	3
7198	2
7199	4
7200	2
7201	1
7202	4
7203	3
7204	3
7205	2
7206	3
7207	3
7208	1
7209	4
7210	0
7211	1
7212	1
7213	4
7214	1
7215	1
7216	3
7217	2
7218	3
7219	3
7220	1
7221	3
7222	2
7223	2
7224	3
7225	1
7226	3
7227	1
7228	1
7229	1
7230	3
7231	0
7232	2
7233	1
7234	2
7235	0
7236	0
7237	3
7238	0
7239	5
7240	1
7241	2
7242	2
7243	4
7244	0
7245	0
7246	4
7247	2
7248	3
7249	0
7250	2
7251	0
7252	4
7253	2
7254	1
7255	1
7256	5
7257	0
7258	1
7259	0
7260	1
7261	2
7262	0
7263	2
7264	1
7265	1
7266	5
7267	1
7268	1
7269	2
7270	3
7271	2
7272	5
7273	1
7274	2
7275	3
7276	1
7277	0
7278	1
7279	0
7280	2
7281	0
7282	0
7283	1
7284	1
7285	2
7286	1
7287	2
7288	1
7289	1
7290	1
7291	2
7292	0
7293	0
7294	2
7295	0
7296	1
7297	0
7298	1
7299	0
7300	1
7301	3
7302	0
7303	2
7304	2
7305	0
7306	3
7307	1
7308	1
7309	0
7310	0
7311	1
7312	0
7313	2
7314	0
7315	1
7316	2
7317	0
7318	0
7319	5
7320	1
7321	0
7322	2
7323	1
7324	0
7325	1
7326	1
7327	2
7328	0
7329	0
7330	2
7331	2
7332	0
7333	1
7334	1
7335	3
7336	0
7337	0
7338	1
7339	0
7340	1
7341	1
7342	2
7343	3
7344	1
7345	0
7346	0
7347	1
7348	0
7349	5
7350	0
7351	1
7352	1
7353	0
7354	1
7355	2
7356	2
7357	1
7358	1
7359	0
7360	1
7361	0
7362	0
7363	0
7364	0
7365	0
7366	2
7367	0
7368	0
7369	1
7370	0
7371	1
7372	1
7373	2
7374	2
7375	0
7376	0
7377	0
7378	1
7379	0
7380	1
7381	0
7382	0
7383	1
7384	1
7385	3
7386	1
7387	0
7388	1
7389	1
7390	1
7391	1
7392	0
7393	3
7394	1
7395	1
7396	0
7397	0
7398	1
7399	1
7400	0
7401	0
7402	1
7403	1
7404	1
7405	1
7406	0
7407	1
7408	0
7409	1
7410	0
7411	1
7412	1
7413	0
7414	0
7415	0
7416	0
7417	1
7418	1
7419	1
7420	0
7421	0
7422	0
7423	1
7424	1
7425	2
7426	0
7427	1
7428	0
7429	0
7430	1
7431	1
7432	0
7433	1
7434	0
7435	0
7436	1
7437	2
7438	2
7439	0
7440	0
7441	1
7442	2
7443	0
7444	0
7445	1
7446	0
7447	0
7448	0
7449	0
7450	1
7451	1
7452	0
7453	1
7454	0
7455	1
7456	1
7457	0
7458	0
7459	0
7460	1
7461	0
7462	0
7463	0
7464	1
7465	1
7466	0
7467	1
7468	1
7469	0
7470	2
7471	0
7472	1
7473	3
7474	0
7475	0
7476	1
7477	1
7478	1
7479	0
7480	2
7481	1
7482	0
7483	2
7484	0
7485	1
7486	1
7487	0
7488	1
7489	2
7490	1
7491	1
7492	0
7493	1
7494	0
7495	0
7496	1
7497	3
7498	0
7499	2
7500	0
7501	0
7502	1
7503	0
7504	0
7505	1
7506	0
7507	0
7508	0
7509	1
7510	2
7511	1
7512	0
7513	1
7514	1
7515	0
7516	1
7517	0
7518	0
7519	0
7520	0
7521	0
7522	1
7523	0
7524	1
7525	1
7526	1
7527	2
7528	0
7529	0
7530	0
7531	0
7532	1
7533	0
7534	1
7535	0
7536	2
7537	2
7538	0
7539	0
7540	0
7541	0
7542	0
7543	1
7544	2
7545	0
7546	0
7547	0
7548	1
7549	0
7550	0
7551	1
7552	1
7553	0
7554	0
7555	1
7556	0
7557	0
7558	1
7559	0
7560	0
7561	0
7562	0
7563	2
7564	0
7565	0
7566	0
7567	1
7568	1
7569	1
7570	1
7571	0
7572	0
7573	0
7574	0
7575	1
7576	0
7577	0
7578	0
7579	0
7580	0
7581	1
7582	0
7583	0
7584	0
7585	0
7586	0
7587	0
7588	0
7589	0
7590	0
7591	0
7592	1
7593	0
7594	0
7595	1
7596	1
7597	0
7598	0
7599	0
7600	1
7601	1
7602	0
7603	0
7604	0
7605	0
7606	0
7607	0
7608	0
7609	0
7610	0
7611	1
7612	0
7613	0
7614	0
7615	0
7616	1
7617	1
7618	0
7619	0
7620	1
7621	1
7622	0
7623	0
7624	0
7625	0
7626	0
7627	0
7628	0
7629	0
7630	1
7631	0
7632	0
7633	0
7634	0
7635	0
7636	1
7637	2
7638	0
7639	2
7640	0
7641	0
7642	0
7643	0
7644	2
7645	2
7646	0
7647	0
7648	1
7649	0
7650	0
7651	0
7652	0
7653	1
7654	2
7655	0
7656	2
7657	0
7658	0
7659	0
7660	1
7661	0
7662	2
7663	0
7664	2
7665	0
7666	0
7667	0
7668	0
7669	2
7670	0
7671	0
7672	1
7673	0
7674	2
7675	0
7676	0
7677	0
7678	0
7679	0
7680	0
7681	0
7682	1
7683	1
7684	0
7685	1
7686	2
7687	0
7688	0
7689	0
7690	1
7691	1
7692	0
7693	1
7694	1
7695	0
7696	0
7697	2
7698	0
7699	0
7700	0
7701	0
7702	0
7703	1
7704	2
7705	0
7706	1
7707	0
7708	0
7709	0
7710	0
7711	3
7712	0
7713	1
7714	0
7715	0
7716	1
7717	1
7718	0
7719	0
7720	0
7721	2
7722	1
7723	0
7724	1
7725	0
7726	1
7727	0
7728	0
7729	0
7730	0
7731	0
7732	0
7733	2
7734	1
7735	0
7736	1
7737	0
7738	0
7739	0
7740	1
7741	1
7742	0
7743	1
7744	0
7745	0
7746	0
7747	0
7748	1
7749	0
7750	1
7751	0
7752	1
7753	1
7754	0
7755	0
7756	1
7757	0
7758	1
7759	1
7760	0
7761	1
7762	0
7763	0
7764	0
7765	0
7766	1
7767	1
7768	0
7769	2
7770	0
7771	3
7772	0
7773	0
7774	0
7775	0
7776	0
7777	0
7778	1
7779	0
7780	1
7781	0
7782	0
7783	2
7784	0
7785	0
7786	1
7787	2
7788	0
7789	2
7790	0
7791	0
7792	0
7793	0
7794	1
7795	1
7796	1
7797	2
7798	0
7799	0
7800	0
7801	0
7802	0
7803	2
7804	0
7805	0
7806	0
7807	1
7808	0
7809	1
7810	0
7811	0
7812	0
7813	0
7814	0
7815	0
7816	0
7817	1
7818	1
7819	0
7820	1
7821	0
7822	0
7823	0
7824	0
7825	1
7826	2
7827	1
7828	0
7829	2
7830	0
7831	0
7832	0
7833	0
7834	0
7835	0
7836	0
7837	0
7838	1
7839	0
7840	0
7841	2
7842	0
7843	0
7844	0
7845	1
7846	2
7847	0
7848	1
7849	0
7850	1
7851	0
7852	0
7853	1
7854	1
7855	0
7856	1
7857	0
7858	0
7859	0
7860	0
7861	0
7862	2
7863	1
7864	0
7865	0
7866	0
7867	1
7868	0
7869	1
7870	0
7871	0
7872	0
7873	1
7874	2
7875	1
7876	1
7877	1
7878	2
7879	0
7880	0
7881	0
7882	1
7883	0
7884	0
7885	0
7886	0
7887	1
7888	0
7889	0
7890	0
7891	1
7892	0
7893	1
7894	1
7895	0
7896	0
7897	2
7898	0
7899	0
7900	0
7901	0
7902	1
7903	1
7904	0
7905	0
7906	0
7907	0
7908	1
7909	2
7910	1
7911	1
7912	0
7913	0
7914	0
7915	1
7916	0
7917	1
7918	0
7919	0
7920	2
7921	0
7922	0
7923	0
7924	0
7925	1
7926	1
7927	0
7928	0
7929	0
7930	0
7931	0
7932	0
7933	0
7934	0
7935	1
7936	0
7937	0
7938	0
7939	1
7940	0
7941	0
7942	0
7943	0
7944	1
7945	0
7946	0
7947	1
7948	0
7949	0
7950	0
7951	1
7952	0
7953	0
7954	1
7955	0
7956	0
7957	1
7958	0
7959	1
7960	1
7961	3
7962	0
7963	0
7964	1
7965	0
7966	0
7967	0
7968	0
7969	0
7970	1
7971	0
7972	2
7973	0
7974	1
7975	0
7976	0
7977	1
7978	0
7979	0
7980	3
7981	0
7982	0
7983	0
7984	0
7985	1
7986	1
7987	0
7988	0
7989	0
7990	0
7991	0
7992	1
7993	0
7994	0
7995	1
7996	0
7997	1
7998	0
7999	1
8000	0
8001	1
8002	1
8003	0
8004	1
8005	2
8006	1
8007	0
8008	0
8009	0
8010	0
8011	1
8012	2
8013	0
8014	1
8015	0
8016	0
8017	1
8018	1
8019	3
8020	1
8021	1
8022	0
8023	0
8024	1
8025	3
8026	1
8027	1
8028	0
8029	1
8030	0
8031	0
8032	2
8033	0
8034	2
8035	0
8036	0
8037	1
8038	0
8039	0
8040	2
8041	1
8042	2
8043	0
8044	1
8045	1
8046	0
8047	0
8048	1
8049	1
8050	0
8051	1
8052	0
8053	0
8054	1
8055	1
8056	0
8057	0
8058	1
8059	0
8060	0
8061	0
8062	0
8063	0
8064	0
8065	0
8066	0
8067	0
8068	1
8069	0
8070	2
8071	1
8072	0
8073	0
8074	0
8075	0
8076	1
8077	0
8078	2
8079	0
8080	1
8081	0
8082	0
8083	0
8084	0
8085	0
8086	0
8087	1
8088	0
8089	0
8090	0
8091	1
8092	1
8093	2
8094	0
8095	0
8096	0
8097	0
8098	0
8099	0
8100	0
8101	0
8102	0
8103	0
8104	0
8105	0
8106	0
8107	0
8108	0
8109	0
8110	0
8111	0
8112	0
8113	0
8114	0
8115	0
8116	0
8117	0
8118	0
8119	0
8120	0
8121	0
8122	0
8123	0
8124	0
8125	0
8126	0
8127	0
8128	0
8129	0
8130	0
8131	0
8132	0
8133	0
8134	0
8135	0
8136	0
8137	0
8138	0
8139	0
8140	0
8141	0
8142	0
8143	0
8144	0
8145	0
8146	0
8147	0
8148	0
8149	0
8150	0
8151	0
8152	0
8153	0
8154	0
8155	0
8156	0
8157	0
8158	0
8159	0
8160	0
8161	0
8162	0
8163	0
8164	0
8165	0
8166	0
8167	0
8168	0
8169	0
8170	0
8171	0
8172	0
8173	0
8174	0
8175	0
8176	0
8177	0
8178	0
8179	0
8180	0
8181	0
8182	0
8183	0
8184	0
8185	0
8186	0
8187	0
8188	0
8189	0
8190	0
8191	0
