0	0
1	0
2	0
3	0
4	0
5	0
6	0
7	0
8	0
9	0
10	0
11	0
12	0
13	0
14	0
15	0
16	0
17	0
18	0
19	0
20	0
21	0
22	0
23	0
24	0
25	0
26	0
27	0
28	0
29	0
30	0
31	0
32	0
33	0
34	0
35	0
36	0
37	0
38	0
39	0
40	0
41	0
42	0
43	0
44	0
45	0
46	0
47	0
48	0
49	0
50	0
51	0
52	0
53	0
54	0
55	0
56	0
57	0
58	0
59	0
60	0
61	0
62	0
63	0
64	0
65	0
66	0
67	0
68	0
69	0
70	0
71	0
72	0
73	0
74	0
75	0
76	0
77	0
78	0
79	0
80	0
81	0
82	0
83	0
84	0
85	0
86	0
87	0
88	0
89	0
90	0
91	0
92	0
93	0
94	0
95	0
96	0
97	0
98	0
99	0
100	0
101	0
102	0
103	0
104	0
105	0
106	0
107	0
108	0
109	0
110	0
111	0
112	0
113	0
114	0
115	0
116	0
117	0
118	0
119	0
120	0
121	0
122	0
123	0
124	0
125	0
126	0
127	0
128	0
129	0
130	0
131	0
132	0
133	0
134	0
135	0
136	0
137	0
138	0
139	0
140	0
141	0
142	0
143	0
144	0
145	0
146	0
147	0
148	0
149	0
150	0
151	0
152	0
153	0
154	0
155	0
156	0
157	0
158	0
159	0
160	0
161	0
162	0
163	0
164	0
165	0
166	0
167	0
168	0
169	0
170	0
171	0
172	0
173	0
174	0
175	0
176	0
177	1
178	1
179	0
180	6
181	8
182	27
183	29
184	29
185	26
186	30
187	32
188	26
189	22
190	24
191	37
192	24
193	24
194	22
195	32
196	19
197	28
198	23
199	26
200	26
201	22
202	25
203	23
204	12
205	27
206	29
207	29
208	30
209	26
210	30
211	31
212	25
213	18
214	27
215	20
216	23
217	21
218	25
219	30
220	21
221	18
222	24
223	19
224	23
225	14
226	20
227	27
228	17
229	18
230	31
231	17
232	18
233	26
234	19
235	21
236	18
237	20
238	22
239	24
240	21
241	32
242	20
243	22
244	15
245	14
246	15
247	25
248	22
249	23
250	18
251	26
252	11
253	22
254	18
255	21
256	25
257	29
258	15
259	23
260	17
261	22
262	25
263	21
264	21
265	16
266	21
267	12
268	21
269	24
270	20
271	21
272	20
273	20
274	12
275	14
276	27
277	20
278	18
279	26
280	12
281	26
282	30
283	21
284	20
285	16
286	21
287	13
288	25
289	21
290	31
291	23
292	18
293	17
294	22
295	26
296	19
297	14
298	22
299	22
300	16
301	19
302	24
303	20
304	23
305	20
306	21
307	22
308	25
309	26
310	17
311	32
312	21
313	21
314	24
315	21
316	19
317	25
318	28
319	14
320	23
321	18
322	15
323	19
324	17
325	16
326	22
327	25
328	28
329	28
330	18
331	23
332	20
333	19
334	24
335	24
336	23
337	21
338	24
339	21
340	14
341	25
342	18
343	17
344	23
345	29
346	33
347	16
348	21
349	26
350	26
351	23
352	18
353	32
354	13
355	31
356	14
357	31
358	19
359	18
360	15
361	19
362	19
363	24
364	21
365	24
366	29
367	16
368	21
369	21
370	17
371	24
372	25
373	20
374	21
375	28
376	24
377	19
378	17
379	16
380	23
381	33
382	39
383	21
384	22
385	28
386	20
387	32
388	21
389	28
390	13
391	19
392	25
393	26
394	22
395	13
396	24
397	33
398	23
399	21
400	30
401	15
402	26
403	30
404	15
405	24
406	17
407	20
408	23
409	21
410	27
411	24
412	24
413	15
414	28
415	22
416	24
417	21
418	19
419	19
420	25
421	17
422	26
423	23
424	18
425	17
426	21
427	28
428	19
429	20
430	29
431	17
432	23
433	27
434	18
435	20
436	21
437	17
438	22
439	35
440	18
441	19
442	19
443	27
444	25
445	19
446	33
447	22
448	26
449	26
450	28
451	26
452	30
453	21
454	26
455	18
456	20
457	21
458	26
459	21
460	19
461	23
462	20
463	20
464	27
465	23
466	37
467	23
468	25
469	30
470	20
471	24
472	26
473	24
474	24
475	20
476	23
477	27
478	22
479	19
480	17
481	23
482	28
483	16
484	18
485	22
486	31
487	23
488	18
489	24
490	27
491	24
492	20
493	23
494	25
495	17
496	21
497	24
498	35
499	25
500	19
501	14
502	26
503	33
504	27
505	22
506	24
507	26
508	28
509	21
510	31
511	24
512	29
513	27
514	22
515	31
516	24
517	24
518	26
519	28
520	29
521	12
522	24
523	27
524	36
525	18
526	16
527	21
528	20
529	28
530	22
531	23
532	28
533	20
534	28
535	23
536	21
537	16
538	25
539	21
540	34
541	15
542	30
543	26
544	17
545	19
546	32
547	21
548	25
549	19
550	25
551	24
552	31
553	31
554	22
555	26
556	18
557	26
558	18
559	15
560	31
561	26
562	31
563	20
564	26
565	22
566	29
567	31
568	25
569	20
570	22
571	30
572	21
573	26
574	22
575	27
576	29
577	30
578	22
579	16
580	23
581	25
582	24
583	18
584	16
585	17
586	28
587	27
588	28
589	25
590	12
591	18
592	17
593	23
594	31
595	21
596	22
597	28
598	25
599	21
600	15
601	17
602	24
603	27
604	23
605	15
606	26
607	25
608	24
609	22
610	18
611	22
612	24
613	11
614	14
615	28
616	23
617	24
618	27
619	26
620	23
621	23
622	28
623	22
624	25
625	25
626	26
627	20
628	22
629	29
630	20
631	23
632	28
633	19
634	26
635	17
636	30
637	15
638	23
639	16
640	29
641	27
642	18
643	23
644	24
645	32
646	23
647	26
648	26
649	23
650	23
651	29
652	34
653	15
654	23
655	27
656	18
657	19
658	31
659	30
660	21
661	29
662	30
663	22
664	22
665	31
666	22
667	23
668	30
669	26
670	33
671	28
672	19
673	22
674	33
675	20
676	25
677	26
678	35
679	26
680	27
681	20
682	30
683	16
684	31
685	29
686	21
687	29
688	31
689	23
690	21
691	24
692	28
693	24
694	28
695	21
696	34
697	20
698	24
699	30
700	30
701	24
702	22
703	26
704	24
705	20
706	30
707	28
708	27
709	24
710	25
711	24
712	18
713	17
714	22
715	22
716	36
717	29
718	19
719	22
720	21
721	31
722	31
723	22
724	22
725	27
726	23
727	25
728	24
729	28
730	25
731	24
732	27
733	28
734	27
735	24
736	21
737	19
738	28
739	34
740	25
741	21
742	32
743	30
744	30
745	21
746	33
747	24
748	25
749	29
750	33
751	28
752	26
753	23
754	33
755	29
756	29
757	20
758	18
759	20
760	19
761	22
762	26
763	28
764	41
765	28
766	36
767	34
768	40
769	12
770	21
771	20
772	36
773	30
774	22
775	26
776	25
777	32
778	28
779	33
780	29
781	37
782	30
783	29
784	30
785	25
786	35
787	23
788	38
789	25
790	37
791	27
792	42
793	28
794	40
795	47
796	28
797	31
798	32
799	47
800	36
801	37
802	38
803	48
804	29
805	44
806	24
807	32
808	27
809	34
810	35
811	43
812	30
813	34
814	36
815	31
816	40
817	42
818	46
819	35
820	45
821	41
822	40
823	49
824	43
825	41
826	37
827	45
828	44
829	41
830	39
831	47
832	52
833	54
834	43
835	43
836	51
837	39
838	53
839	55
840	45
841	53
842	49
843	60
844	40
845	49
846	51
847	49
848	53
849	55
850	53
851	48
852	42
853	57
854	46
855	55
856	55
857	67
858	53
859	46
860	43
861	59
862	60
863	72
864	56
865	67
866	56
867	55
868	53
869	39
870	58
871	58
872	68
873	57
874	61
875	43
876	59
877	60
878	64
879	51
880	61
881	64
882	66
883	57
884	57
885	60
886	58
887	57
888	62
889	54
890	54
891	50
892	45
893	51
894	63
895	63
896	45
897	47
898	42
899	52
900	40
901	41
902	62
903	49
904	43
905	47
906	45
907	41
908	61
909	44
910	46
911	55
912	39
913	46
914	50
915	27
916	57
917	46
918	46
919	56
920	36
921	52
922	36
923	41
924	46
925	41
926	48
927	37
928	31
929	34
930	51
931	31
932	37
933	33
934	30
935	41
936	52
937	50
938	40
939	39
940	41
941	37
942	48
943	36
944	37
945	35
946	39
947	33
948	36
949	29
950	45
951	36
952	42
953	34
954	43
955	47
956	32
957	35
958	34
959	43
960	39
961	33
962	20
963	45
964	31
965	42
966	35
967	36
968	31
969	33
970	41
971	44
972	36
973	34
974	33
975	37
976	38
977	42
978	36
979	51
980	41
981	35
982	36
983	30
984	38
985	48
986	47
987	42
988	44
989	33
990	34
991	35
992	38
993	36
994	42
995	43
996	34
997	50
998	43
999	35
1000	49
1001	37
1002	45
1003	33
1004	46
1005	30
1006	35
1007	24
1008	45
1009	48
1010	42
1011	36
1012	29
1013	46
1014	39
1015	42
1016	40
1017	41
1018	40
1019	40
1020	40
1021	42
1022	24
1023	31
1024	36
1025	32
1026	32
1027	28
1028	31
1029	35
1030	35
1031	32
1032	31
1033	36
1034	42
1035	33
1036	33
1037	38
1038	31
1039	23
1040	28
1041	35
1042	37
1043	26
1044	29
1045	36
1046	34
1047	31
1048	31
1049	34
1050	29
1051	35
1052	36
1053	34
1054	28
1055	36
1056	33
1057	28
1058	34
1059	33
1060	29
1061	35
1062	27
1063	28
1064	26
1065	26
1066	25
1067	26
1068	32
1069	33
1070	26
1071	28
1072	31
1073	32
1074	35
1075	29
1076	27
1077	31
1078	32
1079	33
1080	25
1081	39
1082	26
1083	29
1084	23
1085	37
1086	25
1087	21
1088	25
1089	23
1090	26
1091	32
1092	28
1093	21
1094	38
1095	19
1096	18
1097	24
1098	35
1099	26
1100	28
1101	26
1102	31
1103	26
1104	35
1105	34
1106	32
1107	34
1108	35
1109	17
1110	32
1111	32
1112	30
1113	35
1114	34
1115	32
1116	28
1117	33
1118	25
1119	26
1120	22
1121	40
1122	30
1123	23
1124	33
1125	35
1126	28
1127	29
1128	32
1129	24
1130	31
1131	26
1132	30
1133	33
1134	34
1135	42
1136	24
1137	30
1138	44
1139	32
1140	33
1141	27
1142	37
1143	29
1144	32
1145	32
1146	31
1147	29
1148	28
1149	24
1150	28
1151	26
1152	38
1153	32
1154	34
1155	33
1156	27
1157	39
1158	35
1159	43
1160	33
1161	26
1162	27
1163	23
1164	22
1165	24
1166	29
1167	27
1168	26
1169	29
1170	35
1171	25
1172	30
1173	37
1174	31
1175	27
1176	21
1177	36
1178	23
1179	31
1180	37
1181	30
1182	24
1183	36
1184	33
1185	24
1186	31
1187	31
1188	28
1189	46
1190	38
1191	36
1192	28
1193	39
1194	37
1195	32
1196	27
1197	37
1198	33
1199	24
1200	34
1201	32
1202	37
1203	29
1204	34
1205	29
1206	24
1207	37
1208	34
1209	36
1210	32
1211	35
1212	44
1213	29
1214	28
1215	35
1216	35
1217	22
1218	33
1219	36
1220	38
1221	38
1222	29
1223	28
1224	29
1225	29
1226	33
1227	36
1228	29
1229	40
1230	43
1231	31
1232	32
1233	28
1234	28
1235	23
1236	32
1237	44
1238	29
1239	29
1240	35
1241	31
1242	38
1243	29
1244	33
1245	31
1246	31
1247	31
1248	33
1249	48
1250	33
1251	30
1252	30
1253	40
1254	37
1255	33
1256	52
1257	33
1258	36
1259	29
1260	36
1261	32
1262	33
1263	31
1264	35
1265	33
1266	33
1267	38
1268	32
1269	38
1270	30
1271	25
1272	28
1273	31
1274	35
1275	35
1276	37
1277	37
1278	38
1279	31
1280	41
1281	46
1282	36
1283	24
1284	31
1285	31
1286	31
1287	44
1288	41
1289	28
1290	41
1291	40
1292	44
1293	32
1294	37
1295	38
1296	42
1297	36
1298	36
1299	33
1300	36
1301	43
1302	25
1303	30
1304	34
1305	33
1306	47
1307	30
1308	41
1309	31
1310	42
1311	34
1312	40
1313	34
1314	43
1315	33
1316	32
1317	27
1318	36
1319	35
1320	37
1321	43
1322	38
1323	41
1324	33
1325	33
1326	38
1327	43
1328	35
1329	31
1330	34
1331	39
1332	31
1333	40
1334	44
1335	33
1336	39
1337	43
1338	37
1339	36
1340	34
1341	40
1342	46
1343	36
1344	41
1345	46
1346	35
1347	42
1348	36
1349	31
1350	31
1351	31
1352	46
1353	39
1354	34
1355	35
1356	34
1357	31
1358	34
1359	48
1360	37
1361	40
1362	44
1363	38
1364	34
1365	35
1366	29
1367	29
1368	61
1369	34
1370	34
1371	47
1372	54
1373	30
1374	38
1375	35
1376	36
1377	46
1378	34
1379	48
1380	36
1381	48
1382	40
1383	37
1384	49
1385	38
1386	42
1387	41
1388	47
1389	43
1390	41
1391	34
1392	38
1393	50
1394	42
1395	30
1396	47
1397	36
1398	36
1399	38
1400	33
1401	41
1402	36
1403	53
1404	36
1405	43
1406	35
1407	47
1408	36
1409	50
1410	45
1411	35
1412	55
1413	42
1414	50
1415	44
1416	41
1417	53
1418	52
1419	39
1420	40
1421	46
1422	31
1423	43
1424	42
1425	51
1426	53
1427	39
1428	41
1429	34
1430	52
1431	45
1432	53
1433	42
1434	36
1435	48
1436	36
1437	46
1438	35
1439	47
1440	45
1441	35
1442	32
1443	47
1444	41
1445	42
1446	46
1447	56
1448	45
1449	31
1450	38
1451	41
1452	39
1453	43
1454	45
1455	45
1456	38
1457	32
1458	26
1459	43
1460	52
1461	38
1462	47
1463	37
1464	37
1465	40
1466	55
1467	54
1468	45
1469	38
1470	34
1471	41
1472	44
1473	45
1474	50
1475	42
1476	49
1477	46
1478	46
1479	47
1480	40
1481	54
1482	40
1483	44
1484	46
1485	35
1486	56
1487	54
1488	29
1489	48
1490	45
1491	37
1492	45
1493	37
1494	45
1495	47
1496	51
1497	48
1498	38
1499	43
1500	41
1501	50
1502	43
1503	40
1504	45
1505	45
1506	23
1507	45
1508	48
1509	48
1510	36
1511	40
1512	52
1513	45
1514	23
1515	45
1516	51
1517	50
1518	41
1519	34
1520	42
1521	37
1522	46
1523	57
1524	34
1525	41
1526	48
1527	41
1528	70
1529	44
1530	42
1531	62
1532	48
1533	45
1534	52
1535	46
1536	38
1537	43
1538	47
1539	48
1540	48
1541	42
1542	44
1543	36
1544	52
1545	47
1546	47
1547	42
1548	48
1549	47
1550	36
1551	34
1552	54
1553	61
1554	51
1555	44
1556	45
1557	37
1558	48
1559	40
1560	54
1561	44
1562	50
1563	53
1564	47
1565	38
1566	34
1567	41
1568	43
1569	42
1570	37
1571	48
1572	50
1573	42
1574	32
1575	42
1576	58
1577	34
1578	54
1579	58
1580	34
1581	52
1582	53
1583	34
1584	42
1585	49
1586	43
1587	48
1588	56
1589	53
1590	59
1591	50
1592	44
1593	45
1594	41
1595	62
1596	49
1597	43
1598	53
1599	39
1600	44
1601	50
1602	53
1603	57
1604	45
1605	46
1606	43
1607	51
1608	49
1609	40
1610	47
1611	42
1612	47
1613	54
1614	43
1615	41
1616	52
1617	40
1618	52
1619	54
1620	57
1621	47
1622	47
1623	40
1624	43
1625	56
1626	50
1627	37
1628	48
1629	35
1630	51
1631	48
1632	49
1633	44
1634	54
1635	52
1636	48
1637	51
1638	45
1639	41
1640	68
1641	46
1642	43
1643	42
1644	46
1645	48
1646	46
1647	50
1648	36
1649	38
1650	60
1651	53
1652	42
1653	61
1654	52
1655	57
1656	48
1657	36
1658	48
1659	38
1660	51
1661	49
1662	43
1663	42
1664	51
1665	54
1666	55
1667	47
1668	51
1669	34
1670	53
1671	50
1672	53
1673	59
1674	51
1675	41
1676	54
1677	51
1678	42
1679	42
1680	49
1681	40
1682	43
1683	61
1684	51
1685	47
1686	48
1687	35
1688	45
1689	43
1690	59
1691	68
1692	41
1693	47
1694	51
1695	55
1696	50
1697	48
1698	45
1699	45
1700	51
1701	46
1702	47
1703	57
1704	59
1705	63
1706	57
1707	38
1708	45
1709	46
1710	57
1711	55
1712	46
1713	44
1714	55
1715	46
1716	55
1717	37
1718	57
1719	49
1720	44
1721	32
1722	49
1723	45
1724	37
1725	54
1726	56
1727	36
1728	44
1729	52
1730	44
1731	51
1732	46
1733	37
1734	51
1735	56
1736	47
1737	58
1738	55
1739	50
1740	54
1741	41
1742	58
1743	52
1744	43
1745	50
1746	47
1747	55
1748	44
1749	63
1750	42
1751	49
1752	43
1753	50
1754	45
1755	50
1756	53
1757	61
1758	58
1759	45
1760	52
1761	51
1762	78
1763	67
1764	45
1765	52
1766	51
1767	45
1768	56
1769	42
1770	55
1771	59
1772	49
1773	52
1774	45
1775	58
1776	55
1777	40
1778	51
1779	46
1780	65
1781	49
1782	54
1783	53
1784	51
1785	50
1786	61
1787	52
1788	52
1789	53
1790	59
1791	53
1792	62
1793	47
1794	52
1795	51
1796	54
1797	47
1798	38
1799	49
1800	45
1801	43
1802	48
1803	53
1804	50
1805	41
1806	53
1807	44
1808	43
1809	53
1810	41
1811	53
1812	64
1813	64
1814	46
1815	55
1816	57
1817	50
1818	52
1819	50
1820	57
1821	57
1822	49
1823	44
1824	60
1825	58
1826	64
1827	55
1828	57
1829	52
1830	63
1831	53
1832	41
1833	54
1834	50
1835	63
1836	61
1837	61
1838	49
1839	51
1840	45
1841	57
1842	61
1843	45
1844	61
1845	54
1846	46
1847	46
1848	54
1849	54
1850	53
1851	45
1852	59
1853	44
1854	48
1855	60
1856	48
1857	69
1858	47
1859	54
1860	58
1861	46
1862	57
1863	47
1864	36
1865	52
1866	56
1867	52
1868	48
1869	65
1870	61
1871	54
1872	55
1873	47
1874	55
1875	69
1876	35
1877	52
1878	50
1879	54
1880	46
1881	51
1882	49
1883	57
1884	59
1885	58
1886	70
1887	65
1888	61
1889	50
1890	52
1891	50
1892	52
1893	61
1894	57
1895	53
1896	53
1897	50
1898	46
1899	49
1900	53
1901	51
1902	44
1903	45
1904	61
1905	71
1906	52
1907	58
1908	50
1909	58
1910	57
1911	55
1912	45
1913	67
1914	52
1915	45
1916	47
1917	49
1918	59
1919	54
1920	50
1921	55
1922	63
1923	48
1924	53
1925	49
1926	64
1927	50
1928	54
1929	60
1930	39
1931	57
1932	46
1933	51
1934	66
1935	54
1936	56
1937	49
1938	51
1939	56
1940	56
1941	48
1942	62
1943	53
1944	60
1945	66
1946	51
1947	48
1948	56
1949	64
1950	52
1951	63
1952	54
1953	51
1954	48
1955	67
1956	56
1957	41
1958	64
1959	61
1960	54
1961	55
1962	51
1963	52
1964	65
1965	56
1966	63
1967	67
1968	51
1969	56
1970	50
1971	58
1972	53
1973	58
1974	44
1975	53
1976	58
1977	69
1978	49
1979	64
1980	65
1981	57
1982	41
1983	54
1984	67
1985	57
1986	66
1987	60
1988	76
1989	58
1990	52
1991	66
1992	45
1993	59
1994	47
1995	52
1996	52
1997	62
1998	39
1999	55
2000	56
2001	52
2002	49
2003	59
2004	59
2005	50
2006	53
2007	52
2008	56
2009	57
2010	63
2011	47
2012	70
2013	56
2014	43
2015	61
2016	55
2017	64
2018	59
2019	60
2020	58
2021	36
2022	45
2023	48
2024	58
2025	71
2026	65
2027	53
2028	56
2029	50
2030	51
2031	47
2032	49
2033	54
2034	58
2035	55
2036	45
2037	58
2038	62
2039	59
2040	61
2041	51
2042	69
2043	51
2044	67
2045	45
2046	56
2047	59
2048	58
2049	50
2050	67
2051	47
2052	58
2053	43
2054	55
2055	60
2056	49
2057	43
2058	52
2059	56
2060	53
2061	57
2062	54
2063	61
2064	55
2065	53
2066	48
2067	50
2068	56
2069	47
2070	61
2071	62
2072	55
2073	63
2074	58
2075	42
2076	43
2077	52
2078	59
2079	55
2080	61
2081	56
2082	56
2083	61
2084	58
2085	51
2086	49
2087	52
2088	57
2089	54
2090	56
2091	61
2092	66
2093	42
2094	52
2095	59
2096	58
2097	62
2098	50
2099	53
2100	61
2101	57
2102	45
2103	78
2104	61
2105	53
2106	51
2107	56
2108	60
2109	63
2110	52
2111	50
2112	60
2113	67
2114	63
2115	45
2116	60
2117	61
2118	48
2119	65
2120	54
2121	58
2122	48
2123	56
2124	44
2125	49
2126	54
2127	58
2128	57
2129	48
2130	51
2131	51
2132	74
2133	62
2134	77
2135	41
2136	58
2137	69
2138	80
2139	50
2140	50
2141	60
2142	54
2143	54
2144	62
2145	60
2146	65
2147	53
2148	57
2149	41
2150	70
2151	61
2152	59
2153	60
2154	54
2155	56
2156	53
2157	54
2158	53
2159	69
2160	60
2161	56
2162	63
2163	45
2164	48
2165	61
2166	57
2167	61
2168	47
2169	50
2170	64
2171	56
2172	53
2173	40
2174	54
2175	46
2176	45
2177	54
2178	53
2179	51
2180	52
2181	58
2182	63
2183	49
2184	58
2185	53
2186	64
2187	50
2188	60
2189	59
2190	56
2191	64
2192	67
2193	61
2194	58
2195	63
2196	62
2197	60
2198	46
2199	66
2200	65
2201	53
2202	49
2203	61
2204	55
2205	58
2206	50
2207	49
2208	63
2209	57
2210	53
2211	51
2212	55
2213	56
2214	52
2215	65
2216	64
2217	56
2218	58
2219	52
2220	50
2221	68
2222	47
2223	48
2224	69
2225	56
2226	61
2227	66
2228	60
2229	58
2230	58
2231	53
2232	50
2233	68
2234	63
2235	68
2236	50
2237	52
2238	72
2239	59
2240	55
2241	68
2242	59
2243	50
2244	75
2245	62
2246	58
2247	57
2248	67
2249	40
2250	45
2251	50
2252	53
2253	55
2254	52
2255	54
2256	49
2257	66
2258	59
2259	71
2260	45
2261	59
2262	64
2263	36
2264	57
2265	69
2266	54
2267	50
2268	60
2269	53
2270	55
2271	52
2272	53
2273	57
2274	50
2275	58
2276	59
2277	54
2278	54
2279	55
2280	53
2281	52
2282	51
2283	42
2284	55
2285	47
2286	58
2287	57
2288	62
2289	42
2290	45
2291	59
2292	64
2293	54
2294	55
2295	43
2296	63
2297	55
2298	54
2299	41
2300	69
2301	60
2302	44
2303	68
2304	57
2305	45
2306	56
2307	45
2308	69
2309	62
2310	51
2311	49
2312	54
2313	40
2314	49
2315	45
2316	63
2317	46
2318	70
2319	63
2320	49
2321	43
2322	53
2323	44
2324	49
2325	59
2326	56
2327	50
2328	58
2329	45
2330	44
2331	54
2332	55
2333	57
2334	43
2335	53
2336	47
2337	41
2338	60
2339	54
2340	59
2341	58
2342	42
2343	51
2344	53
2345	54
2346	37
2347	50
2348	48
2349	49
2350	46
2351	44
2352	47
2353	49
2354	53
2355	47
2356	50
2357	51
2358	41
2359	53
2360	54
2361	46
2362	66
2363	51
2364	48
2365	45
2366	47
2367	36
2368	52
2369	47
2370	52
2371	53
2372	60
2373	46
2374	40
2375	56
2376	48
2377	61
2378	37
2379	44
2380	61
2381	43
2382	52
2383	36
2384	40
2385	51
2386	50
2387	40
2388	62
2389	46
2390	51
2391	36
2392	48
2393	52
2394	48
2395	53
2396	41
2397	48
2398	38
2399	62
2400	44
2401	56
2402	50
2403	47
2404	53
2405	42
2406	43
2407	54
2408	49
2409	31
2410	45
2411	47
2412	54
2413	30
2414	44
2415	28
2416	40
2417	53
2418	41
2419	46
2420	48
2421	59
2422	64
2423	48
2424	52
2425	49
2426	57
2427	38
2428	54
2429	52
2430	47
2431	43
2432	50
2433	51
2434	50
2435	37
2436	53
2437	39
2438	39
2439	53
2440	49
2441	49
2442	35
2443	61
2444	33
2445	53
2446	54
2447	44
2448	44
2449	56
2450	45
2451	45
2452	38
2453	53
2454	42
2455	47
2456	29
2457	42
2458	50
2459	54
2460	62
2461	51
2462	44
2463	46
2464	43
2465	46
2466	38
2467	45
2468	43
2469	57
2470	51
2471	47
2472	40
2473	36
2474	65
2475	56
2476	48
2477	40
2478	42
2479	49
2480	46
2481	47
2482	53
2483	39
2484	46
2485	46
2486	42
2487	48
2488	61
2489	44
2490	51
2491	59
2492	40
2493	39
2494	38
2495	54
2496	53
2497	53
2498	52
2499	42
2500	58
2501	55
2502	40
2503	39
2504	46
2505	48
2506	46
2507	40
2508	50
2509	51
2510	45
2511	41
2512	46
2513	41
2514	46
2515	50
2516	38
2517	41
2518	46
2519	38
2520	46
2521	51
2522	45
2523	39
2524	38
2525	35
2526	37
2527	41
2528	39
2529	43
2530	41
2531	41
2532	36
2533	42
2534	47
2535	39
2536	42
2537	49
2538	50
2539	43
2540	45
2541	40
2542	40
2543	39
2544	39
2545	52
2546	38
2547	49
2548	53
2549	46
2550	38
2551	49
2552	47
2553	44
2554	44
2555	37
2556	51
2557	43
2558	43
2559	39
2560	42
2561	50
2562	49
2563	43
2564	32
2565	36
2566	39
2567	45
2568	45
2569	47
2570	45
2571	46
2572	44
2573	48
2574	48
2575	49
2576	44
2577	42
2578	42
2579	57
2580	47
2581	44
2582	49
2583	39
2584	42
2585	42
2586	37
2587	37
2588	40
2589	41
2590	39
2591	50
2592	48
2593	51
2594	42
2595	41
2596	53
2597	58
2598	33
2599	31
2600	42
2601	37
2602	46
2603	40
2604	36
2605	46
2606	52
2607	43
2608	39
2609	36
2610	38
2611	48
2612	48
2613	46
2614	35
2615	48
2616	49
2617	51
2618	47
2619	38
2620	31
2621	44
2622	32
2623	39
2624	34
2625	41
2626	40
2627	44
2628	43
2629	51
2630	57
2631	36
2632	47
2633	48
2634	40
2635	47
2636	39
2637	36
2638	42
2639	54
2640	51
2641	63
2642	34
2643	35
2644	39
2645	41
2646	44
2647	44
2648	51
2649	46
2650	48
2651	44
2652	47
2653	43
2654	42
2655	34
2656	54
2657	39
2658	37
2659	50
2660	40
2661	37
2662	35
2663	50
2664	48
2665	46
2666	47
2667	48
2668	49
2669	46
2670	38
2671	48
2672	41
2673	52
2674	38
2675	44
2676	48
2677	43
2678	50
2679	44
2680	38
2681	40
2682	29
2683	50
2684	44
2685	35
2686	37
2687	32
2688	28
2689	40
2690	38
2691	49
2692	49
2693	54
2694	45
2695	50
2696	39
2697	37
2698	42
2699	40
2700	40
2701	40
2702	30
2703	35
2704	37
2705	42
2706	44
2707	32
2708	40
2709	42
2710	46
2711	48
2712	50
2713	49
2714	43
2715	31
2716	60
2717	42
2718	43
2719	42
2720	42
2721	41
2722	47
2723	46
2724	40
2725	43
2726	33
2727	42
2728	46
2729	46
2730	37
2731	44
2732	46
2733	37
2734	39
2735	32
2736	45
2737	28
2738	43
2739	48
2740	42
2741	38
2742	43
2743	36
2744	46
2745	39
2746	36
2747	34
2748	43
2749	55
2750	37
2751	52
2752	39
2753	35
2754	44
2755	35
2756	47
2757	38
2758	34
2759	32
2760	34
2761	38
2762	46
2763	39
2764	45
2765	39
2766	37
2767	31
2768	47
2769	42
2770	44
2771	46
2772	43
2773	30
2774	45
2775	40
2776	37
2777	35
2778	36
2779	34
2780	37
2781	36
2782	38
2783	48
2784	36
2785	43
2786	43
2787	37
2788	49
2789	32
2790	34
2791	41
2792	48
2793	49
2794	31
2795	41
2796	40
2797	45
2798	47
2799	41
2800	44
2801	43
2802	35
2803	39
2804	40
2805	44
2806	28
2807	48
2808	44
2809	38
2810	58
2811	45
2812	40
2813	43
2814	38
2815	46
2816	44
2817	52
2818	39
2819	47
2820	39
2821	32
2822	29
2823	45
2824	38
2825	49
2826	40
2827	36
2828	34
2829	34
2830	40
2831	40
2832	32
2833	36
2834	39
2835	44
2836	41
2837	36
2838	35
2839	45
2840	40
2841	37
2842	36
2843	37
2844	45
2845	43
2846	42
2847	37
2848	37
2849	41
2850	33
2851	30
2852	22
2853	43
2854	35
2855	40
2856	33
2857	30
2858	26
2859	35
2860	42
2861	31
2862	31
2863	33
2864	31
2865	40
2866	35
2867	45
2868	35
2869	38
2870	31
2871	45
2872	47
2873	35
2874	44
2875	31
2876	38
2877	33
2878	37
2879	43
2880	39
2881	42
2882	31
2883	38
2884	38
2885	38
2886	36
2887	41
2888	44
2889	32
2890	43
2891	51
2892	39
2893	36
2894	33
2895	35
2896	42
2897	40
2898	47
2899	41
2900	43
2901	53
2902	33
2903	48
2904	42
2905	38
2906	39
2907	34
2908	33
2909	45
2910	41
2911	42
2912	42
2913	46
2914	40
2915	52
2916	25
2917	41
2918	39
2919	32
2920	27
2921	39
2922	37
2923	45
2924	35
2925	46
2926	45
2927	36
2928	35
2929	38
2930	44
2931	51
2932	39
2933	28
2934	36
2935	35
2936	44
2937	40
2938	38
2939	40
2940	31
2941	43
2942	29
2943	40
2944	48
2945	27
2946	33
2947	32
2948	47
2949	47
2950	42
2951	29
2952	40
2953	29
2954	35
2955	43
2956	34
2957	43
2958	39
2959	20
2960	40
2961	36
2962	42
2963	38
2964	48
2965	32
2966	39
2967	42
2968	39
2969	45
2970	38
2971	36
2972	38
2973	36
2974	31
2975	38
2976	40
2977	40
2978	42
2979	39
2980	30
2981	45
2982	38
2983	37
2984	36
2985	25
2986	25
2987	41
2988	37
2989	40
2990	33
2991	36
2992	40
2993	34
2994	43
2995	47
2996	38
2997	34
2998	33
2999	37
3000	39
3001	44
3002	32
3003	39
3004	40
3005	49
3006	41
3007	42
3008	32
3009	34
3010	42
3011	38
3012	33
3013	37
3014	30
3015	34
3016	34
3017	35
3018	26
3019	38
3020	35
3021	24
3022	38
3023	27
3024	41
3025	39
3026	43
3027	40
3028	30
3029	36
3030	30
3031	36
3032	29
3033	39
3034	37
3035	30
3036	30
3037	35
3038	46
3039	42
3040	27
3041	39
3042	45
3043	45
3044	33
3045	34
3046	39
3047	31
3048	32
3049	43
3050	42
3051	26
3052	37
3053	41
3054	29
3055	34
3056	30
3057	41
3058	28
3059	35
3060	38
3061	48
3062	32
3063	33
3064	38
3065	28
3066	29
3067	36
3068	28
3069	41
3070	50
3071	31
3072	46
3073	32
3074	26
3075	48
3076	42
3077	36
3078	33
3079	43
3080	27
3081	39
3082	33
3083	44
3084	35
3085	31
3086	30
3087	25
3088	33
3089	37
3090	44
3091	37
3092	37
3093	30
3094	33
3095	40
3096	44
3097	38
3098	31
3099	32
3100	39
3101	27
3102	24
3103	26
3104	27
3105	34
3106	31
3107	39
3108	35
3109	28
3110	45
3111	32
3112	52
3113	40
3114	31
3115	43
3116	34
3117	37
3118	25
3119	27
3120	37
3121	35
3122	34
3123	46
3124	35
3125	34
3126	31
3127	42
3128	29
3129	32
3130	30
3131	50
3132	48
3133	39
3134	39
3135	26
3136	37
3137	31
3138	42
3139	43
3140	25
3141	39
3142	26
3143	39
3144	43
3145	31
3146	38
3147	35
3148	34
3149	31
3150	31
3151	24
3152	27
3153	40
3154	41
3155	35
3156	30
3157	27
3158	27
3159	27
3160	36
3161	47
3162	35
3163	41
3164	31
3165	33
3166	38
3167	30
3168	38
3169	33
3170	30
3171	54
3172	40
3173	39
3174	36
3175	25
3176	39
3177	27
3178	27
3179	34
3180	38
3181	42
3182	40
3183	32
3184	45
3185	36
3186	36
3187	35
3188	38
3189	30
3190	41
3191	37
3192	34
3193	33
3194	37
3195	37
3196	37
3197	43
3198	38
3199	32
3200	28
3201	39
3202	33
3203	24
3204	32
3205	25
3206	37
3207	31
3208	31
3209	35
3210	34
3211	29
3212	43
3213	38
3214	40
3215	34
3216	39
3217	28
3218	42
3219	30
3220	40
3221	39
3222	39
3223	36
3224	23
3225	33
3226	35
3227	31
3228	39
3229	42
3230	40
3231	46
3232	25
3233	30
3234	24
3235	45
3236	37
3237	38
3238	37
3239	27
3240	37
3241	34
3242	25
3243	38
3244	32
3245	36
3246	44
3247	38
3248	41
3249	42
3250	28
3251	36
3252	32
3253	30
3254	29
3255	34
3256	23
3257	32
3258	38
3259	31
3260	38
3261	33
3262	36
3263	41
3264	43
3265	45
3266	29
3267	37
3268	37
3269	44
3270	28
3271	30
3272	30
3273	37
3274	26
3275	37
3276	41
3277	31
3278	32
3279	38
3280	32
3281	38
3282	40
3283	42
3284	31
3285	44
3286	23
3287	38
3288	35
3289	37
3290	33
3291	29
3292	29
3293	35
3294	41
3295	41
3296	30
3297	13
3298	32
3299	33
3300	37
3301	22
3302	30
3303	28
3304	26
3305	38
3306	35
3307	23
3308	26
3309	32
3310	31
3311	34
3312	39
3313	34
3314	30
3315	40
3316	31
3317	42
3318	28
3319	35
3320	27
3321	36
3322	40
3323	26
3324	36
3325	22
3326	28
3327	33
3328	30
3329	30
3330	31
3331	33
3332	30
3333	27
3334	34
3335	31
3336	27
3337	36
3338	35
3339	44
3340	38
3341	34
3342	33
3343	32
3344	41
3345	30
3346	39
3347	34
3348	30
3349	42
3350	37
3351	35
3352	27
3353	33
3354	33
3355	35
3356	32
3357	37
3358	30
3359	27
3360	28
3361	28
3362	29
3363	34
3364	29
3365	27
3366	36
3367	34
3368	34
3369	32
3370	36
3371	34
3372	29
3373	34
3374	32
3375	36
3376	27
3377	24
3378	32
3379	39
3380	25
3381	30
3382	35
3383	30
3384	29
3385	38
3386	28
3387	29
3388	22
3389	29
3390	25
3391	38
3392	29
3393	25
3394	29
3395	33
3396	40
3397	29
3398	36
3399	32
3400	35
3401	31
3402	39
3403	26
3404	25
3405	41
3406	25
3407	22
3408	36
3409	27
3410	38
3411	42
3412	24
3413	32
3414	36
3415	39
3416	29
3417	27
3418	38
3419	33
3420	38
3421	38
3422	28
3423	35
3424	28
3425	34
3426	38
3427	31
3428	31
3429	29
3430	35
3431	32
3432	39
3433	22
3434	38
3435	28
3436	23
3437	32
3438	34
3439	37
3440	29
3441	16
3442	39
3443	37
3444	26
3445	35
3446	33
3447	42
3448	34
3449	30
3450	30
3451	29
3452	24
3453	39
3454	39
3455	30
3456	33
3457	35
3458	27
3459	44
3460	43
3461	36
3462	30
3463	41
3464	24
3465	25
3466	30
3467	32
3468	39
3469	36
3470	22
3471	36
3472	27
3473	26
3474	29
3475	33
3476	19
3477	34
3478	29
3479	27
3480	30
3481	29
3482	30
3483	31
3484	44
3485	31
3486	22
3487	34
3488	38
3489	30
3490	29
3491	29
3492	34
3493	26
3494	36
3495	34
3496	30
3497	31
3498	26
3499	33
3500	21
3501	34
3502	36
3503	22
3504	27
3505	22
3506	37
3507	37
3508	42
3509	28
3510	24
3511	26
3512	22
3513	19
3514	26
3515	25
3516	45
3517	36
3518	29
3519	28
3520	35
3521	30
3522	32
3523	32
3524	28
3525	30
3526	38
3527	27
3528	31
3529	31
3530	23
3531	38
3532	24
3533	36
3534	28
3535	36
3536	23
3537	22
3538	25
3539	38
3540	41
3541	38
3542	22
3543	38
3544	36
3545	27
3546	28
3547	31
3548	38
3549	32
3550	37
3551	33
3552	28
3553	40
3554	39
3555	38
3556	39
3557	32
3558	27
3559	26
3560	41
3561	49
3562	32
3563	22
3564	35
3565	30
3566	39
3567	25
3568	37
3569	28
3570	49
3571	35
3572	34
3573	25
3574	29
3575	39
3576	30
3577	34
3578	33
3579	32
3580	33
3581	30
3582	30
3583	32
3584	28
3585	27
3586	43
3587	32
3588	31
3589	34
3590	21
3591	35
3592	36
3593	42
3594	26
3595	22
3596	41
3597	23
3598	32
3599	31
3600	40
3601	40
3602	33
3603	34
3604	28
3605	39
3606	44
3607	27
3608	24
3609	37
3610	34
3611	45
3612	34
3613	44
3614	28
3615	24
3616	37
3617	41
3618	33
3619	28
3620	32
3621	34
3622	26
3623	35
3624	31
3625	38
3626	25
3627	34
3628	43
3629	36
3630	33
3631	34
3632	26
3633	24
3634	28
3635	28
3636	36
3637	38
3638	36
3639	30
3640	37
3641	24
3642	27
3643	21
3644	36
3645	37
3646	32
3647	42
3648	30
3649	32
3650	30
3651	40
3652	31
3653	34
3654	39
3655	28
3656	36
3657	32
3658	37
3659	40
3660	27
3661	40
3662	38
3663	38
3664	31
3665	31
3666	36
3667	42
3668	35
3669	27
3670	43
3671	19
3672	26
3673	37
3674	30
3675	32
3676	27
3677	33
3678	35
3679	26
3680	31
3681	25
3682	32
3683	33
3684	21
3685	33
3686	35
3687	30
3688	32
3689	26
3690	30
3691	31
3692	25
3693	26
3694	23
3695	44
3696	29
3697	34
3698	27
3699	34
3700	38
3701	40
3702	29
3703	30
3704	36
3705	25
3706	34
3707	29
3708	40
3709	40
3710	32
3711	27
3712	33
3713	32
3714	35
3715	19
3716	33
3717	27
3718	30
3719	30
3720	36
3721	45
3722	29
3723	31
3724	43
3725	35
3726	29
3727	23
3728	35
3729	32
3730	28
3731	33
3732	37
3733	32
3734	23
3735	40
3736	35
3737	33
3738	29
3739	32
3740	29
3741	31
3742	26
3743	32
3744	35
3745	36
3746	43
3747	32
3748	31
3749	39
3750	37
3751	32
3752	39
3753	22
3754	36
3755	33
3756	27
3757	37
3758	39
3759	34
3760	32
3761	28
3762	44
3763	17
3764	25
3765	31
3766	27
3767	34
3768	30
3769	30
3770	29
3771	33
3772	28
3773	31
3774	22
3775	40
3776	38
3777	33
3778	26
3779	37
3780	40
3781	38
3782	35
3783	31
3784	33
3785	40
3786	36
3787	34
3788	22
3789	32
3790	27
3791	39
3792	39
3793	39
3794	29
3795	33
3796	31
3797	36
3798	39
3799	35
3800	26
3801	35
3802	29
3803	39
3804	25
3805	39
3806	30
3807	25
3808	35
3809	43
3810	42
3811	21
3812	34
3813	41
3814	27
3815	32
3816	33
3817	32
3818	35
3819	25
3820	34
3821	29
3822	24
3823	41
3824	38
3825	38
3826	27
3827	28
3828	35
3829	27
3830	26
3831	31
3832	48
3833	30
3834	35
3835	36
3836	38
3837	40
3838	40
3839	33
3840	35
3841	19
3842	32
3843	33
3844	36
3845	35
3846	28
3847	40
3848	41
3849	38
3850	36
3851	34
3852	44
3853	27
3854	30
3855	37
3856	41
3857	45
3858	24
3859	23
3860	34
3861	30
3862	42
3863	30
3864	34
3865	49
3866	45
3867	32
3868	38
3869	37
3870	33
3871	33
3872	37
3873	28
3874	32
3875	49
3876	36
3877	31
3878	38
3879	30
3880	41
3881	40
3882	35
3883	32
3884	23
3885	37
3886	33
3887	37
3888	33
3889	50
3890	35
3891	36
3892	30
3893	40
3894	29
3895	42
3896	35
3897	24
3898	32
3899	40
3900	30
3901	32
3902	40
3903	34
3904	41
3905	24
3906	39
3907	47
3908	30
3909	29
3910	31
3911	37
3912	42
3913	38
3914	47
3915	41
3916	21
3917	39
3918	39
3919	31
3920	33
3921	31
3922	27
3923	39
3924	35
3925	41
3926	37
3927	37
3928	48
3929	42
3930	43
3931	33
3932	35
3933	40
3934	42
3935	45
3936	37
3937	33
3938	35
3939	42
3940	32
3941	29
3942	39
3943	41
3944	40
3945	37
3946	40
3947	34
3948	34
3949	32
3950	28
3951	41
3952	30
3953	36
3954	31
3955	43
3956	20
3957	35
3958	39
3959	40
3960	48
3961	42
3962	29
3963	39
3964	44
3965	49
3966	32
3967	25
3968	33
3969	45
3970	42
3971	29
3972	35
3973	27
3974	50
3975	38
3976	29
3977	29
3978	33
3979	29
3980	38
3981	34
3982	48
3983	56
3984	38
3985	48
3986	30
3987	42
3988	43
3989	30
3990	47
3991	40
3992	40
3993	37
3994	37
3995	31
3996	38
3997	39
3998	38
3999	32
4000	40
4001	36
4002	42
4003	48
4004	38
4005	43
4006	36
4007	43
4008	40
4009	35
4010	44
4011	27
4012	40
4013	40
4014	39
4015	53
4016	39
4017	39
4018	34
4019	38
4020	36
4021	38
4022	41
4023	28
4024	31
4025	30
4026	30
4027	43
4028	44
4029	33
4030	45
4031	42
4032	35
4033	43
4034	34
4035	30
4036	41
4037	35
4038	36
4039	32
4040	40
4041	30
4042	37
4043	45
4044	41
4045	37
4046	43
4047	28
4048	41
4049	34
4050	33
4051	43
4052	40
4053	35
4054	55
4055	34
4056	28
4057	41
4058	45
4059	35
4060	27
4061	46
4062	49
4063	40
4064	36
4065	52
4066	36
4067	48
4068	36
4069	39
4070	28
4071	41
4072	43
4073	41
4074	41
4075	30
4076	45
4077	43
4078	33
4079	40
4080	35
4081	44
4082	32
4083	41
4084	33
4085	36
4086	52
4087	48
4088	42
4089	36
4090	46
4091	32
4092	44
4093	50
4094	30
4095	54
4096	46
4097	43
4098	38
4099	42
4100	42
4101	42
4102	48
4103	28
4104	42
4105	44
4106	37
4107	36
4108	34
4109	53
4110	39
4111	50
4112	31
4113	43
4114	47
4115	45
4116	30
4117	38
4118	39
4119	37
4120	35
4121	39
4122	43
4123	29
4124	47
4125	46
4126	45
4127	44
4128	36
4129	32
4130	45
4131	36
4132	45
4133	66
4134	44
4135	47
4136	46
4137	41
4138	49
4139	39
4140	35
4141	38
4142	30
4143	35
4144	49
4145	48
4146	30
4147	41
4148	53
4149	30
4150	45
4151	51
4152	43
4153	47
4154	49
4155	41
4156	38
4157	53
4158	36
4159	32
4160	49
4161	47
4162	42
4163	49
4164	36
4165	38
4166	59
4167	43
4168	33
4169	31
4170	43
4171	42
4172	41
4173	35
4174	48
4175	41
4176	36
4177	46
4178	49
4179	35
4180	42
4181	53
4182	46
4183	41
4184	49
4185	52
4186	55
4187	34
4188	47
4189	37
4190	29
4191	41
4192	30
4193	36
4194	43
4195	30
4196	50
4197	40
4198	44
4199	42
4200	34
4201	50
4202	42
4203	35
4204	47
4205	51
4206	42
4207	36
4208	42
4209	32
4210	32
4211	51
4212	38
4213	38
4214	51
4215	38
4216	51
4217	48
4218	48
4219	43
4220	46
4221	33
4222	43
4223	40
4224	49
4225	42
4226	50
4227	37
4228	48
4229	39
4230	48
4231	34
4232	58
4233	44
4234	38
4235	31
4236	43
4237	34
4238	52
4239	43
4240	40
4241	37
4242	36
4243	36
4244	37
4245	32
4246	50
4247	41
4248	38
4249	53
4250	38
4251	38
4252	41
4253	44
4254	47
4255	41
4256	41
4257	40
4258	44
4259	41
4260	38
4261	32
4262	39
4263	41
4264	32
4265	33
4266	38
4267	32
4268	37
4269	38
4270	48
4271	46
4272	40
4273	34
4274	36
4275	30
4276	49
4277	34
4278	55
4279	37
4280	38
4281	35
4282	37
4283	33
4284	46
4285	35
4286	39
4287	48
4288	40
4289	39
4290	50
4291	49
4292	46
4293	46
4294	45
4295	39
4296	38
4297	41
4298	47
4299	37
4300	66
4301	35
4302	31
4303	59
4304	35
4305	34
4306	40
4307	37
4308	34
4309	32
4310	37
4311	30
4312	43
4313	44
4314	47
4315	40
4316	51
4317	45
4318	39
4319	51
4320	41
4321	35
4322	50
4323	43
4324	29
4325	33
4326	44
4327	34
4328	29
4329	40
4330	37
4331	46
4332	36
4333	35
4334	43
4335	39
4336	36
4337	40
4338	44
4339	39
4340	40
4341	38
4342	41
4343	34
4344	37
4345	33
4346	39
4347	34
4348	38
4349	50
4350	49
4351	29
4352	39
4353	39
4354	31
4355	34
4356	51
4357	32
4358	35
4359	27
4360	47
4361	26
4362	39
4363	41
4364	39
4365	34
4366	30
4367	42
4368	49
4369	38
4370	31
4371	34
4372	40
4373	29
4374	41
4375	41
4376	36
4377	32
4378	43
4379	33
4380	38
4381	44
4382	44
4383	44
4384	34
4385	38
4386	34
4387	38
4388	40
4389	35
4390	48
4391	36
4392	36
4393	40
4394	24
4395	39
4396	35
4397	37
4398	43
4399	34
4400	46
4401	39
4402	46
4403	47
4404	35
4405	36
4406	34
4407	47
4408	31
4409	39
4410	41
4411	29
4412	45
4413	28
4414	43
4415	37
4416	38
4417	38
4418	30
4419	26
4420	32
4421	37
4422	42
4423	45
4424	27
4425	36
4426	35
4427	34
4428	48
4429	43
4430	44
4431	35
4432	35
4433	40
4434	37
4435	39
4436	32
4437	29
4438	36
4439	45
4440	46
4441	34
4442	40
4443	42
4444	33
4445	43
4446	29
4447	43
4448	46
4449	36
4450	45
4451	33
4452	31
4453	34
4454	40
4455	44
4456	52
4457	41
4458	22
4459	34
4460	47
4461	35
4462	49
4463	42
4464	36
4465	29
4466	32
4467	29
4468	35
4469	35
4470	38
4471	36
4472	42
4473	41
4474	43
4475	27
4476	44
4477	27
4478	41
4479	37
4480	30
4481	37
4482	38
4483	37
4484	32
4485	35
4486	32
4487	39
4488	33
4489	41
4490	39
4491	35
4492	37
4493	35
4494	36
4495	29
4496	30
4497	33
4498	34
4499	30
4500	22
4501	41
4502	36
4503	39
4504	22
4505	29
4506	33
4507	36
4508	34
4509	31
4510	35
4511	30
4512	32
4513	34
4514	38
4515	31
4516	34
4517	28
4518	32
4519	28
4520	34
4521	26
4522	51
4523	31
4524	25
4525	36
4526	37
4527	34
4528	27
4529	32
4530	34
4531	31
4532	32
4533	26
4534	32
4535	28
4536	48
4537	30
4538	29
4539	43
4540	35
4541	43
4542	30
4543	30
4544	27
4545	37
4546	33
4547	42
4548	36
4549	21
4550	29
4551	34
4552	31
4553	34
4554	31
4555	34
4556	37
4557	38
4558	29
4559	36
4560	34
4561	41
4562	38
4563	31
4564	31
4565	31
4566	41
4567	37
4568	41
4569	32
4570	33
4571	37
4572	32
4573	21
4574	33
4575	30
4576	37
4577	30
4578	29
4579	30
4580	21
4581	30
4582	34
4583	34
4584	43
4585	39
4586	31
4587	29
4588	34
4589	27
4590	37
4591	27
4592	26
4593	37
4594	33
4595	28
4596	28
4597	33
4598	27
4599	32
4600	35
4601	44
4602	35
4603	28
4604	29
4605	48
4606	21
4607	29
4608	34
4609	30
4610	18
4611	33
4612	36
4613	31
4614	25
4615	23
4616	28
4617	31
4618	25
4619	35
4620	34
4621	28
4622	27
4623	32
4624	28
4625	39
4626	31
4627	29
4628	36
4629	32
4630	27
4631	35
4632	34
4633	31
4634	29
4635	27
4636	26
4637	45
4638	23
4639	29
4640	29
4641	31
4642	31
4643	35
4644	39
4645	29
4646	38
4647	29
4648	37
4649	24
4650	32
4651	32
4652	36
4653	36
4654	33
4655	30
4656	29
4657	26
4658	27
4659	29
4660	29
4661	32
4662	24
4663	36
4664	32
4665	31
4666	24
4667	22
4668	33
4669	23
4670	44
4671	29
4672	24
4673	27
4674	24
4675	32
4676	16
4677	24
4678	30
4679	26
4680	20
4681	21
4682	27
4683	26
4684	25
4685	23
4686	30
4687	30
4688	34
4689	35
4690	17
4691	33
4692	31
4693	27
4694	24
4695	26
4696	28
4697	27
4698	22
4699	22
4700	33
4701	20
4702	24
4703	29
4704	29
4705	31
4706	19
4707	27
4708	26
4709	31
4710	30
4711	17
4712	27
4713	18
4714	43
4715	34
4716	26
4717	19
4718	25
4719	33
4720	19
4721	28
4722	24
4723	31
4724	36
4725	31
4726	17
4727	20
4728	24
4729	29
4730	35
4731	32
4732	16
4733	22
4734	25
4735	33
4736	24
4737	21
4738	22
4739	21
4740	29
4741	35
4742	24
4743	27
4744	20
4745	22
4746	34
4747	25
4748	22
4749	29
4750	29
4751	28
4752	31
4753	26
4754	29
4755	27
4756	27
4757	23
4758	28
4759	22
4760	28
4761	27
4762	32
4763	22
4764	35
4765	14
4766	29
4767	32
4768	25
4769	25
4770	32
4771	15
4772	21
4773	37
4774	35
4775	26
4776	28
4777	25
4778	28
4779	25
4780	24
4781	24
4782	17
4783	26
4784	28
4785	19
4786	20
4787	26
4788	28
4789	23
4790	29
4791	26
4792	22
4793	15
4794	31
4795	28
4796	31
4797	31
4798	22
4799	20
4800	26
4801	30
4802	24
4803	33
4804	22
4805	30
4806	27
4807	20
4808	20
4809	24
4810	32
4811	21
4812	16
4813	23
4814	16
4815	35
4816	24
4817	21
4818	26
4819	14
4820	31
4821	18
4822	34
4823	29
4824	23
4825	18
4826	30
4827	24
4828	28
4829	21
4830	21
4831	33
4832	31
4833	21
4834	21
4835	22
4836	32
4837	23
4838	23
4839	30
4840	25
4841	22
4842	28
4843	24
4844	19
4845	18
4846	23
4847	24
4848	24
4849	24
4850	22
4851	24
4852	22
4853	23
4854	27
4855	27
4856	27
4857	20
4858	22
4859	16
4860	26
4861	18
4862	23
4863	16
4864	20
4865	27
4866	30
4867	24
4868	25
4869	32
4870	32
4871	24
4872	27
4873	29
4874	25
4875	31
4876	27
4877	21
4878	19
4879	21
4880	19
4881	22
4882	26
4883	19
4884	19
4885	32
4886	16
4887	30
4888	25
4889	21
4890	19
4891	23
4892	18
4893	24
4894	20
4895	20
4896	20
4897	25
4898	25
4899	26
4900	19
4901	16
4902	33
4903	24
4904	23
4905	23
4906	28
4907	27
4908	26
4909	24
4910	18
4911	21
4912	14
4913	30
4914	23
4915	22
4916	22
4917	19
4918	28
4919	22
4920	15
4921	18
4922	22
4923	20
4924	28
4925	23
4926	17
4927	23
4928	28
4929	22
4930	24
4931	14
4932	24
4933	18
4934	20
4935	14
4936	21
4937	23
4938	24
4939	18
4940	17
4941	21
4942	24
4943	23
4944	27
4945	25
4946	22
4947	20
4948	22
4949	22
4950	18
4951	21
4952	16
4953	24
4954	18
4955	24
4956	21
4957	28
4958	17
4959	20
4960	18
4961	17
4962	14
4963	22
4964	23
4965	26
4966	18
4967	20
4968	26
4969	25
4970	22
4971	26
4972	13
4973	12
4974	20
4975	14
4976	17
4977	15
4978	20
4979	30
4980	21
4981	17
4982	19
4983	21
4984	16
4985	21
4986	15
4987	24
4988	13
4989	18
4990	17
4991	19
4992	26
4993	17
4994	26
4995	21
4996	12
4997	22
4998	18
4999	21
5000	22
5001	21
5002	22
5003	17
5004	23
5005	20
5006	18
5007	23
5008	25
5009	30
5010	16
5011	21
5012	27
5013	27
5014	20
5015	20
5016	11
5017	23
5018	17
5019	10
5020	18
5021	23
5022	23
5023	27
5024	20
5025	31
5026	18
5027	21
5028	18
5029	22
5030	24
5031	18
5032	10
5033	17
5034	17
5035	21
5036	13
5037	19
5038	24
5039	20
5040	24
5041	18
5042	26
5043	17
5044	19
5045	21
5046	19
5047	26
5048	23
5049	24
5050	15
5051	5
5052	20
5053	18
5054	12
5055	12
5056	15
5057	21
5058	13
5059	13
5060	17
5061	19
5062	19
5063	13
5064	18
5065	25
5066	16
5067	21
5068	27
5069	19
5070	16
5071	14
5072	27
5073	17
5074	23
5075	19
5076	22
5077	23
5078	19
5079	18
5080	14
5081	13
5082	19
5083	14
5084	16
5085	18
5086	15
5087	17
5088	18
5089	20
5090	18
5091	18
5092	21
5093	10
5094	13
5095	15
5096	14
5097	18
5098	20
5099	20
5100	21
5101	9
5102	14
5103	22
5104	20
5105	18
5106	20
5107	16
5108	13
5109	22
5110	13
5111	13
5112	24
5113	14
5114	19
5115	15
5116	23
5117	16
5118	16
5119	20
5120	19
5121	15
5122	13
5123	12
5124	15
5125	13
5126	23
5127	18
5128	16
5129	7
5130	19
5131	21
5132	14
5133	18
5134	19
5135	19
5136	16
5137	24
5138	22
5139	18
5140	22
5141	13
5142	15
5143	22
5144	19
5145	15
5146	16
5147	17
5148	23
5149	12
5150	18
5151	20
5152	21
5153	13
5154	14
5155	20
5156	19
5157	21
5158	25
5159	24
5160	15
5161	10
5162	15
5163	16
5164	22
5165	17
5166	12
5167	14
5168	10
5169	11
5170	17
5171	22
5172	22
5173	25
5174	19
5175	20
5176	19
5177	23
5178	12
5179	15
5180	18
5181	15
5182	20
5183	12
5184	15
5185	17
5186	12
5187	15
5188	23
5189	18
5190	20
5191	12
5192	17
5193	16
5194	19
5195	21
5196	10
5197	20
5198	20
5199	19
5200	18
5201	11
5202	15
5203	22
5204	21
5205	16
5206	11
5207	18
5208	17
5209	11
5210	13
5211	15
5212	24
5213	22
5214	20
5215	25
5216	14
5217	26
5218	16
5219	22
5220	17
5221	6
5222	16
5223	16
5224	16
5225	19
5226	12
5227	23
5228	15
5229	13
5230	23
5231	13
5232	16
5233	19
5234	20
5235	11
5236	17
5237	18
5238	23
5239	16
5240	13
5241	17
5242	11
5243	21
5244	13
5245	14
5246	14
5247	9
5248	15
5249	13
5250	7
5251	21
5252	14
5253	14
5254	12
5255	18
5256	13
5257	13
5258	13
5259	14
5260	13
5261	13
5262	27
5263	17
5264	15
5265	12
5266	13
5267	17
5268	15
5269	17
5270	21
5271	21
5272	14
5273	24
5274	17
5275	9
5276	22
5277	19
5278	22
5279	19
5280	19
5281	16
5282	20
5283	15
5284	12
5285	11
5286	15
5287	16
5288	12
5289	16
5290	17
5291	22
5292	12
5293	22
5294	13
5295	13
5296	15
5297	12
5298	19
5299	17
5300	19
5301	14
5302	20
5303	9
5304	7
5305	17
5306	13
5307	15
5308	21
5309	13
5310	9
5311	14
5312	13
5313	12
5314	12
5315	18
5316	13
5317	11
5318	17
5319	11
5320	14
5321	13
5322	12
5323	14
5324	15
5325	20
5326	19
5327	9
5328	11
5329	13
5330	12
5331	13
5332	19
5333	14
5334	13
5335	19
5336	18
5337	11
5338	14
5339	10
5340	11
5341	14
5342	14
5343	17
5344	13
5345	13
5346	16
5347	11
5348	14
5349	14
5350	12
5351	16
5352	16
5353	13
5354	14
5355	14
5356	12
5357	13
5358	23
5359	11
5360	17
5361	16
5362	19
5363	18
5364	14
5365	19
5366	15
5367	17
5368	14
5369	14
5370	11
5371	18
5372	23
5373	12
5374	22
5375	9
5376	20
5377	22
5378	14
5379	13
5380	17
5381	17
5382	15
5383	5
5384	18
5385	12
5386	8
5387	11
5388	18
5389	12
5390	20
5391	15
5392	20
5393	14
5394	11
5395	8
5396	11
5397	11
5398	16
5399	16
5400	13
5401	11
5402	8
5403	17
5404	11
5405	11
5406	9
5407	13
5408	16
5409	11
5410	15
5411	10
5412	12
5413	11
5414	10
5415	14
5416	10
5417	25
5418	13
5419	10
5420	14
5421	17
5422	9
5423	16
5424	19
5425	13
5426	16
5427	20
5428	16
5429	20
5430	17
5431	12
5432	9
5433	10
5434	17
5435	19
5436	15
5437	12
5438	17
5439	15
5440	11
5441	8
5442	20
5443	17
5444	11
5445	16
5446	13
5447	15
5448	10
5449	12
5450	16
5451	11
5452	10
5453	20
5454	12
5455	20
5456	13
5457	17
5458	13
5459	12
5460	16
5461	14
5462	13
5463	11
5464	16
5465	12
5466	13
5467	8
5468	13
5469	14
5470	21
5471	10
5472	17
5473	19
5474	13
5475	15
5476	7
5477	11
5478	14
5479	15
5480	12
5481	12
5482	12
5483	11
5484	13
5485	14
5486	15
5487	12
5488	6
5489	18
5490	13
5491	8
5492	20
5493	8
5494	14
5495	15
5496	8
5497	7
5498	12
5499	11
5500	10
5501	15
5502	9
5503	8
5504	15
5505	14
5506	18
5507	13
5508	10
5509	14
5510	9
5511	8
5512	14
5513	11
5514	17
5515	11
5516	15
5517	10
5518	11
5519	10
5520	16
5521	19
5522	12
5523	15
5524	15
5525	15
5526	9
5527	18
5528	17
5529	8
5530	13
5531	12
5532	15
5533	13
5534	11
5535	9
5536	14
5537	6
5538	7
5539	10
5540	12
5541	10
5542	17
5543	11
5544	11
5545	11
5546	12
5547	7
5548	14
5549	10
5550	7
5551	15
5552	14
5553	12
5554	11
5555	20
5556	12
5557	10
5558	15
5559	15
5560	14
5561	10
5562	9
5563	12
5564	13
5565	8
5566	10
5567	18
5568	18
5569	12
5570	14
5571	11
5572	15
5573	10
5574	16
5575	10
5576	11
5577	10
5578	12
5579	21
5580	18
5581	14
5582	13
5583	13
5584	16
5585	10
5586	7
5587	10
5588	10
5589	6
5590	17
5591	12
5592	10
5593	15
5594	10
5595	16
5596	8
5597	9
5598	17
5599	6
5600	15
5601	12
5602	13
5603	14
5604	17
5605	11
5606	15
5607	12
5608	18
5609	12
5610	14
5611	15
5612	12
5613	11
5614	8
5615	7
5616	15
5617	11
5618	20
5619	10
5620	9
5621	10
5622	9
5623	12
5624	12
5625	12
5626	10
5627	13
5628	15
5629	18
5630	9
5631	10
5632	14
5633	16
5634	10
5635	13
5636	10
5637	7
5638	12
5639	10
5640	14
5641	12
5642	7
5643	12
5644	9
5645	9
5646	15
5647	6
5648	15
5649	19
5650	13
5651	20
5652	14
5653	13
5654	8
5655	10
5656	8
5657	11
5658	19
5659	7
5660	13
5661	5
5662	14
5663	9
5664	9
5665	7
5666	12
5667	13
5668	16
5669	19
5670	10
5671	12
5672	10
5673	10
5674	17
5675	14
5676	15
5677	13
5678	13
5679	13
5680	13
5681	8
5682	13
5683	11
5684	8
5685	9
5686	11
5687	6
5688	10
5689	13
5690	6
5691	12
5692	9
5693	12
5694	8
5695	9
5696	7
5697	9
5698	6
5699	15
5700	6
5701	9
5702	15
5703	8
5704	14
5705	13
5706	8
5707	12
5708	7
5709	14
5710	6
5711	13
5712	9
5713	12
5714	5
5715	12
5716	9
5717	9
5718	14
5719	10
5720	9
5721	13
5722	18
5723	9
5724	16
5725	13
5726	14
5727	8
5728	9
5729	5
5730	9
5731	16
5732	7
5733	9
5734	8
5735	11
5736	9
5737	11
5738	10
5739	10
5740	14
5741	13
5742	14
5743	11
5744	12
5745	12
5746	9
5747	15
5748	14
5749	12
5750	11
5751	9
5752	13
5753	8
5754	4
5755	8
5756	3
5757	9
5758	11
5759	13
5760	7
5761	10
5762	7
5763	19
5764	13
5765	9
5766	8
5767	16
5768	15
5769	17
5770	8
5771	11
5772	7
5773	15
5774	10
5775	9
5776	14
5777	11
5778	16
5779	10
5780	5
5781	16
5782	8
5783	8
5784	9
5785	9
5786	8
5787	11
5788	16
5789	8
5790	12
5791	12
5792	6
5793	11
5794	8
5795	10
5796	9
5797	13
5798	14
5799	10
5800	10
5801	13
5802	16
5803	8
5804	9
5805	11
5806	10
5807	14
5808	16
5809	15
5810	13
5811	14
5812	10
5813	16
5814	12
5815	14
5816	10
5817	13
5818	11
5819	11
5820	15
5821	7
5822	19
5823	18
5824	13
5825	3
5826	7
5827	12
5828	15
5829	10
5830	11
5831	10
5832	11
5833	9
5834	6
5835	9
5836	14
5837	13
5838	6
5839	14
5840	8
5841	11
5842	8
5843	6
5844	8
5845	11
5846	14
5847	7
5848	14
5849	8
5850	10
5851	7
5852	9
5853	14
5854	12
5855	10
5856	11
5857	9
5858	7
5859	9
5860	14
5861	9
5862	15
5863	12
5864	10
5865	11
5866	6
5867	8
5868	6
5869	12
5870	7
5871	8
5872	13
5873	6
5874	9
5875	9
5876	8
5877	9
5878	3
5879	5
5880	12
5881	11
5882	11
5883	11
5884	9
5885	12
5886	13
5887	10
5888	8
5889	12
5890	7
5891	12
5892	10
5893	16
5894	12
5895	11
5896	12
5897	9
5898	12
5899	10
5900	15
5901	12
5902	9
5903	18
5904	6
5905	7
5906	12
5907	10
5908	10
5909	11
5910	12
5911	9
5912	12
5913	7
5914	8
5915	18
5916	11
5917	9
5918	11
5919	11
5920	9
5921	6
5922	11
5923	11
5924	8
5925	12
5926	14
5927	5
5928	10
5929	5
5930	13
5931	10
5932	11
5933	16
5934	14
5935	10
5936	8
5937	12
5938	11
5939	13
5940	8
5941	9
5942	7
5943	10
5944	10
5945	3
5946	8
5947	7
5948	14
5949	11
5950	6
5951	10
5952	12
5953	10
5954	10
5955	5
5956	4
5957	9
5958	14
5959	12
5960	9
5961	14
5962	8
5963	10
5964	8
5965	11
5966	7
5967	11
5968	12
5969	9
5970	7
5971	12
5972	12
5973	9
5974	13
5975	10
5976	11
5977	7
5978	8
5979	11
5980	8
5981	14
5982	8
5983	13
5984	10
5985	9
5986	8
5987	9
5988	10
5989	12
5990	13
5991	11
5992	11
5993	16
5994	5
5995	7
5996	11
5997	6
5998	15
5999	9
6000	14
6001	18
6002	9
6003	12
6004	7
6005	10
6006	15
6007	8
6008	9
6009	13
6010	15
6011	8
6012	9
6013	15
6014	11
6015	8
6016	13
6017	8
6018	15
6019	6
6020	9
6021	9
6022	6
6023	9
6024	12
6025	8
6026	7
6027	15
6028	15
6029	9
6030	9
6031	7
6032	7
6033	10
6034	12
6035	12
6036	12
6037	15
6038	8
6039	10
6040	10
6041	9
6042	5
6043	21
6044	9
6045	9
6046	16
6047	15
6048	5
6049	16
6050	9
6051	5
6052	7
6053	15
6054	11
6055	9
6056	10
6057	10
6058	13
6059	12
6060	11
6061	8
6062	11
6063	7
6064	10
6065	7
6066	6
6067	14
6068	10
6069	11
6070	11
6071	12
6072	11
6073	8
6074	14
6075	8
6076	11
6077	12
6078	10
6079	13
6080	16
6081	13
6082	14
6083	15
6084	17
6085	11
6086	7
6087	11
6088	8
6089	7
6090	9
6091	12
6092	9
6093	15
6094	13
6095	9
6096	8
6097	9
6098	10
6099	9
6100	11
6101	4
6102	14
6103	10
6104	4
6105	10
6106	8
6107	7
6108	10
6109	11
6110	10
6111	14
6112	9
6113	10
6114	8
6115	5
6116	13
6117	16
6118	10
6119	10
6120	6
6121	14
6122	6
6123	12
6124	6
6125	11
6126	8
6127	6
6128	10
6129	5
6130	7
6131	16
6132	7
6133	10
6134	10
6135	12
6136	8
6137	10
6138	9
6139	9
6140	8
6141	8
6142	4
6143	10
6144	7
6145	9
6146	10
6147	5
6148	15
6149	17
6150	11
6151	6
6152	12
6153	9
6154	10
6155	17
6156	6
6157	15
6158	10
6159	8
6160	8
6161	7
6162	12
6163	10
6164	8
6165	4
6166	9
6167	15
6168	9
6169	12
6170	8
6171	9
6172	15
6173	9
6174	8
6175	15
6176	12
6177	13
6178	14
6179	4
6180	11
6181	11
6182	6
6183	8
6184	9
6185	9
6186	10
6187	11
6188	9
6189	9
6190	13
6191	10
6192	8
6193	7
6194	8
6195	7
6196	8
6197	10
6198	10
6199	12
6200	12
6201	9
6202	9
6203	12
6204	15
6205	13
6206	11
6207	13
6208	7
6209	6
6210	6
6211	14
6212	9
6213	10
6214	8
6215	11
6216	11
6217	9
6218	12
6219	6
6220	13
6221	11
6222	15
6223	10
6224	6
6225	7
6226	9
6227	9
6228	7
6229	5
6230	3
6231	16
6232	13
6233	9
6234	15
6235	10
6236	8
6237	13
6238	12
6239	11
6240	15
6241	16
6242	13
6243	13
6244	8
6245	14
6246	9
6247	11
6248	5
6249	10
6250	9
6251	4
6252	10
6253	10
6254	11
6255	10
6256	16
6257	14
6258	10
6259	9
6260	9
6261	8
6262	7
6263	9
6264	11
6265	12
6266	11
6267	14
6268	11
6269	11
6270	13
6271	7
6272	14
6273	11
6274	13
6275	7
6276	6
6277	11
6278	12
6279	7
6280	11
6281	15
6282	11
6283	14
6284	10
6285	14
6286	14
6287	6
6288	7
6289	9
6290	15
6291	8
6292	13
6293	11
6294	18
6295	13
6296	10
6297	13
6298	14
6299	11
6300	13
6301	13
6302	6
6303	9
6304	13
6305	7
6306	5
6307	14
6308	13
6309	8
6310	7
6311	9
6312	11
6313	16
6314	9
6315	8
6316	12
6317	10
6318	14
6319	11
6320	7
6321	8
6322	10
6323	14
6324	10
6325	15
6326	12
6327	7
6328	12
6329	11
6330	9
6331	9
6332	9
6333	12
6334	8
6335	14
6336	12
6337	10
6338	14
6339	6
6340	18
6341	13
6342	9
6343	9
6344	14
6345	13
6346	15
6347	10
6348	9
6349	8
6350	8
6351	7
6352	9
6353	13
6354	13
6355	14
6356	11
6357	6
6358	9
6359	12
6360	17
6361	7
6362	15
6363	12
6364	15
6365	14
6366	8
6367	13
6368	15
6369	9
6370	19
6371	4
6372	11
6373	12
6374	11
6375	8
6376	7
6377	10
6378	16
6379	10
6380	15
6381	12
6382	14
6383	11
6384	7
6385	13
6386	9
6387	14
6388	14
6389	9
6390	8
6391	16
6392	19
6393	11
6394	9
6395	9
6396	4
6397	12
6398	6
6399	7
6400	5
6401	8
6402	8
6403	11
6404	8
6405	8
6406	12
6407	13
6408	12
6409	9
6410	14
6411	11
6412	15
6413	6
6414	16
6415	12
6416	11
6417	14
6418	16
6419	8
6420	15
6421	10
6422	10
6423	12
6424	8
6425	11
6426	19
6427	7
6428	7
6429	10
6430	12
6431	14
6432	8
6433	9
6434	10
6435	8
6436	14
6437	11
6438	18
6439	17
6440	6
6441	8
6442	12
6443	14
6444	15
6445	15
6446	12
6447	8
6448	15
6449	10
6450	8
6451	8
6452	12
6453	9
6454	11
6455	12
6456	12
6457	8
6458	10
6459	18
6460	18
6461	7
6462	10
6463	11
6464	11
6465	18
6466	8
6467	8
6468	6
6469	14
6470	10
6471	18
6472	15
6473	13
6474	10
6475	17
6476	8
6477	10
6478	11
6479	7
6480	12
6481	17
6482	12
6483	8
6484	17
6485	11
6486	11
6487	13
6488	13
6489	16
6490	11
6491	8
6492	13
6493	12
6494	10
6495	9
6496	14
6497	6
6498	14
6499	14
6500	19
6501	14
6502	6
6503	18
6504	17
6505	13
6506	8
6507	19
6508	9
6509	19
6510	19
6511	9
6512	22
6513	22
6514	9
6515	13
6516	10
6517	14
6518	7
6519	11
6520	15
6521	17
6522	16
6523	9
6524	19
6525	12
6526	17
6527	18
6528	15
6529	20
6530	15
6531	12
6532	15
6533	20
6534	16
6535	9
6536	7
6537	13
6538	11
6539	11
6540	15
6541	10
6542	14
6543	13
6544	20
6545	16
6546	11
6547	12
6548	18
6549	13
6550	16
6551	13
6552	12
6553	10
6554	16
6555	13
6556	14
6557	14
6558	16
6559	16
6560	23
6561	13
6562	23
6563	16
6564	13
6565	13
6566	22
6567	23
6568	11
6569	18
6570	14
6571	15
6572	15
6573	13
6574	13
6575	12
6576	20
6577	21
6578	14
6579	16
6580	14
6581	11
6582	13
6583	15
6584	9
6585	13
6586	10
6587	16
6588	12
6589	14
6590	16
6591	10
6592	20
6593	10
6594	15
6595	14
6596	15
6597	8
6598	6
6599	17
6600	21
6601	13
6602	18
6603	14
6604	9
6605	20
6606	20
6607	19
6608	18
6609	21
6610	18
6611	8
6612	13
6613	10
6614	22
6615	11
6616	19
6617	14
6618	14
6619	9
6620	13
6621	12
6622	20
6623	20
6624	22
6625	19
6626	16
6627	11
6628	18
6629	15
6630	14
6631	10
6632	16
6633	12
6634	15
6635	18
6636	9
6637	13
6638	17
6639	22
6640	11
6641	21
6642	13
6643	14
6644	13
6645	16
6646	18
6647	22
6648	18
6649	12
6650	18
6651	9
6652	19
6653	17
6654	21
6655	15
6656	20
6657	16
6658	21
6659	11
6660	16
6661	19
6662	14
6663	16
6664	17
6665	9
6666	13
6667	17
6668	16
6669	15
6670	12
6671	17
6672	17
6673	18
6674	12
6675	15
6676	13
6677	13
6678	14
6679	11
6680	18
6681	22
6682	15
6683	25
6684	16
6685	10
6686	16
6687	16
6688	5
6689	9
6690	13
6691	18
6692	15
6693	16
6694	9
6695	20
6696	10
6697	15
6698	16
6699	21
6700	18
6701	14
6702	19
6703	25
6704	15
6705	19
6706	14
6707	28
6708	20
6709	15
6710	14
6711	12
6712	19
6713	20
6714	16
6715	11
6716	14
6717	15
6718	10
6719	15
6720	12
6721	13
6722	16
6723	17
6724	18
6725	23
6726	13
6727	10
6728	12
6729	20
6730	17
6731	16
6732	18
6733	20
6734	19
6735	21
6736	15
6737	20
6738	21
6739	22
6740	18
6741	17
6742	25
6743	6
6744	18
6745	14
6746	17
6747	16
6748	15
6749	16
6750	13
6751	18
6752	14
6753	20
6754	15
6755	17
6756	14
6757	12
6758	17
6759	12
6760	18
6761	16
6762	13
6763	23
6764	20
6765	16
6766	14
6767	11
6768	22
6769	17
6770	13
6771	18
6772	13
6773	17
6774	11
6775	23
6776	17
6777	20
6778	16
6779	22
6780	19
6781	19
6782	18
6783	18
6784	13
6785	12
6786	16
6787	10
6788	16
6789	25
6790	15
6791	16
6792	17
6793	13
6794	15
6795	15
6796	18
6797	18
6798	20
6799	13
6800	14
6801	18
6802	22
6803	15
6804	13
6805	20
6806	18
6807	12
6808	15
6809	18
6810	14
6811	12
6812	19
6813	16
6814	14
6815	15
6816	10
6817	19
6818	15
6819	14
6820	18
6821	19
6822	19
6823	20
6824	13
6825	25
6826	20
6827	19
6828	20
6829	10
6830	19
6831	10
6832	22
6833	15
6834	14
6835	16
6836	13
6837	16
6838	18
6839	22
6840	22
6841	17
6842	15
6843	8
6844	14
6845	9
6846	15
6847	15
6848	19
6849	21
6850	27
6851	10
6852	14
6853	13
6854	17
6855	18
6856	21
6857	19
6858	17
6859	12
6860	10
6861	17
6862	19
6863	12
6864	13
6865	22
6866	22
6867	15
6868	13
6869	13
6870	16
6871	14
6872	12
6873	20
6874	16
6875	19
6876	16
6877	14
6878	19
6879	15
6880	14
6881	16
6882	15
6883	13
6884	15
6885	7
6886	16
6887	16
6888	21
6889	13
6890	10
6891	14
6892	13
6893	9
6894	13
6895	10
6896	23
6897	25
6898	16
6899	11
6900	20
6901	20
6902	15
6903	17
6904	16
6905	19
6906	17
6907	13
6908	11
6909	11
6910	24
6911	15
6912	15
6913	7
6914	13
6915	14
6916	17
6917	15
6918	16
6919	6
6920	12
6921	26
6922	5
6923	13
6924	13
6925	17
6926	12
6927	12
6928	16
6929	14
6930	15
6931	17
6932	15
6933	17
6934	13
6935	14
6936	10
6937	11
6938	12
6939	10
6940	16
6941	13
6942	13
6943	10
6944	14
6945	15
6946	13
6947	16
6948	6
6949	13
6950	14
6951	9
6952	6
6953	12
6954	12
6955	16
6956	14
6957	10
6958	7
6959	10
6960	10
6961	12
6962	13
6963	9
6964	8
6965	16
6966	5
6967	8
6968	21
6969	11
6970	3
6971	11
6972	14
6973	16
6974	9
6975	12
6976	12
6977	12
6978	8
6979	9
6980	8
6981	10
6982	12
6983	11
6984	10
6985	5
6986	9
6987	11
6988	12
6989	8
6990	15
6991	13
6992	13
6993	9
6994	18
6995	14
6996	7
6997	10
6998	5
6999	12
7000	12
7001	11
7002	13
7003	11
7004	8
7005	10
7006	8
7007	14
7008	6
7009	15
7010	11
7011	13
7012	10
7013	6
7014	8
7015	8
7016	4
7017	20
7018	8
7019	7
7020	9
7021	9
7022	8
7023	6
7024	7
7025	13
7026	6
7027	10
7028	10
7029	18
7030	9
7031	14
7032	8
7033	10
7034	9
7035	6
7036	6
7037	11
7038	2
7039	6
7040	8
7041	8
7042	7
7043	9
7044	6
7045	2
7046	9
7047	3
7048	12
7049	7
7050	15
7051	8
7052	6
7053	7
7054	7
7055	6
7056	7
7057	11
7058	6
7059	6
7060	16
7061	12
7062	8
7063	6
7064	6
7065	3
7066	10
7067	4
7068	9
7069	9
7070	7
7071	5
7072	6
7073	6
7074	9
7075	4
7076	1
7077	7
7078	9
7079	6
7080	5
7081	5
7082	7
7083	1
7084	9
7085	4
7086	6
7087	7
7088	4
7089	9
7090	4
7091	3
7092	6
7093	7
7094	6
7095	7
7096	6
7097	7
7098	6
7099	5
7100	4
7101	4
7102	5
7103	7
7104	6
7105	4
7106	4
7107	2
7108	6
7109	2
7110	3
7111	7
7112	4
7113	7
7114	1
7115	3
7116	5
7117	8
7118	6
7119	4
7120	8
7121	3
7122	4
7123	8
7124	5
7125	5
7126	4
7127	3
7128	4
7129	3
7130	2
7131	8
7132	3
7133	7
7134	3
7135	4
7136	3
7137	4
7138	6
7139	5
7140	2
7141	6
7142	4
7143	2
7144	1
7145	7
7146	2
7147	1
7148	3
7149	3
7150	5
7151	3
7152	2
7153	2
7154	3
7155	3
7156	7
7157	1
7158	4
7159	1
7160	3
7161	5
7162	4
7163	1
7164	1
7165	2
7166	2
7167	4
7168	4
7169	1
7170	3
7171	4
7172	2
7173	2
7174	4
7175	3
7176	1
7177	3
7178	3
7179	1
7180	5
7181	1
7182	5
7183	1
7184	2
7185	1
7186	1
7187	1
7188	3
7189	0
7190	1
7191	3
7192	4
7193	2
7194	6
7195	5
7196	2
7197	4
7198	3
7199	6
7200	1
7201	2
7202	2
7203	4
7204	2
7205	2
7206	0
7207	6
7208	2
7209	5
7210	1
7211	3
7212	1
7213	1
7214	2
7215	1
7216	2
7217	1
7218	1
7219	2
7220	2
7221	0
7222	0
7223	2
7224	0
7225	2
7226	5
7227	2
7228	1
7229	2
7230	0
7231	3
7232	4
7233	2
7234	4
7235	1
7236	1
7237	5
7238	1
7239	3
7240	3
7241	1
7242	2
7243	2
7244	1
7245	1
7246	0
7247	2
7248	0
7249	4
7250	1
7251	2
7252	2
7253	2
7254	4
7255	0
7256	0
7257	1
7258	1
7259	1
7260	0
7261	1
7262	3
7263	2
7264	0
7265	1
7266	0
7267	3
7268	0
7269	2
7270	2
7271	0
7272	4
7273	1
7274	1
7275	1
7276	0
7277	2
7278	0
7279	0
7280	3
7281	0
7282	1
7283	4
7284	1
7285	1
7286	1
7287	0
7288	0
7289	1
7290	1
7291	1
7292	1
7293	2
7294	1
7295	0
7296	0
7297	2
7298	1
7299	2
7300	0
7301	2
7302	0
7303	0
7304	3
7305	2
7306	0
7307	1
7308	0
7309	1
7310	1
7311	2
7312	0
7313	1
7314	1
7315	1
7316	1
7317	0
7318	1
7319	0
7320	1
7321	0
7322	1
7323	0
7324	0
7325	0
7326	0
7327	2
7328	1
7329	1
7330	0
7331	0
7332	0
7333	0
7334	1
7335	1
7336	1
7337	1
7338	1
7339	0
7340	0
7341	0
7342	0
7343	0
7344	0
7345	0
7346	1
7347	1
7348	1
7349	0
7350	2
7351	2
7352	1
7353	0
7354	1
7355	0
7356	2
7357	0
7358	0
7359	1
7360	1
7361	0
7362	0
7363	0
7364	2
7365	0
7366	1
7367	3
7368	0
7369	1
7370	0
7371	2
7372	0
7373	0
7374	1
7375	1
7376	2
7377	0
7378	1
7379	1
7380	1
7381	0
7382	0
7383	0
7384	2
7385	1
7386	1
7387	0
7388	0
7389	0
7390	1
7391	0
7392	1
7393	0
7394	1
7395	3
7396	0
7397	2
7398	0
7399	2
7400	2
7401	0
7402	0
7403	0
7404	0
7405	0
7406	0
7407	1
7408	0
7409	1
7410	0
7411	0
7412	2
7413	1
7414	1
7415	1
7416	1
7417	0
7418	2
7419	0
7420	1
7421	1
7422	1
7423	0
7424	0
7425	0
7426	1
7427	1
7428	1
7429	0
7430	0
7431	2
7432	0
7433	1
7434	0
7435	0
7436	1
7437	0
7438	2
7439	0
7440	1
7441	1
7442	0
7443	0
7444	1
7445	0
7446	2
7447	0
7448	1
7449	1
7450	0
7451	1
7452	0
7453	1
7454	2
7455	1
7456	3
7457	0
7458	1
7459	1
7460	0
7461	0
7462	0
7463	0
7464	2
7465	0
7466	0
7467	1
7468	0
7469	2
7470	0
7471	0
7472	0
7473	2
7474	1
7475	1
7476	0
7477	0
7478	0
7479	0
7480	0
7481	1
7482	2
7483	0
7484	1
7485	0
7486	0
7487	1
7488	0
7489	0
7490	0
7491	0
7492	0
7493	1
7494	1
7495	0
7496	3
7497	1
7498	1
7499	1
7500	0
7501	1
7502	0
7503	0
7504	0
7505	1
7506	0
7507	0
7508	1
7509	0
7510	0
7511	1
7512	0
7513	1
7514	0
7515	0
7516	0
7517	0
7518	0
7519	0
7520	0
7521	0
7522	0
7523	0
7524	0
7525	0
7526	2
7527	0
7528	0
7529	1
7530	1
7531	0
7532	0
7533	0
7534	1
7535	0
7536	0
7537	0
7538	0
7539	0
7540	0
7541	0
7542	0
7543	2
7544	0
7545	0
7546	0
7547	0
7548	1
7549	0
7550	0
7551	0
7552	1
7553	0
7554	1
7555	0
7556	0
7557	0
7558	1
7559	0
7560	0
7561	1
7562	1
7563	2
7564	1
7565	2
7566	1
7567	0
7568	0
7569	1
7570	2
7571	0
7572	2
7573	0
7574	0
7575	0
7576	1
7577	1
7578	0
7579	0
7580	0
7581	1
7582	0
7583	1
7584	0
7585	0
7586	1
7587	0
7588	0
7589	0
7590	0
7591	1
7592	0
7593	0
7594	0
7595	1
7596	0
7597	0
7598	0
7599	2
7600	0
7601	0
7602	0
7603	0
7604	0
7605	0
7606	0
7607	0
7608	0
7609	0
7610	0
7611	1
7612	0
7613	0
7614	0
7615	0
7616	1
7617	0
7618	0
7619	0
7620	0
7621	0
7622	3
7623	1
7624	0
7625	0
7626	0
7627	1
7628	0
7629	3
7630	1
7631	1
7632	1
7633	2
7634	0
7635	0
7636	0
7637	0
7638	1
7639	3
7640	1
7641	1
7642	1
7643	0
7644	3
7645	3
7646	3
7647	0
7648	0
7649	0
7650	0
7651	0
7652	1
7653	1
7654	0
7655	0
7656	0
7657	1
7658	0
7659	2
7660	1
7661	0
7662	1
7663	1
7664	0
7665	0
7666	1
7667	0
7668	0
7669	1
7670	1
7671	1
7672	0
7673	0
7674	1
7675	3
7676	0
7677	0
7678	1
7679	0
7680	0
7681	2
7682	0
7683	0
7684	1
7685	0
7686	0
7687	0
7688	0
7689	1
7690	0
7691	0
7692	0
7693	0
7694	0
7695	0
7696	0
7697	0
7698	2
7699	1
7700	1
7701	1
7702	1
7703	1
7704	0
7705	1
7706	0
7707	3
7708	1
7709	0
7710	1
7711	0
7712	0
7713	1
7714	0
7715	0
7716	3
7717	0
7718	0
7719	1
7720	0
7721	0
7722	0
7723	0
7724	3
7725	0
7726	0
7727	0
7728	0
7729	1
7730	1
7731	1
7732	0
7733	0
7734	1
7735	0
7736	0
7737	0
7738	1
7739	0
7740	2
7741	0
7742	0
7743	1
7744	0
7745	0
7746	0
7747	2
7748	0
7749	0
7750	0
7751	0
7752	0
7753	0
7754	1
7755	0
7756	0
7757	1
7758	0
7759	0
7760	0
7761	1
7762	1
7763	0
7764	0
7765	3
7766	0
7767	1
7768	0
7769	0
7770	1
7771	1
7772	0
7773	0
7774	0
7775	0
7776	0
7777	0
7778	0
7779	0
7780	1
7781	0
7782	0
7783	1
7784	1
7785	0
7786	0
7787	1
7788	1
7789	2
7790	0
7791	0
7792	0
7793	2
7794	2
7795	0
7796	0
7797	1
7798	0
7799	0
7800	1
7801	0
7802	0
7803	0
7804	1
7805	0
7806	0
7807	0
7808	0
7809	2
7810	1
7811	0
7812	0
7813	1
7814	0
7815	0
7816	1
7817	1
7818	0
7819	1
7820	1
7821	0
7822	0
7823	2
7824	1
7825	0
7826	0
7827	1
7828	2
7829	0
7830	0
7831	1
7832	2
7833	0
7834	0
7835	1
7836	0
7837	0
7838	1
7839	0
7840	0
7841	0
7842	2
7843	1
7844	0
7845	1
7846	0
7847	1
7848	1
7849	0
7850	0
7851	1
7852	1
7853	0
7854	0
7855	0
7856	0
7857	0
7858	0
7859	0
7860	0
7861	0
7862	1
7863	0
7864	0
7865	1
7866	0
7867	1
7868	0
7869	0
7870	0
7871	0
7872	0
7873	1
7874	0
7875	0
7876	0
7877	0
7878	2
7879	0
7880	1
7881	0
7882	1
7883	0
7884	2
7885	2
7886	0
7887	0
7888	2
7889	1
7890	1
7891	0
7892	2
7893	1
7894	0
7895	0
7896	0
7897	0
7898	1
7899	0
7900	0
7901	0
7902	1
7903	0
7904	0
7905	2
7906	0
7907	0
7908	0
7909	1
7910	2
7911	0
7912	0
7913	1
7914	0
7915	0
7916	0
7917	0
7918	0
7919	0
7920	0
7921	0
7922	2
7923	0
7924	0
7925	0
7926	0
7927	0
7928	1
7929	0
7930	2
7931	1
7932	0
7933	0
7934	0
7935	0
7936	1
7937	1
7938	0
7939	0
7940	2
7941	0
7942	1
7943	0
7944	0
7945	1
7946	0
7947	1
7948	1
7949	1
7950	1
7951	1
7952	1
7953	0
7954	0
7955	0
7956	0
7957	1
7958	0
7959	0
7960	0
7961	0
7962	0
7963	0
7964	0
7965	0
7966	1
7967	0
7968	0
7969	0
7970	0
7971	0
7972	1
7973	1
7974	1
7975	0
7976	0
7977	0
7978	2
7979	0
7980	0
7981	0
7982	0
7983	0
7984	1
7985	0
7986	0
7987	0
7988	0
7989	0
7990	0
7991	0
7992	0
7993	0
7994	1
7995	2
7996	0
7997	0
7998	1
7999	0
8000	0
8001	0
8002	0
8003	0
8004	0
8005	1
8006	1
8007	0
8008	0
8009	0
8010	1
8011	1
8012	1
8013	0
8014	0
8015	0
8016	1
8017	0
8018	0
8019	0
8020	0
8021	0
8022	1
8023	0
8024	0
8025	0
8026	0
8027	1
8028	2
8029	0
8030	1
8031	0
8032	0
8033	1
8034	0
8035	0
8036	1
8037	3
8038	1
8039	0
8040	0
8041	0
8042	0
8043	1
8044	0
8045	0
8046	1
8047	0
8048	0
8049	1
8050	2
8051	0
8052	0
8053	1
8054	2
8055	1
8056	0
8057	0
8058	0
8059	0
8060	0
8061	1
8062	0
8063	2
8064	1
8065	0
8066	0
8067	0
8068	1
8069	0
8070	1
8071	0
8072	0
8073	0
8074	0
8075	0
8076	0
8077	0
8078	0
8079	0
8080	0
8081	1
8082	0
8083	0
8084	0
8085	0
8086	1
8087	2
8088	0
8089	1
8090	1
8091	1
8092	0
8093	0
8094	0
8095	1
8096	1
8097	0
8098	1
8099	0
8100	0
8101	0
8102	0
8103	0
8104	0
8105	0
8106	0
8107	0
8108	0
8109	0
8110	0
8111	0
8112	0
8113	0
8114	0
8115	0
8116	0
8117	0
8118	0
8119	0
8120	0
8121	0
8122	0
8123	0
8124	0
8125	0
8126	0
8127	0
8128	0
8129	0
8130	0
8131	0
8132	0
8133	0
8134	0
8135	0
8136	0
8137	0
8138	0
8139	0
8140	0
8141	0
8142	0
8143	0
8144	0
8145	0
8146	0
8147	0
8148	0
8149	0
8150	0
8151	0
8152	0
8153	0
8154	0
8155	0
8156	0
8157	0
8158	0
8159	0
8160	0
8161	0
8162	0
8163	0
8164	0
8165	0
8166	0
8167	0
8168	0
8169	0
8170	0
8171	0
8172	0
8173	0
8174	0
8175	0
8176	0
8177	0
8178	0
8179	0
8180	0
8181	0
8182	0
8183	0
8184	0
8185	0
8186	0
8187	0
8188	0
8189	0
8190	0
8191	0
