0	0
1	0
2	0
3	0
4	0
5	0
6	0
7	0
8	0
9	0
10	0
11	0
12	0
13	0
14	0
15	0
16	0
17	0
18	0
19	0
20	0
21	0
22	0
23	0
24	0
25	0
26	0
27	0
28	0
29	0
30	0
31	0
32	0
33	0
34	0
35	0
36	0
37	0
38	0
39	0
40	0
41	0
42	0
43	0
44	0
45	0
46	0
47	0
48	0
49	0
50	0
51	0
52	0
53	0
54	0
55	0
56	0
57	0
58	0
59	0
60	0
61	0
62	0
63	0
64	0
65	0
66	0
67	0
68	0
69	0
70	0
71	0
72	0
73	0
74	0
75	0
76	0
77	0
78	0
79	0
80	0
81	0
82	0
83	0
84	0
85	0
86	0
87	0
88	0
89	0
90	0
91	0
92	0
93	0
94	0
95	0
96	0
97	0
98	0
99	0
100	0
101	0
102	0
103	0
104	0
105	0
106	0
107	0
108	0
109	0
110	0
111	0
112	0
113	0
114	0
115	0
116	0
117	0
118	0
119	0
120	0
121	0
122	0
123	0
124	0
125	0
126	0
127	0
128	0
129	0
130	0
131	0
132	0
133	0
134	0
135	0
136	0
137	0
138	0
139	0
140	0
141	0
142	0
143	0
144	0
145	0
146	0
147	0
148	0
149	0
150	0
151	0
152	0
153	0
154	0
155	0
156	0
157	0
158	0
159	0
160	0
161	0
162	0
163	0
164	0
165	0
166	0
167	0
168	0
169	0
170	0
171	0
172	0
173	0
174	0
175	0
176	0
177	0
178	1
179	1
180	8
181	19
182	46
183	55
184	55
185	55
186	53
187	76
188	77
189	67
190	72
191	65
192	58
193	61
194	51
195	43
196	61
197	63
198	52
199	58
200	66
201	71
202	64
203	65
204	58
205	55
206	53
207	55
208	60
209	62
210	62
211	70
212	59
213	59
214	64
215	58
216	53
217	55
218	51
219	72
220	56
221	66
222	49
223	68
224	60
225	37
226	60
227	57
228	64
229	60
230	54
231	53
232	42
233	48
234	49
235	46
236	55
237	55
238	56
239	47
240	45
241	59
242	42
243	46
244	53
245	57
246	47
247	50
248	55
249	44
250	69
251	36
252	49
253	52
254	60
255	48
256	55
257	46
258	52
259	51
260	56
261	52
262	64
263	48
264	32
265	49
266	47
267	57
268	51
269	52
270	49
271	56
272	59
273	62
274	45
275	50
276	62
277	57
278	52
279	50
280	59
281	53
282	59
283	53
284	55
285	49
286	61
287	53
288	55
289	68
290	56
291	70
292	54
293	50
294	44
295	60
296	52
297	62
298	57
299	40
300	50
301	62
302	58
303	58
304	62
305	53
306	50
307	67
308	83
309	47
310	54
311	54
312	58
313	55
314	45
315	47
316	49
317	70
318	62
319	60
320	60
321	43
322	55
323	56
324	64
325	66
326	64
327	59
328	58
329	64
330	57
331	66
332	63
333	56
334	65
335	74
336	55
337	66
338	50
339	63
340	70
341	66
342	49
343	62
344	79
345	69
346	63
347	58
348	63
349	59
350	68
351	47
352	62
353	80
354	71
355	64
356	75
357	71
358	83
359	65
360	69
361	73
362	66
363	74
364	89
365	84
366	85
367	61
368	90
369	85
370	82
371	83
372	86
373	78
374	82
375	79
376	69
377	74
378	82
379	98
380	99
381	105
382	88
383	88
384	114
385	81
386	100
387	84
388	85
389	84
390	105
391	94
392	101
393	88
394	91
395	115
396	100
397	93
398	96
399	104
400	98
401	99
402	97
403	84
404	103
405	121
406	108
407	119
408	117
409	124
410	112
411	116
412	112
413	124
414	131
415	117
416	102
417	130
418	140
419	161
420	137
421	132
422	160
423	175
424	189
425	172
426	184
427	181
428	157
429	185
430	183
431	205
432	180
433	194
434	183
435	222
436	246
437	200
438	213
439	227
440	258
441	220
442	230
443	281
444	259
445	272
446	302
447	306
448	280
449	320
450	297
451	316
452	296
453	306
454	323
455	333
456	379
457	317
458	354
459	343
460	355
461	373
462	377
463	391
464	372
465	380
466	388
467	383
468	414
469	369
470	399
471	435
472	408
473	399
474	427
475	417
476	411
477	364
478	436
479	412
480	384
481	419
482	426
483	422
484	415
485	384
486	402
487	389
488	363
489	379
490	369
491	349
492	345
493	352
494	352
495	341
496	336
497	290
498	315
499	314
500	301
501	280
502	310
503	318
504	268
505	285
506	272
507	254
508	239
509	247
510	241
511	227
512	226
513	210
514	224
515	222
516	222
517	195
518	197
519	201
520	201
521	164
522	183
523	191
524	184
525	185
526	172
527	147
528	146
529	174
530	177
531	156
532	140
533	163
534	153
535	152
536	135
537	160
538	166
539	155
540	145
541	158
542	162
543	143
544	151
545	155
546	152
547	154
548	156
549	129
550	150
551	130
552	156
553	137
554	128
555	135
556	149
557	130
558	117
559	116
560	154
561	123
562	138
563	124
564	113
565	105
566	121
567	117
568	124
569	106
570	118
571	113
572	103
573	96
574	105
575	88
576	95
577	90
578	94
579	93
580	97
581	69
582	84
583	78
584	77
585	80
586	80
587	67
588	93
589	82
590	45
591	75
592	73
593	65
594	61
595	58
596	67
597	58
598	41
599	58
600	51
601	51
602	53
603	48
604	55
605	55
606	45
607	35
608	40
609	53
610	46
611	53
612	43
613	37
614	57
615	26
616	45
617	36
618	43
619	59
620	50
621	45
622	41
623	42
624	46
625	41
626	39
627	33
628	37
629	46
630	48
631	36
632	39
633	40
634	33
635	29
636	41
637	33
638	44
639	37
640	36
641	34
642	43
643	45
644	42
645	17
646	39
647	36
648	37
649	46
650	33
651	41
652	46
653	46
654	39
655	47
656	43
657	42
658	33
659	46
660	38
661	43
662	37
663	49
664	43
665	28
666	37
667	31
668	46
669	39
670	31
671	43
672	58
673	39
674	52
675	45
676	35
677	31
678	46
679	42
680	30
681	43
682	37
683	40
684	33
685	25
686	49
687	34
688	42
689	34
690	43
691	32
692	49
693	36
694	39
695	42
696	45
697	31
698	32
699	52
700	47
701	38
702	42
703	43
704	42
705	43
706	48
707	34
708	40
709	50
710	27
711	41
712	32
713	30
714	42
715	31
716	49
717	27
718	44
719	33
720	29
721	33
722	45
723	51
724	49
725	41
726	43
727	43
728	36
729	31
730	35
731	43
732	37
733	45
734	43
735	42
736	36
737	37
738	40
739	38
740	44
741	35
742	50
743	27
744	50
745	53
746	51
747	47
748	44
749	35
750	42
751	48
752	37
753	45
754	36
755	52
756	39
757	37
758	53
759	29
760	39
761	57
762	42
763	52
764	47
765	40
766	36
767	52
768	30
769	56
770	44
771	50
772	51
773	45
774	39
775	53
776	48
777	47
778	47
779	47
780	49
781	49
782	40
783	49
784	53
785	53
786	52
787	55
788	30
789	40
790	47
791	56
792	52
793	52
794	43
795	64
796	43
797	51
798	61
799	55
800	65
801	34
802	57
803	52
804	59
805	50
806	63
807	48
808	51
809	49
810	47
811	60
812	62
813	49
814	55
815	59
816	53
817	59
818	48
819	64
820	53
821	56
822	66
823	65
824	48
825	56
826	61
827	68
828	65
829	65
830	76
831	78
832	64
833	59
834	58
835	70
836	65
837	72
838	75
839	56
840	68
841	72
842	75
843	57
844	64
845	64
846	72
847	71
848	75
849	60
850	55
851	76
852	88
853	72
854	71
855	68
856	66
857	74
858	52
859	94
860	79
861	88
862	62
863	70
864	68
865	80
866	87
867	80
868	83
869	90
870	87
871	86
872	91
873	77
874	82
875	91
876	102
877	65
878	69
879	79
880	76
881	82
882	89
883	88
884	87
885	90
886	91
887	89
888	71
889	90
890	97
891	78
892	78
893	82
894	68
895	84
896	80
897	62
898	84
899	87
900	85
901	93
902	73
903	75
904	79
905	66
906	56
907	70
908	74
909	69
910	81
911	78
912	72
913	59
914	89
915	57
916	62
917	66
918	72
919	59
920	72
921	67
922	73
923	57
924	60
925	80
926	64
927	57
928	62
929	60
930	52
931	75
932	61
933	80
934	73
935	66
936	53
937	75
938	66
939	78
940	46
941	63
942	59
943	60
944	59
945	60
946	74
947	64
948	68
949	66
950	66
951	72
952	61
953	59
954	82
955	91
956	55
957	67
958	68
959	76
960	57
961	79
962	63
963	66
964	64
965	65
966	74
967	60
968	63
969	56
970	47
971	47
972	76
973	62
974	59
975	64
976	77
977	75
978	49
979	69
980	79
981	67
982	72
983	68
984	69
985	74
986	69
987	70
988	67
989	55
990	63
991	74
992	65
993	73
994	75
995	67
996	54
997	59
998	62
999	64
1000	65
1001	77
1002	65
1003	70
1004	67
1005	63
1006	67
1007	63
1008	52
1009	64
1010	61
1011	88
1012	63
1013	73
1014	55
1015	67
1016	52
1017	54
1018	60
1019	76
1020	57
1021	68
1022	56
1023	57
1024	68
1025	56
1026	58
1027	58
1028	68
1029	71
1030	52
1031	58
1032	73
1033	70
1034	50
1035	60
1036	69
1037	69
1038	53
1039	59
1040	66
1041	62
1042	60
1043	71
1044	61
1045	50
1046	58
1047	60
1048	60
1049	68
1050	62
1051	72
1052	55
1053	52
1054	63
1055	52
1056	55
1057	45
1058	57
1059	48
1060	61
1061	62
1062	60
1063	75
1064	44
1065	53
1066	60
1067	67
1068	60
1069	53
1070	57
1071	62
1072	55
1073	57
1074	62
1075	47
1076	48
1077	58
1078	47
1079	47
1080	52
1081	56
1082	57
1083	43
1084	50
1085	61
1086	56
1087	58
1088	48
1089	43
1090	61
1091	58
1092	59
1093	65
1094	60
1095	45
1096	56
1097	56
1098	66
1099	57
1100	48
1101	63
1102	54
1103	60
1104	49
1105	53
1106	59
1107	52
1108	50
1109	48
1110	49
1111	69
1112	64
1113	63
1114	59
1115	53
1116	47
1117	49
1118	51
1119	65
1120	71
1121	54
1122	47
1123	58
1124	61
1125	57
1126	62
1127	60
1128	56
1129	60
1130	62
1131	62
1132	47
1133	44
1134	57
1135	56
1136	45
1137	57
1138	53
1139	57
1140	56
1141	45
1142	54
1143	54
1144	48
1145	62
1146	51
1147	66
1148	70
1149	47
1150	63
1151	47
1152	41
1153	53
1154	56
1155	61
1156	58
1157	69
1158	61
1159	66
1160	69
1161	66
1162	47
1163	63
1164	57
1165	54
1166	54
1167	73
1168	49
1169	62
1170	54
1171	59
1172	74
1173	47
1174	45
1175	57
1176	57
1177	52
1178	63
1179	47
1180	47
1181	51
1182	51
1183	62
1184	57
1185	63
1186	66
1187	50
1188	79
1189	67
1190	67
1191	58
1192	55
1193	65
1194	60
1195	50
1196	59
1197	77
1198	71
1199	76
1200	47
1201	57
1202	69
1203	62
1204	71
1205	63
1206	63
1207	60
1208	69
1209	54
1210	77
1211	43
1212	47
1213	75
1214	49
1215	73
1216	67
1217	55
1218	83
1219	74
1220	65
1221	80
1222	64
1223	71
1224	58
1225	64
1226	61
1227	71
1228	67
1229	70
1230	61
1231	68
1232	73
1233	75
1234	71
1235	82
1236	90
1237	60
1238	66
1239	66
1240	72
1241	81
1242	92
1243	63
1244	70
1245	79
1246	57
1247	90
1248	74
1249	71
1250	90
1251	72
1252	95
1253	91
1254	81
1255	97
1256	99
1257	85
1258	77
1259	72
1260	74
1261	69
1262	96
1263	87
1264	83
1265	88
1266	80
1267	84
1268	83
1269	91
1270	80
1271	89
1272	89
1273	77
1274	101
1275	80
1276	79
1277	84
1278	103
1279	90
1280	86
1281	100
1282	92
1283	103
1284	100
1285	96
1286	97
1287	107
1288	101
1289	114
1290	120
1291	96
1292	107
1293	111
1294	119
1295	107
1296	103
1297	119
1298	122
1299	113
1300	116
1301	105
1302	103
1303	118
1304	135
1305	123
1306	113
1307	144
1308	142
1309	135
1310	123
1311	156
1312	98
1313	164
1314	120
1315	159
1316	152
1317	144
1318	155
1319	147
1320	138
1321	141
1322	165
1323	164
1324	141
1325	174
1326	151
1327	153
1328	168
1329	159
1330	169
1331	155
1332	173
1333	189
1334	176
1335	198
1336	203
1337	170
1338	179
1339	190
1340	181
1341	181
1342	194
1343	215
1344	192
1345	209
1346	182
1347	207
1348	212
1349	233
1350	208
1351	230
1352	184
1353	217
1354	226
1355	217
1356	195
1357	209
1358	209
1359	236
1360	225
1361	247
1362	214
1363	196
1364	217
1365	214
1366	198
1367	253
1368	220
1369	214
1370	203
1371	246
1372	257
1373	244
1374	233
1375	222
1376	218
1377	231
1378	235
1379	259
1380	248
1381	228
1382	251
1383	221
1384	217
1385	235
1386	231
1387	225
1388	233
1389	241
1390	217
1391	232
1392	211
1393	229
1394	218
1395	233
1396	247
1397	211
1398	219
1399	216
1400	218
1401	246
1402	209
1403	217
1404	196
1405	220
1406	200
1407	198
1408	238
1409	200
1410	196
1411	200
1412	226
1413	207
1414	196
1415	173
1416	180
1417	192
1418	195
1419	189
1420	182
1421	211
1422	194
1423	181
1424	177
1425	155
1426	155
1427	181
1428	196
1429	156
1430	156
1431	178
1432	158
1433	144
1434	151
1435	139
1436	151
1437	165
1438	168
1439	152
1440	134
1441	134
1442	135
1443	120
1444	121
1445	167
1446	134
1447	143
1448	124
1449	139
1450	128
1451	120
1452	133
1453	132
1454	112
1455	113
1456	97
1457	116
1458	122
1459	129
1460	122
1461	105
1462	87
1463	111
1464	107
1465	114
1466	100
1467	103
1468	102
1469	82
1470	83
1471	88
1472	111
1473	93
1474	78
1475	98
1476	101
1477	99
1478	78
1479	78
1480	85
1481	104
1482	72
1483	81
1484	89
1485	86
1486	71
1487	93
1488	77
1489	79
1490	83
1491	94
1492	74
1493	80
1494	77
1495	84
1496	82
1497	84
1498	96
1499	76
1500	66
1501	72
1502	88
1503	75
1504	79
1505	76
1506	71
1507	63
1508	64
1509	76
1510	80
1511	68
1512	66
1513	65
1514	72
1515	64
1516	75
1517	53
1518	63
1519	85
1520	67
1521	67
1522	59
1523	57
1524	89
1525	66
1526	67
1527	57
1528	67
1529	65
1530	75
1531	77
1532	77
1533	65
1534	68
1535	53
1536	65
1537	67
1538	71
1539	67
1540	80
1541	61
1542	86
1543	54
1544	63
1545	57
1546	79
1547	68
1548	63
1549	63
1550	62
1551	70
1552	70
1553	62
1554	69
1555	80
1556	57
1557	66
1558	48
1559	64
1560	60
1561	55
1562	66
1563	87
1564	83
1565	71
1566	63
1567	65
1568	85
1569	79
1570	50
1571	52
1572	73
1573	78
1574	68
1575	58
1576	68
1577	73
1578	69
1579	57
1580	56
1581	74
1582	53
1583	67
1584	66
1585	68
1586	75
1587	74
1588	75
1589	65
1590	63
1591	59
1592	60
1593	62
1594	67
1595	68
1596	66
1597	59
1598	67
1599	65
1600	75
1601	75
1602	58
1603	76
1604	63
1605	65
1606	64
1607	68
1608	67
1609	63
1610	62
1611	78
1612	66
1613	73
1614	67
1615	58
1616	70
1617	62
1618	76
1619	80
1620	58
1621	68
1622	76
1623	60
1624	73
1625	65
1626	73
1627	71
1628	67
1629	62
1630	67
1631	66
1632	75
1633	69
1634	62
1635	59
1636	78
1637	70
1638	72
1639	64
1640	78
1641	77
1642	70
1643	76
1644	66
1645	76
1646	54
1647	61
1648	67
1649	70
1650	61
1651	69
1652	77
1653	75
1654	72
1655	64
1656	55
1657	60
1658	72
1659	66
1660	84
1661	61
1662	61
1663	70
1664	62
1665	62
1666	74
1667	74
1668	72
1669	61
1670	90
1671	79
1672	80
1673	62
1674	71
1675	61
1676	48
1677	69
1678	73
1679	81
1680	64
1681	87
1682	63
1683	60
1684	64
1685	77
1686	66
1687	66
1688	76
1689	73
1690	65
1691	81
1692	83
1693	75
1694	75
1695	80
1696	67
1697	78
1698	80
1699	81
1700	70
1701	78
1702	68
1703	64
1704	67
1705	88
1706	65
1707	81
1708	83
1709	66
1710	68
1711	75
1712	75
1713	70
1714	69
1715	81
1716	75
1717	64
1718	64
1719	68
1720	58
1721	58
1722	74
1723	68
1724	77
1725	75
1726	81
1727	63
1728	79
1729	67
1730	74
1731	76
1732	76
1733	63
1734	72
1735	69
1736	78
1737	69
1738	83
1739	78
1740	60
1741	78
1742	69
1743	69
1744	77
1745	77
1746	66
1747	67
1748	83
1749	71
1750	73
1751	79
1752	73
1753	60
1754	70
1755	72
1756	57
1757	65
1758	94
1759	77
1760	75
1761	78
1762	77
1763	74
1764	75
1765	56
1766	75
1767	68
1768	77
1769	71
1770	72
1771	66
1772	69
1773	81
1774	73
1775	73
1776	75
1777	56
1778	53
1779	69
1780	51
1781	67
1782	83
1783	66
1784	59
1785	67
1786	77
1787	75
1788	82
1789	81
1790	77
1791	74
1792	68
1793	83
1794	75
1795	78
1796	84
1797	68
1798	76
1799	60
1800	87
1801	80
1802	78
1803	75
1804	66
1805	76
1806	73
1807	84
1808	74
1809	76
1810	68
1811	93
1812	79
1813	57
1814	66
1815	72
1816	75
1817	50
1818	73
1819	74
1820	65
1821	63
1822	87
1823	65
1824	67
1825	75
1826	66
1827	81
1828	65
1829	79
1830	64
1831	72
1832	63
1833	69
1834	82
1835	76
1836	67
1837	63
1838	71
1839	65
1840	86
1841	73
1842	64
1843	68
1844	72
1845	75
1846	72
1847	80
1848	65
1849	86
1850	69
1851	70
1852	76
1853	77
1854	79
1855	82
1856	75
1857	71
1858	70
1859	86
1860	69
1861	62
1862	73
1863	77
1864	72
1865	82
1866	72
1867	67
1868	91
1869	78
1870	82
1871	73
1872	84
1873	67
1874	71
1875	86
1876	91
1877	77
1878	82
1879	77
1880	82
1881	65
1882	68
1883	74
1884	73
1885	74
1886	71
1887	64
1888	67
1889	71
1890	71
1891	67
1892	75
1893	73
1894	62
1895	65
1896	75
1897	57
1898	85
1899	64
1900	79
1901	75
1902	62
1903	67
1904	81
1905	77
1906	75
1907	75
1908	67
1909	71
1910	72
1911	73
1912	80
1913	75
1914	70
1915	76
1916	66
1917	72
1918	86
1919	76
1920	74
1921	75
1922	52
1923	65
1924	74
1925	69
1926	53
1927	69
1928	68
1929	66
1930	82
1931	96
1932	76
1933	74
1934	88
1935	69
1936	65
1937	71
1938	71
1939	79
1940	83
1941	69
1942	69
1943	85
1944	73
1945	71
1946	84
1947	92
1948	78
1949	86
1950	79
1951	82
1952	79
1953	75
1954	72
1955	80
1956	75
1957	78
1958	72
1959	79
1960	82
1961	81
1962	72
1963	90
1964	77
1965	79
1966	77
1967	80
1968	91
1969	88
1970	74
1971	74
1972	76
1973	69
1974	67
1975	64
1976	79
1977	63
1978	83
1979	69
1980	75
1981	72
1982	73
1983	69
1984	86
1985	82
1986	78
1987	58
1988	88
1989	90
1990	72
1991	69
1992	79
1993	92
1994	77
1995	73
1996	73
1997	62
1998	78
1999	70
2000	74
2001	65
2002	87
2003	63
2004	91
2005	86
2006	88
2007	73
2008	90
2009	80
2010	80
2011	82
2012	79
2013	76
2014	68
2015	78
2016	58
2017	70
2018	84
2019	81
2020	80
2021	85
2022	63
2023	83
2024	84
2025	88
2026	68
2027	69
2028	79
2029	86
2030	73
2031	85
2032	86
2033	70
2034	77
2035	72
2036	65
2037	78
2038	82
2039	81
2040	70
2041	68
2042	74
2043	68
2044	81
2045	81
2046	76
2047	84
2048	81
2049	80
2050	76
2051	85
2052	91
2053	78
2054	72
2055	76
2056	63
2057	78
2058	81
2059	73
2060	110
2061	61
2062	83
2063	65
2064	80
2065	84
2066	72
2067	63
2068	90
2069	63
2070	63
2071	75
2072	87
2073	84
2074	90
2075	71
2076	69
2077	85
2078	79
2079	69
2080	98
2081	81
2082	85
2083	74
2084	80
2085	74
2086	76
2087	72
2088	84
2089	69
2090	66
2091	76
2092	76
2093	78
2094	78
2095	77
2096	76
2097	85
2098	78
2099	86
2100	67
2101	87
2102	82
2103	73
2104	77
2105	77
2106	71
2107	83
2108	69
2109	83
2110	91
2111	75
2112	74
2113	77
2114	79
2115	102
2116	76
2117	73
2118	92
2119	87
2120	89
2121	61
2122	89
2123	75
2124	70
2125	78
2126	94
2127	86
2128	66
2129	82
2130	62
2131	77
2132	80
2133	72
2134	79
2135	95
2136	78
2137	77
2138	95
2139	72
2140	91
2141	90
2142	69
2143	84
2144	77
2145	78
2146	80
2147	70
2148	85
2149	79
2150	73
2151	81
2152	67
2153	71
2154	80
2155	79
2156	83
2157	61
2158	76
2159	73
2160	83
2161	68
2162	65
2163	82
2164	85
2165	86
2166	75
2167	64
2168	80
2169	75
2170	87
2171	68
2172	84
2173	85
2174	71
2175	82
2176	61
2177	85
2178	64
2179	83
2180	87
2181	82
2182	75
2183	78
2184	90
2185	74
2186	79
2187	77
2188	86
2189	83
2190	92
2191	72
2192	71
2193	71
2194	89
2195	73
2196	96
2197	76
2198	88
2199	95
2200	53
2201	101
2202	88
2203	74
2204	90
2205	84
2206	87
2207	81
2208	91
2209	86
2210	69
2211	95
2212	84
2213	83
2214	69
2215	61
2216	76
2217	70
2218	71
2219	97
2220	71
2221	75
2222	67
2223	69
2224	89
2225	62
2226	80
2227	74
2228	58
2229	79
2230	75
2231	81
2232	79
2233	83
2234	52
2235	84
2236	77
2237	87
2238	70
2239	68
2240	71
2241	82
2242	84
2243	85
2244	52
2245	68
2246	73
2247	77
2248	80
2249	75
2250	71
2251	86
2252	87
2253	78
2254	71
2255	72
2256	98
2257	78
2258	84
2259	78
2260	80
2261	75
2262	77
2263	86
2264	64
2265	72
2266	80
2267	69
2268	74
2269	74
2270	92
2271	80
2272	73
2273	84
2274	70
2275	92
2276	71
2277	79
2278	65
2279	57
2280	89
2281	90
2282	78
2283	61
2284	68
2285	94
2286	58
2287	81
2288	73
2289	77
2290	77
2291	75
2292	70
2293	67
2294	97
2295	84
2296	87
2297	86
2298	77
2299	69
2300	79
2301	75
2302	76
2303	88
2304	69
2305	80
2306	63
2307	61
2308	90
2309	80
2310	69
2311	62
2312	66
2313	75
2314	64
2315	62
2316	71
2317	60
2318	80
2319	84
2320	61
2321	78
2322	60
2323	66
2324	71
2325	75
2326	69
2327	63
2328	73
2329	68
2330	82
2331	71
2332	80
2333	68
2334	76
2335	72
2336	65
2337	80
2338	73
2339	78
2340	65
2341	64
2342	61
2343	66
2344	63
2345	56
2346	72
2347	75
2348	67
2349	69
2350	67
2351	79
2352	69
2353	81
2354	73
2355	70
2356	73
2357	66
2358	76
2359	68
2360	81
2361	61
2362	59
2363	72
2364	53
2365	71
2366	69
2367	81
2368	74
2369	79
2370	73
2371	64
2372	70
2373	69
2374	50
2375	68
2376	63
2377	66
2378	63
2379	71
2380	73
2381	77
2382	68
2383	89
2384	71
2385	79
2386	79
2387	77
2388	74
2389	65
2390	74
2391	47
2392	73
2393	76
2394	67
2395	56
2396	74
2397	67
2398	84
2399	67
2400	74
2401	87
2402	67
2403	77
2404	67
2405	82
2406	76
2407	67
2408	75
2409	70
2410	55
2411	80
2412	75
2413	75
2414	76
2415	74
2416	67
2417	65
2418	78
2419	80
2420	67
2421	59
2422	71
2423	88
2424	78
2425	75
2426	65
2427	72
2428	72
2429	69
2430	68
2431	68
2432	73
2433	81
2434	74
2435	60
2436	69
2437	75
2438	60
2439	82
2440	74
2441	88
2442	70
2443	69
2444	57
2445	61
2446	73
2447	63
2448	64
2449	57
2450	74
2451	66
2452	74
2453	76
2454	65
2455	67
2456	75
2457	67
2458	69
2459	75
2460	84
2461	79
2462	73
2463	59
2464	77
2465	67
2466	67
2467	81
2468	66
2469	78
2470	72
2471	58
2472	65
2473	63
2474	73
2475	68
2476	73
2477	76
2478	84
2479	72
2480	72
2481	82
2482	64
2483	84
2484	77
2485	56
2486	70
2487	86
2488	77
2489	73
2490	58
2491	54
2492	89
2493	59
2494	82
2495	68
2496	63
2497	74
2498	79
2499	75
2500	73
2501	90
2502	75
2503	62
2504	76
2505	67
2506	64
2507	65
2508	69
2509	91
2510	65
2511	69
2512	73
2513	71
2514	82
2515	75
2516	82
2517	77
2518	60
2519	67
2520	72
2521	77
2522	86
2523	79
2524	66
2525	80
2526	63
2527	93
2528	80
2529	88
2530	71
2531	66
2532	82
2533	94
2534	75
2535	76
2536	70
2537	82
2538	72
2539	65
2540	64
2541	75
2542	65
2543	91
2544	78
2545	63
2546	78
2547	79
2548	63
2549	83
2550	69
2551	81
2552	85
2553	95
2554	73
2555	84
2556	68
2557	78
2558	78
2559	80
2560	77
2561	90
2562	72
2563	85
2564	77
2565	92
2566	71
2567	83
2568	73
2569	81
2570	75
2571	98
2572	83
2573	74
2574	68
2575	104
2576	101
2577	92
2578	86
2579	103
2580	89
2581	69
2582	87
2583	89
2584	83
2585	81
2586	95
2587	100
2588	78
2589	94
2590	88
2591	82
2592	94
2593	101
2594	72
2595	71
2596	85
2597	89
2598	98
2599	55
2600	71
2601	87
2602	66
2603	76
2604	97
2605	94
2606	77
2607	65
2608	87
2609	68
2610	85
2611	88
2612	88
2613	68
2614	80
2615	88
2616	70
2617	69
2618	84
2619	92
2620	101
2621	77
2622	85
2623	60
2624	80
2625	72
2626	92
2627	85
2628	88
2629	60
2630	84
2631	69
2632	79
2633	81
2634	83
2635	70
2636	70
2637	85
2638	81
2639	68
2640	101
2641	79
2642	63
2643	79
2644	99
2645	77
2646	84
2647	92
2648	81
2649	78
2650	94
2651	80
2652	72
2653	84
2654	83
2655	84
2656	97
2657	75
2658	85
2659	83
2660	86
2661	85
2662	82
2663	77
2664	69
2665	80
2666	81
2667	78
2668	77
2669	88
2670	83
2671	74
2672	83
2673	62
2674	84
2675	69
2676	79
2677	72
2678	100
2679	80
2680	77
2681	81
2682	77
2683	78
2684	82
2685	74
2686	74
2687	67
2688	90
2689	84
2690	67
2691	73
2692	86
2693	76
2694	81
2695	74
2696	75
2697	70
2698	57
2699	76
2700	84
2701	83
2702	76
2703	79
2704	73
2705	69
2706	78
2707	72
2708	56
2709	66
2710	87
2711	77
2712	68
2713	78
2714	79
2715	89
2716	73
2717	82
2718	84
2719	90
2720	51
2721	71
2722	73
2723	86
2724	82
2725	73
2726	73
2727	67
2728	69
2729	74
2730	55
2731	74
2732	65
2733	75
2734	74
2735	94
2736	72
2737	71
2738	74
2739	70
2740	70
2741	78
2742	69
2743	66
2744	69
2745	70
2746	87
2747	78
2748	63
2749	69
2750	64
2751	71
2752	64
2753	71
2754	68
2755	76
2756	67
2757	59
2758	73
2759	66
2760	74
2761	54
2762	83
2763	80
2764	62
2765	71
2766	70
2767	65
2768	65
2769	70
2770	65
2771	65
2772	61
2773	60
2774	62
2775	80
2776	77
2777	48
2778	54
2779	58
2780	69
2781	68
2782	74
2783	62
2784	70
2785	65
2786	57
2787	62
2788	63
2789	48
2790	55
2791	54
2792	68
2793	61
2794	63
2795	57
2796	64
2797	64
2798	49
2799	70
2800	71
2801	69
2802	63
2803	64
2804	60
2805	59
2806	62
2807	67
2808	66
2809	56
2810	70
2811	66
2812	62
2813	46
2814	48
2815	57
2816	54
2817	63
2818	59
2819	62
2820	51
2821	73
2822	58
2823	47
2824	62
2825	51
2826	63
2827	58
2828	56
2829	55
2830	54
2831	64
2832	50
2833	60
2834	67
2835	56
2836	58
2837	68
2838	57
2839	63
2840	51
2841	75
2842	54
2843	50
2844	55
2845	50
2846	60
2847	60
2848	60
2849	63
2850	52
2851	57
2852	61
2853	58
2854	53
2855	48
2856	66
2857	63
2858	48
2859	60
2860	45
2861	56
2862	51
2863	63
2864	41
2865	58
2866	63
2867	62
2868	53
2869	52
2870	53
2871	58
2872	44
2873	57
2874	50
2875	64
2876	51
2877	57
2878	51
2879	58
2880	67
2881	53
2882	71
2883	57
2884	60
2885	47
2886	52
2887	50
2888	47
2889	40
2890	58
2891	62
2892	54
2893	62
2894	75
2895	57
2896	46
2897	54
2898	47
2899	57
2900	62
2901	44
2902	48
2903	54
2904	56
2905	59
2906	47
2907	50
2908	64
2909	48
2910	52
2911	41
2912	47
2913	54
2914	55
2915	52
2916	53
2917	53
2918	51
2919	63
2920	52
2921	66
2922	54
2923	62
2924	57
2925	50
2926	56
2927	64
2928	51
2929	54
2930	47
2931	60
2932	54
2933	49
2934	62
2935	62
2936	47
2937	51
2938	52
2939	63
2940	59
2941	54
2942	45
2943	57
2944	60
2945	60
2946	68
2947	53
2948	57
2949	51
2950	59
2951	55
2952	53
2953	40
2954	48
2955	59
2956	55
2957	50
2958	52
2959	59
2960	50
2961	55
2962	42
2963	51
2964	46
2965	44
2966	46
2967	50
2968	56
2969	59
2970	44
2971	41
2972	56
2973	61
2974	51
2975	58
2976	59
2977	40
2978	51
2979	50
2980	59
2981	65
2982	51
2983	54
2984	51
2985	58
2986	45
2987	44
2988	52
2989	52
2990	58
2991	62
2992	51
2993	47
2994	57
2995	53
2996	41
2997	47
2998	66
2999	50
3000	67
3001	59
3002	47
3003	56
3004	42
3005	46
3006	42
3007	41
3008	39
3009	47
3010	44
3011	46
3012	56
3013	40
3014	50
3015	58
3016	48
3017	44
3018	44
3019	49
3020	55
3021	49
3022	58
3023	41
3024	51
3025	63
3026	54
3027	64
3028	49
3029	49
3030	49
3031	38
3032	53
3033	43
3034	68
3035	41
3036	51
3037	42
3038	56
3039	58
3040	53
3041	59
3042	48
3043	49
3044	52
3045	50
3046	57
3047	48
3048	49
3049	62
3050	60
3051	60
3052	52
3053	46
3054	48
3055	49
3056	48
3057	51
3058	55
3059	47
3060	38
3061	61
3062	47
3063	49
3064	49
3065	48
3066	35
3067	49
3068	55
3069	42
3070	64
3071	59
3072	46
3073	50
3074	44
3075	49
3076	56
3077	50
3078	47
3079	54
3080	45
3081	53
3082	56
3083	43
3084	48
3085	45
3086	50
3087	63
3088	54
3089	60
3090	45
3091	48
3092	57
3093	60
3094	60
3095	61
3096	56
3097	52
3098	55
3099	46
3100	64
3101	40
3102	53
3103	61
3104	54
3105	51
3106	40
3107	64
3108	55
3109	38
3110	41
3111	61
3112	54
3113	46
3114	61
3115	51
3116	48
3117	51
3118	48
3119	38
3120	47
3121	55
3122	55
3123	54
3124	52
3125	66
3126	65
3127	42
3128	59
3129	54
3130	39
3131	43
3132	61
3133	56
3134	51
3135	58
3136	52
3137	61
3138	40
3139	44
3140	52
3141	41
3142	56
3143	47
3144	50
3145	38
3146	62
3147	43
3148	42
3149	50
3150	40
3151	56
3152	49
3153	43
3154	53
3155	49
3156	56
3157	45
3158	48
3159	47
3160	53
3161	42
3162	50
3163	42
3164	56
3165	59
3166	62
3167	48
3168	46
3169	48
3170	52
3171	40
3172	46
3173	47
3174	36
3175	47
3176	34
3177	54
3178	49
3179	62
3180	51
3181	33
3182	57
3183	40
3184	51
3185	53
3186	40
3187	53
3188	56
3189	46
3190	51
3191	53
3192	63
3193	52
3194	47
3195	48
3196	53
3197	49
3198	51
3199	40
3200	46
3201	50
3202	58
3203	44
3204	51
3205	50
3206	42
3207	33
3208	62
3209	45
3210	45
3211	41
3212	55
3213	53
3214	53
3215	37
3216	50
3217	51
3218	49
3219	38
3220	39
3221	40
3222	38
3223	54
3224	55
3225	60
3226	45
3227	50
3228	52
3229	56
3230	39
3231	45
3232	36
3233	33
3234	41
3235	52
3236	58
3237	38
3238	29
3239	63
3240	28
3241	45
3242	53
3243	50
3244	56
3245	60
3246	50
3247	45
3248	52
3249	48
3250	47
3251	60
3252	64
3253	51
3254	46
3255	37
3256	54
3257	43
3258	45
3259	48
3260	52
3261	49
3262	54
3263	58
3264	59
3265	50
3266	51
3267	53
3268	41
3269	51
3270	44
3271	40
3272	37
3273	45
3274	46
3275	54
3276	41
3277	64
3278	46
3279	45
3280	44
3281	46
3282	32
3283	54
3284	50
3285	44
3286	47
3287	55
3288	56
3289	58
3290	52
3291	56
3292	54
3293	42
3294	53
3295	48
3296	53
3297	42
3298	52
3299	54
3300	40
3301	40
3302	56
3303	33
3304	51
3305	54
3306	54
3307	44
3308	52
3309	60
3310	40
3311	42
3312	42
3313	46
3314	38
3315	46
3316	47
3317	42
3318	46
3319	52
3320	40
3321	57
3322	47
3323	55
3324	39
3325	49
3326	55
3327	48
3328	52
3329	45
3330	39
3331	60
3332	48
3333	40
3334	48
3335	37
3336	59
3337	46
3338	54
3339	41
3340	47
3341	42
3342	59
3343	41
3344	52
3345	51
3346	61
3347	40
3348	54
3349	47
3350	56
3351	41
3352	50
3353	42
3354	50
3355	58
3356	64
3357	55
3358	49
3359	50
3360	42
3361	64
3362	43
3363	43
3364	57
3365	50
3366	49
3367	44
3368	47
3369	41
3370	41
3371	52
3372	45
3373	44
3374	56
3375	55
3376	54
3377	65
3378	48
3379	50
3380	58
3381	73
3382	56
3383	49
3384	55
3385	58
3386	59
3387	44
3388	60
3389	57
3390	48
3391	71
3392	51
3393	56
3394	51
3395	46
3396	50
3397	54
3398	61
3399	47
3400	52
3401	61
3402	58
3403	60
3404	63
3405	55
3406	62
3407	45
3408	38
3409	43
3410	58
3411	50
3412	47
3413	51
3414	60
3415	49
3416	51
3417	55
3418	63
3419	52
3420	67
3421	51
3422	60
3423	62
3424	62
3425	44
3426	61
3427	71
3428	66
3429	68
3430	64
3431	57
3432	58
3433	60
3434	69
3435	42
3436	50
3437	70
3438	57
3439	59
3440	57
3441	57
3442	59
3443	49
3444	49
3445	48
3446	59
3447	58
3448	50
3449	66
3450	53
3451	56
3452	77
3453	52
3454	58
3455	56
3456	63
3457	57
3458	55
3459	55
3460	57
3461	73
3462	63
3463	69
3464	69
3465	56
3466	57
3467	53
3468	54
3469	56
3470	84
3471	72
3472	59
3473	79
3474	62
3475	76
3476	75
3477	87
3478	67
3479	68
3480	47
3481	61
3482	64
3483	67
3484	64
3485	70
3486	78
3487	67
3488	71
3489	74
3490	68
3491	71
3492	66
3493	70
3494	80
3495	59
3496	69
3497	67
3498	74
3499	65
3500	72
3501	73
3502	69
3503	77
3504	80
3505	64
3506	65
3507	69
3508	80
3509	58
3510	71
3511	82
3512	64
3513	59
3514	60
3515	70
3516	86
3517	70
3518	71
3519	87
3520	76
3521	73
3522	76
3523	80
3524	78
3525	86
3526	83
3527	88
3528	72
3529	73
3530	73
3531	79
3532	72
3533	87
3534	79
3535	82
3536	84
3537	83
3538	56
3539	76
3540	78
3541	60
3542	84
3543	74
3544	78
3545	80
3546	74
3547	88
3548	94
3549	80
3550	81
3551	92
3552	78
3553	89
3554	90
3555	66
3556	83
3557	75
3558	82
3559	83
3560	82
3561	98
3562	101
3563	88
3564	90
3565	92
3566	74
3567	86
3568	95
3569	80
3570	69
3571	82
3572	89
3573	89
3574	81
3575	96
3576	106
3577	96
3578	72
3579	91
3580	87
3581	70
3582	74
3583	92
3584	90
3585	84
3586	83
3587	90
3588	73
3589	89
3590	92
3591	84
3592	89
3593	94
3594	97
3595	91
3596	88
3597	81
3598	82
3599	75
3600	83
3601	91
3602	100
3603	83
3604	91
3605	104
3606	87
3607	87
3608	81
3609	103
3610	84
3611	82
3612	97
3613	75
3614	101
3615	101
3616	88
3617	87
3618	82
3619	86
3620	95
3621	100
3622	72
3623	83
3624	106
3625	100
3626	83
3627	83
3628	105
3629	91
3630	91
3631	87
3632	81
3633	92
3634	114
3635	80
3636	96
3637	110
3638	89
3639	87
3640	97
3641	89
3642	99
3643	106
3644	89
3645	91
3646	84
3647	88
3648	106
3649	108
3650	91
3651	103
3652	88
3653	69
3654	99
3655	90
3656	97
3657	86
3658	85
3659	102
3660	94
3661	90
3662	103
3663	103
3664	90
3665	83
3666	101
3667	97
3668	88
3669	90
3670	97
3671	107
3672	91
3673	92
3674	84
3675	97
3676	90
3677	85
3678	94
3679	84
3680	79
3681	82
3682	94
3683	98
3684	71
3685	90
3686	74
3687	90
3688	92
3689	97
3690	90
3691	91
3692	87
3693	105
3694	97
3695	97
3696	91
3697	97
3698	91
3699	104
3700	89
3701	95
3702	77
3703	93
3704	101
3705	111
3706	91
3707	89
3708	79
3709	85
3710	105
3711	85
3712	92
3713	100
3714	84
3715	91
3716	90
3717	89
3718	75
3719	73
3720	89
3721	112
3722	88
3723	94
3724	88
3725	92
3726	86
3727	100
3728	88
3729	95
3730	78
3731	88
3732	98
3733	79
3734	96
3735	122
3736	95
3737	93
3738	78
3739	94
3740	102
3741	81
3742	92
3743	97
3744	86
3745	82
3746	85
3747	95
3748	102
3749	90
3750	82
3751	76
3752	109
3753	73
3754	70
3755	84
3756	72
3757	74
3758	73
3759	89
3760	70
3761	98
3762	87
3763	89
3764	89
3765	75
3766	76
3767	75
3768	79
3769	78
3770	77
3771	84
3772	77
3773	76
3774	78
3775	71
3776	65
3777	85
3778	76
3779	73
3780	83
3781	76
3782	73
3783	75
3784	83
3785	86
3786	61
3787	83
3788	77
3789	65
3790	74
3791	84
3792	68
3793	67
3794	71
3795	68
3796	91
3797	62
3798	81
3799	76
3800	86
3801	78
3802	86
3803	72
3804	61
3805	70
3806	72
3807	72
3808	86
3809	63
3810	67
3811	63
3812	73
3813	76
3814	87
3815	65
3816	76
3817	69
3818	71
3819	81
3820	67
3821	54
3822	73
3823	74
3824	76
3825	70
3826	66
3827	67
3828	63
3829	80
3830	78
3831	81
3832	77
3833	60
3834	80
3835	66
3836	64
3837	56
3838	72
3839	63
3840	76
3841	67
3842	67
3843	65
3844	69
3845	63
3846	73
3847	63
3848	70
3849	66
3850	56
3851	56
3852	63
3853	80
3854	66
3855	65
3856	74
3857	66
3858	57
3859	59
3860	73
3861	54
3862	52
3863	61
3864	60
3865	51
3866	66
3867	55
3868	56
3869	48
3870	54
3871	65
3872	57
3873	72
3874	51
3875	57
3876	53
3877	74
3878	58
3879	45
3880	43
3881	52
3882	54
3883	49
3884	55
3885	46
3886	65
3887	48
3888	62
3889	46
3890	64
3891	45
3892	77
3893	54
3894	48
3895	63
3896	60
3897	51
3898	61
3899	58
3900	56
3901	43
3902	52
3903	73
3904	61
3905	53
3906	55
3907	48
3908	61
3909	43
3910	63
3911	62
3912	68
3913	58
3914	45
3915	66
3916	52
3917	46
3918	56
3919	53
3920	48
3921	59
3922	52
3923	59
3924	44
3925	59
3926	46
3927	55
3928	56
3929	40
3930	53
3931	38
3932	56
3933	57
3934	62
3935	55
3936	63
3937	54
3938	56
3939	47
3940	61
3941	55
3942	48
3943	50
3944	53
3945	54
3946	51
3947	54
3948	51
3949	46
3950	50
3951	57
3952	42
3953	45
3954	52
3955	47
3956	52
3957	51
3958	57
3959	48
3960	50
3961	44
3962	45
3963	43
3964	54
3965	60
3966	44
3967	50
3968	52
3969	53
3970	47
3971	49
3972	61
3973	61
3974	58
3975	53
3976	43
3977	55
3978	47
3979	51
3980	52
3981	56
3982	45
3983	36
3984	58
3985	40
3986	46
3987	48
3988	48
3989	55
3990	56
3991	62
3992	54
3993	52
3994	58
3995	53
3996	47
3997	50
3998	55
3999	49
4000	44
4001	50
4002	53
4003	58
4004	53
4005	55
4006	47
4007	49
4008	51
4009	36
4010	51
4011	44
4012	43
4013	46
4014	42
4015	59
4016	54
4017	51
4018	51
4019	52
4020	50
4021	65
4022	48
4023	52
4024	52
4025	30
4026	50
4027	37
4028	49
4029	46
4030	63
4031	52
4032	45
4033	55
4034	61
4035	51
4036	42
4037	53
4038	61
4039	45
4040	46
4041	43
4042	48
4043	48
4044	45
4045	48
4046	47
4047	38
4048	58
4049	47
4050	46
4051	41
4052	52
4053	37
4054	49
4055	56
4056	39
4057	51
4058	43
4059	53
4060	50
4061	47
4062	52
4063	58
4064	40
4065	40
4066	49
4067	51
4068	48
4069	52
4070	54
4071	47
4072	40
4073	40
4074	52
4075	52
4076	53
4077	45
4078	55
4079	56
4080	53
4081	40
4082	52
4083	48
4084	46
4085	59
4086	45
4087	39
4088	55
4089	45
4090	45
4091	53
4092	55
4093	53
4094	40
4095	45
4096	56
4097	48
4098	44
4099	40
4100	52
4101	45
4102	60
4103	45
4104	54
4105	44
4106	47
4107	53
4108	51
4109	45
4110	46
4111	50
4112	40
4113	51
4114	35
4115	44
4116	51
4117	55
4118	47
4119	44
4120	51
4121	43
4122	38
4123	37
4124	49
4125	48
4126	48
4127	39
4128	57
4129	48
4130	44
4131	63
4132	58
4133	43
4134	52
4135	44
4136	40
4137	49
4138	58
4139	41
4140	55
4141	50
4142	43
4143	57
4144	50
4145	43
4146	53
4147	51
4148	34
4149	60
4150	46
4151	54
4152	54
4153	36
4154	56
4155	42
4156	47
4157	39
4158	54
4159	50
4160	62
4161	53
4162	42
4163	56
4164	52
4165	57
4166	57
4167	48
4168	41
4169	54
4170	41
4171	59
4172	63
4173	45
4174	49
4175	42
4176	47
4177	48
4178	62
4179	42
4180	61
4181	48
4182	54
4183	57
4184	54
4185	51
4186	51
4187	59
4188	61
4189	51
4190	65
4191	53
4192	54
4193	60
4194	54
4195	56
4196	57
4197	68
4198	54
4199	45
4200	47
4201	52
4202	51
4203	45
4204	52
4205	40
4206	39
4207	52
4208	51
4209	65
4210	68
4211	45
4212	48
4213	53
4214	49
4215	60
4216	73
4217	53
4218	55
4219	51
4220	57
4221	54
4222	52
4223	61
4224	47
4225	51
4226	51
4227	48
4228	44
4229	49
4230	54
4231	56
4232	56
4233	56
4234	47
4235	56
4236	63
4237	54
4238	52
4239	49
4240	39
4241	58
4242	58
4243	55
4244	50
4245	42
4246	45
4247	52
4248	63
4249	72
4250	65
4251	56
4252	57
4253	60
4254	57
4255	51
4256	48
4257	50
4258	49
4259	70
4260	42
4261	47
4262	52
4263	52
4264	41
4265	38
4266	61
4267	55
4268	50
4269	53
4270	62
4271	54
4272	32
4273	44
4274	49
4275	55
4276	44
4277	58
4278	45
4279	59
4280	60
4281	63
4282	53
4283	50
4284	59
4285	65
4286	28
4287	51
4288	55
4289	67
4290	46
4291	53
4292	55
4293	48
4294	45
4295	41
4296	44
4297	44
4298	53
4299	48
4300	39
4301	43
4302	45
4303	52
4304	48
4305	40
4306	57
4307	60
4308	57
4309	46
4310	59
4311	43
4312	49
4313	47
4314	40
4315	54
4316	54
4317	53
4318	53
4319	53
4320	51
4321	63
4322	50
4323	54
4324	47
4325	55
4326	54
4327	49
4328	51
4329	45
4330	41
4331	45
4332	38
4333	61
4334	54
4335	51
4336	48
4337	60
4338	59
4339	67
4340	46
4341	66
4342	51
4343	56
4344	45
4345	46
4346	54
4347	60
4348	55
4349	47
4350	49
4351	58
4352	51
4353	54
4354	57
4355	46
4356	44
4357	60
4358	42
4359	46
4360	61
4361	65
4362	66
4363	42
4364	41
4365	49
4366	47
4367	48
4368	52
4369	48
4370	63
4371	40
4372	43
4373	49
4374	35
4375	53
4376	46
4377	45
4378	60
4379	51
4380	49
4381	60
4382	37
4383	50
4384	54
4385	57
4386	51
4387	43
4388	49
4389	48
4390	44
4391	37
4392	55
4393	42
4394	51
4395	59
4396	58
4397	38
4398	31
4399	53
4400	49
4401	51
4402	60
4403	50
4404	57
4405	42
4406	50
4407	41
4408	44
4409	49
4410	56
4411	44
4412	50
4413	44
4414	48
4415	45
4416	49
4417	43
4418	57
4419	53
4420	57
4421	51
4422	52
4423	48
4424	41
4425	38
4426	52
4427	47
4428	60
4429	53
4430	44
4431	44
4432	43
4433	42
4434	46
4435	50
4436	57
4437	54
4438	40
4439	50
4440	53
4441	43
4442	50
4443	52
4444	37
4445	39
4446	41
4447	45
4448	51
4449	49
4450	38
4451	42
4452	50
4453	49
4454	52
4455	44
4456	45
4457	47
4458	55
4459	55
4460	51
4461	36
4462	41
4463	41
4464	51
4465	57
4466	48
4467	43
4468	44
4469	47
4470	57
4471	41
4472	47
4473	53
4474	39
4475	44
4476	52
4477	44
4478	47
4479	43
4480	51
4481	52
4482	44
4483	53
4484	54
4485	47
4486	47
4487	45
4488	44
4489	41
4490	30
4491	61
4492	50
4493	49
4494	46
4495	52
4496	47
4497	50
4498	47
4499	39
4500	50
4501	48
4502	39
4503	47
4504	42
4505	49
4506	54
4507	44
4508	39
4509	33
4510	45
4511	52
4512	35
4513	39
4514	30
4515	50
4516	47
4517	48
4518	50
4519	52
4520	56
4521	50
4522	39
4523	36
4524	37
4525	45
4526	49
4527	45
4528	55
4529	45
4530	40
4531	57
4532	50
4533	53
4534	42
4535	50
4536	42
4537	40
4538	49
4539	43
4540	53
4541	47
4542	47
4543	48
4544	41
4545	40
4546	40
4547	40
4548	40
4549	47
4550	52
4551	39
4552	44
4553	48
4554	45
4555	44
4556	37
4557	48
4558	37
4559	51
4560	32
4561	48
4562	32
4563	48
4564	35
4565	50
4566	58
4567	46
4568	44
4569	52
4570	31
4571	45
4572	42
4573	48
4574	57
4575	33
4576	39
4577	37
4578	32
4579	41
4580	38
4581	43
4582	46
4583	39
4584	41
4585	62
4586	28
4587	39
4588	40
4589	42
4590	40
4591	43
4592	35
4593	44
4594	39
4595	41
4596	47
4597	39
4598	46
4599	43
4600	54
4601	37
4602	38
4603	55
4604	50
4605	48
4606	35
4607	47
4608	49
4609	62
4610	34
4611	36
4612	37
4613	32
4614	46
4615	41
4616	42
4617	37
4618	43
4619	43
4620	46
4621	36
4622	37
4623	52
4624	49
4625	35
4626	45
4627	50
4628	46
4629	46
4630	42
4631	42
4632	36
4633	51
4634	40
4635	42
4636	41
4637	40
4638	44
4639	37
4640	30
4641	56
4642	48
4643	58
4644	38
4645	37
4646	43
4647	38
4648	27
4649	47
4650	38
4651	49
4652	36
4653	43
4654	28
4655	34
4656	43
4657	37
4658	31
4659	43
4660	53
4661	44
4662	43
4663	47
4664	34
4665	41
4666	39
4667	44
4668	46
4669	22
4670	46
4671	43
4672	39
4673	39
4674	36
4675	40
4676	40
4677	32
4678	43
4679	47
4680	44
4681	45
4682	51
4683	37
4684	45
4685	40
4686	34
4687	40
4688	32
4689	36
4690	45
4691	37
4692	35
4693	35
4694	40
4695	33
4696	48
4697	41
4698	27
4699	44
4700	40
4701	46
4702	34
4703	39
4704	33
4705	42
4706	44
4707	50
4708	36
4709	42
4710	40
4711	39
4712	35
4713	53
4714	50
4715	40
4716	35
4717	43
4718	35
4719	41
4720	37
4721	50
4722	44
4723	28
4724	35
4725	41
4726	41
4727	37
4728	49
4729	53
4730	36
4731	29
4732	27
4733	43
4734	40
4735	33
4736	36
4737	44
4738	33
4739	37
4740	33
4741	26
4742	32
4743	42
4744	47
4745	42
4746	39
4747	28
4748	31
4749	41
4750	37
4751	42
4752	37
4753	28
4754	39
4755	37
4756	45
4757	34
4758	32
4759	36
4760	40
4761	40
4762	27
4763	40
4764	36
4765	28
4766	42
4767	33
4768	35
4769	38
4770	44
4771	37
4772	33
4773	46
4774	37
4775	43
4776	26
4777	55
4778	31
4779	27
4780	36
4781	33
4782	46
4783	25
4784	39
4785	34
4786	32
4787	34
4788	33
4789	44
4790	35
4791	34
4792	42
4793	37
4794	30
4795	42
4796	36
4797	37
4798	37
4799	39
4800	40
4801	27
4802	36
4803	24
4804	35
4805	30
4806	36
4807	28
4808	31
4809	37
4810	39
4811	35
4812	37
4813	40
4814	35
4815	30
4816	32
4817	41
4818	34
4819	49
4820	37
4821	31
4822	45
4823	31
4824	27
4825	33
4826	33
4827	32
4828	18
4829	42
4830	38
4831	37
4832	33
4833	30
4834	23
4835	38
4836	30
4837	31
4838	36
4839	32
4840	47
4841	36
4842	21
4843	31
4844	33
4845	31
4846	36
4847	33
4848	32
4849	27
4850	23
4851	35
4852	34
4853	35
4854	32
4855	37
4856	33
4857	40
4858	28
4859	43
4860	38
4861	41
4862	35
4863	19
4864	25
4865	39
4866	28
4867	31
4868	32
4869	39
4870	30
4871	25
4872	28
4873	24
4874	35
4875	29
4876	26
4877	36
4878	25
4879	30
4880	33
4881	33
4882	24
4883	30
4884	36
4885	31
4886	22
4887	25
4888	37
4889	33
4890	32
4891	38
4892	30
4893	29
4894	36
4895	30
4896	23
4897	34
4898	26
4899	27
4900	20
4901	29
4902	26
4903	23
4904	39
4905	27
4906	34
4907	30
4908	34
4909	24
4910	29
4911	28
4912	23
4913	32
4914	32
4915	27
4916	26
4917	27
4918	24
4919	31
4920	36
4921	39
4922	19
4923	36
4924	29
4925	28
4926	24
4927	26
4928	23
4929	23
4930	26
4931	28
4932	29
4933	21
4934	37
4935	26
4936	34
4937	27
4938	32
4939	30
4940	30
4941	34
4942	28
4943	29
4944	31
4945	35
4946	35
4947	29
4948	17
4949	34
4950	38
4951	26
4952	28
4953	29
4954	32
4955	21
4956	28
4957	31
4958	24
4959	31
4960	32
4961	43
4962	29
4963	31
4964	37
4965	33
4966	30
4967	24
4968	33
4969	25
4970	31
4971	28
4972	37
4973	26
4974	33
4975	31
4976	26
4977	30
4978	21
4979	26
4980	31
4981	34
4982	34
4983	27
4984	38
4985	32
4986	28
4987	19
4988	34
4989	22
4990	23
4991	25
4992	22
4993	27
4994	29
4995	26
4996	25
4997	26
4998	27
4999	27
5000	24
5001	27
5002	30
5003	32
5004	24
5005	31
5006	28
5007	24
5008	31
5009	18
5010	26
5011	27
5012	28
5013	24
5014	27
5015	20
5016	22
5017	25
5018	43
5019	28
5020	31
5021	32
5022	28
5023	29
5024	35
5025	24
5026	25
5027	35
5028	22
5029	21
5030	31
5031	34
5032	34
5033	24
5034	20
5035	26
5036	28
5037	30
5038	29
5039	34
5040	30
5041	32
5042	31
5043	28
5044	22
5045	31
5046	27
5047	28
5048	29
5049	25
5050	25
5051	30
5052	33
5053	24
5054	20
5055	28
5056	22
5057	31
5058	27
5059	19
5060	27
5061	23
5062	32
5063	21
5064	28
5065	21
5066	34
5067	22
5068	24
5069	25
5070	22
5071	26
5072	25
5073	20
5074	19
5075	26
5076	21
5077	24
5078	27
5079	30
5080	32
5081	32
5082	30
5083	26
5084	36
5085	29
5086	24
5087	33
5088	22
5089	28
5090	35
5091	23
5092	31
5093	25
5094	17
5095	25
5096	27
5097	29
5098	18
5099	30
5100	18
5101	33
5102	20
5103	18
5104	25
5105	24
5106	23
5107	27
5108	16
5109	27
5110	25
5111	26
5112	32
5113	31
5114	17
5115	18
5116	29
5117	24
5118	23
5119	29
5120	31
5121	22
5122	19
5123	29
5124	26
5125	27
5126	32
5127	17
5128	32
5129	19
5130	22
5131	23
5132	30
5133	25
5134	19
5135	23
5136	29
5137	29
5138	20
5139	25
5140	25
5141	19
5142	22
5143	26
5144	29
5145	22
5146	25
5147	22
5148	22
5149	19
5150	30
5151	24
5152	19
5153	26
5154	22
5155	25
5156	25
5157	27
5158	32
5159	17
5160	28
5161	18
5162	19
5163	25
5164	35
5165	27
5166	24
5167	20
5168	15
5169	34
5170	36
5171	21
5172	27
5173	28
5174	24
5175	23
5176	26
5177	26
5178	30
5179	25
5180	27
5181	20
5182	20
5183	37
5184	23
5185	36
5186	17
5187	21
5188	23
5189	34
5190	18
5191	18
5192	21
5193	28
5194	21
5195	17
5196	31
5197	18
5198	14
5199	25
5200	25
5201	19
5202	18
5203	37
5204	18
5205	16
5206	28
5207	18
5208	17
5209	35
5210	23
5211	24
5212	27
5213	22
5214	27
5215	24
5216	25
5217	26
5218	16
5219	21
5220	32
5221	28
5222	30
5223	18
5224	24
5225	30
5226	26
5227	27
5228	21
5229	17
5230	23
5231	20
5232	28
5233	27
5234	27
5235	22
5236	22
5237	26
5238	25
5239	29
5240	27
5241	28
5242	14
5243	20
5244	26
5245	21
5246	18
5247	23
5248	27
5249	25
5250	20
5251	19
5252	21
5253	21
5254	19
5255	24
5256	17
5257	23
5258	15
5259	30
5260	21
5261	18
5262	30
5263	22
5264	26
5265	19
5266	30
5267	23
5268	24
5269	18
5270	24
5271	26
5272	23
5273	28
5274	17
5275	18
5276	21
5277	23
5278	27
5279	17
5280	29
5281	25
5282	22
5283	20
5284	28
5285	24
5286	30
5287	24
5288	18
5289	17
5290	18
5291	13
5292	23
5293	31
5294	16
5295	19
5296	18
5297	15
5298	22
5299	28
5300	22
5301	22
5302	26
5303	13
5304	26
5305	25
5306	28
5307	21
5308	25
5309	26
5310	17
5311	27
5312	20
5313	22
5314	20
5315	15
5316	17
5317	19
5318	19
5319	21
5320	26
5321	25
5322	24
5323	18
5324	34
5325	18
5326	27
5327	25
5328	19
5329	23
5330	16
5331	16
5332	17
5333	18
5334	20
5335	19
5336	33
5337	23
5338	25
5339	22
5340	20
5341	23
5342	21
5343	17
5344	24
5345	20
5346	23
5347	19
5348	19
5349	14
5350	18
5351	16
5352	26
5353	19
5354	19
5355	29
5356	23
5357	20
5358	21
5359	18
5360	25
5361	25
5362	21
5363	28
5364	25
5365	25
5366	19
5367	25
5368	24
5369	24
5370	19
5371	19
5372	25
5373	29
5374	21
5375	40
5376	16
5377	23
5378	22
5379	18
5380	27
5381	23
5382	22
5383	18
5384	26
5385	19
5386	22
5387	24
5388	19
5389	30
5390	19
5391	12
5392	21
5393	20
5394	22
5395	22
5396	17
5397	20
5398	19
5399	16
5400	21
5401	22
5402	27
5403	12
5404	26
5405	23
5406	28
5407	15
5408	22
5409	15
5410	14
5411	29
5412	10
5413	26
5414	23
5415	29
5416	22
5417	23
5418	17
5419	20
5420	15
5421	23
5422	28
5423	17
5424	21
5425	25
5426	21
5427	25
5428	27
5429	19
5430	26
5431	19
5432	17
5433	22
5434	15
5435	18
5436	19
5437	20
5438	23
5439	20
5440	29
5441	29
5442	27
5443	24
5444	10
5445	12
5446	16
5447	17
5448	14
5449	14
5450	21
5451	24
5452	21
5453	32
5454	20
5455	21
5456	17
5457	22
5458	20
5459	19
5460	16
5461	22
5462	19
5463	31
5464	24
5465	13
5466	17
5467	20
5468	22
5469	15
5470	22
5471	14
5472	18
5473	19
5474	20
5475	23
5476	17
5477	12
5478	21
5479	24
5480	24
5481	15
5482	19
5483	18
5484	20
5485	18
5486	20
5487	22
5488	14
5489	21
5490	21
5491	16
5492	22
5493	21
5494	22
5495	22
5496	20
5497	28
5498	21
5499	17
5500	19
5501	16
5502	20
5503	28
5504	18
5505	23
5506	15
5507	10
5508	17
5509	17
5510	26
5511	16
5512	15
5513	28
5514	24
5515	20
5516	21
5517	18
5518	23
5519	15
5520	21
5521	21
5522	24
5523	21
5524	16
5525	21
5526	18
5527	17
5528	16
5529	23
5530	18
5531	17
5532	14
5533	19
5534	14
5535	10
5536	17
5537	22
5538	20
5539	10
5540	25
5541	17
5542	13
5543	24
5544	23
5545	14
5546	20
5547	12
5548	17
5549	19
5550	12
5551	21
5552	18
5553	18
5554	19
5555	16
5556	16
5557	13
5558	22
5559	20
5560	25
5561	21
5562	18
5563	11
5564	23
5565	21
5566	22
5567	24
5568	16
5569	15
5570	18
5571	18
5572	22
5573	21
5574	19
5575	19
5576	22
5577	18
5578	16
5579	17
5580	19
5581	20
5582	15
5583	15
5584	25
5585	16
5586	20
5587	21
5588	23
5589	19
5590	12
5591	19
5592	17
5593	13
5594	22
5595	11
5596	19
5597	14
5598	27
5599	19
5600	20
5601	25
5602	18
5603	18
5604	26
5605	26
5606	15
5607	30
5608	15
5609	14
5610	23
5611	16
5612	16
5613	14
5614	20
5615	20
5616	19
5617	18
5618	25
5619	11
5620	22
5621	18
5622	12
5623	13
5624	19
5625	26
5626	26
5627	10
5628	8
5629	20
5630	17
5631	21
5632	24
5633	15
5634	16
5635	23
5636	20
5637	22
5638	16
5639	16
5640	17
5641	13
5642	27
5643	22
5644	16
5645	18
5646	13
5647	21
5648	19
5649	20
5650	13
5651	17
5652	17
5653	12
5654	12
5655	16
5656	21
5657	18
5658	20
5659	9
5660	21
5661	15
5662	26
5663	14
5664	26
5665	21
5666	22
5667	21
5668	23
5669	24
5670	18
5671	14
5672	19
5673	21
5674	21
5675	27
5676	11
5677	20
5678	12
5679	10
5680	17
5681	26
5682	17
5683	18
5684	19
5685	18
5686	22
5687	29
5688	21
5689	12
5690	18
5691	22
5692	17
5693	22
5694	21
5695	16
5696	21
5697	24
5698	21
5699	27
5700	24
5701	22
5702	13
5703	23
5704	21
5705	17
5706	21
5707	21
5708	14
5709	15
5710	17
5711	22
5712	15
5713	20
5714	16
5715	18
5716	17
5717	21
5718	18
5719	18
5720	22
5721	12
5722	13
5723	26
5724	12
5725	18
5726	25
5727	19
5728	20
5729	24
5730	19
5731	23
5732	24
5733	16
5734	18
5735	16
5736	10
5737	20
5738	16
5739	23
5740	22
5741	21
5742	28
5743	16
5744	17
5745	15
5746	24
5747	15
5748	23
5749	17
5750	16
5751	23
5752	14
5753	20
5754	23
5755	20
5756	14
5757	21
5758	12
5759	16
5760	15
5761	20
5762	14
5763	25
5764	21
5765	20
5766	19
5767	18
5768	18
5769	14
5770	18
5771	21
5772	17
5773	28
5774	16
5775	24
5776	14
5777	22
5778	19
5779	22
5780	6
5781	18
5782	16
5783	24
5784	16
5785	18
5786	14
5787	11
5788	18
5789	15
5790	12
5791	14
5792	19
5793	15
5794	20
5795	15
5796	15
5797	18
5798	16
5799	15
5800	21
5801	15
5802	20
5803	23
5804	19
5805	20
5806	17
5807	22
5808	17
5809	12
5810	14
5811	11
5812	13
5813	9
5814	21
5815	10
5816	22
5817	23
5818	15
5819	29
5820	18
5821	18
5822	18
5823	11
5824	17
5825	17
5826	17
5827	13
5828	20
5829	20
5830	16
5831	13
5832	20
5833	16
5834	24
5835	13
5836	13
5837	19
5838	21
5839	22
5840	12
5841	19
5842	13
5843	13
5844	24
5845	18
5846	18
5847	21
5848	20
5849	21
5850	17
5851	12
5852	16
5853	12
5854	15
5855	19
5856	14
5857	18
5858	14
5859	12
5860	15
5861	20
5862	16
5863	17
5864	15
5865	20
5866	20
5867	23
5868	24
5869	23
5870	12
5871	16
5872	17
5873	17
5874	20
5875	19
5876	19
5877	14
5878	15
5879	15
5880	21
5881	13
5882	19
5883	16
5884	13
5885	22
5886	15
5887	16
5888	17
5889	18
5890	14
5891	18
5892	14
5893	17
5894	8
5895	19
5896	14
5897	17
5898	10
5899	14
5900	25
5901	19
5902	19
5903	15
5904	21
5905	14
5906	13
5907	12
5908	12
5909	15
5910	27
5911	21
5912	19
5913	16
5914	18
5915	17
5916	21
5917	13
5918	9
5919	13
5920	20
5921	15
5922	13
5923	16
5924	18
5925	22
5926	19
5927	23
5928	10
5929	12
5930	15
5931	13
5932	19
5933	28
5934	11
5935	24
5936	20
5937	19
5938	13
5939	15
5940	10
5941	16
5942	13
5943	17
5944	19
5945	11
5946	15
5947	24
5948	20
5949	15
5950	14
5951	12
5952	17
5953	10
5954	19
5955	13
5956	16
5957	19
5958	18
5959	20
5960	21
5961	18
5962	19
5963	8
5964	13
5965	21
5966	14
5967	16
5968	13
5969	23
5970	21
5971	18
5972	22
5973	22
5974	24
5975	11
5976	24
5977	14
5978	20
5979	15
5980	25
5981	18
5982	18
5983	22
5984	13
5985	18
5986	20
5987	13
5988	18
5989	16
5990	10
5991	17
5992	12
5993	18
5994	14
5995	20
5996	26
5997	15
5998	19
5999	16
6000	16
6001	11
6002	19
6003	21
6004	23
6005	24
6006	14
6007	17
6008	21
6009	15
6010	15
6011	22
6012	17
6013	15
6014	13
6015	17
6016	19
6017	11
6018	14
6019	19
6020	16
6021	19
6022	18
6023	15
6024	14
6025	9
6026	11
6027	17
6028	13
6029	12
6030	12
6031	13
6032	15
6033	20
6034	18
6035	13
6036	13
6037	17
6038	15
6039	19
6040	16
6041	14
6042	15
6043	14
6044	15
6045	10
6046	21
6047	18
6048	14
6049	17
6050	18
6051	10
6052	16
6053	14
6054	23
6055	14
6056	16
6057	20
6058	11
6059	12
6060	18
6061	27
6062	17
6063	18
6064	18
6065	19
6066	17
6067	14
6068	16
6069	10
6070	15
6071	16
6072	19
6073	17
6074	18
6075	11
6076	11
6077	18
6078	13
6079	20
6080	22
6081	17
6082	15
6083	15
6084	16
6085	16
6086	18
6087	16
6088	15
6089	12
6090	17
6091	10
6092	11
6093	20
6094	9
6095	12
6096	13
6097	15
6098	17
6099	13
6100	21
6101	16
6102	13
6103	14
6104	16
6105	14
6106	22
6107	16
6108	22
6109	15
6110	16
6111	21
6112	21
6113	18
6114	13
6115	20
6116	16
6117	11
6118	22
6119	13
6120	15
6121	18
6122	21
6123	18
6124	15
6125	15
6126	9
6127	16
6128	14
6129	18
6130	18
6131	18
6132	15
6133	21
6134	20
6135	15
6136	16
6137	11
6138	21
6139	15
6140	16
6141	20
6142	16
6143	20
6144	16
6145	18
6146	13
6147	17
6148	14
6149	14
6150	16
6151	17
6152	17
6153	26
6154	18
6155	19
6156	20
6157	16
6158	11
6159	15
6160	16
6161	12
6162	22
6163	11
6164	15
6165	30
6166	13
6167	23
6168	15
6169	18
6170	18
6171	18
6172	13
6173	14
6174	26
6175	13
6176	12
6177	23
6178	15
6179	17
6180	15
6181	18
6182	18
6183	16
6184	18
6185	14
6186	20
6187	11
6188	19
6189	13
6190	21
6191	24
6192	6
6193	13
6194	27
6195	16
6196	24
6197	18
6198	14
6199	19
6200	23
6201	16
6202	13
6203	16
6204	18
6205	17
6206	14
6207	17
6208	18
6209	27
6210	16
6211	17
6212	11
6213	14
6214	10
6215	17
6216	21
6217	15
6218	12
6219	16
6220	16
6221	16
6222	23
6223	13
6224	18
6225	15
6226	11
6227	20
6228	15
6229	12
6230	18
6231	15
6232	18
6233	15
6234	14
6235	13
6236	13
6237	21
6238	17
6239	9
6240	20
6241	18
6242	21
6243	25
6244	15
6245	16
6246	12
6247	16
6248	14
6249	12
6250	26
6251	18
6252	19
6253	14
6254	18
6255	13
6256	18
6257	9
6258	16
6259	17
6260	10
6261	12
6262	10
6263	19
6264	22
6265	17
6266	14
6267	15
6268	15
6269	21
6270	16
6271	18
6272	15
6273	14
6274	13
6275	17
6276	19
6277	6
6278	13
6279	19
6280	17
6281	13
6282	16
6283	14
6284	8
6285	13
6286	17
6287	12
6288	13
6289	18
6290	16
6291	22
6292	14
6293	8
6294	15
6295	14
6296	16
6297	16
6298	15
6299	11
6300	13
6301	16
6302	15
6303	12
6304	19
6305	12
6306	10
6307	9
6308	20
6309	15
6310	21
6311	25
6312	13
6313	14
6314	15
6315	14
6316	21
6317	14
6318	6
6319	18
6320	22
6321	12
6322	17
6323	19
6324	22
6325	14
6326	19
6327	19
6328	24
6329	12
6330	18
6331	19
6332	13
6333	15
6334	19
6335	23
6336	17
6337	20
6338	16
6339	16
6340	18
6341	18
6342	19
6343	18
6344	23
6345	13
6346	18
6347	17
6348	13
6349	10
6350	15
6351	21
6352	14
6353	14
6354	10
6355	19
6356	14
6357	24
6358	20
6359	16
6360	15
6361	12
6362	22
6363	23
6364	16
6365	17
6366	22
6367	16
6368	15
6369	17
6370	19
6371	17
6372	17
6373	16
6374	10
6375	24
6376	17
6377	20
6378	13
6379	21
6380	20
6381	17
6382	22
6383	18
6384	23
6385	15
6386	11
6387	15
6388	16
6389	12
6390	19
6391	23
6392	19
6393	14
6394	17
6395	16
6396	17
6397	23
6398	21
6399	15
6400	19
6401	19
6402	23
6403	24
6404	16
6405	11
6406	18
6407	16
6408	19
6409	20
6410	16
6411	17
6412	20
6413	10
6414	19
6415	8
6416	17
6417	21
6418	20
6419	20
6420	12
6421	14
6422	17
6423	17
6424	15
6425	13
6426	14
6427	13
6428	16
6429	19
6430	17
6431	24
6432	18
6433	22
6434	20
6435	18
6436	10
6437	20
6438	17
6439	14
6440	15
6441	23
6442	17
6443	13
6444	21
6445	16
6446	11
6447	16
6448	28
6449	8
6450	14
6451	23
6452	8
6453	11
6454	20
6455	24
6456	18
6457	26
6458	18
6459	13
6460	11
6461	24
6462	24
6463	13
6464	19
6465	20
6466	16
6467	17
6468	18
6469	19
6470	23
6471	18
6472	19
6473	21
6474	13
6475	17
6476	23
6477	21
6478	16
6479	14
6480	17
6481	19
6482	17
6483	17
6484	11
6485	19
6486	17
6487	14
6488	15
6489	14
6490	18
6491	15
6492	17
6493	33
6494	15
6495	16
6496	26
6497	12
6498	14
6499	15
6500	14
6501	13
6502	17
6503	15
6504	15
6505	20
6506	22
6507	18
6508	22
6509	12
6510	20
6511	21
6512	26
6513	16
6514	17
6515	18
6516	16
6517	10
6518	21
6519	15
6520	19
6521	15
6522	19
6523	18
6524	15
6525	20
6526	12
6527	21
6528	22
6529	22
6530	13
6531	17
6532	18
6533	18
6534	12
6535	14
6536	15
6537	19
6538	15
6539	30
6540	15
6541	18
6542	24
6543	19
6544	23
6545	16
6546	19
6547	21
6548	32
6549	19
6550	16
6551	20
6552	11
6553	20
6554	16
6555	19
6556	15
6557	19
6558	21
6559	30
6560	22
6561	11
6562	21
6563	18
6564	24
6565	16
6566	19
6567	17
6568	22
6569	16
6570	15
6571	16
6572	17
6573	22
6574	22
6575	18
6576	11
6577	21
6578	19
6579	12
6580	21
6581	23
6582	14
6583	24
6584	22
6585	30
6586	17
6587	15
6588	21
6589	18
6590	14
6591	15
6592	28
6593	20
6594	15
6595	25
6596	27
6597	15
6598	18
6599	17
6600	23
6601	18
6602	24
6603	28
6604	28
6605	20
6606	11
6607	27
6608	28
6609	16
6610	20
6611	23
6612	25
6613	20
6614	15
6615	17
6616	27
6617	23
6618	37
6619	17
6620	17
6621	23
6622	19
6623	24
6624	20
6625	21
6626	20
6627	23
6628	23
6629	15
6630	23
6631	19
6632	19
6633	15
6634	18
6635	22
6636	18
6637	23
6638	22
6639	34
6640	16
6641	28
6642	26
6643	26
6644	21
6645	24
6646	17
6647	17
6648	24
6649	19
6650	20
6651	21
6652	21
6653	17
6654	19
6655	25
6656	18
6657	17
6658	24
6659	25
6660	22
6661	17
6662	19
6663	24
6664	25
6665	25
6666	20
6667	17
6668	20
6669	21
6670	24
6671	16
6672	30
6673	17
6674	13
6675	18
6676	15
6677	22
6678	25
6679	21
6680	24
6681	19
6682	20
6683	24
6684	22
6685	17
6686	19
6687	19
6688	19
6689	22
6690	30
6691	28
6692	21
6693	14
6694	23
6695	22
6696	29
6697	23
6698	26
6699	27
6700	24
6701	27
6702	17
6703	24
6704	14
6705	21
6706	18
6707	30
6708	16
6709	16
6710	20
6711	13
6712	23
6713	30
6714	22
6715	19
6716	24
6717	24
6718	21
6719	21
6720	23
6721	19
6722	32
6723	20
6724	25
6725	21
6726	20
6727	26
6728	22
6729	14
6730	16
6731	24
6732	30
6733	12
6734	23
6735	20
6736	18
6737	24
6738	18
6739	21
6740	22
6741	22
6742	24
6743	25
6744	19
6745	22
6746	19
6747	24
6748	22
6749	24
6750	23
6751	27
6752	27
6753	29
6754	33
6755	22
6756	17
6757	20
6758	22
6759	22
6760	23
6761	33
6762	19
6763	22
6764	13
6765	19
6766	26
6767	25
6768	25
6769	25
6770	21
6771	16
6772	21
6773	31
6774	20
6775	25
6776	33
6777	19
6778	24
6779	24
6780	28
6781	17
6782	25
6783	16
6784	18
6785	16
6786	21
6787	18
6788	23
6789	20
6790	13
6791	24
6792	12
6793	26
6794	24
6795	12
6796	33
6797	23
6798	29
6799	19
6800	21
6801	16
6802	24
6803	19
6804	18
6805	20
6806	26
6807	21
6808	21
6809	24
6810	34
6811	22
6812	16
6813	31
6814	22
6815	11
6816	22
6817	19
6818	31
6819	20
6820	22
6821	28
6822	22
6823	28
6824	24
6825	19
6826	25
6827	20
6828	32
6829	24
6830	19
6831	24
6832	21
6833	25
6834	32
6835	17
6836	21
6837	24
6838	21
6839	26
6840	27
6841	19
6842	32
6843	25
6844	21
6845	19
6846	13
6847	20
6848	26
6849	23
6850	20
6851	19
6852	24
6853	24
6854	21
6855	32
6856	18
6857	26
6858	20
6859	23
6860	18
6861	29
6862	22
6863	19
6864	20
6865	24
6866	15
6867	13
6868	22
6869	17
6870	19
6871	19
6872	27
6873	17
6874	17
6875	23
6876	19
6877	23
6878	14
6879	24
6880	27
6881	22
6882	21
6883	26
6884	20
6885	22
6886	23
6887	21
6888	24
6889	22
6890	14
6891	23
6892	14
6893	14
6894	21
6895	19
6896	29
6897	27
6898	23
6899	18
6900	9
6901	26
6902	17
6903	31
6904	26
6905	13
6906	28
6907	21
6908	22
6909	17
6910	21
6911	25
6912	16
6913	16
6914	24
6915	20
6916	21
6917	15
6918	26
6919	21
6920	15
6921	24
6922	14
6923	18
6924	19
6925	19
6926	31
6927	13
6928	16
6929	24
6930	26
6931	18
6932	22
6933	23
6934	22
6935	15
6936	9
6937	20
6938	20
6939	14
6940	22
6941	24
6942	19
6943	22
6944	16
6945	19
6946	15
6947	18
6948	22
6949	18
6950	16
6951	17
6952	18
6953	15
6954	12
6955	20
6956	14
6957	16
6958	18
6959	17
6960	13
6961	15
6962	15
6963	22
6964	20
6965	13
6966	12
6967	19
6968	12
6969	18
6970	19
6971	22
6972	12
6973	18
6974	18
6975	25
6976	14
6977	17
6978	15
6979	11
6980	14
6981	14
6982	14
6983	15
6984	11
6985	10
6986	22
6987	17
6988	19
6989	16
6990	10
6991	13
6992	20
6993	17
6994	16
6995	20
6996	16
6997	11
6998	14
6999	19
7000	20
7001	16
7002	18
7003	10
7004	15
7005	18
7006	16
7007	11
7008	18
7009	16
7010	16
7011	12
7012	19
7013	21
7014	15
7015	19
7016	24
7017	16
7018	21
7019	19
7020	16
7021	19
7022	24
7023	17
7024	12
7025	19
7026	15
7027	13
7028	24
7029	14
7030	14
7031	12
7032	20
7033	8
7034	14
7035	17
7036	14
7037	19
7038	10
7039	12
7040	18
7041	12
7042	10
7043	13
7044	17
7045	9
7046	15
7047	11
7048	22
7049	11
7050	13
7051	16
7052	15
7053	10
7054	8
7055	11
7056	10
7057	15
7058	9
7059	17
7060	13
7061	15
7062	17
7063	13
7064	18
7065	15
7066	17
7067	16
7068	13
7069	9
7070	8
7071	18
7072	16
7073	10
7074	9
7075	11
7076	8
7077	19
7078	18
7079	14
7080	13
7081	12
7082	9
7083	21
7084	22
7085	9
7086	22
7087	13
7088	12
7089	15
7090	13
7091	16
7092	14
7093	13
7094	13
7095	14
7096	16
7097	9
7098	10
7099	14
7100	11
7101	7
7102	11
7103	9
7104	15
7105	14
7106	14
7107	11
7108	9
7109	14
7110	10
7111	11
7112	13
7113	10
7114	10
7115	11
7116	6
7117	11
7118	8
7119	7
7120	9
7121	15
7122	15
7123	13
7124	10
7125	12
7126	9
7127	13
7128	11
7129	10
7130	14
7131	9
7132	17
7133	14
7134	17
7135	11
7136	10
7137	12
7138	13
7139	9
7140	7
7141	8
7142	12
7143	13
7144	12
7145	15
7146	9
7147	7
7148	8
7149	9
7150	7
7151	10
7152	8
7153	18
7154	8
7155	7
7156	11
7157	1
7158	7
7159	14
7160	10
7161	9
7162	10
7163	10
7164	14
7165	8
7166	13
7167	11
7168	6
7169	6
7170	8
7171	10
7172	4
7173	9
7174	2
7175	6
7176	6
7177	10
7178	13
7179	9
7180	6
7181	10
7182	8
7183	23
7184	9
7185	12
7186	7
7187	13
7188	12
7189	5
7190	10
7191	12
7192	4
7193	8
7194	12
7195	5
7196	8
7197	7
7198	12
7199	8
7200	10
7201	6
7202	7
7203	10
7204	9
7205	7
7206	5
7207	7
7208	7
7209	6
7210	13
7211	10
7212	7
7213	12
7214	3
7215	4
7216	6
7217	7
7218	7
7219	10
7220	15
7221	10
7222	5
7223	10
7224	12
7225	9
7226	4
7227	10
7228	11
7229	10
7230	7
7231	6
7232	9
7233	8
7234	11
7235	6
7236	10
7237	6
7238	9
7239	3
7240	3
7241	9
7242	7
7243	9
7244	14
7245	8
7246	8
7247	10
7248	7
7249	8
7250	9
7251	7
7252	8
7253	4
7254	5
7255	9
7256	6
7257	9
7258	9
7259	6
7260	10
7261	11
7262	12
7263	7
7264	12
7265	7
7266	9
7267	5
7268	7
7269	8
7270	7
7271	8
7272	6
7273	9
7274	12
7275	3
7276	9
7277	6
7278	11
7279	6
7280	4
7281	4
7282	7
7283	5
7284	6
7285	6
7286	4
7287	9
7288	5
7289	14
7290	5
7291	5
7292	6
7293	7
7294	9
7295	4
7296	6
7297	9
7298	9
7299	5
7300	9
7301	9
7302	10
7303	5
7304	6
7305	5
7306	3
7307	5
7308	10
7309	11
7310	9
7311	5
7312	6
7313	10
7314	11
7315	5
7316	4
7317	9
7318	2
7319	6
7320	10
7321	6
7322	11
7323	10
7324	4
7325	7
7326	5
7327	13
7328	6
7329	11
7330	7
7331	5
7332	5
7333	8
7334	7
7335	4
7336	4
7337	7
7338	4
7339	4
7340	5
7341	11
7342	11
7343	7
7344	7
7345	3
7346	4
7347	9
7348	6
7349	8
7350	9
7351	7
7352	9
7353	8
7354	6
7355	9
7356	6
7357	11
7358	4
7359	3
7360	6
7361	8
7362	5
7363	7
7364	3
7365	7
7366	1
7367	6
7368	13
7369	6
7370	6
7371	5
7372	3
7373	5
7374	10
7375	10
7376	8
7377	7
7378	6
7379	9
7380	9
7381	3
7382	5
7383	9
7384	5
7385	5
7386	7
7387	2
7388	5
7389	4
7390	6
7391	8
7392	8
7393	7
7394	3
7395	3
7396	7
7397	6
7398	7
7399	8
7400	10
7401	9
7402	7
7403	2
7404	4
7405	6
7406	4
7407	10
7408	6
7409	8
7410	10
7411	4
7412	8
7413	4
7414	4
7415	12
7416	5
7417	5
7418	5
7419	6
7420	8
7421	4
7422	5
7423	2
7424	8
7425	5
7426	10
7427	4
7428	8
7429	5
7430	8
7431	4
7432	8
7433	8
7434	9
7435	7
7436	6
7437	5
7438	6
7439	4
7440	6
7441	6
7442	9
7443	6
7444	4
7445	7
7446	8
7447	11
7448	7
7449	7
7450	9
7451	6
7452	2
7453	7
7454	5
7455	4
7456	5
7457	4
7458	6
7459	11
7460	2
7461	4
7462	8
7463	7
7464	8
7465	8
7466	6
7467	12
7468	6
7469	10
7470	9
7471	8
7472	3
7473	7
7474	4
7475	4
7476	7
7477	9
7478	0
7479	6
7480	8
7481	7
7482	5
7483	12
7484	5
7485	6
7486	5
7487	3
7488	5
7489	4
7490	5
7491	10
7492	2
7493	7
7494	3
7495	9
7496	10
7497	4
7498	4
7499	5
7500	7
7501	4
7502	11
7503	6
7504	5
7505	7
7506	4
7507	9
7508	6
7509	3
7510	8
7511	8
7512	6
7513	6
7514	9
7515	8
7516	12
7517	4
7518	5
7519	3
7520	8
7521	7
7522	6
7523	5
7524	6
7525	4
7526	5
7527	9
7528	6
7529	6
7530	4
7531	4
7532	5
7533	3
7534	9
7535	4
7536	8
7537	7
7538	4
7539	4
7540	11
7541	11
7542	4
7543	3
7544	8
7545	8
7546	5
7547	12
7548	5
7549	5
7550	5
7551	4
7552	8
7553	4
7554	9
7555	9
7556	2
7557	4
7558	3
7559	7
7560	7
7561	3
7562	7
7563	5
7564	10
7565	5
7566	7
7567	7
7568	1
7569	14
7570	3
7571	10
7572	7
7573	4
7574	7
7575	8
7576	4
7577	5
7578	4
7579	5
7580	8
7581	9
7582	7
7583	5
7584	5
7585	3
7586	5
7587	7
7588	5
7589	4
7590	7
7591	8
7592	8
7593	12
7594	7
7595	10
7596	5
7597	7
7598	5
7599	9
7600	9
7601	5
7602	5
7603	7
7604	8
7605	5
7606	4
7607	7
7608	8
7609	9
7610	6
7611	10
7612	9
7613	2
7614	6
7615	4
7616	9
7617	5
7618	7
7619	6
7620	10
7621	1
7622	8
7623	7
7624	6
7625	7
7626	10
7627	7
7628	11
7629	7
7630	5
7631	7
7632	11
7633	15
7634	8
7635	10
7636	3
7637	3
7638	5
7639	8
7640	7
7641	6
7642	8
7643	3
7644	8
7645	6
7646	11
7647	8
7648	9
7649	7
7650	8
7651	9
7652	8
7653	4
7654	5
7655	8
7656	7
7657	6
7658	6
7659	4
7660	10
7661	7
7662	7
7663	11
7664	8
7665	9
7666	7
7667	7
7668	6
7669	11
7670	11
7671	10
7672	5
7673	12
7674	12
7675	5
7676	4
7677	7
7678	4
7679	8
7680	9
7681	14
7682	10
7683	8
7684	6
7685	8
7686	7
7687	9
7688	11
7689	8
7690	2
7691	7
7692	8
7693	7
7694	5
7695	5
7696	3
7697	7
7698	5
7699	7
7700	11
7701	11
7702	8
7703	10
7704	8
7705	8
7706	7
7707	7
7708	6
7709	5
7710	4
7711	6
7712	5
7713	4
7714	9
7715	3
7716	4
7717	4
7718	5
7719	7
7720	10
7721	4
7722	5
7723	5
7724	7
7725	5
7726	7
7727	13
7728	8
7729	2
7730	6
7731	16
7732	11
7733	12
7734	7
7735	2
7736	7
7737	8
7738	7
7739	9
7740	12
7741	11
7742	12
7743	12
7744	9
7745	11
7746	9
7747	7
7748	7
7749	10
7750	3
7751	5
7752	6
7753	6
7754	6
7755	9
7756	6
7757	12
7758	12
7759	8
7760	7
7761	7
7762	13
7763	4
7764	10
7765	11
7766	6
7767	9
7768	8
7769	13
7770	7
7771	8
7772	12
7773	5
7774	14
7775	9
7776	10
7777	8
7778	5
7779	8
7780	6
7781	6
7782	9
7783	9
7784	6
7785	9
7786	7
7787	9
7788	8
7789	6
7790	11
7791	7
7792	10
7793	14
7794	11
7795	13
7796	3
7797	11
7798	10
7799	12
7800	8
7801	8
7802	10
7803	12
7804	6
7805	4
7806	16
7807	6
7808	14
7809	9
7810	12
7811	6
7812	6
7813	16
7814	12
7815	12
7816	19
7817	6
7818	8
7819	10
7820	8
7821	12
7822	11
7823	9
7824	6
7825	12
7826	11
7827	8
7828	8
7829	8
7830	5
7831	9
7832	7
7833	12
7834	11
7835	10
7836	5
7837	10
7838	15
7839	10
7840	12
7841	8
7842	12
7843	14
7844	12
7845	5
7846	11
7847	14
7848	9
7849	6
7850	14
7851	7
7852	7
7853	4
7854	7
7855	7
7856	16
7857	13
7858	13
7859	9
7860	5
7861	10
7862	7
7863	13
7864	9
7865	10
7866	10
7867	13
7868	14
7869	4
7870	8
7871	16
7872	15
7873	5
7874	10
7875	10
7876	14
7877	5
7878	11
7879	7
7880	22
7881	6
7882	15
7883	3
7884	15
7885	11
7886	13
7887	13
7888	10
7889	11
7890	17
7891	4
7892	10
7893	13
7894	7
7895	20
7896	8
7897	14
7898	11
7899	16
7900	16
7901	8
7902	9
7903	11
7904	16
7905	11
7906	13
7907	10
7908	15
7909	11
7910	17
7911	11
7912	12
7913	10
7914	18
7915	16
7916	8
7917	7
7918	8
7919	12
7920	11
7921	15
7922	16
7923	9
7924	7
7925	18
7926	8
7927	18
7928	10
7929	17
7930	18
7931	9
7932	10
7933	14
7934	9
7935	12
7936	7
7937	13
7938	10
7939	5
7940	9
7941	9
7942	12
7943	13
7944	17
7945	12
7946	16
7947	13
7948	21
7949	10
7950	8
7951	14
7952	8
7953	17
7954	10
7955	11
7956	11
7957	11
7958	9
7959	9
7960	9
7961	12
7962	11
7963	13
7964	14
7965	12
7966	11
7967	9
7968	9
7969	13
7970	6
7971	16
7972	11
7973	16
7974	14
7975	11
7976	14
7977	20
7978	10
7979	10
7980	18
7981	7
7982	10
7983	12
7984	10
7985	17
7986	16
7987	11
7988	12
7989	16
7990	12
7991	11
7992	9
7993	9
7994	18
7995	14
7996	9
7997	10
7998	11
7999	8
8000	18
8001	15
8002	8
8003	12
8004	8
8005	10
8006	15
8007	13
8008	10
8009	14
8010	6
8011	17
8012	15
8013	4
8014	13
8015	8
8016	11
8017	14
8018	12
8019	12
8020	10
8021	10
8022	7
8023	10
8024	7
8025	18
8026	23
8027	12
8028	13
8029	17
8030	11
8031	9
8032	6
8033	12
8034	16
8035	12
8036	10
8037	14
8038	9
8039	11
8040	18
8041	11
8042	8
8043	13
8044	9
8045	12
8046	5
8047	14
8048	15
8049	10
8050	13
8051	11
8052	13
8053	15
8054	12
8055	11
8056	14
8057	10
8058	17
8059	14
8060	12
8061	18
8062	9
8063	13
8064	22
8065	11
8066	11
8067	21
8068	8
8069	15
8070	11
8071	11
8072	12
8073	7
8074	11
8075	9
8076	8
8077	11
8078	14
8079	12
8080	11
8081	16
8082	10
8083	13
8084	16
8085	11
8086	9
8087	9
8088	13
8089	12
8090	12
8091	13
8092	13
8093	9
8094	13
8095	9
8096	9
8097	17
8098	7
8099	4
8100	2
8101	0
8102	1
8103	0
8104	0
8105	0
8106	0
8107	0
8108	0
8109	0
8110	0
8111	0
8112	0
8113	0
8114	0
8115	0
8116	0
8117	0
8118	0
8119	0
8120	0
8121	0
8122	0
8123	0
8124	0
8125	0
8126	0
8127	0
8128	0
8129	0
8130	0
8131	0
8132	0
8133	0
8134	0
8135	0
8136	0
8137	0
8138	0
8139	0
8140	0
8141	0
8142	0
8143	0
8144	0
8145	0
8146	0
8147	0
8148	0
8149	0
8150	0
8151	0
8152	0
8153	0
8154	0
8155	0
8156	0
8157	0
8158	0
8159	0
8160	0
8161	0
8162	0
8163	0
8164	0
8165	0
8166	0
8167	0
8168	0
8169	0
8170	0
8171	0
8172	0
8173	0
8174	0
8175	0
8176	0
8177	0
8178	0
8179	0
8180	0
8181	0
8182	0
8183	0
8184	0
8185	0
8186	0
8187	0
8188	0
8189	0
8190	0
8191	0
