0	0
1	0
2	0
3	0
4	0
5	0
6	0
7	0
8	0
9	0
10	0
11	0
12	0
13	0
14	0
15	0
16	0
17	0
18	0
19	0
20	0
21	0
22	0
23	0
24	0
25	0
26	0
27	0
28	0
29	0
30	0
31	0
32	0
33	0
34	0
35	0
36	0
37	0
38	0
39	0
40	0
41	0
42	0
43	0
44	0
45	0
46	0
47	0
48	0
49	0
50	0
51	0
52	0
53	0
54	0
55	0
56	0
57	0
58	0
59	0
60	0
61	0
62	0
63	0
64	0
65	0
66	0
67	0
68	0
69	0
70	0
71	0
72	0
73	0
74	0
75	0
76	0
77	0
78	0
79	0
80	0
81	0
82	0
83	0
84	0
85	0
86	0
87	0
88	0
89	0
90	0
91	0
92	0
93	0
94	0
95	0
96	0
97	0
98	0
99	0
100	0
101	0
102	0
103	0
104	0
105	0
106	0
107	0
108	0
109	0
110	0
111	0
112	0
113	0
114	0
115	0
116	0
117	0
118	0
119	0
120	0
121	0
122	0
123	0
124	0
125	0
126	0
127	0
128	0
129	0
130	0
131	0
132	0
133	0
134	0
135	0
136	0
137	0
138	0
139	0
140	0
141	0
142	0
143	0
144	0
145	0
146	0
147	0
148	0
149	0
150	0
151	0
152	0
153	0
154	0
155	0
156	0
157	0
158	0
159	0
160	0
161	0
162	0
163	0
164	0
165	0
166	0
167	0
168	0
169	0
170	0
171	0
172	0
173	0
174	0
175	0
176	0
177	0
178	0
179	0
180	1
181	8
182	16
183	28
184	27
185	24
186	33
187	22
188	30
189	21
190	21
191	26
192	22
193	16
194	17
195	23
196	19
197	23
198	24
199	17
200	23
201	25
202	18
203	22
204	24
205	18
206	16
207	15
208	16
209	18
210	22
211	17
212	12
213	18
214	19
215	15
216	19
217	23
218	12
219	14
220	11
221	24
222	12
223	16
224	14
225	17
226	16
227	20
228	11
229	22
230	17
231	12
232	18
233	10
234	15
235	14
236	20
237	12
238	17
239	15
240	18
241	20
242	19
243	16
244	25
245	16
246	18
247	23
248	13
249	22
250	24
251	23
252	19
253	13
254	12
255	18
256	18
257	18
258	14
259	21
260	21
261	19
262	12
263	11
264	11
265	17
266	19
267	15
268	18
269	9
270	16
271	15
272	14
273	20
274	17
275	22
276	18
277	15
278	12
279	13
280	15
281	23
282	17
283	14
284	25
285	27
286	14
287	23
288	19
289	17
290	20
291	20
292	20
293	21
294	23
295	19
296	13
297	22
298	23
299	12
300	13
301	20
302	23
303	20
304	15
305	16
306	31
307	27
308	21
309	19
310	17
311	22
312	22
313	19
314	17
315	17
316	21
317	22
318	15
319	21
320	10
321	23
322	14
323	14
324	19
325	17
326	18
327	14
328	14
329	17
330	12
331	21
332	21
333	17
334	19
335	19
336	19
337	26
338	21
339	16
340	18
341	12
342	18
343	19
344	12
345	24
346	15
347	19
348	22
349	26
350	15
351	14
352	18
353	19
354	15
355	15
356	12
357	17
358	18
359	20
360	21
361	16
362	14
363	17
364	21
365	22
366	19
367	19
368	15
369	17
370	21
371	17
372	22
373	17
374	23
375	23
376	21
377	17
378	23
379	17
380	21
381	13
382	20
383	26
384	13
385	21
386	18
387	22
388	24
389	15
390	16
391	21
392	17
393	15
394	21
395	20
396	26
397	14
398	10
399	16
400	21
401	16
402	21
403	12
404	23
405	19
406	31
407	21
408	14
409	18
410	18
411	22
412	19
413	26
414	15
415	20
416	18
417	18
418	15
419	25
420	12
421	24
422	19
423	21
424	25
425	16
426	19
427	16
428	17
429	25
430	18
431	22
432	23
433	17
434	28
435	19
436	14
437	14
438	12
439	14
440	13
441	19
442	18
443	18
444	23
445	17
446	20
447	24
448	19
449	28
450	15
451	19
452	26
453	24
454	18
455	26
456	25
457	19
458	19
459	35
460	10
461	28
462	20
463	18
464	16
465	25
466	21
467	25
468	23
469	19
470	35
471	12
472	36
473	16
474	15
475	19
476	21
477	39
478	23
479	28
480	19
481	23
482	24
483	31
484	23
485	24
486	22
487	16
488	21
489	22
490	21
491	28
492	14
493	20
494	17
495	19
496	17
497	25
498	25
499	23
500	19
501	24
502	17
503	19
504	22
505	25
506	23
507	30
508	17
509	22
510	24
511	23
512	22
513	18
514	17
515	19
516	25
517	20
518	18
519	15
520	16
521	18
522	17
523	23
524	28
525	20
526	28
527	22
528	15
529	24
530	23
531	24
532	17
533	31
534	15
535	14
536	17
537	26
538	21
539	31
540	14
541	20
542	17
543	20
544	27
545	21
546	18
547	25
548	18
549	25
550	25
551	25
552	20
553	19
554	15
555	18
556	20
557	19
558	24
559	16
560	16
561	18
562	24
563	21
564	19
565	17
566	29
567	20
568	21
569	19
570	16
571	24
572	18
573	15
574	10
575	12
576	24
577	20
578	31
579	26
580	22
581	28
582	26
583	14
584	19
585	20
586	30
587	21
588	21
589	26
590	23
591	17
592	12
593	20
594	21
595	19
596	20
597	22
598	20
599	23
600	17
601	16
602	15
603	17
604	17
605	17
606	20
607	26
608	14
609	21
610	22
611	16
612	27
613	20
614	19
615	21
616	16
617	20
618	23
619	13
620	20
621	23
622	21
623	20
624	11
625	29
626	21
627	26
628	18
629	23
630	15
631	23
632	25
633	17
634	17
635	20
636	20
637	19
638	24
639	28
640	16
641	23
642	21
643	15
644	18
645	13
646	17
647	20
648	26
649	20
650	19
651	24
652	24
653	22
654	18
655	31
656	21
657	17
658	21
659	24
660	13
661	14
662	25
663	21
664	19
665	21
666	19
667	22
668	27
669	16
670	12
671	16
672	19
673	25
674	26
675	22
676	17
677	21
678	26
679	19
680	12
681	20
682	21
683	19
684	21
685	22
686	21
687	18
688	17
689	19
690	28
691	19
692	15
693	20
694	27
695	23
696	15
697	25
698	25
699	20
700	25
701	16
702	24
703	20
704	18
705	16
706	25
707	21
708	24
709	23
710	30
711	27
712	24
713	22
714	25
715	25
716	18
717	11
718	23
719	19
720	26
721	26
722	32
723	18
724	16
725	27
726	31
727	26
728	17
729	33
730	23
731	23
732	36
733	20
734	30
735	24
736	30
737	25
738	31
739	25
740	25
741	15
742	21
743	19
744	27
745	22
746	26
747	29
748	21
749	20
750	28
751	26
752	22
753	29
754	29
755	24
756	20
757	27
758	25
759	17
760	27
761	18
762	21
763	21
764	27
765	15
766	37
767	30
768	31
769	25
770	22
771	19
772	30
773	24
774	18
775	22
776	27
777	29
778	35
779	22
780	23
781	34
782	27
783	22
784	32
785	22
786	30
787	40
788	27
789	19
790	40
791	36
792	27
793	48
794	17
795	33
796	24
797	29
798	36
799	43
800	28
801	37
802	38
803	36
804	31
805	29
806	32
807	24
808	36
809	33
810	33
811	32
812	46
813	32
814	38
815	29
816	34
817	43
818	33
819	40
820	35
821	28
822	40
823	42
824	41
825	50
826	40
827	46
828	40
829	33
830	36
831	45
832	52
833	63
834	48
835	42
836	48
837	52
838	42
839	47
840	54
841	63
842	47
843	47
844	53
845	50
846	48
847	37
848	58
849	39
850	47
851	60
852	46
853	64
854	46
855	57
856	51
857	52
858	43
859	48
860	48
861	52
862	49
863	54
864	49
865	54
866	44
867	55
868	40
869	51
870	42
871	46
872	52
873	39
874	46
875	36
876	49
877	52
878	50
879	52
880	49
881	39
882	62
883	41
884	43
885	36
886	47
887	48
888	54
889	51
890	44
891	46
892	31
893	49
894	41
895	50
896	47
897	57
898	52
899	36
900	42
901	44
902	46
903	36
904	41
905	46
906	49
907	41
908	41
909	26
910	33
911	38
912	40
913	34
914	30
915	45
916	34
917	32
918	31
919	47
920	48
921	34
922	27
923	26
924	26
925	32
926	32
927	41
928	47
929	38
930	43
931	31
932	30
933	37
934	40
935	38
936	40
937	40
938	35
939	29
940	33
941	32
942	31
943	46
944	38
945	38
946	30
947	42
948	36
949	31
950	33
951	32
952	38
953	34
954	37
955	36
956	32
957	35
958	19
959	41
960	29
961	32
962	30
963	41
964	31
965	38
966	38
967	41
968	32
969	37
970	36
971	38
972	35
973	31
974	47
975	40
976	32
977	39
978	33
979	31
980	46
981	39
982	42
983	33
984	30
985	44
986	29
987	40
988	32
989	34
990	22
991	29
992	20
993	28
994	24
995	27
996	33
997	47
998	31
999	46
1000	39
1001	29
1002	28
1003	35
1004	28
1005	30
1006	32
1007	31
1008	49
1009	33
1010	32
1011	29
1012	33
1013	38
1014	24
1015	41
1016	28
1017	36
1018	29
1019	40
1020	41
1021	31
1022	43
1023	23
1024	22
1025	35
1026	29
1027	30
1028	31
1029	29
1030	34
1031	29
1032	30
1033	28
1034	34
1035	32
1036	22
1037	29
1038	23
1039	28
1040	26
1041	20
1042	21
1043	20
1044	28
1045	21
1046	24
1047	23
1048	33
1049	24
1050	27
1051	36
1052	20
1053	24
1054	29
1055	17
1056	19
1057	36
1058	29
1059	24
1060	40
1061	34
1062	23
1063	25
1064	29
1065	24
1066	25
1067	28
1068	19
1069	23
1070	22
1071	30
1072	32
1073	19
1074	24
1075	21
1076	32
1077	29
1078	22
1079	24
1080	27
1081	19
1082	27
1083	24
1084	27
1085	22
1086	35
1087	30
1088	30
1089	19
1090	24
1091	47
1092	21
1093	21
1094	38
1095	28
1096	24
1097	19
1098	17
1099	26
1100	31
1101	33
1102	25
1103	24
1104	27
1105	30
1106	29
1107	31
1108	24
1109	22
1110	25
1111	24
1112	24
1113	25
1114	26
1115	25
1116	24
1117	28
1118	18
1119	27
1120	16
1121	26
1122	35
1123	31
1124	18
1125	18
1126	35
1127	27
1128	32
1129	37
1130	27
1131	28
1132	22
1133	29
1134	24
1135	23
1136	36
1137	16
1138	29
1139	25
1140	42
1141	29
1142	28
1143	19
1144	28
1145	25
1146	29
1147	30
1148	21
1149	31
1150	34
1151	29
1152	21
1153	26
1154	24
1155	24
1156	36
1157	40
1158	41
1159	32
1160	35
1161	21
1162	24
1163	41
1164	32
1165	32
1166	22
1167	25
1168	29
1169	32
1170	21
1171	30
1172	23
1173	31
1174	38
1175	31
1176	39
1177	37
1178	21
1179	25
1180	24
1181	24
1182	19
1183	33
1184	25
1185	26
1186	22
1187	23
1188	37
1189	33
1190	35
1191	35
1192	26
1193	29
1194	37
1195	26
1196	36
1197	25
1198	33
1199	29
1200	30
1201	33
1202	35
1203	46
1204	36
1205	23
1206	20
1207	32
1208	33
1209	33
1210	27
1211	29
1212	28
1213	36
1214	22
1215	33
1216	37
1217	26
1218	29
1219	21
1220	26
1221	20
1222	25
1223	28
1224	35
1225	37
1226	32
1227	36
1228	34
1229	28
1230	42
1231	33
1232	25
1233	32
1234	37
1235	35
1236	30
1237	28
1238	36
1239	30
1240	31
1241	25
1242	33
1243	25
1244	33
1245	34
1246	24
1247	27
1248	36
1249	29
1250	33
1251	39
1252	28
1253	30
1254	29
1255	30
1256	28
1257	37
1258	29
1259	37
1260	27
1261	25
1262	31
1263	34
1264	33
1265	37
1266	33
1267	32
1268	33
1269	35
1270	35
1271	34
1272	31
1273	38
1274	28
1275	38
1276	34
1277	35
1278	34
1279	37
1280	24
1281	29
1282	28
1283	33
1284	28
1285	34
1286	35
1287	36
1288	23
1289	31
1290	26
1291	37
1292	31
1293	24
1294	34
1295	27
1296	31
1297	29
1298	29
1299	43
1300	32
1301	33
1302	38
1303	38
1304	29
1305	28
1306	30
1307	26
1308	42
1309	31
1310	32
1311	32
1312	30
1313	35
1314	32
1315	40
1316	26
1317	30
1318	40
1319	30
1320	24
1321	24
1322	30
1323	32
1324	35
1325	32
1326	33
1327	41
1328	36
1329	35
1330	29
1331	49
1332	18
1333	33
1334	40
1335	32
1336	27
1337	31
1338	22
1339	34
1340	37
1341	39
1342	39
1343	34
1344	33
1345	34
1346	18
1347	32
1348	40
1349	31
1350	42
1351	44
1352	36
1353	38
1354	40
1355	42
1356	34
1357	28
1358	26
1359	36
1360	40
1361	32
1362	39
1363	36
1364	39
1365	33
1366	29
1367	30
1368	33
1369	35
1370	35
1371	32
1372	27
1373	45
1374	32
1375	20
1376	40
1377	40
1378	37
1379	28
1380	39
1381	36
1382	33
1383	31
1384	18
1385	40
1386	38
1387	43
1388	44
1389	40
1390	43
1391	38
1392	39
1393	36
1394	45
1395	42
1396	46
1397	43
1398	37
1399	32
1400	31
1401	44
1402	31
1403	32
1404	41
1405	37
1406	37
1407	30
1408	31
1409	46
1410	41
1411	26
1412	44
1413	44
1414	47
1415	36
1416	53
1417	34
1418	38
1419	39
1420	35
1421	25
1422	28
1423	37
1424	35
1425	41
1426	50
1427	34
1428	39
1429	21
1430	42
1431	45
1432	39
1433	33
1434	24
1435	27
1436	42
1437	26
1438	33
1439	32
1440	39
1441	28
1442	39
1443	27
1444	45
1445	44
1446	32
1447	36
1448	34
1449	35
1450	37
1451	45
1452	39
1453	31
1454	25
1455	35
1456	38
1457	43
1458	33
1459	37
1460	37
1461	33
1462	38
1463	32
1464	36
1465	41
1466	34
1467	41
1468	39
1469	40
1470	45
1471	36
1472	33
1473	44
1474	35
1475	43
1476	47
1477	29
1478	36
1479	36
1480	36
1481	35
1482	42
1483	45
1484	32
1485	39
1486	34
1487	48
1488	41
1489	40
1490	38
1491	40
1492	36
1493	42
1494	48
1495	42
1496	39
1497	28
1498	28
1499	38
1500	33
1501	44
1502	36
1503	36
1504	39
1505	60
1506	50
1507	32
1508	35
1509	49
1510	37
1511	43
1512	29
1513	33
1514	38
1515	45
1516	32
1517	44
1518	49
1519	38
1520	42
1521	33
1522	48
1523	33
1524	51
1525	31
1526	45
1527	36
1528	36
1529	39
1530	34
1531	36
1532	30
1533	38
1534	46
1535	37
1536	40
1537	28
1538	39
1539	43
1540	35
1541	36
1542	42
1543	38
1544	47
1545	42
1546	22
1547	41
1548	39
1549	38
1550	36
1551	37
1552	41
1553	43
1554	34
1555	42
1556	47
1557	38
1558	33
1559	49
1560	39
1561	32
1562	36
1563	50
1564	47
1565	31
1566	35
1567	34
1568	49
1569	48
1570	42
1571	42
1572	41
1573	35
1574	39
1575	35
1576	32
1577	35
1578	42
1579	31
1580	31
1581	38
1582	40
1583	49
1584	31
1585	39
1586	40
1587	56
1588	52
1589	41
1590	40
1591	40
1592	48
1593	35
1594	50
1595	49
1596	47
1597	35
1598	36
1599	46
1600	39
1601	34
1602	42
1603	42
1604	48
1605	38
1606	38
1607	33
1608	31
1609	34
1610	32
1611	31
1612	35
1613	53
1614	34
1615	36
1616	26
1617	38
1618	34
1619	46
1620	38
1621	50
1622	47
1623	35
1624	39
1625	52
1626	31
1627	36
1628	37
1629	54
1630	37
1631	48
1632	44
1633	49
1634	46
1635	43
1636	41
1637	35
1638	36
1639	46
1640	40
1641	43
1642	44
1643	30
1644	42
1645	33
1646	50
1647	43
1648	48
1649	38
1650	37
1651	48
1652	43
1653	37
1654	42
1655	45
1656	39
1657	41
1658	42
1659	39
1660	52
1661	55
1662	39
1663	38
1664	48
1665	40
1666	41
1667	36
1668	40
1669	46
1670	42
1671	37
1672	45
1673	35
1674	42
1675	33
1676	49
1677	40
1678	54
1679	50
1680	46
1681	34
1682	42
1683	41
1684	41
1685	48
1686	44
1687	43
1688	35
1689	28
1690	43
1691	37
1692	41
1693	38
1694	47
1695	36
1696	35
1697	43
1698	39
1699	42
1700	43
1701	49
1702	41
1703	37
1704	40
1705	36
1706	44
1707	33
1708	47
1709	41
1710	51
1711	42
1712	35
1713	45
1714	43
1715	33
1716	48
1717	42
1718	46
1719	49
1720	44
1721	45
1722	54
1723	40
1724	47
1725	58
1726	44
1727	37
1728	51
1729	48
1730	39
1731	35
1732	42
1733	50
1734	48
1735	34
1736	50
1737	31
1738	45
1739	54
1740	38
1741	53
1742	40
1743	52
1744	46
1745	50
1746	40
1747	41
1748	39
1749	28
1750	46
1751	56
1752	48
1753	49
1754	38
1755	36
1756	37
1757	49
1758	38
1759	42
1760	44
1761	41
1762	54
1763	58
1764	49
1765	53
1766	48
1767	43
1768	45
1769	40
1770	55
1771	49
1772	43
1773	49
1774	58
1775	46
1776	46
1777	47
1778	37
1779	52
1780	45
1781	48
1782	54
1783	42
1784	42
1785	52
1786	48
1787	56
1788	45
1789	49
1790	52
1791	41
1792	41
1793	46
1794	46
1795	53
1796	32
1797	47
1798	46
1799	38
1800	41
1801	38
1802	53
1803	47
1804	44
1805	54
1806	46
1807	45
1808	46
1809	40
1810	48
1811	42
1812	42
1813	45
1814	39
1815	43
1816	38
1817	52
1818	49
1819	51
1820	46
1821	38
1822	43
1823	50
1824	41
1825	46
1826	40
1827	47
1828	52
1829	53
1830	55
1831	37
1832	38
1833	47
1834	52
1835	43
1836	47
1837	44
1838	36
1839	59
1840	60
1841	62
1842	49
1843	46
1844	47
1845	45
1846	57
1847	38
1848	46
1849	39
1850	46
1851	46
1852	45
1853	63
1854	43
1855	45
1856	39
1857	39
1858	37
1859	29
1860	43
1861	65
1862	52
1863	57
1864	42
1865	46
1866	49
1867	58
1868	48
1869	38
1870	49
1871	46
1872	53
1873	46
1874	38
1875	47
1876	56
1877	52
1878	44
1879	52
1880	43
1881	58
1882	43
1883	59
1884	45
1885	68
1886	60
1887	55
1888	36
1889	44
1890	35
1891	54
1892	53
1893	49
1894	54
1895	48
1896	58
1897	51
1898	52
1899	50
1900	58
1901	61
1902	43
1903	37
1904	72
1905	56
1906	51
1907	50
1908	62
1909	54
1910	47
1911	42
1912	44
1913	47
1914	45
1915	55
1916	54
1917	37
1918	38
1919	48
1920	58
1921	39
1922	50
1923	49
1924	58
1925	52
1926	52
1927	61
1928	52
1929	63
1930	50
1931	60
1932	56
1933	48
1934	58
1935	44
1936	52
1937	69
1938	55
1939	50
1940	49
1941	57
1942	44
1943	63
1944	55
1945	57
1946	44
1947	50
1948	45
1949	49
1950	51
1951	51
1952	49
1953	50
1954	51
1955	53
1956	55
1957	48
1958	55
1959	55
1960	44
1961	53
1962	54
1963	51
1964	49
1965	59
1966	53
1967	44
1968	50
1969	55
1970	50
1971	55
1972	54
1973	60
1974	57
1975	50
1976	64
1977	60
1978	52
1979	57
1980	61
1981	55
1982	60
1983	54
1984	50
1985	33
1986	47
1987	55
1988	44
1989	54
1990	56
1991	50
1992	47
1993	47
1994	55
1995	61
1996	53
1997	50
1998	58
1999	48
2000	49
2001	44
2002	41
2003	56
2004	50
2005	46
2006	57
2007	64
2008	48
2009	61
2010	50
2011	63
2012	53
2013	57
2014	54
2015	62
2016	52
2017	50
2018	63
2019	57
2020	41
2021	48
2022	54
2023	60
2024	61
2025	51
2026	41
2027	56
2028	54
2029	61
2030	45
2031	48
2032	68
2033	53
2034	58
2035	61
2036	60
2037	55
2038	47
2039	59
2040	60
2041	58
2042	50
2043	50
2044	69
2045	73
2046	58
2047	51
2048	63
2049	48
2050	49
2051	46
2052	60
2053	49
2054	61
2055	53
2056	56
2057	58
2058	53
2059	52
2060	56
2061	49
2062	56
2063	60
2064	46
2065	45
2066	51
2067	59
2068	75
2069	47
2070	48
2071	43
2072	60
2073	56
2074	58
2075	47
2076	53
2077	59
2078	65
2079	57
2080	60
2081	44
2082	53
2083	53
2084	48
2085	61
2086	47
2087	52
2088	57
2089	45
2090	51
2091	59
2092	75
2093	42
2094	59
2095	60
2096	44
2097	60
2098	61
2099	56
2100	52
2101	51
2102	60
2103	70
2104	45
2105	43
2106	58
2107	52
2108	67
2109	50
2110	40
2111	52
2112	53
2113	51
2114	56
2115	59
2116	62
2117	65
2118	47
2119	50
2120	52
2121	37
2122	49
2123	55
2124	59
2125	43
2126	62
2127	62
2128	56
2129	62
2130	50
2131	53
2132	51
2133	50
2134	39
2135	60
2136	57
2137	53
2138	45
2139	58
2140	58
2141	51
2142	43
2143	52
2144	49
2145	59
2146	57
2147	54
2148	64
2149	55
2150	64
2151	59
2152	52
2153	44
2154	61
2155	64
2156	47
2157	43
2158	53
2159	56
2160	65
2161	40
2162	48
2163	48
2164	60
2165	51
2166	54
2167	49
2168	49
2169	51
2170	59
2171	46
2172	46
2173	48
2174	34
2175	41
2176	51
2177	49
2178	53
2179	52
2180	33
2181	50
2182	54
2183	58
2184	68
2185	58
2186	44
2187	35
2188	42
2189	56
2190	45
2191	56
2192	56
2193	63
2194	37
2195	38
2196	32
2197	45
2198	45
2199	44
2200	45
2201	50
2202	53
2203	47
2204	44
2205	45
2206	52
2207	39
2208	50
2209	53
2210	48
2211	40
2212	60
2213	48
2214	31
2215	44
2216	49
2217	38
2218	44
2219	47
2220	38
2221	51
2222	54
2223	43
2224	62
2225	35
2226	56
2227	47
2228	47
2229	44
2230	55
2231	49
2232	38
2233	54
2234	44
2235	38
2236	53
2237	41
2238	56
2239	54
2240	66
2241	46
2242	42
2243	45
2244	46
2245	46
2246	36
2247	49
2248	40
2249	50
2250	43
2251	38
2252	48
2253	52
2254	35
2255	30
2256	51
2257	48
2258	46
2259	49
2260	48
2261	48
2262	31
2263	62
2264	47
2265	50
2266	55
2267	47
2268	55
2269	55
2270	37
2271	41
2272	37
2273	49
2274	45
2275	40
2276	61
2277	47
2278	50
2279	30
2280	35
2281	45
2282	58
2283	34
2284	39
2285	40
2286	46
2287	50
2288	53
2289	41
2290	50
2291	48
2292	40
2293	44
2294	34
2295	48
2296	47
2297	49
2298	42
2299	48
2300	36
2301	46
2302	44
2303	38
2304	39
2305	44
2306	46
2307	39
2308	40
2309	38
2310	54
2311	53
2312	52
2313	55
2314	42
2315	54
2316	39
2317	42
2318	58
2319	41
2320	46
2321	48
2322	36
2323	38
2324	36
2325	42
2326	36
2327	61
2328	37
2329	43
2330	46
2331	42
2332	44
2333	39
2334	35
2335	48
2336	44
2337	53
2338	46
2339	30
2340	48
2341	40
2342	36
2343	39
2344	38
2345	40
2346	48
2347	49
2348	23
2349	45
2350	42
2351	37
2352	32
2353	43
2354	44
2355	34
2356	39
2357	35
2358	54
2359	39
2360	44
2361	37
2362	33
2363	40
2364	44
2365	49
2366	34
2367	46
2368	41
2369	42
2370	45
2371	38
2372	36
2373	41
2374	55
2375	39
2376	33
2377	40
2378	48
2379	42
2380	43
2381	31
2382	41
2383	28
2384	44
2385	47
2386	42
2387	42
2388	37
2389	40
2390	33
2391	37
2392	40
2393	39
2394	36
2395	51
2396	41
2397	47
2398	30
2399	55
2400	38
2401	39
2402	45
2403	48
2404	46
2405	51
2406	44
2407	30
2408	46
2409	51
2410	33
2411	33
2412	58
2413	41
2414	31
2415	38
2416	49
2417	47
2418	52
2419	35
2420	54
2421	30
2422	50
2423	48
2424	37
2425	37
2426	52
2427	49
2428	44
2429	45
2430	46
2431	36
2432	49
2433	43
2434	36
2435	38
2436	34
2437	39
2438	48
2439	36
2440	33
2441	37
2442	32
2443	37
2444	50
2445	43
2446	47
2447	39
2448	42
2449	37
2450	38
2451	41
2452	47
2453	36
2454	37
2455	52
2456	43
2457	38
2458	36
2459	37
2460	37
2461	43
2462	38
2463	43
2464	42
2465	48
2466	35
2467	41
2468	48
2469	33
2470	32
2471	37
2472	45
2473	45
2474	43
2475	47
2476	49
2477	46
2478	54
2479	31
2480	36
2481	40
2482	36
2483	35
2484	36
2485	41
2486	31
2487	38
2488	42
2489	42
2490	44
2491	34
2492	37
2493	49
2494	38
2495	51
2496	32
2497	22
2498	32
2499	33
2500	35
2501	46
2502	32
2503	39
2504	37
2505	37
2506	39
2507	41
2508	43
2509	55
2510	41
2511	38
2512	28
2513	35
2514	36
2515	46
2516	34
2517	36
2518	40
2519	39
2520	52
2521	39
2522	51
2523	31
2524	28
2525	34
2526	39
2527	45
2528	28
2529	41
2530	30
2531	48
2532	34
2533	28
2534	43
2535	31
2536	30
2537	30
2538	33
2539	43
2540	38
2541	37
2542	38
2543	37
2544	34
2545	46
2546	43
2547	41
2548	36
2549	35
2550	42
2551	37
2552	32
2553	36
2554	37
2555	37
2556	40
2557	32
2558	34
2559	41
2560	41
2561	45
2562	36
2563	33
2564	43
2565	49
2566	37
2567	27
2568	41
2569	40
2570	41
2571	39
2572	30
2573	42
2574	35
2575	26
2576	51
2577	32
2578	31
2579	39
2580	36
2581	43
2582	39
2583	41
2584	43
2585	31
2586	42
2587	35
2588	34
2589	31
2590	26
2591	39
2592	34
2593	40
2594	28
2595	39
2596	35
2597	28
2598	51
2599	34
2600	41
2601	38
2602	37
2603	46
2604	31
2605	35
2606	41
2607	40
2608	42
2609	34
2610	30
2611	25
2612	42
2613	39
2614	34
2615	45
2616	39
2617	35
2618	30
2619	46
2620	49
2621	39
2622	42
2623	37
2624	46
2625	44
2626	37
2627	39
2628	33
2629	47
2630	36
2631	46
2632	49
2633	26
2634	35
2635	38
2636	37
2637	37
2638	28
2639	34
2640	39
2641	36
2642	43
2643	35
2644	30
2645	34
2646	36
2647	35
2648	36
2649	29
2650	34
2651	53
2652	41
2653	43
2654	43
2655	39
2656	41
2657	38
2658	40
2659	34
2660	40
2661	37
2662	45
2663	33
2664	42
2665	28
2666	41
2667	39
2668	37
2669	32
2670	25
2671	30
2672	35
2673	34
2674	32
2675	42
2676	41
2677	43
2678	38
2679	44
2680	33
2681	47
2682	41
2683	49
2684	35
2685	34
2686	31
2687	46
2688	27
2689	42
2690	43
2691	42
2692	28
2693	32
2694	33
2695	32
2696	35
2697	34
2698	36
2699	26
2700	35
2701	44
2702	38
2703	39
2704	41
2705	31
2706	32
2707	42
2708	32
2709	46
2710	33
2711	28
2712	41
2713	42
2714	34
2715	32
2716	39
2717	34
2718	39
2719	32
2720	31
2721	40
2722	22
2723	42
2724	40
2725	40
2726	38
2727	23
2728	18
2729	39
2730	38
2731	34
2732	28
2733	24
2734	39
2735	41
2736	18
2737	32
2738	40
2739	30
2740	34
2741	31
2742	32
2743	32
2744	33
2745	35
2746	28
2747	35
2748	33
2749	49
2750	34
2751	28
2752	31
2753	41
2754	34
2755	29
2756	25
2757	31
2758	40
2759	25
2760	41
2761	27
2762	35
2763	22
2764	34
2765	38
2766	40
2767	28
2768	42
2769	31
2770	39
2771	34
2772	43
2773	37
2774	40
2775	30
2776	45
2777	30
2778	41
2779	30
2780	27
2781	34
2782	42
2783	36
2784	41
2785	40
2786	33
2787	41
2788	31
2789	30
2790	39
2791	32
2792	28
2793	25
2794	30
2795	42
2796	26
2797	32
2798	24
2799	35
2800	34
2801	35
2802	20
2803	32
2804	33
2805	34
2806	33
2807	35
2808	31
2809	23
2810	45
2811	38
2812	26
2813	33
2814	33
2815	31
2816	33
2817	33
2818	29
2819	44
2820	31
2821	29
2822	35
2823	40
2824	31
2825	27
2826	29
2827	35
2828	42
2829	38
2830	35
2831	38
2832	22
2833	34
2834	34
2835	35
2836	35
2837	38
2838	28
2839	34
2840	35
2841	27
2842	42
2843	39
2844	32
2845	38
2846	37
2847	37
2848	36
2849	30
2850	30
2851	29
2852	26
2853	40
2854	36
2855	41
2856	28
2857	27
2858	34
2859	41
2860	32
2861	32
2862	37
2863	39
2864	35
2865	23
2866	42
2867	37
2868	35
2869	26
2870	38
2871	34
2872	35
2873	27
2874	33
2875	32
2876	41
2877	40
2878	31
2879	32
2880	34
2881	31
2882	20
2883	32
2884	31
2885	32
2886	29
2887	33
2888	34
2889	37
2890	22
2891	26
2892	33
2893	24
2894	32
2895	32
2896	36
2897	35
2898	34
2899	38
2900	30
2901	41
2902	39
2903	34
2904	34
2905	34
2906	38
2907	33
2908	35
2909	22
2910	35
2911	31
2912	38
2913	31
2914	27
2915	28
2916	25
2917	34
2918	28
2919	31
2920	31
2921	37
2922	37
2923	29
2924	29
2925	28
2926	37
2927	27
2928	35
2929	29
2930	31
2931	31
2932	28
2933	28
2934	37
2935	30
2936	39
2937	25
2938	28
2939	31
2940	43
2941	35
2942	33
2943	34
2944	36
2945	45
2946	30
2947	23
2948	28
2949	34
2950	24
2951	34
2952	33
2953	29
2954	43
2955	25
2956	39
2957	31
2958	23
2959	29
2960	34
2961	41
2962	39
2963	32
2964	31
2965	34
2966	31
2967	38
2968	35
2969	34
2970	44
2971	45
2972	26
2973	34
2974	34
2975	37
2976	35
2977	39
2978	40
2979	33
2980	33
2981	27
2982	34
2983	13
2984	36
2985	24
2986	32
2987	27
2988	37
2989	37
2990	22
2991	29
2992	36
2993	31
2994	28
2995	34
2996	36
2997	32
2998	33
2999	36
3000	33
3001	31
3002	29
3003	32
3004	29
3005	27
3006	28
3007	36
3008	42
3009	24
3010	23
3011	39
3012	41
3013	26
3014	43
3015	31
3016	34
3017	38
3018	29
3019	33
3020	32
3021	36
3022	29
3023	36
3024	40
3025	29
3026	23
3027	36
3028	26
3029	28
3030	29
3031	42
3032	27
3033	29
3034	30
3035	41
3036	36
3037	32
3038	37
3039	36
3040	31
3041	36
3042	35
3043	27
3044	29
3045	32
3046	27
3047	38
3048	22
3049	30
3050	36
3051	28
3052	31
3053	31
3054	35
3055	22
3056	39
3057	30
3058	32
3059	31
3060	27
3061	29
3062	27
3063	33
3064	27
3065	38
3066	43
3067	30
3068	36
3069	37
3070	31
3071	34
3072	34
3073	22
3074	41
3075	28
3076	37
3077	31
3078	24
3079	25
3080	27
3081	38
3082	30
3083	35
3084	35
3085	46
3086	39
3087	34
3088	24
3089	22
3090	25
3091	20
3092	33
3093	27
3094	39
3095	22
3096	36
3097	25
3098	29
3099	27
3100	27
3101	29
3102	29
3103	29
3104	28
3105	29
3106	31
3107	33
3108	33
3109	27
3110	36
3111	28
3112	35
3113	25
3114	29
3115	27
3116	20
3117	27
3118	33
3119	30
3120	22
3121	28
3122	34
3123	32
3124	22
3125	33
3126	30
3127	35
3128	35
3129	27
3130	35
3131	31
3132	24
3133	28
3134	22
3135	31
3136	45
3137	35
3138	23
3139	29
3140	34
3141	37
3142	36
3143	31
3144	28
3145	30
3146	23
3147	42
3148	32
3149	34
3150	34
3151	37
3152	20
3153	29
3154	41
3155	33
3156	33
3157	38
3158	38
3159	30
3160	35
3161	31
3162	33
3163	31
3164	35
3165	29
3166	24
3167	39
3168	41
3169	37
3170	29
3171	27
3172	37
3173	26
3174	41
3175	26
3176	38
3177	33
3178	25
3179	32
3180	28
3181	39
3182	33
3183	36
3184	30
3185	34
3186	31
3187	38
3188	39
3189	30
3190	32
3191	34
3192	30
3193	36
3194	27
3195	28
3196	40
3197	30
3198	33
3199	31
3200	35
3201	40
3202	26
3203	36
3204	38
3205	32
3206	32
3207	33
3208	35
3209	30
3210	32
3211	40
3212	19
3213	30
3214	32
3215	29
3216	17
3217	34
3218	35
3219	30
3220	36
3221	22
3222	48
3223	51
3224	27
3225	39
3226	31
3227	25
3228	32
3229	27
3230	37
3231	41
3232	44
3233	31
3234	30
3235	15
3236	39
3237	35
3238	42
3239	47
3240	29
3241	30
3242	40
3243	29
3244	41
3245	30
3246	37
3247	34
3248	27
3249	32
3250	29
3251	29
3252	44
3253	34
3254	31
3255	42
3256	32
3257	37
3258	37
3259	38
3260	35
3261	36
3262	41
3263	27
3264	21
3265	35
3266	33
3267	36
3268	29
3269	32
3270	26
3271	26
3272	31
3273	33
3274	30
3275	23
3276	42
3277	37
3278	24
3279	29
3280	47
3281	26
3282	34
3283	37
3284	24
3285	40
3286	34
3287	41
3288	32
3289	40
3290	36
3291	36
3292	36
3293	39
3294	34
3295	28
3296	39
3297	34
3298	44
3299	29
3300	30
3301	27
3302	51
3303	32
3304	34
3305	31
3306	37
3307	51
3308	39
3309	32
3310	37
3311	39
3312	38
3313	37
3314	33
3315	43
3316	30
3317	39
3318	39
3319	37
3320	30
3321	23
3322	30
3323	35
3324	23
3325	35
3326	33
3327	35
3328	31
3329	30
3330	25
3331	33
3332	28
3333	31
3334	28
3335	52
3336	34
3337	28
3338	34
3339	39
3340	34
3341	33
3342	36
3343	27
3344	33
3345	30
3346	24
3347	30
3348	31
3349	27
3350	30
3351	26
3352	32
3353	29
3354	40
3355	41
3356	47
3357	45
3358	37
3359	41
3360	44
3361	27
3362	32
3363	30
3364	31
3365	35
3366	34
3367	32
3368	37
3369	33
3370	26
3371	34
3372	37
3373	26
3374	37
3375	35
3376	34
3377	37
3378	42
3379	29
3380	35
3381	41
3382	29
3383	34
3384	27
3385	37
3386	28
3387	34
3388	27
3389	39
3390	38
3391	27
3392	39
3393	26
3394	43
3395	33
3396	29
3397	36
3398	36
3399	34
3400	47
3401	32
3402	25
3403	26
3404	46
3405	26
3406	42
3407	36
3408	31
3409	31
3410	31
3411	31
3412	37
3413	42
3414	31
3415	31
3416	50
3417	42
3418	33
3419	34
3420	26
3421	43
3422	30
3423	39
3424	40
3425	40
3426	38
3427	37
3428	34
3429	34
3430	25
3431	27
3432	34
3433	30
3434	36
3435	42
3436	37
3437	39
3438	32
3439	30
3440	31
3441	37
3442	40
3443	38
3444	25
3445	29
3446	30
3447	36
3448	41
3449	49
3450	38
3451	37
3452	36
3453	37
3454	32
3455	36
3456	39
3457	42
3458	33
3459	28
3460	38
3461	32
3462	34
3463	32
3464	37
3465	38
3466	36
3467	36
3468	40
3469	24
3470	26
3471	48
3472	29
3473	27
3474	35
3475	28
3476	39
3477	35
3478	31
3479	41
3480	32
3481	26
3482	30
3483	34
3484	45
3485	40
3486	34
3487	39
3488	33
3489	31
3490	41
3491	23
3492	41
3493	31
3494	32
3495	35
3496	30
3497	36
3498	40
3499	32
3500	39
3501	28
3502	35
3503	28
3504	37
3505	34
3506	30
3507	37
3508	33
3509	37
3510	36
3511	28
3512	32
3513	21
3514	36
3515	26
3516	52
3517	36
3518	28
3519	33
3520	25
3521	29
3522	31
3523	35
3524	37
3525	36
3526	32
3527	39
3528	38
3529	39
3530	32
3531	34
3532	27
3533	32
3534	34
3535	42
3536	30
3537	26
3538	29
3539	32
3540	28
3541	38
3542	30
3543	37
3544	30
3545	27
3546	35
3547	43
3548	21
3549	29
3550	28
3551	38
3552	49
3553	29
3554	33
3555	34
3556	30
3557	42
3558	26
3559	33
3560	37
3561	35
3562	35
3563	29
3564	37
3565	32
3566	32
3567	33
3568	30
3569	28
3570	29
3571	37
3572	29
3573	27
3574	40
3575	44
3576	25
3577	34
3578	37
3579	33
3580	24
3581	35
3582	41
3583	39
3584	39
3585	46
3586	29
3587	30
3588	41
3589	25
3590	34
3591	27
3592	29
3593	31
3594	36
3595	32
3596	34
3597	36
3598	32
3599	39
3600	26
3601	35
3602	35
3603	41
3604	29
3605	29
3606	26
3607	36
3608	25
3609	32
3610	34
3611	43
3612	39
3613	37
3614	30
3615	33
3616	36
3617	29
3618	48
3619	24
3620	34
3621	36
3622	29
3623	31
3624	31
3625	27
3626	31
3627	34
3628	31
3629	28
3630	24
3631	30
3632	36
3633	43
3634	31
3635	26
3636	26
3637	36
3638	44
3639	43
3640	32
3641	28
3642	20
3643	26
3644	33
3645	30
3646	36
3647	32
3648	33
3649	38
3650	27
3651	40
3652	37
3653	34
3654	31
3655	28
3656	31
3657	26
3658	33
3659	35
3660	26
3661	41
3662	42
3663	33
3664	28
3665	28
3666	25
3667	32
3668	34
3669	40
3670	37
3671	33
3672	31
3673	32
3674	32
3675	27
3676	27
3677	27
3678	29
3679	31
3680	28
3681	22
3682	29
3683	27
3684	46
3685	23
3686	28
3687	24
3688	24
3689	32
3690	33
3691	43
3692	27
3693	34
3694	33
3695	29
3696	31
3697	21
3698	30
3699	23
3700	30
3701	27
3702	28
3703	30
3704	27
3705	23
3706	28
3707	39
3708	31
3709	22
3710	36
3711	26
3712	33
3713	33
3714	30
3715	28
3716	29
3717	34
3718	21
3719	40
3720	29
3721	21
3722	28
3723	21
3724	34
3725	27
3726	42
3727	26
3728	27
3729	31
3730	25
3731	22
3732	26
3733	31
3734	26
3735	32
3736	27
3737	30
3738	35
3739	36
3740	42
3741	27
3742	26
3743	24
3744	25
3745	38
3746	27
3747	29
3748	30
3749	38
3750	25
3751	29
3752	30
3753	26
3754	32
3755	30
3756	38
3757	24
3758	29
3759	35
3760	31
3761	22
3762	25
3763	25
3764	27
3765	32
3766	29
3767	27
3768	28
3769	25
3770	23
3771	25
3772	24
3773	42
3774	27
3775	25
3776	30
3777	31
3778	29
3779	40
3780	32
3781	27
3782	29
3783	31
3784	38
3785	26
3786	25
3787	30
3788	33
3789	27
3790	37
3791	23
3792	31
3793	28
3794	28
3795	32
3796	17
3797	16
3798	23
3799	24
3800	34
3801	31
3802	26
3803	29
3804	32
3805	38
3806	27
3807	34
3808	27
3809	16
3810	42
3811	28
3812	29
3813	28
3814	31
3815	29
3816	24
3817	22
3818	30
3819	26
3820	18
3821	23
3822	30
3823	38
3824	35
3825	22
3826	25
3827	20
3828	29
3829	29
3830	30
3831	29
3832	31
3833	28
3834	23
3835	19
3836	24
3837	20
3838	26
3839	37
3840	27
3841	25
3842	25
3843	26
3844	27
3845	24
3846	28
3847	32
3848	28
3849	29
3850	25
3851	30
3852	27
3853	25
3854	28
3855	30
3856	25
3857	32
3858	26
3859	29
3860	18
3861	28
3862	22
3863	27
3864	30
3865	27
3866	30
3867	19
3868	30
3869	27
3870	34
3871	21
3872	27
3873	26
3874	26
3875	24
3876	22
3877	34
3878	20
3879	23
3880	32
3881	27
3882	16
3883	26
3884	34
3885	28
3886	32
3887	23
3888	28
3889	30
3890	30
3891	25
3892	28
3893	24
3894	22
3895	34
3896	21
3897	30
3898	27
3899	26
3900	21
3901	23
3902	31
3903	37
3904	34
3905	31
3906	26
3907	33
3908	24
3909	19
3910	24
3911	28
3912	31
3913	32
3914	24
3915	28
3916	28
3917	26
3918	23
3919	36
3920	29
3921	28
3922	24
3923	25
3924	21
3925	29
3926	21
3927	31
3928	27
3929	24
3930	28
3931	19
3932	24
3933	23
3934	26
3935	27
3936	25
3937	31
3938	20
3939	25
3940	20
3941	18
3942	20
3943	23
3944	22
3945	28
3946	23
3947	30
3948	27
3949	29
3950	21
3951	22
3952	18
3953	20
3954	30
3955	37
3956	34
3957	24
3958	24
3959	24
3960	28
3961	22
3962	36
3963	31
3964	25
3965	24
3966	25
3967	35
3968	20
3969	18
3970	22
3971	31
3972	29
3973	23
3974	26
3975	30
3976	28
3977	22
3978	34
3979	20
3980	23
3981	22
3982	21
3983	31
3984	24
3985	21
3986	19
3987	23
3988	20
3989	21
3990	27
3991	25
3992	26
3993	20
3994	33
3995	22
3996	17
3997	28
3998	33
3999	19
4000	24
4001	24
4002	18
4003	26
4004	32
4005	36
4006	28
4007	19
4008	25
4009	22
4010	22
4011	21
4012	23
4013	25
4014	14
4015	26
4016	15
4017	23
4018	22
4019	20
4020	30
4021	24
4022	22
4023	27
4024	25
4025	25
4026	28
4027	19
4028	33
4029	18
4030	27
4031	30
4032	18
4033	21
4034	25
4035	25
4036	22
4037	25
4038	18
4039	17
4040	23
4041	20
4042	20
4043	24
4044	21
4045	25
4046	25
4047	23
4048	23
4049	33
4050	19
4051	29
4052	19
4053	19
4054	30
4055	19
4056	22
4057	13
4058	19
4059	24
4060	21
4061	22
4062	18
4063	21
4064	26
4065	22
4066	17
4067	28
4068	27
4069	27
4070	34
4071	30
4072	20
4073	24
4074	27
4075	23
4076	25
4077	31
4078	21
4079	20
4080	23
4081	21
4082	21
4083	20
4084	24
4085	28
4086	23
4087	18
4088	24
4089	21
4090	17
4091	21
4092	21
4093	15
4094	24
4095	25
4096	32
4097	25
4098	27
4099	23
4100	26
4101	24
4102	17
4103	23
4104	20
4105	22
4106	27
4107	22
4108	14
4109	23
4110	25
4111	19
4112	26
4113	19
4114	26
4115	18
4116	26
4117	25
4118	19
4119	25
4120	16
4121	24
4122	19
4123	22
4124	21
4125	17
4126	18
4127	18
4128	27
4129	31
4130	20
4131	22
4132	17
4133	29
4134	30
4135	28
4136	17
4137	22
4138	18
4139	17
4140	21
4141	17
4142	31
4143	14
4144	33
4145	22
4146	29
4147	20
4148	24
4149	25
4150	18
4151	20
4152	18
4153	23
4154	19
4155	17
4156	19
4157	28
4158	21
4159	22
4160	26
4161	20
4162	36
4163	18
4164	17
4165	20
4166	20
4167	19
4168	21
4169	21
4170	23
4171	25
4172	30
4173	30
4174	14
4175	18
4176	25
4177	28
4178	17
4179	28
4180	16
4181	15
4182	19
4183	15
4184	19
4185	22
4186	20
4187	12
4188	23
4189	23
4190	13
4191	22
4192	24
4193	22
4194	16
4195	22
4196	25
4197	14
4198	25
4199	23
4200	26
4201	17
4202	28
4203	30
4204	18
4205	29
4206	23
4207	15
4208	27
4209	18
4210	21
4211	27
4212	21
4213	23
4214	29
4215	25
4216	20
4217	28
4218	22
4219	21
4220	20
4221	23
4222	15
4223	25
4224	36
4225	18
4226	25
4227	20
4228	28
4229	18
4230	22
4231	25
4232	16
4233	24
4234	22
4235	19
4236	16
4237	19
4238	23
4239	26
4240	16
4241	24
4242	23
4243	25
4244	26
4245	26
4246	23
4247	22
4248	26
4249	16
4250	17
4251	23
4252	14
4253	23
4254	17
4255	21
4256	21
4257	12
4258	20
4259	23
4260	16
4261	24
4262	24
4263	24
4264	20
4265	18
4266	26
4267	16
4268	21
4269	23
4270	12
4271	21
4272	22
4273	17
4274	21
4275	20
4276	21
4277	28
4278	17
4279	22
4280	26
4281	18
4282	10
4283	25
4284	17
4285	12
4286	14
4287	20
4288	22
4289	19
4290	11
4291	15
4292	21
4293	29
4294	14
4295	15
4296	16
4297	20
4298	25
4299	21
4300	17
4301	17
4302	18
4303	23
4304	23
4305	18
4306	15
4307	24
4308	22
4309	16
4310	17
4311	26
4312	23
4313	19
4314	22
4315	25
4316	25
4317	19
4318	14
4319	20
4320	20
4321	17
4322	27
4323	23
4324	20
4325	21
4326	20
4327	14
4328	18
4329	13
4330	13
4331	19
4332	23
4333	23
4334	15
4335	23
4336	10
4337	22
4338	28
4339	12
4340	20
4341	21
4342	11
4343	19
4344	28
4345	13
4346	13
4347	18
4348	28
4349	22
4350	16
4351	18
4352	24
4353	26
4354	21
4355	20
4356	24
4357	11
4358	18
4359	26
4360	21
4361	19
4362	14
4363	21
4364	16
4365	19
4366	21
4367	17
4368	22
4369	19
4370	19
4371	22
4372	18
4373	20
4374	22
4375	18
4376	33
4377	14
4378	14
4379	18
4380	25
4381	24
4382	27
4383	23
4384	25
4385	23
4386	14
4387	22
4388	28
4389	20
4390	24
4391	19
4392	16
4393	24
4394	10
4395	18
4396	15
4397	24
4398	13
4399	13
4400	25
4401	19
4402	18
4403	22
4404	19
4405	17
4406	13
4407	21
4408	27
4409	17
4410	27
4411	25
4412	15
4413	13
4414	21
4415	18
4416	14
4417	32
4418	18
4419	22
4420	24
4421	21
4422	15
4423	19
4424	25
4425	12
4426	27
4427	24
4428	14
4429	17
4430	23
4431	20
4432	17
4433	19
4434	18
4435	17
4436	22
4437	14
4438	16
4439	15
4440	24
4441	24
4442	20
4443	22
4444	16
4445	17
4446	16
4447	23
4448	18
4449	15
4450	16
4451	23
4452	18
4453	23
4454	14
4455	21
4456	27
4457	17
4458	18
4459	15
4460	19
4461	16
4462	13
4463	24
4464	21
4465	15
4466	18
4467	27
4468	17
4469	18
4470	21
4471	19
4472	14
4473	21
4474	19
4475	18
4476	22
4477	14
4478	23
4479	14
4480	19
4481	17
4482	18
4483	13
4484	6
4485	22
4486	22
4487	16
4488	13
4489	24
4490	17
4491	15
4492	26
4493	29
4494	10
4495	18
4496	19
4497	25
4498	20
4499	24
4500	19
4501	16
4502	24
4503	22
4504	29
4505	24
4506	10
4507	15
4508	15
4509	17
4510	18
4511	12
4512	17
4513	11
4514	17
4515	22
4516	11
4517	21
4518	15
4519	21
4520	17
4521	22
4522	15
4523	16
4524	24
4525	21
4526	21
4527	18
4528	14
4529	14
4530	18
4531	14
4532	16
4533	24
4534	13
4535	18
4536	20
4537	13
4538	18
4539	19
4540	22
4541	18
4542	15
4543	15
4544	22
4545	12
4546	17
4547	18
4548	18
4549	18
4550	18
4551	20
4552	17
4553	19
4554	17
4555	20
4556	12
4557	14
4558	23
4559	10
4560	10
4561	18
4562	14
4563	18
4564	17
4565	26
4566	18
4567	18
4568	11
4569	15
4570	18
4571	13
4572	17
4573	17
4574	19
4575	18
4576	12
4577	17
4578	20
4579	14
4580	25
4581	21
4582	24
4583	26
4584	19
4585	20
4586	16
4587	20
4588	17
4589	24
4590	18
4591	17
4592	14
4593	19
4594	17
4595	15
4596	23
4597	15
4598	17
4599	18
4600	16
4601	23
4602	7
4603	14
4604	12
4605	21
4606	17
4607	13
4608	8
4609	14
4610	22
4611	24
4612	11
4613	29
4614	19
4615	17
4616	9
4617	19
4618	8
4619	9
4620	14
4621	10
4622	14
4623	10
4624	13
4625	16
4626	16
4627	17
4628	20
4629	15
4630	16
4631	12
4632	17
4633	13
4634	19
4635	15
4636	8
4637	23
4638	15
4639	25
4640	14
4641	16
4642	20
4643	17
4644	14
4645	16
4646	11
4647	14
4648	14
4649	17
4650	13
4651	20
4652	19
4653	18
4654	21
4655	23
4656	18
4657	19
4658	16
4659	14
4660	15
4661	15
4662	18
4663	12
4664	19
4665	15
4666	12
4667	12
4668	19
4669	11
4670	12
4671	18
4672	16
4673	15
4674	10
4675	15
4676	11
4677	15
4678	11
4679	14
4680	11
4681	22
4682	16
4683	15
4684	12
4685	21
4686	17
4687	18
4688	11
4689	16
4690	15
4691	16
4692	15
4693	20
4694	22
4695	16
4696	10
4697	18
4698	22
4699	16
4700	15
4701	17
4702	13
4703	16
4704	19
4705	21
4706	16
4707	17
4708	16
4709	12
4710	15
4711	18
4712	18
4713	11
4714	20
4715	10
4716	21
4717	10
4718	14
4719	16
4720	17
4721	17
4722	11
4723	17
4724	13
4725	14
4726	14
4727	15
4728	16
4729	18
4730	11
4731	11
4732	17
4733	13
4734	12
4735	15
4736	14
4737	16
4738	17
4739	15
4740	15
4741	10
4742	18
4743	17
4744	10
4745	24
4746	21
4747	15
4748	14
4749	15
4750	12
4751	12
4752	15
4753	17
4754	11
4755	9
4756	15
4757	15
4758	14
4759	11
4760	14
4761	18
4762	15
4763	18
4764	15
4765	16
4766	14
4767	9
4768	15
4769	13
4770	12
4771	15
4772	20
4773	14
4774	17
4775	16
4776	17
4777	10
4778	14
4779	18
4780	22
4781	12
4782	12
4783	12
4784	13
4785	14
4786	14
4787	15
4788	19
4789	11
4790	12
4791	10
4792	13
4793	14
4794	16
4795	13
4796	19
4797	15
4798	17
4799	16
4800	14
4801	9
4802	19
4803	13
4804	10
4805	9
4806	23
4807	13
4808	14
4809	25
4810	7
4811	12
4812	16
4813	10
4814	10
4815	12
4816	12
4817	14
4818	19
4819	14
4820	18
4821	14
4822	8
4823	16
4824	10
4825	10
4826	10
4827	17
4828	16
4829	13
4830	15
4831	12
4832	15
4833	21
4834	15
4835	14
4836	16
4837	10
4838	12
4839	9
4840	11
4841	12
4842	10
4843	10
4844	9
4845	13
4846	11
4847	15
4848	18
4849	13
4850	23
4851	6
4852	16
4853	15
4854	15
4855	15
4856	14
4857	12
4858	6
4859	18
4860	15
4861	9
4862	11
4863	11
4864	22
4865	12
4866	11
4867	10
4868	8
4869	14
4870	13
4871	15
4872	10
4873	12
4874	14
4875	11
4876	14
4877	13
4878	13
4879	18
4880	6
4881	15
4882	13
4883	12
4884	11
4885	18
4886	15
4887	18
4888	10
4889	12
4890	11
4891	22
4892	14
4893	8
4894	12
4895	12
4896	13
4897	11
4898	8
4899	13
4900	19
4901	18
4902	10
4903	13
4904	11
4905	8
4906	12
4907	17
4908	11
4909	18
4910	6
4911	8
4912	11
4913	7
4914	14
4915	11
4916	10
4917	15
4918	16
4919	14
4920	14
4921	16
4922	19
4923	14
4924	7
4925	14
4926	9
4927	14
4928	12
4929	13
4930	8
4931	10
4932	18
4933	11
4934	14
4935	8
4936	9
4937	12
4938	16
4939	14
4940	10
4941	16
4942	12
4943	14
4944	14
4945	15
4946	15
4947	10
4948	14
4949	11
4950	13
4951	7
4952	11
4953	10
4954	10
4955	14
4956	10
4957	18
4958	21
4959	11
4960	10
4961	13
4962	15
4963	9
4964	12
4965	11
4966	22
4967	8
4968	14
4969	13
4970	12
4971	10
4972	11
4973	11
4974	11
4975	15
4976	14
4977	10
4978	12
4979	14
4980	7
4981	14
4982	16
4983	13
4984	17
4985	12
4986	10
4987	10
4988	9
4989	17
4990	10
4991	12
4992	19
4993	13
4994	13
4995	13
4996	10
4997	11
4998	12
4999	19
5000	14
5001	9
5002	8
5003	15
5004	13
5005	9
5006	7
5007	14
5008	9
5009	7
5010	16
5011	12
5012	9
5013	15
5014	14
5015	15
5016	11
5017	13
5018	16
5019	8
5020	11
5021	9
5022	12
5023	13
5024	11
5025	14
5026	11
5027	13
5028	13
5029	9
5030	10
5031	15
5032	10
5033	15
5034	13
5035	10
5036	14
5037	12
5038	11
5039	13
5040	13
5041	7
5042	17
5043	12
5044	10
5045	14
5046	10
5047	16
5048	6
5049	16
5050	19
5051	16
5052	7
5053	8
5054	17
5055	13
5056	9
5057	20
5058	12
5059	2
5060	7
5061	11
5062	9
5063	12
5064	14
5065	20
5066	9
5067	9
5068	11
5069	9
5070	16
5071	11
5072	17
5073	14
5074	8
5075	8
5076	11
5077	8
5078	11
5079	12
5080	11
5081	11
5082	11
5083	19
5084	17
5085	6
5086	13
5087	8
5088	14
5089	16
5090	10
5091	8
5092	16
5093	12
5094	11
5095	11
5096	10
5097	13
5098	7
5099	5
5100	11
5101	14
5102	19
5103	7
5104	20
5105	13
5106	19
5107	14
5108	9
5109	7
5110	11
5111	17
5112	10
5113	21
5114	14
5115	16
5116	15
5117	13
5118	20
5119	13
5120	16
5121	20
5122	17
5123	16
5124	14
5125	10
5126	11
5127	11
5128	11
5129	14
5130	17
5131	10
5132	10
5133	12
5134	10
5135	11
5136	18
5137	14
5138	11
5139	14
5140	13
5141	13
5142	9
5143	17
5144	14
5145	16
5146	14
5147	16
5148	7
5149	11
5150	10
5151	7
5152	9
5153	9
5154	7
5155	8
5156	11
5157	15
5158	19
5159	13
5160	12
5161	14
5162	9
5163	10
5164	12
5165	14
5166	15
5167	8
5168	11
5169	13
5170	10
5171	15
5172	11
5173	9
5174	11
5175	8
5176	15
5177	11
5178	6
5179	11
5180	6
5181	15
5182	17
5183	8
5184	18
5185	13
5186	14
5187	11
5188	14
5189	11
5190	8
5191	17
5192	12
5193	17
5194	15
5195	20
5196	17
5197	13
5198	7
5199	17
5200	11
5201	12
5202	14
5203	15
5204	14
5205	15
5206	17
5207	9
5208	16
5209	8
5210	8
5211	8
5212	8
5213	11
5214	13
5215	9
5216	13
5217	12
5218	13
5219	8
5220	9
5221	8
5222	18
5223	7
5224	16
5225	12
5226	11
5227	14
5228	11
5229	14
5230	21
5231	10
5232	10
5233	16
5234	9
5235	19
5236	13
5237	11
5238	12
5239	11
5240	15
5241	8
5242	10
5243	11
5244	9
5245	11
5246	14
5247	10
5248	13
5249	15
5250	11
5251	6
5252	4
5253	11
5254	12
5255	15
5256	10
5257	7
5258	12
5259	14
5260	8
5261	15
5262	13
5263	10
5264	11
5265	13
5266	11
5267	8
5268	10
5269	15
5270	16
5271	14
5272	11
5273	15
5274	13
5275	9
5276	11
5277	12
5278	9
5279	17
5280	20
5281	15
5282	13
5283	6
5284	9
5285	13
5286	7
5287	19
5288	21
5289	11
5290	8
5291	24
5292	12
5293	19
5294	15
5295	14
5296	12
5297	7
5298	10
5299	9
5300	4
5301	12
5302	7
5303	10
5304	18
5305	13
5306	8
5307	9
5308	15
5309	14
5310	12
5311	9
5312	11
5313	11
5314	7
5315	11
5316	10
5317	14
5318	11
5319	8
5320	14
5321	16
5322	13
5323	15
5324	11
5325	13
5326	10
5327	13
5328	9
5329	15
5330	18
5331	8
5332	15
5333	17
5334	14
5335	7
5336	17
5337	7
5338	17
5339	12
5340	9
5341	11
5342	9
5343	6
5344	17
5345	11
5346	8
5347	12
5348	14
5349	9
5350	9
5351	10
5352	8
5353	10
5354	16
5355	15
5356	11
5357	9
5358	13
5359	9
5360	16
5361	18
5362	11
5363	6
5364	17
5365	8
5366	16
5367	6
5368	15
5369	13
5370	10
5371	9
5372	9
5373	10
5374	9
5375	9
5376	12
5377	13
5378	14
5379	14
5380	13
5381	10
5382	9
5383	12
5384	7
5385	11
5386	16
5387	13
5388	5
5389	11
5390	16
5391	12
5392	9
5393	14
5394	17
5395	12
5396	19
5397	12
5398	13
5399	16
5400	6
5401	14
5402	13
5403	8
5404	9
5405	6
5406	16
5407	16
5408	13
5409	9
5410	11
5411	9
5412	11
5413	16
5414	13
5415	14
5416	12
5417	14
5418	10
5419	13
5420	6
5421	12
5422	14
5423	13
5424	11
5425	10
5426	9
5427	10
5428	14
5429	11
5430	9
5431	7
5432	12
5433	10
5434	12
5435	13
5436	13
5437	17
5438	14
5439	14
5440	11
5441	11
5442	10
5443	12
5444	15
5445	9
5446	10
5447	8
5448	14
5449	11
5450	10
5451	9
5452	11
5453	12
5454	13
5455	10
5456	15
5457	15
5458	12
5459	13
5460	14
5461	18
5462	16
5463	16
5464	14
5465	8
5466	12
5467	15
5468	10
5469	15
5470	9
5471	8
5472	8
5473	14
5474	17
5475	15
5476	6
5477	7
5478	11
5479	15
5480	9
5481	14
5482	14
5483	9
5484	7
5485	9
5486	13
5487	16
5488	15
5489	13
5490	15
5491	6
5492	16
5493	10
5494	10
5495	11
5496	13
5497	9
5498	7
5499	11
5500	20
5501	12
5502	10
5503	8
5504	17
5505	13
5506	6
5507	11
5508	11
5509	15
5510	14
5511	16
5512	15
5513	16
5514	8
5515	9
5516	13
5517	8
5518	13
5519	7
5520	7
5521	9
5522	14
5523	9
5524	15
5525	11
5526	8
5527	12
5528	14
5529	9
5530	14
5531	14
5532	9
5533	9
5534	16
5535	9
5536	11
5537	16
5538	11
5539	15
5540	14
5541	9
5542	9
5543	14
5544	14
5545	11
5546	4
5547	15
5548	12
5549	10
5550	6
5551	8
5552	11
5553	11
5554	11
5555	11
5556	12
5557	18
5558	13
5559	11
5560	12
5561	16
5562	11
5563	9
5564	6
5565	15
5566	12
5567	15
5568	6
5569	13
5570	12
5571	9
5572	7
5573	14
5574	12
5575	9
5576	11
5577	11
5578	18
5579	12
5580	15
5581	19
5582	9
5583	15
5584	18
5585	9
5586	10
5587	15
5588	19
5589	14
5590	5
5591	11
5592	5
5593	17
5594	16
5595	15
5596	8
5597	13
5598	9
5599	9
5600	3
5601	18
5602	6
5603	9
5604	11
5605	13
5606	7
5607	17
5608	14
5609	14
5610	8
5611	11
5612	15
5613	14
5614	13
5615	9
5616	9
5617	13
5618	5
5619	10
5620	10
5621	10
5622	14
5623	12
5624	11
5625	19
5626	11
5627	10
5628	9
5629	11
5630	15
5631	16
5632	14
5633	8
5634	19
5635	15
5636	16
5637	10
5638	7
5639	11
5640	7
5641	9
5642	11
5643	11
5644	17
5645	9
5646	15
5647	10
5648	18
5649	14
5650	11
5651	11
5652	10
5653	12
5654	9
5655	14
5656	14
5657	15
5658	14
5659	13
5660	15
5661	9
5662	10
5663	10
5664	15
5665	7
5666	28
5667	14
5668	16
5669	6
5670	6
5671	11
5672	13
5673	6
5674	8
5675	10
5676	19
5677	11
5678	10
5679	10
5680	9
5681	9
5682	14
5683	12
5684	8
5685	6
5686	16
5687	10
5688	16
5689	9
5690	12
5691	16
5692	16
5693	14
5694	12
5695	15
5696	7
5697	15
5698	12
5699	10
5700	13
5701	10
5702	8
5703	9
5704	13
5705	11
5706	15
5707	14
5708	10
5709	11
5710	16
5711	15
5712	10
5713	12
5714	14
5715	13
5716	12
5717	18
5718	13
5719	12
5720	8
5721	7
5722	10
5723	14
5724	12
5725	18
5726	10
5727	12
5728	6
5729	10
5730	11
5731	16
5732	14
5733	13
5734	9
5735	6
5736	10
5737	7
5738	11
5739	6
5740	18
5741	13
5742	9
5743	15
5744	14
5745	10
5746	12
5747	15
5748	9
5749	8
5750	8
5751	6
5752	12
5753	9
5754	11
5755	11
5756	12
5757	15
5758	15
5759	8
5760	10
5761	17
5762	8
5763	3
5764	10
5765	9
5766	12
5767	10
5768	12
5769	13
5770	6
5771	21
5772	8
5773	16
5774	10
5775	18
5776	13
5777	11
5778	14
5779	14
5780	11
5781	18
5782	12
5783	9
5784	14
5785	10
5786	10
5787	10
5788	16
5789	18
5790	10
5791	10
5792	12
5793	8
5794	10
5795	10
5796	11
5797	15
5798	13
5799	14
5800	14
5801	11
5802	13
5803	6
5804	13
5805	17
5806	17
5807	11
5808	9
5809	14
5810	13
5811	13
5812	12
5813	15
5814	13
5815	14
5816	10
5817	11
5818	9
5819	12
5820	11
5821	7
5822	4
5823	9
5824	10
5825	4
5826	12
5827	12
5828	8
5829	9
5830	9
5831	11
5832	10
5833	8
5834	9
5835	11
5836	13
5837	6
5838	13
5839	7
5840	12
5841	18
5842	6
5843	14
5844	9
5845	8
5846	14
5847	18
5848	22
5849	8
5850	12
5851	11
5852	10
5853	19
5854	7
5855	11
5856	5
5857	14
5858	15
5859	15
5860	7
5861	7
5862	12
5863	16
5864	14
5865	10
5866	13
5867	8
5868	8
5869	13
5870	13
5871	14
5872	15
5873	6
5874	11
5875	8
5876	7
5877	14
5878	10
5879	5
5880	18
5881	8
5882	9
5883	9
5884	9
5885	18
5886	15
5887	14
5888	9
5889	10
5890	15
5891	8
5892	10
5893	19
5894	8
5895	8
5896	8
5897	9
5898	12
5899	11
5900	14
5901	14
5902	12
5903	15
5904	7
5905	13
5906	5
5907	10
5908	12
5909	19
5910	18
5911	8
5912	6
5913	15
5914	14
5915	12
5916	11
5917	12
5918	13
5919	10
5920	11
5921	13
5922	13
5923	6
5924	11
5925	11
5926	19
5927	14
5928	11
5929	7
5930	9
5931	13
5932	15
5933	10
5934	17
5935	12
5936	12
5937	13
5938	10
5939	7
5940	11
5941	4
5942	15
5943	14
5944	15
5945	9
5946	9
5947	16
5948	12
5949	7
5950	13
5951	10
5952	15
5953	12
5954	8
5955	6
5956	16
5957	17
5958	9
5959	12
5960	7
5961	7
5962	12
5963	8
5964	14
5965	12
5966	6
5967	6
5968	14
5969	12
5970	7
5971	18
5972	7
5973	13
5974	9
5975	9
5976	12
5977	11
5978	10
5979	10
5980	11
5981	16
5982	17
5983	11
5984	18
5985	8
5986	10
5987	7
5988	6
5989	6
5990	14
5991	7
5992	15
5993	14
5994	15
5995	7
5996	7
5997	9
5998	7
5999	8
6000	13
6001	14
6002	20
6003	9
6004	10
6005	9
6006	10
6007	10
6008	10
6009	11
6010	9
6011	12
6012	13
6013	10
6014	12
6015	13
6016	16
6017	20
6018	10
6019	10
6020	13
6021	9
6022	15
6023	10
6024	12
6025	15
6026	12
6027	14
6028	11
6029	10
6030	11
6031	8
6032	11
6033	14
6034	15
6035	13
6036	9
6037	12
6038	10
6039	12
6040	17
6041	9
6042	19
6043	11
6044	18
6045	15
6046	8
6047	9
6048	13
6049	18
6050	9
6051	13
6052	9
6053	16
6054	12
6055	12
6056	9
6057	13
6058	14
6059	11
6060	10
6061	20
6062	13
6063	9
6064	16
6065	6
6066	12
6067	9
6068	17
6069	10
6070	12
6071	10
6072	12
6073	14
6074	7
6075	10
6076	14
6077	13
6078	14
6079	15
6080	14
6081	17
6082	14
6083	13
6084	10
6085	7
6086	9
6087	14
6088	17
6089	19
6090	15
6091	8
6092	12
6093	7
6094	3
6095	13
6096	16
6097	12
6098	11
6099	14
6100	10
6101	11
6102	13
6103	11
6104	12
6105	9
6106	7
6107	17
6108	8
6109	13
6110	9
6111	13
6112	15
6113	17
6114	10
6115	14
6116	10
6117	12
6118	19
6119	11
6120	15
6121	11
6122	14
6123	10
6124	13
6125	9
6126	15
6127	15
6128	9
6129	15
6130	9
6131	11
6132	12
6133	7
6134	20
6135	10
6136	15
6137	11
6138	19
6139	15
6140	12
6141	14
6142	8
6143	10
6144	14
6145	19
6146	17
6147	16
6148	17
6149	16
6150	15
6151	15
6152	9
6153	6
6154	22
6155	16
6156	10
6157	12
6158	13
6159	11
6160	10
6161	14
6162	18
6163	15
6164	17
6165	17
6166	15
6167	9
6168	8
6169	8
6170	11
6171	11
6172	13
6173	12
6174	8
6175	14
6176	9
6177	17
6178	6
6179	13
6180	9
6181	15
6182	13
6183	12
6184	11
6185	14
6186	10
6187	11
6188	15
6189	12
6190	13
6191	17
6192	12
6193	18
6194	15
6195	12
6196	11
6197	12
6198	6
6199	16
6200	8
6201	12
6202	13
6203	11
6204	9
6205	10
6206	15
6207	7
6208	6
6209	11
6210	10
6211	7
6212	12
6213	8
6214	17
6215	16
6216	5
6217	13
6218	3
6219	11
6220	8
6221	11
6222	11
6223	15
6224	10
6225	17
6226	8
6227	13
6228	11
6229	16
6230	20
6231	14
6232	12
6233	11
6234	14
6235	12
6236	14
6237	16
6238	14
6239	15
6240	8
6241	14
6242	14
6243	17
6244	16
6245	13
6246	13
6247	18
6248	10
6249	15
6250	11
6251	9
6252	15
6253	9
6254	6
6255	15
6256	10
6257	8
6258	8
6259	15
6260	21
6261	8
6262	9
6263	19
6264	13
6265	15
6266	4
6267	15
6268	21
6269	5
6270	9
6271	15
6272	15
6273	13
6274	9
6275	20
6276	17
6277	12
6278	7
6279	24
6280	12
6281	7
6282	13
6283	14
6284	15
6285	9
6286	16
6287	9
6288	18
6289	10
6290	16
6291	10
6292	20
6293	12
6294	9
6295	12
6296	19
6297	17
6298	17
6299	14
6300	15
6301	19
6302	15
6303	16
6304	15
6305	13
6306	15
6307	13
6308	9
6309	17
6310	10
6311	4
6312	8
6313	10
6314	13
6315	12
6316	12
6317	13
6318	15
6319	20
6320	24
6321	7
6322	14
6323	11
6324	12
6325	14
6326	17
6327	13
6328	17
6329	16
6330	11
6331	8
6332	13
6333	20
6334	18
6335	11
6336	12
6337	8
6338	10
6339	19
6340	18
6341	12
6342	8
6343	17
6344	14
6345	17
6346	17
6347	11
6348	23
6349	14
6350	15
6351	11
6352	15
6353	10
6354	16
6355	16
6356	13
6357	14
6358	21
6359	8
6360	18
6361	20
6362	15
6363	17
6364	24
6365	20
6366	16
6367	22
6368	19
6369	18
6370	19
6371	17
6372	23
6373	17
6374	20
6375	16
6376	9
6377	12
6378	20
6379	14
6380	21
6381	17
6382	15
6383	25
6384	11
6385	15
6386	20
6387	12
6388	21
6389	11
6390	15
6391	15
6392	11
6393	12
6394	10
6395	15
6396	20
6397	24
6398	16
6399	14
6400	13
6401	19
6402	27
6403	16
6404	16
6405	12
6406	15
6407	14
6408	16
6409	12
6410	17
6411	21
6412	16
6413	13
6414	10
6415	15
6416	13
6417	13
6418	19
6419	13
6420	15
6421	16
6422	8
6423	12
6424	22
6425	7
6426	14
6427	17
6428	24
6429	11
6430	17
6431	18
6432	16
6433	23
6434	8
6435	17
6436	17
6437	16
6438	19
6439	10
6440	12
6441	25
6442	21
6443	10
6444	25
6445	16
6446	15
6447	12
6448	18
6449	14
6450	12
6451	24
6452	14
6453	21
6454	22
6455	18
6456	22
6457	18
6458	18
6459	17
6460	13
6461	13
6462	16
6463	16
6464	17
6465	19
6466	18
6467	13
6468	26
6469	14
6470	22
6471	19
6472	17
6473	15
6474	17
6475	14
6476	27
6477	19
6478	24
6479	18
6480	25
6481	11
6482	24
6483	19
6484	21
6485	13
6486	16
6487	14
6488	26
6489	20
6490	16
6491	20
6492	21
6493	13
6494	16
6495	23
6496	29
6497	24
6498	20
6499	17
6500	19
6501	17
6502	28
6503	15
6504	25
6505	10
6506	17
6507	15
6508	16
6509	20
6510	22
6511	19
6512	19
6513	15
6514	14
6515	16
6516	20
6517	22
6518	17
6519	22
6520	22
6521	18
6522	20
6523	15
6524	27
6525	17
6526	17
6527	22
6528	21
6529	13
6530	26
6531	14
6532	16
6533	16
6534	22
6535	33
6536	31
6537	21
6538	20
6539	19
6540	22
6541	20
6542	22
6543	25
6544	26
6545	12
6546	16
6547	13
6548	14
6549	15
6550	20
6551	30
6552	17
6553	20
6554	20
6555	16
6556	36
6557	24
6558	15
6559	16
6560	22
6561	24
6562	19
6563	24
6564	19
6565	20
6566	19
6567	12
6568	25
6569	25
6570	23
6571	16
6572	24
6573	27
6574	25
6575	19
6576	28
6577	12
6578	13
6579	29
6580	24
6581	17
6582	8
6583	23
6584	26
6585	13
6586	17
6587	15
6588	16
6589	24
6590	19
6591	23
6592	15
6593	20
6594	28
6595	17
6596	30
6597	18
6598	17
6599	24
6600	26
6601	22
6602	26
6603	27
6604	27
6605	11
6606	19
6607	21
6608	24
6609	29
6610	15
6611	18
6612	15
6613	28
6614	13
6615	28
6616	13
6617	23
6618	21
6619	22
6620	21
6621	18
6622	21
6623	20
6624	24
6625	18
6626	18
6627	23
6628	24
6629	22
6630	25
6631	14
6632	23
6633	22
6634	19
6635	25
6636	24
6637	30
6638	21
6639	27
6640	26
6641	28
6642	29
6643	17
6644	21
6645	19
6646	22
6647	20
6648	27
6649	20
6650	27
6651	27
6652	17
6653	32
6654	28
6655	20
6656	25
6657	23
6658	20
6659	21
6660	19
6661	22
6662	18
6663	31
6664	24
6665	20
6666	18
6667	21
6668	19
6669	22
6670	23
6671	22
6672	15
6673	23
6674	25
6675	26
6676	19
6677	27
6678	19
6679	25
6680	17
6681	19
6682	18
6683	26
6684	24
6685	20
6686	23
6687	16
6688	23
6689	20
6690	20
6691	31
6692	22
6693	21
6694	22
6695	32
6696	17
6697	19
6698	19
6699	27
6700	14
6701	22
6702	11
6703	21
6704	17
6705	21
6706	18
6707	19
6708	23
6709	18
6710	24
6711	25
6712	25
6713	19
6714	22
6715	31
6716	28
6717	21
6718	28
6719	15
6720	14
6721	27
6722	25
6723	28
6724	22
6725	20
6726	23
6727	17
6728	21
6729	21
6730	23
6731	20
6732	28
6733	21
6734	13
6735	30
6736	25
6737	21
6738	28
6739	18
6740	14
6741	19
6742	15
6743	24
6744	19
6745	35
6746	11
6747	16
6748	20
6749	15
6750	14
6751	23
6752	20
6753	21
6754	29
6755	17
6756	27
6757	27
6758	22
6759	14
6760	14
6761	17
6762	31
6763	20
6764	20
6765	16
6766	20
6767	18
6768	26
6769	19
6770	20
6771	16
6772	24
6773	15
6774	26
6775	30
6776	28
6777	29
6778	27
6779	18
6780	21
6781	22
6782	16
6783	22
6784	20
6785	22
6786	17
6787	23
6788	24
6789	21
6790	23
6791	23
6792	19
6793	28
6794	14
6795	23
6796	21
6797	12
6798	16
6799	24
6800	16
6801	23
6802	19
6803	18
6804	21
6805	23
6806	12
6807	13
6808	15
6809	23
6810	21
6811	22
6812	16
6813	20
6814	20
6815	21
6816	15
6817	17
6818	23
6819	22
6820	18
6821	18
6822	15
6823	25
6824	19
6825	14
6826	21
6827	18
6828	21
6829	26
6830	12
6831	20
6832	19
6833	27
6834	19
6835	19
6836	15
6837	21
6838	14
6839	19
6840	12
6841	12
6842	18
6843	20
6844	13
6845	24
6846	18
6847	14
6848	16
6849	14
6850	19
6851	16
6852	14
6853	22
6854	11
6855	20
6856	15
6857	17
6858	10
6859	11
6860	18
6861	20
6862	17
6863	12
6864	21
6865	17
6866	14
6867	10
6868	17
6869	17
6870	13
6871	17
6872	10
6873	13
6874	14
6875	19
6876	16
6877	12
6878	12
6879	12
6880	11
6881	15
6882	15
6883	13
6884	8
6885	23
6886	10
6887	12
6888	13
6889	14
6890	15
6891	11
6892	17
6893	16
6894	13
6895	13
6896	18
6897	21
6898	8
6899	24
6900	13
6901	17
6902	15
6903	9
6904	10
6905	19
6906	9
6907	11
6908	16
6909	19
6910	13
6911	12
6912	9
6913	8
6914	16
6915	14
6916	17
6917	7
6918	12
6919	7
6920	12
6921	14
6922	8
6923	18
6924	11
6925	7
6926	12
6927	9
6928	18
6929	14
6930	12
6931	17
6932	4
6933	13
6934	7
6935	12
6936	4
6937	8
6938	8
6939	12
6940	15
6941	9
6942	14
6943	19
6944	6
6945	8
6946	12
6947	14
6948	6
6949	11
6950	9
6951	9
6952	14
6953	11
6954	14
6955	13
6956	15
6957	14
6958	9
6959	8
6960	12
6961	5
6962	10
6963	13
6964	5
6965	15
6966	10
6967	6
6968	11
6969	9
6970	9
6971	9
6972	11
6973	14
6974	12
6975	8
6976	8
6977	11
6978	8
6979	8
6980	9
6981	6
6982	12
6983	10
6984	8
6985	14
6986	8
6987	12
6988	8
6989	8
6990	8
6991	3
6992	4
6993	4
6994	8
6995	6
6996	13
6997	2
6998	8
6999	5
7000	6
7001	10
7002	5
7003	6
7004	13
7005	8
7006	3
7007	2
7008	12
7009	6
7010	13
7011	5
7012	8
7013	8
7014	10
7015	4
7016	7
7017	5
7018	8
7019	9
7020	1
7021	5
7022	6
7023	6
7024	4
7025	9
7026	5
7027	9
7028	7
7029	9
7030	7
7031	5
7032	8
7033	4
7034	9
7035	6
7036	9
7037	3
7038	6
7039	4
7040	4
7041	4
7042	2
7043	7
7044	6
7045	8
7046	8
7047	5
7048	5
7049	5
7050	3
7051	6
7052	5
7053	5
7054	3
7055	2
7056	5
7057	6
7058	2
7059	4
7060	7
7061	5
7062	4
7063	8
7064	7
7065	3
7066	5
7067	3
7068	5
7069	4
7070	6
7071	2
7072	8
7073	9
7074	5
7075	5
7076	3
7077	1
7078	10
7079	4
7080	3
7081	3
7082	5
7083	3
7084	3
7085	3
7086	4
7087	1
7088	1
7089	2
7090	3
7091	4
7092	6
7093	2
7094	2
7095	2
7096	2
7097	3
7098	4
7099	0
7100	1
7101	2
7102	3
7103	4
7104	5
7105	2
7106	4
7107	3
7108	1
7109	2
7110	3
7111	7
7112	4
7113	2
7114	1
7115	2
7116	4
7117	3
7118	6
7119	4
7120	3
7121	2
7122	2
7123	2
7124	1
7125	0
7126	2
7127	4
7128	2
7129	0
7130	0
7131	4
7132	1
7133	1
7134	3
7135	3
7136	1
7137	5
7138	2
7139	0
7140	0
7141	0
7142	1
7143	3
7144	2
7145	1
7146	2
7147	1
7148	5
7149	2
7150	2
7151	2
7152	1
7153	1
7154	1
7155	2
7156	3
7157	0
7158	1
7159	2
7160	1
7161	5
7162	1
7163	4
7164	2
7165	2
7166	2
7167	2
7168	2
7169	1
7170	1
7171	1
7172	1
7173	1
7174	0
7175	0
7176	2
7177	0
7178	1
7179	0
7180	4
7181	1
7182	0
7183	3
7184	2
7185	5
7186	1
7187	1
7188	2
7189	0
7190	1
7191	1
7192	1
7193	2
7194	2
7195	2
7196	0
7197	1
7198	1
7199	2
7200	3
7201	1
7202	2
7203	0
7204	0
7205	0
7206	4
7207	1
7208	2
7209	0
7210	2
7211	2
7212	3
7213	2
7214	1
7215	2
7216	3
7217	1
7218	2
7219	2
7220	0
7221	1
7222	0
7223	2
7224	1
7225	0
7226	0
7227	1
7228	1
7229	1
7230	0
7231	1
7232	2
7233	1
7234	1
7235	0
7236	1
7237	3
7238	0
7239	1
7240	0
7241	0
7242	4
7243	0
7244	1
7245	1
7246	0
7247	1
7248	0
7249	1
7250	1
7251	1
7252	0
7253	1
7254	0
7255	0
7256	0
7257	1
7258	1
7259	0
7260	2
7261	1
7262	0
7263	1
7264	1
7265	1
7266	3
7267	1
7268	1
7269	1
7270	2
7271	0
7272	1
7273	2
7274	1
7275	0
7276	1
7277	1
7278	0
7279	0
7280	0
7281	0
7282	0
7283	2
7284	0
7285	0
7286	2
7287	3
7288	1
7289	0
7290	1
7291	0
7292	1
7293	1
7294	0
7295	0
7296	1
7297	2
7298	0
7299	0
7300	2
7301	0
7302	0
7303	0
7304	1
7305	1
7306	1
7307	0
7308	1
7309	1
7310	3
7311	0
7312	3
7313	0
7314	0
7315	2
7316	1
7317	0
7318	3
7319	0
7320	1
7321	0
7322	0
7323	1
7324	1
7325	2
7326	1
7327	0
7328	0
7329	0
7330	0
7331	1
7332	1
7333	0
7334	0
7335	0
7336	0
7337	0
7338	1
7339	1
7340	3
7341	2
7342	0
7343	0
7344	0
7345	0
7346	1
7347	1
7348	0
7349	0
7350	1
7351	1
7352	0
7353	0
7354	1
7355	0
7356	0
7357	2
7358	1
7359	0
7360	0
7361	0
7362	0
7363	1
7364	1
7365	1
7366	0
7367	1
7368	0
7369	0
7370	2
7371	0
7372	0
7373	0
7374	0
7375	0
7376	1
7377	0
7378	0
7379	0
7380	0
7381	0
7382	1
7383	1
7384	2
7385	1
7386	0
7387	0
7388	0
7389	0
7390	1
7391	2
7392	0
7393	0
7394	1
7395	0
7396	0
7397	0
7398	2
7399	0
7400	1
7401	1
7402	3
7403	0
7404	0
7405	0
7406	0
7407	1
7408	1
7409	2
7410	0
7411	0
7412	0
7413	0
7414	2
7415	0
7416	1
7417	1
7418	1
7419	2
7420	1
7421	0
7422	0
7423	0
7424	0
7425	0
7426	0
7427	0
7428	0
7429	0
7430	0
7431	1
7432	0
7433	3
7434	0
7435	0
7436	0
7437	0
7438	0
7439	0
7440	1
7441	0
7442	2
7443	0
7444	0
7445	0
7446	1
7447	0
7448	0
7449	1
7450	1
7451	1
7452	0
7453	0
7454	1
7455	1
7456	0
7457	0
7458	0
7459	0
7460	1
7461	0
7462	1
7463	0
7464	0
7465	0
7466	1
7467	0
7468	0
7469	0
7470	1
7471	0
7472	2
7473	0
7474	2
7475	0
7476	3
7477	0
7478	1
7479	0
7480	0
7481	1
7482	1
7483	2
7484	1
7485	0
7486	0
7487	0
7488	1
7489	1
7490	0
7491	1
7492	1
7493	1
7494	0
7495	1
7496	0
7497	0
7498	0
7499	0
7500	0
7501	0
7502	0
7503	0
7504	2
7505	1
7506	0
7507	0
7508	0
7509	1
7510	0
7511	0
7512	0
7513	2
7514	1
7515	1
7516	0
7517	0
7518	0
7519	0
7520	0
7521	0
7522	0
7523	1
7524	0
7525	1
7526	0
7527	0
7528	0
7529	0
7530	0
7531	0
7532	0
7533	2
7534	0
7535	0
7536	0
7537	0
7538	1
7539	0
7540	0
7541	1
7542	0
7543	0
7544	1
7545	0
7546	1
7547	0
7548	0
7549	0
7550	1
7551	1
7552	2
7553	0
7554	0
7555	0
7556	0
7557	1
7558	0
7559	0
7560	1
7561	0
7562	0
7563	1
7564	2
7565	1
7566	1
7567	0
7568	3
7569	2
7570	0
7571	1
7572	1
7573	1
7574	0
7575	1
7576	0
7577	1
7578	0
7579	1
7580	0
7581	1
7582	0
7583	1
7584	1
7585	0
7586	0
7587	2
7588	0
7589	1
7590	1
7591	1
7592	1
7593	0
7594	0
7595	0
7596	0
7597	0
7598	1
7599	0
7600	0
7601	1
7602	2
7603	1
7604	0
7605	0
7606	0
7607	0
7608	0
7609	1
7610	0
7611	1
7612	0
7613	1
7614	0
7615	0
7616	1
7617	1
7618	0
7619	0
7620	0
7621	1
7622	1
7623	3
7624	0
7625	0
7626	0
7627	1
7628	0
7629	1
7630	0
7631	1
7632	1
7633	2
7634	0
7635	0
7636	0
7637	1
7638	1
7639	1
7640	0
7641	0
7642	0
7643	0
7644	1
7645	1
7646	0
7647	1
7648	0
7649	0
7650	0
7651	0
7652	0
7653	0
7654	0
7655	0
7656	0
7657	0
7658	1
7659	0
7660	2
7661	0
7662	0
7663	0
7664	0
7665	1
7666	0
7667	0
7668	0
7669	1
7670	1
7671	0
7672	0
7673	0
7674	0
7675	0
7676	1
7677	0
7678	0
7679	1
7680	0
7681	0
7682	0
7683	2
7684	0
7685	0
7686	1
7687	0
7688	0
7689	0
7690	0
7691	0
7692	0
7693	1
7694	0
7695	0
7696	0
7697	0
7698	0
7699	1
7700	0
7701	1
7702	0
7703	1
7704	2
7705	0
7706	1
7707	0
7708	0
7709	0
7710	1
7711	0
7712	0
7713	1
7714	0
7715	1
7716	0
7717	0
7718	0
7719	1
7720	0
7721	0
7722	0
7723	0
7724	0
7725	1
7726	1
7727	1
7728	0
7729	2
7730	2
7731	0
7732	0
7733	0
7734	1
7735	0
7736	0
7737	0
7738	1
7739	0
7740	1
7741	0
7742	0
7743	2
7744	0
7745	0
7746	2
7747	1
7748	0
7749	0
7750	0
7751	0
7752	1
7753	0
7754	1
7755	0
7756	1
7757	1
7758	1
7759	0
7760	0
7761	0
7762	2
7763	0
7764	0
7765	0
7766	0
7767	2
7768	1
7769	0
7770	1
7771	0
7772	0
7773	0
7774	0
7775	0
7776	0
7777	0
7778	0
7779	1
7780	0
7781	0
7782	0
7783	2
7784	0
7785	0
7786	1
7787	1
7788	1
7789	0
7790	2
7791	1
7792	0
7793	1
7794	0
7795	0
7796	1
7797	0
7798	1
7799	0
7800	1
7801	2
7802	1
7803	1
7804	0
7805	1
7806	0
7807	1
7808	0
7809	0
7810	0
7811	0
7812	0
7813	2
7814	1
7815	1
7816	0
7817	0
7818	1
7819	0
7820	0
7821	1
7822	0
7823	0
7824	1
7825	0
7826	0
7827	0
7828	1
7829	0
7830	1
7831	1
7832	3
7833	0
7834	1
7835	2
7836	0
7837	0
7838	0
7839	0
7840	1
7841	1
7842	0
7843	0
7844	2
7845	1
7846	0
7847	1
7848	0
7849	0
7850	0
7851	0
7852	0
7853	0
7854	0
7855	0
7856	0
7857	0
7858	0
7859	0
7860	1
7861	0
7862	0
7863	0
7864	0
7865	0
7866	1
7867	2
7868	0
7869	0
7870	0
7871	1
7872	0
7873	0
7874	0
7875	1
7876	1
7877	1
7878	0
7879	0
7880	0
7881	0
7882	0
7883	1
7884	0
7885	1
7886	1
7887	0
7888	0
7889	2
7890	0
7891	1
7892	1
7893	1
7894	1
7895	0
7896	0
7897	0
7898	0
7899	0
7900	0
7901	0
7902	0
7903	0
7904	0
7905	0
7906	0
7907	1
7908	1
7909	1
7910	1
7911	0
7912	0
7913	0
7914	0
7915	0
7916	0
7917	0
7918	0
7919	1
7920	1
7921	0
7922	0
7923	1
7924	0
7925	1
7926	0
7927	0
7928	0
7929	1
7930	1
7931	0
7932	1
7933	0
7934	0
7935	2
7936	0
7937	0
7938	0
7939	0
7940	0
7941	0
7942	0
7943	0
7944	1
7945	0
7946	1
7947	0
7948	0
7949	0
7950	0
7951	1
7952	0
7953	0
7954	1
7955	1
7956	0
7957	0
7958	0
7959	1
7960	0
7961	0
7962	1
7963	0
7964	0
7965	0
7966	0
7967	0
7968	0
7969	0
7970	0
7971	1
7972	0
7973	0
7974	0
7975	0
7976	0
7977	0
7978	1
7979	0
7980	0
7981	0
7982	0
7983	1
7984	0
7985	1
7986	1
7987	0
7988	1
7989	0
7990	0
7991	0
7992	0
7993	1
7994	0
7995	1
7996	0
7997	1
7998	0
7999	0
8000	1
8001	1
8002	1
8003	0
8004	0
8005	1
8006	0
8007	1
8008	0
8009	1
8010	0
8011	0
8012	1
8013	1
8014	1
8015	0
8016	1
8017	0
8018	1
8019	0
8020	0
8021	0
8022	0
8023	0
8024	0
8025	0
8026	0
8027	0
8028	1
8029	1
8030	1
8031	1
8032	0
8033	0
8034	0
8035	0
8036	1
8037	1
8038	0
8039	1
8040	1
8041	1
8042	0
8043	0
8044	0
8045	0
8046	0
8047	1
8048	0
8049	0
8050	0
8051	0
8052	0
8053	0
8054	1
8055	0
8056	1
8057	1
8058	0
8059	0
8060	0
8061	1
8062	0
8063	0
8064	1
8065	0
8066	0
8067	1
8068	0
8069	1
8070	0
8071	0
8072	1
8073	0
8074	1
8075	1
8076	0
8077	0
8078	0
8079	0
8080	0
8081	0
8082	1
8083	0
8084	0
8085	0
8086	0
8087	0
8088	1
8089	1
8090	1
8091	1
8092	1
8093	0
8094	0
8095	0
8096	0
8097	0
8098	3
8099	0
8100	0
8101	0
8102	0
8103	0
8104	0
8105	0
8106	0
8107	0
8108	0
8109	0
8110	0
8111	0
8112	0
8113	0
8114	0
8115	0
8116	0
8117	0
8118	0
8119	0
8120	0
8121	0
8122	0
8123	0
8124	0
8125	0
8126	0
8127	0
8128	0
8129	0
8130	0
8131	0
8132	0
8133	0
8134	0
8135	0
8136	0
8137	0
8138	0
8139	0
8140	0
8141	0
8142	0
8143	0
8144	0
8145	0
8146	0
8147	0
8148	0
8149	0
8150	0
8151	0
8152	0
8153	0
8154	0
8155	0
8156	0
8157	0
8158	0
8159	0
8160	0
8161	0
8162	0
8163	0
8164	0
8165	0
8166	0
8167	0
8168	0
8169	0
8170	0
8171	0
8172	0
8173	0
8174	0
8175	0
8176	0
8177	0
8178	0
8179	0
8180	0
8181	0
8182	0
8183	0
8184	0
8185	0
8186	0
8187	0
8188	0
8189	0
8190	0
8191	0
