0	0
1	0
2	0
3	0
4	0
5	0
6	0
7	0
8	0
9	0
10	0
11	0
12	0
13	0
14	0
15	0
16	0
17	0
18	0
19	0
20	0
21	0
22	0
23	0
24	0
25	0
26	0
27	0
28	0
29	0
30	0
31	0
32	0
33	0
34	0
35	0
36	0
37	0
38	0
39	0
40	0
41	0
42	0
43	0
44	0
45	0
46	0
47	0
48	0
49	0
50	0
51	0
52	0
53	0
54	0
55	0
56	0
57	0
58	0
59	0
60	0
61	0
62	0
63	0
64	0
65	0
66	0
67	0
68	0
69	0
70	0
71	0
72	0
73	0
74	0
75	0
76	0
77	0
78	0
79	0
80	0
81	0
82	0
83	0
84	0
85	0
86	0
87	0
88	0
89	0
90	0
91	0
92	0
93	0
94	0
95	0
96	0
97	0
98	0
99	0
100	0
101	0
102	0
103	0
104	0
105	0
106	0
107	0
108	0
109	0
110	0
111	0
112	0
113	0
114	0
115	0
116	0
117	0
118	0
119	0
120	0
121	0
122	0
123	0
124	0
125	0
126	0
127	0
128	0
129	0
130	0
131	0
132	0
133	0
134	0
135	0
136	0
137	0
138	0
139	0
140	0
141	0
142	0
143	0
144	0
145	0
146	0
147	0
148	0
149	0
150	0
151	0
152	0
153	0
154	0
155	0
156	0
157	0
158	0
159	0
160	0
161	0
162	0
163	0
164	0
165	0
166	0
167	0
168	0
169	0
170	0
171	0
172	0
173	0
174	0
175	0
176	0
177	0
178	0
179	0
180	1
181	10
182	25
183	32
184	34
185	38
186	28
187	34
188	22
189	24
190	21
191	22
192	26
193	33
194	22
195	25
196	27
197	19
198	22
199	15
200	30
201	24
202	23
203	26
204	17
205	15
206	14
207	19
208	19
209	17
210	20
211	20
212	20
213	19
214	27
215	21
216	14
217	21
218	24
219	31
220	19
221	19
222	29
223	10
224	22
225	15
226	21
227	18
228	22
229	27
230	24
231	25
232	23
233	23
234	14
235	21
236	27
237	26
238	13
239	22
240	21
241	22
242	21
243	17
244	17
245	19
246	15
247	16
248	21
249	16
250	19
251	15
252	20
253	22
254	20
255	15
256	23
257	22
258	28
259	33
260	23
261	23
262	30
263	16
264	18
265	17
266	17
267	20
268	17
269	22
270	15
271	22
272	12
273	20
274	22
275	25
276	13
277	23
278	20
279	20
280	17
281	12
282	30
283	23
284	21
285	23
286	20
287	22
288	26
289	26
290	22
291	17
292	18
293	26
294	29
295	21
296	19
297	25
298	23
299	15
300	18
301	27
302	22
303	18
304	23
305	27
306	19
307	25
308	24
309	26
310	33
311	26
312	21
313	29
314	20
315	25
316	20
317	15
318	20
319	19
320	21
321	30
322	15
323	24
324	16
325	19
326	20
327	12
328	19
329	20
330	18
331	25
332	22
333	21
334	25
335	22
336	21
337	22
338	15
339	33
340	30
341	19
342	26
343	21
344	30
345	13
346	19
347	22
348	29
349	25
350	29
351	29
352	20
353	25
354	24
355	22
356	24
357	22
358	21
359	19
360	30
361	25
362	26
363	20
364	22
365	26
366	25
367	27
368	21
369	26
370	21
371	23
372	25
373	32
374	17
375	21
376	16
377	20
378	21
379	13
380	22
381	20
382	27
383	28
384	17
385	24
386	25
387	23
388	20
389	26
390	14
391	28
392	16
393	20
394	17
395	20
396	22
397	22
398	22
399	28
400	21
401	21
402	21
403	18
404	26
405	22
406	25
407	26
408	16
409	22
410	26
411	27
412	20
413	26
414	25
415	23
416	32
417	27
418	29
419	24
420	17
421	25
422	25
423	16
424	24
425	28
426	20
427	24
428	21
429	20
430	23
431	26
432	30
433	21
434	23
435	18
436	28
437	25
438	26
439	28
440	21
441	28
442	13
443	33
444	21
445	30
446	12
447	23
448	29
449	22
450	26
451	23
452	28
453	23
454	27
455	23
456	26
457	18
458	31
459	18
460	15
461	14
462	26
463	21
464	21
465	26
466	19
467	21
468	22
469	24
470	22
471	18
472	27
473	29
474	22
475	18
476	26
477	27
478	26
479	18
480	21
481	23
482	24
483	19
484	27
485	24
486	19
487	22
488	20
489	26
490	28
491	26
492	27
493	27
494	22
495	23
496	28
497	26
498	14
499	32
500	26
501	19
502	23
503	34
504	24
505	25
506	22
507	35
508	27
509	31
510	29
511	25
512	34
513	29
514	22
515	35
516	25
517	21
518	22
519	32
520	32
521	17
522	29
523	26
524	27
525	21
526	26
527	29
528	24
529	24
530	28
531	32
532	21
533	21
534	23
535	31
536	21
537	25
538	25
539	22
540	24
541	32
542	28
543	21
544	16
545	21
546	17
547	23
548	22
549	25
550	22
551	33
552	25
553	15
554	17
555	27
556	17
557	26
558	20
559	22
560	24
561	13
562	27
563	32
564	21
565	21
566	24
567	22
568	25
569	26
570	20
571	26
572	28
573	15
574	25
575	28
576	19
577	28
578	24
579	23
580	25
581	28
582	20
583	24
584	26
585	16
586	24
587	25
588	23
589	20
590	19
591	25
592	19
593	23
594	13
595	26
596	33
597	27
598	24
599	18
600	32
601	24
602	16
603	21
604	20
605	31
606	24
607	22
608	25
609	26
610	20
611	24
612	22
613	30
614	25
615	17
616	27
617	28
618	34
619	30
620	22
621	19
622	22
623	26
624	21
625	27
626	25
627	25
628	20
629	27
630	18
631	29
632	28
633	18
634	26
635	20
636	19
637	32
638	30
639	23
640	21
641	21
642	28
643	25
644	23
645	44
646	17
647	22
648	34
649	21
650	27
651	23
652	26
653	30
654	16
655	26
656	18
657	34
658	26
659	20
660	15
661	32
662	31
663	18
664	29
665	25
666	22
667	24
668	26
669	36
670	31
671	34
672	25
673	31
674	18
675	21
676	30
677	28
678	29
679	31
680	26
681	21
682	27
683	31
684	26
685	32
686	29
687	31
688	19
689	24
690	35
691	23
692	32
693	18
694	25
695	25
696	27
697	24
698	21
699	29
700	32
701	35
702	23
703	28
704	29
705	27
706	21
707	25
708	30
709	26
710	19
711	26
712	20
713	26
714	30
715	23
716	31
717	30
718	38
719	26
720	24
721	36
722	24
723	21
724	19
725	25
726	24
727	30
728	34
729	30
730	24
731	28
732	25
733	26
734	28
735	23
736	24
737	37
738	34
739	28
740	21
741	25
742	33
743	27
744	24
745	22
746	28
747	28
748	23
749	29
750	23
751	33
752	22
753	29
754	32
755	33
756	31
757	29
758	32
759	26
760	28
761	31
762	17
763	28
764	31
765	32
766	34
767	44
768	25
769	36
770	27
771	30
772	32
773	30
774	24
775	26
776	43
777	36
778	34
779	35
780	36
781	32
782	35
783	20
784	31
785	31
786	33
787	33
788	37
789	43
790	41
791	28
792	41
793	30
794	31
795	39
796	37
797	45
798	39
799	43
800	32
801	37
802	43
803	31
804	45
805	33
806	45
807	37
808	52
809	41
810	44
811	44
812	42
813	43
814	52
815	36
816	24
817	49
818	43
819	40
820	38
821	51
822	48
823	36
824	46
825	41
826	49
827	50
828	51
829	53
830	45
831	41
832	50
833	43
834	53
835	51
836	53
837	50
838	34
839	54
840	46
841	67
842	58
843	54
844	61
845	59
846	45
847	51
848	71
849	53
850	41
851	51
852	67
853	77
854	51
855	57
856	48
857	61
858	60
859	48
860	47
861	51
862	41
863	63
864	57
865	46
866	60
867	47
868	53
869	57
870	57
871	58
872	64
873	47
874	63
875	56
876	62
877	50
878	47
879	48
880	52
881	57
882	46
883	57
884	56
885	48
886	53
887	47
888	47
889	45
890	64
891	51
892	46
893	39
894	41
895	44
896	50
897	47
898	49
899	32
900	53
901	53
902	48
903	41
904	51
905	46
906	43
907	31
908	38
909	46
910	40
911	42
912	37
913	35
914	36
915	44
916	33
917	34
918	23
919	27
920	28
921	47
922	38
923	38
924	32
925	40
926	39
927	41
928	39
929	40
930	52
931	38
932	30
933	36
934	42
935	40
936	34
937	34
938	37
939	44
940	40
941	33
942	40
943	30
944	35
945	34
946	37
947	38
948	42
949	34
950	43
951	36
952	31
953	39
954	36
955	41
956	33
957	38
958	39
959	45
960	38
961	44
962	46
963	36
964	37
965	36
966	37
967	23
968	45
969	49
970	39
971	38
972	48
973	31
974	37
975	36
976	29
977	33
978	40
979	46
980	41
981	40
982	30
983	34
984	36
985	41
986	47
987	35
988	34
989	53
990	30
991	29
992	34
993	42
994	31
995	34
996	42
997	41
998	42
999	40
1000	31
1001	43
1002	40
1003	40
1004	31
1005	36
1006	39
1007	33
1008	38
1009	34
1010	40
1011	31
1012	38
1013	28
1014	42
1015	32
1016	38
1017	41
1018	46
1019	41
1020	33
1021	38
1022	39
1023	34
1024	33
1025	41
1026	32
1027	27
1028	31
1029	25
1030	31
1031	17
1032	36
1033	23
1034	31
1035	40
1036	35
1037	42
1038	26
1039	30
1040	34
1041	38
1042	30
1043	25
1044	41
1045	42
1046	40
1047	22
1048	42
1049	34
1050	34
1051	39
1052	25
1053	32
1054	31
1055	25
1056	29
1057	24
1058	37
1059	31
1060	26
1061	30
1062	23
1063	33
1064	21
1065	23
1066	26
1067	25
1068	19
1069	34
1070	28
1071	28
1072	22
1073	36
1074	31
1075	31
1076	27
1077	36
1078	30
1079	24
1080	33
1081	24
1082	35
1083	29
1084	31
1085	31
1086	36
1087	37
1088	33
1089	27
1090	23
1091	38
1092	23
1093	27
1094	33
1095	41
1096	26
1097	25
1098	29
1099	34
1100	28
1101	26
1102	32
1103	35
1104	31
1105	33
1106	38
1107	20
1108	34
1109	24
1110	26
1111	28
1112	35
1113	24
1114	46
1115	35
1116	29
1117	25
1118	28
1119	25
1120	44
1121	20
1122	31
1123	26
1124	25
1125	27
1126	34
1127	26
1128	34
1129	37
1130	49
1131	26
1132	29
1133	27
1134	34
1135	32
1136	28
1137	33
1138	30
1139	43
1140	29
1141	22
1142	40
1143	29
1144	34
1145	29
1146	20
1147	25
1148	36
1149	33
1150	30
1151	35
1152	27
1153	38
1154	40
1155	37
1156	27
1157	25
1158	32
1159	21
1160	34
1161	36
1162	31
1163	43
1164	26
1165	25
1166	28
1167	29
1168	25
1169	22
1170	35
1171	32
1172	24
1173	30
1174	30
1175	27
1176	32
1177	31
1178	33
1179	37
1180	29
1181	37
1182	26
1183	46
1184	27
1185	36
1186	28
1187	32
1188	38
1189	40
1190	24
1191	34
1192	34
1193	33
1194	24
1195	38
1196	36
1197	40
1198	34
1199	35
1200	27
1201	28
1202	31
1203	24
1204	45
1205	39
1206	34
1207	35
1208	38
1209	36
1210	29
1211	33
1212	32
1213	35
1214	33
1215	25
1216	39
1217	26
1218	23
1219	32
1220	44
1221	42
1222	38
1223	27
1224	35
1225	22
1226	21
1227	34
1228	35
1229	31
1230	40
1231	32
1232	29
1233	48
1234	45
1235	32
1236	27
1237	31
1238	43
1239	43
1240	37
1241	37
1242	30
1243	35
1244	28
1245	27
1246	34
1247	35
1248	32
1249	35
1250	28
1251	31
1252	37
1253	29
1254	39
1255	40
1256	37
1257	37
1258	31
1259	30
1260	28
1261	41
1262	41
1263	44
1264	31
1265	27
1266	29
1267	42
1268	37
1269	34
1270	36
1271	36
1272	25
1273	35
1274	34
1275	31
1276	37
1277	45
1278	46
1279	40
1280	28
1281	35
1282	34
1283	27
1284	47
1285	28
1286	45
1287	44
1288	33
1289	40
1290	51
1291	47
1292	45
1293	40
1294	48
1295	28
1296	27
1297	40
1298	31
1299	36
1300	25
1301	38
1302	36
1303	42
1304	47
1305	41
1306	21
1307	33
1308	43
1309	42
1310	41
1311	44
1312	46
1313	40
1314	30
1315	54
1316	52
1317	31
1318	37
1319	35
1320	33
1321	40
1322	41
1323	34
1324	36
1325	40
1326	42
1327	37
1328	41
1329	35
1330	45
1331	53
1332	34
1333	41
1334	50
1335	31
1336	39
1337	37
1338	36
1339	28
1340	44
1341	30
1342	38
1343	52
1344	25
1345	39
1346	41
1347	47
1348	39
1349	39
1350	50
1351	44
1352	54
1353	44
1354	41
1355	35
1356	38
1357	35
1358	38
1359	38
1360	32
1361	38
1362	48
1363	37
1364	31
1365	40
1366	41
1367	41
1368	43
1369	47
1370	37
1371	42
1372	21
1373	41
1374	46
1375	46
1376	36
1377	29
1378	35
1379	54
1380	46
1381	36
1382	35
1383	30
1384	48
1385	31
1386	43
1387	48
1388	48
1389	37
1390	45
1391	49
1392	43
1393	48
1394	41
1395	43
1396	43
1397	38
1398	43
1399	42
1400	36
1401	33
1402	39
1403	37
1404	41
1405	43
1406	33
1407	42
1408	37
1409	32
1410	53
1411	36
1412	45
1413	51
1414	29
1415	53
1416	41
1417	48
1418	38
1419	54
1420	43
1421	30
1422	28
1423	52
1424	31
1425	52
1426	49
1427	44
1428	34
1429	49
1430	46
1431	46
1432	44
1433	35
1434	37
1435	37
1436	41
1437	41
1438	43
1439	55
1440	41
1441	42
1442	43
1443	46
1444	39
1445	41
1446	39
1447	58
1448	41
1449	44
1450	38
1451	41
1452	44
1453	36
1454	28
1455	44
1456	38
1457	44
1458	37
1459	29
1460	43
1461	50
1462	43
1463	43
1464	39
1465	25
1466	32
1467	44
1468	37
1469	38
1470	43
1471	55
1472	32
1473	47
1474	34
1475	34
1476	48
1477	39
1478	40
1479	46
1480	43
1481	52
1482	45
1483	48
1484	37
1485	53
1486	34
1487	49
1488	43
1489	52
1490	36
1491	50
1492	52
1493	46
1494	39
1495	41
1496	51
1497	46
1498	51
1499	27
1500	46
1501	41
1502	49
1503	46
1504	49
1505	47
1506	46
1507	38
1508	46
1509	47
1510	41
1511	42
1512	41
1513	38
1514	40
1515	52
1516	43
1517	40
1518	54
1519	42
1520	41
1521	43
1522	44
1523	39
1524	55
1525	41
1526	43
1527	34
1528	51
1529	48
1530	48
1531	38
1532	45
1533	46
1534	33
1535	42
1536	34
1537	33
1538	62
1539	41
1540	35
1541	39
1542	45
1543	47
1544	36
1545	41
1546	61
1547	47
1548	60
1549	47
1550	50
1551	54
1552	45
1553	58
1554	47
1555	38
1556	44
1557	48
1558	42
1559	38
1560	50
1561	37
1562	53
1563	35
1564	34
1565	46
1566	40
1567	47
1568	37
1569	43
1570	34
1571	53
1572	49
1573	41
1574	55
1575	46
1576	49
1577	25
1578	47
1579	53
1580	54
1581	47
1582	47
1583	39
1584	44
1585	45
1586	48
1587	55
1588	52
1589	31
1590	47
1591	45
1592	49
1593	56
1594	39
1595	46
1596	37
1597	49
1598	49
1599	48
1600	38
1601	59
1602	54
1603	47
1604	43
1605	46
1606	56
1607	48
1608	44
1609	58
1610	45
1611	52
1612	51
1613	38
1614	46
1615	58
1616	64
1617	52
1618	56
1619	48
1620	41
1621	46
1622	55
1623	45
1624	56
1625	35
1626	55
1627	35
1628	48
1629	47
1630	51
1631	50
1632	56
1633	59
1634	47
1635	46
1636	53
1637	59
1638	54
1639	40
1640	45
1641	75
1642	39
1643	56
1644	54
1645	46
1646	37
1647	45
1648	53
1649	56
1650	51
1651	56
1652	50
1653	60
1654	49
1655	58
1656	55
1657	55
1658	50
1659	49
1660	47
1661	55
1662	51
1663	46
1664	51
1665	46
1666	24
1667	45
1668	62
1669	49
1670	52
1671	48
1672	56
1673	37
1674	42
1675	50
1676	52
1677	30
1678	51
1679	48
1680	43
1681	61
1682	43
1683	55
1684	49
1685	48
1686	52
1687	42
1688	58
1689	55
1690	49
1691	49
1692	61
1693	44
1694	61
1695	47
1696	62
1697	46
1698	53
1699	42
1700	48
1701	53
1702	53
1703	66
1704	51
1705	54
1706	55
1707	55
1708	64
1709	39
1710	49
1711	33
1712	42
1713	58
1714	58
1715	62
1716	50
1717	59
1718	44
1719	47
1720	42
1721	58
1722	49
1723	43
1724	50
1725	51
1726	52
1727	37
1728	43
1729	38
1730	51
1731	45
1732	60
1733	39
1734	61
1735	51
1736	51
1737	58
1738	45
1739	49
1740	46
1741	40
1742	43
1743	55
1744	65
1745	58
1746	50
1747	50
1748	59
1749	61
1750	56
1751	46
1752	56
1753	58
1754	52
1755	46
1756	38
1757	46
1758	41
1759	51
1760	35
1761	46
1762	53
1763	47
1764	58
1765	58
1766	51
1767	43
1768	56
1769	49
1770	50
1771	43
1772	50
1773	45
1774	50
1775	49
1776	49
1777	52
1778	62
1779	54
1780	65
1781	63
1782	44
1783	56
1784	58
1785	44
1786	46
1787	53
1788	45
1789	52
1790	41
1791	32
1792	67
1793	56
1794	50
1795	49
1796	66
1797	60
1798	63
1799	47
1800	53
1801	68
1802	47
1803	63
1804	46
1805	52
1806	53
1807	56
1808	44
1809	41
1810	60
1811	50
1812	57
1813	59
1814	44
1815	50
1816	44
1817	52
1818	41
1819	50
1820	45
1821	73
1822	55
1823	52
1824	60
1825	44
1826	72
1827	45
1828	65
1829	51
1830	66
1831	50
1832	59
1833	40
1834	65
1835	59
1836	48
1837	49
1838	51
1839	46
1840	59
1841	52
1842	56
1843	59
1844	52
1845	54
1846	59
1847	52
1848	51
1849	54
1850	43
1851	44
1852	42
1853	67
1854	55
1855	61
1856	59
1857	37
1858	37
1859	46
1860	57
1861	52
1862	73
1863	62
1864	47
1865	56
1866	47
1867	56
1868	60
1869	58
1870	42
1871	56
1872	58
1873	39
1874	53
1875	49
1876	68
1877	56
1878	61
1879	56
1880	56
1881	66
1882	55
1883	38
1884	53
1885	49
1886	53
1887	53
1888	64
1889	51
1890	40
1891	41
1892	54
1893	50
1894	46
1895	49
1896	62
1897	56
1898	61
1899	50
1900	43
1901	48
1902	45
1903	56
1904	52
1905	70
1906	54
1907	61
1908	67
1909	56
1910	60
1911	58
1912	70
1913	48
1914	42
1915	33
1916	65
1917	64
1918	67
1919	59
1920	58
1921	52
1922	39
1923	68
1924	54
1925	54
1926	58
1927	57
1928	53
1929	50
1930	53
1931	58
1932	55
1933	47
1934	74
1935	52
1936	60
1937	61
1938	39
1939	58
1940	51
1941	55
1942	53
1943	52
1944	72
1945	55
1946	52
1947	47
1948	51
1949	65
1950	64
1951	53
1952	48
1953	50
1954	49
1955	51
1956	64
1957	51
1958	62
1959	59
1960	66
1961	55
1962	58
1963	59
1964	60
1965	57
1966	48
1967	42
1968	59
1969	49
1970	57
1971	48
1972	62
1973	54
1974	66
1975	51
1976	54
1977	59
1978	51
1979	63
1980	58
1981	66
1982	60
1983	48
1984	51
1985	64
1986	71
1987	56
1988	57
1989	58
1990	48
1991	72
1992	49
1993	51
1994	53
1995	50
1996	59
1997	65
1998	57
1999	47
2000	58
2001	73
2002	61
2003	55
2004	54
2005	64
2006	46
2007	52
2008	69
2009	47
2010	56
2011	53
2012	63
2013	50
2014	67
2015	64
2016	71
2017	45
2018	57
2019	58
2020	51
2021	49
2022	48
2023	48
2024	47
2025	49
2026	40
2027	57
2028	75
2029	57
2030	73
2031	50
2032	49
2033	58
2034	57
2035	55
2036	50
2037	54
2038	53
2039	52
2040	65
2041	45
2042	57
2043	68
2044	50
2045	55
2046	50
2047	69
2048	40
2049	66
2050	58
2051	64
2052	52
2053	45
2054	53
2055	52
2056	55
2057	49
2058	48
2059	60
2060	41
2061	62
2062	51
2063	66
2064	50
2065	54
2066	60
2067	52
2068	66
2069	59
2070	52
2071	51
2072	59
2073	59
2074	48
2075	44
2076	58
2077	64
2078	57
2079	58
2080	55
2081	58
2082	48
2083	56
2084	70
2085	61
2086	66
2087	55
2088	51
2089	46
2090	52
2091	53
2092	45
2093	56
2094	51
2095	43
2096	63
2097	61
2098	58
2099	50
2100	57
2101	45
2102	58
2103	58
2104	51
2105	52
2106	57
2107	53
2108	60
2109	56
2110	58
2111	59
2112	48
2113	40
2114	58
2115	59
2116	59
2117	61
2118	65
2119	58
2120	43
2121	75
2122	60
2123	51
2124	65
2125	61
2126	60
2127	55
2128	58
2129	51
2130	40
2131	39
2132	61
2133	51
2134	65
2135	42
2136	70
2137	49
2138	62
2139	61
2140	49
2141	57
2142	52
2143	68
2144	59
2145	52
2146	45
2147	64
2148	48
2149	57
2150	52
2151	50
2152	59
2153	63
2154	53
2155	66
2156	58
2157	57
2158	56
2159	61
2160	69
2161	59
2162	55
2163	50
2164	62
2165	57
2166	52
2167	50
2168	51
2169	65
2170	60
2171	67
2172	66
2173	54
2174	62
2175	58
2176	52
2177	47
2178	55
2179	77
2180	54
2181	48
2182	69
2183	63
2184	53
2185	48
2186	74
2187	63
2188	67
2189	48
2190	61
2191	57
2192	58
2193	54
2194	62
2195	63
2196	51
2197	46
2198	63
2199	50
2200	48
2201	57
2202	60
2203	58
2204	61
2205	70
2206	56
2207	58
2208	56
2209	58
2210	56
2211	58
2212	58
2213	54
2214	62
2215	51
2216	57
2217	66
2218	56
2219	49
2220	65
2221	51
2222	45
2223	56
2224	64
2225	60
2226	52
2227	53
2228	51
2229	59
2230	53
2231	54
2232	63
2233	54
2234	59
2235	62
2236	57
2237	69
2238	55
2239	67
2240	53
2241	35
2242	51
2243	66
2244	43
2245	52
2246	48
2247	53
2248	52
2249	46
2250	54
2251	63
2252	49
2253	64
2254	56
2255	48
2256	50
2257	51
2258	51
2259	62
2260	46
2261	59
2262	49
2263	52
2264	47
2265	57
2266	49
2267	56
2268	60
2269	60
2270	58
2271	49
2272	53
2273	46
2274	56
2275	54
2276	68
2277	61
2278	58
2279	61
2280	51
2281	60
2282	57
2283	51
2284	59
2285	64
2286	55
2287	65
2288	61
2289	55
2290	63
2291	56
2292	62
2293	44
2294	38
2295	62
2296	51
2297	52
2298	51
2299	75
2300	52
2301	61
2302	56
2303	40
2304	53
2305	67
2306	51
2307	47
2308	53
2309	46
2310	48
2311	64
2312	53
2313	52
2314	65
2315	51
2316	54
2317	50
2318	48
2319	62
2320	54
2321	48
2322	36
2323	51
2324	60
2325	51
2326	50
2327	42
2328	45
2329	45
2330	60
2331	48
2332	56
2333	41
2334	60
2335	54
2336	47
2337	53
2338	58
2339	62
2340	41
2341	46
2342	65
2343	48
2344	47
2345	54
2346	59
2347	50
2348	62
2349	47
2350	44
2351	50
2352	53
2353	57
2354	45
2355	57
2356	55
2357	54
2358	59
2359	52
2360	46
2361	59
2362	31
2363	51
2364	50
2365	59
2366	47
2367	44
2368	51
2369	55
2370	54
2371	33
2372	51
2373	46
2374	48
2375	61
2376	49
2377	47
2378	49
2379	52
2380	50
2381	43
2382	43
2383	47
2384	45
2385	42
2386	48
2387	52
2388	54
2389	60
2390	63
2391	45
2392	46
2393	57
2394	49
2395	64
2396	51
2397	49
2398	53
2399	40
2400	53
2401	47
2402	56
2403	48
2404	42
2405	53
2406	47
2407	58
2408	41
2409	54
2410	41
2411	53
2412	46
2413	39
2414	56
2415	50
2416	52
2417	45
2418	58
2419	47
2420	55
2421	46
2422	55
2423	40
2424	41
2425	51
2426	49
2427	43
2428	51
2429	38
2430	68
2431	52
2432	48
2433	33
2434	49
2435	51
2436	50
2437	45
2438	49
2439	48
2440	53
2441	38
2442	35
2443	44
2444	36
2445	45
2446	54
2447	57
2448	42
2449	50
2450	50
2451	45
2452	52
2453	50
2454	51
2455	43
2456	31
2457	46
2458	45
2459	51
2460	43
2461	49
2462	49
2463	57
2464	47
2465	47
2466	36
2467	49
2468	53
2469	47
2470	58
2471	46
2472	36
2473	51
2474	54
2475	46
2476	56
2477	41
2478	40
2479	49
2480	58
2481	46
2482	61
2483	46
2484	35
2485	30
2486	40
2487	42
2488	49
2489	47
2490	39
2491	55
2492	58
2493	36
2494	43
2495	54
2496	43
2497	52
2498	45
2499	42
2500	44
2501	50
2502	50
2503	35
2504	38
2505	36
2506	55
2507	43
2508	51
2509	54
2510	47
2511	53
2512	47
2513	38
2514	49
2515	56
2516	57
2517	48
2518	35
2519	46
2520	48
2521	42
2522	54
2523	51
2524	34
2525	53
2526	48
2527	49
2528	53
2529	33
2530	35
2531	42
2532	40
2533	42
2534	46
2535	59
2536	42
2537	35
2538	28
2539	39
2540	44
2541	41
2542	53
2543	50
2544	48
2545	39
2546	38
2547	55
2548	38
2549	43
2550	60
2551	45
2552	39
2553	41
2554	51
2555	39
2556	54
2557	41
2558	37
2559	32
2560	45
2561	43
2562	50
2563	47
2564	49
2565	37
2566	34
2567	34
2568	38
2569	55
2570	49
2571	48
2572	46
2573	38
2574	44
2575	36
2576	47
2577	36
2578	45
2579	48
2580	37
2581	55
2582	37
2583	37
2584	50
2585	46
2586	53
2587	51
2588	55
2589	42
2590	50
2591	43
2592	48
2593	48
2594	35
2595	44
2596	45
2597	48
2598	55
2599	56
2600	44
2601	37
2602	46
2603	47
2604	40
2605	47
2606	38
2607	46
2608	38
2609	45
2610	44
2611	36
2612	61
2613	37
2614	52
2615	56
2616	43
2617	39
2618	38
2619	47
2620	42
2621	46
2622	48
2623	46
2624	48
2625	47
2626	42
2627	38
2628	50
2629	42
2630	47
2631	48
2632	31
2633	43
2634	49
2635	52
2636	33
2637	46
2638	44
2639	41
2640	42
2641	49
2642	47
2643	47
2644	41
2645	41
2646	36
2647	37
2648	43
2649	45
2650	45
2651	50
2652	49
2653	42
2654	43
2655	28
2656	42
2657	39
2658	42
2659	38
2660	47
2661	40
2662	38
2663	39
2664	46
2665	44
2666	50
2667	41
2668	45
2669	37
2670	54
2671	41
2672	51
2673	47
2674	37
2675	41
2676	50
2677	36
2678	32
2679	55
2680	34
2681	52
2682	56
2683	63
2684	31
2685	44
2686	47
2687	50
2688	50
2689	47
2690	57
2691	38
2692	43
2693	44
2694	39
2695	49
2696	39
2697	51
2698	37
2699	40
2700	43
2701	47
2702	44
2703	50
2704	47
2705	45
2706	40
2707	53
2708	54
2709	50
2710	44
2711	40
2712	34
2713	32
2714	46
2715	48
2716	43
2717	58
2718	38
2719	47
2720	38
2721	47
2722	48
2723	48
2724	35
2725	38
2726	38
2727	61
2728	43
2729	37
2730	36
2731	49
2732	47
2733	39
2734	45
2735	46
2736	36
2737	48
2738	40
2739	54
2740	39
2741	24
2742	41
2743	43
2744	37
2745	43
2746	46
2747	38
2748	47
2749	46
2750	39
2751	46
2752	39
2753	45
2754	30
2755	42
2756	35
2757	44
2758	32
2759	54
2760	41
2761	32
2762	45
2763	41
2764	37
2765	38
2766	53
2767	42
2768	40
2769	38
2770	45
2771	38
2772	41
2773	34
2774	51
2775	49
2776	40
2777	34
2778	48
2779	36
2780	38
2781	38
2782	42
2783	45
2784	42
2785	54
2786	33
2787	41
2788	47
2789	42
2790	34
2791	26
2792	36
2793	35
2794	48
2795	38
2796	40
2797	44
2798	35
2799	43
2800	39
2801	37
2802	46
2803	35
2804	32
2805	38
2806	43
2807	51
2808	43
2809	43
2810	45
2811	43
2812	41
2813	35
2814	36
2815	30
2816	40
2817	29
2818	47
2819	38
2820	35
2821	43
2822	55
2823	32
2824	43
2825	44
2826	43
2827	35
2828	46
2829	35
2830	45
2831	42
2832	41
2833	35
2834	45
2835	44
2836	37
2837	29
2838	43
2839	31
2840	39
2841	43
2842	41
2843	45
2844	41
2845	36
2846	40
2847	37
2848	28
2849	43
2850	40
2851	34
2852	39
2853	39
2854	41
2855	42
2856	40
2857	38
2858	35
2859	33
2860	32
2861	37
2862	42
2863	39
2864	41
2865	32
2866	38
2867	44
2868	43
2869	27
2870	39
2871	51
2872	31
2873	42
2874	57
2875	30
2876	38
2877	40
2878	38
2879	36
2880	33
2881	42
2882	33
2883	41
2884	34
2885	40
2886	33
2887	42
2888	31
2889	45
2890	39
2891	41
2892	28
2893	39
2894	38
2895	54
2896	30
2897	39
2898	41
2899	36
2900	30
2901	49
2902	36
2903	43
2904	34
2905	53
2906	41
2907	43
2908	35
2909	37
2910	42
2911	44
2912	49
2913	36
2914	41
2915	41
2916	38
2917	43
2918	30
2919	31
2920	34
2921	34
2922	50
2923	39
2924	36
2925	42
2926	39
2927	36
2928	29
2929	40
2930	31
2931	35
2932	37
2933	35
2934	49
2935	30
2936	33
2937	36
2938	36
2939	43
2940	34
2941	40
2942	35
2943	43
2944	33
2945	35
2946	49
2947	43
2948	44
2949	35
2950	36
2951	34
2952	30
2953	32
2954	47
2955	35
2956	36
2957	40
2958	28
2959	51
2960	43
2961	41
2962	40
2963	40
2964	40
2965	45
2966	33
2967	37
2968	33
2969	36
2970	46
2971	29
2972	34
2973	38
2974	35
2975	38
2976	30
2977	43
2978	32
2979	42
2980	35
2981	32
2982	36
2983	43
2984	56
2985	48
2986	33
2987	36
2988	29
2989	30
2990	41
2991	43
2992	29
2993	27
2994	34
2995	38
2996	39
2997	38
2998	27
2999	43
3000	42
3001	35
3002	44
3003	48
3004	28
3005	40
3006	31
3007	29
3008	34
3009	46
3010	32
3011	38
3012	40
3013	32
3014	32
3015	39
3016	41
3017	37
3018	31
3019	36
3020	25
3021	33
3022	30
3023	39
3024	38
3025	36
3026	44
3027	38
3028	35
3029	27
3030	38
3031	39
3032	38
3033	41
3034	41
3035	35
3036	41
3037	38
3038	39
3039	37
3040	33
3041	30
3042	47
3043	38
3044	22
3045	35
3046	35
3047	34
3048	37
3049	31
3050	48
3051	40
3052	29
3053	32
3054	43
3055	36
3056	36
3057	25
3058	36
3059	38
3060	38
3061	37
3062	36
3063	39
3064	32
3065	34
3066	25
3067	42
3068	41
3069	42
3070	38
3071	35
3072	31
3073	37
3074	51
3075	39
3076	44
3077	40
3078	32
3079	28
3080	37
3081	55
3082	33
3083	40
3084	48
3085	32
3086	35
3087	36
3088	39
3089	35
3090	29
3091	38
3092	36
3093	32
3094	32
3095	39
3096	42
3097	35
3098	48
3099	33
3100	27
3101	29
3102	31
3103	30
3104	33
3105	27
3106	36
3107	32
3108	34
3109	36
3110	37
3111	29
3112	43
3113	39
3114	38
3115	27
3116	34
3117	35
3118	36
3119	37
3120	31
3121	35
3122	40
3123	34
3124	38
3125	41
3126	36
3127	40
3128	36
3129	37
3130	26
3131	38
3132	52
3133	27
3134	34
3135	38
3136	23
3137	36
3138	39
3139	33
3140	21
3141	29
3142	31
3143	41
3144	33
3145	37
3146	34
3147	36
3148	27
3149	44
3150	29
3151	30
3152	21
3153	32
3154	29
3155	25
3156	22
3157	38
3158	39
3159	30
3160	39
3161	47
3162	29
3163	36
3164	44
3165	36
3166	33
3167	28
3168	33
3169	36
3170	30
3171	35
3172	39
3173	35
3174	27
3175	46
3176	31
3177	21
3178	28
3179	20
3180	23
3181	36
3182	25
3183	36
3184	31
3185	31
3186	40
3187	39
3188	41
3189	41
3190	33
3191	33
3192	33
3193	42
3194	39
3195	39
3196	36
3197	25
3198	49
3199	33
3200	32
3201	30
3202	27
3203	46
3204	45
3205	35
3206	28
3207	34
3208	43
3209	48
3210	33
3211	29
3212	32
3213	35
3214	32
3215	34
3216	33
3217	19
3218	35
3219	33
3220	39
3221	22
3222	38
3223	30
3224	33
3225	29
3226	31
3227	37
3228	29
3229	26
3230	39
3231	34
3232	33
3233	30
3234	21
3235	38
3236	39
3237	41
3238	47
3239	30
3240	32
3241	33
3242	38
3243	36
3244	34
3245	30
3246	26
3247	34
3248	28
3249	39
3250	30
3251	28
3252	37
3253	30
3254	37
3255	39
3256	36
3257	29
3258	37
3259	40
3260	38
3261	34
3262	37
3263	29
3264	26
3265	45
3266	33
3267	28
3268	35
3269	27
3270	34
3271	29
3272	38
3273	27
3274	35
3275	33
3276	34
3277	27
3278	29
3279	19
3280	34
3281	39
3282	33
3283	30
3284	28
3285	41
3286	36
3287	36
3288	36
3289	31
3290	29
3291	38
3292	33
3293	33
3294	43
3295	37
3296	30
3297	50
3298	40
3299	32
3300	35
3301	43
3302	31
3303	42
3304	36
3305	32
3306	33
3307	36
3308	29
3309	37
3310	31
3311	37
3312	40
3313	36
3314	40
3315	33
3316	36
3317	50
3318	32
3319	28
3320	32
3321	38
3322	35
3323	28
3324	49
3325	26
3326	38
3327	39
3328	35
3329	37
3330	31
3331	51
3332	29
3333	27
3334	36
3335	40
3336	45
3337	32
3338	41
3339	33
3340	29
3341	33
3342	31
3343	28
3344	27
3345	31
3346	38
3347	39
3348	39
3349	37
3350	32
3351	28
3352	33
3353	38
3354	31
3355	30
3356	36
3357	32
3358	32
3359	29
3360	25
3361	32
3362	33
3363	34
3364	30
3365	34
3366	22
3367	31
3368	25
3369	34
3370	38
3371	31
3372	35
3373	25
3374	34
3375	31
3376	27
3377	37
3378	32
3379	29
3380	29
3381	37
3382	25
3383	33
3384	31
3385	35
3386	35
3387	33
3388	44
3389	36
3390	42
3391	29
3392	28
3393	29
3394	39
3395	31
3396	35
3397	30
3398	29
3399	28
3400	23
3401	27
3402	30
3403	38
3404	37
3405	32
3406	30
3407	34
3408	50
3409	25
3410	42
3411	25
3412	33
3413	21
3414	25
3415	33
3416	42
3417	39
3418	32
3419	39
3420	41
3421	33
3422	39
3423	40
3424	33
3425	37
3426	31
3427	35
3428	29
3429	29
3430	42
3431	33
3432	21
3433	32
3434	27
3435	27
3436	31
3437	35
3438	38
3439	24
3440	38
3441	31
3442	33
3443	36
3444	28
3445	33
3446	28
3447	31
3448	29
3449	23
3450	28
3451	26
3452	42
3453	23
3454	43
3455	30
3456	25
3457	32
3458	23
3459	34
3460	32
3461	49
3462	28
3463	31
3464	42
3465	26
3466	32
3467	28
3468	33
3469	31
3470	34
3471	28
3472	40
3473	27
3474	39
3475	32
3476	33
3477	29
3478	25
3479	35
3480	25
3481	29
3482	32
3483	37
3484	32
3485	28
3486	37
3487	33
3488	31
3489	31
3490	29
3491	23
3492	37
3493	34
3494	32
3495	31
3496	35
3497	32
3498	34
3499	31
3500	33
3501	32
3502	30
3503	37
3504	31
3505	26
3506	25
3507	36
3508	43
3509	37
3510	37
3511	43
3512	21
3513	23
3514	33
3515	26
3516	33
3517	43
3518	32
3519	30
3520	25
3521	38
3522	34
3523	31
3524	32
3525	25
3526	34
3527	25
3528	40
3529	41
3530	28
3531	25
3532	28
3533	32
3534	30
3535	41
3536	35
3537	35
3538	26
3539	30
3540	37
3541	35
3542	35
3543	29
3544	27
3545	31
3546	26
3547	34
3548	24
3549	25
3550	32
3551	25
3552	35
3553	27
3554	37
3555	33
3556	37
3557	36
3558	41
3559	35
3560	29
3561	29
3562	25
3563	35
3564	30
3565	30
3566	37
3567	28
3568	22
3569	29
3570	36
3571	35
3572	33
3573	33
3574	24
3575	37
3576	29
3577	33
3578	30
3579	32
3580	19
3581	29
3582	27
3583	29
3584	29
3585	30
3586	30
3587	34
3588	40
3589	28
3590	34
3591	36
3592	24
3593	23
3594	32
3595	39
3596	35
3597	36
3598	26
3599	29
3600	37
3601	25
3602	37
3603	28
3604	34
3605	32
3606	34
3607	32
3608	26
3609	30
3610	31
3611	27
3612	25
3613	30
3614	35
3615	29
3616	32
3617	30
3618	29
3619	32
3620	34
3621	29
3622	33
3623	28
3624	38
3625	27
3626	33
3627	30
3628	39
3629	39
3630	19
3631	33
3632	31
3633	28
3634	34
3635	25
3636	40
3637	34
3638	22
3639	29
3640	43
3641	31
3642	38
3643	27
3644	27
3645	28
3646	37
3647	29
3648	23
3649	30
3650	32
3651	37
3652	39
3653	41
3654	39
3655	35
3656	31
3657	32
3658	27
3659	33
3660	28
3661	29
3662	41
3663	36
3664	40
3665	22
3666	40
3667	32
3668	31
3669	43
3670	36
3671	34
3672	35
3673	32
3674	35
3675	35
3676	31
3677	44
3678	35
3679	27
3680	24
3681	35
3682	32
3683	35
3684	30
3685	29
3686	32
3687	41
3688	33
3689	47
3690	40
3691	39
3692	32
3693	35
3694	25
3695	26
3696	38
3697	28
3698	25
3699	30
3700	34
3701	34
3702	26
3703	25
3704	28
3705	39
3706	41
3707	34
3708	38
3709	35
3710	36
3711	31
3712	42
3713	33
3714	37
3715	32
3716	35
3717	39
3718	43
3719	38
3720	24
3721	25
3722	35
3723	28
3724	34
3725	43
3726	29
3727	38
3728	42
3729	50
3730	25
3731	34
3732	34
3733	44
3734	32
3735	36
3736	35
3737	33
3738	37
3739	30
3740	24
3741	34
3742	44
3743	35
3744	33
3745	41
3746	26
3747	34
3748	34
3749	38
3750	35
3751	39
3752	36
3753	23
3754	32
3755	26
3756	42
3757	41
3758	41
3759	41
3760	38
3761	32
3762	21
3763	35
3764	33
3765	33
3766	42
3767	43
3768	27
3769	28
3770	31
3771	21
3772	41
3773	22
3774	32
3775	39
3776	38
3777	29
3778	35
3779	32
3780	36
3781	40
3782	30
3783	24
3784	31
3785	39
3786	32
3787	39
3788	47
3789	37
3790	26
3791	25
3792	33
3793	38
3794	34
3795	46
3796	48
3797	31
3798	40
3799	31
3800	39
3801	22
3802	34
3803	33
3804	31
3805	36
3806	32
3807	34
3808	31
3809	42
3810	38
3811	44
3812	37
3813	31
3814	31
3815	38
3816	32
3817	33
3818	27
3819	30
3820	32
3821	33
3822	31
3823	35
3824	37
3825	34
3826	34
3827	38
3828	39
3829	40
3830	45
3831	38
3832	44
3833	47
3834	30
3835	45
3836	38
3837	23
3838	42
3839	35
3840	32
3841	35
3842	45
3843	35
3844	37
3845	30
3846	36
3847	30
3848	31
3849	28
3850	35
3851	41
3852	36
3853	35
3854	39
3855	47
3856	46
3857	37
3858	33
3859	39
3860	37
3861	45
3862	37
3863	31
3864	38
3865	34
3866	36
3867	47
3868	28
3869	31
3870	31
3871	38
3872	45
3873	51
3874	34
3875	35
3876	39
3877	36
3878	25
3879	44
3880	25
3881	44
3882	27
3883	43
3884	43
3885	35
3886	46
3887	33
3888	42
3889	38
3890	49
3891	27
3892	40
3893	42
3894	35
3895	23
3896	39
3897	36
3898	40
3899	38
3900	30
3901	38
3902	32
3903	40
3904	37
3905	34
3906	54
3907	37
3908	39
3909	26
3910	35
3911	26
3912	34
3913	39
3914	38
3915	44
3916	41
3917	48
3918	30
3919	35
3920	46
3921	24
3922	39
3923	37
3924	42
3925	36
3926	49
3927	44
3928	35
3929	34
3930	34
3931	45
3932	38
3933	39
3934	37
3935	36
3936	34
3937	36
3938	41
3939	38
3940	40
3941	35
3942	38
3943	28
3944	32
3945	48
3946	40
3947	38
3948	31
3949	38
3950	42
3951	37
3952	40
3953	36
3954	37
3955	42
3956	39
3957	29
3958	30
3959	36
3960	34
3961	43
3962	32
3963	36
3964	32
3965	45
3966	33
3967	49
3968	51
3969	30
3970	38
3971	54
3972	39
3973	31
3974	39
3975	45
3976	36
3977	38
3978	36
3979	44
3980	48
3981	40
3982	50
3983	34
3984	26
3985	46
3986	46
3987	34
3988	46
3989	27
3990	40
3991	38
3992	31
3993	35
3994	54
3995	29
3996	53
3997	36
3998	37
3999	31
4000	39
4001	37
4002	44
4003	47
4004	34
4005	34
4006	38
4007	48
4008	39
4009	40
4010	39
4011	41
4012	41
4013	47
4014	36
4015	48
4016	37
4017	41
4018	37
4019	52
4020	37
4021	30
4022	34
4023	40
4024	49
4025	34
4026	50
4027	29
4028	36
4029	43
4030	43
4031	47
4032	37
4033	37
4034	40
4035	46
4036	44
4037	28
4038	35
4039	53
4040	35
4041	33
4042	41
4043	40
4044	33
4045	38
4046	47
4047	47
4048	34
4049	48
4050	38
4051	42
4052	35
4053	45
4054	43
4055	42
4056	36
4057	53
4058	42
4059	45
4060	38
4061	39
4062	37
4063	43
4064	48
4065	48
4066	35
4067	42
4068	53
4069	46
4070	44
4071	41
4072	47
4073	47
4074	30
4075	41
4076	42
4077	34
4078	48
4079	24
4080	40
4081	49
4082	42
4083	26
4084	34
4085	38
4086	35
4087	42
4088	38
4089	35
4090	34
4091	49
4092	43
4093	41
4094	29
4095	44
4096	42
4097	27
4098	29
4099	39
4100	45
4101	45
4102	38
4103	44
4104	45
4105	33
4106	49
4107	25
4108	46
4109	47
4110	48
4111	39
4112	58
4113	29
4114	52
4115	55
4116	36
4117	37
4118	35
4119	53
4120	38
4121	42
4122	44
4123	42
4124	31
4125	47
4126	29
4127	39
4128	29
4129	41
4130	44
4131	42
4132	46
4133	49
4134	37
4135	41
4136	41
4137	41
4138	37
4139	36
4140	43
4141	49
4142	38
4143	48
4144	37
4145	52
4146	39
4147	39
4148	46
4149	34
4150	34
4151	38
4152	47
4153	43
4154	45
4155	43
4156	30
4157	35
4158	39
4159	47
4160	37
4161	47
4162	32
4163	44
4164	60
4165	35
4166	49
4167	37
4168	34
4169	52
4170	49
4171	38
4172	40
4173	39
4174	43
4175	45
4176	38
4177	46
4178	38
4179	42
4180	42
4181	48
4182	39
4183	45
4184	41
4185	44
4186	29
4187	46
4188	34
4189	43
4190	36
4191	43
4192	45
4193	34
4194	32
4195	51
4196	35
4197	40
4198	29
4199	33
4200	36
4201	49
4202	41
4203	32
4204	40
4205	33
4206	45
4207	29
4208	37
4209	41
4210	45
4211	34
4212	37
4213	38
4214	44
4215	36
4216	42
4217	40
4218	49
4219	41
4220	46
4221	48
4222	46
4223	50
4224	55
4225	42
4226	40
4227	38
4228	44
4229	46
4230	46
4231	31
4232	38
4233	32
4234	37
4235	47
4236	38
4237	39
4238	41
4239	49
4240	35
4241	39
4242	35
4243	40
4244	35
4245	51
4246	46
4247	34
4248	33
4249	34
4250	40
4251	44
4252	45
4253	43
4254	44
4255	46
4256	46
4257	40
4258	34
4259	51
4260	43
4261	32
4262	45
4263	34
4264	40
4265	33
4266	55
4267	33
4268	39
4269	45
4270	34
4271	46
4272	30
4273	38
4274	41
4275	48
4276	47
4277	39
4278	34
4279	37
4280	56
4281	41
4282	35
4283	36
4284	38
4285	33
4286	51
4287	49
4288	25
4289	33
4290	36
4291	39
4292	41
4293	32
4294	34
4295	37
4296	52
4297	40
4298	54
4299	37
4300	35
4301	44
4302	33
4303	47
4304	39
4305	40
4306	42
4307	46
4308	40
4309	43
4310	43
4311	36
4312	44
4313	44
4314	35
4315	44
4316	48
4317	32
4318	31
4319	39
4320	46
4321	41
4322	38
4323	48
4324	42
4325	40
4326	38
4327	50
4328	34
4329	37
4330	32
4331	39
4332	44
4333	41
4334	36
4335	42
4336	33
4337	35
4338	40
4339	38
4340	37
4341	35
4342	37
4343	36
4344	48
4345	44
4346	40
4347	34
4348	38
4349	32
4350	41
4351	49
4352	33
4353	28
4354	33
4355	37
4356	37
4357	38
4358	38
4359	45
4360	38
4361	55
4362	35
4363	37
4364	36
4365	41
4366	40
4367	35
4368	34
4369	44
4370	39
4371	24
4372	35
4373	44
4374	31
4375	38
4376	20
4377	35
4378	34
4379	36
4380	40
4381	44
4382	41
4383	39
4384	40
4385	35
4386	31
4387	29
4388	43
4389	35
4390	31
4391	34
4392	38
4393	46
4394	42
4395	38
4396	30
4397	45
4398	35
4399	29
4400	44
4401	33
4402	31
4403	39
4404	33
4405	36
4406	44
4407	44
4408	45
4409	25
4410	32
4411	37
4412	49
4413	33
4414	27
4415	32
4416	48
4417	25
4418	34
4419	40
4420	37
4421	38
4422	38
4423	40
4424	45
4425	32
4426	38
4427	33
4428	29
4429	30
4430	47
4431	39
4432	32
4433	42
4434	37
4435	28
4436	40
4437	36
4438	33
4439	44
4440	42
4441	30
4442	46
4443	45
4444	32
4445	41
4446	40
4447	31
4448	40
4449	30
4450	38
4451	19
4452	37
4453	20
4454	25
4455	48
4456	38
4457	32
4458	32
4459	23
4460	26
4461	46
4462	27
4463	32
4464	35
4465	23
4466	29
4467	42
4468	32
4469	37
4470	31
4471	36
4472	29
4473	36
4474	34
4475	30
4476	31
4477	39
4478	40
4479	26
4480	32
4481	29
4482	40
4483	33
4484	26
4485	31
4486	25
4487	31
4488	28
4489	42
4490	22
4491	33
4492	40
4493	37
4494	42
4495	32
4496	26
4497	33
4498	36
4499	30
4500	45
4501	37
4502	48
4503	38
4504	32
4505	25
4506	24
4507	46
4508	33
4509	27
4510	41
4511	26
4512	40
4513	29
4514	30
4515	39
4516	30
4517	48
4518	27
4519	31
4520	34
4521	35
4522	29
4523	38
4524	34
4525	41
4526	32
4527	30
4528	25
4529	35
4530	27
4531	36
4532	30
4533	39
4534	31
4535	34
4536	34
4537	32
4538	36
4539	37
4540	38
4541	18
4542	28
4543	31
4544	30
4545	28
4546	24
4547	22
4548	34
4549	32
4550	37
4551	27
4552	36
4553	23
4554	25
4555	35
4556	33
4557	23
4558	24
4559	27
4560	41
4561	33
4562	32
4563	28
4564	23
4565	32
4566	39
4567	33
4568	29
4569	31
4570	30
4571	37
4572	29
4573	32
4574	18
4575	37
4576	30
4577	21
4578	23
4579	32
4580	31
4581	25
4582	17
4583	28
4584	24
4585	31
4586	22
4587	28
4588	28
4589	37
4590	22
4591	16
4592	30
4593	31
4594	37
4595	30
4596	31
4597	35
4598	35
4599	19
4600	33
4601	21
4602	32
4603	37
4604	38
4605	35
4606	30
4607	23
4608	26
4609	35
4610	32
4611	27
4612	26
4613	27
4614	27
4615	24
4616	30
4617	23
4618	25
4619	26
4620	32
4621	19
4622	26
4623	23
4624	30
4625	31
4626	24
4627	31
4628	27
4629	34
4630	26
4631	36
4632	36
4633	24
4634	24
4635	31
4636	29
4637	26
4638	40
4639	34
4640	31
4641	25
4642	30
4643	25
4644	23
4645	24
4646	30
4647	34
4648	26
4649	27
4650	23
4651	24
4652	22
4653	26
4654	27
4655	22
4656	27
4657	30
4658	24
4659	34
4660	30
4661	32
4662	29
4663	28
4664	27
4665	22
4666	38
4667	27
4668	37
4669	23
4670	24
4671	23
4672	26
4673	34
4674	28
4675	40
4676	37
4677	19
4678	30
4679	25
4680	19
4681	31
4682	32
4683	23
4684	32
4685	23
4686	28
4687	26
4688	22
4689	28
4690	22
4691	26
4692	30
4693	28
4694	22
4695	24
4696	26
4697	18
4698	26
4699	20
4700	18
4701	33
4702	18
4703	27
4704	31
4705	18
4706	32
4707	31
4708	21
4709	28
4710	21
4711	27
4712	32
4713	31
4714	26
4715	25
4716	26
4717	22
4718	26
4719	39
4720	30
4721	31
4722	25
4723	25
4724	23
4725	21
4726	28
4727	24
4728	22
4729	23
4730	23
4731	14
4732	30
4733	21
4734	34
4735	29
4736	29
4737	31
4738	32
4739	18
4740	30
4741	28
4742	17
4743	22
4744	25
4745	17
4746	18
4747	23
4748	27
4749	31
4750	28
4751	17
4752	20
4753	23
4754	35
4755	16
4756	25
4757	29
4758	20
4759	25
4760	26
4761	22
4762	29
4763	18
4764	22
4765	22
4766	25
4767	26
4768	27
4769	16
4770	26
4771	20
4772	18
4773	21
4774	28
4775	29
4776	19
4777	32
4778	20
4779	16
4780	19
4781	27
4782	37
4783	25
4784	29
4785	25
4786	21
4787	33
4788	25
4789	20
4790	18
4791	25
4792	26
4793	23
4794	21
4795	22
4796	25
4797	27
4798	24
4799	21
4800	23
4801	24
4802	20
4803	20
4804	26
4805	19
4806	33
4807	20
4808	21
4809	23
4810	24
4811	25
4812	23
4813	24
4814	16
4815	26
4816	24
4817	18
4818	16
4819	20
4820	16
4821	27
4822	26
4823	18
4824	25
4825	25
4826	18
4827	16
4828	21
4829	27
4830	24
4831	27
4832	22
4833	26
4834	21
4835	21
4836	20
4837	34
4838	22
4839	23
4840	20
4841	16
4842	22
4843	16
4844	27
4845	22
4846	24
4847	22
4848	22
4849	27
4850	21
4851	33
4852	25
4853	19
4854	28
4855	27
4856	20
4857	24
4858	26
4859	26
4860	29
4861	22
4862	24
4863	19
4864	23
4865	26
4866	31
4867	17
4868	25
4869	24
4870	19
4871	22
4872	9
4873	30
4874	24
4875	27
4876	24
4877	21
4878	24
4879	18
4880	30
4881	16
4882	26
4883	14
4884	20
4885	14
4886	21
4887	17
4888	15
4889	18
4890	21
4891	23
4892	22
4893	24
4894	27
4895	21
4896	24
4897	25
4898	25
4899	17
4900	24
4901	25
4902	28
4903	16
4904	22
4905	25
4906	25
4907	27
4908	13
4909	28
4910	16
4911	19
4912	25
4913	14
4914	20
4915	26
4916	26
4917	30
4918	16
4919	24
4920	21
4921	23
4922	21
4923	25
4924	15
4925	18
4926	13
4927	13
4928	26
4929	21
4930	25
4931	18
4932	23
4933	25
4934	19
4935	22
4936	32
4937	12
4938	18
4939	19
4940	22
4941	28
4942	16
4943	13
4944	18
4945	23
4946	19
4947	20
4948	32
4949	22
4950	31
4951	19
4952	26
4953	20
4954	20
4955	21
4956	25
4957	24
4958	19
4959	20
4960	25
4961	22
4962	18
4963	17
4964	16
4965	26
4966	21
4967	12
4968	18
4969	17
4970	16
4971	16
4972	20
4973	17
4974	31
4975	24
4976	15
4977	9
4978	21
4979	22
4980	23
4981	29
4982	20
4983	25
4984	22
4985	27
4986	18
4987	28
4988	14
4989	16
4990	12
4991	27
4992	15
4993	15
4994	25
4995	25
4996	15
4997	17
4998	23
4999	22
5000	14
5001	23
5002	23
5003	24
5004	18
5005	15
5006	18
5007	20
5008	24
5009	16
5010	22
5011	21
5012	20
5013	21
5014	17
5015	22
5016	18
5017	20
5018	17
5019	19
5020	20
5021	17
5022	20
5023	15
5024	22
5025	14
5026	20
5027	18
5028	26
5029	17
5030	14
5031	15
5032	17
5033	18
5034	19
5035	18
5036	16
5037	22
5038	11
5039	21
5040	27
5041	13
5042	17
5043	18
5044	15
5045	12
5046	22
5047	22
5048	15
5049	19
5050	15
5051	21
5052	21
5053	17
5054	20
5055	20
5056	15
5057	13
5058	18
5059	15
5060	20
5061	21
5062	12
5063	20
5064	13
5065	19
5066	16
5067	16
5068	18
5069	13
5070	15
5071	13
5072	15
5073	19
5074	16
5075	19
5076	15
5077	16
5078	23
5079	17
5080	20
5081	23
5082	19
5083	13
5084	15
5085	24
5086	16
5087	18
5088	24
5089	17
5090	11
5091	24
5092	14
5093	17
5094	14
5095	18
5096	17
5097	21
5098	17
5099	21
5100	17
5101	10
5102	19
5103	17
5104	13
5105	26
5106	21
5107	14
5108	20
5109	17
5110	22
5111	17
5112	15
5113	23
5114	15
5115	22
5116	15
5117	18
5118	17
5119	21
5120	15
5121	17
5122	21
5123	19
5124	16
5125	17
5126	18
5127	17
5128	15
5129	21
5130	13
5131	23
5132	10
5133	15
5134	16
5135	12
5136	14
5137	16
5138	15
5139	16
5140	16
5141	20
5142	20
5143	16
5144	11
5145	18
5146	14
5147	22
5148	15
5149	18
5150	23
5151	19
5152	20
5153	15
5154	20
5155	13
5156	14
5157	12
5158	18
5159	14
5160	13
5161	16
5162	16
5163	12
5164	14
5165	17
5166	23
5167	14
5168	13
5169	15
5170	11
5171	21
5172	12
5173	19
5174	15
5175	17
5176	16
5177	16
5178	16
5179	15
5180	22
5181	10
5182	10
5183	21
5184	18
5185	11
5186	12
5187	17
5188	18
5189	18
5190	14
5191	17
5192	13
5193	10
5194	16
5195	14
5196	15
5197	16
5198	9
5199	15
5200	21
5201	11
5202	23
5203	19
5204	13
5205	14
5206	18
5207	19
5208	19
5209	15
5210	11
5211	10
5212	20
5213	23
5214	15
5215	22
5216	20
5217	17
5218	12
5219	18
5220	13
5221	20
5222	16
5223	15
5224	13
5225	12
5226	14
5227	9
5228	9
5229	10
5230	19
5231	17
5232	17
5233	18
5234	12
5235	13
5236	15
5237	17
5238	14
5239	15
5240	14
5241	11
5242	19
5243	13
5244	10
5245	18
5246	17
5247	15
5248	16
5249	11
5250	23
5251	13
5252	20
5253	17
5254	16
5255	16
5256	16
5257	22
5258	15
5259	21
5260	15
5261	19
5262	15
5263	10
5264	11
5265	16
5266	15
5267	15
5268	15
5269	21
5270	10
5271	15
5272	14
5273	16
5274	10
5275	18
5276	20
5277	12
5278	16
5279	18
5280	12
5281	24
5282	15
5283	10
5284	13
5285	15
5286	5
5287	11
5288	17
5289	9
5290	18
5291	11
5292	9
5293	26
5294	19
5295	15
5296	9
5297	23
5298	14
5299	5
5300	13
5301	13
5302	16
5303	14
5304	13
5305	9
5306	14
5307	14
5308	10
5309	25
5310	13
5311	11
5312	17
5313	15
5314	16
5315	13
5316	18
5317	11
5318	16
5319	17
5320	11
5321	18
5322	16
5323	13
5324	11
5325	15
5326	19
5327	14
5328	11
5329	19
5330	12
5331	25
5332	10
5333	17
5334	14
5335	10
5336	26
5337	7
5338	13
5339	10
5340	18
5341	13
5342	12
5343	14
5344	20
5345	10
5346	14
5347	13
5348	12
5349	18
5350	10
5351	19
5352	20
5353	12
5354	7
5355	21
5356	10
5357	6
5358	4
5359	15
5360	14
5361	18
5362	11
5363	11
5364	12
5365	11
5366	17
5367	11
5368	15
5369	12
5370	11
5371	11
5372	8
5373	13
5374	15
5375	14
5376	13
5377	11
5378	17
5379	18
5380	18
5381	9
5382	16
5383	8
5384	14
5385	13
5386	9
5387	16
5388	14
5389	14
5390	11
5391	9
5392	14
5393	11
5394	11
5395	20
5396	16
5397	13
5398	16
5399	12
5400	20
5401	22
5402	11
5403	10
5404	16
5405	12
5406	8
5407	12
5408	11
5409	14
5410	7
5411	9
5412	11
5413	6
5414	13
5415	12
5416	13
5417	15
5418	12
5419	10
5420	16
5421	13
5422	17
5423	16
5424	10
5425	16
5426	10
5427	10
5428	14
5429	14
5430	9
5431	14
5432	12
5433	16
5434	16
5435	13
5436	11
5437	16
5438	15
5439	10
5440	15
5441	15
5442	5
5443	14
5444	13
5445	13
5446	12
5447	11
5448	15
5449	16
5450	5
5451	12
5452	14
5453	12
5454	15
5455	14
5456	13
5457	14
5458	16
5459	13
5460	16
5461	11
5462	25
5463	18
5464	13
5465	13
5466	13
5467	14
5468	12
5469	8
5470	13
5471	10
5472	14
5473	12
5474	10
5475	21
5476	14
5477	9
5478	14
5479	12
5480	15
5481	18
5482	8
5483	13
5484	11
5485	13
5486	14
5487	9
5488	20
5489	9
5490	7
5491	14
5492	11
5493	15
5494	12
5495	12
5496	12
5497	16
5498	14
5499	15
5500	14
5501	7
5502	19
5503	16
5504	15
5505	12
5506	11
5507	12
5508	20
5509	15
5510	5
5511	11
5512	8
5513	12
5514	17
5515	14
5516	10
5517	19
5518	12
5519	13
5520	10
5521	13
5522	6
5523	13
5524	13
5525	13
5526	8
5527	17
5528	3
5529	12
5530	9
5531	10
5532	8
5533	14
5534	11
5535	11
5536	16
5537	14
5538	19
5539	11
5540	14
5541	13
5542	16
5543	8
5544	17
5545	14
5546	11
5547	24
5548	9
5549	10
5550	6
5551	15
5552	10
5553	10
5554	14
5555	12
5556	9
5557	8
5558	8
5559	12
5560	15
5561	11
5562	18
5563	5
5564	14
5565	11
5566	13
5567	10
5568	12
5569	12
5570	4
5571	7
5572	7
5573	9
5574	8
5575	18
5576	18
5577	12
5578	13
5579	11
5580	15
5581	10
5582	18
5583	16
5584	10
5585	10
5586	9
5587	13
5588	6
5589	16
5590	8
5591	16
5592	7
5593	17
5594	15
5595	14
5596	10
5597	7
5598	8
5599	7
5600	11
5601	13
5602	9
5603	14
5604	17
5605	12
5606	13
5607	13
5608	13
5609	9
5610	19
5611	13
5612	6
5613	6
5614	17
5615	7
5616	10
5617	11
5618	11
5619	10
5620	9
5621	11
5622	7
5623	11
5624	7
5625	11
5626	21
5627	11
5628	14
5629	13
5630	11
5631	11
5632	8
5633	11
5634	9
5635	13
5636	10
5637	7
5638	12
5639	12
5640	13
5641	10
5642	21
5643	20
5644	12
5645	5
5646	14
5647	13
5648	13
5649	14
5650	6
5651	17
5652	10
5653	13
5654	10
5655	19
5656	7
5657	18
5658	15
5659	10
5660	10
5661	16
5662	9
5663	7
5664	11
5665	8
5666	12
5667	9
5668	14
5669	7
5670	14
5671	11
5672	13
5673	9
5674	13
5675	8
5676	12
5677	11
5678	12
5679	8
5680	10
5681	12
5682	15
5683	10
5684	19
5685	5
5686	10
5687	13
5688	18
5689	10
5690	19
5691	9
5692	7
5693	8
5694	11
5695	14
5696	6
5697	7
5698	10
5699	10
5700	8
5701	9
5702	10
5703	18
5704	8
5705	11
5706	15
5707	11
5708	10
5709	9
5710	13
5711	7
5712	11
5713	14
5714	12
5715	13
5716	18
5717	9
5718	15
5719	10
5720	11
5721	15
5722	9
5723	8
5724	6
5725	9
5726	10
5727	14
5728	11
5729	9
5730	14
5731	11
5732	10
5733	11
5734	12
5735	12
5736	10
5737	15
5738	12
5739	7
5740	11
5741	11
5742	11
5743	11
5744	10
5745	11
5746	10
5747	7
5748	15
5749	11
5750	8
5751	8
5752	9
5753	7
5754	12
5755	7
5756	9
5757	16
5758	7
5759	19
5760	7
5761	12
5762	16
5763	12
5764	15
5765	15
5766	10
5767	6
5768	11
5769	10
5770	9
5771	13
5772	20
5773	11
5774	10
5775	14
5776	11
5777	11
5778	14
5779	8
5780	13
5781	12
5782	12
5783	12
5784	10
5785	7
5786	5
5787	14
5788	9
5789	9
5790	14
5791	11
5792	14
5793	12
5794	10
5795	14
5796	17
5797	9
5798	6
5799	10
5800	5
5801	18
5802	13
5803	6
5804	12
5805	10
5806	8
5807	8
5808	11
5809	13
5810	11
5811	12
5812	16
5813	8
5814	14
5815	12
5816	14
5817	12
5818	18
5819	12
5820	15
5821	10
5822	9
5823	11
5824	10
5825	7
5826	12
5827	12
5828	13
5829	8
5830	11
5831	9
5832	5
5833	9
5834	6
5835	10
5836	4
5837	15
5838	12
5839	13
5840	12
5841	10
5842	8
5843	7
5844	10
5845	9
5846	13
5847	12
5848	9
5849	8
5850	9
5851	11
5852	4
5853	16
5854	10
5855	11
5856	8
5857	7
5858	8
5859	13
5860	11
5861	9
5862	9
5863	10
5864	4
5865	7
5866	11
5867	8
5868	20
5869	8
5870	10
5871	9
5872	8
5873	9
5874	7
5875	13
5876	12
5877	15
5878	15
5879	8
5880	21
5881	17
5882	8
5883	5
5884	13
5885	9
5886	10
5887	9
5888	10
5889	19
5890	8
5891	14
5892	8
5893	8
5894	11
5895	9
5896	16
5897	9
5898	10
5899	9
5900	9
5901	9
5902	7
5903	7
5904	11
5905	8
5906	8
5907	7
5908	10
5909	13
5910	10
5911	7
5912	12
5913	13
5914	8
5915	8
5916	11
5917	6
5918	10
5919	14
5920	8
5921	10
5922	7
5923	5
5924	8
5925	10
5926	13
5927	11
5928	10
5929	10
5930	8
5931	8
5932	12
5933	8
5934	7
5935	6
5936	13
5937	11
5938	11
5939	18
5940	15
5941	11
5942	10
5943	11
5944	11
5945	12
5946	6
5947	7
5948	13
5949	9
5950	8
5951	10
5952	10
5953	15
5954	8
5955	15
5956	5
5957	11
5958	9
5959	10
5960	9
5961	11
5962	14
5963	11
5964	14
5965	10
5966	6
5967	4
5968	15
5969	10
5970	12
5971	10
5972	11
5973	16
5974	9
5975	13
5976	12
5977	16
5978	11
5979	9
5980	5
5981	12
5982	10
5983	9
5984	11
5985	3
5986	9
5987	12
5988	12
5989	9
5990	9
5991	6
5992	10
5993	9
5994	10
5995	12
5996	9
5997	6
5998	17
5999	9
6000	9
6001	13
6002	10
6003	16
6004	13
6005	6
6006	10
6007	10
6008	18
6009	12
6010	12
6011	12
6012	13
6013	7
6014	9
6015	12
6016	12
6017	8
6018	10
6019	14
6020	8
6021	10
6022	10
6023	10
6024	10
6025	9
6026	10
6027	7
6028	14
6029	8
6030	11
6031	11
6032	7
6033	11
6034	14
6035	7
6036	10
6037	7
6038	9
6039	12
6040	7
6041	11
6042	10
6043	10
6044	10
6045	11
6046	11
6047	8
6048	11
6049	8
6050	12
6051	7
6052	6
6053	6
6054	3
6055	9
6056	16
6057	8
6058	9
6059	7
6060	6
6061	13
6062	8
6063	17
6064	12
6065	12
6066	10
6067	8
6068	11
6069	5
6070	12
6071	11
6072	16
6073	7
6074	12
6075	11
6076	6
6077	9
6078	12
6079	7
6080	9
6081	12
6082	4
6083	9
6084	15
6085	8
6086	3
6087	9
6088	13
6089	16
6090	15
6091	12
6092	11
6093	12
6094	15
6095	5
6096	7
6097	14
6098	11
6099	6
6100	11
6101	8
6102	11
6103	7
6104	5
6105	12
6106	13
6107	6
6108	9
6109	13
6110	12
6111	15
6112	14
6113	7
6114	8
6115	12
6116	7
6117	9
6118	4
6119	6
6120	9
6121	14
6122	11
6123	12
6124	7
6125	11
6126	7
6127	9
6128	12
6129	8
6130	11
6131	10
6132	8
6133	9
6134	8
6135	13
6136	10
6137	14
6138	14
6139	10
6140	11
6141	10
6142	11
6143	5
6144	9
6145	12
6146	10
6147	8
6148	9
6149	8
6150	12
6151	8
6152	14
6153	12
6154	9
6155	6
6156	7
6157	9
6158	10
6159	10
6160	11
6161	9
6162	11
6163	8
6164	7
6165	11
6166	11
6167	9
6168	11
6169	11
6170	5
6171	10
6172	9
6173	9
6174	8
6175	9
6176	3
6177	8
6178	15
6179	16
6180	12
6181	11
6182	8
6183	11
6184	12
6185	7
6186	12
6187	8
6188	9
6189	5
6190	18
6191	12
6192	13
6193	13
6194	12
6195	8
6196	11
6197	15
6198	10
6199	6
6200	9
6201	10
6202	12
6203	10
6204	12
6205	9
6206	13
6207	11
6208	10
6209	16
6210	7
6211	12
6212	12
6213	7
6214	14
6215	16
6216	10
6217	6
6218	8
6219	11
6220	10
6221	6
6222	11
6223	10
6224	15
6225	7
6226	12
6227	11
6228	16
6229	14
6230	9
6231	9
6232	6
6233	13
6234	8
6235	10
6236	11
6237	11
6238	9
6239	16
6240	11
6241	11
6242	8
6243	7
6244	12
6245	12
6246	12
6247	7
6248	7
6249	10
6250	11
6251	6
6252	9
6253	12
6254	13
6255	13
6256	7
6257	14
6258	12
6259	8
6260	9
6261	10
6262	9
6263	10
6264	10
6265	7
6266	6
6267	4
6268	7
6269	12
6270	12
6271	7
6272	6
6273	10
6274	11
6275	15
6276	13
6277	9
6278	8
6279	17
6280	13
6281	11
6282	16
6283	9
6284	10
6285	13
6286	11
6287	11
6288	13
6289	9
6290	11
6291	6
6292	9
6293	9
6294	7
6295	12
6296	11
6297	9
6298	7
6299	13
6300	6
6301	13
6302	17
6303	11
6304	11
6305	9
6306	7
6307	8
6308	11
6309	10
6310	9
6311	15
6312	14
6313	7
6314	10
6315	10
6316	5
6317	11
6318	12
6319	9
6320	11
6321	10
6322	13
6323	16
6324	14
6325	7
6326	7
6327	9
6328	11
6329	12
6330	12
6331	18
6332	21
6333	10
6334	11
6335	15
6336	7
6337	11
6338	14
6339	13
6340	7
6341	13
6342	13
6343	14
6344	10
6345	10
6346	4
6347	9
6348	16
6349	8
6350	9
6351	16
6352	13
6353	15
6354	17
6355	17
6356	13
6357	9
6358	17
6359	9
6360	8
6361	13
6362	12
6363	8
6364	7
6365	10
6366	9
6367	20
6368	11
6369	9
6370	10
6371	18
6372	10
6373	12
6374	7
6375	11
6376	9
6377	17
6378	14
6379	13
6380	16
6381	13
6382	13
6383	15
6384	10
6385	10
6386	10
6387	11
6388	12
6389	11
6390	18
6391	9
6392	9
6393	15
6394	13
6395	10
6396	10
6397	16
6398	19
6399	9
6400	10
6401	12
6402	11
6403	11
6404	16
6405	13
6406	16
6407	18
6408	20
6409	15
6410	15
6411	15
6412	8
6413	2
6414	10
6415	13
6416	17
6417	17
6418	22
6419	13
6420	12
6421	10
6422	15
6423	12
6424	11
6425	15
6426	6
6427	9
6428	17
6429	10
6430	15
6431	13
6432	10
6433	10
6434	20
6435	7
6436	19
6437	11
6438	11
6439	10
6440	13
6441	19
6442	15
6443	16
6444	9
6445	16
6446	17
6447	16
6448	7
6449	14
6450	17
6451	17
6452	20
6453	21
6454	13
6455	15
6456	13
6457	16
6458	14
6459	21
6460	10
6461	17
6462	16
6463	12
6464	15
6465	13
6466	14
6467	10
6468	15
6469	14
6470	18
6471	14
6472	13
6473	5
6474	19
6475	14
6476	13
6477	13
6478	11
6479	15
6480	9
6481	11
6482	12
6483	10
6484	18
6485	15
6486	18
6487	19
6488	17
6489	11
6490	12
6491	13
6492	13
6493	14
6494	10
6495	16
6496	20
6497	12
6498	18
6499	8
6500	25
6501	17
6502	24
6503	9
6504	14
6505	16
6506	13
6507	15
6508	10
6509	12
6510	17
6511	23
6512	21
6513	10
6514	17
6515	15
6516	22
6517	18
6518	15
6519	10
6520	17
6521	20
6522	14
6523	17
6524	12
6525	12
6526	17
6527	12
6528	13
6529	18
6530	22
6531	20
6532	19
6533	23
6534	19
6535	14
6536	12
6537	14
6538	10
6539	12
6540	18
6541	17
6542	18
6543	13
6544	15
6545	16
6546	17
6547	14
6548	11
6549	11
6550	10
6551	19
6552	12
6553	16
6554	23
6555	12
6556	20
6557	17
6558	13
6559	26
6560	20
6561	9
6562	20
6563	14
6564	14
6565	11
6566	19
6567	19
6568	11
6569	9
6570	14
6571	18
6572	14
6573	16
6574	21
6575	16
6576	16
6577	13
6578	9
6579	23
6580	14
6581	14
6582	17
6583	17
6584	16
6585	10
6586	14
6587	19
6588	19
6589	16
6590	17
6591	11
6592	19
6593	15
6594	18
6595	18
6596	16
6597	10
6598	19
6599	19
6600	16
6601	15
6602	11
6603	17
6604	16
6605	15
6606	10
6607	9
6608	16
6609	16
6610	19
6611	16
6612	18
6613	15
6614	16
6615	18
6616	11
6617	10
6618	21
6619	17
6620	13
6621	18
6622	22
6623	9
6624	21
6625	15
6626	13
6627	18
6628	16
6629	20
6630	17
6631	11
6632	20
6633	12
6634	15
6635	19
6636	17
6637	18
6638	19
6639	19
6640	12
6641	10
6642	15
6643	20
6644	23
6645	14
6646	17
6647	15
6648	17
6649	14
6650	11
6651	21
6652	13
6653	18
6654	21
6655	17
6656	18
6657	29
6658	10
6659	15
6660	20
6661	19
6662	22
6663	24
6664	14
6665	18
6666	18
6667	9
6668	13
6669	16
6670	17
6671	21
6672	22
6673	11
6674	12
6675	15
6676	22
6677	9
6678	15
6679	13
6680	19
6681	18
6682	15
6683	14
6684	22
6685	21
6686	16
6687	14
6688	18
6689	13
6690	22
6691	13
6692	20
6693	19
6694	16
6695	19
6696	20
6697	12
6698	15
6699	20
6700	17
6701	10
6702	19
6703	25
6704	15
6705	19
6706	13
6707	18
6708	16
6709	13
6710	9
6711	21
6712	19
6713	20
6714	18
6715	17
6716	17
6717	16
6718	23
6719	16
6720	10
6721	13
6722	17
6723	18
6724	13
6725	26
6726	19
6727	17
6728	7
6729	12
6730	22
6731	21
6732	14
6733	11
6734	19
6735	13
6736	6
6737	18
6738	26
6739	18
6740	14
6741	17
6742	17
6743	17
6744	22
6745	15
6746	19
6747	18
6748	11
6749	19
6750	23
6751	10
6752	18
6753	17
6754	13
6755	14
6756	20
6757	14
6758	10
6759	12
6760	26
6761	22
6762	14
6763	17
6764	16
6765	15
6766	17
6767	12
6768	11
6769	10
6770	16
6771	14
6772	16
6773	19
6774	11
6775	15
6776	16
6777	9
6778	15
6779	21
6780	17
6781	17
6782	17
6783	13
6784	16
6785	20
6786	16
6787	13
6788	22
6789	13
6790	16
6791	15
6792	20
6793	15
6794	6
6795	18
6796	8
6797	19
6798	19
6799	18
6800	12
6801	17
6802	6
6803	19
6804	17
6805	12
6806	9
6807	18
6808	9
6809	20
6810	15
6811	17
6812	12
6813	13
6814	7
6815	12
6816	14
6817	18
6818	18
6819	15
6820	10
6821	19
6822	10
6823	18
6824	11
6825	9
6826	20
6827	8
6828	13
6829	11
6830	21
6831	10
6832	8
6833	14
6834	16
6835	9
6836	14
6837	11
6838	9
6839	10
6840	11
6841	13
6842	12
6843	16
6844	15
6845	9
6846	15
6847	12
6848	7
6849	10
6850	9
6851	12
6852	14
6853	8
6854	13
6855	10
6856	13
6857	9
6858	16
6859	16
6860	9
6861	12
6862	14
6863	7
6864	17
6865	12
6866	8
6867	12
6868	5
6869	12
6870	3
6871	12
6872	9
6873	8
6874	17
6875	8
6876	11
6877	18
6878	13
6879	16
6880	13
6881	8
6882	10
6883	8
6884	14
6885	11
6886	6
6887	11
6888	12
6889	8
6890	5
6891	12
6892	14
6893	9
6894	7
6895	10
6896	9
6897	8
6898	17
6899	18
6900	13
6901	6
6902	12
6903	9
6904	14
6905	13
6906	9
6907	7
6908	15
6909	4
6910	13
6911	6
6912	11
6913	13
6914	12
6915	6
6916	7
6917	9
6918	11
6919	11
6920	15
6921	10
6922	12
6923	10
6924	10
6925	14
6926	8
6927	6
6928	7
6929	13
6930	8
6931	16
6932	5
6933	8
6934	10
6935	9
6936	10
6937	7
6938	8
6939	7
6940	9
6941	10
6942	5
6943	5
6944	6
6945	13
6946	5
6947	9
6948	10
6949	6
6950	7
6951	11
6952	12
6953	6
6954	7
6955	5
6956	1
6957	7
6958	6
6959	4
6960	10
6961	9
6962	8
6963	4
6964	6
6965	9
6966	12
6967	5
6968	4
6969	4
6970	11
6971	10
6972	9
6973	6
6974	7
6975	4
6976	11
6977	7
6978	4
6979	4
6980	8
6981	5
6982	7
6983	10
6984	6
6985	8
6986	4
6987	4
6988	6
6989	8
6990	4
6991	6
6992	5
6993	8
6994	9
6995	7
6996	4
6997	6
6998	6
6999	6
7000	9
7001	1
7002	12
7003	3
7004	7
7005	4
7006	6
7007	7
7008	1
7009	9
7010	6
7011	10
7012	6
7013	3
7014	7
7015	4
7016	5
7017	4
7018	6
7019	2
7020	2
7021	2
7022	2
7023	1
7024	4
7025	6
7026	5
7027	8
7028	7
7029	5
7030	4
7031	3
7032	5
7033	8
7034	3
7035	2
7036	5
7037	5
7038	2
7039	2
7040	4
7041	5
7042	2
7043	7
7044	3
7045	2
7046	2
7047	1
7048	3
7049	3
7050	6
7051	0
7052	2
7053	6
7054	1
7055	3
7056	2
7057	5
7058	3
7059	2
7060	5
7061	3
7062	3
7063	3
7064	4
7065	3
7066	1
7067	1
7068	2
7069	3
7070	2
7071	3
7072	3
7073	3
7074	4
7075	4
7076	7
7077	1
7078	2
7079	4
7080	1
7081	0
7082	3
7083	3
7084	3
7085	0
7086	1
7087	4
7088	1
7089	2
7090	3
7091	1
7092	5
7093	2
7094	1
7095	3
7096	1
7097	4
7098	8
7099	4
7100	0
7101	2
7102	5
7103	2
7104	3
7105	2
7106	4
7107	2
7108	4
7109	3
7110	2
7111	1
7112	3
7113	1
7114	4
7115	2
7116	5
7117	3
7118	1
7119	1
7120	4
7121	2
7122	0
7123	1
7124	2
7125	1
7126	2
7127	1
7128	1
7129	4
7130	1
7131	1
7132	2
7133	2
7134	2
7135	2
7136	2
7137	1
7138	3
7139	2
7140	0
7141	1
7142	2
7143	0
7144	1
7145	2
7146	2
7147	0
7148	1
7149	1
7150	3
7151	4
7152	1
7153	1
7154	0
7155	2
7156	2
7157	2
7158	1
7159	2
7160	2
7161	0
7162	1
7163	1
7164	0
7165	3
7166	1
7167	1
7168	1
7169	1
7170	0
7171	0
7172	4
7173	1
7174	0
7175	4
7176	1
7177	0
7178	3
7179	0
7180	1
7181	2
7182	1
7183	0
7184	0
7185	1
7186	0
7187	0
7188	3
7189	3
7190	0
7191	1
7192	2
7193	3
7194	2
7195	2
7196	4
7197	1
7198	0
7199	1
7200	2
7201	1
7202	2
7203	1
7204	0
7205	1
7206	0
7207	0
7208	1
7209	1
7210	3
7211	0
7212	1
7213	2
7214	1
7215	1
7216	0
7217	0
7218	2
7219	1
7220	0
7221	1
7222	0
7223	0
7224	0
7225	0
7226	1
7227	2
7228	0
7229	0
7230	1
7231	1
7232	2
7233	0
7234	2
7235	1
7236	3
7237	2
7238	3
7239	2
7240	0
7241	1
7242	0
7243	1
7244	0
7245	1
7246	0
7247	1
7248	0
7249	4
7250	0
7251	0
7252	0
7253	1
7254	1
7255	1
7256	1
7257	3
7258	0
7259	0
7260	0
7261	0
7262	0
7263	1
7264	0
7265	1
7266	2
7267	1
7268	2
7269	0
7270	1
7271	1
7272	0
7273	1
7274	0
7275	2
7276	2
7277	1
7278	0
7279	0
7280	0
7281	0
7282	0
7283	0
7284	1
7285	0
7286	0
7287	0
7288	1
7289	0
7290	0
7291	0
7292	1
7293	0
7294	1
7295	0
7296	1
7297	0
7298	0
7299	2
7300	0
7301	1
7302	0
7303	0
7304	2
7305	1
7306	0
7307	0
7308	0
7309	1
7310	1
7311	0
7312	1
7313	1
7314	1
7315	0
7316	0
7317	1
7318	0
7319	0
7320	1
7321	0
7322	1
7323	0
7324	0
7325	0
7326	0
7327	0
7328	1
7329	1
7330	0
7331	0
7332	0
7333	0
7334	0
7335	1
7336	0
7337	0
7338	0
7339	0
7340	2
7341	0
7342	0
7343	0
7344	1
7345	0
7346	0
7347	0
7348	0
7349	0
7350	0
7351	0
7352	0
7353	2
7354	0
7355	2
7356	0
7357	1
7358	0
7359	3
7360	0
7361	1
7362	2
7363	2
7364	1
7365	0
7366	0
7367	0
7368	2
7369	0
7370	0
7371	1
7372	0
7373	1
7374	2
7375	0
7376	2
7377	0
7378	0
7379	0
7380	2
7381	1
7382	0
7383	0
7384	0
7385	0
7386	1
7387	1
7388	1
7389	1
7390	0
7391	1
7392	0
7393	0
7394	0
7395	0
7396	0
7397	1
7398	1
7399	1
7400	0
7401	1
7402	1
7403	0
7404	0
7405	0
7406	0
7407	0
7408	2
7409	3
7410	4
7411	0
7412	0
7413	0
7414	0
7415	1
7416	2
7417	1
7418	0
7419	0
7420	0
7421	1
7422	0
7423	1
7424	1
7425	2
7426	0
7427	1
7428	1
7429	0
7430	0
7431	1
7432	1
7433	0
7434	2
7435	2
7436	1
7437	0
7438	1
7439	0
7440	0
7441	0
7442	0
7443	0
7444	0
7445	0
7446	0
7447	0
7448	0
7449	1
7450	1
7451	1
7452	1
7453	0
7454	0
7455	0
7456	2
7457	1
7458	0
7459	1
7460	0
7461	0
7462	0
7463	1
7464	1
7465	0
7466	1
7467	0
7468	5
7469	0
7470	1
7471	1
7472	0
7473	2
7474	1
7475	0
7476	2
7477	0
7478	0
7479	0
7480	1
7481	0
7482	0
7483	0
7484	0
7485	1
7486	1
7487	0
7488	0
7489	1
7490	1
7491	0
7492	0
7493	0
7494	1
7495	1
7496	0
7497	0
7498	0
7499	0
7500	0
7501	0
7502	0
7503	0
7504	0
7505	1
7506	1
7507	0
7508	0
7509	0
7510	0
7511	0
7512	1
7513	0
7514	0
7515	0
7516	0
7517	0
7518	1
7519	0
7520	0
7521	0
7522	1
7523	2
7524	0
7525	0
7526	1
7527	2
7528	0
7529	0
7530	1
7531	1
7532	0
7533	1
7534	0
7535	0
7536	1
7537	1
7538	0
7539	0
7540	1
7541	0
7542	2
7543	0
7544	1
7545	0
7546	0
7547	1
7548	0
7549	1
7550	1
7551	0
7552	1
7553	1
7554	0
7555	0
7556	1
7557	0
7558	0
7559	0
7560	2
7561	0
7562	1
7563	0
7564	0
7565	0
7566	2
7567	0
7568	0
7569	0
7570	0
7571	0
7572	0
7573	1
7574	1
7575	1
7576	1
7577	1
7578	0
7579	0
7580	0
7581	1
7582	1
7583	0
7584	1
7585	0
7586	0
7587	0
7588	0
7589	0
7590	0
7591	0
7592	0
7593	0
7594	0
7595	2
7596	1
7597	1
7598	0
7599	0
7600	1
7601	0
7602	0
7603	1
7604	0
7605	0
7606	0
7607	0
7608	0
7609	0
7610	0
7611	0
7612	0
7613	2
7614	0
7615	1
7616	1
7617	2
7618	0
7619	1
7620	1
7621	0
7622	0
7623	0
7624	0
7625	1
7626	1
7627	1
7628	0
7629	2
7630	1
7631	1
7632	1
7633	0
7634	0
7635	2
7636	2
7637	1
7638	2
7639	0
7640	0
7641	0
7642	0
7643	0
7644	0
7645	1
7646	0
7647	1
7648	0
7649	1
7650	0
7651	1
7652	2
7653	1
7654	0
7655	1
7656	0
7657	0
7658	1
7659	1
7660	0
7661	3
7662	0
7663	0
7664	0
7665	0
7666	1
7667	0
7668	0
7669	0
7670	0
7671	0
7672	1
7673	0
7674	0
7675	0
7676	0
7677	1
7678	0
7679	1
7680	2
7681	1
7682	0
7683	3
7684	0
7685	0
7686	0
7687	0
7688	0
7689	1
7690	1
7691	2
7692	0
7693	1
7694	0
7695	0
7696	0
7697	2
7698	1
7699	0
7700	1
7701	0
7702	2
7703	2
7704	1
7705	1
7706	2
7707	1
7708	1
7709	0
7710	0
7711	0
7712	1
7713	1
7714	1
7715	0
7716	0
7717	0
7718	0
7719	1
7720	0
7721	0
7722	0
7723	0
7724	0
7725	0
7726	0
7727	0
7728	0
7729	0
7730	1
7731	0
7732	1
7733	1
7734	0
7735	1
7736	0
7737	2
7738	0
7739	0
7740	0
7741	1
7742	0
7743	0
7744	1
7745	1
7746	1
7747	1
7748	0
7749	0
7750	0
7751	1
7752	0
7753	0
7754	0
7755	0
7756	0
7757	0
7758	1
7759	0
7760	0
7761	3
7762	0
7763	0
7764	0
7765	1
7766	1
7767	0
7768	0
7769	0
7770	1
7771	3
7772	0
7773	0
7774	1
7775	0
7776	0
7777	0
7778	1
7779	1
7780	0
7781	0
7782	0
7783	1
7784	0
7785	1
7786	0
7787	0
7788	0
7789	0
7790	0
7791	0
7792	0
7793	0
7794	1
7795	0
7796	1
7797	0
7798	0
7799	0
7800	0
7801	2
7802	1
7803	0
7804	0
7805	0
7806	1
7807	0
7808	1
7809	0
7810	2
7811	0
7812	0
7813	0
7814	0
7815	0
7816	0
7817	0
7818	0
7819	0
7820	1
7821	0
7822	1
7823	0
7824	0
7825	0
7826	0
7827	1
7828	2
7829	0
7830	1
7831	0
7832	0
7833	0
7834	0
7835	0
7836	0
7837	1
7838	0
7839	0
7840	0
7841	1
7842	0
7843	0
7844	1
7845	0
7846	0
7847	0
7848	0
7849	1
7850	0
7851	0
7852	0
7853	1
7854	0
7855	0
7856	0
7857	0
7858	1
7859	0
7860	0
7861	1
7862	0
7863	2
7864	1
7865	0
7866	0
7867	0
7868	0
7869	0
7870	0
7871	0
7872	0
7873	0
7874	2
7875	0
7876	0
7877	1
7878	0
7879	1
7880	0
7881	1
7882	1
7883	1
7884	1
7885	1
7886	0
7887	0
7888	1
7889	0
7890	0
7891	2
7892	0
7893	0
7894	0
7895	2
7896	2
7897	0
7898	1
7899	0
7900	1
7901	0
7902	0
7903	1
7904	0
7905	1
7906	0
7907	0
7908	0
7909	1
7910	0
7911	1
7912	1
7913	2
7914	0
7915	1
7916	1
7917	1
7918	0
7919	0
7920	0
7921	0
7922	1
7923	0
7924	0
7925	0
7926	0
7927	0
7928	1
7929	0
7930	0
7931	1
7932	0
7933	0
7934	0
7935	0
7936	0
7937	0
7938	0
7939	0
7940	0
7941	1
7942	1
7943	0
7944	0
7945	0
7946	1
7947	0
7948	0
7949	0
7950	0
7951	0
7952	0
7953	1
7954	1
7955	0
7956	1
7957	0
7958	1
7959	1
7960	0
7961	0
7962	0
7963	0
7964	1
7965	0
7966	1
7967	2
7968	0
7969	0
7970	0
7971	0
7972	0
7973	0
7974	1
7975	1
7976	0
7977	0
7978	1
7979	2
7980	1
7981	0
7982	0
7983	0
7984	0
7985	0
7986	1
7987	0
7988	0
7989	0
7990	0
7991	1
7992	0
7993	0
7994	0
7995	0
7996	0
7997	0
7998	0
7999	0
8000	0
8001	0
8002	0
8003	0
8004	0
8005	1
8006	1
8007	0
8008	0
8009	0
8010	2
8011	0
8012	0
8013	1
8014	0
8015	1
8016	2
8017	0
8018	1
8019	0
8020	0
8021	0
8022	1
8023	0
8024	1
8025	1
8026	1
8027	1
8028	0
8029	0
8030	0
8031	0
8032	1
8033	1
8034	0
8035	0
8036	0
8037	0
8038	0
8039	0
8040	1
8041	0
8042	1
8043	0
8044	0
8045	0
8046	0
8047	0
8048	0
8049	0
8050	1
8051	0
8052	0
8053	0
8054	0
8055	2
8056	0
8057	0
8058	1
8059	0
8060	0
8061	0
8062	0
8063	0
8064	0
8065	0
8066	0
8067	0
8068	1
8069	0
8070	0
8071	0
8072	0
8073	1
8074	0
8075	1
8076	0
8077	1
8078	1
8079	0
8080	1
8081	1
8082	0
8083	0
8084	2
8085	0
8086	0
8087	2
8088	0
8089	0
8090	1
8091	0
8092	0
8093	0
8094	0
8095	1
8096	0
8097	0
8098	1
8099	2
8100	0
8101	0
8102	0
8103	0
8104	0
8105	0
8106	0
8107	0
8108	0
8109	0
8110	0
8111	0
8112	0
8113	0
8114	0
8115	0
8116	0
8117	0
8118	0
8119	0
8120	0
8121	0
8122	0
8123	0
8124	0
8125	0
8126	0
8127	0
8128	0
8129	0
8130	0
8131	0
8132	0
8133	0
8134	0
8135	0
8136	0
8137	0
8138	0
8139	0
8140	0
8141	0
8142	0
8143	0
8144	0
8145	0
8146	0
8147	0
8148	0
8149	0
8150	0
8151	0
8152	0
8153	0
8154	0
8155	0
8156	0
8157	0
8158	0
8159	0
8160	0
8161	0
8162	0
8163	0
8164	0
8165	0
8166	0
8167	0
8168	0
8169	0
8170	0
8171	0
8172	0
8173	0
8174	0
8175	0
8176	0
8177	0
8178	0
8179	0
8180	0
8181	0
8182	0
8183	0
8184	0
8185	0
8186	0
8187	0
8188	0
8189	0
8190	0
8191	0
