0	0
1	0
2	0
3	0
4	0
5	0
6	0
7	0
8	0
9	0
10	0
11	0
12	0
13	0
14	0
15	0
16	0
17	0
18	0
19	0
20	0
21	0
22	0
23	0
24	0
25	0
26	0
27	0
28	0
29	0
30	0
31	0
32	0
33	0
34	0
35	0
36	0
37	0
38	0
39	0
40	0
41	0
42	0
43	0
44	0
45	0
46	0
47	0
48	0
49	0
50	0
51	0
52	0
53	0
54	0
55	0
56	0
57	0
58	0
59	0
60	0
61	0
62	0
63	0
64	0
65	0
66	0
67	0
68	0
69	0
70	0
71	0
72	0
73	0
74	0
75	0
76	0
77	0
78	0
79	0
80	0
81	0
82	0
83	0
84	0
85	0
86	0
87	0
88	0
89	0
90	0
91	0
92	0
93	0
94	0
95	0
96	0
97	0
98	0
99	0
100	0
101	0
102	0
103	0
104	0
105	0
106	0
107	0
108	0
109	0
110	0
111	0
112	0
113	0
114	0
115	0
116	0
117	0
118	0
119	0
120	0
121	0
122	0
123	0
124	0
125	0
126	0
127	0
128	0
129	0
130	0
131	0
132	0
133	0
134	0
135	0
136	0
137	0
138	0
139	0
140	0
141	0
142	0
143	0
144	0
145	0
146	0
147	0
148	0
149	0
150	0
151	0
152	0
153	0
154	0
155	0
156	0
157	0
158	0
159	0
160	0
161	0
162	0
163	0
164	0
165	0
166	0
167	0
168	0
169	0
170	0
171	0
172	0
173	0
174	0
175	0
176	0
177	0
178	0
179	0
180	2
181	4
182	22
183	29
184	28
185	33
186	25
187	27
188	25
189	22
190	11
191	22
192	25
193	21
194	17
195	19
196	18
197	18
198	15
199	19
200	19
201	25
202	18
203	16
204	22
205	18
206	22
207	18
208	22
209	21
210	22
211	20
212	20
213	22
214	16
215	21
216	19
217	16
218	26
219	28
220	14
221	21
222	19
223	18
224	13
225	13
226	20
227	17
228	16
229	22
230	24
231	18
232	17
233	19
234	19
235	21
236	19
237	29
238	12
239	17
240	21
241	21
242	13
243	27
244	20
245	17
246	21
247	22
248	20
249	19
250	20
251	21
252	12
253	16
254	19
255	20
256	21
257	16
258	18
259	18
260	14
261	19
262	14
263	20
264	17
265	14
266	22
267	17
268	21
269	20
270	17
271	15
272	17
273	15
274	15
275	15
276	20
277	19
278	17
279	26
280	11
281	15
282	13
283	23
284	18
285	13
286	10
287	14
288	24
289	21
290	15
291	22
292	16
293	28
294	20
295	14
296	22
297	12
298	20
299	19
300	24
301	21
302	24
303	13
304	23
305	13
306	17
307	18
308	21
309	24
310	22
311	14
312	23
313	17
314	16
315	16
316	20
317	20
318	17
319	22
320	21
321	25
322	16
323	19
324	15
325	15
326	19
327	15
328	18
329	36
330	21
331	16
332	26
333	22
334	21
335	16
336	15
337	13
338	17
339	22
340	21
341	14
342	16
343	27
344	28
345	10
346	17
347	16
348	19
349	13
350	20
351	18
352	37
353	19
354	22
355	15
356	14
357	24
358	26
359	21
360	13
361	22
362	12
363	14
364	17
365	17
366	20
367	16
368	17
369	30
370	20
371	22
372	12
373	10
374	18
375	21
376	20
377	17
378	12
379	13
380	21
381	18
382	24
383	16
384	20
385	21
386	17
387	16
388	19
389	22
390	18
391	14
392	16
393	14
394	23
395	18
396	15
397	19
398	15
399	14
400	14
401	22
402	17
403	17
404	23
405	20
406	13
407	19
408	20
409	21
410	20
411	20
412	19
413	24
414	18
415	16
416	13
417	26
418	18
419	15
420	16
421	24
422	16
423	22
424	16
425	17
426	20
427	10
428	26
429	24
430	24
431	17
432	18
433	13
434	19
435	26
436	15
437	20
438	13
439	21
440	24
441	12
442	18
443	12
444	19
445	18
446	21
447	26
448	20
449	27
450	17
451	21
452	22
453	23
454	14
455	17
456	21
457	26
458	16
459	17
460	20
461	12
462	19
463	15
464	20
465	23
466	14
467	20
468	20
469	21
470	35
471	14
472	9
473	24
474	22
475	18
476	25
477	21
478	14
479	18
480	17
481	18
482	18
483	19
484	21
485	19
486	13
487	23
488	21
489	22
490	18
491	19
492	17
493	28
494	10
495	21
496	21
497	18
498	19
499	25
500	18
501	21
502	24
503	20
504	24
505	15
506	10
507	21
508	18
509	29
510	19
511	22
512	20
513	13
514	30
515	18
516	27
517	20
518	22
519	20
520	18
521	22
522	24
523	17
524	21
525	20
526	28
527	22
528	17
529	18
530	25
531	17
532	30
533	17
534	19
535	15
536	17
537	18
538	18
539	19
540	17
541	25
542	23
543	19
544	18
545	17
546	25
547	25
548	17
549	13
550	21
551	18
552	24
553	15
554	21
555	17
556	14
557	18
558	22
559	17
560	25
561	22
562	15
563	18
564	25
565	23
566	19
567	18
568	20
569	19
570	20
571	13
572	24
573	23
574	19
575	15
576	19
577	22
578	20
579	24
580	14
581	21
582	17
583	16
584	24
585	29
586	22
587	16
588	18
589	26
590	17
591	18
592	17
593	19
594	20
595	17
596	22
597	21
598	15
599	27
600	18
601	19
602	25
603	21
604	21
605	18
606	16
607	15
608	16
609	19
610	17
611	19
612	18
613	23
614	14
615	20
616	21
617	19
618	18
619	20
620	21
621	16
622	29
623	20
624	19
625	19
626	20
627	21
628	22
629	19
630	22
631	15
632	19
633	21
634	23
635	16
636	26
637	22
638	16
639	11
640	17
641	21
642	17
643	13
644	23
645	21
646	33
647	24
648	24
649	16
650	23
651	16
652	22
653	16
654	24
655	27
656	20
657	18
658	22
659	15
660	21
661	19
662	19
663	18
664	22
665	21
666	21
667	25
668	19
669	17
670	17
671	22
672	19
673	31
674	22
675	11
676	17
677	22
678	15
679	25
680	19
681	24
682	13
683	26
684	20
685	25
686	20
687	22
688	20
689	27
690	16
691	17
692	26
693	29
694	20
695	18
696	22
697	22
698	19
699	19
700	26
701	27
702	22
703	27
704	28
705	25
706	27
707	28
708	24
709	23
710	18
711	31
712	23
713	23
714	21
715	17
716	18
717	21
718	16
719	27
720	26
721	24
722	25
723	24
724	24
725	20
726	23
727	29
728	27
729	24
730	23
731	26
732	25
733	25
734	24
735	24
736	25
737	23
738	32
739	23
740	22
741	28
742	18
743	27
744	22
745	20
746	20
747	24
748	25
749	13
750	19
751	25
752	20
753	27
754	20
755	26
756	25
757	24
758	27
759	21
760	23
761	23
762	33
763	17
764	15
765	22
766	24
767	25
768	22
769	29
770	17
771	22
772	28
773	33
774	27
775	34
776	27
777	22
778	26
779	26
780	36
781	24
782	35
783	39
784	23
785	25
786	31
787	39
788	21
789	27
790	26
791	31
792	29
793	26
794	34
795	39
796	36
797	26
798	22
799	29
800	34
801	34
802	32
803	28
804	28
805	32
806	29
807	29
808	31
809	25
810	46
811	28
812	36
813	30
814	41
815	44
816	35
817	44
818	40
819	54
820	37
821	35
822	38
823	33
824	48
825	36
826	34
827	46
828	38
829	34
830	47
831	42
832	32
833	62
834	54
835	31
836	47
837	42
838	53
839	50
840	46
841	43
842	51
843	39
844	40
845	37
846	37
847	58
848	52
849	39
850	44
851	52
852	48
853	45
854	49
855	57
856	55
857	56
858	43
859	38
860	51
861	55
862	34
863	54
864	47
865	55
866	43
867	51
868	50
869	38
870	49
871	48
872	48
873	37
874	55
875	38
876	56
877	47
878	42
879	39
880	45
881	41
882	49
883	49
884	44
885	45
886	46
887	50
888	53
889	40
890	37
891	36
892	49
893	40
894	36
895	26
896	53
897	45
898	42
899	44
900	38
901	44
902	44
903	50
904	34
905	31
906	42
907	38
908	57
909	33
910	25
911	32
912	29
913	32
914	38
915	42
916	35
917	38
918	35
919	43
920	36
921	35
922	33
923	28
924	33
925	39
926	31
927	33
928	40
929	29
930	30
931	42
932	30
933	37
934	28
935	30
936	34
937	39
938	33
939	35
940	38
941	40
942	33
943	20
944	38
945	29
946	24
947	33
948	41
949	39
950	28
951	41
952	31
953	41
954	29
955	32
956	26
957	31
958	35
959	20
960	33
961	29
962	36
963	33
964	34
965	27
966	38
967	31
968	40
969	32
970	23
971	46
972	30
973	36
974	36
975	37
976	39
977	36
978	31
979	32
980	34
981	34
982	26
983	42
984	35
985	35
986	29
987	32
988	45
989	23
990	28
991	29
992	33
993	32
994	25
995	32
996	28
997	32
998	39
999	30
1000	37
1001	45
1002	24
1003	32
1004	31
1005	28
1006	27
1007	27
1008	30
1009	44
1010	34
1011	35
1012	29
1013	25
1014	34
1015	27
1016	26
1017	30
1018	32
1019	34
1020	29
1021	41
1022	29
1023	29
1024	39
1025	29
1026	31
1027	30
1028	31
1029	32
1030	27
1031	33
1032	28
1033	30
1034	26
1035	30
1036	26
1037	31
1038	27
1039	27
1040	23
1041	26
1042	27
1043	18
1044	36
1045	22
1046	23
1047	27
1048	23
1049	22
1050	21
1051	21
1052	26
1053	29
1054	22
1055	27
1056	38
1057	23
1058	25
1059	21
1060	22
1061	38
1062	25
1063	28
1064	31
1065	23
1066	37
1067	17
1068	30
1069	21
1070	32
1071	29
1072	26
1073	20
1074	18
1075	33
1076	34
1077	23
1078	28
1079	30
1080	21
1081	32
1082	23
1083	29
1084	24
1085	31
1086	21
1087	28
1088	23
1089	25
1090	36
1091	20
1092	29
1093	30
1094	18
1095	18
1096	25
1097	31
1098	30
1099	22
1100	28
1101	26
1102	27
1103	29
1104	22
1105	23
1106	27
1107	23
1108	24
1109	32
1110	31
1111	26
1112	22
1113	26
1114	26
1115	23
1116	25
1117	30
1118	33
1119	24
1120	21
1121	28
1122	21
1123	20
1124	31
1125	30
1126	26
1127	32
1128	22
1129	33
1130	16
1131	26
1132	26
1133	26
1134	29
1135	22
1136	29
1137	19
1138	26
1139	28
1140	27
1141	25
1142	23
1143	21
1144	22
1145	24
1146	33
1147	25
1148	38
1149	25
1150	38
1151	23
1152	33
1153	32
1154	26
1155	33
1156	28
1157	31
1158	26
1159	31
1160	30
1161	23
1162	31
1163	36
1164	20
1165	29
1166	31
1167	31
1168	28
1169	31
1170	25
1171	33
1172	27
1173	37
1174	25
1175	31
1176	27
1177	25
1178	24
1179	28
1180	32
1181	26
1182	23
1183	21
1184	36
1185	27
1186	24
1187	37
1188	29
1189	24
1190	33
1191	34
1192	28
1193	26
1194	23
1195	21
1196	32
1197	34
1198	25
1199	31
1200	20
1201	25
1202	25
1203	26
1204	26
1205	21
1206	21
1207	27
1208	26
1209	44
1210	33
1211	25
1212	35
1213	35
1214	40
1215	30
1216	29
1217	25
1218	28
1219	27
1220	32
1221	22
1222	26
1223	31
1224	15
1225	27
1226	31
1227	28
1228	29
1229	26
1230	29
1231	28
1232	21
1233	24
1234	34
1235	28
1236	34
1237	32
1238	39
1239	26
1240	35
1241	31
1242	37
1243	32
1244	35
1245	34
1246	27
1247	33
1248	27
1249	34
1250	36
1251	34
1252	28
1253	29
1254	26
1255	31
1256	28
1257	36
1258	31
1259	29
1260	45
1261	31
1262	25
1263	28
1264	26
1265	32
1266	30
1267	30
1268	23
1269	24
1270	26
1271	40
1272	30
1273	30
1274	27
1275	35
1276	33
1277	31
1278	38
1279	39
1280	22
1281	30
1282	40
1283	31
1284	33
1285	25
1286	29
1287	33
1288	31
1289	30
1290	26
1291	29
1292	35
1293	28
1294	35
1295	35
1296	33
1297	25
1298	22
1299	28
1300	31
1301	34
1302	32
1303	40
1304	34
1305	43
1306	30
1307	25
1308	32
1309	25
1310	23
1311	25
1312	32
1313	40
1314	33
1315	32
1316	33
1317	30
1318	30
1319	42
1320	26
1321	30
1322	26
1323	30
1324	33
1325	34
1326	37
1327	27
1328	33
1329	25
1330	33
1331	34
1332	36
1333	35
1334	34
1335	39
1336	29
1337	30
1338	28
1339	30
1340	26
1341	30
1342	35
1343	30
1344	33
1345	38
1346	40
1347	29
1348	38
1349	35
1350	33
1351	45
1352	36
1353	33
1354	28
1355	27
1356	33
1357	26
1358	20
1359	26
1360	38
1361	24
1362	30
1363	41
1364	34
1365	32
1366	33
1367	32
1368	39
1369	38
1370	40
1371	40
1372	33
1373	36
1374	31
1375	32
1376	37
1377	35
1378	34
1379	29
1380	26
1381	40
1382	44
1383	32
1384	47
1385	38
1386	36
1387	34
1388	26
1389	33
1390	27
1391	39
1392	34
1393	27
1394	34
1395	38
1396	47
1397	34
1398	32
1399	40
1400	35
1401	34
1402	36
1403	36
1404	31
1405	37
1406	37
1407	35
1408	31
1409	34
1410	24
1411	35
1412	42
1413	36
1414	37
1415	37
1416	49
1417	25
1418	44
1419	31
1420	36
1421	41
1422	36
1423	37
1424	43
1425	32
1426	31
1427	36
1428	32
1429	35
1430	34
1431	34
1432	33
1433	34
1434	38
1435	29
1436	35
1437	22
1438	39
1439	41
1440	33
1441	32
1442	37
1443	42
1444	46
1445	36
1446	30
1447	32
1448	41
1449	44
1450	37
1451	27
1452	37
1453	42
1454	29
1455	37
1456	33
1457	40
1458	34
1459	38
1460	32
1461	36
1462	31
1463	37
1464	42
1465	37
1466	40
1467	40
1468	30
1469	44
1470	40
1471	45
1472	50
1473	40
1474	31
1475	37
1476	41
1477	36
1478	48
1479	38
1480	40
1481	40
1482	40
1483	38
1484	32
1485	41
1486	35
1487	36
1488	34
1489	39
1490	35
1491	41
1492	39
1493	37
1494	40
1495	53
1496	30
1497	40
1498	34
1499	33
1500	36
1501	37
1502	43
1503	39
1504	36
1505	30
1506	35
1507	34
1508	54
1509	36
1510	46
1511	32
1512	35
1513	30
1514	39
1515	26
1516	52
1517	48
1518	47
1519	40
1520	43
1521	33
1522	40
1523	51
1524	36
1525	40
1526	38
1527	39
1528	28
1529	46
1530	40
1531	40
1532	38
1533	50
1534	35
1535	32
1536	48
1537	35
1538	45
1539	46
1540	30
1541	33
1542	31
1543	41
1544	43
1545	20
1546	35
1547	37
1548	38
1549	40
1550	47
1551	51
1552	39
1553	39
1554	49
1555	49
1556	44
1557	37
1558	33
1559	43
1560	43
1561	34
1562	36
1563	36
1564	41
1565	43
1566	42
1567	39
1568	30
1569	51
1570	31
1571	39
1572	26
1573	37
1574	44
1575	36
1576	38
1577	34
1578	48
1579	36
1580	47
1581	48
1582	41
1583	43
1584	36
1585	37
1586	41
1587	37
1588	41
1589	41
1590	45
1591	35
1592	39
1593	44
1594	33
1595	40
1596	21
1597	45
1598	28
1599	44
1600	40
1601	42
1602	36
1603	46
1604	46
1605	36
1606	39
1607	36
1608	46
1609	36
1610	33
1611	40
1612	40
1613	37
1614	38
1615	51
1616	51
1617	41
1618	43
1619	38
1620	27
1621	39
1622	33
1623	49
1624	47
1625	45
1626	42
1627	53
1628	38
1629	33
1630	36
1631	37
1632	34
1633	44
1634	45
1635	40
1636	49
1637	50
1638	37
1639	35
1640	42
1641	41
1642	48
1643	45
1644	40
1645	59
1646	33
1647	44
1648	48
1649	35
1650	42
1651	37
1652	47
1653	36
1654	33
1655	44
1656	46
1657	41
1658	35
1659	43
1660	44
1661	42
1662	39
1663	38
1664	49
1665	43
1666	38
1667	38
1668	41
1669	40
1670	42
1671	45
1672	45
1673	44
1674	53
1675	41
1676	36
1677	38
1678	49
1679	45
1680	47
1681	44
1682	48
1683	38
1684	37
1685	33
1686	37
1687	44
1688	50
1689	38
1690	37
1691	44
1692	40
1693	48
1694	52
1695	41
1696	47
1697	52
1698	35
1699	31
1700	43
1701	46
1702	57
1703	44
1704	53
1705	46
1706	45
1707	48
1708	36
1709	51
1710	42
1711	36
1712	40
1713	51
1714	32
1715	42
1716	51
1717	27
1718	31
1719	42
1720	50
1721	34
1722	44
1723	56
1724	39
1725	39
1726	38
1727	43
1728	43
1729	51
1730	54
1731	42
1732	40
1733	45
1734	45
1735	40
1736	44
1737	57
1738	39
1739	44
1740	40
1741	40
1742	40
1743	39
1744	50
1745	36
1746	43
1747	38
1748	37
1749	43
1750	41
1751	57
1752	44
1753	48
1754	42
1755	47
1756	42
1757	59
1758	47
1759	40
1760	48
1761	53
1762	45
1763	45
1764	44
1765	39
1766	33
1767	39
1768	44
1769	48
1770	50
1771	40
1772	50
1773	52
1774	50
1775	46
1776	51
1777	43
1778	57
1779	44
1780	49
1781	67
1782	57
1783	38
1784	50
1785	46
1786	52
1787	58
1788	51
1789	42
1790	44
1791	50
1792	42
1793	67
1794	52
1795	45
1796	51
1797	55
1798	53
1799	38
1800	43
1801	46
1802	51
1803	49
1804	48
1805	53
1806	56
1807	48
1808	47
1809	57
1810	42
1811	40
1812	39
1813	50
1814	52
1815	62
1816	38
1817	50
1818	56
1819	43
1820	57
1821	54
1822	39
1823	53
1824	51
1825	40
1826	59
1827	45
1828	50
1829	45
1830	43
1831	54
1832	49
1833	71
1834	47
1835	44
1836	50
1837	66
1838	42
1839	54
1840	49
1841	40
1842	44
1843	41
1844	41
1845	48
1846	50
1847	39
1848	58
1849	58
1850	48
1851	46
1852	48
1853	55
1854	45
1855	58
1856	41
1857	46
1858	48
1859	38
1860	51
1861	48
1862	50
1863	56
1864	50
1865	46
1866	42
1867	63
1868	44
1869	51
1870	49
1871	42
1872	59
1873	44
1874	44
1875	41
1876	52
1877	62
1878	54
1879	51
1880	54
1881	50
1882	51
1883	53
1884	53
1885	32
1886	55
1887	45
1888	48
1889	52
1890	57
1891	58
1892	44
1893	49
1894	62
1895	37
1896	52
1897	46
1898	48
1899	41
1900	54
1901	43
1902	58
1903	59
1904	44
1905	57
1906	48
1907	50
1908	42
1909	57
1910	47
1911	56
1912	70
1913	52
1914	53
1915	48
1916	45
1917	41
1918	42
1919	57
1920	48
1921	49
1922	54
1923	53
1924	50
1925	46
1926	50
1927	56
1928	47
1929	43
1930	58
1931	50
1932	49
1933	57
1934	58
1935	49
1936	54
1937	46
1938	57
1939	61
1940	47
1941	52
1942	52
1943	57
1944	45
1945	59
1946	49
1947	44
1948	59
1949	58
1950	65
1951	62
1952	50
1953	49
1954	50
1955	62
1956	51
1957	57
1958	41
1959	61
1960	48
1961	45
1962	52
1963	53
1964	58
1965	48
1966	63
1967	54
1968	65
1969	73
1970	57
1971	45
1972	54
1973	42
1974	53
1975	51
1976	53
1977	66
1978	31
1979	53
1980	65
1981	68
1982	42
1983	54
1984	53
1985	37
1986	58
1987	54
1988	58
1989	57
1990	59
1991	62
1992	64
1993	55
1994	37
1995	56
1996	49
1997	69
1998	65
1999	54
2000	74
2001	52
2002	65
2003	56
2004	54
2005	53
2006	57
2007	56
2008	47
2009	54
2010	49
2011	56
2012	61
2013	51
2014	52
2015	43
2016	60
2017	57
2018	53
2019	57
2020	66
2021	61
2022	57
2023	41
2024	48
2025	46
2026	65
2027	59
2028	62
2029	63
2030	53
2031	50
2032	63
2033	53
2034	76
2035	72
2036	59
2037	53
2038	57
2039	50
2040	54
2041	55
2042	67
2043	61
2044	59
2045	51
2046	56
2047	63
2048	56
2049	70
2050	60
2051	48
2052	59
2053	48
2054	43
2055	65
2056	55
2057	72
2058	69
2059	66
2060	58
2061	53
2062	58
2063	56
2064	69
2065	45
2066	40
2067	58
2068	63
2069	46
2070	50
2071	41
2072	65
2073	64
2074	61
2075	64
2076	46
2077	63
2078	59
2079	59
2080	70
2081	54
2082	45
2083	52
2084	56
2085	49
2086	68
2087	70
2088	62
2089	69
2090	79
2091	57
2092	62
2093	62
2094	46
2095	65
2096	59
2097	55
2098	60
2099	41
2100	52
2101	47
2102	68
2103	56
2104	55
2105	56
2106	49
2107	42
2108	52
2109	54
2110	50
2111	68
2112	54
2113	51
2114	57
2115	52
2116	44
2117	53
2118	79
2119	54
2120	68
2121	63
2122	68
2123	58
2124	55
2125	61
2126	67
2127	59
2128	53
2129	57
2130	60
2131	59
2132	48
2133	54
2134	54
2135	66
2136	56
2137	52
2138	46
2139	46
2140	55
2141	66
2142	64
2143	60
2144	54
2145	47
2146	45
2147	53
2148	56
2149	50
2150	56
2151	60
2152	51
2153	62
2154	50
2155	58
2156	49
2157	59
2158	35
2159	48
2160	55
2161	58
2162	39
2163	48
2164	58
2165	62
2166	57
2167	55
2168	42
2169	38
2170	56
2171	52
2172	52
2173	43
2174	50
2175	54
2176	42
2177	38
2178	41
2179	37
2180	32
2181	47
2182	50
2183	44
2184	43
2185	55
2186	48
2187	46
2188	43
2189	52
2190	43
2191	44
2192	47
2193	59
2194	51
2195	54
2196	54
2197	56
2198	42
2199	54
2200	54
2201	43
2202	41
2203	49
2204	45
2205	46
2206	63
2207	56
2208	36
2209	43
2210	44
2211	48
2212	51
2213	64
2214	40
2215	53
2216	48
2217	55
2218	47
2219	40
2220	33
2221	42
2222	42
2223	49
2224	58
2225	50
2226	49
2227	46
2228	48
2229	46
2230	51
2231	62
2232	41
2233	50
2234	52
2235	39
2236	49
2237	49
2238	46
2239	61
2240	53
2241	44
2242	51
2243	46
2244	51
2245	43
2246	37
2247	38
2248	38
2249	55
2250	46
2251	53
2252	52
2253	37
2254	49
2255	47
2256	41
2257	35
2258	44
2259	51
2260	43
2261	40
2262	46
2263	52
2264	45
2265	49
2266	56
2267	45
2268	50
2269	40
2270	53
2271	38
2272	46
2273	42
2274	43
2275	42
2276	42
2277	43
2278	44
2279	45
2280	34
2281	43
2282	47
2283	43
2284	45
2285	53
2286	36
2287	36
2288	51
2289	57
2290	48
2291	39
2292	37
2293	41
2294	50
2295	42
2296	39
2297	50
2298	44
2299	43
2300	40
2301	33
2302	42
2303	38
2304	38
2305	43
2306	48
2307	44
2308	43
2309	44
2310	38
2311	39
2312	40
2313	44
2314	49
2315	49
2316	48
2317	47
2318	56
2319	38
2320	45
2321	35
2322	31
2323	56
2324	36
2325	45
2326	49
2327	39
2328	37
2329	37
2330	53
2331	40
2332	44
2333	41
2334	48
2335	47
2336	47
2337	33
2338	46
2339	38
2340	54
2341	45
2342	33
2343	44
2344	49
2345	38
2346	37
2347	49
2348	44
2349	41
2350	52
2351	41
2352	42
2353	41
2354	30
2355	33
2356	39
2357	32
2358	45
2359	38
2360	38
2361	34
2362	40
2363	40
2364	43
2365	40
2366	43
2367	48
2368	30
2369	32
2370	43
2371	38
2372	51
2373	44
2374	45
2375	39
2376	44
2377	31
2378	44
2379	38
2380	40
2381	35
2382	34
2383	41
2384	42
2385	41
2386	47
2387	33
2388	42
2389	38
2390	42
2391	44
2392	38
2393	48
2394	46
2395	37
2396	53
2397	46
2398	36
2399	45
2400	42
2401	37
2402	36
2403	49
2404	54
2405	42
2406	32
2407	39
2408	46
2409	38
2410	41
2411	47
2412	46
2413	35
2414	43
2415	45
2416	40
2417	36
2418	41
2419	33
2420	29
2421	43
2422	47
2423	38
2424	38
2425	44
2426	38
2427	39
2428	32
2429	39
2430	40
2431	44
2432	41
2433	44
2434	38
2435	47
2436	40
2437	56
2438	36
2439	53
2440	37
2441	36
2442	32
2443	31
2444	50
2445	41
2446	38
2447	35
2448	40
2449	38
2450	41
2451	36
2452	45
2453	34
2454	39
2455	34
2456	47
2457	36
2458	50
2459	46
2460	45
2461	40
2462	35
2463	37
2464	45
2465	31
2466	42
2467	41
2468	46
2469	35
2470	32
2471	37
2472	39
2473	33
2474	29
2475	43
2476	33
2477	46
2478	45
2479	53
2480	34
2481	34
2482	32
2483	42
2484	37
2485	47
2486	34
2487	39
2488	43
2489	30
2490	38
2491	42
2492	37
2493	46
2494	49
2495	43
2496	33
2497	38
2498	45
2499	33
2500	44
2501	42
2502	42
2503	39
2504	45
2505	41
2506	39
2507	44
2508	41
2509	39
2510	36
2511	47
2512	39
2513	41
2514	34
2515	44
2516	46
2517	35
2518	46
2519	39
2520	47
2521	42
2522	33
2523	42
2524	28
2525	38
2526	40
2527	33
2528	45
2529	37
2530	31
2531	48
2532	40
2533	32
2534	35
2535	37
2536	25
2537	35
2538	38
2539	35
2540	32
2541	31
2542	47
2543	34
2544	37
2545	38
2546	39
2547	40
2548	31
2549	40
2550	49
2551	33
2552	46
2553	33
2554	44
2555	42
2556	39
2557	25
2558	52
2559	45
2560	41
2561	28
2562	33
2563	34
2564	37
2565	31
2566	33
2567	34
2568	47
2569	32
2570	36
2571	38
2572	29
2573	30
2574	40
2575	41
2576	46
2577	28
2578	38
2579	45
2580	36
2581	43
2582	34
2583	40
2584	27
2585	42
2586	38
2587	34
2588	37
2589	46
2590	33
2591	27
2592	39
2593	40
2594	40
2595	42
2596	36
2597	35
2598	37
2599	37
2600	42
2601	53
2602	38
2603	43
2604	37
2605	40
2606	43
2607	37
2608	50
2609	38
2610	24
2611	31
2612	32
2613	35
2614	20
2615	55
2616	33
2617	45
2618	33
2619	31
2620	48
2621	30
2622	26
2623	37
2624	41
2625	23
2626	39
2627	31
2628	32
2629	41
2630	42
2631	35
2632	37
2633	29
2634	27
2635	32
2636	30
2637	48
2638	33
2639	34
2640	47
2641	33
2642	33
2643	35
2644	47
2645	50
2646	37
2647	35
2648	41
2649	33
2650	40
2651	47
2652	39
2653	49
2654	35
2655	37
2656	28
2657	40
2658	39
2659	29
2660	37
2661	26
2662	32
2663	36
2664	44
2665	40
2666	45
2667	34
2668	36
2669	25
2670	37
2671	31
2672	44
2673	30
2674	35
2675	22
2676	41
2677	40
2678	38
2679	33
2680	36
2681	36
2682	31
2683	32
2684	30
2685	40
2686	37
2687	33
2688	27
2689	33
2690	35
2691	28
2692	41
2693	37
2694	37
2695	39
2696	37
2697	47
2698	34
2699	33
2700	38
2701	37
2702	25
2703	26
2704	34
2705	29
2706	34
2707	39
2708	30
2709	33
2710	31
2711	37
2712	30
2713	34
2714	40
2715	39
2716	31
2717	36
2718	37
2719	33
2720	31
2721	39
2722	26
2723	43
2724	43
2725	41
2726	36
2727	28
2728	39
2729	37
2730	30
2731	33
2732	28
2733	36
2734	36
2735	36
2736	33
2737	42
2738	36
2739	36
2740	33
2741	39
2742	35
2743	32
2744	43
2745	35
2746	37
2747	24
2748	33
2749	30
2750	34
2751	29
2752	45
2753	40
2754	27
2755	36
2756	38
2757	35
2758	32
2759	34
2760	29
2761	46
2762	34
2763	31
2764	41
2765	28
2766	19
2767	34
2768	35
2769	32
2770	33
2771	36
2772	35
2773	28
2774	41
2775	35
2776	38
2777	36
2778	36
2779	40
2780	36
2781	30
2782	38
2783	29
2784	26
2785	34
2786	38
2787	41
2788	33
2789	32
2790	40
2791	35
2792	31
2793	29
2794	31
2795	32
2796	35
2797	24
2798	28
2799	34
2800	40
2801	34
2802	41
2803	41
2804	39
2805	25
2806	30
2807	27
2808	26
2809	24
2810	30
2811	23
2812	33
2813	30
2814	35
2815	34
2816	35
2817	22
2818	22
2819	34
2820	34
2821	34
2822	31
2823	39
2824	34
2825	36
2826	32
2827	37
2828	31
2829	34
2830	37
2831	31
2832	33
2833	41
2834	27
2835	29
2836	32
2837	37
2838	43
2839	29
2840	30
2841	31
2842	40
2843	34
2844	20
2845	40
2846	32
2847	28
2848	34
2849	34
2850	30
2851	39
2852	35
2853	27
2854	31
2855	30
2856	35
2857	33
2858	37
2859	29
2860	28
2861	35
2862	41
2863	34
2864	42
2865	25
2866	40
2867	45
2868	37
2869	33
2870	40
2871	23
2872	29
2873	27
2874	28
2875	24
2876	29
2877	35
2878	33
2879	31
2880	33
2881	35
2882	27
2883	35
2884	34
2885	30
2886	31
2887	29
2888	33
2889	34
2890	39
2891	25
2892	42
2893	32
2894	28
2895	32
2896	36
2897	38
2898	42
2899	29
2900	28
2901	33
2902	31
2903	37
2904	31
2905	35
2906	29
2907	30
2908	40
2909	27
2910	29
2911	27
2912	26
2913	38
2914	25
2915	34
2916	28
2917	38
2918	22
2919	32
2920	38
2921	36
2922	30
2923	27
2924	30
2925	32
2926	36
2927	34
2928	33
2929	32
2930	36
2931	31
2932	21
2933	39
2934	34
2935	23
2936	28
2937	30
2938	36
2939	30
2940	33
2941	34
2942	34
2943	36
2944	27
2945	28
2946	33
2947	33
2948	25
2949	30
2950	31
2951	26
2952	30
2953	23
2954	35
2955	27
2956	37
2957	40
2958	34
2959	38
2960	41
2961	42
2962	38
2963	37
2964	36
2965	37
2966	24
2967	40
2968	45
2969	30
2970	30
2971	32
2972	38
2973	38
2974	32
2975	34
2976	38
2977	39
2978	35
2979	30
2980	43
2981	31
2982	26
2983	24
2984	25
2985	27
2986	41
2987	30
2988	33
2989	33
2990	39
2991	29
2992	39
2993	33
2994	30
2995	22
2996	31
2997	35
2998	26
2999	37
3000	37
3001	36
3002	33
3003	32
3004	30
3005	31
3006	28
3007	33
3008	35
3009	35
3010	36
3011	32
3012	33
3013	34
3014	38
3015	30
3016	23
3017	26
3018	24
3019	31
3020	31
3021	27
3022	34
3023	32
3024	27
3025	29
3026	29
3027	25
3028	40
3029	36
3030	36
3031	37
3032	38
3033	28
3034	41
3035	40
3036	36
3037	41
3038	32
3039	28
3040	31
3041	19
3042	32
3043	20
3044	42
3045	39
3046	32
3047	29
3048	24
3049	30
3050	39
3051	25
3052	27
3053	38
3054	31
3055	32
3056	29
3057	29
3058	37
3059	30
3060	36
3061	37
3062	25
3063	34
3064	31
3065	42
3066	26
3067	27
3068	28
3069	40
3070	47
3071	28
3072	33
3073	30
3074	31
3075	36
3076	29
3077	39
3078	30
3079	40
3080	35
3081	36
3082	32
3083	36
3084	33
3085	30
3086	21
3087	33
3088	24
3089	21
3090	40
3091	28
3092	32
3093	28
3094	22
3095	27
3096	30
3097	35
3098	37
3099	31
3100	31
3101	35
3102	33
3103	41
3104	38
3105	25
3106	31
3107	38
3108	31
3109	28
3110	31
3111	46
3112	45
3113	34
3114	35
3115	38
3116	28
3117	40
3118	33
3119	36
3120	35
3121	29
3122	31
3123	34
3124	30
3125	34
3126	32
3127	30
3128	26
3129	38
3130	34
3131	40
3132	35
3133	35
3134	34
3135	29
3136	30
3137	36
3138	36
3139	27
3140	38
3141	34
3142	31
3143	35
3144	36
3145	36
3146	35
3147	32
3148	27
3149	36
3150	30
3151	34
3152	27
3153	38
3154	31
3155	32
3156	29
3157	28
3158	27
3159	29
3160	43
3161	33
3162	27
3163	34
3164	37
3165	33
3166	27
3167	41
3168	42
3169	34
3170	38
3171	36
3172	41
3173	36
3174	41
3175	28
3176	34
3177	39
3178	38
3179	40
3180	32
3181	39
3182	32
3183	33
3184	30
3185	30
3186	23
3187	32
3188	43
3189	36
3190	22
3191	29
3192	48
3193	38
3194	32
3195	32
3196	37
3197	37
3198	42
3199	29
3200	23
3201	31
3202	26
3203	30
3204	33
3205	35
3206	35
3207	37
3208	34
3209	33
3210	39
3211	30
3212	33
3213	36
3214	23
3215	39
3216	29
3217	42
3218	29
3219	27
3220	41
3221	27
3222	24
3223	34
3224	41
3225	28
3226	24
3227	38
3228	28
3229	38
3230	30
3231	40
3232	33
3233	27
3234	36
3235	37
3236	34
3237	29
3238	31
3239	37
3240	41
3241	38
3242	48
3243	42
3244	45
3245	32
3246	40
3247	26
3248	28
3249	34
3250	32
3251	44
3252	35
3253	37
3254	29
3255	44
3256	27
3257	40
3258	34
3259	33
3260	34
3261	32
3262	28
3263	33
3264	26
3265	40
3266	36
3267	33
3268	39
3269	36
3270	26
3271	28
3272	32
3273	30
3274	34
3275	37
3276	27
3277	21
3278	34
3279	34
3280	28
3281	32
3282	43
3283	28
3284	37
3285	29
3286	32
3287	36
3288	30
3289	36
3290	29
3291	42
3292	36
3293	33
3294	26
3295	29
3296	35
3297	39
3298	34
3299	36
3300	36
3301	32
3302	48
3303	29
3304	25
3305	31
3306	38
3307	32
3308	39
3309	36
3310	34
3311	40
3312	35
3313	35
3314	25
3315	44
3316	30
3317	36
3318	30
3319	22
3320	22
3321	45
3322	38
3323	44
3324	30
3325	40
3326	31
3327	45
3328	35
3329	33
3330	25
3331	31
3332	26
3333	26
3334	34
3335	39
3336	46
3337	43
3338	28
3339	37
3340	43
3341	22
3342	36
3343	49
3344	30
3345	23
3346	29
3347	36
3348	31
3349	36
3350	27
3351	21
3352	31
3353	31
3354	32
3355	22
3356	41
3357	32
3358	32
3359	37
3360	24
3361	37
3362	31
3363	24
3364	39
3365	41
3366	32
3367	36
3368	26
3369	31
3370	36
3371	36
3372	32
3373	40
3374	33
3375	32
3376	31
3377	28
3378	25
3379	37
3380	44
3381	32
3382	23
3383	27
3384	36
3385	29
3386	35
3387	37
3388	30
3389	29
3390	35
3391	29
3392	32
3393	23
3394	33
3395	35
3396	27
3397	33
3398	27
3399	36
3400	31
3401	24
3402	27
3403	40
3404	37
3405	24
3406	30
3407	21
3408	29
3409	32
3410	36
3411	24
3412	26
3413	26
3414	28
3415	40
3416	32
3417	38
3418	26
3419	25
3420	28
3421	26
3422	34
3423	36
3424	29
3425	43
3426	38
3427	38
3428	45
3429	23
3430	26
3431	23
3432	43
3433	34
3434	32
3435	28
3436	31
3437	28
3438	30
3439	31
3440	35
3441	30
3442	19
3443	29
3444	40
3445	33
3446	36
3447	40
3448	38
3449	38
3450	32
3451	31
3452	32
3453	36
3454	32
3455	40
3456	38
3457	35
3458	35
3459	39
3460	40
3461	29
3462	32
3463	27
3464	32
3465	32
3466	27
3467	31
3468	35
3469	43
3470	26
3471	40
3472	31
3473	29
3474	44
3475	41
3476	28
3477	42
3478	25
3479	22
3480	28
3481	37
3482	28
3483	24
3484	44
3485	31
3486	29
3487	32
3488	32
3489	36
3490	30
3491	32
3492	35
3493	26
3494	42
3495	27
3496	17
3497	33
3498	32
3499	33
3500	38
3501	41
3502	27
3503	30
3504	34
3505	35
3506	24
3507	35
3508	21
3509	29
3510	36
3511	30
3512	37
3513	32
3514	21
3515	32
3516	33
3517	33
3518	25
3519	35
3520	29
3521	33
3522	32
3523	35
3524	30
3525	42
3526	41
3527	25
3528	33
3529	25
3530	32
3531	28
3532	31
3533	33
3534	33
3535	39
3536	35
3537	29
3538	41
3539	24
3540	39
3541	31
3542	28
3543	30
3544	27
3545	32
3546	23
3547	27
3548	35
3549	30
3550	35
3551	37
3552	22
3553	33
3554	40
3555	35
3556	29
3557	36
3558	27
3559	26
3560	30
3561	31
3562	32
3563	35
3564	36
3565	30
3566	35
3567	30
3568	23
3569	27
3570	39
3571	27
3572	39
3573	33
3574	27
3575	30
3576	36
3577	23
3578	31
3579	37
3580	21
3581	31
3582	45
3583	30
3584	35
3585	29
3586	31
3587	24
3588	30
3589	28
3590	27
3591	27
3592	30
3593	34
3594	24
3595	26
3596	27
3597	22
3598	35
3599	30
3600	21
3601	27
3602	30
3603	25
3604	31
3605	38
3606	30
3607	26
3608	38
3609	25
3610	21
3611	26
3612	26
3613	28
3614	25
3615	29
3616	30
3617	33
3618	26
3619	37
3620	27
3621	34
3622	46
3623	31
3624	30
3625	24
3626	26
3627	31
3628	27
3629	29
3630	32
3631	32
3632	38
3633	22
3634	29
3635	25
3636	25
3637	27
3638	30
3639	42
3640	21
3641	27
3642	36
3643	29
3644	25
3645	26
3646	29
3647	29
3648	23
3649	25
3650	28
3651	29
3652	24
3653	21
3654	20
3655	29
3656	31
3657	37
3658	26
3659	26
3660	46
3661	28
3662	30
3663	31
3664	35
3665	22
3666	22
3667	34
3668	34
3669	22
3670	25
3671	39
3672	29
3673	27
3674	26
3675	35
3676	26
3677	30
3678	28
3679	28
3680	21
3681	29
3682	27
3683	28
3684	22
3685	32
3686	23
3687	24
3688	30
3689	27
3690	29
3691	35
3692	35
3693	25
3694	24
3695	24
3696	29
3697	19
3698	31
3699	28
3700	30
3701	22
3702	34
3703	30
3704	31
3705	31
3706	23
3707	23
3708	33
3709	22
3710	28
3711	25
3712	27
3713	21
3714	36
3715	32
3716	33
3717	32
3718	34
3719	20
3720	34
3721	33
3722	45
3723	29
3724	33
3725	36
3726	31
3727	37
3728	30
3729	29
3730	23
3731	23
3732	21
3733	29
3734	29
3735	26
3736	26
3737	27
3738	30
3739	35
3740	36
3741	35
3742	21
3743	28
3744	28
3745	32
3746	22
3747	30
3748	25
3749	24
3750	24
3751	26
3752	25
3753	25
3754	29
3755	25
3756	26
3757	32
3758	22
3759	31
3760	22
3761	34
3762	27
3763	24
3764	33
3765	26
3766	32
3767	29
3768	29
3769	20
3770	36
3771	34
3772	22
3773	23
3774	35
3775	26
3776	24
3777	16
3778	23
3779	28
3780	23
3781	30
3782	29
3783	33
3784	20
3785	40
3786	28
3787	26
3788	30
3789	25
3790	30
3791	36
3792	28
3793	27
3794	21
3795	26
3796	19
3797	19
3798	20
3799	27
3800	34
3801	36
3802	31
3803	29
3804	27
3805	18
3806	25
3807	23
3808	33
3809	25
3810	25
3811	35
3812	24
3813	26
3814	22
3815	21
3816	24
3817	26
3818	17
3819	25
3820	25
3821	32
3822	29
3823	29
3824	30
3825	29
3826	16
3827	27
3828	22
3829	23
3830	27
3831	28
3832	35
3833	13
3834	29
3835	26
3836	28
3837	23
3838	27
3839	18
3840	23
3841	35
3842	18
3843	21
3844	20
3845	15
3846	23
3847	19
3848	25
3849	29
3850	21
3851	19
3852	25
3853	23
3854	31
3855	32
3856	14
3857	25
3858	20
3859	25
3860	27
3861	34
3862	19
3863	32
3864	19
3865	18
3866	25
3867	19
3868	22
3869	24
3870	29
3871	22
3872	23
3873	24
3874	21
3875	28
3876	32
3877	25
3878	14
3879	24
3880	30
3881	21
3882	17
3883	25
3884	20
3885	32
3886	29
3887	27
3888	26
3889	28
3890	20
3891	20
3892	21
3893	16
3894	22
3895	25
3896	29
3897	13
3898	18
3899	24
3900	28
3901	30
3902	23
3903	29
3904	27
3905	20
3906	20
3907	20
3908	27
3909	26
3910	29
3911	17
3912	25
3913	25
3914	27
3915	17
3916	26
3917	23
3918	29
3919	24
3920	27
3921	23
3922	22
3923	22
3924	18
3925	19
3926	31
3927	22
3928	25
3929	22
3930	27
3931	27
3932	30
3933	30
3934	17
3935	20
3936	20
3937	27
3938	24
3939	30
3940	25
3941	19
3942	29
3943	29
3944	22
3945	23
3946	21
3947	23
3948	29
3949	25
3950	25
3951	24
3952	19
3953	21
3954	20
3955	22
3956	18
3957	22
3958	25
3959	22
3960	22
3961	28
3962	24
3963	25
3964	17
3965	26
3966	24
3967	28
3968	26
3969	18
3970	19
3971	22
3972	27
3973	23
3974	24
3975	26
3976	15
3977	21
3978	16
3979	21
3980	24
3981	33
3982	22
3983	24
3984	21
3985	21
3986	25
3987	22
3988	20
3989	24
3990	16
3991	19
3992	17
3993	25
3994	24
3995	27
3996	27
3997	24
3998	23
3999	22
4000	25
4001	16
4002	22
4003	22
4004	17
4005	16
4006	23
4007	25
4008	21
4009	19
4010	25
4011	20
4012	34
4013	20
4014	29
4015	15
4016	17
4017	23
4018	19
4019	24
4020	15
4021	25
4022	14
4023	28
4024	22
4025	20
4026	14
4027	26
4028	28
4029	22
4030	16
4031	29
4032	17
4033	24
4034	28
4035	21
4036	22
4037	23
4038	20
4039	22
4040	19
4041	20
4042	21
4043	28
4044	22
4045	29
4046	32
4047	23
4048	14
4049	28
4050	30
4051	33
4052	24
4053	17
4054	22
4055	18
4056	14
4057	34
4058	27
4059	19
4060	12
4061	16
4062	26
4063	27
4064	14
4065	32
4066	24
4067	22
4068	19
4069	24
4070	18
4071	17
4072	19
4073	32
4074	13
4075	22
4076	20
4077	19
4078	23
4079	20
4080	18
4081	17
4082	25
4083	21
4084	22
4085	21
4086	18
4087	26
4088	23
4089	12
4090	22
4091	21
4092	21
4093	22
4094	24
4095	28
4096	24
4097	24
4098	30
4099	22
4100	26
4101	16
4102	21
4103	28
4104	17
4105	27
4106	22
4107	18
4108	24
4109	23
4110	24
4111	19
4112	29
4113	20
4114	23
4115	20
4116	22
4117	19
4118	18
4119	28
4120	15
4121	19
4122	18
4123	28
4124	19
4125	17
4126	22
4127	27
4128	19
4129	16
4130	22
4131	33
4132	24
4133	14
4134	25
4135	26
4136	25
4137	26
4138	18
4139	21
4140	16
4141	19
4142	19
4143	28
4144	25
4145	15
4146	25
4147	12
4148	17
4149	19
4150	18
4151	19
4152	22
4153	14
4154	11
4155	17
4156	20
4157	19
4158	31
4159	23
4160	22
4161	15
4162	27
4163	27
4164	17
4165	23
4166	27
4167	19
4168	21
4169	16
4170	27
4171	17
4172	15
4173	19
4174	20
4175	19
4176	27
4177	28
4178	31
4179	18
4180	18
4181	26
4182	23
4183	21
4184	26
4185	29
4186	24
4187	19
4188	16
4189	21
4190	19
4191	11
4192	21
4193	16
4194	25
4195	28
4196	14
4197	14
4198	18
4199	26
4200	22
4201	19
4202	26
4203	25
4204	18
4205	22
4206	21
4207	26
4208	25
4209	19
4210	28
4211	24
4212	15
4213	19
4214	19
4215	19
4216	18
4217	29
4218	18
4219	15
4220	17
4221	15
4222	22
4223	21
4224	34
4225	23
4226	17
4227	19
4228	20
4229	19
4230	24
4231	17
4232	18
4233	15
4234	20
4235	24
4236	21
4237	21
4238	23
4239	31
4240	13
4241	25
4242	15
4243	24
4244	11
4245	26
4246	21
4247	16
4248	22
4249	14
4250	14
4251	10
4252	26
4253	24
4254	22
4255	22
4256	19
4257	15
4258	27
4259	18
4260	20
4261	29
4262	23
4263	23
4264	20
4265	17
4266	19
4267	23
4268	17
4269	12
4270	25
4271	15
4272	24
4273	27
4274	18
4275	24
4276	21
4277	18
4278	18
4279	16
4280	21
4281	18
4282	22
4283	23
4284	18
4285	17
4286	20
4287	22
4288	20
4289	6
4290	17
4291	17
4292	31
4293	16
4294	28
4295	27
4296	15
4297	30
4298	22
4299	10
4300	8
4301	17
4302	26
4303	26
4304	27
4305	14
4306	16
4307	14
4308	20
4309	30
4310	19
4311	21
4312	20
4313	19
4314	21
4315	26
4316	13
4317	23
4318	22
4319	14
4320	19
4321	20
4322	23
4323	19
4324	23
4325	19
4326	21
4327	15
4328	12
4329	17
4330	18
4331	20
4332	13
4333	19
4334	21
4335	20
4336	21
4337	20
4338	21
4339	18
4340	19
4341	23
4342	21
4343	15
4344	16
4345	24
4346	21
4347	23
4348	24
4349	13
4350	18
4351	14
4352	24
4353	26
4354	12
4355	14
4356	9
4357	21
4358	25
4359	17
4360	11
4361	24
4362	15
4363	14
4364	15
4365	22
4366	17
4367	18
4368	10
4369	21
4370	18
4371	21
4372	20
4373	24
4374	10
4375	17
4376	28
4377	25
4378	17
4379	23
4380	20
4381	19
4382	22
4383	17
4384	18
4385	27
4386	15
4387	25
4388	19
4389	19
4390	20
4391	24
4392	18
4393	19
4394	19
4395	13
4396	24
4397	16
4398	22
4399	11
4400	23
4401	22
4402	19
4403	18
4404	14
4405	14
4406	21
4407	17
4408	23
4409	13
4410	22
4411	21
4412	13
4413	16
4414	17
4415	14
4416	16
4417	25
4418	13
4419	30
4420	26
4421	18
4422	21
4423	25
4424	22
4425	15
4426	15
4427	21
4428	16
4429	14
4430	16
4431	13
4432	18
4433	22
4434	20
4435	9
4436	22
4437	15
4438	16
4439	23
4440	23
4441	15
4442	22
4443	19
4444	22
4445	21
4446	15
4447	15
4448	17
4449	17
4450	17
4451	12
4452	20
4453	16
4454	15
4455	14
4456	15
4457	10
4458	18
4459	20
4460	20
4461	11
4462	20
4463	24
4464	18
4465	18
4466	19
4467	17
4468	19
4469	23
4470	17
4471	24
4472	18
4473	14
4474	11
4475	21
4476	13
4477	18
4478	18
4479	21
4480	19
4481	29
4482	16
4483	19
4484	30
4485	18
4486	13
4487	16
4488	19
4489	27
4490	16
4491	14
4492	24
4493	16
4494	18
4495	17
4496	17
4497	18
4498	16
4499	16
4500	17
4501	18
4502	21
4503	9
4504	10
4505	12
4506	16
4507	12
4508	18
4509	17
4510	21
4511	22
4512	20
4513	26
4514	14
4515	19
4516	20
4517	9
4518	22
4519	19
4520	22
4521	15
4522	17
4523	15
4524	14
4525	11
4526	18
4527	27
4528	15
4529	15
4530	13
4531	22
4532	16
4533	23
4534	19
4535	14
4536	19
4537	14
4538	25
4539	13
4540	9
4541	22
4542	23
4543	15
4544	24
4545	16
4546	11
4547	12
4548	12
4549	14
4550	21
4551	20
4552	20
4553	15
4554	16
4555	20
4556	14
4557	16
4558	18
4559	14
4560	16
4561	15
4562	15
4563	15
4564	19
4565	23
4566	15
4567	17
4568	20
4569	19
4570	20
4571	15
4572	12
4573	17
4574	15
4575	19
4576	19
4577	16
4578	22
4579	10
4580	16
4581	21
4582	17
4583	14
4584	17
4585	14
4586	14
4587	21
4588	12
4589	20
4590	16
4591	20
4592	17
4593	23
4594	18
4595	19
4596	13
4597	18
4598	24
4599	16
4600	18
4601	9
4602	21
4603	13
4604	14
4605	14
4606	16
4607	11
4608	12
4609	14
4610	13
4611	13
4612	26
4613	14
4614	18
4615	19
4616	21
4617	21
4618	17
4619	11
4620	14
4621	9
4622	12
4623	11
4624	19
4625	12
4626	19
4627	16
4628	27
4629	11
4630	16
4631	11
4632	15
4633	20
4634	17
4635	11
4636	12
4637	15
4638	21
4639	17
4640	16
4641	20
4642	16
4643	23
4644	26
4645	14
4646	16
4647	24
4648	12
4649	13
4650	11
4651	20
4652	20
4653	18
4654	19
4655	10
4656	18
4657	17
4658	9
4659	17
4660	13
4661	13
4662	19
4663	12
4664	9
4665	18
4666	12
4667	22
4668	14
4669	19
4670	15
4671	16
4672	11
4673	18
4674	14
4675	26
4676	17
4677	13
4678	15
4679	11
4680	10
4681	14
4682	12
4683	11
4684	15
4685	16
4686	23
4687	20
4688	20
4689	15
4690	15
4691	23
4692	10
4693	15
4694	6
4695	18
4696	12
4697	16
4698	17
4699	12
4700	19
4701	21
4702	14
4703	15
4704	11
4705	18
4706	13
4707	20
4708	21
4709	17
4710	16
4711	10
4712	13
4713	17
4714	17
4715	12
4716	22
4717	13
4718	18
4719	11
4720	13
4721	19
4722	14
4723	6
4724	19
4725	14
4726	19
4727	17
4728	12
4729	27
4730	16
4731	24
4732	17
4733	16
4734	15
4735	18
4736	17
4737	21
4738	15
4739	18
4740	19
4741	7
4742	22
4743	16
4744	20
4745	13
4746	15
4747	16
4748	17
4749	14
4750	14
4751	14
4752	15
4753	16
4754	16
4755	12
4756	24
4757	21
4758	17
4759	21
4760	14
4761	15
4762	15
4763	12
4764	16
4765	14
4766	16
4767	14
4768	15
4769	10
4770	15
4771	14
4772	18
4773	10
4774	16
4775	20
4776	18
4777	14
4778	14
4779	9
4780	15
4781	17
4782	15
4783	5
4784	15
4785	13
4786	18
4787	17
4788	22
4789	20
4790	16
4791	13
4792	14
4793	7
4794	14
4795	15
4796	10
4797	20
4798	14
4799	18
4800	17
4801	15
4802	13
4803	13
4804	15
4805	8
4806	10
4807	11
4808	12
4809	25
4810	19
4811	8
4812	15
4813	10
4814	19
4815	18
4816	18
4817	13
4818	16
4819	20
4820	13
4821	14
4822	11
4823	9
4824	15
4825	12
4826	16
4827	25
4828	16
4829	14
4830	8
4831	12
4832	16
4833	10
4834	10
4835	16
4836	11
4837	15
4838	12
4839	13
4840	12
4841	13
4842	7
4843	14
4844	12
4845	21
4846	16
4847	17
4848	16
4849	15
4850	17
4851	9
4852	16
4853	12
4854	15
4855	22
4856	11
4857	13
4858	12
4859	13
4860	19
4861	17
4862	15
4863	19
4864	24
4865	17
4866	16
4867	17
4868	13
4869	17
4870	8
4871	11
4872	10
4873	19
4874	16
4875	13
4876	16
4877	11
4878	12
4879	11
4880	14
4881	9
4882	13
4883	12
4884	12
4885	9
4886	14
4887	12
4888	11
4889	11
4890	13
4891	11
4892	11
4893	15
4894	14
4895	14
4896	17
4897	13
4898	21
4899	9
4900	13
4901	15
4902	14
4903	7
4904	13
4905	7
4906	11
4907	13
4908	10
4909	9
4910	17
4911	17
4912	8
4913	14
4914	15
4915	13
4916	16
4917	13
4918	12
4919	19
4920	19
4921	10
4922	13
4923	20
4924	11
4925	14
4926	15
4927	12
4928	7
4929	6
4930	14
4931	23
4932	6
4933	14
4934	18
4935	12
4936	16
4937	13
4938	23
4939	13
4940	10
4941	11
4942	11
4943	12
4944	19
4945	9
4946	9
4947	12
4948	11
4949	17
4950	12
4951	11
4952	25
4953	10
4954	13
4955	9
4956	14
4957	18
4958	11
4959	12
4960	15
4961	8
4962	12
4963	16
4964	17
4965	15
4966	10
4967	16
4968	13
4969	13
4970	14
4971	10
4972	7
4973	16
4974	13
4975	13
4976	15
4977	16
4978	11
4979	11
4980	19
4981	11
4982	14
4983	10
4984	12
4985	11
4986	10
4987	15
4988	13
4989	15
4990	14
4991	15
4992	6
4993	9
4994	10
4995	15
4996	13
4997	11
4998	14
4999	10
5000	9
5001	14
5002	10
5003	16
5004	14
5005	13
5006	6
5007	7
5008	9
5009	14
5010	15
5011	13
5012	9
5013	12
5014	13
5015	13
5016	16
5017	16
5018	19
5019	11
5020	10
5021	11
5022	12
5023	12
5024	9
5025	9
5026	18
5027	16
5028	12
5029	17
5030	11
5031	12
5032	11
5033	18
5034	9
5035	15
5036	12
5037	10
5038	21
5039	12
5040	9
5041	7
5042	4
5043	16
5044	14
5045	13
5046	13
5047	11
5048	14
5049	11
5050	11
5051	14
5052	8
5053	7
5054	14
5055	17
5056	16
5057	11
5058	12
5059	17
5060	15
5061	15
5062	12
5063	17
5064	10
5065	13
5066	10
5067	9
5068	12
5069	15
5070	12
5071	15
5072	14
5073	13
5074	12
5075	15
5076	15
5077	15
5078	17
5079	10
5080	17
5081	10
5082	17
5083	9
5084	7
5085	12
5086	13
5087	9
5088	19
5089	8
5090	11
5091	13
5092	13
5093	18
5094	7
5095	16
5096	13
5097	18
5098	12
5099	18
5100	19
5101	9
5102	6
5103	13
5104	9
5105	13
5106	8
5107	14
5108	7
5109	5
5110	13
5111	11
5112	8
5113	10
5114	11
5115	15
5116	12
5117	8
5118	3
5119	14
5120	12
5121	14
5122	11
5123	10
5124	6
5125	14
5126	14
5127	15
5128	13
5129	16
5130	10
5131	10
5132	11
5133	15
5134	13
5135	9
5136	15
5137	17
5138	14
5139	12
5140	16
5141	11
5142	12
5143	22
5144	11
5145	11
5146	14
5147	11
5148	11
5149	9
5150	9
5151	4
5152	8
5153	8
5154	10
5155	10
5156	12
5157	11
5158	11
5159	10
5160	10
5161	17
5162	12
5163	8
5164	9
5165	9
5166	6
5167	15
5168	7
5169	10
5170	13
5171	17
5172	14
5173	18
5174	16
5175	15
5176	7
5177	11
5178	16
5179	15
5180	15
5181	10
5182	19
5183	13
5184	9
5185	5
5186	6
5187	16
5188	9
5189	10
5190	10
5191	12
5192	11
5193	14
5194	7
5195	14
5196	13
5197	10
5198	10
5199	9
5200	18
5201	15
5202	17
5203	8
5204	10
5205	16
5206	17
5207	14
5208	12
5209	14
5210	12
5211	7
5212	10
5213	13
5214	7
5215	11
5216	16
5217	14
5218	13
5219	21
5220	13
5221	18
5222	9
5223	14
5224	16
5225	12
5226	18
5227	11
5228	11
5229	10
5230	8
5231	14
5232	15
5233	15
5234	10
5235	6
5236	13
5237	11
5238	10
5239	12
5240	5
5241	9
5242	14
5243	12
5244	16
5245	14
5246	17
5247	9
5248	10
5249	17
5250	19
5251	13
5252	7
5253	10
5254	14
5255	12
5256	16
5257	12
5258	11
5259	18
5260	12
5261	6
5262	13
5263	15
5264	8
5265	18
5266	17
5267	6
5268	12
5269	12
5270	14
5271	10
5272	12
5273	13
5274	14
5275	13
5276	7
5277	12
5278	9
5279	12
5280	7
5281	13
5282	9
5283	6
5284	15
5285	9
5286	19
5287	14
5288	10
5289	10
5290	16
5291	16
5292	10
5293	17
5294	6
5295	12
5296	12
5297	11
5298	6
5299	12
5300	7
5301	13
5302	13
5303	9
5304	15
5305	20
5306	7
5307	20
5308	14
5309	13
5310	13
5311	17
5312	13
5313	8
5314	19
5315	11
5316	18
5317	16
5318	16
5319	11
5320	11
5321	14
5322	10
5323	11
5324	20
5325	8
5326	7
5327	10
5328	19
5329	11
5330	15
5331	10
5332	17
5333	13
5334	8
5335	7
5336	10
5337	12
5338	10
5339	11
5340	7
5341	10
5342	12
5343	4
5344	8
5345	7
5346	10
5347	15
5348	13
5349	14
5350	15
5351	5
5352	17
5353	10
5354	12
5355	10
5356	9
5357	16
5358	8
5359	10
5360	7
5361	19
5362	14
5363	8
5364	14
5365	15
5366	11
5367	11
5368	12
5369	16
5370	12
5371	20
5372	8
5373	11
5374	8
5375	10
5376	17
5377	9
5378	8
5379	14
5380	9
5381	12
5382	19
5383	19
5384	17
5385	9
5386	11
5387	12
5388	10
5389	11
5390	11
5391	17
5392	15
5393	6
5394	19
5395	12
5396	8
5397	14
5398	13
5399	12
5400	14
5401	12
5402	12
5403	17
5404	14
5405	12
5406	14
5407	13
5408	11
5409	16
5410	14
5411	8
5412	18
5413	12
5414	9
5415	14
5416	6
5417	10
5418	18
5419	10
5420	10
5421	9
5422	11
5423	13
5424	15
5425	12
5426	13
5427	10
5428	15
5429	10
5430	18
5431	15
5432	11
5433	12
5434	15
5435	12
5436	12
5437	15
5438	18
5439	15
5440	10
5441	16
5442	10
5443	18
5444	10
5445	16
5446	11
5447	13
5448	18
5449	17
5450	6
5451	6
5452	13
5453	13
5454	9
5455	6
5456	8
5457	13
5458	12
5459	9
5460	8
5461	12
5462	16
5463	11
5464	10
5465	14
5466	8
5467	18
5468	17
5469	18
5470	13
5471	12
5472	14
5473	14
5474	9
5475	14
5476	9
5477	12
5478	10
5479	16
5480	8
5481	13
5482	17
5483	7
5484	12
5485	8
5486	11
5487	8
5488	5
5489	14
5490	10
5491	11
5492	26
5493	11
5494	11
5495	14
5496	15
5497	14
5498	6
5499	16
5500	19
5501	22
5502	9
5503	7
5504	16
5505	16
5506	12
5507	8
5508	14
5509	15
5510	10
5511	10
5512	19
5513	11
5514	16
5515	13
5516	8
5517	9
5518	11
5519	10
5520	14
5521	8
5522	10
5523	14
5524	7
5525	10
5526	11
5527	16
5528	13
5529	8
5530	11
5531	9
5532	10
5533	10
5534	14
5535	15
5536	11
5537	16
5538	20
5539	20
5540	11
5541	9
5542	11
5543	13
5544	17
5545	11
5546	9
5547	13
5548	12
5549	13
5550	10
5551	14
5552	13
5553	17
5554	11
5555	15
5556	9
5557	14
5558	8
5559	13
5560	13
5561	9
5562	8
5563	19
5564	19
5565	11
5566	18
5567	6
5568	8
5569	11
5570	15
5571	19
5572	18
5573	16
5574	12
5575	7
5576	13
5577	13
5578	12
5579	10
5580	9
5581	16
5582	14
5583	13
5584	9
5585	13
5586	8
5587	8
5588	12
5589	11
5590	6
5591	12
5592	11
5593	12
5594	14
5595	11
5596	10
5597	8
5598	12
5599	5
5600	13
5601	15
5602	12
5603	13
5604	12
5605	12
5606	10
5607	12
5608	17
5609	3
5610	16
5611	12
5612	11
5613	10
5614	12
5615	16
5616	13
5617	17
5618	13
5619	8
5620	10
5621	14
5622	13
5623	13
5624	14
5625	7
5626	12
5627	11
5628	11
5629	10
5630	12
5631	18
5632	10
5633	6
5634	6
5635	15
5636	10
5637	12
5638	7
5639	9
5640	10
5641	14
5642	10
5643	14
5644	13
5645	14
5646	9
5647	12
5648	13
5649	8
5650	14
5651	14
5652	9
5653	12
5654	9
5655	9
5656	10
5657	20
5658	13
5659	17
5660	18
5661	16
5662	6
5663	9
5664	10
5665	11
5666	10
5667	21
5668	14
5669	14
5670	9
5671	17
5672	9
5673	11
5674	11
5675	9
5676	18
5677	18
5678	8
5679	12
5680	18
5681	10
5682	14
5683	7
5684	6
5685	15
5686	11
5687	9
5688	14
5689	7
5690	15
5691	8
5692	10
5693	17
5694	12
5695	10
5696	11
5697	16
5698	8
5699	14
5700	8
5701	13
5702	9
5703	15
5704	6
5705	11
5706	17
5707	3
5708	16
5709	12
5710	18
5711	9
5712	10
5713	16
5714	11
5715	11
5716	15
5717	13
5718	11
5719	9
5720	15
5721	10
5722	8
5723	5
5724	14
5725	12
5726	8
5727	13
5728	11
5729	9
5730	11
5731	12
5732	15
5733	11
5734	9
5735	9
5736	14
5737	10
5738	8
5739	12
5740	10
5741	17
5742	10
5743	15
5744	13
5745	12
5746	7
5747	15
5748	13
5749	11
5750	14
5751	11
5752	15
5753	12
5754	4
5755	16
5756	12
5757	10
5758	12
5759	10
5760	8
5761	21
5762	14
5763	10
5764	9
5765	13
5766	12
5767	17
5768	13
5769	9
5770	13
5771	11
5772	9
5773	18
5774	8
5775	11
5776	7
5777	13
5778	8
5779	18
5780	14
5781	16
5782	13
5783	18
5784	14
5785	10
5786	6
5787	12
5788	15
5789	14
5790	14
5791	8
5792	13
5793	13
5794	11
5795	13
5796	11
5797	12
5798	15
5799	8
5800	10
5801	13
5802	16
5803	11
5804	9
5805	11
5806	8
5807	15
5808	11
5809	17
5810	9
5811	11
5812	10
5813	9
5814	10
5815	11
5816	12
5817	7
5818	12
5819	17
5820	6
5821	11
5822	17
5823	20
5824	5
5825	15
5826	11
5827	17
5828	11
5829	19
5830	15
5831	14
5832	17
5833	6
5834	14
5835	13
5836	13
5837	11
5838	11
5839	12
5840	8
5841	10
5842	9
5843	12
5844	13
5845	12
5846	19
5847	8
5848	9
5849	7
5850	15
5851	9
5852	9
5853	16
5854	14
5855	7
5856	16
5857	10
5858	11
5859	12
5860	10
5861	5
5862	7
5863	18
5864	17
5865	19
5866	15
5867	20
5868	9
5869	9
5870	17
5871	15
5872	14
5873	10
5874	15
5875	15
5876	11
5877	10
5878	16
5879	13
5880	13
5881	12
5882	14
5883	15
5884	13
5885	7
5886	8
5887	11
5888	10
5889	14
5890	13
5891	15
5892	11
5893	13
5894	12
5895	5
5896	13
5897	8
5898	10
5899	9
5900	16
5901	10
5902	15
5903	9
5904	15
5905	11
5906	10
5907	12
5908	13
5909	9
5910	12
5911	11
5912	10
5913	7
5914	12
5915	7
5916	10
5917	11
5918	8
5919	14
5920	13
5921	11
5922	12
5923	9
5924	17
5925	14
5926	10
5927	22
5928	13
5929	7
5930	7
5931	12
5932	13
5933	12
5934	13
5935	14
5936	8
5937	10
5938	13
5939	12
5940	11
5941	11
5942	14
5943	11
5944	13
5945	8
5946	15
5947	8
5948	12
5949	17
5950	15
5951	15
5952	16
5953	14
5954	7
5955	11
5956	14
5957	8
5958	10
5959	11
5960	10
5961	18
5962	8
5963	19
5964	11
5965	6
5966	16
5967	20
5968	7
5969	16
5970	14
5971	14
5972	13
5973	13
5974	16
5975	15
5976	8
5977	16
5978	11
5979	6
5980	10
5981	11
5982	7
5983	11
5984	13
5985	13
5986	15
5987	6
5988	15
5989	17
5990	17
5991	15
5992	11
5993	10
5994	16
5995	7
5996	9
5997	15
5998	12
5999	13
6000	14
6001	15
6002	11
6003	14
6004	15
6005	9
6006	8
6007	11
6008	15
6009	14
6010	12
6011	7
6012	16
6013	8
6014	19
6015	19
6016	16
6017	9
6018	13
6019	13
6020	22
6021	14
6022	11
6023	14
6024	7
6025	11
6026	17
6027	19
6028	4
6029	13
6030	14
6031	18
6032	11
6033	14
6034	11
6035	10
6036	11
6037	9
6038	16
6039	8
6040	8
6041	11
6042	17
6043	14
6044	10
6045	9
6046	13
6047	8
6048	14
6049	16
6050	14
6051	10
6052	16
6053	9
6054	15
6055	19
6056	12
6057	17
6058	16
6059	10
6060	17
6061	23
6062	11
6063	16
6064	9
6065	12
6066	11
6067	7
6068	12
6069	13
6070	13
6071	11
6072	14
6073	13
6074	11
6075	15
6076	14
6077	16
6078	14
6079	17
6080	13
6081	9
6082	15
6083	10
6084	12
6085	11
6086	6
6087	13
6088	8
6089	23
6090	9
6091	12
6092	16
6093	13
6094	16
6095	9
6096	15
6097	15
6098	9
6099	10
6100	13
6101	14
6102	8
6103	12
6104	14
6105	18
6106	15
6107	18
6108	13
6109	18
6110	17
6111	11
6112	13
6113	20
6114	7
6115	12
6116	14
6117	11
6118	13
6119	15
6120	21
6121	11
6122	14
6123	19
6124	11
6125	6
6126	8
6127	18
6128	11
6129	17
6130	11
6131	10
6132	11
6133	11
6134	11
6135	9
6136	10
6137	14
6138	20
6139	8
6140	10
6141	13
6142	11
6143	15
6144	10
6145	15
6146	15
6147	16
6148	13
6149	17
6150	10
6151	8
6152	13
6153	15
6154	16
6155	11
6156	11
6157	14
6158	9
6159	13
6160	21
6161	13
6162	10
6163	14
6164	14
6165	19
6166	10
6167	11
6168	10
6169	14
6170	11
6171	15
6172	16
6173	12
6174	16
6175	7
6176	12
6177	17
6178	18
6179	16
6180	12
6181	16
6182	12
6183	10
6184	17
6185	13
6186	8
6187	9
6188	10
6189	10
6190	25
6191	15
6192	7
6193	17
6194	15
6195	17
6196	10
6197	13
6198	14
6199	13
6200	10
6201	8
6202	15
6203	10
6204	16
6205	8
6206	14
6207	11
6208	19
6209	14
6210	13
6211	14
6212	17
6213	9
6214	8
6215	9
6216	23
6217	13
6218	8
6219	16
6220	17
6221	19
6222	18
6223	14
6224	8
6225	8
6226	16
6227	10
6228	13
6229	8
6230	16
6231	11
6232	6
6233	20
6234	16
6235	14
6236	10
6237	18
6238	16
6239	10
6240	11
6241	17
6242	16
6243	14
6244	17
6245	19
6246	8
6247	16
6248	12
6249	11
6250	12
6251	6
6252	18
6253	7
6254	23
6255	10
6256	8
6257	19
6258	15
6259	17
6260	11
6261	14
6262	13
6263	6
6264	17
6265	13
6266	17
6267	8
6268	16
6269	14
6270	16
6271	18
6272	21
6273	9
6274	10
6275	11
6276	20
6277	14
6278	13
6279	19
6280	11
6281	15
6282	13
6283	20
6284	11
6285	15
6286	17
6287	10
6288	13
6289	8
6290	12
6291	25
6292	19
6293	13
6294	19
6295	22
6296	8
6297	18
6298	20
6299	13
6300	11
6301	14
6302	15
6303	17
6304	17
6305	17
6306	20
6307	11
6308	14
6309	19
6310	12
6311	13
6312	14
6313	10
6314	17
6315	17
6316	19
6317	16
6318	13
6319	21
6320	17
6321	14
6322	12
6323	23
6324	11
6325	17
6326	13
6327	16
6328	11
6329	8
6330	15
6331	13
6332	16
6333	18
6334	13
6335	12
6336	19
6337	17
6338	16
6339	17
6340	13
6341	15
6342	21
6343	12
6344	13
6345	16
6346	12
6347	15
6348	12
6349	14
6350	24
6351	22
6352	12
6353	10
6354	21
6355	13
6356	11
6357	20
6358	12
6359	9
6360	27
6361	20
6362	15
6363	16
6364	14
6365	15
6366	20
6367	11
6368	12
6369	12
6370	16
6371	15
6372	14
6373	16
6374	15
6375	17
6376	17
6377	14
6378	13
6379	18
6380	12
6381	24
6382	22
6383	12
6384	15
6385	9
6386	16
6387	16
6388	21
6389	15
6390	13
6391	15
6392	29
6393	25
6394	18
6395	20
6396	16
6397	9
6398	19
6399	17
6400	9
6401	13
6402	15
6403	18
6404	20
6405	19
6406	20
6407	22
6408	17
6409	21
6410	15
6411	9
6412	17
6413	18
6414	15
6415	25
6416	26
6417	18
6418	12
6419	17
6420	11
6421	20
6422	16
6423	12
6424	18
6425	22
6426	19
6427	17
6428	19
6429	14
6430	14
6431	18
6432	17
6433	16
6434	16
6435	21
6436	19
6437	13
6438	27
6439	21
6440	18
6441	13
6442	21
6443	17
6444	16
6445	16
6446	11
6447	16
6448	11
6449	19
6450	18
6451	11
6452	14
6453	19
6454	22
6455	14
6456	17
6457	17
6458	17
6459	16
6460	10
6461	14
6462	24
6463	25
6464	18
6465	23
6466	22
6467	20
6468	20
6469	9
6470	21
6471	12
6472	18
6473	21
6474	16
6475	22
6476	15
6477	8
6478	24
6479	23
6480	18
6481	25
6482	19
6483	28
6484	23
6485	13
6486	13
6487	17
6488	17
6489	18
6490	14
6491	27
6492	12
6493	13
6494	19
6495	29
6496	11
6497	18
6498	22
6499	19
6500	25
6501	19
6502	22
6503	18
6504	27
6505	22
6506	23
6507	23
6508	20
6509	17
6510	23
6511	14
6512	22
6513	17
6514	21
6515	20
6516	15
6517	17
6518	26
6519	23
6520	22
6521	21
6522	14
6523	25
6524	25
6525	18
6526	16
6527	22
6528	16
6529	19
6530	21
6531	17
6532	22
6533	15
6534	18
6535	28
6536	27
6537	24
6538	26
6539	16
6540	19
6541	31
6542	21
6543	17
6544	22
6545	16
6546	16
6547	18
6548	20
6549	20
6550	20
6551	18
6552	24
6553	22
6554	23
6555	21
6556	22
6557	16
6558	19
6559	29
6560	21
6561	15
6562	12
6563	18
6564	22
6565	19
6566	20
6567	13
6568	27
6569	27
6570	19
6571	16
6572	26
6573	20
6574	27
6575	20
6576	32
6577	20
6578	17
6579	28
6580	23
6581	21
6582	23
6583	20
6584	21
6585	19
6586	20
6587	25
6588	21
6589	21
6590	23
6591	22
6592	22
6593	21
6594	22
6595	23
6596	12
6597	18
6598	20
6599	23
6600	19
6601	23
6602	24
6603	24
6604	28
6605	22
6606	17
6607	19
6608	25
6609	36
6610	20
6611	28
6612	35
6613	21
6614	24
6615	25
6616	19
6617	21
6618	33
6619	25
6620	20
6621	22
6622	17
6623	20
6624	21
6625	27
6626	23
6627	19
6628	18
6629	14
6630	20
6631	18
6632	22
6633	25
6634	21
6635	19
6636	13
6637	21
6638	24
6639	21
6640	21
6641	25
6642	40
6643	20
6644	36
6645	26
6646	23
6647	20
6648	23
6649	25
6650	18
6651	31
6652	19
6653	17
6654	25
6655	17
6656	26
6657	29
6658	33
6659	19
6660	11
6661	22
6662	26
6663	27
6664	21
6665	31
6666	17
6667	35
6668	24
6669	23
6670	26
6671	29
6672	11
6673	31
6674	35
6675	24
6676	32
6677	20
6678	23
6679	20
6680	21
6681	17
6682	18
6683	20
6684	13
6685	21
6686	22
6687	23
6688	28
6689	17
6690	22
6691	16
6692	21
6693	29
6694	23
6695	20
6696	15
6697	32
6698	21
6699	23
6700	17
6701	17
6702	19
6703	27
6704	27
6705	19
6706	16
6707	18
6708	23
6709	25
6710	25
6711	15
6712	15
6713	23
6714	22
6715	29
6716	30
6717	19
6718	23
6719	31
6720	18
6721	25
6722	28
6723	31
6724	22
6725	22
6726	28
6727	21
6728	20
6729	30
6730	23
6731	25
6732	19
6733	21
6734	17
6735	22
6736	22
6737	18
6738	23
6739	25
6740	25
6741	14
6742	21
6743	19
6744	20
6745	28
6746	20
6747	22
6748	20
6749	30
6750	20
6751	23
6752	15
6753	18
6754	19
6755	19
6756	30
6757	22
6758	32
6759	28
6760	11
6761	19
6762	23
6763	17
6764	29
6765	16
6766	25
6767	22
6768	22
6769	17
6770	20
6771	20
6772	20
6773	14
6774	22
6775	11
6776	29
6777	19
6778	24
6779	13
6780	25
6781	24
6782	17
6783	17
6784	17
6785	13
6786	27
6787	24
6788	28
6789	20
6790	19
6791	25
6792	27
6793	20
6794	24
6795	25
6796	23
6797	13
6798	26
6799	14
6800	17
6801	21
6802	26
6803	18
6804	19
6805	21
6806	27
6807	30
6808	27
6809	12
6810	19
6811	23
6812	23
6813	13
6814	23
6815	24
6816	23
6817	26
6818	19
6819	24
6820	19
6821	18
6822	24
6823	19
6824	23
6825	18
6826	25
6827	17
6828	18
6829	22
6830	19
6831	25
6832	22
6833	14
6834	19
6835	18
6836	15
6837	33
6838	19
6839	22
6840	21
6841	26
6842	23
6843	26
6844	20
6845	25
6846	18
6847	30
6848	18
6849	17
6850	12
6851	15
6852	16
6853	19
6854	23
6855	18
6856	18
6857	27
6858	15
6859	15
6860	21
6861	11
6862	15
6863	19
6864	19
6865	13
6866	17
6867	20
6868	17
6869	16
6870	22
6871	15
6872	23
6873	15
6874	21
6875	13
6876	10
6877	28
6878	15
6879	15
6880	17
6881	12
6882	23
6883	14
6884	16
6885	16
6886	14
6887	14
6888	18
6889	23
6890	10
6891	23
6892	14
6893	16
6894	22
6895	14
6896	17
6897	16
6898	18
6899	19
6900	9
6901	12
6902	10
6903	10
6904	14
6905	10
6906	17
6907	13
6908	14
6909	17
6910	6
6911	14
6912	14
6913	11
6914	11
6915	21
6916	8
6917	13
6918	11
6919	11
6920	5
6921	11
6922	12
6923	17
6924	9
6925	7
6926	15
6927	11
6928	16
6929	14
6930	9
6931	10
6932	10
6933	12
6934	15
6935	7
6936	13
6937	11
6938	9
6939	15
6940	12
6941	11
6942	22
6943	4
6944	12
6945	9
6946	9
6947	13
6948	17
6949	9
6950	10
6951	7
6952	13
6953	18
6954	8
6955	13
6956	7
6957	14
6958	8
6959	9
6960	9
6961	11
6962	12
6963	10
6964	8
6965	14
6966	12
6967	9
6968	12
6969	9
6970	10
6971	10
6972	19
6973	9
6974	13
6975	11
6976	12
6977	10
6978	14
6979	10
6980	9
6981	7
6982	7
6983	6
6984	9
6985	8
6986	12
6987	6
6988	5
6989	6
6990	13
6991	6
6992	8
6993	5
6994	5
6995	8
6996	12
6997	4
6998	8
6999	10
7000	8
7001	6
7002	10
7003	3
7004	7
7005	7
7006	9
7007	7
7008	8
7009	3
7010	9
7011	13
7012	6
7013	6
7014	8
7015	7
7016	7
7017	18
7018	6
7019	10
7020	11
7021	7
7022	2
7023	9
7024	10
7025	8
7026	8
7027	7
7028	9
7029	5
7030	11
7031	4
7032	5
7033	6
7034	9
7035	2
7036	3
7037	3
7038	16
7039	6
7040	4
7041	3
7042	5
7043	8
7044	7
7045	6
7046	6
7047	7
7048	5
7049	4
7050	7
7051	6
7052	4
7053	6
7054	7
7055	6
7056	3
7057	6
7058	7
7059	10
7060	2
7061	7
7062	5
7063	6
7064	4
7065	7
7066	5
7067	5
7068	6
7069	7
7070	3
7071	2
7072	4
7073	6
7074	3
7075	5
7076	5
7077	1
7078	5
7079	5
7080	8
7081	5
7082	3
7083	5
7084	3
7085	3
7086	2
7087	3
7088	3
7089	7
7090	3
7091	2
7092	4
7093	4
7094	8
7095	0
7096	4
7097	4
7098	3
7099	5
7100	3
7101	5
7102	3
7103	1
7104	4
7105	5
7106	5
7107	2
7108	5
7109	6
7110	8
7111	2
7112	6
7113	3
7114	3
7115	1
7116	2
7117	3
7118	3
7119	2
7120	4
7121	3
7122	1
7123	4
7124	2
7125	4
7126	3
7127	2
7128	1
7129	5
7130	5
7131	5
7132	2
7133	3
7134	1
7135	3
7136	0
7137	1
7138	2
7139	2
7140	1
7141	3
7142	1
7143	1
7144	0
7145	2
7146	3
7147	1
7148	2
7149	0
7150	1
7151	4
7152	3
7153	1
7154	2
7155	1
7156	3
7157	0
7158	4
7159	4
7160	3
7161	2
7162	0
7163	1
7164	1
7165	2
7166	1
7167	0
7168	0
7169	0
7170	1
7171	2
7172	2
7173	0
7174	1
7175	2
7176	3
7177	0
7178	3
7179	1
7180	1
7181	2
7182	1
7183	0
7184	0
7185	0
7186	1
7187	0
7188	1
7189	0
7190	0
7191	1
7192	1
7193	1
7194	1
7195	1
7196	1
7197	2
7198	0
7199	2
7200	2
7201	1
7202	0
7203	1
7204	2
7205	1
7206	3
7207	1
7208	1
7209	1
7210	1
7211	3
7212	0
7213	3
7214	1
7215	1
7216	0
7217	0
7218	0
7219	3
7220	0
7221	1
7222	2
7223	4
7224	0
7225	2
7226	1
7227	1
7228	0
7229	0
7230	0
7231	2
7232	0
7233	0
7234	1
7235	2
7236	1
7237	1
7238	0
7239	3
7240	0
7241	1
7242	0
7243	0
7244	0
7245	0
7246	1
7247	0
7248	0
7249	1
7250	1
7251	1
7252	1
7253	0
7254	0
7255	0
7256	0
7257	0
7258	2
7259	3
7260	0
7261	0
7262	1
7263	2
7264	0
7265	0
7266	1
7267	3
7268	1
7269	2
7270	2
7271	1
7272	3
7273	0
7274	0
7275	0
7276	0
7277	0
7278	1
7279	1
7280	0
7281	2
7282	0
7283	0
7284	0
7285	0
7286	3
7287	1
7288	0
7289	0
7290	0
7291	1
7292	0
7293	0
7294	3
7295	3
7296	1
7297	2
7298	1
7299	0
7300	1
7301	0
7302	0
7303	1
7304	0
7305	0
7306	0
7307	1
7308	0
7309	2
7310	0
7311	0
7312	1
7313	0
7314	1
7315	0
7316	0
7317	0
7318	0
7319	0
7320	1
7321	1
7322	0
7323	0
7324	1
7325	0
7326	2
7327	0
7328	0
7329	0
7330	0
7331	1
7332	0
7333	0
7334	0
7335	0
7336	1
7337	0
7338	2
7339	0
7340	0
7341	0
7342	0
7343	0
7344	0
7345	0
7346	1
7347	0
7348	0
7349	1
7350	1
7351	0
7352	0
7353	1
7354	2
7355	1
7356	0
7357	1
7358	0
7359	0
7360	0
7361	1
7362	2
7363	0
7364	0
7365	0
7366	0
7367	0
7368	1
7369	0
7370	0
7371	0
7372	1
7373	0
7374	1
7375	1
7376	0
7377	1
7378	1
7379	0
7380	0
7381	1
7382	1
7383	1
7384	2
7385	1
7386	0
7387	1
7388	0
7389	0
7390	0
7391	0
7392	1
7393	0
7394	0
7395	0
7396	0
7397	0
7398	1
7399	0
7400	0
7401	0
7402	2
7403	0
7404	1
7405	1
7406	0
7407	0
7408	1
7409	0
7410	2
7411	2
7412	1
7413	0
7414	1
7415	0
7416	1
7417	2
7418	0
7419	0
7420	1
7421	1
7422	1
7423	0
7424	0
7425	0
7426	0
7427	2
7428	1
7429	0
7430	0
7431	1
7432	0
7433	0
7434	1
7435	0
7436	1
7437	0
7438	0
7439	0
7440	0
7441	0
7442	1
7443	0
7444	0
7445	0
7446	0
7447	1
7448	1
7449	1
7450	0
7451	1
7452	1
7453	0
7454	0
7455	0
7456	0
7457	0
7458	0
7459	0
7460	2
7461	0
7462	2
7463	0
7464	2
7465	0
7466	1
7467	1
7468	0
7469	1
7470	1
7471	0
7472	0
7473	0
7474	0
7475	0
7476	1
7477	0
7478	3
7479	0
7480	0
7481	0
7482	0
7483	2
7484	0
7485	0
7486	1
7487	0
7488	0
7489	0
7490	0
7491	0
7492	0
7493	1
7494	2
7495	0
7496	0
7497	1
7498	0
7499	0
7500	0
7501	0
7502	1
7503	1
7504	2
7505	0
7506	0
7507	0
7508	0
7509	1
7510	1
7511	3
7512	2
7513	0
7514	3
7515	0
7516	0
7517	0
7518	0
7519	1
7520	1
7521	1
7522	0
7523	1
7524	0
7525	0
7526	2
7527	1
7528	0
7529	2
7530	0
7531	0
7532	2
7533	0
7534	0
7535	1
7536	1
7537	1
7538	0
7539	0
7540	1
7541	0
7542	1
7543	3
7544	0
7545	1
7546	0
7547	0
7548	1
7549	0
7550	1
7551	0
7552	0
7553	0
7554	0
7555	0
7556	0
7557	1
7558	1
7559	2
7560	1
7561	1
7562	1
7563	0
7564	0
7565	0
7566	0
7567	2
7568	0
7569	2
7570	2
7571	2
7572	1
7573	0
7574	1
7575	0
7576	0
7577	0
7578	1
7579	1
7580	0
7581	0
7582	0
7583	1
7584	0
7585	0
7586	0
7587	1
7588	0
7589	0
7590	2
7591	1
7592	0
7593	2
7594	0
7595	0
7596	0
7597	0
7598	1
7599	0
7600	0
7601	0
7602	0
7603	0
7604	0
7605	1
7606	1
7607	0
7608	1
7609	0
7610	0
7611	0
7612	1
7613	0
7614	0
7615	1
7616	0
7617	1
7618	1
7619	0
7620	0
7621	0
7622	0
7623	1
7624	0
7625	1
7626	0
7627	0
7628	0
7629	0
7630	2
7631	1
7632	2
7633	0
7634	0
7635	0
7636	1
7637	0
7638	0
7639	0
7640	0
7641	0
7642	2
7643	0
7644	0
7645	0
7646	1
7647	0
7648	0
7649	0
7650	1
7651	1
7652	1
7653	0
7654	1
7655	0
7656	0
7657	0
7658	0
7659	0
7660	0
7661	1
7662	0
7663	1
7664	0
7665	1
7666	0
7667	0
7668	1
7669	0
7670	1
7671	1
7672	0
7673	1
7674	0
7675	0
7676	0
7677	0
7678	0
7679	0
7680	0
7681	0
7682	0
7683	2
7684	1
7685	0
7686	1
7687	1
7688	2
7689	0
7690	0
7691	0
7692	0
7693	0
7694	0
7695	0
7696	1
7697	0
7698	0
7699	0
7700	2
7701	0
7702	0
7703	0
7704	0
7705	0
7706	1
7707	0
7708	1
7709	0
7710	0
7711	1
7712	2
7713	0
7714	0
7715	1
7716	0
7717	0
7718	1
7719	0
7720	0
7721	0
7722	0
7723	1
7724	0
7725	3
7726	1
7727	1
7728	1
7729	1
7730	1
7731	0
7732	0
7733	0
7734	0
7735	0
7736	0
7737	0
7738	1
7739	0
7740	0
7741	0
7742	0
7743	1
7744	1
7745	0
7746	0
7747	0
7748	0
7749	0
7750	2
7751	0
7752	0
7753	1
7754	0
7755	0
7756	0
7757	0
7758	1
7759	3
7760	0
7761	0
7762	0
7763	0
7764	1
7765	0
7766	0
7767	0
7768	0
7769	1
7770	1
7771	0
7772	0
7773	1
7774	1
7775	2
7776	0
7777	1
7778	0
7779	1
7780	1
7781	1
7782	0
7783	0
7784	0
7785	0
7786	2
7787	0
7788	0
7789	1
7790	0
7791	0
7792	0
7793	1
7794	0
7795	0
7796	0
7797	0
7798	0
7799	0
7800	0
7801	0
7802	0
7803	0
7804	1
7805	0
7806	0
7807	0
7808	2
7809	0
7810	0
7811	1
7812	0
7813	0
7814	1
7815	1
7816	0
7817	0
7818	0
7819	2
7820	0
7821	2
7822	2
7823	0
7824	1
7825	1
7826	0
7827	0
7828	2
7829	0
7830	0
7831	0
7832	1
7833	0
7834	0
7835	0
7836	0
7837	1
7838	0
7839	0
7840	0
7841	2
7842	2
7843	0
7844	2
7845	0
7846	1
7847	1
7848	1
7849	1
7850	0
7851	1
7852	0
7853	0
7854	0
7855	0
7856	1
7857	0
7858	0
7859	0
7860	0
7861	1
7862	0
7863	1
7864	0
7865	0
7866	0
7867	1
7868	0
7869	1
7870	0
7871	1
7872	0
7873	0
7874	0
7875	1
7876	0
7877	0
7878	0
7879	0
7880	2
7881	0
7882	1
7883	0
7884	0
7885	0
7886	0
7887	0
7888	0
7889	0
7890	0
7891	0
7892	0
7893	0
7894	0
7895	0
7896	0
7897	0
7898	0
7899	1
7900	3
7901	0
7902	0
7903	0
7904	0
7905	2
7906	0
7907	0
7908	0
7909	0
7910	0
7911	0
7912	0
7913	0
7914	1
7915	0
7916	2
7917	0
7918	0
7919	0
7920	0
7921	1
7922	0
7923	1
7924	1
7925	0
7926	0
7927	1
7928	0
7929	0
7930	1
7931	0
7932	0
7933	0
7934	0
7935	2
7936	0
7937	0
7938	0
7939	1
7940	0
7941	1
7942	0
7943	1
7944	1
7945	1
7946	2
7947	2
7948	0
7949	0
7950	0
7951	0
7952	0
7953	2
7954	0
7955	0
7956	0
7957	0
7958	1
7959	0
7960	0
7961	1
7962	0
7963	0
7964	1
7965	0
7966	0
7967	1
7968	1
7969	0
7970	2
7971	0
7972	1
7973	0
7974	1
7975	0
7976	1
7977	0
7978	0
7979	1
7980	1
7981	1
7982	0
7983	0
7984	0
7985	1
7986	0
7987	0
7988	0
7989	0
7990	2
7991	1
7992	0
7993	1
7994	0
7995	1
7996	1
7997	0
7998	0
7999	1
8000	0
8001	1
8002	0
8003	1
8004	1
8005	0
8006	0
8007	0
8008	0
8009	1
8010	0
8011	1
8012	0
8013	0
8014	0
8015	0
8016	0
8017	1
8018	1
8019	1
8020	0
8021	1
8022	1
8023	0
8024	0
8025	0
8026	0
8027	1
8028	0
8029	0
8030	1
8031	0
8032	0
8033	0
8034	0
8035	0
8036	0
8037	1
8038	1
8039	1
8040	0
8041	0
8042	3
8043	0
8044	0
8045	1
8046	2
8047	0
8048	0
8049	1
8050	1
8051	1
8052	1
8053	0
8054	0
8055	0
8056	0
8057	2
8058	0
8059	0
8060	1
8061	0
8062	1
8063	1
8064	1
8065	0
8066	0
8067	1
8068	1
8069	1
8070	0
8071	0
8072	1
8073	0
8074	0
8075	1
8076	0
8077	1
8078	0
8079	2
8080	3
8081	0
8082	0
8083	1
8084	0
8085	0
8086	0
8087	2
8088	0
8089	1
8090	1
8091	0
8092	0
8093	0
8094	1
8095	0
8096	0
8097	1
8098	0
8099	0
8100	1
8101	0
8102	0
8103	0
8104	0
8105	0
8106	0
8107	0
8108	0
8109	0
8110	0
8111	0
8112	0
8113	0
8114	0
8115	0
8116	0
8117	0
8118	0
8119	0
8120	0
8121	0
8122	0
8123	0
8124	0
8125	0
8126	0
8127	0
8128	0
8129	0
8130	0
8131	0
8132	0
8133	0
8134	0
8135	0
8136	0
8137	0
8138	0
8139	0
8140	0
8141	0
8142	0
8143	0
8144	0
8145	0
8146	0
8147	0
8148	0
8149	0
8150	0
8151	0
8152	0
8153	0
8154	0
8155	0
8156	0
8157	0
8158	0
8159	0
8160	0
8161	0
8162	0
8163	0
8164	0
8165	0
8166	0
8167	0
8168	0
8169	0
8170	0
8171	0
8172	0
8173	0
8174	0
8175	0
8176	0
8177	0
8178	0
8179	0
8180	0
8181	0
8182	0
8183	0
8184	0
8185	0
8186	0
8187	0
8188	0
8189	0
8190	0
8191	0
