0	0
1	0
2	0
3	0
4	0
5	0
6	0
7	0
8	0
9	0
10	0
11	0
12	0
13	0
14	0
15	0
16	0
17	0
18	0
19	0
20	0
21	0
22	0
23	0
24	0
25	0
26	0
27	0
28	0
29	0
30	0
31	0
32	0
33	0
34	0
35	0
36	0
37	0
38	0
39	0
40	0
41	0
42	0
43	0
44	0
45	0
46	0
47	0
48	0
49	0
50	0
51	0
52	0
53	0
54	0
55	0
56	0
57	0
58	0
59	0
60	0
61	0
62	0
63	0
64	0
65	0
66	0
67	0
68	0
69	0
70	0
71	0
72	0
73	0
74	0
75	0
76	0
77	0
78	0
79	0
80	0
81	0
82	0
83	0
84	0
85	0
86	0
87	0
88	0
89	0
90	0
91	0
92	0
93	0
94	0
95	0
96	0
97	0
98	0
99	0
100	0
101	0
102	0
103	0
104	0
105	0
106	0
107	0
108	0
109	0
110	0
111	0
112	0
113	0
114	0
115	0
116	0
117	0
118	0
119	0
120	0
121	0
122	0
123	0
124	0
125	0
126	0
127	0
128	0
129	0
130	0
131	0
132	0
133	0
134	0
135	0
136	0
137	0
138	0
139	0
140	0
141	0
142	0
143	0
144	0
145	0
146	0
147	0
148	0
149	0
150	0
151	0
152	0
153	0
154	0
155	0
156	0
157	0
158	0
159	0
160	0
161	0
162	0
163	0
164	0
165	0
166	0
167	0
168	0
169	0
170	0
171	0
172	0
173	0
174	0
175	0
176	0
177	0
178	0
179	0
180	4
181	9
182	33
183	27
184	41
185	35
186	39
187	25
188	27
189	31
190	23
191	28
192	26
193	29
194	25
195	30
196	26
197	29
198	28
199	29
200	24
201	29
202	28
203	40
204	33
205	21
206	24
207	29
208	24
209	30
210	22
211	38
212	14
213	35
214	32
215	33
216	35
217	27
218	28
219	30
220	32
221	24
222	25
223	15
224	18
225	26
226	19
227	19
228	26
229	41
230	28
231	29
232	35
233	18
234	27
235	15
236	31
237	29
238	25
239	31
240	23
241	29
242	26
243	27
244	31
245	24
246	29
247	23
248	29
249	29
250	20
251	20
252	26
253	24
254	23
255	21
256	25
257	26
258	35
259	31
260	30
261	20
262	28
263	25
264	33
265	23
266	12
267	34
268	21
269	25
270	25
271	32
272	30
273	29
274	32
275	24
276	21
277	26
278	13
279	29
280	18
281	26
282	23
283	18
284	26
285	11
286	22
287	23
288	25
289	34
290	28
291	21
292	22
293	17
294	28
295	28
296	30
297	28
298	33
299	23
300	24
301	23
302	22
303	35
304	32
305	37
306	28
307	23
308	22
309	23
310	19
311	31
312	22
313	38
314	24
315	23
316	31
317	24
318	20
319	24
320	30
321	23
322	29
323	31
324	29
325	31
326	25
327	27
328	31
329	36
330	23
331	39
332	24
333	29
334	18
335	31
336	23
337	24
338	28
339	21
340	26
341	23
342	21
343	21
344	36
345	36
346	21
347	30
348	22
349	36
350	30
351	28
352	33
353	29
354	39
355	20
356	28
357	23
358	19
359	31
360	31
361	29
362	22
363	21
364	25
365	31
366	28
367	30
368	28
369	36
370	40
371	23
372	37
373	34
374	29
375	26
376	21
377	25
378	29
379	34
380	31
381	31
382	33
383	21
384	24
385	37
386	39
387	36
388	24
389	22
390	31
391	24
392	25
393	34
394	30
395	33
396	32
397	19
398	30
399	38
400	34
401	29
402	34
403	24
404	25
405	29
406	36
407	31
408	22
409	27
410	23
411	38
412	38
413	25
414	25
415	22
416	28
417	22
418	23
419	27
420	34
421	36
422	28
423	21
424	26
425	34
426	24
427	20
428	35
429	26
430	28
431	38
432	39
433	38
434	30
435	34
436	27
437	22
438	25
439	31
440	32
441	29
442	31
443	30
444	29
445	23
446	31
447	26
448	27
449	25
450	30
451	42
452	36
453	25
454	28
455	21
456	29
457	31
458	25
459	32
460	22
461	27
462	35
463	32
464	33
465	28
466	40
467	28
468	32
469	38
470	34
471	26
472	27
473	27
474	34
475	34
476	25
477	33
478	23
479	26
480	24
481	30
482	29
483	27
484	33
485	25
486	29
487	28
488	36
489	22
490	33
491	23
492	36
493	34
494	31
495	25
496	28
497	37
498	21
499	40
500	22
501	28
502	32
503	35
504	27
505	27
506	35
507	34
508	35
509	32
510	20
511	28
512	29
513	22
514	23
515	24
516	30
517	23
518	25
519	23
520	31
521	27
522	41
523	33
524	27
525	36
526	34
527	19
528	36
529	31
530	29
531	24
532	16
533	25
534	23
535	28
536	22
537	27
538	32
539	27
540	33
541	32
542	27
543	36
544	30
545	29
546	36
547	37
548	25
549	26
550	32
551	25
552	34
553	23
554	39
555	22
556	38
557	21
558	29
559	35
560	35
561	25
562	30
563	24
564	27
565	35
566	26
567	35
568	31
569	31
570	31
571	28
572	24
573	37
574	28
575	35
576	24
577	37
578	24
579	32
580	27
581	29
582	33
583	27
584	23
585	19
586	20
587	33
588	26
589	32
590	34
591	34
592	37
593	36
594	27
595	28
596	24
597	33
598	30
599	37
600	24
601	23
602	25
603	24
604	27
605	30
606	29
607	33
608	26
609	31
610	34
611	25
612	37
613	29
614	27
615	33
616	30
617	27
618	17
619	33
620	31
621	31
622	23
623	39
624	29
625	27
626	18
627	28
628	21
629	40
630	30
631	28
632	21
633	22
634	32
635	33
636	29
637	36
638	21
639	31
640	36
641	31
642	22
643	39
644	27
645	34
646	30
647	37
648	39
649	29
650	19
651	33
652	21
653	34
654	34
655	32
656	33
657	23
658	29
659	28
660	46
661	36
662	32
663	31
664	35
665	23
666	27
667	28
668	30
669	37
670	26
671	22
672	37
673	37
674	34
675	27
676	42
677	24
678	25
679	30
680	32
681	25
682	28
683	37
684	18
685	36
686	26
687	30
688	20
689	31
690	26
691	28
692	30
693	31
694	32
695	42
696	24
697	28
698	21
699	33
700	42
701	35
702	26
703	35
704	29
705	33
706	32
707	35
708	30
709	35
710	29
711	33
712	41
713	34
714	37
715	35
716	33
717	36
718	25
719	36
720	24
721	34
722	35
723	30
724	33
725	36
726	30
727	29
728	41
729	42
730	31
731	36
732	35
733	37
734	32
735	33
736	37
737	37
738	28
739	32
740	37
741	40
742	50
743	39
744	42
745	27
746	35
747	35
748	28
749	33
750	32
751	30
752	44
753	32
754	32
755	28
756	39
757	36
758	29
759	32
760	48
761	32
762	39
763	57
764	43
765	37
766	42
767	36
768	39
769	29
770	39
771	46
772	36
773	41
774	30
775	45
776	31
777	39
778	31
779	36
780	41
781	43
782	39
783	38
784	36
785	51
786	42
787	40
788	40
789	39
790	37
791	37
792	48
793	36
794	44
795	47
796	46
797	46
798	39
799	43
800	45
801	41
802	44
803	45
804	43
805	55
806	38
807	44
808	48
809	36
810	58
811	38
812	58
813	58
814	45
815	45
816	54
817	57
818	54
819	52
820	51
821	50
822	53
823	40
824	63
825	60
826	52
827	61
828	55
829	52
830	67
831	58
832	55
833	59
834	59
835	56
836	52
837	60
838	71
839	54
840	58
841	68
842	68
843	44
844	60
845	53
846	58
847	68
848	51
849	60
850	61
851	77
852	56
853	55
854	65
855	56
856	54
857	66
858	61
859	78
860	61
861	52
862	57
863	66
864	70
865	74
866	64
867	58
868	69
869	52
870	64
871	63
872	51
873	72
874	75
875	56
876	63
877	82
878	71
879	60
880	62
881	60
882	62
883	68
884	55
885	58
886	65
887	67
888	52
889	64
890	52
891	53
892	58
893	57
894	51
895	61
896	53
897	48
898	63
899	43
900	61
901	53
902	55
903	51
904	38
905	41
906	49
907	40
908	46
909	51
910	45
911	43
912	53
913	50
914	40
915	50
916	64
917	51
918	50
919	45
920	66
921	29
922	37
923	43
924	44
925	51
926	44
927	36
928	40
929	36
930	56
931	45
932	56
933	53
934	52
935	37
936	31
937	36
938	48
939	51
940	42
941	48
942	43
943	42
944	44
945	49
946	41
947	39
948	37
949	36
950	74
951	57
952	54
953	44
954	48
955	52
956	45
957	44
958	57
959	43
960	54
961	48
962	42
963	44
964	49
965	43
966	47
967	49
968	56
969	49
970	51
971	46
972	47
973	44
974	61
975	50
976	61
977	57
978	53
979	58
980	51
981	46
982	42
983	49
984	50
985	49
986	62
987	43
988	40
989	47
990	37
991	64
992	52
993	46
994	44
995	42
996	46
997	47
998	43
999	57
1000	34
1001	42
1002	53
1003	53
1004	43
1005	49
1006	42
1007	40
1008	37
1009	33
1010	47
1011	59
1012	32
1013	54
1014	35
1015	36
1016	43
1017	40
1018	33
1019	50
1020	50
1021	36
1022	49
1023	37
1024	46
1025	46
1026	54
1027	43
1028	57
1029	52
1030	39
1031	44
1032	45
1033	44
1034	41
1035	30
1036	37
1037	36
1038	32
1039	47
1040	52
1041	48
1042	51
1043	38
1044	40
1045	40
1046	30
1047	39
1048	28
1049	38
1050	51
1051	44
1052	43
1053	34
1054	37
1055	47
1056	36
1057	40
1058	33
1059	44
1060	31
1061	35
1062	49
1063	33
1064	49
1065	32
1066	26
1067	43
1068	42
1069	37
1070	39
1071	36
1072	44
1073	34
1074	52
1075	44
1076	45
1077	47
1078	40
1079	37
1080	42
1081	41
1082	37
1083	44
1084	44
1085	57
1086	36
1087	40
1088	45
1089	36
1090	39
1091	41
1092	42
1093	46
1094	36
1095	55
1096	35
1097	43
1098	40
1099	53
1100	40
1101	35
1102	52
1103	40
1104	35
1105	49
1106	42
1107	39
1108	39
1109	41
1110	47
1111	48
1112	41
1113	38
1114	46
1115	33
1116	54
1117	48
1118	44
1119	49
1120	47
1121	38
1122	54
1123	41
1124	56
1125	45
1126	46
1127	49
1128	37
1129	42
1130	52
1131	49
1132	36
1133	33
1134	46
1135	46
1136	43
1137	46
1138	49
1139	42
1140	38
1141	45
1142	41
1143	29
1144	41
1145	47
1146	52
1147	46
1148	46
1149	40
1150	47
1151	50
1152	40
1153	30
1154	49
1155	40
1156	49
1157	47
1158	40
1159	48
1160	35
1161	45
1162	26
1163	38
1164	46
1165	47
1166	44
1167	43
1168	36
1169	55
1170	34
1171	45
1172	29
1173	40
1174	36
1175	55
1176	45
1177	38
1178	34
1179	49
1180	38
1181	54
1182	46
1183	41
1184	45
1185	40
1186	62
1187	38
1188	36
1189	57
1190	41
1191	49
1192	41
1193	53
1194	37
1195	36
1196	49
1197	55
1198	37
1199	50
1200	52
1201	62
1202	41
1203	43
1204	50
1205	44
1206	46
1207	41
1208	51
1209	53
1210	39
1211	48
1212	41
1213	33
1214	48
1215	48
1216	40
1217	52
1218	52
1219	51
1220	44
1221	57
1222	56
1223	39
1224	40
1225	41
1226	45
1227	39
1228	45
1229	59
1230	42
1231	48
1232	50
1233	36
1234	47
1235	45
1236	53
1237	42
1238	47
1239	44
1240	55
1241	41
1242	44
1243	39
1244	60
1245	43
1246	54
1247	55
1248	57
1249	46
1250	44
1251	53
1252	40
1253	57
1254	47
1255	43
1256	50
1257	50
1258	48
1259	44
1260	40
1261	37
1262	43
1263	50
1264	47
1265	42
1266	35
1267	38
1268	50
1269	45
1270	36
1271	43
1272	55
1273	71
1274	48
1275	52
1276	47
1277	50
1278	50
1279	48
1280	56
1281	41
1282	49
1283	53
1284	40
1285	44
1286	45
1287	62
1288	40
1289	52
1290	46
1291	48
1292	39
1293	38
1294	64
1295	44
1296	43
1297	48
1298	52
1299	53
1300	53
1301	51
1302	42
1303	50
1304	53
1305	43
1306	53
1307	55
1308	38
1309	43
1310	57
1311	54
1312	58
1313	40
1314	52
1315	41
1316	57
1317	54
1318	40
1319	53
1320	41
1321	46
1322	48
1323	49
1324	39
1325	51
1326	55
1327	59
1328	51
1329	56
1330	50
1331	52
1332	51
1333	61
1334	56
1335	51
1336	57
1337	61
1338	54
1339	44
1340	47
1341	46
1342	45
1343	58
1344	58
1345	51
1346	67
1347	69
1348	66
1349	41
1350	69
1351	47
1352	53
1353	55
1354	51
1355	59
1356	49
1357	57
1358	65
1359	59
1360	58
1361	60
1362	53
1363	61
1364	54
1365	64
1366	65
1367	47
1368	57
1369	51
1370	54
1371	59
1372	65
1373	46
1374	56
1375	57
1376	42
1377	46
1378	46
1379	67
1380	53
1381	59
1382	56
1383	57
1384	53
1385	55
1386	47
1387	60
1388	66
1389	59
1390	58
1391	59
1392	58
1393	49
1394	68
1395	53
1396	57
1397	59
1398	45
1399	45
1400	62
1401	42
1402	72
1403	52
1404	58
1405	63
1406	61
1407	59
1408	56
1409	63
1410	50
1411	65
1412	80
1413	52
1414	73
1415	62
1416	71
1417	57
1418	56
1419	68
1420	70
1421	69
1422	57
1423	59
1424	66
1425	52
1426	60
1427	65
1428	50
1429	60
1430	50
1431	62
1432	72
1433	58
1434	79
1435	62
1436	69
1437	57
1438	51
1439	62
1440	51
1441	63
1442	53
1443	56
1444	67
1445	57
1446	66
1447	62
1448	49
1449	61
1450	70
1451	70
1452	57
1453	58
1454	60
1455	58
1456	69
1457	71
1458	64
1459	62
1460	61
1461	54
1462	80
1463	51
1464	69
1465	64
1466	55
1467	69
1468	76
1469	63
1470	51
1471	45
1472	66
1473	64
1474	61
1475	56
1476	52
1477	68
1478	72
1479	67
1480	78
1481	68
1482	72
1483	66
1484	48
1485	51
1486	67
1487	76
1488	64
1489	57
1490	68
1491	50
1492	59
1493	60
1494	60
1495	60
1496	74
1497	62
1498	69
1499	52
1500	59
1501	63
1502	62
1503	74
1504	82
1505	59
1506	44
1507	70
1508	70
1509	71
1510	65
1511	65
1512	60
1513	66
1514	63
1515	50
1516	71
1517	61
1518	75
1519	56
1520	66
1521	49
1522	57
1523	72
1524	74
1525	77
1526	51
1527	68
1528	61
1529	66
1530	64
1531	70
1532	68
1533	58
1534	76
1535	57
1536	72
1537	50
1538	55
1539	53
1540	68
1541	56
1542	66
1543	67
1544	74
1545	55
1546	78
1547	63
1548	77
1549	68
1550	57
1551	74
1552	70
1553	68
1554	61
1555	62
1556	77
1557	65
1558	65
1559	74
1560	71
1561	67
1562	60
1563	55
1564	67
1565	77
1566	60
1567	67
1568	67
1569	60
1570	59
1571	55
1572	76
1573	74
1574	67
1575	62
1576	65
1577	73
1578	65
1579	82
1580	81
1581	59
1582	62
1583	54
1584	73
1585	84
1586	58
1587	71
1588	55
1589	63
1590	59
1591	55
1592	63
1593	75
1594	75
1595	67
1596	50
1597	61
1598	73
1599	73
1600	73
1601	62
1602	58
1603	60
1604	63
1605	73
1606	73
1607	74
1608	78
1609	77
1610	68
1611	84
1612	59
1613	59
1614	64
1615	78
1616	64
1617	80
1618	63
1619	90
1620	63
1621	67
1622	56
1623	71
1624	65
1625	68
1626	67
1627	58
1628	55
1629	69
1630	65
1631	63
1632	80
1633	60
1634	61
1635	79
1636	89
1637	63
1638	69
1639	80
1640	61
1641	58
1642	68
1643	57
1644	70
1645	62
1646	75
1647	69
1648	58
1649	72
1650	65
1651	69
1652	77
1653	61
1654	59
1655	61
1656	80
1657	85
1658	62
1659	75
1660	85
1661	71
1662	72
1663	57
1664	65
1665	72
1666	57
1667	60
1668	71
1669	60
1670	77
1671	67
1672	65
1673	69
1674	67
1675	61
1676	67
1677	69
1678	74
1679	76
1680	83
1681	62
1682	63
1683	72
1684	68
1685	73
1686	66
1687	64
1688	71
1689	62
1690	63
1691	72
1692	67
1693	61
1694	80
1695	76
1696	66
1697	74
1698	72
1699	74
1700	58
1701	67
1702	74
1703	71
1704	79
1705	66
1706	83
1707	71
1708	83
1709	88
1710	53
1711	65
1712	80
1713	74
1714	70
1715	79
1716	62
1717	64
1718	69
1719	81
1720	62
1721	71
1722	53
1723	74
1724	51
1725	68
1726	73
1727	81
1728	57
1729	76
1730	71
1731	56
1732	65
1733	59
1734	56
1735	47
1736	70
1737	68
1738	63
1739	60
1740	69
1741	64
1742	70
1743	86
1744	68
1745	69
1746	56
1747	68
1748	76
1749	72
1750	72
1751	70
1752	62
1753	81
1754	69
1755	75
1756	86
1757	66
1758	66
1759	67
1760	83
1761	71
1762	68
1763	63
1764	78
1765	65
1766	74
1767	74
1768	67
1769	70
1770	69
1771	74
1772	91
1773	62
1774	74
1775	71
1776	72
1777	67
1778	68
1779	60
1780	74
1781	70
1782	66
1783	68
1784	60
1785	74
1786	69
1787	78
1788	73
1789	61
1790	68
1791	62
1792	82
1793	74
1794	65
1795	68
1796	83
1797	76
1798	58
1799	68
1800	70
1801	70
1802	82
1803	73
1804	69
1805	89
1806	76
1807	73
1808	72
1809	70
1810	78
1811	69
1812	75
1813	82
1814	87
1815	70
1816	61
1817	77
1818	62
1819	75
1820	64
1821	78
1822	71
1823	55
1824	64
1825	70
1826	68
1827	64
1828	70
1829	65
1830	80
1831	90
1832	84
1833	77
1834	61
1835	60
1836	74
1837	80
1838	72
1839	72
1840	77
1841	78
1842	83
1843	65
1844	57
1845	67
1846	81
1847	78
1848	56
1849	86
1850	61
1851	84
1852	69
1853	78
1854	66
1855	70
1856	79
1857	73
1858	63
1859	62
1860	85
1861	67
1862	71
1863	63
1864	75
1865	67
1866	87
1867	80
1868	86
1869	79
1870	71
1871	86
1872	82
1873	80
1874	72
1875	51
1876	69
1877	79
1878	62
1879	70
1880	72
1881	77
1882	74
1883	74
1884	79
1885	79
1886	86
1887	82
1888	70
1889	74
1890	69
1891	76
1892	70
1893	80
1894	83
1895	91
1896	68
1897	71
1898	81
1899	94
1900	68
1901	76
1902	68
1903	90
1904	76
1905	72
1906	74
1907	71
1908	88
1909	71
1910	71
1911	70
1912	104
1913	78
1914	74
1915	71
1916	74
1917	66
1918	65
1919	78
1920	85
1921	74
1922	84
1923	80
1924	76
1925	100
1926	66
1927	79
1928	75
1929	82
1930	70
1931	67
1932	86
1933	73
1934	97
1935	80
1936	89
1937	94
1938	87
1939	84
1940	71
1941	84
1942	68
1943	88
1944	73
1945	75
1946	85
1947	71
1948	73
1949	84
1950	89
1951	84
1952	74
1953	90
1954	85
1955	80
1956	75
1957	70
1958	89
1959	83
1960	80
1961	87
1962	93
1963	82
1964	74
1965	71
1966	78
1967	61
1968	76
1969	95
1970	82
1971	87
1972	96
1973	87
1974	73
1975	70
1976	99
1977	68
1978	80
1979	82
1980	67
1981	91
1982	71
1983	76
1984	78
1985	86
1986	85
1987	76
1988	104
1989	83
1990	86
1991	82
1992	82
1993	85
1994	77
1995	90
1996	74
1997	89
1998	85
1999	109
2000	73
2001	82
2002	86
2003	85
2004	78
2005	96
2006	90
2007	80
2008	68
2009	63
2010	81
2011	76
2012	75
2013	71
2014	64
2015	94
2016	88
2017	84
2018	88
2019	91
2020	79
2021	80
2022	85
2023	69
2024	90
2025	98
2026	77
2027	70
2028	92
2029	78
2030	89
2031	76
2032	106
2033	76
2034	73
2035	74
2036	82
2037	92
2038	94
2039	83
2040	80
2041	82
2042	90
2043	93
2044	87
2045	81
2046	87
2047	89
2048	91
2049	111
2050	87
2051	95
2052	76
2053	87
2054	76
2055	71
2056	96
2057	81
2058	78
2059	69
2060	77
2061	60
2062	82
2063	96
2064	80
2065	89
2066	99
2067	99
2068	87
2069	80
2070	73
2071	101
2072	95
2073	93
2074	85
2075	84
2076	79
2077	98
2078	85
2079	79
2080	78
2081	90
2082	70
2083	87
2084	83
2085	82
2086	101
2087	87
2088	76
2089	91
2090	93
2091	94
2092	88
2093	82
2094	91
2095	86
2096	98
2097	66
2098	92
2099	93
2100	89
2101	88
2102	86
2103	79
2104	93
2105	106
2106	83
2107	93
2108	92
2109	74
2110	104
2111	69
2112	70
2113	83
2114	83
2115	89
2116	79
2117	97
2118	88
2119	93
2120	88
2121	70
2122	80
2123	91
2124	85
2125	89
2126	96
2127	67
2128	95
2129	93
2130	86
2131	73
2132	85
2133	92
2134	96
2135	92
2136	100
2137	85
2138	81
2139	85
2140	101
2141	91
2142	78
2143	77
2144	89
2145	71
2146	94
2147	76
2148	97
2149	88
2150	104
2151	83
2152	62
2153	98
2154	101
2155	91
2156	82
2157	82
2158	101
2159	78
2160	81
2161	86
2162	86
2163	89
2164	92
2165	82
2166	79
2167	86
2168	78
2169	81
2170	102
2171	109
2172	95
2173	86
2174	86
2175	96
2176	90
2177	85
2178	95
2179	99
2180	100
2181	75
2182	97
2183	84
2184	97
2185	83
2186	81
2187	100
2188	87
2189	110
2190	83
2191	111
2192	78
2193	98
2194	88
2195	87
2196	83
2197	92
2198	101
2199	81
2200	96
2201	93
2202	67
2203	93
2204	77
2205	88
2206	98
2207	78
2208	78
2209	90
2210	94
2211	100
2212	83
2213	94
2214	94
2215	90
2216	92
2217	98
2218	95
2219	79
2220	104
2221	106
2222	89
2223	87
2224	93
2225	84
2226	102
2227	94
2228	92
2229	85
2230	103
2231	108
2232	89
2233	102
2234	103
2235	91
2236	93
2237	79
2238	82
2239	94
2240	96
2241	102
2242	95
2243	94
2244	100
2245	75
2246	93
2247	106
2248	86
2249	90
2250	96
2251	96
2252	121
2253	90
2254	93
2255	94
2256	100
2257	106
2258	108
2259	109
2260	97
2261	103
2262	118
2263	127
2264	111
2265	91
2266	110
2267	90
2268	115
2269	103
2270	80
2271	101
2272	119
2273	99
2274	110
2275	124
2276	103
2277	118
2278	100
2279	104
2280	99
2281	104
2282	104
2283	125
2284	104
2285	101
2286	106
2287	108
2288	132
2289	118
2290	107
2291	130
2292	114
2293	95
2294	104
2295	116
2296	118
2297	108
2298	132
2299	117
2300	108
2301	122
2302	126
2303	115
2304	118
2305	123
2306	112
2307	135
2308	119
2309	135
2310	117
2311	108
2312	131
2313	129
2314	101
2315	145
2316	133
2317	103
2318	138
2319	122
2320	135
2321	131
2322	131
2323	134
2324	137
2325	140
2326	142
2327	129
2328	127
2329	131
2330	137
2331	133
2332	117
2333	150
2334	144
2335	148
2336	117
2337	120
2338	135
2339	156
2340	146
2341	135
2342	130
2343	168
2344	157
2345	148
2346	151
2347	166
2348	142
2349	141
2350	148
2351	142
2352	186
2353	127
2354	128
2355	154
2356	139
2357	148
2358	162
2359	157
2360	163
2361	155
2362	157
2363	136
2364	160
2365	162
2366	171
2367	131
2368	165
2369	176
2370	149
2371	165
2372	185
2373	167
2374	139
2375	173
2376	159
2377	174
2378	168
2379	189
2380	169
2381	176
2382	183
2383	186
2384	195
2385	155
2386	170
2387	187
2388	173
2389	176
2390	198
2391	171
2392	178
2393	190
2394	180
2395	188
2396	179
2397	190
2398	200
2399	167
2400	180
2401	174
2402	195
2403	185
2404	178
2405	200
2406	201
2407	191
2408	174
2409	219
2410	202
2411	207
2412	194
2413	195
2414	201
2415	188
2416	198
2417	186
2418	207
2419	185
2420	185
2421	203
2422	218
2423	207
2424	211
2425	228
2426	212
2427	226
2428	221
2429	201
2430	208
2431	203
2432	225
2433	206
2434	188
2435	233
2436	227
2437	203
2438	249
2439	214
2440	228
2441	253
2442	208
2443	214
2444	233
2445	223
2446	220
2447	239
2448	245
2449	228
2450	254
2451	231
2452	218
2453	230
2454	232
2455	215
2456	240
2457	237
2458	219
2459	224
2460	245
2461	253
2462	241
2463	235
2464	232
2465	223
2466	251
2467	247
2468	252
2469	250
2470	267
2471	245
2472	268
2473	254
2474	279
2475	238
2476	245
2477	260
2478	243
2479	275
2480	233
2481	257
2482	238
2483	267
2484	238
2485	251
2486	293
2487	248
2488	289
2489	269
2490	258
2491	242
2492	268
2493	226
2494	300
2495	263
2496	242
2497	284
2498	266
2499	277
2500	268
2501	258
2502	276
2503	256
2504	253
2505	257
2506	277
2507	278
2508	272
2509	252
2510	251
2511	256
2512	258
2513	259
2514	274
2515	236
2516	244
2517	294
2518	285
2519	259
2520	251
2521	278
2522	268
2523	267
2524	279
2525	285
2526	265
2527	282
2528	259
2529	262
2530	275
2531	301
2532	308
2533	251
2534	293
2535	262
2536	305
2537	269
2538	255
2539	273
2540	263
2541	262
2542	273
2543	273
2544	269
2545	263
2546	290
2547	264
2548	279
2549	265
2550	254
2551	292
2552	289
2553	279
2554	265
2555	288
2556	285
2557	275
2558	319
2559	264
2560	249
2561	301
2562	294
2563	276
2564	267
2565	285
2566	283
2567	293
2568	266
2569	310
2570	276
2571	278
2572	291
2573	311
2574	290
2575	253
2576	286
2577	297
2578	296
2579	278
2580	311
2581	262
2582	277
2583	301
2584	303
2585	284
2586	259
2587	268
2588	268
2589	297
2590	284
2591	286
2592	242
2593	275
2594	284
2595	285
2596	275
2597	234
2598	281
2599	259
2600	272
2601	272
2602	261
2603	273
2604	257
2605	277
2606	268
2607	272
2608	270
2609	271
2610	229
2611	280
2612	272
2613	264
2614	255
2615	255
2616	252
2617	283
2618	268
2619	276
2620	237
2621	249
2622	270
2623	266
2624	261
2625	246
2626	245
2627	264
2628	266
2629	257
2630	273
2631	238
2632	243
2633	252
2634	260
2635	266
2636	256
2637	277
2638	249
2639	261
2640	269
2641	265
2642	258
2643	238
2644	247
2645	251
2646	238
2647	221
2648	203
2649	232
2650	238
2651	231
2652	251
2653	236
2654	249
2655	245
2656	205
2657	262
2658	227
2659	247
2660	235
2661	229
2662	218
2663	255
2664	225
2665	240
2666	221
2667	221
2668	222
2669	232
2670	234
2671	184
2672	254
2673	225
2674	226
2675	225
2676	240
2677	219
2678	228
2679	213
2680	230
2681	226
2682	228
2683	203
2684	192
2685	238
2686	187
2687	195
2688	198
2689	213
2690	197
2691	200
2692	223
2693	205
2694	218
2695	230
2696	211
2697	201
2698	212
2699	233
2700	201
2701	192
2702	185
2703	213
2704	207
2705	211
2706	204
2707	190
2708	187
2709	192
2710	198
2711	176
2712	192
2713	188
2714	198
2715	174
2716	205
2717	188
2718	196
2719	164
2720	177
2721	168
2722	167
2723	172
2724	175
2725	185
2726	192
2727	168
2728	170
2729	197
2730	158
2731	164
2732	189
2733	148
2734	187
2735	138
2736	141
2737	149
2738	185
2739	147
2740	163
2741	140
2742	132
2743	145
2744	160
2745	155
2746	165
2747	152
2748	167
2749	155
2750	153
2751	145
2752	147
2753	159
2754	163
2755	123
2756	149
2757	124
2758	155
2759	143
2760	148
2761	115
2762	147
2763	145
2764	133
2765	136
2766	131
2767	130
2768	143
2769	134
2770	118
2771	136
2772	117
2773	104
2774	120
2775	130
2776	129
2777	151
2778	131
2779	109
2780	131
2781	142
2782	112
2783	121
2784	115
2785	107
2786	118
2787	116
2788	99
2789	117
2790	118
2791	133
2792	120
2793	117
2794	133
2795	100
2796	130
2797	121
2798	100
2799	126
2800	120
2801	129
2802	119
2803	108
2804	102
2805	127
2806	116
2807	102
2808	111
2809	108
2810	85
2811	81
2812	93
2813	108
2814	102
2815	105
2816	103
2817	84
2818	77
2819	96
2820	117
2821	82
2822	95
2823	75
2824	88
2825	98
2826	85
2827	103
2828	86
2829	83
2830	78
2831	88
2832	80
2833	88
2834	94
2835	81
2836	73
2837	88
2838	92
2839	92
2840	86
2841	101
2842	82
2843	89
2844	76
2845	91
2846	81
2847	82
2848	85
2849	69
2850	76
2851	79
2852	92
2853	84
2854	80
2855	80
2856	72
2857	67
2858	64
2859	82
2860	64
2861	77
2862	92
2863	61
2864	71
2865	74
2866	58
2867	74
2868	71
2869	71
2870	80
2871	75
2872	67
2873	79
2874	68
2875	70
2876	65
2877	57
2878	71
2879	73
2880	73
2881	57
2882	66
2883	70
2884	89
2885	69
2886	60
2887	52
2888	56
2889	57
2890	76
2891	70
2892	64
2893	53
2894	69
2895	51
2896	72
2897	72
2898	56
2899	54
2900	63
2901	62
2902	48
2903	60
2904	51
2905	59
2906	50
2907	52
2908	50
2909	53
2910	69
2911	55
2912	56
2913	63
2914	68
2915	51
2916	43
2917	52
2918	56
2919	63
2920	47
2921	55
2922	47
2923	46
2924	59
2925	56
2926	81
2927	49
2928	52
2929	49
2930	60
2931	49
2932	51
2933	50
2934	45
2935	44
2936	58
2937	52
2938	53
2939	57
2940	37
2941	62
2942	50
2943	48
2944	41
2945	35
2946	49
2947	52
2948	60
2949	40
2950	45
2951	31
2952	33
2953	43
2954	48
2955	48
2956	40
2957	39
2958	50
2959	50
2960	39
2961	37
2962	37
2963	48
2964	41
2965	48
2966	40
2967	51
2968	55
2969	46
2970	48
2971	43
2972	49
2973	37
2974	46
2975	38
2976	44
2977	27
2978	39
2979	42
2980	52
2981	50
2982	49
2983	42
2984	58
2985	44
2986	48
2987	58
2988	57
2989	31
2990	44
2991	50
2992	51
2993	43
2994	42
2995	35
2996	47
2997	42
2998	46
2999	55
3000	24
3001	16
3002	39
3003	44
3004	41
3005	40
3006	43
3007	42
3008	38
3009	37
3010	37
3011	43
3012	43
3013	34
3014	36
3015	43
3016	42
3017	32
3018	32
3019	52
3020	35
3021	38
3022	25
3023	42
3024	46
3025	36
3026	41
3027	29
3028	38
3029	37
3030	46
3031	49
3032	45
3033	51
3034	39
3035	52
3036	45
3037	42
3038	35
3039	30
3040	29
3041	45
3042	46
3043	42
3044	35
3045	45
3046	38
3047	38
3048	47
3049	48
3050	29
3051	25
3052	41
3053	43
3054	37
3055	34
3056	42
3057	49
3058	46
3059	40
3060	41
3061	32
3062	39
3063	32
3064	44
3065	37
3066	40
3067	34
3068	43
3069	32
3070	35
3071	37
3072	33
3073	44
3074	39
3075	31
3076	38
3077	37
3078	38
3079	32
3080	27
3081	43
3082	36
3083	40
3084	37
3085	37
3086	40
3087	36
3088	56
3089	29
3090	32
3091	50
3092	40
3093	36
3094	36
3095	37
3096	34
3097	36
3098	49
3099	36
3100	28
3101	26
3102	37
3103	37
3104	47
3105	31
3106	43
3107	40
3108	36
3109	38
3110	38
3111	31
3112	32
3113	40
3114	40
3115	33
3116	41
3117	23
3118	35
3119	39
3120	37
3121	39
3122	36
3123	35
3124	38
3125	47
3126	42
3127	37
3128	47
3129	29
3130	55
3131	36
3132	39
3133	49
3134	37
3135	44
3136	32
3137	40
3138	29
3139	33
3140	29
3141	39
3142	43
3143	40
3144	38
3145	38
3146	38
3147	45
3148	31
3149	37
3150	40
3151	40
3152	36
3153	33
3154	31
3155	46
3156	35
3157	48
3158	31
3159	26
3160	34
3161	32
3162	45
3163	40
3164	35
3165	36
3166	37
3167	39
3168	41
3169	44
3170	33
3171	30
3172	29
3173	36
3174	36
3175	28
3176	29
3177	36
3178	35
3179	35
3180	38
3181	31
3182	36
3183	22
3184	32
3185	34
3186	38
3187	31
3188	43
3189	32
3190	52
3191	40
3192	28
3193	40
3194	36
3195	31
3196	21
3197	35
3198	44
3199	41
3200	40
3201	34
3202	31
3203	34
3204	33
3205	33
3206	34
3207	35
3208	51
3209	40
3210	44
3211	35
3212	29
3213	31
3214	40
3215	39
3216	36
3217	28
3218	34
3219	34
3220	40
3221	34
3222	29
3223	33
3224	28
3225	29
3226	30
3227	35
3228	39
3229	35
3230	26
3231	33
3232	24
3233	37
3234	33
3235	30
3236	37
3237	33
3238	37
3239	39
3240	35
3241	26
3242	24
3243	30
3244	48
3245	37
3246	46
3247	37
3248	37
3249	38
3250	32
3251	33
3252	41
3253	29
3254	31
3255	36
3256	47
3257	33
3258	34
3259	34
3260	27
3261	36
3262	34
3263	37
3264	24
3265	32
3266	40
3267	29
3268	38
3269	41
3270	37
3271	35
3272	43
3273	34
3274	44
3275	40
3276	33
3277	41
3278	38
3279	44
3280	30
3281	43
3282	33
3283	30
3284	35
3285	29
3286	38
3287	44
3288	36
3289	32
3290	28
3291	41
3292	29
3293	44
3294	33
3295	26
3296	40
3297	27
3298	41
3299	25
3300	39
3301	36
3302	28
3303	30
3304	36
3305	46
3306	31
3307	39
3308	34
3309	33
3310	41
3311	26
3312	44
3313	26
3314	41
3315	40
3316	46
3317	34
3318	35
3319	34
3320	28
3321	42
3322	38
3323	46
3324	36
3325	33
3326	39
3327	44
3328	35
3329	30
3330	24
3331	49
3332	26
3333	25
3334	45
3335	42
3336	37
3337	44
3338	42
3339	34
3340	39
3341	37
3342	34
3343	31
3344	31
3345	38
3346	37
3347	32
3348	37
3349	28
3350	38
3351	40
3352	34
3353	38
3354	36
3355	44
3356	34
3357	32
3358	40
3359	28
3360	41
3361	40
3362	44
3363	34
3364	36
3365	43
3366	41
3367	36
3368	31
3369	33
3370	43
3371	29
3372	52
3373	34
3374	26
3375	41
3376	33
3377	42
3378	39
3379	29
3380	31
3381	30
3382	28
3383	39
3384	34
3385	39
3386	27
3387	37
3388	37
3389	43
3390	36
3391	37
3392	30
3393	38
3394	32
3395	43
3396	32
3397	33
3398	36
3399	28
3400	23
3401	34
3402	31
3403	34
3404	37
3405	38
3406	30
3407	35
3408	38
3409	37
3410	34
3411	40
3412	30
3413	44
3414	26
3415	35
3416	37
3417	37
3418	34
3419	34
3420	42
3421	48
3422	35
3423	39
3424	19
3425	39
3426	34
3427	44
3428	35
3429	31
3430	35
3431	24
3432	32
3433	24
3434	38
3435	30
3436	36
3437	36
3438	32
3439	20
3440	38
3441	38
3442	29
3443	36
3444	32
3445	31
3446	28
3447	35
3448	30
3449	32
3450	34
3451	34
3452	33
3453	39
3454	30
3455	39
3456	22
3457	41
3458	44
3459	30
3460	34
3461	35
3462	33
3463	34
3464	30
3465	35
3466	31
3467	35
3468	39
3469	37
3470	34
3471	24
3472	32
3473	29
3474	37
3475	31
3476	37
3477	35
3478	38
3479	29
3480	32
3481	45
3482	35
3483	41
3484	35
3485	29
3486	41
3487	28
3488	33
3489	31
3490	43
3491	28
3492	45
3493	39
3494	31
3495	36
3496	34
3497	32
3498	34
3499	38
3500	33
3501	28
3502	30
3503	35
3504	33
3505	39
3506	41
3507	40
3508	32
3509	32
3510	24
3511	31
3512	46
3513	38
3514	48
3515	36
3516	42
3517	29
3518	46
3519	32
3520	34
3521	35
3522	33
3523	36
3524	47
3525	34
3526	30
3527	34
3528	29
3529	36
3530	30
3531	30
3532	33
3533	39
3534	29
3535	30
3536	27
3537	25
3538	32
3539	31
3540	46
3541	30
3542	38
3543	33
3544	41
3545	38
3546	35
3547	34
3548	37
3549	26
3550	35
3551	35
3552	34
3553	35
3554	37
3555	30
3556	34
3557	26
3558	29
3559	36
3560	38
3561	36
3562	34
3563	37
3564	36
3565	36
3566	34
3567	37
3568	33
3569	33
3570	34
3571	49
3572	35
3573	26
3574	31
3575	38
3576	36
3577	42
3578	35
3579	43
3580	35
3581	41
3582	37
3583	39
3584	27
3585	32
3586	37
3587	36
3588	31
3589	48
3590	36
3591	31
3592	28
3593	29
3594	31
3595	19
3596	27
3597	34
3598	26
3599	39
3600	26
3601	32
3602	36
3603	41
3604	30
3605	36
3606	37
3607	39
3608	28
3609	31
3610	43
3611	30
3612	37
3613	35
3614	33
3615	26
3616	36
3617	32
3618	29
3619	28
3620	43
3621	41
3622	26
3623	36
3624	42
3625	32
3626	27
3627	27
3628	39
3629	33
3630	33
3631	34
3632	22
3633	29
3634	31
3635	34
3636	32
3637	25
3638	20
3639	39
3640	33
3641	29
3642	39
3643	35
3644	25
3645	31
3646	28
3647	30
3648	35
3649	33
3650	30
3651	40
3652	26
3653	33
3654	28
3655	40
3656	34
3657	27
3658	29
3659	27
3660	30
3661	33
3662	31
3663	27
3664	32
3665	23
3666	37
3667	35
3668	30
3669	40
3670	28
3671	26
3672	30
3673	22
3674	34
3675	36
3676	39
3677	33
3678	31
3679	31
3680	32
3681	27
3682	26
3683	27
3684	32
3685	23
3686	30
3687	24
3688	33
3689	22
3690	26
3691	27
3692	34
3693	32
3694	25
3695	34
3696	34
3697	31
3698	35
3699	40
3700	29
3701	37
3702	35
3703	23
3704	38
3705	40
3706	40
3707	25
3708	20
3709	30
3710	28
3711	30
3712	42
3713	31
3714	26
3715	32
3716	28
3717	35
3718	39
3719	28
3720	26
3721	31
3722	23
3723	36
3724	33
3725	43
3726	28
3727	28
3728	35
3729	31
3730	23
3731	30
3732	29
3733	34
3734	30
3735	23
3736	25
3737	36
3738	39
3739	22
3740	28
3741	26
3742	19
3743	30
3744	36
3745	35
3746	33
3747	33
3748	33
3749	33
3750	29
3751	32
3752	32
3753	32
3754	35
3755	33
3756	27
3757	36
3758	33
3759	23
3760	37
3761	35
3762	22
3763	34
3764	33
3765	23
3766	40
3767	32
3768	35
3769	22
3770	25
3771	29
3772	38
3773	26
3774	28
3775	18
3776	24
3777	27
3778	27
3779	39
3780	36
3781	30
3782	26
3783	22
3784	30
3785	28
3786	27
3787	41
3788	25
3789	25
3790	27
3791	20
3792	33
3793	29
3794	26
3795	30
3796	24
3797	25
3798	28
3799	25
3800	32
3801	31
3802	42
3803	31
3804	37
3805	26
3806	31
3807	24
3808	27
3809	27
3810	28
3811	28
3812	29
3813	25
3814	26
3815	38
3816	34
3817	28
3818	31
3819	29
3820	30
3821	21
3822	29
3823	28
3824	31
3825	44
3826	22
3827	26
3828	31
3829	46
3830	28
3831	23
3832	23
3833	19
3834	34
3835	17
3836	25
3837	30
3838	27
3839	35
3840	25
3841	25
3842	26
3843	22
3844	36
3845	28
3846	33
3847	27
3848	26
3849	25
3850	24
3851	22
3852	22
3853	31
3854	22
3855	28
3856	21
3857	37
3858	24
3859	26
3860	31
3861	26
3862	23
3863	32
3864	40
3865	21
3866	32
3867	28
3868	26
3869	27
3870	35
3871	30
3872	28
3873	29
3874	32
3875	40
3876	20
3877	23
3878	19
3879	29
3880	28
3881	17
3882	32
3883	36
3884	25
3885	23
3886	20
3887	25
3888	30
3889	25
3890	28
3891	28
3892	31
3893	30
3894	33
3895	28
3896	23
3897	23
3898	22
3899	25
3900	24
3901	23
3902	24
3903	33
3904	23
3905	33
3906	25
3907	27
3908	23
3909	27
3910	24
3911	25
3912	28
3913	23
3914	13
3915	36
3916	25
3917	26
3918	36
3919	28
3920	24
3921	25
3922	23
3923	27
3924	33
3925	28
3926	25
3927	28
3928	26
3929	35
3930	28
3931	20
3932	21
3933	25
3934	21
3935	23
3936	35
3937	29
3938	27
3939	21
3940	31
3941	31
3942	19
3943	33
3944	15
3945	26
3946	18
3947	22
3948	21
3949	22
3950	28
3951	23
3952	19
3953	27
3954	20
3955	24
3956	30
3957	16
3958	24
3959	20
3960	16
3961	25
3962	21
3963	21
3964	28
3965	26
3966	23
3967	18
3968	26
3969	20
3970	24
3971	31
3972	27
3973	15
3974	20
3975	29
3976	31
3977	26
3978	18
3979	24
3980	22
3981	31
3982	20
3983	18
3984	29
3985	19
3986	27
3987	24
3988	27
3989	29
3990	33
3991	27
3992	17
3993	20
3994	22
3995	13
3996	25
3997	35
3998	14
3999	31
4000	21
4001	24
4002	21
4003	18
4004	28
4005	18
4006	17
4007	23
4008	29
4009	24
4010	33
4011	31
4012	22
4013	21
4014	25
4015	19
4016	20
4017	17
4018	23
4019	25
4020	17
4021	24
4022	32
4023	26
4024	20
4025	28
4026	26
4027	22
4028	16
4029	18
4030	23
4031	26
4032	26
4033	25
4034	30
4035	15
4036	16
4037	24
4038	24
4039	19
4040	26
4041	22
4042	39
4043	25
4044	21
4045	22
4046	23
4047	22
4048	19
4049	29
4050	32
4051	24
4052	27
4053	33
4054	31
4055	28
4056	19
4057	35
4058	30
4059	20
4060	30
4061	18
4062	26
4063	22
4064	23
4065	16
4066	16
4067	23
4068	25
4069	17
4070	37
4071	20
4072	20
4073	25
4074	18
4075	24
4076	31
4077	18
4078	21
4079	27
4080	28
4081	23
4082	24
4083	23
4084	18
4085	19
4086	22
4087	19
4088	17
4089	20
4090	23
4091	25
4092	24
4093	25
4094	26
4095	25
4096	25
4097	29
4098	19
4099	18
4100	24
4101	25
4102	13
4103	34
4104	26
4105	13
4106	25
4107	21
4108	33
4109	15
4110	19
4111	18
4112	17
4113	34
4114	18
4115	24
4116	30
4117	22
4118	22
4119	24
4120	23
4121	20
4122	29
4123	24
4124	28
4125	20
4126	15
4127	18
4128	11
4129	25
4130	15
4131	20
4132	21
4133	20
4134	20
4135	24
4136	16
4137	25
4138	21
4139	17
4140	13
4141	34
4142	15
4143	19
4144	25
4145	25
4146	21
4147	26
4148	22
4149	32
4150	20
4151	29
4152	19
4153	17
4154	18
4155	20
4156	27
4157	22
4158	23
4159	21
4160	33
4161	23
4162	20
4163	16
4164	19
4165	19
4166	23
4167	20
4168	23
4169	25
4170	20
4171	25
4172	21
4173	18
4174	22
4175	26
4176	25
4177	26
4178	27
4179	17
4180	31
4181	14
4182	23
4183	23
4184	22
4185	18
4186	22
4187	30
4188	16
4189	26
4190	22
4191	15
4192	27
4193	19
4194	18
4195	23
4196	27
4197	30
4198	17
4199	22
4200	17
4201	32
4202	13
4203	22
4204	11
4205	25
4206	24
4207	22
4208	16
4209	24
4210	25
4211	15
4212	19
4213	17
4214	21
4215	22
4216	13
4217	15
4218	17
4219	14
4220	23
4221	28
4222	22
4223	27
4224	17
4225	24
4226	27
4227	16
4228	19
4229	23
4230	22
4231	19
4232	22
4233	24
4234	24
4235	23
4236	14
4237	19
4238	25
4239	16
4240	30
4241	21
4242	25
4243	21
4244	30
4245	25
4246	29
4247	19
4248	20
4249	17
4250	32
4251	26
4252	22
4253	23
4254	23
4255	21
4256	24
4257	21
4258	10
4259	25
4260	18
4261	24
4262	19
4263	16
4264	20
4265	20
4266	23
4267	19
4268	23
4269	15
4270	21
4271	18
4272	17
4273	14
4274	22
4275	24
4276	19
4277	25
4278	21
4279	24
4280	16
4281	24
4282	18
4283	24
4284	19
4285	22
4286	19
4287	18
4288	29
4289	14
4290	24
4291	24
4292	22
4293	23
4294	23
4295	21
4296	22
4297	14
4298	24
4299	20
4300	23
4301	20
4302	21
4303	31
4304	25
4305	26
4306	23
4307	16
4308	24
4309	21
4310	24
4311	14
4312	20
4313	32
4314	15
4315	18
4316	18
4317	17
4318	18
4319	19
4320	15
4321	17
4322	18
4323	18
4324	25
4325	18
4326	25
4327	27
4328	20
4329	25
4330	20
4331	17
4332	26
4333	19
4334	16
4335	13
4336	20
4337	20
4338	12
4339	25
4340	25
4341	19
4342	19
4343	22
4344	23
4345	24
4346	23
4347	19
4348	20
4349	18
4350	19
4351	17
4352	20
4353	15
4354	19
4355	22
4356	24
4357	13
4358	20
4359	23
4360	14
4361	17
4362	20
4363	23
4364	21
4365	30
4366	24
4367	24
4368	18
4369	21
4370	20
4371	21
4372	12
4373	18
4374	23
4375	22
4376	18
4377	19
4378	20
4379	28
4380	24
4381	21
4382	23
4383	14
4384	27
4385	26
4386	19
4387	19
4388	17
4389	23
4390	17
4391	21
4392	17
4393	18
4394	15
4395	24
4396	19
4397	11
4398	23
4399	23
4400	25
4401	17
4402	27
4403	22
4404	16
4405	20
4406	21
4407	17
4408	24
4409	24
4410	26
4411	18
4412	17
4413	20
4414	17
4415	9
4416	18
4417	17
4418	22
4419	23
4420	17
4421	24
4422	16
4423	14
4424	24
4425	23
4426	18
4427	19
4428	27
4429	20
4430	12
4431	24
4432	22
4433	17
4434	12
4435	21
4436	19
4437	17
4438	19
4439	22
4440	14
4441	19
4442	13
4443	22
4444	21
4445	19
4446	17
4447	18
4448	14
4449	19
4450	23
4451	21
4452	16
4453	23
4454	20
4455	20
4456	21
4457	19
4458	13
4459	17
4460	16
4461	21
4462	17
4463	17
4464	18
4465	18
4466	27
4467	20
4468	13
4469	20
4470	22
4471	22
4472	19
4473	24
4474	18
4475	24
4476	18
4477	16
4478	21
4479	16
4480	19
4481	12
4482	8
4483	13
4484	9
4485	19
4486	25
4487	24
4488	19
4489	17
4490	16
4491	13
4492	23
4493	25
4494	25
4495	21
4496	20
4497	24
4498	17
4499	20
4500	10
4501	18
4502	12
4503	23
4504	21
4505	28
4506	18
4507	15
4508	26
4509	23
4510	18
4511	20
4512	20
4513	11
4514	21
4515	20
4516	13
4517	14
4518	20
4519	19
4520	16
4521	19
4522	23
4523	26
4524	9
4525	15
4526	25
4527	17
4528	19
4529	16
4530	9
4531	27
4532	21
4533	19
4534	9
4535	22
4536	13
4537	23
4538	19
4539	16
4540	15
4541	18
4542	22
4543	23
4544	19
4545	19
4546	19
4547	12
4548	14
4549	13
4550	17
4551	23
4552	18
4553	19
4554	22
4555	18
4556	14
4557	21
4558	24
4559	15
4560	14
4561	11
4562	19
4563	17
4564	16
4565	19
4566	23
4567	11
4568	17
4569	20
4570	17
4571	24
4572	12
4573	13
4574	17
4575	17
4576	19
4577	21
4578	15
4579	18
4580	15
4581	12
4582	14
4583	20
4584	14
4585	19
4586	15
4587	16
4588	18
4589	23
4590	20
4591	14
4592	19
4593	18
4594	13
4595	14
4596	18
4597	22
4598	19
4599	22
4600	14
4601	14
4602	16
4603	11
4604	10
4605	23
4606	20
4607	14
4608	17
4609	19
4610	20
4611	17
4612	10
4613	13
4614	19
4615	18
4616	21
4617	23
4618	18
4619	12
4620	21
4621	18
4622	15
4623	16
4624	23
4625	12
4626	18
4627	16
4628	15
4629	18
4630	12
4631	19
4632	19
4633	12
4634	21
4635	24
4636	24
4637	16
4638	18
4639	13
4640	14
4641	19
4642	13
4643	19
4644	17
4645	19
4646	23
4647	14
4648	8
4649	19
4650	15
4651	13
4652	17
4653	11
4654	14
4655	10
4656	12
4657	12
4658	20
4659	15
4660	14
4661	15
4662	14
4663	16
4664	13
4665	15
4666	20
4667	17
4668	12
4669	19
4670	11
4671	19
4672	20
4673	12
4674	10
4675	16
4676	11
4677	17
4678	20
4679	14
4680	9
4681	23
4682	6
4683	19
4684	21
4685	17
4686	14
4687	15
4688	14
4689	16
4690	28
4691	9
4692	17
4693	17
4694	21
4695	16
4696	12
4697	18
4698	18
4699	23
4700	19
4701	19
4702	16
4703	20
4704	24
4705	22
4706	15
4707	10
4708	8
4709	22
4710	20
4711	16
4712	16
4713	14
4714	16
4715	20
4716	14
4717	15
4718	16
4719	17
4720	15
4721	14
4722	16
4723	16
4724	14
4725	19
4726	19
4727	12
4728	10
4729	8
4730	15
4731	20
4732	22
4733	7
4734	13
4735	12
4736	20
4737	17
4738	22
4739	15
4740	19
4741	10
4742	13
4743	16
4744	21
4745	16
4746	23
4747	21
4748	15
4749	21
4750	14
4751	11
4752	21
4753	17
4754	13
4755	19
4756	17
4757	15
4758	17
4759	15
4760	17
4761	9
4762	11
4763	12
4764	17
4765	12
4766	25
4767	16
4768	20
4769	21
4770	15
4771	10
4772	20
4773	10
4774	12
4775	16
4776	9
4777	18
4778	5
4779	14
4780	9
4781	11
4782	20
4783	13
4784	10
4785	17
4786	12
4787	12
4788	19
4789	14
4790	11
4791	10
4792	16
4793	14
4794	15
4795	13
4796	13
4797	17
4798	14
4799	15
4800	11
4801	7
4802	15
4803	19
4804	15
4805	14
4806	13
4807	13
4808	16
4809	14
4810	10
4811	14
4812	18
4813	14
4814	16
4815	16
4816	19
4817	10
4818	18
4819	10
4820	18
4821	21
4822	13
4823	12
4824	15
4825	11
4826	15
4827	26
4828	11
4829	10
4830	19
4831	14
4832	22
4833	13
4834	12
4835	12
4836	18
4837	9
4838	14
4839	15
4840	22
4841	15
4842	16
4843	16
4844	13
4845	6
4846	10
4847	17
4848	13
4849	15
4850	14
4851	17
4852	23
4853	12
4854	18
4855	9
4856	13
4857	16
4858	13
4859	17
4860	13
4861	14
4862	13
4863	14
4864	20
4865	8
4866	10
4867	13
4868	14
4869	15
4870	16
4871	18
4872	17
4873	21
4874	7
4875	18
4876	19
4877	15
4878	15
4879	17
4880	8
4881	15
4882	17
4883	15
4884	9
4885	16
4886	15
4887	14
4888	20
4889	18
4890	15
4891	10
4892	11
4893	16
4894	16
4895	8
4896	9
4897	13
4898	13
4899	14
4900	10
4901	13
4902	20
4903	9
4904	10
4905	13
4906	12
4907	15
4908	13
4909	19
4910	13
4911	12
4912	10
4913	9
4914	14
4915	15
4916	12
4917	16
4918	15
4919	11
4920	16
4921	23
4922	17
4923	14
4924	10
4925	10
4926	17
4927	15
4928	16
4929	15
4930	10
4931	12
4932	8
4933	9
4934	5
4935	22
4936	11
4937	13
4938	16
4939	13
4940	9
4941	19
4942	15
4943	14
4944	16
4945	13
4946	12
4947	11
4948	14
4949	17
4950	11
4951	14
4952	14
4953	15
4954	5
4955	11
4956	16
4957	14
4958	11
4959	11
4960	16
4961	10
4962	19
4963	13
4964	14
4965	7
4966	12
4967	18
4968	17
4969	16
4970	22
4971	12
4972	8
4973	16
4974	14
4975	14
4976	13
4977	14
4978	20
4979	13
4980	10
4981	14
4982	15
4983	10
4984	12
4985	15
4986	19
4987	13
4988	16
4989	14
4990	13
4991	18
4992	18
4993	8
4994	10
4995	10
4996	9
4997	11
4998	18
4999	11
5000	17
5001	11
5002	13
5003	10
5004	12
5005	9
5006	20
5007	14
5008	10
5009	11
5010	7
5011	8
5012	17
5013	15
5014	10
5015	13
5016	14
5017	8
5018	15
5019	11
5020	16
5021	16
5022	11
5023	11
5024	9
5025	13
5026	11
5027	9
5028	17
5029	16
5030	12
5031	13
5032	10
5033	10
5034	16
5035	12
5036	8
5037	12
5038	11
5039	8
5040	14
5041	13
5042	15
5043	10
5044	13
5045	12
5046	19
5047	10
5048	13
5049	11
5050	16
5051	15
5052	9
5053	15
5054	12
5055	10
5056	13
5057	8
5058	11
5059	11
5060	17
5061	15
5062	10
5063	7
5064	8
5065	18
5066	16
5067	14
5068	10
5069	10
5070	14
5071	14
5072	9
5073	11
5074	13
5075	10
5076	25
5077	11
5078	14
5079	19
5080	17
5081	8
5082	10
5083	10
5084	16
5085	15
5086	17
5087	13
5088	14
5089	12
5090	19
5091	13
5092	15
5093	12
5094	8
5095	12
5096	15
5097	12
5098	10
5099	6
5100	10
5101	13
5102	13
5103	14
5104	11
5105	15
5106	7
5107	9
5108	9
5109	4
5110	13
5111	9
5112	13
5113	15
5114	7
5115	12
5116	20
5117	14
5118	9
5119	9
5120	15
5121	13
5122	13
5123	13
5124	7
5125	14
5126	8
5127	14
5128	14
5129	13
5130	16
5131	9
5132	15
5133	9
5134	9
5135	11
5136	15
5137	16
5138	17
5139	11
5140	12
5141	13
5142	12
5143	17
5144	11
5145	21
5146	11
5147	5
5148	8
5149	16
5150	9
5151	6
5152	11
5153	15
5154	16
5155	8
5156	12
5157	13
5158	19
5159	14
5160	14
5161	19
5162	8
5163	12
5164	10
5165	11
5166	12
5167	10
5168	9
5169	12
5170	11
5171	11
5172	13
5173	13
5174	14
5175	11
5176	15
5177	15
5178	11
5179	16
5180	11
5181	7
5182	11
5183	15
5184	4
5185	14
5186	18
5187	12
5188	8
5189	12
5190	13
5191	14
5192	10
5193	19
5194	10
5195	16
5196	18
5197	3
5198	10
5199	12
5200	10
5201	10
5202	9
5203	14
5204	13
5205	11
5206	14
5207	10
5208	11
5209	12
5210	6
5211	16
5212	6
5213	12
5214	12
5215	15
5216	7
5217	11
5218	14
5219	15
5220	16
5221	13
5222	17
5223	19
5224	11
5225	7
5226	12
5227	14
5228	14
5229	14
5230	8
5231	9
5232	11
5233	18
5234	16
5235	15
5236	11
5237	11
5238	12
5239	9
5240	9
5241	9
5242	15
5243	11
5244	9
5245	17
5246	8
5247	13
5248	14
5249	13
5250	9
5251	13
5252	14
5253	16
5254	7
5255	17
5256	10
5257	11
5258	10
5259	9
5260	15
5261	10
5262	13
5263	11
5264	10
5265	10
5266	15
5267	12
5268	16
5269	10
5270	13
5271	12
5272	16
5273	6
5274	13
5275	17
5276	11
5277	17
5278	12
5279	8
5280	17
5281	13
5282	10
5283	10
5284	9
5285	8
5286	13
5287	14
5288	13
5289	14
5290	9
5291	13
5292	9
5293	10
5294	10
5295	16
5296	5
5297	10
5298	12
5299	14
5300	7
5301	11
5302	13
5303	13
5304	10
5305	9
5306	11
5307	10
5308	10
5309	15
5310	13
5311	8
5312	9
5313	9
5314	15
5315	17
5316	13
5317	12
5318	16
5319	11
5320	6
5321	7
5322	6
5323	10
5324	8
5325	14
5326	16
5327	10
5328	9
5329	13
5330	7
5331	14
5332	10
5333	11
5334	14
5335	5
5336	11
5337	16
5338	5
5339	10
5340	16
5341	11
5342	8
5343	12
5344	11
5345	12
5346	14
5347	20
5348	17
5349	14
5350	10
5351	18
5352	14
5353	15
5354	8
5355	11
5356	10
5357	10
5358	5
5359	18
5360	10
5361	14
5362	5
5363	14
5364	10
5365	11
5366	10
5367	13
5368	10
5369	14
5370	23
5371	11
5372	17
5373	18
5374	6
5375	11
5376	9
5377	10
5378	9
5379	11
5380	8
5381	11
5382	8
5383	15
5384	17
5385	6
5386	15
5387	10
5388	13
5389	8
5390	8
5391	16
5392	15
5393	7
5394	15
5395	9
5396	8
5397	8
5398	16
5399	7
5400	16
5401	13
5402	9
5403	7
5404	8
5405	12
5406	9
5407	12
5408	8
5409	6
5410	14
5411	13
5412	10
5413	9
5414	13
5415	17
5416	11
5417	18
5418	7
5419	11
5420	10
5421	11
5422	12
5423	13
5424	6
5425	6
5426	12
5427	12
5428	7
5429	8
5430	11
5431	8
5432	13
5433	8
5434	13
5435	14
5436	13
5437	11
5438	10
5439	10
5440	12
5441	11
5442	12
5443	15
5444	12
5445	10
5446	15
5447	12
5448	17
5449	17
5450	15
5451	13
5452	10
5453	18
5454	11
5455	11
5456	8
5457	16
5458	9
5459	4
5460	14
5461	12
5462	12
5463	14
5464	5
5465	10
5466	10
5467	9
5468	11
5469	12
5470	9
5471	19
5472	8
5473	12
5474	15
5475	9
5476	7
5477	14
5478	10
5479	11
5480	17
5481	8
5482	12
5483	11
5484	17
5485	14
5486	9
5487	9
5488	6
5489	9
5490	10
5491	7
5492	16
5493	13
5494	18
5495	20
5496	8
5497	13
5498	8
5499	12
5500	14
5501	10
5502	14
5503	19
5504	10
5505	11
5506	7
5507	9
5508	7
5509	13
5510	8
5511	6
5512	5
5513	11
5514	14
5515	12
5516	11
5517	10
5518	7
5519	9
5520	10
5521	11
5522	12
5523	14
5524	11
5525	10
5526	13
5527	18
5528	17
5529	20
5530	14
5531	13
5532	13
5533	11
5534	6
5535	11
5536	11
5537	8
5538	10
5539	10
5540	13
5541	12
5542	15
5543	15
5544	9
5545	13
5546	9
5547	12
5548	9
5549	16
5550	12
5551	15
5552	10
5553	7
5554	11
5555	13
5556	13
5557	8
5558	11
5559	12
5560	12
5561	16
5562	10
5563	5
5564	15
5565	14
5566	11
5567	17
5568	12
5569	16
5570	12
5571	14
5572	6
5573	14
5574	9
5575	12
5576	8
5577	22
5578	13
5579	15
5580	13
5581	8
5582	13
5583	14
5584	5
5585	11
5586	16
5587	11
5588	7
5589	7
5590	14
5591	9
5592	15
5593	9
5594	8
5595	6
5596	7
5597	9
5598	9
5599	10
5600	10
5601	6
5602	15
5603	13
5604	15
5605	13
5606	14
5607	13
5608	10
5609	17
5610	11
5611	12
5612	18
5613	12
5614	7
5615	6
5616	13
5617	14
5618	9
5619	12
5620	6
5621	16
5622	14
5623	13
5624	13
5625	7
5626	18
5627	8
5628	13
5629	8
5630	13
5631	9
5632	9
5633	16
5634	9
5635	6
5636	11
5637	10
5638	14
5639	10
5640	11
5641	12
5642	12
5643	9
5644	16
5645	10
5646	13
5647	9
5648	7
5649	15
5650	11
5651	11
5652	5
5653	11
5654	13
5655	13
5656	8
5657	14
5658	8
5659	7
5660	12
5661	11
5662	10
5663	11
5664	17
5665	10
5666	11
5667	11
5668	8
5669	10
5670	20
5671	12
5672	16
5673	14
5674	12
5675	11
5676	12
5677	7
5678	12
5679	9
5680	10
5681	12
5682	13
5683	13
5684	10
5685	10
5686	8
5687	11
5688	8
5689	9
5690	11
5691	8
5692	10
5693	9
5694	13
5695	13
5696	12
5697	16
5698	11
5699	12
5700	13
5701	6
5702	13
5703	9
5704	14
5705	16
5706	13
5707	10
5708	12
5709	10
5710	10
5711	11
5712	10
5713	13
5714	17
5715	11
5716	7
5717	9
5718	8
5719	7
5720	7
5721	14
5722	14
5723	11
5724	9
5725	12
5726	14
5727	10
5728	7
5729	15
5730	6
5731	3
5732	12
5733	18
5734	8
5735	10
5736	13
5737	7
5738	15
5739	9
5740	11
5741	14
5742	8
5743	14
5744	12
5745	16
5746	18
5747	8
5748	10
5749	12
5750	14
5751	11
5752	11
5753	10
5754	9
5755	11
5756	19
5757	18
5758	11
5759	16
5760	15
5761	17
5762	13
5763	11
5764	11
5765	21
5766	12
5767	11
5768	13
5769	11
5770	12
5771	11
5772	14
5773	11
5774	15
5775	15
5776	8
5777	16
5778	9
5779	11
5780	9
5781	7
5782	5
5783	9
5784	9
5785	10
5786	9
5787	12
5788	13
5789	18
5790	13
5791	15
5792	14
5793	12
5794	7
5795	11
5796	12
5797	9
5798	16
5799	10
5800	14
5801	12
5802	10
5803	13
5804	12
5805	9
5806	8
5807	11
5808	9
5809	10
5810	14
5811	18
5812	12
5813	13
5814	12
5815	16
5816	8
5817	8
5818	12
5819	9
5820	11
5821	14
5822	5
5823	9
5824	17
5825	12
5826	22
5827	10
5828	10
5829	11
5830	14
5831	10
5832	13
5833	9
5834	8
5835	14
5836	16
5837	12
5838	10
5839	10
5840	9
5841	8
5842	8
5843	11
5844	10
5845	13
5846	8
5847	14
5848	13
5849	15
5850	13
5851	8
5852	11
5853	11
5854	6
5855	16
5856	9
5857	13
5858	9
5859	10
5860	11
5861	12
5862	15
5863	12
5864	9
5865	9
5866	13
5867	8
5868	9
5869	15
5870	9
5871	15
5872	12
5873	9
5874	15
5875	17
5876	12
5877	8
5878	8
5879	7
5880	16
5881	11
5882	15
5883	14
5884	9
5885	8
5886	8
5887	13
5888	13
5889	15
5890	14
5891	14
5892	9
5893	14
5894	7
5895	22
5896	9
5897	13
5898	7
5899	13
5900	9
5901	14
5902	12
5903	12
5904	19
5905	11
5906	10
5907	10
5908	5
5909	13
5910	9
5911	10
5912	9
5913	18
5914	12
5915	11
5916	14
5917	14
5918	10
5919	13
5920	9
5921	13
5922	14
5923	9
5924	15
5925	13
5926	15
5927	10
5928	12
5929	6
5930	7
5931	7
5932	11
5933	19
5934	13
5935	10
5936	13
5937	14
5938	16
5939	13
5940	9
5941	13
5942	10
5943	10
5944	15
5945	9
5946	15
5947	15
5948	9
5949	13
5950	11
5951	7
5952	10
5953	9
5954	18
5955	12
5956	10
5957	13
5958	21
5959	15
5960	15
5961	15
5962	13
5963	14
5964	16
5965	17
5966	11
5967	10
5968	9
5969	12
5970	9
5971	14
5972	15
5973	16
5974	8
5975	9
5976	13
5977	9
5978	8
5979	14
5980	15
5981	12
5982	8
5983	8
5984	15
5985	12
5986	13
5987	10
5988	10
5989	9
5990	9
5991	16
5992	12
5993	11
5994	9
5995	3
5996	6
5997	11
5998	18
5999	17
6000	9
6001	8
6002	16
6003	8
6004	7
6005	10
6006	10
6007	11
6008	6
6009	20
6010	23
6011	14
6012	17
6013	12
6014	9
6015	14
6016	16
6017	6
6018	11
6019	7
6020	11
6021	14
6022	10
6023	18
6024	9
6025	11
6026	18
6027	9
6028	26
6029	12
6030	12
6031	8
6032	17
6033	13
6034	15
6035	10
6036	12
6037	14
6038	15
6039	11
6040	13
6041	9
6042	11
6043	11
6044	9
6045	10
6046	13
6047	12
6048	9
6049	20
6050	11
6051	13
6052	7
6053	13
6054	12
6055	9
6056	10
6057	6
6058	15
6059	9
6060	8
6061	9
6062	13
6063	14
6064	14
6065	14
6066	15
6067	16
6068	10
6069	8
6070	19
6071	7
6072	11
6073	13
6074	8
6075	19
6076	14
6077	15
6078	12
6079	12
6080	14
6081	10
6082	14
6083	11
6084	11
6085	14
6086	9
6087	15
6088	9
6089	9
6090	16
6091	13
6092	14
6093	12
6094	12
6095	7
6096	7
6097	10
6098	17
6099	8
6100	16
6101	10
6102	12
6103	13
6104	16
6105	15
6106	11
6107	9
6108	18
6109	18
6110	10
6111	14
6112	16
6113	16
6114	14
6115	13
6116	9
6117	14
6118	7
6119	11
6120	14
6121	9
6122	13
6123	10
6124	15
6125	10
6126	13
6127	12
6128	11
6129	13
6130	9
6131	15
6132	11
6133	11
6134	10
6135	17
6136	9
6137	12
6138	14
6139	11
6140	9
6141	13
6142	12
6143	9
6144	8
6145	15
6146	8
6147	11
6148	12
6149	7
6150	8
6151	9
6152	17
6153	11
6154	7
6155	14
6156	11
6157	8
6158	16
6159	11
6160	20
6161	13
6162	10
6163	10
6164	6
6165	10
6166	13
6167	11
6168	16
6169	14
6170	15
6171	13
6172	14
6173	13
6174	16
6175	10
6176	15
6177	11
6178	10
6179	17
6180	12
6181	11
6182	18
6183	11
6184	15
6185	7
6186	12
6187	13
6188	11
6189	14
6190	12
6191	11
6192	15
6193	22
6194	12
6195	11
6196	18
6197	11
6198	9
6199	14
6200	9
6201	13
6202	11
6203	11
6204	14
6205	13
6206	7
6207	8
6208	12
6209	21
6210	11
6211	14
6212	9
6213	10
6214	10
6215	14
6216	20
6217	9
6218	8
6219	18
6220	9
6221	14
6222	15
6223	13
6224	17
6225	11
6226	15
6227	10
6228	10
6229	14
6230	18
6231	17
6232	14
6233	17
6234	6
6235	9
6236	7
6237	10
6238	18
6239	6
6240	16
6241	8
6242	12
6243	10
6244	11
6245	12
6246	16
6247	17
6248	23
6249	14
6250	8
6251	10
6252	9
6253	12
6254	8
6255	8
6256	17
6257	13
6258	7
6259	14
6260	20
6261	6
6262	14
6263	9
6264	15
6265	9
6266	12
6267	13
6268	9
6269	13
6270	10
6271	11
6272	16
6273	13
6274	18
6275	22
6276	13
6277	17
6278	15
6279	9
6280	10
6281	16
6282	17
6283	15
6284	12
6285	14
6286	11
6287	12
6288	13
6289	15
6290	16
6291	18
6292	13
6293	9
6294	14
6295	10
6296	18
6297	11
6298	16
6299	16
6300	14
6301	20
6302	15
6303	11
6304	14
6305	19
6306	19
6307	18
6308	20
6309	16
6310	15
6311	10
6312	5
6313	17
6314	15
6315	14
6316	14
6317	15
6318	6
6319	11
6320	13
6321	5
6322	21
6323	11
6324	9
6325	15
6326	26
6327	11
6328	15
6329	14
6330	17
6331	19
6332	11
6333	17
6334	12
6335	17
6336	10
6337	17
6338	12
6339	9
6340	14
6341	12
6342	15
6343	18
6344	15
6345	14
6346	16
6347	11
6348	11
6349	18
6350	15
6351	15
6352	12
6353	14
6354	15
6355	17
6356	20
6357	21
6358	11
6359	13
6360	20
6361	18
6362	19
6363	14
6364	15
6365	17
6366	13
6367	18
6368	8
6369	19
6370	15
6371	14
6372	11
6373	13
6374	15
6375	15
6376	11
6377	15
6378	10
6379	14
6380	16
6381	12
6382	17
6383	11
6384	28
6385	15
6386	9
6387	13
6388	14
6389	16
6390	10
6391	10
6392	22
6393	16
6394	13
6395	17
6396	20
6397	17
6398	11
6399	18
6400	17
6401	19
6402	14
6403	20
6404	19
6405	21
6406	14
6407	20
6408	14
6409	16
6410	17
6411	12
6412	17
6413	16
6414	17
6415	23
6416	10
6417	23
6418	13
6419	13
6420	19
6421	21
6422	18
6423	23
6424	18
6425	10
6426	21
6427	17
6428	14
6429	14
6430	13
6431	16
6432	7
6433	11
6434	21
6435	11
6436	14
6437	9
6438	16
6439	21
6440	14
6441	16
6442	17
6443	8
6444	14
6445	24
6446	16
6447	24
6448	19
6449	17
6450	19
6451	19
6452	13
6453	19
6454	19
6455	17
6456	14
6457	17
6458	13
6459	22
6460	18
6461	15
6462	16
6463	18
6464	19
6465	11
6466	18
6467	14
6468	22
6469	15
6470	17
6471	24
6472	20
6473	20
6474	30
6475	19
6476	10
6477	18
6478	16
6479	23
6480	14
6481	14
6482	21
6483	17
6484	18
6485	19
6486	13
6487	17
6488	14
6489	18
6490	19
6491	20
6492	17
6493	20
6494	19
6495	19
6496	19
6497	16
6498	18
6499	20
6500	11
6501	19
6502	29
6503	22
6504	18
6505	23
6506	12
6507	27
6508	17
6509	21
6510	12
6511	26
6512	14
6513	14
6514	15
6515	20
6516	28
6517	21
6518	15
6519	20
6520	12
6521	15
6522	24
6523	15
6524	17
6525	19
6526	17
6527	18
6528	23
6529	13
6530	25
6531	23
6532	22
6533	17
6534	24
6535	16
6536	7
6537	25
6538	21
6539	25
6540	24
6541	14
6542	8
6543	25
6544	20
6545	16
6546	17
6547	18
6548	25
6549	22
6550	22
6551	23
6552	24
6553	19
6554	16
6555	19
6556	28
6557	20
6558	15
6559	19
6560	21
6561	18
6562	19
6563	16
6564	17
6565	19
6566	27
6567	20
6568	17
6569	27
6570	18
6571	18
6572	29
6573	18
6574	17
6575	17
6576	17
6577	17
6578	21
6579	25
6580	13
6581	18
6582	25
6583	15
6584	23
6585	16
6586	20
6587	23
6588	19
6589	20
6590	19
6591	19
6592	23
6593	28
6594	13
6595	19
6596	20
6597	20
6598	20
6599	25
6600	19
6601	21
6602	18
6603	34
6604	22
6605	19
6606	28
6607	19
6608	19
6609	25
6610	21
6611	21
6612	28
6613	21
6614	18
6615	34
6616	24
6617	19
6618	33
6619	16
6620	14
6621	21
6622	21
6623	31
6624	24
6625	19
6626	25
6627	24
6628	17
6629	23
6630	18
6631	21
6632	20
6633	27
6634	25
6635	19
6636	29
6637	20
6638	17
6639	23
6640	19
6641	21
6642	23
6643	17
6644	19
6645	31
6646	20
6647	28
6648	18
6649	23
6650	29
6651	25
6652	26
6653	26
6654	24
6655	27
6656	23
6657	25
6658	21
6659	16
6660	22
6661	30
6662	24
6663	21
6664	17
6665	20
6666	38
6667	21
6668	26
6669	28
6670	20
6671	15
6672	14
6673	28
6674	18
6675	22
6676	17
6677	22
6678	18
6679	26
6680	23
6681	24
6682	19
6683	23
6684	26
6685	17
6686	17
6687	26
6688	21
6689	24
6690	16
6691	24
6692	21
6693	29
6694	16
6695	24
6696	23
6697	25
6698	29
6699	20
6700	25
6701	22
6702	21
6703	22
6704	24
6705	14
6706	15
6707	17
6708	25
6709	23
6710	21
6711	21
6712	26
6713	16
6714	20
6715	22
6716	13
6717	20
6718	22
6719	17
6720	25
6721	23
6722	16
6723	27
6724	16
6725	22
6726	25
6727	21
6728	19
6729	17
6730	19
6731	23
6732	23
6733	22
6734	27
6735	27
6736	25
6737	24
6738	34
6739	21
6740	16
6741	21
6742	34
6743	13
6744	21
6745	24
6746	23
6747	19
6748	23
6749	16
6750	14
6751	13
6752	21
6753	16
6754	22
6755	19
6756	15
6757	24
6758	12
6759	16
6760	18
6761	23
6762	18
6763	17
6764	25
6765	24
6766	32
6767	26
6768	20
6769	16
6770	21
6771	18
6772	17
6773	24
6774	25
6775	13
6776	20
6777	19
6778	35
6779	21
6780	17
6781	30
6782	14
6783	19
6784	17
6785	21
6786	18
6787	17
6788	23
6789	15
6790	24
6791	24
6792	17
6793	18
6794	23
6795	22
6796	15
6797	17
6798	29
6799	25
6800	25
6801	19
6802	18
6803	13
6804	22
6805	19
6806	28
6807	24
6808	23
6809	18
6810	21
6811	20
6812	18
6813	18
6814	17
6815	15
6816	10
6817	20
6818	20
6819	19
6820	16
6821	21
6822	17
6823	20
6824	31
6825	17
6826	23
6827	22
6828	13
6829	25
6830	17
6831	29
6832	14
6833	21
6834	22
6835	22
6836	16
6837	15
6838	12
6839	15
6840	14
6841	23
6842	23
6843	21
6844	8
6845	19
6846	12
6847	17
6848	15
6849	16
6850	19
6851	15
6852	20
6853	17
6854	14
6855	13
6856	11
6857	14
6858	15
6859	14
6860	21
6861	21
6862	12
6863	23
6864	18
6865	18
6866	11
6867	25
6868	18
6869	16
6870	19
6871	16
6872	20
6873	24
6874	17
6875	11
6876	16
6877	14
6878	12
6879	16
6880	14
6881	14
6882	14
6883	13
6884	15
6885	15
6886	11
6887	19
6888	9
6889	16
6890	11
6891	13
6892	13
6893	19
6894	17
6895	10
6896	13
6897	17
6898	14
6899	12
6900	14
6901	15
6902	12
6903	16
6904	16
6905	22
6906	17
6907	14
6908	12
6909	12
6910	11
6911	15
6912	18
6913	14
6914	14
6915	18
6916	17
6917	12
6918	16
6919	25
6920	11
6921	19
6922	12
6923	16
6924	12
6925	13
6926	17
6927	13
6928	17
6929	21
6930	18
6931	14
6932	13
6933	15
6934	10
6935	15
6936	7
6937	19
6938	10
6939	12
6940	14
6941	13
6942	20
6943	12
6944	13
6945	13
6946	11
6947	12
6948	10
6949	13
6950	10
6951	19
6952	8
6953	6
6954	8
6955	7
6956	9
6957	7
6958	13
6959	10
6960	15
6961	4
6962	15
6963	15
6964	10
6965	5
6966	13
6967	7
6968	14
6969	3
6970	6
6971	12
6972	12
6973	17
6974	11
6975	7
6976	8
6977	11
6978	12
6979	15
6980	10
6981	4
6982	5
6983	10
6984	4
6985	9
6986	12
6987	7
6988	7
6989	10
6990	10
6991	7
6992	4
6993	4
6994	6
6995	3
6996	5
6997	6
6998	7
6999	8
7000	8
7001	4
7002	12
7003	7
7004	6
7005	6
7006	12
7007	5
7008	6
7009	9
7010	8
7011	10
7012	6
7013	7
7014	9
7015	9
7016	14
7017	8
7018	6
7019	11
7020	4
7021	4
7022	7
7023	6
7024	4
7025	5
7026	10
7027	5
7028	4
7029	7
7030	6
7031	4
7032	10
7033	5
7034	4
7035	9
7036	6
7037	7
7038	9
7039	3
7040	4
7041	3
7042	3
7043	3
7044	11
7045	6
7046	3
7047	4
7048	5
7049	5
7050	2
7051	4
7052	2
7053	8
7054	3
7055	4
7056	7
7057	2
7058	8
7059	2
7060	3
7061	4
7062	3
7063	8
7064	3
7065	2
7066	7
7067	6
7068	3
7069	4
7070	1
7071	2
7072	4
7073	2
7074	4
7075	7
7076	6
7077	1
7078	4
7079	6
7080	5
7081	6
7082	4
7083	4
7084	5
7085	2
7086	2
7087	5
7088	5
7089	5
7090	2
7091	4
7092	4
7093	4
7094	2
7095	1
7096	6
7097	1
7098	3
7099	5
7100	4
7101	3
7102	4
7103	2
7104	3
7105	1
7106	1
7107	4
7108	3
7109	3
7110	0
7111	5
7112	1
7113	3
7114	1
7115	2
7116	3
7117	1
7118	1
7119	1
7120	3
7121	5
7122	3
7123	0
7124	3
7125	2
7126	1
7127	1
7128	5
7129	3
7130	1
7131	3
7132	5
7133	2
7134	2
7135	2
7136	3
7137	2
7138	3
7139	3
7140	2
7141	2
7142	2
7143	3
7144	2
7145	1
7146	6
7147	4
7148	2
7149	5
7150	0
7151	4
7152	0
7153	2
7154	4
7155	1
7156	4
7157	1
7158	3
7159	0
7160	4
7161	3
7162	4
7163	3
7164	3
7165	0
7166	2
7167	1
7168	1
7169	3
7170	4
7171	2
7172	1
7173	1
7174	1
7175	2
7176	3
7177	0
7178	1
7179	0
7180	1
7181	2
7182	1
7183	1
7184	3
7185	2
7186	4
7187	2
7188	1
7189	1
7190	1
7191	2
7192	0
7193	3
7194	3
7195	1
7196	4
7197	3
7198	0
7199	2
7200	0
7201	2
7202	1
7203	2
7204	1
7205	1
7206	2
7207	0
7208	0
7209	1
7210	1
7211	0
7212	2
7213	2
7214	0
7215	1
7216	1
7217	0
7218	3
7219	2
7220	2
7221	2
7222	2
7223	1
7224	1
7225	2
7226	2
7227	1
7228	0
7229	0
7230	1
7231	1
7232	2
7233	1
7234	2
7235	2
7236	2
7237	2
7238	1
7239	2
7240	1
7241	1
7242	2
7243	2
7244	0
7245	0
7246	1
7247	0
7248	2
7249	0
7250	0
7251	0
7252	0
7253	0
7254	0
7255	2
7256	0
7257	0
7258	2
7259	3
7260	1
7261	1
7262	1
7263	0
7264	0
7265	1
7266	3
7267	1
7268	1
7269	0
7270	2
7271	0
7272	0
7273	5
7274	1
7275	0
7276	1
7277	0
7278	1
7279	1
7280	0
7281	0
7282	2
7283	0
7284	0
7285	0
7286	1
7287	1
7288	0
7289	1
7290	1
7291	2
7292	1
7293	0
7294	1
7295	0
7296	0
7297	1
7298	0
7299	0
7300	1
7301	1
7302	0
7303	0
7304	0
7305	0
7306	0
7307	2
7308	0
7309	0
7310	1
7311	1
7312	0
7313	0
7314	0
7315	0
7316	1
7317	1
7318	2
7319	0
7320	0
7321	1
7322	0
7323	0
7324	0
7325	0
7326	1
7327	0
7328	0
7329	0
7330	0
7331	1
7332	1
7333	1
7334	1
7335	2
7336	0
7337	1
7338	2
7339	0
7340	0
7341	2
7342	2
7343	2
7344	0
7345	0
7346	0
7347	0
7348	0
7349	1
7350	0
7351	0
7352	0
7353	1
7354	0
7355	2
7356	1
7357	0
7358	1
7359	2
7360	4
7361	0
7362	1
7363	1
7364	0
7365	0
7366	0
7367	1
7368	0
7369	1
7370	1
7371	1
7372	0
7373	1
7374	0
7375	0
7376	1
7377	0
7378	0
7379	0
7380	0
7381	0
7382	0
7383	2
7384	0
7385	0
7386	2
7387	0
7388	0
7389	1
7390	2
7391	1
7392	0
7393	0
7394	0
7395	0
7396	1
7397	1
7398	1
7399	0
7400	0
7401	0
7402	0
7403	0
7404	0
7405	0
7406	0
7407	0
7408	1
7409	1
7410	1
7411	0
7412	1
7413	0
7414	0
7415	1
7416	0
7417	0
7418	1
7419	0
7420	3
7421	0
7422	0
7423	0
7424	1
7425	0
7426	1
7427	0
7428	0
7429	1
7430	0
7431	0
7432	1
7433	0
7434	0
7435	1
7436	1
7437	0
7438	1
7439	1
7440	1
7441	1
7442	0
7443	0
7444	0
7445	2
7446	0
7447	1
7448	1
7449	0
7450	1
7451	0
7452	1
7453	0
7454	0
7455	0
7456	0
7457	1
7458	0
7459	0
7460	1
7461	0
7462	0
7463	0
7464	1
7465	1
7466	1
7467	1
7468	0
7469	2
7470	0
7471	0
7472	1
7473	1
7474	0
7475	0
7476	0
7477	1
7478	1
7479	1
7480	0
7481	3
7482	0
7483	0
7484	1
7485	1
7486	2
7487	0
7488	0
7489	0
7490	0
7491	0
7492	2
7493	0
7494	0
7495	1
7496	0
7497	1
7498	2
7499	1
7500	0
7501	1
7502	1
7503	1
7504	1
7505	0
7506	0
7507	1
7508	1
7509	0
7510	1
7511	1
7512	0
7513	0
7514	0
7515	0
7516	0
7517	0
7518	0
7519	0
7520	1
7521	0
7522	0
7523	0
7524	0
7525	0
7526	0
7527	0
7528	0
7529	0
7530	0
7531	1
7532	0
7533	1
7534	2
7535	2
7536	1
7537	2
7538	0
7539	2
7540	1
7541	1
7542	1
7543	0
7544	0
7545	0
7546	1
7547	1
7548	1
7549	2
7550	0
7551	0
7552	0
7553	0
7554	1
7555	0
7556	1
7557	2
7558	1
7559	1
7560	0
7561	0
7562	0
7563	1
7564	0
7565	0
7566	1
7567	1
7568	0
7569	1
7570	0
7571	1
7572	0
7573	0
7574	0
7575	1
7576	1
7577	0
7578	0
7579	0
7580	0
7581	1
7582	2
7583	1
7584	0
7585	0
7586	0
7587	0
7588	1
7589	1
7590	0
7591	1
7592	0
7593	1
7594	0
7595	1
7596	2
7597	0
7598	0
7599	0
7600	2
7601	0
7602	1
7603	1
7604	0
7605	0
7606	0
7607	1
7608	3
7609	0
7610	1
7611	0
7612	1
7613	0
7614	0
7615	1
7616	0
7617	0
7618	2
7619	1
7620	1
7621	0
7622	1
7623	1
7624	0
7625	1
7626	0
7627	1
7628	2
7629	1
7630	0
7631	0
7632	0
7633	1
7634	0
7635	3
7636	1
7637	0
7638	2
7639	0
7640	1
7641	1
7642	0
7643	0
7644	2
7645	2
7646	0
7647	0
7648	0
7649	1
7650	1
7651	0
7652	1
7653	0
7654	0
7655	0
7656	0
7657	1
7658	0
7659	0
7660	0
7661	0
7662	1
7663	0
7664	0
7665	1
7666	1
7667	1
7668	0
7669	0
7670	2
7671	1
7672	1
7673	1
7674	0
7675	0
7676	1
7677	1
7678	0
7679	2
7680	0
7681	2
7682	0
7683	0
7684	0
7685	0
7686	1
7687	0
7688	0
7689	0
7690	0
7691	1
7692	0
7693	0
7694	0
7695	1
7696	0
7697	0
7698	0
7699	0
7700	1
7701	0
7702	0
7703	0
7704	0
7705	1
7706	0
7707	1
7708	0
7709	0
7710	3
7711	1
7712	0
7713	0
7714	0
7715	0
7716	1
7717	0
7718	0
7719	1
7720	0
7721	1
7722	2
7723	1
7724	0
7725	0
7726	0
7727	0
7728	1
7729	1
7730	1
7731	1
7732	0
7733	0
7734	1
7735	0
7736	0
7737	0
7738	0
7739	0
7740	1
7741	0
7742	0
7743	0
7744	0
7745	1
7746	0
7747	0
7748	0
7749	1
7750	2
7751	0
7752	0
7753	0
7754	0
7755	2
7756	0
7757	0
7758	2
7759	0
7760	2
7761	0
7762	1
7763	0
7764	0
7765	1
7766	0
7767	0
7768	1
7769	1
7770	0
7771	0
7772	0
7773	1
7774	2
7775	2
7776	0
7777	0
7778	0
7779	0
7780	1
7781	1
7782	0
7783	1
7784	0
7785	0
7786	0
7787	0
7788	2
7789	2
7790	3
7791	0
7792	1
7793	1
7794	1
7795	0
7796	0
7797	0
7798	1
7799	0
7800	0
7801	0
7802	1
7803	0
7804	0
7805	2
7806	1
7807	0
7808	0
7809	0
7810	0
7811	0
7812	0
7813	0
7814	0
7815	0
7816	0
7817	1
7818	1
7819	0
7820	0
7821	1
7822	0
7823	0
7824	0
7825	1
7826	0
7827	0
7828	0
7829	2
7830	0
7831	1
7832	0
7833	0
7834	1
7835	1
7836	1
7837	1
7838	0
7839	0
7840	0
7841	1
7842	0
7843	3
7844	0
7845	0
7846	2
7847	0
7848	0
7849	1
7850	0
7851	1
7852	1
7853	1
7854	0
7855	0
7856	2
7857	1
7858	2
7859	0
7860	0
7861	1
7862	1
7863	1
7864	2
7865	3
7866	0
7867	0
7868	1
7869	1
7870	0
7871	1
7872	0
7873	0
7874	0
7875	0
7876	1
7877	0
7878	0
7879	0
7880	0
7881	0
7882	0
7883	1
7884	2
7885	1
7886	1
7887	0
7888	0
7889	0
7890	0
7891	1
7892	1
7893	0
7894	0
7895	1
7896	0
7897	0
7898	0
7899	0
7900	1
7901	1
7902	0
7903	0
7904	1
7905	0
7906	1
7907	3
7908	0
7909	0
7910	0
7911	0
7912	0
7913	2
7914	2
7915	0
7916	1
7917	0
7918	0
7919	0
7920	0
7921	2
7922	0
7923	0
7924	0
7925	0
7926	1
7927	0
7928	0
7929	0
7930	1
7931	1
7932	0
7933	0
7934	0
7935	0
7936	2
7937	0
7938	0
7939	0
7940	0
7941	1
7942	0
7943	0
7944	1
7945	0
7946	0
7947	0
7948	0
7949	0
7950	1
7951	1
7952	0
7953	0
7954	0
7955	0
7956	0
7957	0
7958	1
7959	0
7960	2
7961	0
7962	1
7963	2
7964	0
7965	0
7966	1
7967	0
7968	0
7969	0
7970	0
7971	0
7972	0
7973	0
7974	0
7975	0
7976	0
7977	0
7978	1
7979	0
7980	0
7981	0
7982	1
7983	0
7984	1
7985	1
7986	2
7987	1
7988	0
7989	1
7990	0
7991	1
7992	0
7993	0
7994	0
7995	0
7996	0
7997	1
7998	1
7999	0
8000	0
8001	0
8002	2
8003	0
8004	0
8005	0
8006	0
8007	0
8008	1
8009	0
8010	0
8011	0
8012	1
8013	2
8014	0
8015	0
8016	0
8017	1
8018	1
8019	0
8020	0
8021	1
8022	0
8023	1
8024	1
8025	0
8026	0
8027	0
8028	0
8029	0
8030	0
8031	1
8032	1
8033	0
8034	0
8035	1
8036	0
8037	0
8038	0
8039	0
8040	1
8041	0
8042	1
8043	0
8044	0
8045	0
8046	3
8047	0
8048	0
8049	2
8050	0
8051	2
8052	1
8053	0
8054	2
8055	0
8056	0
8057	0
8058	1
8059	0
8060	1
8061	1
8062	2
8063	0
8064	1
8065	0
8066	1
8067	0
8068	1
8069	1
8070	2
8071	0
8072	1
8073	0
8074	0
8075	0
8076	0
8077	1
8078	2
8079	1
8080	1
8081	0
8082	2
8083	0
8084	0
8085	0
8086	1
8087	0
8088	1
8089	2
8090	0
8091	0
8092	0
8093	0
8094	0
8095	0
8096	0
8097	0
8098	0
8099	0
8100	0
8101	0
8102	0
8103	0
8104	0
8105	0
8106	0
8107	0
8108	0
8109	0
8110	0
8111	0
8112	0
8113	0
8114	0
8115	0
8116	0
8117	0
8118	0
8119	0
8120	0
8121	0
8122	0
8123	0
8124	0
8125	0
8126	0
8127	0
8128	0
8129	0
8130	0
8131	0
8132	0
8133	0
8134	0
8135	0
8136	0
8137	0
8138	0
8139	0
8140	0
8141	0
8142	0
8143	0
8144	0
8145	0
8146	0
8147	0
8148	0
8149	0
8150	0
8151	0
8152	0
8153	0
8154	0
8155	0
8156	0
8157	0
8158	0
8159	0
8160	0
8161	0
8162	0
8163	0
8164	0
8165	0
8166	0
8167	0
8168	0
8169	0
8170	0
8171	0
8172	0
8173	0
8174	0
8175	0
8176	0
8177	0
8178	0
8179	0
8180	0
8181	0
8182	0
8183	0
8184	0
8185	0
8186	0
8187	0
8188	0
8189	0
8190	0
8191	0
