0	0
1	0
2	0
3	0
4	0
5	0
6	0
7	0
8	0
9	0
10	0
11	0
12	0
13	0
14	0
15	0
16	0
17	0
18	0
19	0
20	0
21	0
22	0
23	0
24	0
25	0
26	0
27	0
28	0
29	0
30	0
31	0
32	0
33	0
34	0
35	0
36	0
37	0
38	0
39	0
40	0
41	0
42	0
43	0
44	0
45	0
46	0
47	0
48	0
49	0
50	0
51	0
52	0
53	0
54	0
55	0
56	0
57	0
58	0
59	0
60	0
61	0
62	0
63	0
64	0
65	0
66	0
67	0
68	0
69	0
70	0
71	0
72	0
73	0
74	0
75	0
76	0
77	0
78	0
79	0
80	0
81	0
82	0
83	0
84	0
85	0
86	0
87	0
88	0
89	0
90	0
91	0
92	0
93	0
94	0
95	0
96	0
97	0
98	0
99	0
100	0
101	0
102	0
103	0
104	0
105	0
106	0
107	0
108	0
109	0
110	0
111	0
112	0
113	0
114	0
115	0
116	0
117	0
118	0
119	0
120	0
121	0
122	0
123	0
124	0
125	0
126	0
127	0
128	0
129	0
130	0
131	0
132	0
133	0
134	0
135	0
136	0
137	0
138	0
139	0
140	0
141	0
142	0
143	0
144	0
145	0
146	0
147	0
148	0
149	0
150	0
151	0
152	0
153	0
154	0
155	0
156	0
157	0
158	0
159	0
160	0
161	0
162	0
163	0
164	0
165	0
166	0
167	0
168	0
169	0
170	0
171	0
172	0
173	0
174	0
175	0
176	0
177	0
178	0
179	0
180	4
181	7
182	15
183	38
184	37
185	35
186	36
187	42
188	44
189	37
190	31
191	28
192	35
193	18
194	31
195	24
196	31
197	28
198	25
199	13
200	22
201	40
202	35
203	19
204	29
205	25
206	31
207	27
208	25
209	21
210	30
211	23
212	29
213	27
214	24
215	19
216	24
217	22
218	24
219	36
220	27
221	27
222	25
223	25
224	29
225	23
226	24
227	24
228	25
229	22
230	26
231	25
232	21
233	27
234	26
235	20
236	27
237	26
238	27
239	16
240	23
241	28
242	23
243	28
244	25
245	25
246	28
247	31
248	16
249	26
250	30
251	24
252	27
253	20
254	32
255	29
256	26
257	23
258	29
259	26
260	32
261	26
262	28
263	23
264	27
265	27
266	25
267	33
268	25
269	28
270	25
271	25
272	23
273	29
274	20
275	25
276	21
277	29
278	28
279	30
280	12
281	20
282	23
283	29
284	33
285	27
286	21
287	22
288	26
289	13
290	25
291	29
292	18
293	21
294	28
295	23
296	23
297	14
298	31
299	36
300	35
301	26
302	36
303	20
304	21
305	31
306	21
307	26
308	23
309	31
310	27
311	19
312	22
313	23
314	22
315	28
316	17
317	22
318	26
319	26
320	27
321	24
322	23
323	31
324	36
325	26
326	26
327	27
328	23
329	29
330	38
331	22
332	32
333	30
334	25
335	26
336	32
337	39
338	26
339	30
340	40
341	20
342	31
343	34
344	24
345	21
346	28
347	27
348	27
349	40
350	25
351	37
352	37
353	23
354	31
355	21
356	33
357	25
358	19
359	35
360	17
361	20
362	28
363	23
364	26
365	28
366	37
367	23
368	21
369	26
370	32
371	24
372	33
373	26
374	30
375	20
376	30
377	28
378	31
379	40
380	20
381	21
382	24
383	31
384	18
385	26
386	25
387	27
388	19
389	21
390	22
391	29
392	30
393	23
394	30
395	18
396	27
397	29
398	29
399	27
400	39
401	34
402	26
403	23
404	33
405	37
406	28
407	36
408	20
409	29
410	29
411	30
412	27
413	29
414	17
415	37
416	29
417	26
418	30
419	23
420	22
421	34
422	23
423	32
424	34
425	30
426	28
427	26
428	28
429	19
430	27
431	30
432	27
433	26
434	25
435	34
436	29
437	25
438	21
439	29
440	32
441	23
442	32
443	34
444	32
445	26
446	29
447	33
448	28
449	27
450	26
451	33
452	26
453	28
454	31
455	25
456	29
457	22
458	23
459	27
460	35
461	36
462	38
463	32
464	31
465	27
466	27
467	33
468	29
469	33
470	27
471	27
472	20
473	23
474	28
475	40
476	22
477	27
478	24
479	23
480	32
481	44
482	31
483	34
484	28
485	26
486	32
487	36
488	19
489	35
490	26
491	36
492	20
493	31
494	26
495	30
496	34
497	35
498	36
499	29
500	36
501	32
502	29
503	34
504	34
505	30
506	35
507	27
508	18
509	26
510	32
511	31
512	31
513	28
514	41
515	39
516	31
517	35
518	28
519	32
520	34
521	25
522	21
523	31
524	40
525	33
526	32
527	34
528	26
529	34
530	34
531	35
532	32
533	34
534	38
535	33
536	31
537	23
538	34
539	38
540	22
541	29
542	23
543	35
544	33
545	29
546	31
547	43
548	31
549	29
550	20
551	30
552	33
553	26
554	27
555	35
556	30
557	21
558	42
559	30
560	31
561	31
562	34
563	32
564	25
565	24
566	32
567	35
568	36
569	28
570	39
571	30
572	33
573	31
574	29
575	30
576	24
577	25
578	26
579	26
580	22
581	39
582	18
583	23
584	26
585	32
586	20
587	28
588	30
589	32
590	36
591	31
592	31
593	30
594	26
595	29
596	28
597	35
598	24
599	29
600	43
601	34
602	25
603	26
604	26
605	28
606	31
607	32
608	36
609	36
610	28
611	23
612	35
613	23
614	33
615	34
616	29
617	28
618	24
619	30
620	34
621	24
622	23
623	31
624	26
625	32
626	34
627	22
628	35
629	33
630	30
631	38
632	40
633	21
634	27
635	27
636	27
637	28
638	41
639	34
640	29
641	24
642	29
643	28
644	34
645	25
646	33
647	28
648	27
649	21
650	32
651	27
652	26
653	35
654	33
655	18
656	25
657	37
658	28
659	26
660	26
661	39
662	34
663	28
664	35
665	30
666	23
667	28
668	32
669	47
670	24
671	33
672	37
673	19
674	42
675	36
676	23
677	30
678	23
679	22
680	27
681	24
682	27
683	23
684	27
685	41
686	34
687	33
688	28
689	32
690	26
691	43
692	30
693	24
694	33
695	35
696	27
697	46
698	37
699	29
700	27
701	26
702	26
703	25
704	26
705	26
706	23
707	42
708	25
709	20
710	24
711	39
712	37
713	35
714	32
715	40
716	22
717	26
718	32
719	33
720	38
721	41
722	32
723	32
724	34
725	31
726	32
727	28
728	24
729	31
730	22
731	40
732	30
733	27
734	27
735	30
736	32
737	34
738	35
739	27
740	28
741	29
742	34
743	26
744	34
745	21
746	42
747	24
748	25
749	31
750	32
751	46
752	27
753	44
754	39
755	45
756	46
757	40
758	35
759	35
760	30
761	36
762	34
763	39
764	32
765	39
766	28
767	37
768	29
769	31
770	41
771	33
772	34
773	31
774	44
775	47
776	37
777	42
778	30
779	49
780	45
781	38
782	34
783	38
784	34
785	37
786	38
787	48
788	45
789	38
790	48
791	47
792	41
793	40
794	45
795	39
796	44
797	32
798	41
799	47
800	38
801	46
802	52
803	35
804	53
805	51
806	38
807	50
808	65
809	54
810	36
811	55
812	43
813	46
814	38
815	46
816	54
817	43
818	52
819	55
820	44
821	57
822	66
823	54
824	53
825	58
826	63
827	56
828	40
829	57
830	56
831	49
832	37
833	55
834	52
835	59
836	43
837	46
838	57
839	51
840	57
841	47
842	74
843	66
844	51
845	53
846	61
847	51
848	74
849	64
850	61
851	76
852	67
853	62
854	61
855	71
856	61
857	89
858	61
859	63
860	84
861	57
862	63
863	70
864	77
865	63
866	71
867	77
868	67
869	78
870	71
871	50
872	63
873	51
874	69
875	61
876	69
877	50
878	68
879	49
880	57
881	60
882	68
883	61
884	66
885	50
886	60
887	66
888	68
889	47
890	62
891	70
892	65
893	55
894	42
895	77
896	62
897	72
898	54
899	44
900	63
901	57
902	52
903	56
904	44
905	54
906	49
907	46
908	35
909	48
910	45
911	49
912	50
913	57
914	55
915	43
916	48
917	47
918	41
919	46
920	49
921	40
922	44
923	51
924	41
925	46
926	50
927	43
928	35
929	41
930	40
931	41
932	49
933	51
934	54
935	57
936	41
937	48
938	31
939	46
940	51
941	50
942	40
943	36
944	49
945	42
946	47
947	43
948	40
949	45
950	51
951	43
952	45
953	50
954	45
955	35
956	49
957	47
958	43
959	53
960	54
961	48
962	49
963	44
964	51
965	34
966	37
967	32
968	52
969	45
970	35
971	48
972	51
973	46
974	45
975	39
976	52
977	49
978	44
979	54
980	45
981	45
982	33
983	51
984	51
985	45
986	38
987	42
988	42
989	50
990	52
991	42
992	45
993	53
994	55
995	45
996	49
997	49
998	31
999	50
1000	48
1001	52
1002	44
1003	50
1004	41
1005	43
1006	48
1007	40
1008	39
1009	37
1010	40
1011	30
1012	46
1013	35
1014	36
1015	43
1016	50
1017	52
1018	48
1019	45
1020	45
1021	40
1022	32
1023	46
1024	44
1025	39
1026	35
1027	38
1028	50
1029	37
1030	44
1031	38
1032	38
1033	39
1034	35
1035	29
1036	45
1037	30
1038	34
1039	32
1040	37
1041	36
1042	39
1043	39
1044	45
1045	39
1046	38
1047	29
1048	34
1049	38
1050	51
1051	40
1052	43
1053	29
1054	47
1055	43
1056	30
1057	32
1058	39
1059	48
1060	34
1061	29
1062	34
1063	31
1064	29
1065	36
1066	30
1067	35
1068	36
1069	24
1070	32
1071	34
1072	44
1073	28
1074	36
1075	32
1076	35
1077	41
1078	36
1079	28
1080	42
1081	39
1082	39
1083	32
1084	35
1085	28
1086	24
1087	46
1088	47
1089	28
1090	31
1091	29
1092	34
1093	27
1094	31
1095	23
1096	28
1097	33
1098	42
1099	42
1100	34
1101	32
1102	44
1103	45
1104	29
1105	34
1106	35
1107	29
1108	26
1109	41
1110	46
1111	37
1112	31
1113	39
1114	35
1115	26
1116	28
1117	32
1118	30
1119	39
1120	28
1121	44
1122	38
1123	36
1124	34
1125	42
1126	31
1127	39
1128	48
1129	34
1130	41
1131	31
1132	31
1133	33
1134	34
1135	35
1136	34
1137	33
1138	33
1139	23
1140	31
1141	29
1142	43
1143	36
1144	22
1145	40
1146	47
1147	32
1148	39
1149	31
1150	38
1151	41
1152	43
1153	45
1154	29
1155	33
1156	40
1157	31
1158	36
1159	30
1160	42
1161	46
1162	45
1163	37
1164	39
1165	28
1166	40
1167	42
1168	34
1169	31
1170	43
1171	28
1172	41
1173	41
1174	36
1175	35
1176	41
1177	34
1178	35
1179	35
1180	43
1181	29
1182	39
1183	41
1184	39
1185	36
1186	36
1187	36
1188	47
1189	38
1190	43
1191	35
1192	38
1193	43
1194	35
1195	36
1196	36
1197	40
1198	27
1199	36
1200	37
1201	35
1202	37
1203	26
1204	36
1205	38
1206	37
1207	40
1208	42
1209	30
1210	38
1211	41
1212	44
1213	42
1214	32
1215	29
1216	34
1217	40
1218	41
1219	29
1220	30
1221	40
1222	42
1223	33
1224	32
1225	40
1226	33
1227	37
1228	33
1229	35
1230	44
1231	32
1232	43
1233	37
1234	53
1235	37
1236	36
1237	39
1238	40
1239	44
1240	41
1241	32
1242	37
1243	41
1244	37
1245	30
1246	52
1247	39
1248	39
1249	37
1250	47
1251	38
1252	33
1253	45
1254	49
1255	40
1256	44
1257	50
1258	38
1259	40
1260	34
1261	27
1262	37
1263	50
1264	37
1265	33
1266	60
1267	43
1268	49
1269	37
1270	37
1271	46
1272	51
1273	42
1274	51
1275	55
1276	42
1277	39
1278	44
1279	48
1280	38
1281	43
1282	32
1283	47
1284	36
1285	42
1286	31
1287	44
1288	38
1289	45
1290	50
1291	43
1292	49
1293	39
1294	46
1295	42
1296	51
1297	44
1298	42
1299	42
1300	44
1301	49
1302	51
1303	37
1304	52
1305	46
1306	34
1307	36
1308	50
1309	46
1310	39
1311	44
1312	42
1313	35
1314	46
1315	51
1316	48
1317	29
1318	37
1319	47
1320	50
1321	32
1322	46
1323	48
1324	46
1325	45
1326	44
1327	42
1328	46
1329	38
1330	46
1331	39
1332	56
1333	38
1334	47
1335	33
1336	41
1337	41
1338	48
1339	43
1340	41
1341	52
1342	61
1343	50
1344	33
1345	51
1346	36
1347	43
1348	46
1349	43
1350	42
1351	39
1352	35
1353	46
1354	39
1355	49
1356	41
1357	39
1358	49
1359	45
1360	36
1361	53
1362	49
1363	40
1364	42
1365	40
1366	47
1367	59
1368	46
1369	49
1370	47
1371	47
1372	48
1373	46
1374	46
1375	37
1376	53
1377	53
1378	43
1379	41
1380	50
1381	46
1382	48
1383	38
1384	40
1385	55
1386	41
1387	30
1388	47
1389	43
1390	54
1391	34
1392	55
1393	44
1394	47
1395	63
1396	52
1397	49
1398	59
1399	44
1400	48
1401	29
1402	50
1403	40
1404	47
1405	33
1406	39
1407	46
1408	41
1409	46
1410	49
1411	40
1412	57
1413	48
1414	48
1415	54
1416	50
1417	43
1418	43
1419	63
1420	40
1421	41
1422	38
1423	52
1424	47
1425	28
1426	61
1427	48
1428	55
1429	38
1430	50
1431	33
1432	60
1433	50
1434	50
1435	46
1436	52
1437	39
1438	39
1439	55
1440	51
1441	46
1442	50
1443	53
1444	42
1445	50
1446	54
1447	53
1448	45
1449	54
1450	59
1451	45
1452	53
1453	46
1454	59
1455	34
1456	48
1457	63
1458	53
1459	36
1460	47
1461	56
1462	50
1463	34
1464	55
1465	47
1466	51
1467	50
1468	40
1469	62
1470	50
1471	44
1472	45
1473	55
1474	42
1475	45
1476	53
1477	52
1478	48
1479	46
1480	47
1481	46
1482	47
1483	47
1484	48
1485	60
1486	52
1487	45
1488	49
1489	51
1490	50
1491	64
1492	46
1493	46
1494	50
1495	50
1496	41
1497	58
1498	42
1499	50
1500	44
1501	40
1502	48
1503	60
1504	52
1505	61
1506	50
1507	70
1508	44
1509	39
1510	53
1511	47
1512	45
1513	55
1514	59
1515	55
1516	71
1517	54
1518	54
1519	45
1520	65
1521	58
1522	51
1523	66
1524	50
1525	38
1526	44
1527	61
1528	49
1529	49
1530	48
1531	50
1532	47
1533	63
1534	51
1535	54
1536	53
1537	46
1538	59
1539	50
1540	46
1541	62
1542	54
1543	48
1544	56
1545	37
1546	48
1547	51
1548	72
1549	43
1550	56
1551	62
1552	48
1553	59
1554	52
1555	50
1556	61
1557	56
1558	67
1559	60
1560	48
1561	62
1562	39
1563	67
1564	40
1565	44
1566	41
1567	42
1568	58
1569	65
1570	66
1571	49
1572	54
1573	61
1574	46
1575	64
1576	48
1577	56
1578	55
1579	62
1580	44
1581	53
1582	55
1583	49
1584	47
1585	44
1586	59
1587	36
1588	47
1589	62
1590	51
1591	59
1592	54
1593	42
1594	60
1595	55
1596	45
1597	68
1598	56
1599	67
1600	52
1601	46
1602	49
1603	49
1604	68
1605	57
1606	60
1607	60
1608	48
1609	51
1610	52
1611	58
1612	50
1613	49
1614	68
1615	43
1616	57
1617	53
1618	48
1619	55
1620	54
1621	56
1622	49
1623	49
1624	56
1625	55
1626	73
1627	60
1628	55
1629	55
1630	47
1631	50
1632	54
1633	40
1634	53
1635	56
1636	46
1637	60
1638	45
1639	45
1640	54
1641	63
1642	55
1643	48
1644	46
1645	52
1646	58
1647	62
1648	59
1649	57
1650	56
1651	49
1652	51
1653	56
1654	48
1655	67
1656	49
1657	79
1658	58
1659	56
1660	52
1661	65
1662	57
1663	57
1664	48
1665	52
1666	58
1667	48
1668	66
1669	47
1670	53
1671	56
1672	67
1673	51
1674	55
1675	54
1676	53
1677	57
1678	54
1679	47
1680	52
1681	48
1682	38
1683	53
1684	60
1685	43
1686	56
1687	50
1688	48
1689	51
1690	48
1691	60
1692	66
1693	69
1694	57
1695	68
1696	71
1697	55
1698	60
1699	45
1700	63
1701	56
1702	60
1703	52
1704	54
1705	59
1706	58
1707	56
1708	51
1709	51
1710	64
1711	52
1712	52
1713	58
1714	70
1715	45
1716	53
1717	60
1718	48
1719	61
1720	44
1721	57
1722	53
1723	64
1724	38
1725	52
1726	43
1727	46
1728	57
1729	71
1730	60
1731	65
1732	77
1733	50
1734	57
1735	51
1736	59
1737	61
1738	57
1739	45
1740	55
1741	74
1742	59
1743	44
1744	63
1745	55
1746	56
1747	60
1748	55
1749	64
1750	61
1751	59
1752	60
1753	58
1754	56
1755	59
1756	53
1757	46
1758	64
1759	76
1760	55
1761	53
1762	65
1763	54
1764	54
1765	54
1766	44
1767	55
1768	56
1769	37
1770	57
1771	54
1772	53
1773	74
1774	59
1775	61
1776	63
1777	58
1778	59
1779	59
1780	58
1781	51
1782	66
1783	66
1784	55
1785	70
1786	62
1787	70
1788	67
1789	43
1790	49
1791	74
1792	68
1793	57
1794	62
1795	58
1796	50
1797	66
1798	70
1799	52
1800	61
1801	67
1802	61
1803	74
1804	63
1805	74
1806	55
1807	50
1808	54
1809	54
1810	56
1811	54
1812	54
1813	45
1814	59
1815	59
1816	64
1817	61
1818	63
1819	63
1820	53
1821	63
1822	55
1823	74
1824	67
1825	70
1826	58
1827	46
1828	74
1829	60
1830	58
1831	58
1832	57
1833	67
1834	68
1835	63
1836	72
1837	61
1838	55
1839	54
1840	61
1841	69
1842	63
1843	50
1844	49
1845	71
1846	63
1847	77
1848	77
1849	60
1850	57
1851	49
1852	71
1853	72
1854	75
1855	75
1856	69
1857	59
1858	54
1859	62
1860	66
1861	65
1862	65
1863	59
1864	66
1865	72
1866	71
1867	66
1868	72
1869	57
1870	57
1871	69
1872	54
1873	70
1874	58
1875	52
1876	71
1877	63
1878	57
1879	55
1880	62
1881	59
1882	59
1883	54
1884	56
1885	60
1886	55
1887	71
1888	66
1889	66
1890	55
1891	75
1892	57
1893	68
1894	62
1895	66
1896	65
1897	72
1898	51
1899	72
1900	64
1901	65
1902	65
1903	58
1904	77
1905	64
1906	65
1907	68
1908	64
1909	57
1910	62
1911	63
1912	66
1913	44
1914	58
1915	74
1916	64
1917	63
1918	70
1919	61
1920	54
1921	59
1922	64
1923	70
1924	62
1925	46
1926	73
1927	65
1928	57
1929	61
1930	75
1931	61
1932	74
1933	50
1934	61
1935	60
1936	65
1937	68
1938	59
1939	73
1940	50
1941	63
1942	56
1943	56
1944	68
1945	68
1946	67
1947	70
1948	66
1949	63
1950	77
1951	48
1952	52
1953	67
1954	71
1955	59
1956	51
1957	57
1958	59
1959	50
1960	72
1961	61
1962	69
1963	59
1964	68
1965	60
1966	62
1967	70
1968	55
1969	67
1970	67
1971	53
1972	68
1973	62
1974	60
1975	73
1976	60
1977	71
1978	71
1979	51
1980	65
1981	84
1982	63
1983	46
1984	65
1985	65
1986	60
1987	74
1988	68
1989	61
1990	51
1991	64
1992	62
1993	69
1994	52
1995	73
1996	80
1997	63
1998	72
1999	66
2000	60
2001	59
2002	50
2003	59
2004	63
2005	81
2006	55
2007	72
2008	70
2009	67
2010	61
2011	69
2012	61
2013	56
2014	57
2015	69
2016	67
2017	71
2018	53
2019	64
2020	57
2021	77
2022	53
2023	71
2024	65
2025	73
2026	69
2027	52
2028	53
2029	72
2030	79
2031	58
2032	61
2033	65
2034	57
2035	62
2036	69
2037	84
2038	58
2039	61
2040	70
2041	59
2042	51
2043	58
2044	64
2045	58
2046	66
2047	58
2048	60
2049	69
2050	72
2051	60
2052	69
2053	54
2054	64
2055	58
2056	62
2057	64
2058	65
2059	60
2060	65
2061	63
2062	72
2063	63
2064	72
2065	58
2066	60
2067	64
2068	66
2069	69
2070	60
2071	68
2072	64
2073	57
2074	58
2075	74
2076	59
2077	74
2078	51
2079	59
2080	48
2081	51
2082	57
2083	68
2084	69
2085	66
2086	72
2087	84
2088	80
2089	68
2090	57
2091	56
2092	68
2093	64
2094	62
2095	54
2096	50
2097	57
2098	85
2099	75
2100	59
2101	70
2102	58
2103	63
2104	56
2105	66
2106	74
2107	75
2108	61
2109	67
2110	76
2111	71
2112	68
2113	78
2114	59
2115	59
2116	77
2117	64
2118	71
2119	76
2120	62
2121	63
2122	72
2123	69
2124	65
2125	58
2126	61
2127	58
2128	65
2129	71
2130	79
2131	65
2132	63
2133	72
2134	57
2135	63
2136	63
2137	58
2138	82
2139	61
2140	61
2141	68
2142	70
2143	58
2144	76
2145	65
2146	63
2147	77
2148	65
2149	68
2150	57
2151	74
2152	55
2153	64
2154	65
2155	86
2156	55
2157	60
2158	66
2159	68
2160	68
2161	68
2162	61
2163	56
2164	69
2165	73
2166	65
2167	65
2168	63
2169	61
2170	56
2171	59
2172	58
2173	61
2174	54
2175	69
2176	60
2177	50
2178	71
2179	75
2180	70
2181	72
2182	82
2183	63
2184	66
2185	69
2186	74
2187	59
2188	69
2189	79
2190	62
2191	73
2192	64
2193	66
2194	58
2195	76
2196	62
2197	58
2198	58
2199	62
2200	46
2201	67
2202	50
2203	71
2204	87
2205	77
2206	59
2207	64
2208	55
2209	67
2210	74
2211	61
2212	67
2213	79
2214	58
2215	65
2216	63
2217	63
2218	73
2219	78
2220	64
2221	69
2222	77
2223	64
2224	69
2225	66
2226	80
2227	74
2228	61
2229	75
2230	70
2231	72
2232	51
2233	78
2234	69
2235	67
2236	48
2237	68
2238	74
2239	69
2240	70
2241	51
2242	64
2243	62
2244	57
2245	77
2246	72
2247	75
2248	63
2249	76
2250	63
2251	64
2252	66
2253	56
2254	57
2255	45
2256	76
2257	63
2258	62
2259	47
2260	66
2261	72
2262	58
2263	67
2264	72
2265	70
2266	65
2267	70
2268	65
2269	67
2270	67
2271	70
2272	46
2273	71
2274	62
2275	61
2276	74
2277	53
2278	51
2279	57
2280	57
2281	67
2282	68
2283	64
2284	70
2285	74
2286	59
2287	63
2288	61
2289	68
2290	57
2291	72
2292	59
2293	68
2294	52
2295	65
2296	46
2297	66
2298	59
2299	71
2300	56
2301	51
2302	55
2303	44
2304	65
2305	70
2306	56
2307	64
2308	69
2309	57
2310	61
2311	74
2312	65
2313	64
2314	73
2315	65
2316	70
2317	54
2318	53
2319	57
2320	72
2321	63
2322	53
2323	69
2324	69
2325	65
2326	69
2327	61
2328	63
2329	59
2330	63
2331	61
2332	59
2333	69
2334	50
2335	64
2336	68
2337	49
2338	65
2339	54
2340	65
2341	74
2342	66
2343	62
2344	53
2345	60
2346	52
2347	59
2348	57
2349	53
2350	66
2351	65
2352	64
2353	61
2354	69
2355	57
2356	36
2357	56
2358	58
2359	53
2360	58
2361	70
2362	57
2363	60
2364	60
2365	57
2366	59
2367	73
2368	69
2369	60
2370	53
2371	58
2372	71
2373	50
2374	60
2375	61
2376	54
2377	63
2378	55
2379	63
2380	48
2381	65
2382	59
2383	62
2384	48
2385	68
2386	50
2387	69
2388	58
2389	65
2390	64
2391	47
2392	51
2393	56
2394	69
2395	51
2396	67
2397	56
2398	65
2399	73
2400	48
2401	59
2402	66
2403	61
2404	61
2405	45
2406	51
2407	50
2408	48
2409	50
2410	55
2411	59
2412	53
2413	49
2414	58
2415	60
2416	49
2417	63
2418	42
2419	64
2420	63
2421	65
2422	53
2423	50
2424	52
2425	59
2426	57
2427	54
2428	56
2429	64
2430	57
2431	49
2432	50
2433	65
2434	56
2435	58
2436	58
2437	66
2438	50
2439	57
2440	56
2441	42
2442	47
2443	46
2444	59
2445	60
2446	64
2447	56
2448	52
2449	51
2450	58
2451	51
2452	62
2453	45
2454	77
2455	60
2456	69
2457	49
2458	57
2459	56
2460	61
2461	58
2462	43
2463	48
2464	56
2465	56
2466	41
2467	60
2468	55
2469	57
2470	43
2471	48
2472	64
2473	51
2474	44
2475	45
2476	58
2477	44
2478	48
2479	43
2480	51
2481	61
2482	52
2483	63
2484	38
2485	53
2486	45
2487	46
2488	46
2489	55
2490	53
2491	45
2492	51
2493	51
2494	56
2495	55
2496	49
2497	62
2498	46
2499	54
2500	54
2501	57
2502	50
2503	52
2504	45
2505	54
2506	56
2507	68
2508	47
2509	68
2510	58
2511	59
2512	54
2513	54
2514	58
2515	57
2516	56
2517	56
2518	61
2519	48
2520	48
2521	55
2522	45
2523	46
2524	57
2525	49
2526	65
2527	47
2528	54
2529	62
2530	66
2531	50
2532	57
2533	49
2534	44
2535	54
2536	57
2537	50
2538	47
2539	53
2540	64
2541	49
2542	63
2543	61
2544	45
2545	49
2546	56
2547	61
2548	40
2549	39
2550	44
2551	52
2552	44
2553	57
2554	59
2555	39
2556	50
2557	60
2558	57
2559	39
2560	44
2561	48
2562	55
2563	52
2564	62
2565	53
2566	46
2567	63
2568	55
2569	49
2570	54
2571	45
2572	47
2573	60
2574	46
2575	58
2576	72
2577	43
2578	67
2579	49
2580	61
2581	38
2582	47
2583	55
2584	38
2585	63
2586	51
2587	58
2588	47
2589	42
2590	56
2591	52
2592	58
2593	46
2594	48
2595	40
2596	48
2597	45
2598	50
2599	57
2600	48
2601	52
2602	46
2603	53
2604	53
2605	55
2606	50
2607	46
2608	59
2609	52
2610	49
2611	43
2612	59
2613	52
2614	60
2615	38
2616	50
2617	45
2618	50
2619	51
2620	40
2621	45
2622	44
2623	51
2624	49
2625	42
2626	68
2627	45
2628	48
2629	55
2630	53
2631	57
2632	52
2633	48
2634	47
2635	54
2636	49
2637	51
2638	45
2639	51
2640	61
2641	56
2642	38
2643	42
2644	49
2645	48
2646	62
2647	48
2648	49
2649	52
2650	52
2651	56
2652	52
2653	44
2654	64
2655	54
2656	45
2657	52
2658	56
2659	43
2660	45
2661	62
2662	41
2663	41
2664	55
2665	49
2666	47
2667	52
2668	55
2669	39
2670	49
2671	54
2672	38
2673	53
2674	48
2675	51
2676	46
2677	52
2678	56
2679	46
2680	44
2681	43
2682	41
2683	44
2684	45
2685	33
2686	50
2687	41
2688	54
2689	47
2690	55
2691	45
2692	44
2693	41
2694	40
2695	42
2696	51
2697	57
2698	53
2699	37
2700	56
2701	43
2702	52
2703	35
2704	65
2705	58
2706	45
2707	46
2708	54
2709	44
2710	55
2711	53
2712	51
2713	50
2714	57
2715	53
2716	50
2717	45
2718	40
2719	40
2720	57
2721	47
2722	40
2723	53
2724	44
2725	41
2726	53
2727	42
2728	49
2729	41
2730	51
2731	46
2732	49
2733	42
2734	51
2735	44
2736	48
2737	52
2738	55
2739	38
2740	54
2741	59
2742	50
2743	45
2744	37
2745	47
2746	47
2747	45
2748	42
2749	44
2750	43
2751	50
2752	42
2753	40
2754	47
2755	48
2756	48
2757	57
2758	41
2759	44
2760	41
2761	50
2762	48
2763	50
2764	48
2765	40
2766	48
2767	50
2768	56
2769	66
2770	35
2771	53
2772	52
2773	41
2774	40
2775	51
2776	40
2777	52
2778	41
2779	51
2780	39
2781	53
2782	60
2783	43
2784	54
2785	41
2786	55
2787	46
2788	39
2789	51
2790	52
2791	40
2792	51
2793	51
2794	52
2795	39
2796	35
2797	46
2798	46
2799	54
2800	44
2801	47
2802	46
2803	42
2804	43
2805	49
2806	32
2807	53
2808	42
2809	50
2810	45
2811	46
2812	47
2813	43
2814	52
2815	37
2816	48
2817	39
2818	37
2819	42
2820	33
2821	44
2822	46
2823	57
2824	50
2825	40
2826	40
2827	50
2828	46
2829	35
2830	38
2831	57
2832	50
2833	52
2834	49
2835	49
2836	42
2837	46
2838	44
2839	57
2840	43
2841	54
2842	56
2843	47
2844	39
2845	42
2846	42
2847	46
2848	47
2849	53
2850	54
2851	50
2852	43
2853	42
2854	36
2855	50
2856	38
2857	38
2858	39
2859	52
2860	43
2861	40
2862	49
2863	37
2864	46
2865	55
2866	43
2867	53
2868	42
2869	54
2870	41
2871	36
2872	45
2873	40
2874	45
2875	43
2876	40
2877	47
2878	34
2879	37
2880	49
2881	45
2882	37
2883	44
2884	27
2885	55
2886	46
2887	39
2888	42
2889	29
2890	52
2891	37
2892	45
2893	43
2894	51
2895	50
2896	54
2897	52
2898	39
2899	38
2900	43
2901	45
2902	46
2903	32
2904	43
2905	40
2906	46
2907	46
2908	36
2909	52
2910	52
2911	40
2912	38
2913	41
2914	33
2915	43
2916	36
2917	48
2918	50
2919	46
2920	46
2921	49
2922	44
2923	45
2924	33
2925	45
2926	41
2927	52
2928	52
2929	49
2930	46
2931	29
2932	51
2933	30
2934	40
2935	49
2936	48
2937	55
2938	47
2939	52
2940	34
2941	34
2942	38
2943	49
2944	46
2945	52
2946	45
2947	49
2948	53
2949	36
2950	66
2951	40
2952	38
2953	38
2954	49
2955	48
2956	29
2957	48
2958	48
2959	36
2960	57
2961	50
2962	51
2963	38
2964	41
2965	40
2966	46
2967	35
2968	43
2969	31
2970	53
2971	47
2972	54
2973	43
2974	37
2975	51
2976	39
2977	48
2978	46
2979	60
2980	48
2981	46
2982	30
2983	51
2984	46
2985	54
2986	36
2987	53
2988	41
2989	51
2990	37
2991	51
2992	61
2993	48
2994	47
2995	47
2996	50
2997	48
2998	27
2999	43
3000	45
3001	42
3002	39
3003	36
3004	60
3005	39
3006	42
3007	40
3008	34
3009	51
3010	46
3011	39
3012	45
3013	42
3014	38
3015	47
3016	45
3017	47
3018	40
3019	45
3020	45
3021	40
3022	39
3023	54
3024	37
3025	48
3026	43
3027	42
3028	43
3029	36
3030	44
3031	47
3032	47
3033	41
3034	53
3035	46
3036	42
3037	44
3038	30
3039	54
3040	31
3041	39
3042	44
3043	41
3044	41
3045	41
3046	43
3047	36
3048	34
3049	40
3050	45
3051	40
3052	37
3053	44
3054	36
3055	44
3056	48
3057	36
3058	46
3059	40
3060	44
3061	39
3062	40
3063	33
3064	41
3065	35
3066	49
3067	48
3068	45
3069	42
3070	43
3071	40
3072	41
3073	39
3074	47
3075	38
3076	41
3077	47
3078	39
3079	44
3080	40
3081	42
3082	53
3083	42
3084	51
3085	42
3086	56
3087	42
3088	34
3089	54
3090	41
3091	40
3092	51
3093	48
3094	38
3095	38
3096	41
3097	34
3098	47
3099	34
3100	43
3101	49
3102	45
3103	44
3104	36
3105	47
3106	38
3107	41
3108	40
3109	48
3110	53
3111	32
3112	45
3113	45
3114	57
3115	47
3116	39
3117	46
3118	35
3119	34
3120	40
3121	23
3122	41
3123	40
3124	41
3125	39
3126	40
3127	31
3128	37
3129	37
3130	39
3131	47
3132	38
3133	47
3134	43
3135	32
3136	47
3137	33
3138	51
3139	37
3140	24
3141	35
3142	47
3143	52
3144	41
3145	47
3146	37
3147	40
3148	34
3149	35
3150	41
3151	40
3152	37
3153	33
3154	43
3155	45
3156	36
3157	36
3158	33
3159	44
3160	46
3161	43
3162	41
3163	37
3164	40
3165	43
3166	40
3167	31
3168	46
3169	44
3170	50
3171	44
3172	45
3173	37
3174	49
3175	46
3176	42
3177	40
3178	38
3179	39
3180	50
3181	43
3182	53
3183	39
3184	39
3185	39
3186	53
3187	38
3188	40
3189	36
3190	37
3191	46
3192	35
3193	45
3194	25
3195	36
3196	39
3197	43
3198	40
3199	41
3200	38
3201	31
3202	38
3203	30
3204	39
3205	36
3206	34
3207	33
3208	42
3209	45
3210	41
3211	39
3212	39
3213	41
3214	36
3215	38
3216	35
3217	44
3218	35
3219	37
3220	45
3221	39
3222	40
3223	28
3224	38
3225	43
3226	43
3227	42
3228	35
3229	32
3230	37
3231	36
3232	25
3233	40
3234	46
3235	29
3236	40
3237	48
3238	41
3239	31
3240	39
3241	42
3242	29
3243	38
3244	37
3245	32
3246	45
3247	30
3248	45
3249	47
3250	35
3251	33
3252	31
3253	41
3254	47
3255	46
3256	33
3257	40
3258	35
3259	40
3260	42
3261	38
3262	38
3263	34
3264	43
3265	42
3266	39
3267	38
3268	36
3269	41
3270	24
3271	34
3272	41
3273	34
3274	32
3275	41
3276	36
3277	35
3278	31
3279	42
3280	43
3281	39
3282	44
3283	42
3284	40
3285	38
3286	44
3287	33
3288	37
3289	43
3290	37
3291	35
3292	40
3293	40
3294	30
3295	40
3296	34
3297	38
3298	29
3299	44
3300	41
3301	37
3302	34
3303	28
3304	34
3305	29
3306	32
3307	27
3308	50
3309	47
3310	41
3311	46
3312	33
3313	26
3314	52
3315	46
3316	36
3317	37
3318	37
3319	32
3320	48
3321	46
3322	40
3323	38
3324	38
3325	36
3326	36
3327	33
3328	42
3329	30
3330	37
3331	39
3332	42
3333	35
3334	40
3335	31
3336	46
3337	28
3338	38
3339	46
3340	35
3341	38
3342	34
3343	34
3344	40
3345	43
3346	34
3347	30
3348	33
3349	39
3350	35
3351	30
3352	44
3353	27
3354	35
3355	34
3356	36
3357	33
3358	40
3359	42
3360	36
3361	34
3362	31
3363	34
3364	42
3365	30
3366	25
3367	38
3368	34
3369	48
3370	29
3371	34
3372	47
3373	36
3374	38
3375	29
3376	28
3377	35
3378	33
3379	39
3380	42
3381	29
3382	35
3383	40
3384	40
3385	40
3386	39
3387	37
3388	40
3389	28
3390	39
3391	33
3392	32
3393	31
3394	41
3395	37
3396	43
3397	29
3398	37
3399	32
3400	38
3401	39
3402	21
3403	37
3404	35
3405	39
3406	38
3407	33
3408	38
3409	34
3410	38
3411	39
3412	34
3413	36
3414	39
3415	33
3416	44
3417	37
3418	36
3419	45
3420	35
3421	32
3422	41
3423	42
3424	37
3425	35
3426	38
3427	32
3428	32
3429	26
3430	30
3431	42
3432	40
3433	38
3434	29
3435	30
3436	36
3437	40
3438	39
3439	33
3440	25
3441	34
3442	36
3443	40
3444	34
3445	41
3446	40
3447	36
3448	42
3449	30
3450	40
3451	34
3452	38
3453	29
3454	33
3455	38
3456	40
3457	38
3458	41
3459	33
3460	30
3461	16
3462	34
3463	38
3464	33
3465	35
3466	32
3467	35
3468	39
3469	39
3470	28
3471	36
3472	31
3473	32
3474	34
3475	41
3476	41
3477	39
3478	39
3479	33
3480	39
3481	38
3482	31
3483	27
3484	43
3485	36
3486	35
3487	27
3488	38
3489	41
3490	45
3491	32
3492	45
3493	39
3494	38
3495	35
3496	33
3497	27
3498	22
3499	44
3500	23
3501	31
3502	36
3503	35
3504	37
3505	47
3506	37
3507	33
3508	38
3509	44
3510	29
3511	31
3512	36
3513	41
3514	38
3515	39
3516	51
3517	51
3518	37
3519	30
3520	30
3521	40
3522	45
3523	31
3524	42
3525	36
3526	32
3527	24
3528	47
3529	31
3530	44
3531	29
3532	27
3533	31
3534	35
3535	36
3536	31
3537	39
3538	35
3539	27
3540	34
3541	31
3542	38
3543	38
3544	26
3545	41
3546	33
3547	35
3548	35
3549	38
3550	29
3551	41
3552	32
3553	20
3554	36
3555	23
3556	27
3557	33
3558	28
3559	27
3560	29
3561	32
3562	27
3563	28
3564	37
3565	34
3566	43
3567	35
3568	35
3569	34
3570	32
3571	39
3572	39
3573	42
3574	38
3575	38
3576	35
3577	36
3578	33
3579	44
3580	40
3581	45
3582	33
3583	35
3584	32
3585	30
3586	32
3587	34
3588	45
3589	33
3590	32
3591	36
3592	30
3593	28
3594	25
3595	43
3596	27
3597	36
3598	49
3599	41
3600	39
3601	26
3602	27
3603	40
3604	33
3605	33
3606	49
3607	28
3608	45
3609	37
3610	26
3611	35
3612	36
3613	23
3614	38
3615	43
3616	34
3617	46
3618	31
3619	33
3620	31
3621	38
3622	27
3623	29
3624	34
3625	35
3626	36
3627	25
3628	27
3629	34
3630	41
3631	34
3632	24
3633	25
3634	34
3635	40
3636	50
3637	49
3638	39
3639	39
3640	42
3641	40
3642	43
3643	37
3644	37
3645	36
3646	33
3647	34
3648	33
3649	32
3650	37
3651	33
3652	27
3653	29
3654	31
3655	28
3656	46
3657	30
3658	38
3659	27
3660	35
3661	30
3662	42
3663	36
3664	26
3665	26
3666	31
3667	36
3668	29
3669	37
3670	46
3671	38
3672	37
3673	26
3674	41
3675	38
3676	32
3677	34
3678	30
3679	32
3680	53
3681	32
3682	29
3683	36
3684	36
3685	31
3686	39
3687	31
3688	41
3689	36
3690	42
3691	42
3692	39
3693	33
3694	31
3695	34
3696	27
3697	41
3698	42
3699	34
3700	34
3701	27
3702	31
3703	37
3704	34
3705	41
3706	33
3707	35
3708	25
3709	34
3710	43
3711	34
3712	35
3713	29
3714	36
3715	37
3716	27
3717	34
3718	29
3719	29
3720	30
3721	33
3722	33
3723	42
3724	36
3725	32
3726	37
3727	36
3728	43
3729	35
3730	38
3731	36
3732	44
3733	31
3734	20
3735	31
3736	39
3737	28
3738	32
3739	36
3740	46
3741	47
3742	35
3743	38
3744	30
3745	30
3746	36
3747	30
3748	48
3749	35
3750	24
3751	39
3752	23
3753	27
3754	22
3755	34
3756	40
3757	33
3758	33
3759	44
3760	42
3761	33
3762	26
3763	25
3764	36
3765	38
3766	27
3767	38
3768	37
3769	31
3770	40
3771	43
3772	40
3773	36
3774	39
3775	33
3776	34
3777	21
3778	40
3779	37
3780	34
3781	26
3782	38
3783	31
3784	32
3785	31
3786	37
3787	28
3788	32
3789	31
3790	31
3791	24
3792	39
3793	34
3794	36
3795	35
3796	29
3797	34
3798	36
3799	33
3800	32
3801	44
3802	29
3803	33
3804	33
3805	45
3806	38
3807	43
3808	33
3809	30
3810	32
3811	42
3812	34
3813	37
3814	21
3815	34
3816	36
3817	36
3818	24
3819	27
3820	32
3821	43
3822	37
3823	36
3824	43
3825	39
3826	26
3827	39
3828	42
3829	26
3830	41
3831	31
3832	37
3833	28
3834	31
3835	34
3836	35
3837	37
3838	27
3839	30
3840	31
3841	29
3842	27
3843	42
3844	35
3845	36
3846	30
3847	27
3848	37
3849	36
3850	36
3851	34
3852	29
3853	39
3854	40
3855	43
3856	38
3857	33
3858	32
3859	21
3860	27
3861	42
3862	41
3863	39
3864	45
3865	33
3866	27
3867	38
3868	34
3869	35
3870	30
3871	31
3872	36
3873	35
3874	26
3875	28
3876	27
3877	24
3878	34
3879	45
3880	42
3881	38
3882	36
3883	35
3884	25
3885	32
3886	27
3887	35
3888	22
3889	42
3890	34
3891	29
3892	41
3893	30
3894	23
3895	36
3896	28
3897	36
3898	36
3899	33
3900	38
3901	39
3902	35
3903	33
3904	36
3905	26
3906	40
3907	36
3908	26
3909	36
3910	25
3911	32
3912	41
3913	38
3914	26
3915	43
3916	26
3917	36
3918	31
3919	35
3920	31
3921	35
3922	40
3923	30
3924	37
3925	41
3926	36
3927	40
3928	25
3929	27
3930	35
3931	35
3932	42
3933	30
3934	32
3935	26
3936	34
3937	34
3938	28
3939	33
3940	33
3941	31
3942	30
3943	28
3944	39
3945	33
3946	38
3947	28
3948	40
3949	29
3950	32
3951	26
3952	35
3953	39
3954	27
3955	34
3956	38
3957	32
3958	45
3959	35
3960	41
3961	32
3962	28
3963	36
3964	19
3965	37
3966	31
3967	43
3968	33
3969	38
3970	35
3971	29
3972	39
3973	32
3974	39
3975	40
3976	26
3977	34
3978	32
3979	25
3980	32
3981	31
3982	28
3983	40
3984	27
3985	34
3986	44
3987	31
3988	37
3989	24
3990	41
3991	27
3992	35
3993	34
3994	35
3995	35
3996	21
3997	36
3998	38
3999	24
4000	23
4001	21
4002	28
4003	43
4004	37
4005	39
4006	30
4007	25
4008	35
4009	34
4010	39
4011	39
4012	32
4013	49
4014	27
4015	39
4016	34
4017	39
4018	29
4019	40
4020	34
4021	38
4022	31
4023	40
4024	39
4025	26
4026	30
4027	31
4028	43
4029	37
4030	39
4031	38
4032	35
4033	35
4034	27
4035	29
4036	42
4037	42
4038	26
4039	37
4040	49
4041	39
4042	36
4043	37
4044	38
4045	32
4046	36
4047	38
4048	34
4049	42
4050	37
4051	31
4052	46
4053	32
4054	52
4055	39
4056	35
4057	28
4058	29
4059	35
4060	32
4061	26
4062	34
4063	40
4064	40
4065	36
4066	37
4067	34
4068	43
4069	43
4070	42
4071	42
4072	24
4073	42
4074	45
4075	40
4076	54
4077	32
4078	39
4079	46
4080	45
4081	41
4082	32
4083	34
4084	43
4085	32
4086	44
4087	40
4088	36
4089	25
4090	43
4091	45
4092	36
4093	39
4094	51
4095	49
4096	42
4097	34
4098	34
4099	43
4100	38
4101	50
4102	32
4103	39
4104	36
4105	31
4106	32
4107	44
4108	32
4109	28
4110	50
4111	37
4112	43
4113	44
4114	40
4115	35
4116	33
4117	31
4118	44
4119	39
4120	44
4121	35
4122	58
4123	32
4124	25
4125	36
4126	31
4127	32
4128	41
4129	32
4130	45
4131	30
4132	33
4133	34
4134	49
4135	43
4136	46
4137	52
4138	31
4139	44
4140	29
4141	45
4142	40
4143	50
4144	38
4145	29
4146	37
4147	37
4148	42
4149	43
4150	41
4151	39
4152	31
4153	49
4154	46
4155	45
4156	36
4157	38
4158	47
4159	39
4160	41
4161	30
4162	44
4163	52
4164	37
4165	51
4166	39
4167	37
4168	52
4169	37
4170	54
4171	43
4172	42
4173	47
4174	39
4175	43
4176	37
4177	33
4178	42
4179	37
4180	50
4181	49
4182	41
4183	39
4184	43
4185	37
4186	34
4187	43
4188	38
4189	44
4190	48
4191	51
4192	51
4193	35
4194	37
4195	35
4196	43
4197	31
4198	42
4199	48
4200	51
4201	48
4202	34
4203	49
4204	44
4205	55
4206	41
4207	36
4208	37
4209	54
4210	54
4211	53
4212	46
4213	44
4214	35
4215	50
4216	33
4217	38
4218	42
4219	30
4220	52
4221	44
4222	52
4223	37
4224	48
4225	59
4226	34
4227	46
4228	34
4229	44
4230	45
4231	49
4232	38
4233	41
4234	51
4235	42
4236	44
4237	49
4238	43
4239	48
4240	33
4241	53
4242	41
4243	40
4244	40
4245	31
4246	46
4247	47
4248	45
4249	45
4250	48
4251	51
4252	33
4253	43
4254	51
4255	40
4256	46
4257	53
4258	43
4259	41
4260	46
4261	35
4262	39
4263	39
4264	52
4265	56
4266	53
4267	39
4268	44
4269	40
4270	47
4271	39
4272	36
4273	36
4274	48
4275	44
4276	41
4277	55
4278	46
4279	39
4280	59
4281	45
4282	30
4283	48
4284	44
4285	46
4286	42
4287	33
4288	40
4289	40
4290	39
4291	49
4292	43
4293	52
4294	38
4295	42
4296	47
4297	49
4298	46
4299	42
4300	44
4301	41
4302	39
4303	32
4304	49
4305	57
4306	42
4307	47
4308	51
4309	51
4310	44
4311	48
4312	27
4313	45
4314	34
4315	44
4316	48
4317	33
4318	47
4319	45
4320	40
4321	49
4322	42
4323	42
4324	28
4325	47
4326	48
4327	58
4328	66
4329	46
4330	51
4331	57
4332	41
4333	47
4334	42
4335	55
4336	50
4337	41
4338	51
4339	37
4340	36
4341	54
4342	44
4343	40
4344	40
4345	46
4346	59
4347	40
4348	43
4349	51
4350	36
4351	54
4352	54
4353	59
4354	46
4355	61
4356	59
4357	50
4358	37
4359	43
4360	62
4361	56
4362	45
4363	44
4364	61
4365	41
4366	40
4367	42
4368	41
4369	48
4370	47
4371	58
4372	46
4373	38
4374	36
4375	36
4376	63
4377	42
4378	45
4379	49
4380	52
4381	52
4382	46
4383	47
4384	45
4385	49
4386	47
4387	64
4388	44
4389	40
4390	51
4391	44
4392	43
4393	61
4394	50
4395	49
4396	51
4397	42
4398	48
4399	55
4400	38
4401	47
4402	57
4403	40
4404	45
4405	38
4406	31
4407	68
4408	56
4409	48
4410	59
4411	52
4412	50
4413	49
4414	58
4415	45
4416	40
4417	54
4418	42
4419	53
4420	48
4421	62
4422	47
4423	60
4424	58
4425	47
4426	56
4427	51
4428	55
4429	48
4430	62
4431	63
4432	58
4433	42
4434	47
4435	55
4436	54
4437	46
4438	48
4439	47
4440	39
4441	55
4442	59
4443	55
4444	60
4445	49
4446	52
4447	50
4448	53
4449	43
4450	57
4451	53
4452	52
4453	61
4454	56
4455	46
4456	53
4457	43
4458	38
4459	52
4460	53
4461	43
4462	55
4463	47
4464	56
4465	43
4466	36
4467	52
4468	46
4469	57
4470	62
4471	52
4472	52
4473	58
4474	49
4475	55
4476	44
4477	60
4478	55
4479	47
4480	48
4481	56
4482	50
4483	52
4484	41
4485	48
4486	48
4487	51
4488	40
4489	43
4490	42
4491	34
4492	52
4493	42
4494	43
4495	57
4496	41
4497	58
4498	49
4499	47
4500	55
4501	56
4502	43
4503	36
4504	47
4505	42
4506	48
4507	50
4508	64
4509	52
4510	47
4511	62
4512	60
4513	42
4514	51
4515	51
4516	47
4517	51
4518	61
4519	47
4520	44
4521	50
4522	49
4523	49
4524	63
4525	53
4526	51
4527	55
4528	53
4529	44
4530	63
4531	50
4532	53
4533	52
4534	50
4535	57
4536	42
4537	43
4538	48
4539	53
4540	45
4541	51
4542	50
4543	52
4544	51
4545	50
4546	45
4547	55
4548	48
4549	48
4550	46
4551	50
4552	49
4553	58
4554	45
4555	58
4556	47
4557	54
4558	59
4559	60
4560	48
4561	29
4562	49
4563	59
4564	50
4565	53
4566	51
4567	61
4568	51
4569	47
4570	44
4571	55
4572	49
4573	52
4574	38
4575	51
4576	54
4577	50
4578	64
4579	66
4580	49
4581	53
4582	49
4583	60
4584	43
4585	40
4586	46
4587	51
4588	43
4589	44
4590	53
4591	53
4592	50
4593	55
4594	46
4595	51
4596	49
4597	54
4598	45
4599	49
4600	54
4601	47
4602	60
4603	49
4604	60
4605	49
4606	57
4607	50
4608	52
4609	44
4610	51
4611	52
4612	48
4613	45
4614	33
4615	51
4616	50
4617	54
4618	52
4619	39
4620	44
4621	56
4622	64
4623	50
4624	42
4625	53
4626	43
4627	47
4628	48
4629	57
4630	55
4631	46
4632	52
4633	52
4634	52
4635	49
4636	43
4637	47
4638	55
4639	51
4640	57
4641	43
4642	53
4643	48
4644	59
4645	40
4646	48
4647	61
4648	51
4649	63
4650	43
4651	52
4652	48
4653	46
4654	49
4655	37
4656	62
4657	54
4658	43
4659	43
4660	43
4661	39
4662	50
4663	44
4664	50
4665	47
4666	45
4667	45
4668	57
4669	57
4670	44
4671	47
4672	49
4673	47
4674	41
4675	51
4676	51
4677	49
4678	44
4679	48
4680	49
4681	46
4682	46
4683	46
4684	45
4685	49
4686	55
4687	40
4688	41
4689	53
4690	55
4691	59
4692	42
4693	34
4694	55
4695	49
4696	42
4697	47
4698	38
4699	38
4700	49
4701	49
4702	56
4703	39
4704	46
4705	55
4706	53
4707	40
4708	64
4709	48
4710	58
4711	52
4712	50
4713	46
4714	39
4715	53
4716	42
4717	53
4718	44
4719	54
4720	57
4721	41
4722	50
4723	50
4724	42
4725	40
4726	46
4727	50
4728	50
4729	45
4730	49
4731	40
4732	51
4733	36
4734	51
4735	41
4736	52
4737	54
4738	47
4739	35
4740	55
4741	45
4742	39
4743	53
4744	35
4745	51
4746	53
4747	42
4748	52
4749	42
4750	53
4751	57
4752	48
4753	43
4754	50
4755	44
4756	48
4757	35
4758	50
4759	41
4760	51
4761	59
4762	44
4763	34
4764	39
4765	43
4766	42
4767	46
4768	44
4769	48
4770	41
4771	53
4772	48
4773	35
4774	53
4775	37
4776	47
4777	43
4778	48
4779	45
4780	42
4781	46
4782	35
4783	41
4784	38
4785	40
4786	39
4787	37
4788	37
4789	43
4790	46
4791	41
4792	46
4793	42
4794	58
4795	49
4796	45
4797	40
4798	23
4799	54
4800	48
4801	42
4802	36
4803	39
4804	42
4805	42
4806	60
4807	55
4808	42
4809	46
4810	49
4811	41
4812	46
4813	50
4814	43
4815	51
4816	39
4817	36
4818	42
4819	40
4820	48
4821	50
4822	42
4823	40
4824	30
4825	38
4826	48
4827	50
4828	34
4829	41
4830	46
4831	45
4832	33
4833	37
4834	46
4835	46
4836	45
4837	45
4838	57
4839	45
4840	37
4841	37
4842	40
4843	45
4844	40
4845	43
4846	38
4847	47
4848	51
4849	45
4850	44
4851	47
4852	34
4853	38
4854	45
4855	33
4856	41
4857	44
4858	35
4859	38
4860	44
4861	48
4862	45
4863	32
4864	39
4865	42
4866	34
4867	37
4868	42
4869	34
4870	40
4871	39
4872	41
4873	33
4874	41
4875	37
4876	43
4877	32
4878	39
4879	41
4880	37
4881	43
4882	33
4883	44
4884	44
4885	29
4886	32
4887	36
4888	37
4889	32
4890	41
4891	40
4892	39
4893	35
4894	35
4895	33
4896	46
4897	56
4898	42
4899	40
4900	36
4901	36
4902	40
4903	34
4904	40
4905	38
4906	31
4907	40
4908	41
4909	33
4910	40
4911	48
4912	23
4913	37
4914	55
4915	40
4916	38
4917	25
4918	33
4919	32
4920	44
4921	37
4922	29
4923	46
4924	58
4925	39
4926	47
4927	35
4928	30
4929	43
4930	34
4931	43
4932	29
4933	38
4934	37
4935	41
4936	39
4937	32
4938	44
4939	44
4940	37
4941	29
4942	56
4943	32
4944	43
4945	44
4946	33
4947	30
4948	39
4949	38
4950	34
4951	32
4952	38
4953	39
4954	39
4955	32
4956	44
4957	32
4958	39
4959	40
4960	41
4961	33
4962	43
4963	46
4964	30
4965	29
4966	37
4967	36
4968	35
4969	32
4970	33
4971	36
4972	30
4973	32
4974	31
4975	38
4976	27
4977	39
4978	25
4979	29
4980	28
4981	46
4982	24
4983	32
4984	35
4985	27
4986	39
4987	31
4988	39
4989	26
4990	39
4991	26
4992	27
4993	26
4994	29
4995	32
4996	33
4997	32
4998	43
4999	40
5000	28
5001	33
5002	46
5003	25
5004	29
5005	29
5006	30
5007	37
5008	25
5009	39
5010	42
5011	33
5012	41
5013	33
5014	30
5015	51
5016	24
5017	36
5018	22
5019	30
5020	31
5021	34
5022	32
5023	30
5024	29
5025	40
5026	21
5027	30
5028	40
5029	30
5030	30
5031	20
5032	40
5033	29
5034	27
5035	39
5036	28
5037	32
5038	37
5039	28
5040	43
5041	41
5042	24
5043	38
5044	29
5045	27
5046	34
5047	39
5048	29
5049	34
5050	23
5051	36
5052	46
5053	34
5054	44
5055	37
5056	25
5057	32
5058	31
5059	30
5060	28
5061	34
5062	36
5063	37
5064	34
5065	21
5066	30
5067	37
5068	29
5069	37
5070	29
5071	25
5072	27
5073	33
5074	23
5075	37
5076	31
5077	38
5078	45
5079	33
5080	27
5081	30
5082	35
5083	32
5084	34
5085	27
5086	29
5087	24
5088	35
5089	30
5090	25
5091	28
5092	19
5093	28
5094	30
5095	33
5096	31
5097	21
5098	33
5099	25
5100	29
5101	29
5102	37
5103	23
5104	24
5105	43
5106	40
5107	21
5108	28
5109	28
5110	32
5111	39
5112	35
5113	30
5114	22
5115	30
5116	29
5117	25
5118	24
5119	20
5120	30
5121	27
5122	23
5123	20
5124	33
5125	21
5126	30
5127	30
5128	25
5129	37
5130	28
5131	35
5132	24
5133	24
5134	22
5135	34
5136	20
5137	22
5138	31
5139	18
5140	37
5141	39
5142	30
5143	41
5144	39
5145	31
5146	30
5147	31
5148	41
5149	24
5150	21
5151	24
5152	25
5153	23
5154	35
5155	32
5156	25
5157	35
5158	31
5159	27
5160	17
5161	26
5162	34
5163	24
5164	21
5165	25
5166	25
5167	31
5168	13
5169	38
5170	32
5171	31
5172	29
5173	31
5174	30
5175	34
5176	28
5177	22
5178	22
5179	23
5180	18
5181	22
5182	37
5183	23
5184	36
5185	30
5186	29
5187	29
5188	31
5189	29
5190	28
5191	33
5192	27
5193	32
5194	22
5195	37
5196	35
5197	34
5198	28
5199	28
5200	29
5201	27
5202	23
5203	27
5204	19
5205	26
5206	24
5207	38
5208	40
5209	25
5210	28
5211	27
5212	25
5213	33
5214	22
5215	21
5216	19
5217	19
5218	39
5219	20
5220	23
5221	12
5222	28
5223	29
5224	28
5225	30
5226	29
5227	22
5228	27
5229	24
5230	28
5231	23
5232	24
5233	33
5234	33
5235	27
5236	20
5237	29
5238	27
5239	16
5240	19
5241	32
5242	25
5243	23
5244	26
5245	24
5246	28
5247	23
5248	32
5249	23
5250	25
5251	33
5252	32
5253	32
5254	23
5255	21
5256	26
5257	16
5258	30
5259	30
5260	23
5261	24
5262	24
5263	14
5264	31
5265	18
5266	24
5267	23
5268	18
5269	31
5270	23
5271	27
5272	25
5273	17
5274	25
5275	18
5276	20
5277	25
5278	21
5279	27
5280	30
5281	27
5282	24
5283	31
5284	20
5285	24
5286	31
5287	22
5288	18
5289	15
5290	22
5291	31
5292	23
5293	31
5294	22
5295	23
5296	26
5297	24
5298	24
5299	21
5300	19
5301	22
5302	24
5303	29
5304	34
5305	18
5306	33
5307	24
5308	16
5309	26
5310	25
5311	28
5312	22
5313	30
5314	20
5315	14
5316	10
5317	22
5318	31
5319	26
5320	21
5321	24
5322	18
5323	19
5324	23
5325	28
5326	29
5327	23
5328	18
5329	20
5330	21
5331	22
5332	21
5333	22
5334	28
5335	27
5336	24
5337	19
5338	19
5339	17
5340	28
5341	20
5342	22
5343	21
5344	15
5345	25
5346	28
5347	20
5348	18
5349	21
5350	18
5351	25
5352	16
5353	23
5354	32
5355	22
5356	22
5357	21
5358	27
5359	16
5360	20
5361	31
5362	21
5363	26
5364	11
5365	18
5366	21
5367	29
5368	26
5369	21
5370	22
5371	29
5372	18
5373	26
5374	19
5375	17
5376	28
5377	20
5378	24
5379	21
5380	26
5381	21
5382	21
5383	18
5384	17
5385	34
5386	26
5387	19
5388	21
5389	16
5390	17
5391	20
5392	18
5393	21
5394	14
5395	12
5396	24
5397	29
5398	23
5399	25
5400	21
5401	16
5402	26
5403	21
5404	15
5405	20
5406	28
5407	14
5408	16
5409	20
5410	26
5411	23
5412	19
5413	15
5414	24
5415	14
5416	26
5417	15
5418	26
5419	18
5420	21
5421	19
5422	19
5423	20
5424	34
5425	19
5426	16
5427	12
5428	24
5429	15
5430	18
5431	22
5432	24
5433	22
5434	19
5435	14
5436	12
5437	13
5438	22
5439	24
5440	26
5441	19
5442	17
5443	24
5444	4
5445	23
5446	14
5447	16
5448	23
5449	21
5450	19
5451	8
5452	25
5453	19
5454	19
5455	19
5456	14
5457	24
5458	15
5459	19
5460	23
5461	24
5462	23
5463	15
5464	16
5465	18
5466	30
5467	22
5468	18
5469	16
5470	15
5471	25
5472	18
5473	21
5474	22
5475	15
5476	19
5477	13
5478	7
5479	21
5480	23
5481	22
5482	13
5483	19
5484	25
5485	12
5486	23
5487	21
5488	18
5489	19
5490	25
5491	13
5492	12
5493	14
5494	16
5495	21
5496	19
5497	20
5498	12
5499	10
5500	17
5501	18
5502	25
5503	17
5504	18
5505	27
5506	13
5507	18
5508	14
5509	11
5510	18
5511	24
5512	18
5513	15
5514	15
5515	18
5516	18
5517	12
5518	12
5519	24
5520	14
5521	10
5522	27
5523	15
5524	15
5525	21
5526	15
5527	18
5528	13
5529	14
5530	21
5531	19
5532	18
5533	15
5534	14
5535	21
5536	23
5537	13
5538	27
5539	17
5540	16
5541	28
5542	20
5543	29
5544	9
5545	16
5546	14
5547	19
5548	13
5549	21
5550	17
5551	11
5552	20
5553	13
5554	26
5555	19
5556	21
5557	17
5558	17
5559	19
5560	17
5561	18
5562	11
5563	20
5564	14
5565	22
5566	20
5567	12
5568	16
5569	21
5570	23
5571	20
5572	16
5573	18
5574	20
5575	20
5576	19
5577	15
5578	12
5579	15
5580	14
5581	17
5582	22
5583	11
5584	13
5585	17
5586	16
5587	17
5588	20
5589	11
5590	17
5591	18
5592	15
5593	16
5594	17
5595	11
5596	21
5597	17
5598	17
5599	20
5600	14
5601	15
5602	17
5603	9
5604	18
5605	16
5606	24
5607	12
5608	18
5609	17
5610	18
5611	19
5612	9
5613	22
5614	14
5615	18
5616	11
5617	8
5618	13
5619	13
5620	14
5621	12
5622	17
5623	14
5624	19
5625	12
5626	15
5627	15
5628	20
5629	15
5630	18
5631	21
5632	18
5633	9
5634	10
5635	11
5636	17
5637	11
5638	14
5639	12
5640	9
5641	13
5642	16
5643	12
5644	18
5645	11
5646	16
5647	19
5648	22
5649	19
5650	10
5651	12
5652	14
5653	14
5654	17
5655	20
5656	11
5657	14
5658	21
5659	16
5660	19
5661	19
5662	22
5663	12
5664	13
5665	10
5666	15
5667	16
5668	10
5669	12
5670	15
5671	13
5672	19
5673	13
5674	11
5675	9
5676	16
5677	14
5678	15
5679	20
5680	9
5681	14
5682	16
5683	17
5684	12
5685	18
5686	11
5687	15
5688	12
5689	14
5690	15
5691	11
5692	24
5693	14
5694	7
5695	13
5696	23
5697	14
5698	12
5699	17
5700	17
5701	19
5702	17
5703	22
5704	14
5705	22
5706	13
5707	16
5708	18
5709	13
5710	16
5711	15
5712	12
5713	23
5714	18
5715	18
5716	15
5717	16
5718	18
5719	18
5720	10
5721	11
5722	18
5723	22
5724	15
5725	16
5726	14
5727	13
5728	14
5729	16
5730	14
5731	13
5732	12
5733	12
5734	8
5735	13
5736	8
5737	13
5738	13
5739	17
5740	17
5741	16
5742	15
5743	21
5744	13
5745	15
5746	21
5747	21
5748	17
5749	9
5750	13
5751	6
5752	13
5753	10
5754	17
5755	13
5756	14
5757	13
5758	15
5759	13
5760	11
5761	9
5762	15
5763	9
5764	12
5765	15
5766	13
5767	12
5768	10
5769	10
5770	11
5771	15
5772	20
5773	13
5774	11
5775	13
5776	10
5777	10
5778	13
5779	12
5780	11
5781	6
5782	18
5783	20
5784	19
5785	14
5786	10
5787	11
5788	14
5789	9
5790	7
5791	6
5792	10
5793	16
5794	14
5795	9
5796	16
5797	12
5798	9
5799	17
5800	14
5801	8
5802	8
5803	17
5804	15
5805	18
5806	12
5807	17
5808	9
5809	14
5810	14
5811	11
5812	12
5813	15
5814	13
5815	13
5816	16
5817	12
5818	12
5819	15
5820	12
5821	18
5822	15
5823	12
5824	8
5825	13
5826	13
5827	13
5828	11
5829	15
5830	11
5831	16
5832	15
5833	10
5834	12
5835	15
5836	13
5837	9
5838	14
5839	9
5840	17
5841	10
5842	12
5843	12
5844	17
5845	10
5846	10
5847	7
5848	10
5849	12
5850	11
5851	6
5852	14
5853	8
5854	5
5855	12
5856	8
5857	22
5858	18
5859	10
5860	13
5861	13
5862	14
5863	10
5864	13
5865	12
5866	19
5867	9
5868	12
5869	12
5870	14
5871	10
5872	12
5873	10
5874	7
5875	8
5876	16
5877	12
5878	10
5879	10
5880	11
5881	9
5882	8
5883	12
5884	12
5885	10
5886	6
5887	18
5888	13
5889	19
5890	16
5891	15
5892	11
5893	10
5894	12
5895	14
5896	11
5897	8
5898	15
5899	13
5900	18
5901	9
5902	11
5903	16
5904	13
5905	9
5906	11
5907	7
5908	17
5909	17
5910	12
5911	15
5912	14
5913	11
5914	8
5915	6
5916	14
5917	17
5918	12
5919	13
5920	7
5921	9
5922	13
5923	5
5924	8
5925	14
5926	10
5927	7
5928	10
5929	11
5930	10
5931	3
5932	6
5933	10
5934	8
5935	9
5936	6
5937	12
5938	8
5939	11
5940	13
5941	8
5942	8
5943	9
5944	13
5945	17
5946	6
5947	12
5948	9
5949	7
5950	13
5951	15
5952	11
5953	14
5954	14
5955	21
5956	7
5957	11
5958	12
5959	9
5960	9
5961	9
5962	13
5963	9
5964	7
5965	9
5966	7
5967	9
5968	8
5969	9
5970	12
5971	15
5972	15
5973	6
5974	13
5975	17
5976	11
5977	9
5978	8
5979	9
5980	12
5981	7
5982	7
5983	12
5984	7
5985	14
5986	10
5987	12
5988	3
5989	11
5990	13
5991	9
5992	10
5993	14
5994	10
5995	10
5996	12
5997	11
5998	10
5999	19
6000	7
6001	8
6002	10
6003	13
6004	8
6005	19
6006	16
6007	6
6008	12
6009	11
6010	12
6011	7
6012	14
6013	10
6014	10
6015	15
6016	10
6017	11
6018	7
6019	16
6020	8
6021	12
6022	6
6023	15
6024	10
6025	12
6026	8
6027	12
6028	8
6029	15
6030	10
6031	10
6032	8
6033	9
6034	11
6035	9
6036	9
6037	13
6038	11
6039	12
6040	7
6041	9
6042	16
6043	11
6044	11
6045	11
6046	14
6047	5
6048	9
6049	5
6050	15
6051	6
6052	9
6053	8
6054	12
6055	13
6056	10
6057	9
6058	9
6059	18
6060	13
6061	12
6062	14
6063	11
6064	6
6065	13
6066	7
6067	9
6068	15
6069	8
6070	16
6071	11
6072	8
6073	8
6074	7
6075	12
6076	16
6077	8
6078	9
6079	13
6080	7
6081	10
6082	11
6083	12
6084	11
6085	5
6086	12
6087	10
6088	11
6089	9
6090	7
6091	14
6092	6
6093	8
6094	5
6095	12
6096	7
6097	7
6098	11
6099	11
6100	6
6101	8
6102	14
6103	9
6104	13
6105	9
6106	14
6107	11
6108	14
6109	8
6110	8
6111	11
6112	12
6113	13
6114	8
6115	8
6116	7
6117	9
6118	13
6119	8
6120	15
6121	11
6122	12
6123	5
6124	11
6125	4
6126	9
6127	14
6128	9
6129	10
6130	13
6131	7
6132	13
6133	13
6134	11
6135	12
6136	9
6137	9
6138	12
6139	5
6140	6
6141	10
6142	7
6143	11
6144	9
6145	12
6146	12
6147	10
6148	6
6149	12
6150	13
6151	10
6152	8
6153	8
6154	6
6155	10
6156	13
6157	8
6158	10
6159	17
6160	19
6161	14
6162	12
6163	8
6164	10
6165	11
6166	10
6167	11
6168	10
6169	14
6170	10
6171	7
6172	7
6173	18
6174	11
6175	7
6176	7
6177	8
6178	10
6179	14
6180	2
6181	7
6182	9
6183	7
6184	7
6185	6
6186	9
6187	7
6188	7
6189	11
6190	18
6191	16
6192	12
6193	10
6194	8
6195	14
6196	12
6197	8
6198	10
6199	8
6200	9
6201	3
6202	8
6203	6
6204	7
6205	11
6206	10
6207	14
6208	9
6209	11
6210	16
6211	12
6212	10
6213	10
6214	11
6215	3
6216	8
6217	9
6218	7
6219	13
6220	11
6221	9
6222	10
6223	11
6224	12
6225	9
6226	7
6227	8
6228	8
6229	6
6230	14
6231	14
6232	15
6233	12
6234	12
6235	10
6236	13
6237	13
6238	9
6239	11
6240	10
6241	13
6242	9
6243	13
6244	19
6245	13
6246	14
6247	7
6248	14
6249	6
6250	12
6251	3
6252	9
6253	13
6254	11
6255	9
6256	19
6257	10
6258	11
6259	6
6260	6
6261	19
6262	8
6263	11
6264	7
6265	14
6266	9
6267	12
6268	8
6269	8
6270	9
6271	9
6272	9
6273	8
6274	8
6275	10
6276	9
6277	11
6278	8
6279	10
6280	9
6281	4
6282	5
6283	7
6284	10
6285	7
6286	8
6287	12
6288	10
6289	16
6290	8
6291	11
6292	9
6293	13
6294	14
6295	10
6296	14
6297	9
6298	14
6299	12
6300	8
6301	14
6302	6
6303	12
6304	5
6305	5
6306	7
6307	12
6308	13
6309	8
6310	8
6311	5
6312	8
6313	13
6314	8
6315	9
6316	12
6317	11
6318	13
6319	13
6320	11
6321	9
6322	11
6323	16
6324	10
6325	9
6326	10
6327	14
6328	15
6329	9
6330	5
6331	12
6332	6
6333	7
6334	6
6335	11
6336	7
6337	7
6338	14
6339	12
6340	8
6341	9
6342	11
6343	11
6344	8
6345	10
6346	10
6347	9
6348	16
6349	7
6350	12
6351	7
6352	12
6353	17
6354	6
6355	11
6356	12
6357	13
6358	12
6359	15
6360	11
6361	13
6362	8
6363	7
6364	15
6365	7
6366	14
6367	16
6368	1
6369	4
6370	9
6371	14
6372	12
6373	10
6374	5
6375	8
6376	9
6377	16
6378	13
6379	7
6380	12
6381	11
6382	12
6383	14
6384	6
6385	12
6386	9
6387	11
6388	14
6389	15
6390	5
6391	9
6392	11
6393	9
6394	10
6395	13
6396	10
6397	13
6398	12
6399	9
6400	15
6401	14
6402	4
6403	8
6404	11
6405	16
6406	8
6407	14
6408	13
6409	13
6410	13
6411	17
6412	3
6413	15
6414	8
6415	7
6416	13
6417	11
6418	5
6419	11
6420	12
6421	7
6422	14
6423	14
6424	9
6425	15
6426	12
6427	15
6428	4
6429	10
6430	12
6431	7
6432	10
6433	10
6434	10
6435	14
6436	15
6437	13
6438	13
6439	20
6440	11
6441	9
6442	16
6443	12
6444	9
6445	14
6446	9
6447	12
6448	12
6449	10
6450	10
6451	9
6452	16
6453	15
6454	9
6455	16
6456	5
6457	16
6458	15
6459	9
6460	13
6461	11
6462	9
6463	17
6464	11
6465	15
6466	17
6467	9
6468	13
6469	14
6470	14
6471	14
6472	12
6473	16
6474	11
6475	12
6476	14
6477	20
6478	13
6479	15
6480	17
6481	9
6482	14
6483	8
6484	15
6485	13
6486	15
6487	5
6488	16
6489	21
6490	16
6491	12
6492	14
6493	12
6494	14
6495	13
6496	18
6497	11
6498	15
6499	20
6500	17
6501	14
6502	12
6503	16
6504	18
6505	10
6506	17
6507	18
6508	17
6509	11
6510	9
6511	9
6512	6
6513	16
6514	9
6515	4
6516	13
6517	11
6518	14
6519	16
6520	15
6521	18
6522	13
6523	13
6524	17
6525	11
6526	11
6527	16
6528	13
6529	17
6530	8
6531	14
6532	7
6533	18
6534	5
6535	14
6536	16
6537	16
6538	8
6539	10
6540	16
6541	13
6542	20
6543	14
6544	9
6545	25
6546	16
6547	14
6548	13
6549	14
6550	9
6551	11
6552	11
6553	12
6554	13
6555	12
6556	12
6557	13
6558	8
6559	11
6560	22
6561	8
6562	15
6563	7
6564	15
6565	21
6566	19
6567	12
6568	10
6569	12
6570	12
6571	16
6572	16
6573	12
6574	10
6575	12
6576	15
6577	13
6578	20
6579	17
6580	16
6581	13
6582	22
6583	16
6584	10
6585	13
6586	13
6587	8
6588	19
6589	8
6590	21
6591	10
6592	15
6593	11
6594	10
6595	11
6596	22
6597	13
6598	11
6599	13
6600	13
6601	17
6602	19
6603	15
6604	9
6605	15
6606	9
6607	14
6608	17
6609	16
6610	11
6611	16
6612	14
6613	10
6614	12
6615	11
6616	15
6617	11
6618	8
6619	11
6620	10
6621	16
6622	12
6623	9
6624	11
6625	17
6626	12
6627	12
6628	13
6629	16
6630	5
6631	12
6632	11
6633	17
6634	13
6635	14
6636	8
6637	18
6638	14
6639	6
6640	17
6641	18
6642	17
6643	12
6644	16
6645	13
6646	14
6647	14
6648	8
6649	13
6650	12
6651	20
6652	23
6653	15
6654	13
6655	11
6656	11
6657	18
6658	20
6659	12
6660	16
6661	12
6662	18
6663	14
6664	18
6665	16
6666	10
6667	20
6668	12
6669	22
6670	12
6671	13
6672	15
6673	13
6674	19
6675	10
6676	21
6677	17
6678	15
6679	17
6680	13
6681	19
6682	8
6683	14
6684	14
6685	19
6686	12
6687	14
6688	23
6689	12
6690	12
6691	13
6692	15
6693	11
6694	20
6695	16
6696	12
6697	10
6698	20
6699	14
6700	17
6701	23
6702	16
6703	18
6704	20
6705	24
6706	17
6707	22
6708	15
6709	18
6710	12
6711	13
6712	12
6713	24
6714	14
6715	21
6716	10
6717	16
6718	22
6719	12
6720	19
6721	19
6722	12
6723	23
6724	7
6725	19
6726	12
6727	12
6728	9
6729	7
6730	13
6731	21
6732	18
6733	11
6734	11
6735	14
6736	12
6737	14
6738	16
6739	15
6740	11
6741	18
6742	18
6743	6
6744	18
6745	15
6746	15
6747	11
6748	13
6749	13
6750	13
6751	10
6752	14
6753	14
6754	18
6755	18
6756	17
6757	19
6758	13
6759	13
6760	11
6761	11
6762	13
6763	16
6764	11
6765	10
6766	11
6767	15
6768	10
6769	15
6770	14
6771	7
6772	9
6773	6
6774	12
6775	15
6776	10
6777	15
6778	12
6779	10
6780	12
6781	14
6782	13
6783	18
6784	6
6785	9
6786	12
6787	20
6788	18
6789	13
6790	16
6791	9
6792	13
6793	11
6794	15
6795	13
6796	10
6797	10
6798	15
6799	18
6800	12
6801	14
6802	12
6803	9
6804	14
6805	14
6806	13
6807	5
6808	11
6809	16
6810	11
6811	10
6812	13
6813	9
6814	18
6815	12
6816	9
6817	12
6818	8
6819	11
6820	14
6821	13
6822	10
6823	16
6824	13
6825	10
6826	17
6827	15
6828	9
6829	14
6830	11
6831	8
6832	14
6833	9
6834	12
6835	10
6836	12
6837	10
6838	9
6839	13
6840	14
6841	9
6842	13
6843	11
6844	10
6845	15
6846	6
6847	16
6848	17
6849	16
6850	7
6851	11
6852	17
6853	11
6854	5
6855	14
6856	14
6857	8
6858	12
6859	14
6860	10
6861	5
6862	7
6863	14
6864	13
6865	10
6866	13
6867	8
6868	5
6869	12
6870	13
6871	12
6872	10
6873	12
6874	12
6875	9
6876	13
6877	13
6878	6
6879	1
6880	11
6881	8
6882	11
6883	14
6884	11
6885	5
6886	6
6887	12
6888	9
6889	10
6890	10
6891	10
6892	10
6893	11
6894	14
6895	7
6896	7
6897	7
6898	8
6899	11
6900	7
6901	11
6902	7
6903	5
6904	9
6905	9
6906	9
6907	8
6908	6
6909	9
6910	4
6911	9
6912	7
6913	12
6914	7
6915	7
6916	9
6917	14
6918	9
6919	13
6920	8
6921	3
6922	10
6923	6
6924	9
6925	10
6926	4
6927	9
6928	3
6929	8
6930	5
6931	5
6932	8
6933	9
6934	6
6935	11
6936	6
6937	7
6938	5
6939	7
6940	7
6941	7
6942	8
6943	3
6944	5
6945	4
6946	5
6947	9
6948	10
6949	5
6950	9
6951	5
6952	6
6953	8
6954	6
6955	7
6956	7
6957	8
6958	10
6959	8
6960	9
6961	6
6962	3
6963	5
6964	7
6965	8
6966	3
6967	7
6968	3
6969	6
6970	7
6971	6
6972	6
6973	4
6974	7
6975	3
6976	8
6977	9
6978	10
6979	5
6980	7
6981	7
6982	2
6983	4
6984	4
6985	2
6986	2
6987	7
6988	6
6989	3
6990	3
6991	5
6992	5
6993	8
6994	3
6995	7
6996	4
6997	8
6998	7
6999	5
7000	5
7001	7
7002	5
7003	3
7004	1
7005	4
7006	7
7007	5
7008	5
7009	3
7010	4
7011	4
7012	5
7013	5
7014	2
7015	1
7016	3
7017	5
7018	4
7019	2
7020	4
7021	2
7022	2
7023	7
7024	3
7025	2
7026	1
7027	1
7028	4
7029	7
7030	4
7031	1
7032	6
7033	5
7034	2
7035	6
7036	7
7037	2
7038	4
7039	2
7040	3
7041	2
7042	6
7043	4
7044	1
7045	4
7046	2
7047	3
7048	3
7049	5
7050	5
7051	3
7052	6
7053	4
7054	2
7055	3
7056	2
7057	3
7058	3
7059	5
7060	3
7061	4
7062	2
7063	1
7064	0
7065	4
7066	4
7067	3
7068	4
7069	3
7070	3
7071	4
7072	1
7073	0
7074	1
7075	2
7076	3
7077	3
7078	1
7079	2
7080	1
7081	3
7082	2
7083	4
7084	2
7085	2
7086	1
7087	3
7088	6
7089	3
7090	5
7091	3
7092	5
7093	1
7094	0
7095	2
7096	3
7097	2
7098	0
7099	2
7100	2
7101	3
7102	0
7103	5
7104	4
7105	1
7106	5
7107	5
7108	5
7109	2
7110	3
7111	4
7112	0
7113	1
7114	4
7115	1
7116	3
7117	4
7118	0
7119	1
7120	2
7121	4
7122	5
7123	1
7124	2
7125	1
7126	4
7127	3
7128	2
7129	2
7130	1
7131	2
7132	4
7133	1
7134	0
7135	0
7136	2
7137	1
7138	1
7139	1
7140	2
7141	5
7142	4
7143	1
7144	6
7145	0
7146	1
7147	1
7148	2
7149	2
7150	1
7151	1
7152	1
7153	2
7154	2
7155	0
7156	2
7157	0
7158	0
7159	1
7160	2
7161	0
7162	1
7163	1
7164	2
7165	2
7166	0
7167	2
7168	0
7169	1
7170	1
7171	1
7172	2
7173	0
7174	0
7175	1
7176	2
7177	3
7178	2
7179	3
7180	2
7181	1
7182	1
7183	0
7184	2
7185	1
7186	2
7187	2
7188	2
7189	1
7190	2
7191	0
7192	1
7193	0
7194	0
7195	0
7196	0
7197	2
7198	2
7199	2
7200	0
7201	1
7202	2
7203	2
7204	1
7205	3
7206	0
7207	0
7208	0
7209	1
7210	0
7211	1
7212	3
7213	3
7214	1
7215	0
7216	1
7217	1
7218	2
7219	0
7220	2
7221	0
7222	2
7223	0
7224	1
7225	0
7226	2
7227	0
7228	1
7229	0
7230	0
7231	0
7232	3
7233	0
7234	2
7235	2
7236	1
7237	0
7238	1
7239	1
7240	1
7241	0
7242	0
7243	2
7244	0
7245	1
7246	1
7247	0
7248	0
7249	1
7250	1
7251	1
7252	2
7253	0
7254	0
7255	1
7256	1
7257	3
7258	0
7259	1
7260	0
7261	1
7262	0
7263	0
7264	2
7265	1
7266	0
7267	0
7268	2
7269	1
7270	1
7271	1
7272	1
7273	0
7274	0
7275	0
7276	0
7277	1
7278	2
7279	1
7280	0
7281	0
7282	1
7283	0
7284	0
7285	0
7286	1
7287	1
7288	0
7289	0
7290	0
7291	0
7292	0
7293	1
7294	1
7295	1
7296	1
7297	1
7298	1
7299	0
7300	2
7301	0
7302	1
7303	0
7304	1
7305	0
7306	2
7307	1
7308	0
7309	0
7310	0
7311	1
7312	0
7313	0
7314	0
7315	0
7316	0
7317	0
7318	0
7319	0
7320	1
7321	0
7322	1
7323	2
7324	1
7325	0
7326	0
7327	1
7328	1
7329	0
7330	0
7331	1
7332	0
7333	0
7334	0
7335	0
7336	0
7337	0
7338	1
7339	1
7340	1
7341	0
7342	3
7343	3
7344	0
7345	0
7346	0
7347	0
7348	1
7349	1
7350	0
7351	0
7352	2
7353	1
7354	0
7355	0
7356	0
7357	0
7358	0
7359	0
7360	0
7361	0
7362	2
7363	0
7364	0
7365	1
7366	0
7367	0
7368	1
7369	0
7370	3
7371	0
7372	0
7373	1
7374	1
7375	0
7376	0
7377	0
7378	0
7379	0
7380	0
7381	0
7382	1
7383	0
7384	0
7385	1
7386	3
7387	0
7388	1
7389	0
7390	0
7391	1
7392	1
7393	0
7394	1
7395	1
7396	0
7397	1
7398	1
7399	0
7400	0
7401	1
7402	0
7403	2
7404	0
7405	1
7406	0
7407	0
7408	0
7409	1
7410	1
7411	0
7412	0
7413	0
7414	2
7415	1
7416	1
7417	0
7418	0
7419	1
7420	0
7421	0
7422	2
7423	1
7424	1
7425	0
7426	2
7427	1
7428	0
7429	1
7430	0
7431	0
7432	1
7433	0
7434	0
7435	0
7436	0
7437	1
7438	1
7439	0
7440	0
7441	0
7442	1
7443	0
7444	1
7445	1
7446	0
7447	0
7448	1
7449	0
7450	2
7451	1
7452	0
7453	0
7454	1
7455	0
7456	0
7457	0
7458	0
7459	0
7460	1
7461	1
7462	1
7463	0
7464	0
7465	0
7466	1
7467	2
7468	0
7469	2
7470	0
7471	0
7472	0
7473	0
7474	1
7475	2
7476	0
7477	0
7478	1
7479	1
7480	1
7481	0
7482	0
7483	1
7484	1
7485	2
7486	0
7487	0
7488	0
7489	0
7490	0
7491	0
7492	1
7493	0
7494	1
7495	1
7496	0
7497	1
7498	0
7499	0
7500	0
7501	0
7502	1
7503	0
7504	0
7505	1
7506	1
7507	0
7508	0
7509	0
7510	0
7511	0
7512	0
7513	3
7514	2
7515	0
7516	1
7517	0
7518	1
7519	0
7520	0
7521	0
7522	1
7523	1
7524	2
7525	1
7526	2
7527	2
7528	1
7529	0
7530	1
7531	0
7532	1
7533	3
7534	0
7535	0
7536	0
7537	0
7538	3
7539	0
7540	2
7541	0
7542	0
7543	0
7544	1
7545	0
7546	0
7547	1
7548	0
7549	2
7550	1
7551	0
7552	2
7553	0
7554	1
7555	0
7556	2
7557	1
7558	0
7559	1
7560	1
7561	0
7562	0
7563	0
7564	4
7565	1
7566	1
7567	1
7568	2
7569	0
7570	0
7571	2
7572	0
7573	3
7574	2
7575	0
7576	0
7577	0
7578	0
7579	0
7580	0
7581	0
7582	3
7583	0
7584	0
7585	0
7586	0
7587	1
7588	0
7589	1
7590	0
7591	0
7592	0
7593	1
7594	0
7595	0
7596	1
7597	0
7598	0
7599	0
7600	0
7601	0
7602	0
7603	0
7604	1
7605	0
7606	0
7607	0
7608	1
7609	0
7610	1
7611	0
7612	1
7613	1
7614	1
7615	2
7616	0
7617	0
7618	0
7619	1
7620	3
7621	1
7622	0
7623	0
7624	0
7625	1
7626	0
7627	0
7628	0
7629	1
7630	1
7631	0
7632	0
7633	0
7634	0
7635	0
7636	3
7637	0
7638	1
7639	1
7640	1
7641	1
7642	1
7643	1
7644	0
7645	1
7646	0
7647	0
7648	0
7649	0
7650	0
7651	0
7652	2
7653	3
7654	0
7655	1
7656	0
7657	1
7658	2
7659	0
7660	0
7661	1
7662	1
7663	1
7664	0
7665	1
7666	0
7667	0
7668	0
7669	0
7670	0
7671	0
7672	1
7673	0
7674	0
7675	1
7676	0
7677	1
7678	1
7679	2
7680	2
7681	0
7682	0
7683	0
7684	1
7685	0
7686	0
7687	1
7688	0
7689	0
7690	0
7691	0
7692	0
7693	1
7694	0
7695	0
7696	0
7697	0
7698	1
7699	0
7700	0
7701	0
7702	1
7703	3
7704	1
7705	1
7706	0
7707	0
7708	0
7709	1
7710	1
7711	2
7712	0
7713	1
7714	0
7715	0
7716	0
7717	1
7718	0
7719	0
7720	0
7721	0
7722	2
7723	1
7724	0
7725	0
7726	1
7727	0
7728	2
7729	0
7730	0
7731	3
7732	1
7733	1
7734	0
7735	1
7736	1
7737	0
7738	0
7739	1
7740	1
7741	1
7742	0
7743	0
7744	1
7745	1
7746	0
7747	0
7748	2
7749	0
7750	0
7751	0
7752	0
7753	0
7754	1
7755	0
7756	0
7757	1
7758	1
7759	0
7760	0
7761	0
7762	0
7763	0
7764	1
7765	1
7766	0
7767	0
7768	1
7769	0
7770	0
7771	0
7772	1
7773	2
7774	0
7775	0
7776	0
7777	0
7778	0
7779	0
7780	2
7781	0
7782	1
7783	0
7784	2
7785	2
7786	0
7787	0
7788	2
7789	0
7790	0
7791	0
7792	1
7793	1
7794	0
7795	1
7796	0
7797	1
7798	0
7799	0
7800	0
7801	0
7802	0
7803	0
7804	0
7805	1
7806	0
7807	1
7808	0
7809	0
7810	1
7811	0
7812	0
7813	0
7814	4
7815	0
7816	0
7817	0
7818	2
7819	0
7820	1
7821	0
7822	0
7823	1
7824	1
7825	0
7826	0
7827	2
7828	2
7829	0
7830	2
7831	0
7832	0
7833	1
7834	0
7835	0
7836	1
7837	0
7838	0
7839	1
7840	1
7841	0
7842	0
7843	0
7844	1
7845	2
7846	1
7847	0
7848	0
7849	1
7850	0
7851	1
7852	1
7853	0
7854	1
7855	0
7856	1
7857	0
7858	0
7859	1
7860	0
7861	0
7862	0
7863	0
7864	1
7865	0
7866	0
7867	0
7868	0
7869	1
7870	0
7871	0
7872	0
7873	0
7874	1
7875	0
7876	0
7877	1
7878	2
7879	0
7880	0
7881	2
7882	0
7883	1
7884	0
7885	0
7886	1
7887	0
7888	0
7889	2
7890	0
7891	3
7892	0
7893	0
7894	2
7895	1
7896	0
7897	1
7898	1
7899	2
7900	0
7901	0
7902	0
7903	0
7904	0
7905	0
7906	0
7907	1
7908	2
7909	1
7910	0
7911	2
7912	0
7913	0
7914	0
7915	1
7916	0
7917	0
7918	0
7919	0
7920	2
7921	0
7922	0
7923	2
7924	0
7925	2
7926	0
7927	0
7928	0
7929	0
7930	0
7931	0
7932	2
7933	0
7934	0
7935	0
7936	1
7937	0
7938	0
7939	1
7940	0
7941	0
7942	1
7943	0
7944	1
7945	1
7946	0
7947	0
7948	0
7949	0
7950	0
7951	0
7952	0
7953	1
7954	1
7955	0
7956	0
7957	1
7958	0
7959	0
7960	0
7961	2
7962	1
7963	0
7964	1
7965	1
7966	0
7967	0
7968	0
7969	0
7970	1
7971	0
7972	1
7973	0
7974	0
7975	0
7976	0
7977	0
7978	0
7979	0
7980	0
7981	1
7982	1
7983	1
7984	0
7985	0
7986	0
7987	0
7988	1
7989	0
7990	0
7991	0
7992	0
7993	1
7994	1
7995	0
7996	2
7997	0
7998	0
7999	1
8000	2
8001	0
8002	0
8003	0
8004	0
8005	2
8006	0
8007	0
8008	0
8009	0
8010	0
8011	0
8012	0
8013	0
8014	0
8015	0
8016	1
8017	0
8018	0
8019	1
8020	1
8021	0
8022	0
8023	0
8024	0
8025	1
8026	0
8027	0
8028	1
8029	0
8030	0
8031	2
8032	0
8033	0
8034	2
8035	1
8036	0
8037	1
8038	1
8039	1
8040	3
8041	0
8042	0
8043	2
8044	0
8045	2
8046	0
8047	0
8048	0
8049	1
8050	2
8051	0
8052	0
8053	0
8054	0
8055	0
8056	1
8057	0
8058	1
8059	0
8060	1
8061	0
8062	0
8063	0
8064	1
8065	0
8066	1
8067	0
8068	0
8069	1
8070	0
8071	1
8072	0
8073	0
8074	0
8075	0
8076	0
8077	1
8078	1
8079	1
8080	0
8081	0
8082	0
8083	0
8084	0
8085	2
8086	0
8087	1
8088	2
8089	0
8090	0
8091	1
8092	0
8093	0
8094	0
8095	0
8096	0
8097	0
8098	0
8099	0
8100	0
8101	0
8102	0
8103	0
8104	0
8105	1
8106	0
8107	0
8108	0
8109	0
8110	0
8111	0
8112	0
8113	0
8114	0
8115	0
8116	0
8117	0
8118	0
8119	0
8120	0
8121	0
8122	0
8123	0
8124	0
8125	0
8126	0
8127	0
8128	0
8129	0
8130	0
8131	0
8132	0
8133	0
8134	0
8135	0
8136	0
8137	0
8138	0
8139	0
8140	0
8141	0
8142	0
8143	0
8144	0
8145	0
8146	0
8147	0
8148	0
8149	0
8150	0
8151	0
8152	0
8153	0
8154	0
8155	0
8156	0
8157	0
8158	0
8159	0
8160	0
8161	0
8162	0
8163	0
8164	0
8165	0
8166	0
8167	0
8168	0
8169	0
8170	0
8171	0
8172	0
8173	0
8174	0
8175	0
8176	0
8177	0
8178	0
8179	0
8180	0
8181	0
8182	0
8183	0
8184	0
8185	0
8186	0
8187	0
8188	0
8189	0
8190	0
8191	0
