0	0
1	0
2	0
3	0
4	0
5	0
6	0
7	0
8	0
9	0
10	0
11	0
12	0
13	0
14	0
15	0
16	0
17	0
18	0
19	0
20	0
21	0
22	0
23	0
24	0
25	0
26	0
27	0
28	0
29	0
30	0
31	0
32	0
33	0
34	0
35	0
36	0
37	0
38	0
39	0
40	0
41	0
42	0
43	0
44	0
45	0
46	0
47	0
48	0
49	0
50	0
51	0
52	0
53	0
54	0
55	0
56	0
57	0
58	0
59	0
60	0
61	0
62	0
63	0
64	0
65	0
66	0
67	0
68	0
69	0
70	0
71	0
72	0
73	0
74	0
75	0
76	0
77	0
78	0
79	0
80	0
81	0
82	0
83	0
84	0
85	0
86	0
87	0
88	0
89	0
90	0
91	0
92	0
93	0
94	0
95	0
96	0
97	0
98	0
99	0
100	0
101	0
102	0
103	0
104	0
105	0
106	0
107	0
108	0
109	0
110	0
111	0
112	0
113	0
114	0
115	0
116	0
117	0
118	0
119	0
120	0
121	0
122	0
123	0
124	0
125	0
126	0
127	0
128	0
129	0
130	0
131	0
132	0
133	0
134	0
135	0
136	0
137	0
138	0
139	0
140	0
141	0
142	0
143	0
144	0
145	0
146	0
147	0
148	0
149	0
150	0
151	0
152	0
153	0
154	0
155	0
156	0
157	0
158	0
159	0
160	0
161	0
162	0
163	0
164	0
165	0
166	0
167	0
168	0
169	0
170	0
171	0
172	0
173	0
174	0
175	0
176	0
177	0
178	1
179	1
180	2
181	19
182	38
183	57
184	48
185	47
186	51
187	33
188	53
189	33
190	38
191	38
192	40
193	49
194	53
195	33
196	35
197	42
198	38
199	42
200	45
201	35
202	37
203	36
204	39
205	42
206	26
207	37
208	41
209	47
210	35
211	37
212	32
213	48
214	36
215	40
216	38
217	38
218	38
219	51
220	40
221	34
222	47
223	32
224	34
225	46
226	26
227	36
228	37
229	48
230	46
231	36
232	26
233	41
234	36
235	40
236	32
237	39
238	38
239	27
240	50
241	30
242	33
243	36
244	38
245	35
246	39
247	41
248	32
249	39
250	45
251	35
252	45
253	46
254	32
255	34
256	37
257	37
258	33
259	37
260	41
261	44
262	36
263	41
264	40
265	45
266	36
267	45
268	34
269	30
270	45
271	28
272	39
273	38
274	34
275	43
276	38
277	37
278	34
279	39
280	40
281	41
282	39
283	40
284	28
285	40
286	41
287	27
288	45
289	33
290	34
291	45
292	32
293	32
294	43
295	48
296	41
297	35
298	34
299	29
300	37
301	39
302	24
303	42
304	32
305	41
306	39
307	35
308	28
309	55
310	30
311	46
312	33
313	40
314	31
315	35
316	37
317	24
318	41
319	39
320	49
321	30
322	39
323	34
324	40
325	41
326	29
327	37
328	33
329	35
330	33
331	44
332	39
333	26
334	42
335	46
336	37
337	47
338	42
339	31
340	23
341	31
342	32
343	54
344	49
345	38
346	30
347	53
348	42
349	32
350	41
351	38
352	34
353	36
354	33
355	34
356	34
357	43
358	42
359	28
360	37
361	40
362	38
363	35
364	33
365	37
366	52
367	48
368	37
369	32
370	32
371	39
372	30
373	39
374	34
375	44
376	40
377	36
378	42
379	50
380	54
381	37
382	37
383	47
384	43
385	49
386	47
387	51
388	42
389	29
390	31
391	36
392	42
393	48
394	43
395	35
396	47
397	39
398	39
399	27
400	50
401	31
402	46
403	38
404	43
405	41
406	40
407	43
408	52
409	42
410	49
411	52
412	43
413	30
414	44
415	38
416	44
417	28
418	39
419	55
420	46
421	42
422	35
423	39
424	36
425	42
426	41
427	37
428	32
429	44
430	39
431	41
432	52
433	32
434	39
435	45
436	44
437	44
438	41
439	45
440	30
441	32
442	46
443	45
444	37
445	45
446	41
447	38
448	37
449	41
450	37
451	42
452	38
453	39
454	58
455	33
456	40
457	42
458	42
459	44
460	52
461	44
462	34
463	43
464	35
465	42
466	39
467	43
468	44
469	41
470	35
471	33
472	53
473	47
474	37
475	33
476	44
477	44
478	34
479	33
480	36
481	40
482	47
483	38
484	49
485	38
486	50
487	47
488	43
489	33
490	45
491	45
492	33
493	48
494	40
495	58
496	50
497	44
498	42
499	35
500	51
501	42
502	37
503	47
504	44
505	53
506	45
507	47
508	42
509	40
510	41
511	52
512	39
513	43
514	37
515	39
516	45
517	44
518	37
519	38
520	58
521	47
522	53
523	41
524	33
525	55
526	48
527	34
528	44
529	42
530	45
531	39
532	45
533	40
534	41
535	43
536	43
537	47
538	38
539	35
540	50
541	31
542	46
543	43
544	28
545	47
546	45
547	37
548	44
549	43
550	44
551	28
552	40
553	35
554	40
555	30
556	30
557	44
558	48
559	32
560	44
561	34
562	60
563	38
564	36
565	37
566	39
567	40
568	42
569	37
570	42
571	49
572	38
573	31
574	54
575	50
576	38
577	48
578	41
579	44
580	43
581	47
582	40
583	45
584	33
585	48
586	44
587	37
588	45
589	43
590	45
591	43
592	50
593	44
594	44
595	50
596	43
597	38
598	44
599	41
600	36
601	34
602	63
603	42
604	37
605	32
606	38
607	40
608	36
609	33
610	51
611	47
612	40
613	44
614	36
615	44
616	39
617	34
618	35
619	37
620	39
621	52
622	38
623	43
624	44
625	48
626	31
627	43
628	46
629	39
630	41
631	38
632	34
633	42
634	38
635	58
636	46
637	47
638	47
639	46
640	43
641	32
642	45
643	45
644	36
645	40
646	36
647	38
648	45
649	53
650	45
651	41
652	43
653	32
654	39
655	41
656	35
657	50
658	50
659	54
660	40
661	34
662	45
663	47
664	56
665	35
666	42
667	43
668	47
669	46
670	33
671	34
672	41
673	35
674	44
675	37
676	41
677	45
678	44
679	42
680	46
681	46
682	35
683	53
684	33
685	40
686	36
687	40
688	40
689	36
690	38
691	30
692	42
693	40
694	44
695	51
696	38
697	40
698	54
699	38
700	51
701	36
702	38
703	44
704	39
705	39
706	52
707	30
708	49
709	44
710	38
711	46
712	49
713	39
714	41
715	60
716	46
717	37
718	49
719	31
720	44
721	55
722	42
723	39
724	46
725	45
726	41
727	38
728	49
729	39
730	49
731	53
732	38
733	45
734	49
735	46
736	46
737	54
738	48
739	44
740	52
741	43
742	57
743	54
744	45
745	48
746	43
747	47
748	58
749	60
750	38
751	44
752	56
753	49
754	45
755	43
756	35
757	58
758	35
759	60
760	51
761	45
762	40
763	53
764	39
765	62
766	42
767	53
768	40
769	50
770	54
771	43
772	37
773	50
774	59
775	49
776	45
777	57
778	60
779	53
780	50
781	46
782	49
783	51
784	53
785	69
786	46
787	48
788	63
789	47
790	61
791	63
792	57
793	55
794	50
795	57
796	64
797	56
798	52
799	58
800	56
801	59
802	64
803	66
804	53
805	62
806	57
807	82
808	73
809	60
810	67
811	63
812	61
813	60
814	61
815	69
816	59
817	64
818	73
819	68
820	65
821	74
822	63
823	64
824	71
825	68
826	73
827	73
828	60
829	76
830	84
831	46
832	84
833	79
834	69
835	64
836	73
837	83
838	84
839	76
840	83
841	56
842	84
843	71
844	76
845	69
846	71
847	66
848	106
849	67
850	75
851	91
852	74
853	64
854	88
855	73
856	78
857	71
858	93
859	84
860	89
861	68
862	84
863	97
864	85
865	91
866	82
867	84
868	88
869	70
870	78
871	78
872	65
873	82
874	87
875	86
876	79
877	72
878	72
879	71
880	84
881	74
882	76
883	75
884	63
885	84
886	81
887	64
888	71
889	53
890	75
891	78
892	75
893	61
894	69
895	82
896	71
897	83
898	75
899	69
900	75
901	69
902	60
903	66
904	73
905	60
906	72
907	70
908	60
909	54
910	46
911	60
912	70
913	63
914	64
915	67
916	64
917	60
918	58
919	63
920	52
921	56
922	67
923	59
924	67
925	69
926	59
927	58
928	54
929	67
930	60
931	73
932	60
933	59
934	65
935	48
936	58
937	68
938	64
939	45
940	72
941	58
942	48
943	62
944	69
945	52
946	46
947	64
948	66
949	64
950	48
951	54
952	68
953	62
954	52
955	63
956	61
957	56
958	52
959	62
960	63
961	56
962	35
963	70
964	62
965	57
966	68
967	59
968	64
969	68
970	63
971	65
972	77
973	62
974	55
975	67
976	72
977	60
978	66
979	73
980	80
981	69
982	60
983	58
984	59
985	54
986	64
987	66
988	62
989	62
990	59
991	52
992	59
993	65
994	51
995	71
996	58
997	55
998	49
999	68
1000	69
1001	44
1002	61
1003	54
1004	68
1005	67
1006	57
1007	66
1008	52
1009	66
1010	48
1011	48
1012	51
1013	47
1014	55
1015	49
1016	63
1017	48
1018	57
1019	45
1020	53
1021	52
1022	50
1023	67
1024	53
1025	51
1026	51
1027	47
1028	40
1029	73
1030	48
1031	51
1032	46
1033	46
1034	56
1035	58
1036	58
1037	50
1038	45
1039	59
1040	48
1041	57
1042	60
1043	64
1044	47
1045	55
1046	53
1047	34
1048	43
1049	42
1050	54
1051	50
1052	49
1053	57
1054	44
1055	54
1056	58
1057	57
1058	49
1059	42
1060	66
1061	63
1062	46
1063	40
1064	60
1065	55
1066	54
1067	54
1068	52
1069	53
1070	45
1071	40
1072	47
1073	44
1074	57
1075	51
1076	50
1077	55
1078	42
1079	50
1080	51
1081	44
1082	49
1083	33
1084	59
1085	43
1086	56
1087	60
1088	50
1089	44
1090	45
1091	43
1092	43
1093	38
1094	45
1095	42
1096	53
1097	51
1098	37
1099	62
1100	51
1101	47
1102	48
1103	55
1104	45
1105	49
1106	45
1107	63
1108	43
1109	45
1110	48
1111	54
1112	48
1113	51
1114	48
1115	49
1116	49
1117	57
1118	39
1119	56
1120	45
1121	59
1122	51
1123	46
1124	61
1125	48
1126	49
1127	34
1128	51
1129	54
1130	45
1131	51
1132	73
1133	74
1134	56
1135	44
1136	53
1137	61
1138	42
1139	43
1140	47
1141	53
1142	56
1143	51
1144	48
1145	45
1146	66
1147	51
1148	46
1149	59
1150	59
1151	50
1152	44
1153	60
1154	32
1155	53
1156	51
1157	56
1158	61
1159	52
1160	46
1161	53
1162	46
1163	45
1164	54
1165	50
1166	56
1167	49
1168	68
1169	62
1170	53
1171	53
1172	57
1173	57
1174	62
1175	52
1176	55
1177	46
1178	52
1179	57
1180	41
1181	37
1182	53
1183	46
1184	55
1185	64
1186	55
1187	51
1188	44
1189	53
1190	55
1191	48
1192	49
1193	47
1194	55
1195	50
1196	59
1197	54
1198	53
1199	59
1200	37
1201	61
1202	49
1203	52
1204	65
1205	60
1206	64
1207	48
1208	57
1209	43
1210	47
1211	46
1212	49
1213	48
1214	63
1215	54
1216	55
1217	47
1218	45
1219	61
1220	62
1221	64
1222	56
1223	51
1224	69
1225	62
1226	57
1227	62
1228	71
1229	53
1230	48
1231	53
1232	56
1233	58
1234	63
1235	56
1236	57
1237	53
1238	56
1239	65
1240	44
1241	51
1242	63
1243	53
1244	56
1245	49
1246	61
1247	67
1248	55
1249	55
1250	65
1251	67
1252	55
1253	61
1254	75
1255	64
1256	64
1257	55
1258	70
1259	60
1260	57
1261	49
1262	62
1263	55
1264	56
1265	54
1266	74
1267	70
1268	71
1269	83
1270	65
1271	73
1272	65
1273	67
1274	55
1275	49
1276	57
1277	73
1278	70
1279	66
1280	64
1281	52
1282	62
1283	47
1284	69
1285	62
1286	74
1287	56
1288	67
1289	64
1290	57
1291	64
1292	68
1293	58
1294	74
1295	61
1296	74
1297	57
1298	69
1299	79
1300	65
1301	59
1302	58
1303	59
1304	70
1305	67
1306	53
1307	67
1308	62
1309	58
1310	59
1311	70
1312	74
1313	53
1314	82
1315	74
1316	64
1317	61
1318	59
1319	69
1320	66
1321	65
1322	72
1323	77
1324	77
1325	65
1326	66
1327	64
1328	84
1329	76
1330	73
1331	69
1332	73
1333	61
1334	85
1335	59
1336	77
1337	67
1338	72
1339	63
1340	73
1341	73
1342	60
1343	62
1344	84
1345	62
1346	74
1347	59
1348	60
1349	76
1350	83
1351	65
1352	63
1353	69
1354	78
1355	86
1356	75
1357	77
1358	74
1359	73
1360	72
1361	70
1362	72
1363	72
1364	75
1365	67
1366	66
1367	72
1368	77
1369	69
1370	70
1371	83
1372	67
1373	90
1374	66
1375	59
1376	64
1377	75
1378	83
1379	71
1380	67
1381	80
1382	71
1383	84
1384	72
1385	89
1386	52
1387	58
1388	63
1389	74
1390	76
1391	73
1392	72
1393	83
1394	88
1395	73
1396	76
1397	82
1398	75
1399	91
1400	74
1401	57
1402	75
1403	66
1404	68
1405	60
1406	78
1407	80
1408	87
1409	80
1410	72
1411	78
1412	78
1413	71
1414	71
1415	67
1416	78
1417	81
1418	100
1419	60
1420	77
1421	80
1422	87
1423	56
1424	70
1425	88
1426	87
1427	62
1428	70
1429	82
1430	85
1431	83
1432	64
1433	80
1434	88
1435	66
1436	75
1437	73
1438	71
1439	71
1440	82
1441	92
1442	81
1443	75
1444	61
1445	85
1446	74
1447	78
1448	96
1449	73
1450	89
1451	83
1452	70
1453	79
1454	68
1455	74
1456	64
1457	68
1458	83
1459	91
1460	74
1461	87
1462	74
1463	87
1464	76
1465	98
1466	76
1467	87
1468	91
1469	87
1470	88
1471	85
1472	84
1473	80
1474	80
1475	89
1476	79
1477	69
1478	76
1479	77
1480	83
1481	76
1482	66
1483	92
1484	81
1485	85
1486	89
1487	82
1488	94
1489	79
1490	63
1491	82
1492	81
1493	86
1494	74
1495	94
1496	82
1497	83
1498	90
1499	73
1500	69
1501	81
1502	79
1503	83
1504	94
1505	67
1506	61
1507	89
1508	79
1509	69
1510	103
1511	86
1512	74
1513	108
1514	70
1515	69
1516	82
1517	86
1518	82
1519	96
1520	90
1521	86
1522	80
1523	77
1524	82
1525	85
1526	97
1527	88
1528	77
1529	87
1530	90
1531	92
1532	78
1533	77
1534	83
1535	81
1536	75
1537	83
1538	72
1539	76
1540	104
1541	86
1542	96
1543	95
1544	74
1545	75
1546	71
1547	86
1548	83
1549	86
1550	86
1551	80
1552	89
1553	81
1554	95
1555	99
1556	77
1557	100
1558	106
1559	85
1560	79
1561	77
1562	72
1563	82
1564	88
1565	94
1566	76
1567	91
1568	77
1569	72
1570	73
1571	87
1572	84
1573	96
1574	87
1575	88
1576	83
1577	99
1578	84
1579	84
1580	81
1581	85
1582	100
1583	79
1584	91
1585	94
1586	81
1587	85
1588	88
1589	79
1590	86
1591	96
1592	85
1593	95
1594	98
1595	83
1596	85
1597	90
1598	69
1599	99
1600	87
1601	92
1602	74
1603	78
1604	88
1605	76
1606	108
1607	83
1608	72
1609	82
1610	87
1611	91
1612	90
1613	80
1614	70
1615	75
1616	78
1617	72
1618	91
1619	108
1620	73
1621	87
1622	95
1623	82
1624	94
1625	85
1626	90
1627	78
1628	67
1629	68
1630	94
1631	77
1632	84
1633	77
1634	86
1635	87
1636	80
1637	88
1638	84
1639	87
1640	94
1641	96
1642	83
1643	97
1644	77
1645	73
1646	88
1647	80
1648	88
1649	79
1650	82
1651	95
1652	84
1653	88
1654	99
1655	77
1656	102
1657	81
1658	78
1659	71
1660	74
1661	67
1662	82
1663	95
1664	77
1665	91
1666	94
1667	101
1668	94
1669	79
1670	77
1671	86
1672	77
1673	99
1674	89
1675	77
1676	84
1677	77
1678	83
1679	68
1680	82
1681	98
1682	76
1683	84
1684	82
1685	83
1686	87
1687	70
1688	86
1689	82
1690	81
1691	77
1692	83
1693	79
1694	95
1695	88
1696	77
1697	103
1698	93
1699	77
1700	87
1701	75
1702	79
1703	63
1704	60
1705	100
1706	98
1707	81
1708	84
1709	78
1710	78
1711	82
1712	73
1713	95
1714	96
1715	85
1716	95
1717	80
1718	71
1719	70
1720	80
1721	92
1722	85
1723	82
1724	68
1725	95
1726	82
1727	70
1728	75
1729	86
1730	75
1731	76
1732	81
1733	82
1734	82
1735	96
1736	78
1737	82
1738	90
1739	76
1740	83
1741	87
1742	75
1743	85
1744	79
1745	87
1746	82
1747	81
1748	71
1749	82
1750	81
1751	78
1752	90
1753	96
1754	69
1755	86
1756	81
1757	77
1758	78
1759	76
1760	79
1761	67
1762	80
1763	96
1764	96
1765	75
1766	73
1767	84
1768	84
1769	82
1770	84
1771	88
1772	77
1773	86
1774	76
1775	80
1776	84
1777	99
1778	79
1779	91
1780	87
1781	86
1782	105
1783	71
1784	94
1785	72
1786	93
1787	91
1788	80
1789	81
1790	83
1791	93
1792	74
1793	83
1794	68
1795	77
1796	86
1797	87
1798	75
1799	77
1800	99
1801	82
1802	78
1803	69
1804	93
1805	93
1806	75
1807	95
1808	80
1809	98
1810	76
1811	87
1812	78
1813	84
1814	100
1815	98
1816	82
1817	86
1818	84
1819	90
1820	74
1821	84
1822	63
1823	77
1824	94
1825	85
1826	83
1827	82
1828	76
1829	74
1830	91
1831	94
1832	89
1833	88
1834	77
1835	64
1836	78
1837	100
1838	91
1839	104
1840	77
1841	71
1842	85
1843	93
1844	78
1845	70
1846	84
1847	70
1848	92
1849	83
1850	84
1851	86
1852	91
1853	93
1854	95
1855	77
1856	83
1857	88
1858	78
1859	74
1860	81
1861	83
1862	80
1863	75
1864	77
1865	89
1866	78
1867	98
1868	87
1869	80
1870	92
1871	83
1872	73
1873	80
1874	91
1875	81
1876	87
1877	94
1878	77
1879	85
1880	77
1881	80
1882	67
1883	85
1884	78
1885	74
1886	73
1887	81
1888	78
1889	92
1890	89
1891	74
1892	80
1893	86
1894	80
1895	77
1896	73
1897	86
1898	76
1899	66
1900	60
1901	72
1902	82
1903	90
1904	86
1905	91
1906	83
1907	94
1908	92
1909	85
1910	83
1911	67
1912	76
1913	89
1914	84
1915	74
1916	95
1917	87
1918	98
1919	92
1920	75
1921	97
1922	88
1923	81
1924	82
1925	78
1926	81
1927	66
1928	97
1929	84
1930	87
1931	88
1932	68
1933	87
1934	84
1935	79
1936	87
1937	98
1938	74
1939	99
1940	95
1941	84
1942	83
1943	82
1944	86
1945	81
1946	81
1947	88
1948	79
1949	77
1950	91
1951	67
1952	94
1953	84
1954	84
1955	83
1956	97
1957	92
1958	69
1959	90
1960	84
1961	91
1962	93
1963	84
1964	81
1965	80
1966	83
1967	82
1968	70
1969	77
1970	77
1971	91
1972	81
1973	83
1974	87
1975	91
1976	90
1977	107
1978	89
1979	82
1980	91
1981	93
1982	80
1983	96
1984	68
1985	86
1986	69
1987	66
1988	84
1989	83
1990	93
1991	87
1992	83
1993	90
1994	74
1995	86
1996	90
1997	92
1998	77
1999	99
2000	72
2001	70
2002	94
2003	75
2004	65
2005	62
2006	71
2007	85
2008	84
2009	68
2010	71
2011	83
2012	90
2013	81
2014	78
2015	81
2016	86
2017	87
2018	85
2019	73
2020	74
2021	87
2022	85
2023	68
2024	83
2025	85
2026	95
2027	74
2028	72
2029	88
2030	81
2031	65
2032	78
2033	91
2034	64
2035	71
2036	73
2037	82
2038	88
2039	70
2040	84
2041	91
2042	69
2043	81
2044	87
2045	59
2046	93
2047	80
2048	87
2049	81
2050	87
2051	66
2052	73
2053	66
2054	90
2055	73
2056	93
2057	102
2058	89
2059	64
2060	108
2061	77
2062	90
2063	90
2064	86
2065	90
2066	64
2067	60
2068	85
2069	80
2070	80
2071	76
2072	80
2073	78
2074	92
2075	87
2076	85
2077	73
2078	89
2079	85
2080	82
2081	87
2082	89
2083	84
2084	77
2085	97
2086	95
2087	70
2088	75
2089	58
2090	67
2091	74
2092	90
2093	84
2094	81
2095	79
2096	90
2097	70
2098	81
2099	78
2100	79
2101	95
2102	78
2103	100
2104	69
2105	71
2106	86
2107	84
2108	68
2109	73
2110	67
2111	106
2112	89
2113	81
2114	82
2115	81
2116	94
2117	71
2118	83
2119	94
2120	73
2121	89
2122	86
2123	97
2124	84
2125	86
2126	95
2127	75
2128	70
2129	83
2130	77
2131	85
2132	73
2133	77
2134	65
2135	88
2136	87
2137	77
2138	68
2139	80
2140	69
2141	90
2142	75
2143	93
2144	80
2145	86
2146	82
2147	82
2148	69
2149	91
2150	88
2151	96
2152	94
2153	78
2154	75
2155	71
2156	89
2157	77
2158	78
2159	80
2160	89
2161	75
2162	84
2163	79
2164	67
2165	88
2166	94
2167	85
2168	83
2169	65
2170	89
2171	83
2172	71
2173	92
2174	77
2175	92
2176	64
2177	77
2178	91
2179	84
2180	91
2181	80
2182	66
2183	88
2184	84
2185	78
2186	94
2187	69
2188	88
2189	63
2190	86
2191	86
2192	86
2193	89
2194	78
2195	103
2196	92
2197	94
2198	80
2199	81
2200	69
2201	91
2202	99
2203	70
2204	81
2205	97
2206	87
2207	71
2208	67
2209	78
2210	85
2211	68
2212	79
2213	88
2214	75
2215	101
2216	85
2217	74
2218	87
2219	72
2220	80
2221	82
2222	93
2223	59
2224	71
2225	78
2226	72
2227	83
2228	90
2229	77
2230	85
2231	83
2232	76
2233	83
2234	75
2235	80
2236	75
2237	88
2238	106
2239	83
2240	74
2241	72
2242	74
2243	83
2244	81
2245	94
2246	72
2247	67
2248	80
2249	87
2250	81
2251	82
2252	68
2253	77
2254	72
2255	72
2256	82
2257	71
2258	87
2259	82
2260	80
2261	73
2262	90
2263	79
2264	88
2265	89
2266	83
2267	95
2268	78
2269	77
2270	66
2271	83
2272	86
2273	79
2274	75
2275	84
2276	90
2277	83
2278	82
2279	79
2280	90
2281	84
2282	75
2283	76
2284	80
2285	70
2286	91
2287	76
2288	104
2289	80
2290	87
2291	89
2292	80
2293	82
2294	65
2295	94
2296	86
2297	81
2298	87
2299	71
2300	92
2301	69
2302	73
2303	81
2304	75
2305	80
2306	57
2307	82
2308	82
2309	92
2310	104
2311	68
2312	66
2313	87
2314	68
2315	78
2316	66
2317	74
2318	73
2319	79
2320	75
2321	89
2322	56
2323	99
2324	92
2325	69
2326	83
2327	88
2328	93
2329	66
2330	75
2331	62
2332	89
2333	73
2334	81
2335	76
2336	86
2337	79
2338	82
2339	75
2340	83
2341	74
2342	61
2343	74
2344	71
2345	87
2346	88
2347	76
2348	82
2349	65
2350	93
2351	71
2352	71
2353	87
2354	80
2355	77
2356	65
2357	70
2358	81
2359	74
2360	77
2361	73
2362	84
2363	64
2364	79
2365	86
2366	80
2367	74
2368	77
2369	87
2370	84
2371	93
2372	80
2373	93
2374	82
2375	84
2376	75
2377	64
2378	88
2379	71
2380	77
2381	78
2382	76
2383	85
2384	78
2385	93
2386	60
2387	71
2388	78
2389	81
2390	62
2391	65
2392	86
2393	85
2394	81
2395	85
2396	73
2397	75
2398	63
2399	76
2400	74
2401	78
2402	79
2403	84
2404	87
2405	74
2406	77
2407	80
2408	57
2409	77
2410	72
2411	98
2412	94
2413	65
2414	96
2415	75
2416	81
2417	73
2418	65
2419	76
2420	74
2421	77
2422	64
2423	72
2424	72
2425	63
2426	78
2427	68
2428	76
2429	77
2430	70
2431	72
2432	91
2433	84
2434	83
2435	80
2436	62
2437	77
2438	90
2439	73
2440	78
2441	92
2442	88
2443	88
2444	57
2445	66
2446	68
2447	84
2448	79
2449	51
2450	79
2451	75
2452	81
2453	69
2454	67
2455	77
2456	80
2457	77
2458	60
2459	68
2460	77
2461	75
2462	85
2463	75
2464	68
2465	69
2466	68
2467	88
2468	82
2469	67
2470	82
2471	75
2472	69
2473	91
2474	85
2475	62
2476	88
2477	76
2478	71
2479	73
2480	74
2481	88
2482	74
2483	84
2484	71
2485	86
2486	73
2487	95
2488	82
2489	67
2490	65
2491	69
2492	85
2493	67
2494	70
2495	69
2496	84
2497	79
2498	60
2499	68
2500	77
2501	75
2502	73
2503	84
2504	77
2505	68
2506	75
2507	69
2508	86
2509	88
2510	79
2511	81
2512	80
2513	79
2514	62
2515	70
2516	72
2517	64
2518	86
2519	74
2520	67
2521	74
2522	62
2523	67
2524	73
2525	73
2526	75
2527	70
2528	84
2529	75
2530	68
2531	59
2532	66
2533	61
2534	74
2535	93
2536	82
2537	65
2538	78
2539	70
2540	59
2541	73
2542	66
2543	77
2544	90
2545	68
2546	88
2547	76
2548	69
2549	72
2550	83
2551	71
2552	83
2553	85
2554	62
2555	88
2556	74
2557	82
2558	69
2559	70
2560	66
2561	88
2562	71
2563	79
2564	75
2565	65
2566	71
2567	64
2568	74
2569	71
2570	78
2571	68
2572	78
2573	73
2574	81
2575	81
2576	87
2577	88
2578	72
2579	85
2580	72
2581	76
2582	77
2583	68
2584	76
2585	60
2586	83
2587	69
2588	72
2589	79
2590	75
2591	71
2592	61
2593	80
2594	70
2595	65
2596	64
2597	74
2598	88
2599	68
2600	71
2601	80
2602	83
2603	80
2604	71
2605	75
2606	90
2607	66
2608	71
2609	73
2610	56
2611	74
2612	84
2613	77
2614	75
2615	75
2616	70
2617	73
2618	83
2619	72
2620	74
2621	77
2622	89
2623	77
2624	90
2625	92
2626	67
2627	86
2628	85
2629	72
2630	70
2631	62
2632	94
2633	77
2634	72
2635	91
2636	85
2637	80
2638	71
2639	74
2640	92
2641	77
2642	86
2643	77
2644	77
2645	87
2646	66
2647	67
2648	80
2649	79
2650	79
2651	61
2652	86
2653	75
2654	65
2655	80
2656	81
2657	69
2658	69
2659	83
2660	65
2661	79
2662	82
2663	77
2664	84
2665	85
2666	89
2667	73
2668	61
2669	81
2670	60
2671	77
2672	81
2673	77
2674	87
2675	94
2676	95
2677	90
2678	70
2679	63
2680	65
2681	68
2682	63
2683	76
2684	68
2685	87
2686	73
2687	85
2688	71
2689	82
2690	72
2691	80
2692	79
2693	73
2694	80
2695	72
2696	80
2697	70
2698	82
2699	83
2700	76
2701	74
2702	82
2703	69
2704	73
2705	78
2706	88
2707	78
2708	73
2709	79
2710	80
2711	77
2712	78
2713	85
2714	84
2715	82
2716	85
2717	87
2718	66
2719	83
2720	90
2721	60
2722	89
2723	84
2724	90
2725	75
2726	89
2727	75
2728	88
2729	84
2730	71
2731	92
2732	87
2733	101
2734	96
2735	78
2736	82
2737	67
2738	73
2739	87
2740	95
2741	85
2742	92
2743	86
2744	94
2745	87
2746	74
2747	90
2748	83
2749	84
2750	97
2751	74
2752	88
2753	88
2754	81
2755	81
2756	85
2757	91
2758	81
2759	90
2760	81
2761	77
2762	94
2763	102
2764	88
2765	84
2766	85
2767	90
2768	88
2769	98
2770	103
2771	92
2772	99
2773	88
2774	95
2775	77
2776	94
2777	91
2778	76
2779	85
2780	99
2781	97
2782	74
2783	92
2784	113
2785	88
2786	81
2787	96
2788	83
2789	93
2790	75
2791	88
2792	87
2793	94
2794	118
2795	94
2796	95
2797	101
2798	116
2799	112
2800	102
2801	109
2802	88
2803	92
2804	78
2805	77
2806	94
2807	91
2808	93
2809	101
2810	94
2811	105
2812	111
2813	102
2814	90
2815	95
2816	92
2817	96
2818	108
2819	106
2820	107
2821	84
2822	120
2823	102
2824	100
2825	110
2826	114
2827	93
2828	92
2829	108
2830	116
2831	107
2832	114
2833	122
2834	91
2835	91
2836	97
2837	98
2838	100
2839	109
2840	107
2841	104
2842	118
2843	110
2844	118
2845	109
2846	115
2847	117
2848	103
2849	99
2850	130
2851	126
2852	97
2853	111
2854	122
2855	105
2856	114
2857	116
2858	123
2859	119
2860	95
2861	115
2862	120
2863	104
2864	123
2865	125
2866	120
2867	100
2868	136
2869	127
2870	129
2871	119
2872	115
2873	101
2874	120
2875	137
2876	137
2877	133
2878	128
2879	128
2880	124
2881	135
2882	104
2883	138
2884	129
2885	136
2886	114
2887	120
2888	124
2889	133
2890	126
2891	123
2892	129
2893	139
2894	114
2895	132
2896	131
2897	129
2898	139
2899	125
2900	141
2901	116
2902	126
2903	133
2904	160
2905	132
2906	112
2907	145
2908	131
2909	126
2910	142
2911	131
2912	140
2913	133
2914	150
2915	119
2916	137
2917	123
2918	129
2919	121
2920	139
2921	151
2922	150
2923	138
2924	152
2925	152
2926	139
2927	151
2928	136
2929	157
2930	126
2931	140
2932	143
2933	151
2934	125
2935	148
2936	136
2937	138
2938	153
2939	148
2940	144
2941	156
2942	132
2943	159
2944	151
2945	154
2946	157
2947	153
2948	141
2949	159
2950	141
2951	164
2952	160
2953	156
2954	137
2955	151
2956	183
2957	136
2958	150
2959	174
2960	149
2961	189
2962	157
2963	164
2964	160
2965	165
2966	165
2967	181
2968	145
2969	182
2970	162
2971	167
2972	147
2973	173
2974	158
2975	172
2976	176
2977	184
2978	145
2979	170
2980	137
2981	175
2982	148
2983	169
2984	187
2985	191
2986	165
2987	171
2988	184
2989	179
2990	169
2991	193
2992	174
2993	164
2994	201
2995	180
2996	151
2997	185
2998	172
2999	192
3000	169
3001	161
3002	190
3003	177
3004	183
3005	181
3006	164
3007	198
3008	172
3009	172
3010	201
3011	169
3012	176
3013	177
3014	176
3015	191
3016	166
3017	187
3018	187
3019	198
3020	183
3021	189
3022	199
3023	187
3024	195
3025	195
3026	195
3027	185
3028	179
3029	158
3030	178
3031	195
3032	166
3033	177
3034	173
3035	188
3036	163
3037	186
3038	209
3039	193
3040	214
3041	208
3042	179
3043	169
3044	187
3045	181
3046	192
3047	228
3048	183
3049	161
3050	211
3051	188
3052	197
3053	190
3054	194
3055	192
3056	176
3057	184
3058	181
3059	212
3060	197
3061	196
3062	190
3063	180
3064	187
3065	199
3066	203
3067	206
3068	190
3069	199
3070	198
3071	222
3072	192
3073	199
3074	206
3075	211
3076	187
3077	189
3078	201
3079	192
3080	205
3081	193
3082	208
3083	211
3084	188
3085	190
3086	198
3087	217
3088	199
3089	227
3090	205
3091	196
3092	212
3093	192
3094	187
3095	212
3096	197
3097	178
3098	214
3099	191
3100	220
3101	190
3102	218
3103	201
3104	204
3105	212
3106	200
3107	205
3108	189
3109	201
3110	223
3111	190
3112	230
3113	203
3114	202
3115	194
3116	206
3117	182
3118	197
3119	203
3120	215
3121	202
3122	207
3123	203
3124	199
3125	223
3126	209
3127	199
3128	200
3129	184
3130	203
3131	204
3132	190
3133	221
3134	199
3135	230
3136	191
3137	219
3138	216
3139	218
3140	219
3141	203
3142	210
3143	207
3144	220
3145	205
3146	231
3147	220
3148	203
3149	202
3150	212
3151	183
3152	234
3153	216
3154	200
3155	196
3156	218
3157	216
3158	196
3159	208
3160	230
3161	198
3162	163
3163	190
3164	212
3165	179
3166	201
3167	221
3168	171
3169	208
3170	208
3171	216
3172	198
3173	217
3174	205
3175	203
3176	214
3177	218
3178	189
3179	207
3180	223
3181	211
3182	177
3183	201
3184	224
3185	231
3186	187
3187	219
3188	180
3189	222
3190	192
3191	216
3192	221
3193	171
3194	199
3195	174
3196	207
3197	196
3198	218
3199	192
3200	207
3201	207
3202	199
3203	207
3204	222
3205	204
3206	200
3207	205
3208	196
3209	195
3210	211
3211	188
3212	201
3213	197
3214	196
3215	175
3216	195
3217	164
3218	216
3219	181
3220	193
3221	195
3222	216
3223	199
3224	186
3225	192
3226	225
3227	191
3228	212
3229	189
3230	208
3231	198
3232	191
3233	207
3234	216
3235	159
3236	198
3237	203
3238	193
3239	191
3240	214
3241	196
3242	216
3243	193
3244	199
3245	187
3246	177
3247	187
3248	191
3249	191
3250	200
3251	217
3252	178
3253	185
3254	160
3255	198
3256	178
3257	204
3258	217
3259	177
3260	184
3261	175
3262	197
3263	187
3264	200
3265	204
3266	166
3267	169
3268	186
3269	197
3270	174
3271	175
3272	183
3273	208
3274	174
3275	187
3276	202
3277	210
3278	193
3279	178
3280	169
3281	174
3282	179
3283	200
3284	180
3285	188
3286	206
3287	182
3288	192
3289	179
3290	186
3291	177
3292	180
3293	179
3294	189
3295	169
3296	214
3297	161
3298	191
3299	193
3300	186
3301	188
3302	178
3303	172
3304	200
3305	186
3306	182
3307	170
3308	168
3309	194
3310	202
3311	184
3312	188
3313	154
3314	159
3315	177
3316	158
3317	169
3318	164
3319	188
3320	195
3321	191
3322	175
3323	153
3324	170
3325	155
3326	171
3327	166
3328	183
3329	150
3330	161
3331	176
3332	189
3333	160
3334	190
3335	164
3336	163
3337	171
3338	186
3339	181
3340	164
3341	151
3342	178
3343	176
3344	186
3345	154
3346	157
3347	175
3348	149
3349	157
3350	155
3351	148
3352	164
3353	152
3354	150
3355	167
3356	170
3357	156
3358	167
3359	151
3360	146
3361	131
3362	148
3363	146
3364	153
3365	174
3366	162
3367	149
3368	166
3369	150
3370	161
3371	151
3372	136
3373	125
3374	146
3375	141
3376	153
3377	147
3378	165
3379	153
3380	146
3381	137
3382	132
3383	163
3384	165
3385	133
3386	139
3387	146
3388	142
3389	154
3390	141
3391	136
3392	148
3393	143
3394	133
3395	125
3396	156
3397	148
3398	151
3399	136
3400	136
3401	137
3402	130
3403	134
3404	135
3405	135
3406	142
3407	134
3408	132
3409	114
3410	148
3411	125
3412	134
3413	134
3414	152
3415	137
3416	131
3417	133
3418	129
3419	126
3420	135
3421	117
3422	154
3423	144
3424	121
3425	120
3426	122
3427	147
3428	117
3429	113
3430	124
3431	124
3432	126
3433	133
3434	138
3435	125
3436	112
3437	125
3438	138
3439	103
3440	121
3441	121
3442	119
3443	130
3444	120
3445	126
3446	112
3447	110
3448	108
3449	117
3450	99
3451	94
3452	127
3453	108
3454	101
3455	114
3456	102
3457	103
3458	102
3459	116
3460	105
3461	117
3462	98
3463	104
3464	106
3465	93
3466	115
3467	104
3468	119
3469	106
3470	111
3471	122
3472	109
3473	94
3474	113
3475	131
3476	112
3477	101
3478	103
3479	98
3480	96
3481	124
3482	102
3483	92
3484	105
3485	90
3486	94
3487	106
3488	104
3489	114
3490	95
3491	92
3492	80
3493	96
3494	96
3495	104
3496	99
3497	80
3498	89
3499	95
3500	76
3501	88
3502	78
3503	86
3504	73
3505	91
3506	73
3507	82
3508	85
3509	69
3510	87
3511	98
3512	70
3513	99
3514	105
3515	83
3516	100
3517	74
3518	86
3519	79
3520	75
3521	85
3522	88
3523	96
3524	92
3525	77
3526	82
3527	83
3528	75
3529	76
3530	78
3531	65
3532	86
3533	82
3534	86
3535	80
3536	87
3537	101
3538	73
3539	81
3540	75
3541	71
3542	75
3543	89
3544	66
3545	63
3546	73
3547	80
3548	71
3549	63
3550	68
3551	58
3552	56
3553	90
3554	74
3555	70
3556	79
3557	83
3558	58
3559	76
3560	64
3561	68
3562	64
3563	66
3564	65
3565	56
3566	79
3567	74
3568	64
3569	71
3570	61
3571	63
3572	70
3573	62
3574	56
3575	69
3576	51
3577	79
3578	55
3579	45
3580	76
3581	64
3582	73
3583	71
3584	67
3585	56
3586	70
3587	62
3588	57
3589	51
3590	66
3591	60
3592	66
3593	61
3594	59
3595	73
3596	69
3597	50
3598	76
3599	56
3600	82
3601	63
3602	75
3603	65
3604	51
3605	54
3606	64
3607	55
3608	53
3609	55
3610	64
3611	52
3612	68
3613	68
3614	59
3615	61
3616	67
3617	53
3618	62
3619	51
3620	65
3621	54
3622	58
3623	51
3624	47
3625	58
3626	62
3627	61
3628	71
3629	52
3630	53
3631	62
3632	58
3633	58
3634	53
3635	59
3636	54
3637	68
3638	55
3639	59
3640	45
3641	66
3642	60
3643	54
3644	46
3645	49
3646	57
3647	54
3648	37
3649	57
3650	48
3651	50
3652	50
3653	53
3654	68
3655	43
3656	53
3657	44
3658	33
3659	40
3660	47
3661	59
3662	51
3663	44
3664	59
3665	48
3666	52
3667	47
3668	58
3669	55
3670	56
3671	60
3672	49
3673	52
3674	53
3675	34
3676	50
3677	38
3678	31
3679	48
3680	47
3681	47
3682	47
3683	42
3684	43
3685	50
3686	49
3687	54
3688	51
3689	52
3690	47
3691	41
3692	40
3693	46
3694	34
3695	38
3696	38
3697	46
3698	43
3699	44
3700	41
3701	39
3702	39
3703	43
3704	39
3705	46
3706	55
3707	47
3708	44
3709	35
3710	41
3711	39
3712	45
3713	52
3714	47
3715	50
3716	47
3717	45
3718	39
3719	41
3720	38
3721	40
3722	39
3723	37
3724	53
3725	38
3726	37
3727	45
3728	38
3729	44
3730	35
3731	44
3732	40
3733	42
3734	46
3735	35
3736	39
3737	37
3738	44
3739	45
3740	43
3741	27
3742	42
3743	45
3744	38
3745	43
3746	45
3747	25
3748	44
3749	39
3750	43
3751	43
3752	37
3753	45
3754	41
3755	27
3756	53
3757	54
3758	54
3759	45
3760	37
3761	49
3762	43
3763	49
3764	35
3765	34
3766	39
3767	44
3768	48
3769	38
3770	47
3771	36
3772	45
3773	34
3774	39
3775	30
3776	40
3777	40
3778	41
3779	35
3780	31
3781	33
3782	36
3783	32
3784	39
3785	39
3786	37
3787	38
3788	40
3789	47
3790	41
3791	31
3792	47
3793	32
3794	48
3795	44
3796	44
3797	33
3798	48
3799	39
3800	50
3801	42
3802	37
3803	41
3804	43
3805	47
3806	32
3807	44
3808	36
3809	42
3810	35
3811	31
3812	58
3813	46
3814	38
3815	40
3816	43
3817	32
3818	30
3819	49
3820	44
3821	44
3822	39
3823	44
3824	35
3825	30
3826	49
3827	31
3828	50
3829	34
3830	40
3831	31
3832	43
3833	34
3834	50
3835	45
3836	39
3837	28
3838	37
3839	45
3840	45
3841	38
3842	26
3843	40
3844	43
3845	40
3846	48
3847	33
3848	40
3849	38
3850	46
3851	39
3852	38
3853	34
3854	38
3855	42
3856	35
3857	44
3858	46
3859	38
3860	26
3861	44
3862	36
3863	33
3864	40
3865	31
3866	35
3867	37
3868	35
3869	33
3870	48
3871	45
3872	36
3873	43
3874	32
3875	37
3876	32
3877	39
3878	38
3879	36
3880	36
3881	36
3882	39
3883	39
3884	45
3885	36
3886	40
3887	40
3888	39
3889	37
3890	46
3891	34
3892	53
3893	35
3894	42
3895	35
3896	33
3897	47
3898	51
3899	51
3900	42
3901	30
3902	42
3903	48
3904	34
3905	33
3906	35
3907	37
3908	47
3909	35
3910	37
3911	31
3912	30
3913	44
3914	30
3915	54
3916	32
3917	39
3918	32
3919	37
3920	47
3921	46
3922	36
3923	50
3924	52
3925	36
3926	43
3927	40
3928	31
3929	45
3930	35
3931	48
3932	30
3933	41
3934	39
3935	31
3936	46
3937	37
3938	32
3939	50
3940	41
3941	38
3942	56
3943	40
3944	38
3945	42
3946	45
3947	38
3948	34
3949	35
3950	37
3951	43
3952	47
3953	39
3954	43
3955	44
3956	49
3957	33
3958	43
3959	48
3960	37
3961	35
3962	32
3963	39
3964	39
3965	32
3966	44
3967	38
3968	29
3969	27
3970	37
3971	43
3972	42
3973	32
3974	42
3975	38
3976	32
3977	38
3978	36
3979	29
3980	34
3981	35
3982	35
3983	38
3984	50
3985	31
3986	54
3987	46
3988	36
3989	41
3990	40
3991	31
3992	41
3993	36
3994	38
3995	28
3996	43
3997	40
3998	47
3999	42
4000	27
4001	35
4002	32
4003	35
4004	43
4005	38
4006	52
4007	39
4008	40
4009	33
4010	23
4011	35
4012	51
4013	39
4014	40
4015	40
4016	39
4017	40
4018	45
4019	46
4020	37
4021	36
4022	42
4023	27
4024	29
4025	35
4026	53
4027	45
4028	43
4029	41
4030	38
4031	46
4032	47
4033	44
4034	39
4035	42
4036	33
4037	41
4038	32
4039	38
4040	29
4041	34
4042	36
4043	31
4044	49
4045	48
4046	43
4047	47
4048	44
4049	46
4050	31
4051	52
4052	36
4053	39
4054	53
4055	37
4056	42
4057	34
4058	52
4059	39
4060	48
4061	47
4062	44
4063	38
4064	35
4065	44
4066	35
4067	42
4068	44
4069	40
4070	33
4071	35
4072	42
4073	46
4074	53
4075	31
4076	34
4077	49
4078	41
4079	34
4080	41
4081	47
4082	39
4083	45
4084	52
4085	46
4086	49
4087	39
4088	37
4089	49
4090	55
4091	38
4092	39
4093	50
4094	39
4095	38
4096	53
4097	36
4098	31
4099	35
4100	51
4101	41
4102	44
4103	51
4104	37
4105	62
4106	45
4107	37
4108	41
4109	29
4110	44
4111	33
4112	46
4113	48
4114	45
4115	36
4116	45
4117	45
4118	43
4119	44
4120	45
4121	59
4122	45
4123	46
4124	46
4125	52
4126	42
4127	39
4128	26
4129	44
4130	48
4131	39
4132	41
4133	40
4134	39
4135	38
4136	44
4137	33
4138	49
4139	42
4140	42
4141	48
4142	47
4143	35
4144	39
4145	47
4146	44
4147	33
4148	53
4149	45
4150	43
4151	45
4152	39
4153	43
4154	47
4155	47
4156	53
4157	54
4158	38
4159	44
4160	46
4161	51
4162	41
4163	46
4164	49
4165	40
4166	45
4167	54
4168	45
4169	41
4170	41
4171	35
4172	41
4173	49
4174	38
4175	44
4176	49
4177	47
4178	57
4179	39
4180	38
4181	50
4182	49
4183	44
4184	41
4185	46
4186	46
4187	59
4188	60
4189	51
4190	45
4191	38
4192	37
4193	40
4194	44
4195	48
4196	43
4197	47
4198	50
4199	58
4200	53
4201	44
4202	42
4203	45
4204	39
4205	48
4206	50
4207	43
4208	45
4209	36
4210	44
4211	57
4212	63
4213	52
4214	45
4215	43
4216	45
4217	55
4218	40
4219	47
4220	56
4221	45
4222	40
4223	53
4224	44
4225	41
4226	38
4227	44
4228	49
4229	40
4230	37
4231	43
4232	52
4233	50
4234	44
4235	51
4236	55
4237	43
4238	47
4239	40
4240	52
4241	51
4242	51
4243	44
4244	51
4245	44
4246	48
4247	42
4248	56
4249	35
4250	53
4251	50
4252	60
4253	48
4254	44
4255	44
4256	40
4257	56
4258	43
4259	36
4260	49
4261	45
4262	50
4263	57
4264	35
4265	36
4266	45
4267	41
4268	50
4269	51
4270	59
4271	41
4272	40
4273	38
4274	50
4275	60
4276	48
4277	41
4278	42
4279	52
4280	35
4281	53
4282	38
4283	42
4284	38
4285	43
4286	31
4287	41
4288	49
4289	38
4290	54
4291	48
4292	52
4293	42
4294	45
4295	54
4296	42
4297	46
4298	48
4299	48
4300	46
4301	52
4302	64
4303	52
4304	48
4305	54
4306	45
4307	46
4308	57
4309	42
4310	52
4311	53
4312	50
4313	50
4314	50
4315	42
4316	37
4317	52
4318	47
4319	39
4320	48
4321	51
4322	53
4323	46
4324	51
4325	50
4326	53
4327	49
4328	47
4329	40
4330	50
4331	56
4332	42
4333	47
4334	40
4335	43
4336	46
4337	49
4338	48
4339	44
4340	53
4341	43
4342	38
4343	47
4344	55
4345	45
4346	46
4347	56
4348	50
4349	47
4350	42
4351	40
4352	45
4353	40
4354	41
4355	44
4356	50
4357	55
4358	48
4359	42
4360	49
4361	40
4362	45
4363	42
4364	38
4365	51
4366	53
4367	43
4368	52
4369	37
4370	41
4371	45
4372	52
4373	56
4374	45
4375	54
4376	51
4377	58
4378	51
4379	42
4380	52
4381	57
4382	50
4383	53
4384	48
4385	53
4386	47
4387	35
4388	51
4389	43
4390	50
4391	52
4392	47
4393	39
4394	47
4395	41
4396	41
4397	47
4398	39
4399	33
4400	45
4401	41
4402	49
4403	55
4404	54
4405	51
4406	39
4407	48
4408	40
4409	50
4410	47
4411	47
4412	49
4413	52
4414	41
4415	36
4416	44
4417	53
4418	50
4419	45
4420	36
4421	39
4422	37
4423	46
4424	52
4425	63
4426	41
4427	36
4428	41
4429	44
4430	43
4431	52
4432	58
4433	47
4434	39
4435	39
4436	46
4437	52
4438	41
4439	50
4440	40
4441	41
4442	37
4443	38
4444	46
4445	46
4446	47
4447	47
4448	45
4449	41
4450	34
4451	47
4452	54
4453	45
4454	43
4455	41
4456	34
4457	39
4458	40
4459	54
4460	44
4461	50
4462	53
4463	44
4464	51
4465	52
4466	50
4467	49
4468	38
4469	57
4470	43
4471	53
4472	41
4473	45
4474	35
4475	49
4476	35
4477	48
4478	38
4479	38
4480	42
4481	36
4482	42
4483	41
4484	49
4485	42
4486	37
4487	55
4488	47
4489	44
4490	45
4491	46
4492	52
4493	39
4494	38
4495	54
4496	47
4497	44
4498	43
4499	45
4500	46
4501	40
4502	45
4503	38
4504	43
4505	45
4506	42
4507	41
4508	41
4509	35
4510	42
4511	38
4512	37
4513	28
4514	33
4515	45
4516	47
4517	48
4518	42
4519	38
4520	53
4521	48
4522	45
4523	41
4524	34
4525	40
4526	46
4527	35
4528	46
4529	38
4530	51
4531	43
4532	41
4533	36
4534	59
4535	39
4536	39
4537	36
4538	48
4539	39
4540	54
4541	45
4542	38
4543	49
4544	42
4545	36
4546	39
4547	38
4548	43
4549	47
4550	48
4551	35
4552	41
4553	30
4554	35
4555	45
4556	40
4557	40
4558	37
4559	42
4560	37
4561	47
4562	41
4563	37
4564	31
4565	45
4566	54
4567	47
4568	45
4569	49
4570	49
4571	44
4572	34
4573	62
4574	34
4575	42
4576	42
4577	44
4578	37
4579	43
4580	39
4581	53
4582	40
4583	43
4584	40
4585	34
4586	32
4587	36
4588	49
4589	34
4590	40
4591	48
4592	35
4593	34
4594	42
4595	35
4596	39
4597	35
4598	36
4599	40
4600	42
4601	38
4602	35
4603	35
4604	34
4605	39
4606	37
4607	29
4608	42
4609	28
4610	44
4611	35
4612	37
4613	35
4614	39
4615	42
4616	46
4617	40
4618	47
4619	35
4620	50
4621	28
4622	39
4623	34
4624	39
4625	41
4626	40
4627	32
4628	35
4629	38
4630	43
4631	34
4632	41
4633	34
4634	37
4635	40
4636	35
4637	39
4638	37
4639	45
4640	50
4641	37
4642	42
4643	33
4644	41
4645	39
4646	34
4647	44
4648	42
4649	39
4650	37
4651	31
4652	42
4653	34
4654	47
4655	51
4656	39
4657	36
4658	36
4659	35
4660	31
4661	32
4662	34
4663	40
4664	34
4665	41
4666	36
4667	43
4668	31
4669	35
4670	32
4671	36
4672	27
4673	50
4674	32
4675	49
4676	40
4677	41
4678	47
4679	28
4680	33
4681	28
4682	33
4683	47
4684	42
4685	42
4686	49
4687	34
4688	27
4689	37
4690	36
4691	29
4692	29
4693	42
4694	28
4695	30
4696	31
4697	26
4698	38
4699	38
4700	41
4701	40
4702	35
4703	43
4704	43
4705	31
4706	33
4707	36
4708	43
4709	30
4710	21
4711	26
4712	26
4713	41
4714	33
4715	45
4716	34
4717	29
4718	38
4719	35
4720	44
4721	31
4722	29
4723	36
4724	29
4725	45
4726	40
4727	41
4728	30
4729	34
4730	32
4731	41
4732	32
4733	30
4734	43
4735	40
4736	39
4737	29
4738	41
4739	21
4740	31
4741	37
4742	27
4743	26
4744	38
4745	37
4746	33
4747	33
4748	29
4749	34
4750	40
4751	31
4752	36
4753	36
4754	25
4755	33
4756	44
4757	35
4758	37
4759	27
4760	30
4761	39
4762	31
4763	34
4764	31
4765	34
4766	34
4767	36
4768	31
4769	32
4770	38
4771	17
4772	34
4773	26
4774	29
4775	36
4776	43
4777	19
4778	33
4779	32
4780	39
4781	20
4782	43
4783	29
4784	40
4785	28
4786	36
4787	32
4788	23
4789	30
4790	27
4791	42
4792	40
4793	36
4794	20
4795	20
4796	28
4797	38
4798	25
4799	34
4800	44
4801	25
4802	30
4803	34
4804	39
4805	25
4806	42
4807	29
4808	35
4809	29
4810	32
4811	35
4812	33
4813	31
4814	32
4815	44
4816	30
4817	23
4818	35
4819	25
4820	32
4821	25
4822	29
4823	33
4824	29
4825	21
4826	31
4827	24
4828	27
4829	37
4830	32
4831	29
4832	23
4833	36
4834	23
4835	24
4836	31
4837	30
4838	25
4839	25
4840	31
4841	22
4842	24
4843	32
4844	24
4845	37
4846	43
4847	25
4848	24
4849	30
4850	24
4851	43
4852	27
4853	29
4854	27
4855	32
4856	25
4857	27
4858	29
4859	21
4860	32
4861	36
4862	35
4863	36
4864	39
4865	35
4866	31
4867	26
4868	20
4869	31
4870	38
4871	31
4872	22
4873	36
4874	25
4875	38
4876	26
4877	22
4878	35
4879	22
4880	29
4881	34
4882	28
4883	26
4884	29
4885	29
4886	29
4887	31
4888	29
4889	26
4890	34
4891	31
4892	21
4893	27
4894	31
4895	23
4896	25
4897	21
4898	27
4899	24
4900	30
4901	25
4902	22
4903	36
4904	25
4905	34
4906	33
4907	25
4908	31
4909	27
4910	34
4911	38
4912	25
4913	32
4914	20
4915	28
4916	22
4917	23
4918	27
4919	35
4920	20
4921	24
4922	28
4923	30
4924	22
4925	24
4926	27
4927	27
4928	19
4929	21
4930	30
4931	25
4932	28
4933	25
4934	28
4935	20
4936	25
4937	35
4938	21
4939	24
4940	31
4941	34
4942	35
4943	28
4944	23
4945	27
4946	37
4947	32
4948	28
4949	26
4950	32
4951	24
4952	28
4953	29
4954	20
4955	24
4956	18
4957	25
4958	22
4959	16
4960	38
4961	28
4962	23
4963	29
4964	29
4965	26
4966	27
4967	22
4968	24
4969	31
4970	26
4971	38
4972	34
4973	30
4974	27
4975	17
4976	34
4977	26
4978	21
4979	19
4980	26
4981	20
4982	21
4983	25
4984	19
4985	27
4986	28
4987	20
4988	27
4989	30
4990	27
4991	23
4992	20
4993	21
4994	32
4995	20
4996	15
4997	34
4998	24
4999	31
5000	28
5001	24
5002	18
5003	20
5004	27
5005	17
5006	23
5007	26
5008	23
5009	23
5010	25
5011	32
5012	29
5013	21
5014	22
5015	24
5016	24
5017	24
5018	24
5019	26
5020	31
5021	19
5022	22
5023	31
5024	19
5025	19
5026	21
5027	25
5028	24
5029	25
5030	26
5031	21
5032	23
5033	21
5034	22
5035	36
5036	25
5037	19
5038	26
5039	23
5040	24
5041	15
5042	13
5043	25
5044	30
5045	27
5046	20
5047	18
5048	26
5049	24
5050	32
5051	18
5052	19
5053	21
5054	27
5055	20
5056	26
5057	31
5058	16
5059	29
5060	19
5061	15
5062	20
5063	28
5064	20
5065	23
5066	24
5067	21
5068	19
5069	28
5070	32
5071	25
5072	22
5073	23
5074	24
5075	15
5076	25
5077	27
5078	30
5079	19
5080	21
5081	30
5082	23
5083	30
5084	9
5085	24
5086	15
5087	32
5088	27
5089	30
5090	36
5091	18
5092	31
5093	30
5094	27
5095	22
5096	24
5097	23
5098	24
5099	19
5100	20
5101	24
5102	23
5103	24
5104	17
5105	17
5106	20
5107	18
5108	24
5109	23
5110	19
5111	26
5112	22
5113	22
5114	25
5115	19
5116	22
5117	19
5118	22
5119	25
5120	23
5121	16
5122	22
5123	32
5124	29
5125	28
5126	22
5127	22
5128	22
5129	19
5130	14
5131	23
5132	15
5133	23
5134	20
5135	25
5136	26
5137	10
5138	18
5139	25
5140	21
5141	26
5142	13
5143	26
5144	17
5145	21
5146	20
5147	21
5148	17
5149	36
5150	23
5151	19
5152	21
5153	25
5154	21
5155	11
5156	18
5157	26
5158	15
5159	20
5160	23
5161	28
5162	16
5163	18
5164	13
5165	9
5166	25
5167	28
5168	22
5169	12
5170	16
5171	16
5172	13
5173	27
5174	22
5175	14
5176	16
5177	22
5178	23
5179	18
5180	16
5181	23
5182	22
5183	16
5184	19
5185	25
5186	19
5187	21
5188	21
5189	22
5190	20
5191	17
5192	22
5193	21
5194	13
5195	21
5196	23
5197	21
5198	16
5199	27
5200	22
5201	20
5202	23
5203	19
5204	10
5205	22
5206	25
5207	19
5208	21
5209	26
5210	17
5211	14
5212	16
5213	19
5214	22
5215	14
5216	16
5217	18
5218	23
5219	19
5220	21
5221	16
5222	33
5223	19
5224	12
5225	22
5226	17
5227	18
5228	18
5229	18
5230	16
5231	20
5232	17
5233	20
5234	18
5235	18
5236	22
5237	23
5238	24
5239	23
5240	13
5241	20
5242	17
5243	14
5244	12
5245	18
5246	13
5247	29
5248	26
5249	21
5250	20
5251	12
5252	12
5253	16
5254	19
5255	15
5256	10
5257	13
5258	16
5259	15
5260	23
5261	19
5262	20
5263	17
5264	15
5265	15
5266	20
5267	20
5268	15
5269	17
5270	20
5271	23
5272	16
5273	15
5274	24
5275	16
5276	18
5277	17
5278	14
5279	17
5280	18
5281	21
5282	14
5283	17
5284	18
5285	20
5286	23
5287	22
5288	18
5289	16
5290	18
5291	22
5292	27
5293	12
5294	13
5295	15
5296	24
5297	11
5298	19
5299	19
5300	12
5301	11
5302	10
5303	13
5304	12
5305	17
5306	11
5307	19
5308	19
5309	18
5310	18
5311	15
5312	20
5313	17
5314	19
5315	16
5316	24
5317	14
5318	11
5319	19
5320	18
5321	18
5322	10
5323	15
5324	12
5325	11
5326	15
5327	21
5328	21
5329	21
5330	15
5331	14
5332	8
5333	15
5334	18
5335	15
5336	19
5337	14
5338	31
5339	18
5340	10
5341	18
5342	17
5343	13
5344	25
5345	17
5346	24
5347	20
5348	15
5349	21
5350	27
5351	16
5352	9
5353	19
5354	19
5355	16
5356	23
5357	9
5358	12
5359	5
5360	19
5361	16
5362	12
5363	12
5364	21
5365	14
5366	16
5367	14
5368	11
5369	12
5370	19
5371	19
5372	18
5373	11
5374	21
5375	15
5376	9
5377	16
5378	24
5379	17
5380	16
5381	13
5382	22
5383	17
5384	12
5385	15
5386	11
5387	17
5388	11
5389	15
5390	18
5391	13
5392	25
5393	16
5394	20
5395	16
5396	15
5397	14
5398	19
5399	14
5400	13
5401	13
5402	22
5403	13
5404	11
5405	17
5406	14
5407	12
5408	19
5409	18
5410	20
5411	12
5412	15
5413	11
5414	16
5415	14
5416	12
5417	12
5418	14
5419	18
5420	13
5421	14
5422	21
5423	20
5424	18
5425	13
5426	17
5427	13
5428	11
5429	20
5430	14
5431	12
5432	13
5433	16
5434	19
5435	14
5436	20
5437	14
5438	14
5439	14
5440	19
5441	18
5442	20
5443	9
5444	19
5445	18
5446	16
5447	20
5448	13
5449	14
5450	14
5451	21
5452	21
5453	23
5454	18
5455	17
5456	15
5457	11
5458	10
5459	21
5460	14
5461	10
5462	14
5463	16
5464	15
5465	7
5466	10
5467	13
5468	6
5469	13
5470	10
5471	13
5472	13
5473	20
5474	10
5475	15
5476	16
5477	16
5478	17
5479	9
5480	15
5481	15
5482	17
5483	12
5484	16
5485	19
5486	15
5487	13
5488	16
5489	12
5490	18
5491	14
5492	15
5493	13
5494	12
5495	14
5496	18
5497	18
5498	12
5499	11
5500	13
5501	14
5502	16
5503	17
5504	11
5505	15
5506	16
5507	11
5508	12
5509	13
5510	13
5511	14
5512	19
5513	11
5514	13
5515	22
5516	17
5517	14
5518	10
5519	20
5520	13
5521	9
5522	10
5523	19
5524	16
5525	13
5526	12
5527	10
5528	17
5529	12
5530	23
5531	12
5532	13
5533	14
5534	14
5535	10
5536	12
5537	11
5538	12
5539	15
5540	16
5541	14
5542	13
5543	12
5544	15
5545	9
5546	15
5547	14
5548	18
5549	17
5550	15
5551	19
5552	16
5553	11
5554	15
5555	13
5556	15
5557	13
5558	13
5559	19
5560	20
5561	11
5562	6
5563	11
5564	12
5565	10
5566	15
5567	9
5568	18
5569	9
5570	16
5571	15
5572	15
5573	9
5574	18
5575	13
5576	11
5577	14
5578	6
5579	14
5580	10
5581	19
5582	13
5583	17
5584	17
5585	9
5586	10
5587	14
5588	13
5589	11
5590	14
5591	8
5592	13
5593	12
5594	12
5595	6
5596	9
5597	9
5598	17
5599	12
5600	8
5601	9
5602	21
5603	12
5604	17
5605	12
5606	17
5607	11
5608	15
5609	14
5610	5
5611	8
5612	8
5613	17
5614	12
5615	13
5616	10
5617	13
5618	13
5619	8
5620	13
5621	18
5622	13
5623	12
5624	8
5625	8
5626	10
5627	11
5628	14
5629	11
5630	15
5631	9
5632	13
5633	8
5634	14
5635	11
5636	11
5637	13
5638	14
5639	10
5640	14
5641	19
5642	15
5643	11
5644	15
5645	6
5646	13
5647	18
5648	14
5649	12
5650	9
5651	13
5652	12
5653	15
5654	14
5655	15
5656	9
5657	14
5658	11
5659	9
5660	7
5661	17
5662	11
5663	8
5664	23
5665	12
5666	14
5667	11
5668	12
5669	12
5670	9
5671	18
5672	15
5673	11
5674	8
5675	9
5676	7
5677	7
5678	10
5679	13
5680	10
5681	7
5682	8
5683	14
5684	12
5685	12
5686	13
5687	12
5688	21
5689	10
5690	20
5691	17
5692	15
5693	8
5694	14
5695	13
5696	9
5697	15
5698	9
5699	14
5700	12
5701	10
5702	10
5703	10
5704	6
5705	16
5706	19
5707	15
5708	13
5709	12
5710	13
5711	7
5712	17
5713	14
5714	16
5715	6
5716	13
5717	12
5718	13
5719	13
5720	10
5721	8
5722	6
5723	16
5724	16
5725	6
5726	13
5727	10
5728	12
5729	12
5730	2
5731	9
5732	15
5733	22
5734	4
5735	14
5736	10
5737	21
5738	13
5739	10
5740	11
5741	12
5742	11
5743	12
5744	8
5745	18
5746	11
5747	8
5748	19
5749	15
5750	15
5751	15
5752	11
5753	5
5754	13
5755	11
5756	18
5757	11
5758	6
5759	12
5760	10
5761	10
5762	16
5763	11
5764	9
5765	11
5766	10
5767	9
5768	11
5769	14
5770	13
5771	12
5772	9
5773	6
5774	12
5775	9
5776	7
5777	11
5778	15
5779	8
5780	11
5781	10
5782	14
5783	12
5784	17
5785	19
5786	15
5787	9
5788	8
5789	7
5790	11
5791	15
5792	10
5793	8
5794	10
5795	20
5796	11
5797	5
5798	11
5799	10
5800	18
5801	11
5802	12
5803	12
5804	13
5805	11
5806	11
5807	14
5808	17
5809	6
5810	14
5811	13
5812	6
5813	12
5814	12
5815	10
5816	9
5817	14
5818	12
5819	12
5820	7
5821	13
5822	9
5823	9
5824	10
5825	11
5826	8
5827	7
5828	11
5829	4
5830	11
5831	11
5832	15
5833	6
5834	7
5835	7
5836	10
5837	15
5838	14
5839	7
5840	14
5841	11
5842	12
5843	11
5844	8
5845	15
5846	6
5847	11
5848	11
5849	5
5850	10
5851	14
5852	12
5853	11
5854	6
5855	8
5856	10
5857	8
5858	20
5859	10
5860	14
5861	12
5862	9
5863	7
5864	5
5865	5
5866	22
5867	5
5868	10
5869	7
5870	11
5871	11
5872	7
5873	13
5874	9
5875	3
5876	16
5877	11
5878	14
5879	12
5880	14
5881	11
5882	12
5883	13
5884	11
5885	19
5886	8
5887	12
5888	10
5889	9
5890	15
5891	10
5892	12
5893	6
5894	14
5895	9
5896	6
5897	9
5898	14
5899	11
5900	6
5901	18
5902	14
5903	9
5904	16
5905	9
5906	21
5907	10
5908	9
5909	6
5910	19
5911	12
5912	8
5913	7
5914	8
5915	7
5916	14
5917	9
5918	7
5919	14
5920	7
5921	7
5922	7
5923	8
5924	11
5925	6
5926	8
5927	11
5928	18
5929	6
5930	8
5931	17
5932	6
5933	9
5934	17
5935	8
5936	11
5937	9
5938	8
5939	8
5940	8
5941	14
5942	7
5943	12
5944	10
5945	19
5946	6
5947	14
5948	13
5949	19
5950	12
5951	10
5952	11
5953	11
5954	9
5955	10
5956	16
5957	8
5958	9
5959	14
5960	10
5961	12
5962	12
5963	9
5964	13
5965	10
5966	14
5967	8
5968	6
5969	7
5970	8
5971	8
5972	12
5973	7
5974	12
5975	8
5976	5
5977	13
5978	12
5979	12
5980	10
5981	11
5982	14
5983	5
5984	5
5985	14
5986	9
5987	9
5988	12
5989	5
5990	11
5991	16
5992	9
5993	13
5994	12
5995	8
5996	14
5997	7
5998	11
5999	11
6000	11
6001	9
6002	14
6003	13
6004	8
6005	7
6006	9
6007	13
6008	12
6009	13
6010	14
6011	17
6012	12
6013	7
6014	14
6015	9
6016	15
6017	9
6018	8
6019	9
6020	13
6021	9
6022	7
6023	12
6024	10
6025	9
6026	10
6027	15
6028	10
6029	10
6030	3
6031	11
6032	6
6033	15
6034	10
6035	13
6036	7
6037	14
6038	16
6039	5
6040	12
6041	11
6042	14
6043	13
6044	9
6045	9
6046	12
6047	9
6048	4
6049	9
6050	11
6051	15
6052	12
6053	9
6054	9
6055	14
6056	10
6057	6
6058	6
6059	6
6060	10
6061	7
6062	10
6063	11
6064	10
6065	12
6066	11
6067	10
6068	19
6069	11
6070	15
6071	7
6072	6
6073	9
6074	9
6075	9
6076	19
6077	10
6078	14
6079	15
6080	8
6081	8
6082	12
6083	14
6084	11
6085	10
6086	10
6087	8
6088	9
6089	8
6090	6
6091	10
6092	12
6093	8
6094	8
6095	10
6096	7
6097	10
6098	8
6099	9
6100	15
6101	10
6102	12
6103	10
6104	9
6105	11
6106	9
6107	7
6108	9
6109	8
6110	12
6111	17
6112	11
6113	11
6114	8
6115	12
6116	9
6117	7
6118	10
6119	11
6120	8
6121	10
6122	15
6123	10
6124	11
6125	13
6126	10
6127	11
6128	8
6129	7
6130	8
6131	6
6132	8
6133	7
6134	9
6135	6
6136	10
6137	9
6138	9
6139	8
6140	9
6141	11
6142	7
6143	13
6144	11
6145	11
6146	11
6147	14
6148	12
6149	10
6150	9
6151	8
6152	4
6153	3
6154	13
6155	5
6156	6
6157	14
6158	13
6159	14
6160	6
6161	4
6162	4
6163	11
6164	14
6165	9
6166	8
6167	9
6168	6
6169	8
6170	13
6171	5
6172	10
6173	12
6174	7
6175	19
6176	12
6177	11
6178	10
6179	8
6180	10
6181	13
6182	11
6183	10
6184	9
6185	11
6186	10
6187	8
6188	14
6189	9
6190	11
6191	13
6192	12
6193	7
6194	9
6195	14
6196	8
6197	12
6198	9
6199	13
6200	10
6201	10
6202	9
6203	7
6204	11
6205	16
6206	10
6207	10
6208	12
6209	13
6210	15
6211	7
6212	12
6213	13
6214	13
6215	10
6216	12
6217	13
6218	13
6219	8
6220	9
6221	12
6222	6
6223	9
6224	11
6225	11
6226	8
6227	12
6228	7
6229	6
6230	5
6231	13
6232	8
6233	12
6234	10
6235	10
6236	14
6237	20
6238	7
6239	10
6240	14
6241	7
6242	8
6243	12
6244	18
6245	9
6246	10
6247	10
6248	10
6249	9
6250	11
6251	16
6252	9
6253	11
6254	17
6255	8
6256	8
6257	11
6258	15
6259	16
6260	7
6261	12
6262	6
6263	12
6264	13
6265	10
6266	7
6267	8
6268	9
6269	9
6270	9
6271	7
6272	11
6273	9
6274	14
6275	13
6276	14
6277	10
6278	11
6279	13
6280	8
6281	6
6282	11
6283	9
6284	12
6285	14
6286	16
6287	8
6288	14
6289	12
6290	11
6291	9
6292	16
6293	12
6294	6
6295	5
6296	10
6297	6
6298	11
6299	16
6300	9
6301	12
6302	12
6303	17
6304	12
6305	10
6306	14
6307	16
6308	9
6309	10
6310	9
6311	6
6312	14
6313	11
6314	12
6315	16
6316	9
6317	12
6318	8
6319	2
6320	9
6321	9
6322	7
6323	6
6324	10
6325	12
6326	10
6327	13
6328	6
6329	8
6330	10
6331	11
6332	9
6333	14
6334	8
6335	10
6336	7
6337	15
6338	10
6339	12
6340	8
6341	5
6342	9
6343	8
6344	10
6345	12
6346	13
6347	10
6348	8
6349	7
6350	12
6351	12
6352	8
6353	16
6354	11
6355	15
6356	13
6357	16
6358	12
6359	7
6360	15
6361	12
6362	10
6363	20
6364	11
6365	12
6366	10
6367	9
6368	14
6369	11
6370	6
6371	9
6372	12
6373	8
6374	11
6375	16
6376	10
6377	11
6378	9
6379	9
6380	14
6381	17
6382	15
6383	24
6384	17
6385	16
6386	14
6387	15
6388	10
6389	11
6390	12
6391	12
6392	11
6393	14
6394	14
6395	8
6396	10
6397	10
6398	14
6399	10
6400	12
6401	15
6402	10
6403	11
6404	11
6405	10
6406	10
6407	7
6408	14
6409	17
6410	11
6411	9
6412	12
6413	18
6414	8
6415	8
6416	15
6417	15
6418	13
6419	11
6420	12
6421	14
6422	11
6423	10
6424	5
6425	8
6426	17
6427	8
6428	12
6429	11
6430	14
6431	8
6432	15
6433	13
6434	12
6435	12
6436	8
6437	10
6438	10
6439	14
6440	11
6441	13
6442	9
6443	13
6444	15
6445	11
6446	21
6447	6
6448	8
6449	12
6450	9
6451	11
6452	9
6453	14
6454	11
6455	9
6456	19
6457	10
6458	13
6459	17
6460	7
6461	10
6462	10
6463	14
6464	13
6465	13
6466	13
6467	11
6468	17
6469	14
6470	14
6471	12
6472	11
6473	9
6474	21
6475	9
6476	5
6477	9
6478	13
6479	16
6480	11
6481	10
6482	8
6483	20
6484	13
6485	6
6486	14
6487	11
6488	17
6489	12
6490	17
6491	13
6492	12
6493	17
6494	9
6495	11
6496	18
6497	11
6498	17
6499	23
6500	19
6501	14
6502	9
6503	11
6504	20
6505	11
6506	17
6507	21
6508	18
6509	20
6510	10
6511	10
6512	7
6513	14
6514	11
6515	12
6516	10
6517	6
6518	13
6519	10
6520	18
6521	17
6522	9
6523	16
6524	17
6525	15
6526	11
6527	17
6528	19
6529	12
6530	9
6531	18
6532	18
6533	9
6534	10
6535	12
6536	15
6537	12
6538	21
6539	14
6540	14
6541	11
6542	13
6543	11
6544	8
6545	17
6546	22
6547	19
6548	22
6549	11
6550	12
6551	13
6552	18
6553	10
6554	17
6555	10
6556	21
6557	12
6558	14
6559	16
6560	14
6561	17
6562	17
6563	18
6564	15
6565	14
6566	12
6567	16
6568	12
6569	13
6570	8
6571	17
6572	18
6573	17
6574	11
6575	19
6576	14
6577	10
6578	14
6579	9
6580	19
6581	13
6582	22
6583	10
6584	13
6585	20
6586	17
6587	13
6588	13
6589	15
6590	11
6591	11
6592	17
6593	17
6594	12
6595	13
6596	22
6597	11
6598	16
6599	15
6600	13
6601	12
6602	17
6603	17
6604	11
6605	16
6606	15
6607	13
6608	23
6609	20
6610	16
6611	15
6612	13
6613	12
6614	16
6615	13
6616	23
6617	23
6618	16
6619	16
6620	13
6621	15
6622	24
6623	7
6624	14
6625	14
6626	13
6627	18
6628	13
6629	11
6630	21
6631	20
6632	16
6633	5
6634	12
6635	15
6636	10
6637	18
6638	14
6639	21
6640	19
6641	24
6642	14
6643	15
6644	11
6645	9
6646	19
6647	14
6648	13
6649	21
6650	19
6651	18
6652	21
6653	13
6654	16
6655	14
6656	9
6657	13
6658	14
6659	11
6660	10
6661	15
6662	18
6663	15
6664	13
6665	17
6666	15
6667	21
6668	10
6669	11
6670	13
6671	19
6672	15
6673	19
6674	17
6675	15
6676	17
6677	15
6678	19
6679	16
6680	12
6681	22
6682	18
6683	13
6684	21
6685	16
6686	20
6687	23
6688	15
6689	10
6690	19
6691	14
6692	19
6693	13
6694	17
6695	13
6696	19
6697	16
6698	12
6699	7
6700	14
6701	21
6702	20
6703	16
6704	17
6705	16
6706	15
6707	11
6708	21
6709	24
6710	20
6711	18
6712	12
6713	22
6714	15
6715	15
6716	23
6717	16
6718	21
6719	14
6720	20
6721	15
6722	16
6723	14
6724	17
6725	15
6726	25
6727	16
6728	19
6729	13
6730	12
6731	19
6732	11
6733	15
6734	6
6735	20
6736	15
6737	16
6738	17
6739	12
6740	15
6741	27
6742	12
6743	12
6744	13
6745	18
6746	18
6747	15
6748	15
6749	20
6750	14
6751	13
6752	15
6753	15
6754	12
6755	17
6756	15
6757	16
6758	17
6759	20
6760	13
6761	13
6762	13
6763	15
6764	10
6765	29
6766	24
6767	9
6768	14
6769	16
6770	9
6771	20
6772	18
6773	18
6774	12
6775	12
6776	16
6777	21
6778	20
6779	11
6780	17
6781	13
6782	15
6783	8
6784	12
6785	14
6786	17
6787	13
6788	16
6789	15
6790	15
6791	14
6792	11
6793	16
6794	16
6795	16
6796	9
6797	17
6798	14
6799	19
6800	16
6801	13
6802	11
6803	8
6804	19
6805	17
6806	17
6807	18
6808	12
6809	8
6810	16
6811	13
6812	10
6813	15
6814	7
6815	14
6816	17
6817	15
6818	10
6819	18
6820	7
6821	9
6822	12
6823	6
6824	14
6825	11
6826	11
6827	17
6828	16
6829	14
6830	19
6831	15
6832	12
6833	12
6834	11
6835	13
6836	15
6837	13
6838	17
6839	13
6840	11
6841	10
6842	7
6843	10
6844	11
6845	15
6846	9
6847	15
6848	11
6849	15
6850	11
6851	9
6852	14
6853	12
6854	13
6855	9
6856	10
6857	9
6858	9
6859	17
6860	5
6861	10
6862	7
6863	10
6864	12
6865	16
6866	11
6867	10
6868	11
6869	7
6870	10
6871	8
6872	14
6873	13
6874	13
6875	10
6876	11
6877	10
6878	11
6879	9
6880	15
6881	13
6882	5
6883	6
6884	10
6885	10
6886	10
6887	8
6888	10
6889	11
6890	6
6891	15
6892	13
6893	9
6894	7
6895	13
6896	10
6897	9
6898	7
6899	13
6900	8
6901	8
6902	7
6903	11
6904	4
6905	14
6906	4
6907	7
6908	11
6909	6
6910	8
6911	7
6912	6
6913	14
6914	8
6915	9
6916	14
6917	14
6918	4
6919	6
6920	9
6921	12
6922	9
6923	9
6924	8
6925	4
6926	8
6927	10
6928	9
6929	13
6930	4
6931	10
6932	5
6933	6
6934	8
6935	8
6936	7
6937	7
6938	11
6939	12
6940	7
6941	10
6942	5
6943	4
6944	6
6945	7
6946	5
6947	7
6948	8
6949	2
6950	8
6951	11
6952	1
6953	6
6954	9
6955	6
6956	15
6957	10
6958	8
6959	6
6960	6
6961	8
6962	6
6963	8
6964	8
6965	4
6966	12
6967	11
6968	7
6969	9
6970	9
6971	4
6972	4
6973	7
6974	7
6975	7
6976	10
6977	4
6978	4
6979	10
6980	6
6981	5
6982	5
6983	5
6984	7
6985	8
6986	8
6987	10
6988	2
6989	7
6990	8
6991	6
6992	4
6993	8
6994	6
6995	5
6996	4
6997	6
6998	5
6999	5
7000	9
7001	4
7002	5
7003	3
7004	3
7005	2
7006	6
7007	3
7008	8
7009	12
7010	4
7011	11
7012	7
7013	10
7014	2
7015	10
7016	7
7017	3
7018	4
7019	3
7020	7
7021	6
7022	6
7023	6
7024	8
7025	2
7026	7
7027	7
7028	1
7029	4
7030	2
7031	4
7032	2
7033	6
7034	7
7035	2
7036	3
7037	4
7038	5
7039	4
7040	3
7041	7
7042	5
7043	3
7044	2
7045	8
7046	3
7047	3
7048	7
7049	5
7050	9
7051	3
7052	0
7053	4
7054	7
7055	1
7056	1
7057	5
7058	2
7059	1
7060	4
7061	5
7062	4
7063	2
7064	5
7065	3
7066	4
7067	5
7068	1
7069	3
7070	5
7071	3
7072	3
7073	2
7074	3
7075	4
7076	5
7077	3
7078	1
7079	3
7080	3
7081	4
7082	4
7083	1
7084	4
7085	2
7086	3
7087	5
7088	5
7089	4
7090	1
7091	5
7092	1
7093	1
7094	1
7095	2
7096	4
7097	1
7098	4
7099	4
7100	0
7101	4
7102	2
7103	2
7104	0
7105	4
7106	2
7107	4
7108	1
7109	3
7110	1
7111	2
7112	3
7113	1
7114	0
7115	4
7116	0
7117	0
7118	3
7119	2
7120	1
7121	3
7122	4
7123	3
7124	1
7125	0
7126	4
7127	0
7128	1
7129	1
7130	2
7131	7
7132	1
7133	1
7134	0
7135	1
7136	3
7137	3
7138	1
7139	1
7140	3
7141	2
7142	1
7143	1
7144	0
7145	1
7146	0
7147	2
7148	1
7149	2
7150	1
7151	2
7152	1
7153	3
7154	1
7155	1
7156	2
7157	4
7158	0
7159	4
7160	2
7161	1
7162	0
7163	1
7164	1
7165	0
7166	1
7167	0
7168	1
7169	2
7170	0
7171	0
7172	2
7173	1
7174	4
7175	0
7176	1
7177	3
7178	1
7179	3
7180	1
7181	1
7182	0
7183	0
7184	1
7185	3
7186	2
7187	2
7188	1
7189	2
7190	0
7191	2
7192	0
7193	2
7194	0
7195	3
7196	1
7197	3
7198	0
7199	2
7200	2
7201	3
7202	0
7203	0
7204	1
7205	0
7206	1
7207	0
7208	0
7209	0
7210	1
7211	1
7212	1
7213	1
7214	3
7215	1
7216	2
7217	0
7218	1
7219	0
7220	1
7221	2
7222	1
7223	1
7224	0
7225	1
7226	0
7227	1
7228	0
7229	1
7230	0
7231	1
7232	1
7233	0
7234	3
7235	2
7236	1
7237	1
7238	0
7239	1
7240	1
7241	1
7242	1
7243	0
7244	0
7245	0
7246	0
7247	1
7248	0
7249	2
7250	0
7251	0
7252	0
7253	0
7254	0
7255	1
7256	2
7257	1
7258	1
7259	0
7260	0
7261	1
7262	1
7263	1
7264	0
7265	0
7266	0
7267	0
7268	0
7269	2
7270	0
7271	2
7272	0
7273	2
7274	0
7275	0
7276	3
7277	3
7278	0
7279	0
7280	1
7281	0
7282	0
7283	0
7284	0
7285	2
7286	0
7287	2
7288	1
7289	1
7290	1
7291	0
7292	0
7293	0
7294	1
7295	2
7296	1
7297	2
7298	2
7299	0
7300	1
7301	0
7302	0
7303	0
7304	4
7305	0
7306	1
7307	3
7308	0
7309	1
7310	0
7311	2
7312	0
7313	0
7314	0
7315	0
7316	0
7317	1
7318	1
7319	1
7320	0
7321	0
7322	1
7323	1
7324	0
7325	0
7326	1
7327	0
7328	0
7329	0
7330	0
7331	2
7332	2
7333	1
7334	0
7335	1
7336	1
7337	0
7338	1
7339	0
7340	0
7341	0
7342	0
7343	0
7344	0
7345	1
7346	1
7347	0
7348	0
7349	1
7350	0
7351	0
7352	1
7353	1
7354	0
7355	1
7356	0
7357	1
7358	0
7359	0
7360	0
7361	0
7362	0
7363	1
7364	0
7365	0
7366	0
7367	0
7368	0
7369	1
7370	0
7371	3
7372	0
7373	0
7374	0
7375	0
7376	2
7377	1
7378	2
7379	0
7380	1
7381	2
7382	0
7383	0
7384	2
7385	0
7386	1
7387	0
7388	0
7389	1
7390	0
7391	0
7392	0
7393	1
7394	0
7395	1
7396	0
7397	0
7398	2
7399	0
7400	0
7401	0
7402	1
7403	0
7404	0
7405	1
7406	1
7407	1
7408	1
7409	1
7410	4
7411	0
7412	1
7413	0
7414	1
7415	0
7416	0
7417	0
7418	0
7419	1
7420	0
7421	1
7422	0
7423	1
7424	1
7425	1
7426	0
7427	0
7428	0
7429	0
7430	2
7431	0
7432	0
7433	0
7434	0
7435	0
7436	1
7437	0
7438	1
7439	0
7440	1
7441	0
7442	1
7443	0
7444	2
7445	1
7446	1
7447	1
7448	0
7449	2
7450	0
7451	1
7452	0
7453	0
7454	1
7455	0
7456	0
7457	0
7458	1
7459	1
7460	1
7461	1
7462	0
7463	0
7464	1
7465	0
7466	2
7467	1
7468	0
7469	1
7470	1
7471	1
7472	1
7473	0
7474	0
7475	0
7476	2
7477	0
7478	0
7479	1
7480	0
7481	0
7482	1
7483	1
7484	0
7485	0
7486	1
7487	0
7488	0
7489	2
7490	0
7491	0
7492	3
7493	1
7494	0
7495	1
7496	0
7497	0
7498	1
7499	0
7500	0
7501	0
7502	0
7503	1
7504	0
7505	1
7506	0
7507	1
7508	2
7509	0
7510	0
7511	0
7512	2
7513	0
7514	0
7515	0
7516	0
7517	0
7518	1
7519	1
7520	3
7521	0
7522	1
7523	1
7524	0
7525	4
7526	1
7527	0
7528	2
7529	0
7530	0
7531	1
7532	0
7533	0
7534	0
7535	0
7536	1
7537	0
7538	0
7539	0
7540	0
7541	0
7542	0
7543	0
7544	1
7545	0
7546	0
7547	0
7548	2
7549	0
7550	0
7551	2
7552	0
7553	0
7554	0
7555	1
7556	2
7557	1
7558	0
7559	0
7560	0
7561	1
7562	0
7563	0
7564	0
7565	1
7566	2
7567	2
7568	3
7569	0
7570	1
7571	0
7572	0
7573	1
7574	1
7575	0
7576	0
7577	0
7578	0
7579	0
7580	1
7581	0
7582	1
7583	1
7584	0
7585	0
7586	0
7587	1
7588	0
7589	0
7590	0
7591	1
7592	0
7593	0
7594	0
7595	0
7596	0
7597	2
7598	0
7599	3
7600	0
7601	2
7602	1
7603	0
7604	2
7605	2
7606	0
7607	2
7608	0
7609	0
7610	1
7611	0
7612	0
7613	0
7614	1
7615	0
7616	0
7617	1
7618	0
7619	0
7620	2
7621	0
7622	2
7623	0
7624	0
7625	2
7626	1
7627	1
7628	0
7629	0
7630	0
7631	1
7632	0
7633	0
7634	0
7635	0
7636	0
7637	0
7638	1
7639	0
7640	1
7641	0
7642	0
7643	0
7644	2
7645	2
7646	1
7647	1
7648	1
7649	1
7650	0
7651	0
7652	0
7653	1
7654	0
7655	0
7656	1
7657	0
7658	0
7659	1
7660	0
7661	0
7662	1
7663	0
7664	0
7665	0
7666	1
7667	0
7668	1
7669	0
7670	0
7671	0
7672	0
7673	2
7674	0
7675	1
7676	1
7677	0
7678	0
7679	0
7680	0
7681	1
7682	1
7683	1
7684	0
7685	0
7686	0
7687	0
7688	0
7689	3
7690	0
7691	1
7692	0
7693	0
7694	0
7695	0
7696	0
7697	2
7698	0
7699	2
7700	2
7701	2
7702	0
7703	0
7704	1
7705	0
7706	0
7707	0
7708	0
7709	0
7710	1
7711	0
7712	0
7713	0
7714	0
7715	0
7716	1
7717	0
7718	0
7719	0
7720	0
7721	0
7722	3
7723	1
7724	0
7725	0
7726	1
7727	0
7728	1
7729	1
7730	0
7731	0
7732	0
7733	0
7734	0
7735	0
7736	1
7737	0
7738	2
7739	0
7740	0
7741	0
7742	0
7743	0
7744	2
7745	0
7746	1
7747	0
7748	0
7749	0
7750	0
7751	0
7752	0
7753	0
7754	0
7755	2
7756	1
7757	0
7758	2
7759	0
7760	0
7761	1
7762	1
7763	1
7764	0
7765	0
7766	0
7767	0
7768	0
7769	1
7770	1
7771	0
7772	2
7773	1
7774	0
7775	0
7776	0
7777	2
7778	0
7779	0
7780	0
7781	0
7782	0
7783	0
7784	0
7785	0
7786	1
7787	0
7788	0
7789	0
7790	1
7791	0
7792	0
7793	0
7794	2
7795	0
7796	0
7797	1
7798	0
7799	1
7800	0
7801	0
7802	1
7803	1
7804	0
7805	0
7806	2
7807	0
7808	2
7809	0
7810	0
7811	0
7812	0
7813	0
7814	1
7815	0
7816	0
7817	0
7818	0
7819	0
7820	1
7821	3
7822	0
7823	1
7824	0
7825	1
7826	2
7827	1
7828	0
7829	1
7830	1
7831	0
7832	0
7833	0
7834	0
7835	0
7836	0
7837	1
7838	1
7839	0
7840	1
7841	1
7842	0
7843	1
7844	0
7845	1
7846	0
7847	1
7848	0
7849	0
7850	0
7851	0
7852	0
7853	0
7854	0
7855	0
7856	1
7857	0
7858	0
7859	0
7860	1
7861	0
7862	1
7863	0
7864	0
7865	1
7866	0
7867	0
7868	1
7869	0
7870	1
7871	0
7872	0
7873	0
7874	1
7875	0
7876	1
7877	0
7878	0
7879	0
7880	0
7881	0
7882	0
7883	0
7884	0
7885	0
7886	0
7887	0
7888	0
7889	0
7890	0
7891	1
7892	0
7893	0
7894	0
7895	1
7896	1
7897	1
7898	0
7899	0
7900	0
7901	2
7902	0
7903	2
7904	1
7905	0
7906	2
7907	1
7908	0
7909	0
7910	1
7911	1
7912	1
7913	0
7914	0
7915	1
7916	0
7917	1
7918	0
7919	1
7920	1
7921	0
7922	1
7923	0
7924	1
7925	1
7926	0
7927	0
7928	0
7929	0
7930	0
7931	0
7932	0
7933	1
7934	0
7935	2
7936	0
7937	2
7938	1
7939	0
7940	0
7941	1
7942	0
7943	0
7944	0
7945	0
7946	0
7947	0
7948	0
7949	0
7950	0
7951	1
7952	1
7953	0
7954	0
7955	0
7956	2
7957	1
7958	0
7959	0
7960	1
7961	0
7962	0
7963	1
7964	1
7965	0
7966	0
7967	0
7968	1
7969	1
7970	0
7971	0
7972	0
7973	0
7974	0
7975	1
7976	1
7977	2
7978	0
7979	0
7980	0
7981	1
7982	0
7983	0
7984	0
7985	1
7986	1
7987	1
7988	2
7989	0
7990	0
7991	0
7992	1
7993	0
7994	2
7995	1
7996	0
7997	1
7998	0
7999	0
8000	0
8001	1
8002	2
8003	0
8004	1
8005	0
8006	0
8007	0
8008	1
8009	0
8010	0
8011	0
8012	0
8013	1
8014	0
8015	1
8016	2
8017	1
8018	1
8019	1
8020	0
8021	1
8022	0
8023	0
8024	0
8025	0
8026	0
8027	1
8028	0
8029	0
8030	0
8031	2
8032	1
8033	0
8034	1
8035	1
8036	1
8037	0
8038	0
8039	0
8040	1
8041	1
8042	1
8043	0
8044	3
8045	0
8046	0
8047	0
8048	0
8049	0
8050	0
8051	1
8052	1
8053	3
8054	1
8055	0
8056	0
8057	1
8058	0
8059	0
8060	1
8061	0
8062	1
8063	3
8064	0
8065	1
8066	0
8067	1
8068	3
8069	1
8070	1
8071	1
8072	0
8073	1
8074	0
8075	0
8076	0
8077	0
8078	0
8079	0
8080	0
8081	0
8082	1
8083	1
8084	0
8085	1
8086	1
8087	0
8088	1
8089	0
8090	0
8091	0
8092	1
8093	1
8094	0
8095	0
8096	0
8097	1
8098	0
8099	0
8100	0
8101	0
8102	0
8103	0
8104	0
8105	0
8106	0
8107	0
8108	0
8109	0
8110	0
8111	0
8112	0
8113	0
8114	0
8115	0
8116	0
8117	0
8118	0
8119	0
8120	0
8121	0
8122	0
8123	0
8124	0
8125	0
8126	0
8127	0
8128	0
8129	0
8130	0
8131	0
8132	0
8133	0
8134	0
8135	0
8136	0
8137	0
8138	0
8139	0
8140	0
8141	0
8142	0
8143	0
8144	0
8145	0
8146	0
8147	0
8148	0
8149	0
8150	0
8151	0
8152	0
8153	0
8154	0
8155	0
8156	0
8157	0
8158	0
8159	0
8160	0
8161	0
8162	0
8163	0
8164	0
8165	0
8166	0
8167	0
8168	0
8169	0
8170	0
8171	0
8172	0
8173	0
8174	0
8175	0
8176	0
8177	0
8178	0
8179	0
8180	0
8181	0
8182	0
8183	0
8184	0
8185	0
8186	0
8187	0
8188	0
8189	0
8190	0
8191	0
