0	0
1	0
2	0
3	0
4	0
5	0
6	0
7	0
8	0
9	0
10	0
11	0
12	0
13	0
14	0
15	0
16	0
17	0
18	0
19	0
20	0
21	0
22	0
23	0
24	0
25	0
26	0
27	0
28	0
29	0
30	0
31	0
32	0
33	0
34	0
35	0
36	0
37	0
38	0
39	0
40	0
41	0
42	0
43	0
44	0
45	0
46	0
47	0
48	0
49	0
50	0
51	0
52	0
53	0
54	0
55	0
56	0
57	0
58	0
59	0
60	0
61	0
62	0
63	0
64	0
65	0
66	0
67	0
68	0
69	0
70	0
71	0
72	0
73	0
74	0
75	0
76	0
77	0
78	0
79	0
80	0
81	0
82	0
83	0
84	0
85	0
86	0
87	0
88	0
89	0
90	0
91	0
92	0
93	0
94	0
95	0
96	0
97	0
98	0
99	0
100	0
101	0
102	0
103	0
104	0
105	0
106	0
107	0
108	0
109	0
110	0
111	0
112	0
113	0
114	0
115	0
116	0
117	0
118	0
119	0
120	0
121	0
122	0
123	0
124	0
125	0
126	0
127	0
128	0
129	0
130	0
131	0
132	0
133	0
134	0
135	0
136	0
137	0
138	0
139	0
140	0
141	0
142	0
143	0
144	0
145	0
146	0
147	0
148	0
149	0
150	0
151	0
152	0
153	0
154	0
155	0
156	0
157	0
158	0
159	0
160	0
161	0
162	0
163	0
164	0
165	0
166	0
167	0
168	0
169	0
170	0
171	0
172	0
173	0
174	0
175	0
176	0
177	0
178	0
179	2
180	6
181	9
182	35
183	39
184	41
185	37
186	43
187	42
188	33
189	34
190	28
191	30
192	35
193	33
194	47
195	33
196	38
197	24
198	35
199	31
200	35
201	27
202	41
203	34
204	34
205	38
206	35
207	30
208	30
209	35
210	32
211	28
212	23
213	39
214	34
215	40
216	36
217	28
218	31
219	36
220	30
221	28
222	26
223	32
224	28
225	32
226	28
227	28
228	39
229	35
230	34
231	26
232	27
233	32
234	31
235	35
236	34
237	41
238	37
239	31
240	39
241	27
242	34
243	30
244	36
245	37
246	25
247	26
248	33
249	29
250	21
251	23
252	27
253	32
254	34
255	17
256	38
257	38
258	34
259	31
260	34
261	27
262	31
263	35
264	37
265	30
266	41
267	29
268	36
269	29
270	33
271	30
272	18
273	35
274	38
275	34
276	27
277	26
278	37
279	32
280	30
281	22
282	26
283	29
284	26
285	31
286	33
287	28
288	28
289	30
290	26
291	31
292	33
293	37
294	39
295	29
296	36
297	39
298	29
299	30
300	29
301	42
302	24
303	34
304	28
305	36
306	43
307	27
308	32
309	30
310	30
311	25
312	28
313	26
314	43
315	35
316	30
317	31
318	32
319	19
320	40
321	28
322	28
323	38
324	29
325	30
326	29
327	40
328	39
329	35
330	37
331	31
332	37
333	26
334	26
335	35
336	29
337	34
338	26
339	31
340	34
341	38
342	27
343	36
344	37
345	35
346	40
347	33
348	27
349	39
350	22
351	24
352	22
353	31
354	22
355	38
356	32
357	23
358	43
359	23
360	34
361	34
362	31
363	35
364	36
365	25
366	39
367	42
368	31
369	40
370	32
371	30
372	32
373	32
374	31
375	49
376	31
377	29
378	39
379	39
380	37
381	27
382	25
383	31
384	33
385	24
386	41
387	38
388	31
389	28
390	37
391	29
392	28
393	37
394	33
395	29
396	38
397	41
398	28
399	31
400	30
401	34
402	33
403	36
404	30
405	34
406	22
407	31
408	32
409	30
410	32
411	30
412	34
413	39
414	22
415	24
416	35
417	36
418	30
419	31
420	32
421	34
422	37
423	39
424	41
425	28
426	24
427	32
428	40
429	26
430	28
431	28
432	37
433	30
434	31
435	38
436	38
437	42
438	41
439	31
440	34
441	43
442	41
443	35
444	39
445	32
446	38
447	30
448	28
449	38
450	32
451	38
452	28
453	30
454	23
455	42
456	37
457	42
458	33
459	31
460	36
461	38
462	34
463	31
464	37
465	38
466	26
467	24
468	38
469	40
470	38
471	29
472	26
473	31
474	42
475	35
476	32
477	37
478	32
479	31
480	31
481	30
482	34
483	39
484	46
485	43
486	26
487	44
488	31
489	35
490	29
491	32
492	35
493	40
494	43
495	50
496	37
497	28
498	34
499	40
500	37
501	36
502	47
503	30
504	38
505	31
506	19
507	38
508	34
509	36
510	42
511	33
512	36
513	34
514	35
515	33
516	53
517	32
518	41
519	40
520	35
521	32
522	35
523	37
524	45
525	39
526	30
527	39
528	38
529	29
530	31
531	30
532	39
533	32
534	37
535	31
536	44
537	45
538	44
539	30
540	40
541	35
542	48
543	25
544	26
545	39
546	41
547	43
548	39
549	44
550	39
551	40
552	38
553	45
554	29
555	39
556	31
557	38
558	35
559	48
560	30
561	31
562	30
563	37
564	37
565	31
566	28
567	28
568	33
569	33
570	25
571	33
572	34
573	32
574	24
575	31
576	43
577	28
578	29
579	26
580	32
581	24
582	36
583	45
584	39
585	29
586	29
587	34
588	44
589	31
590	49
591	36
592	33
593	28
594	35
595	37
596	46
597	33
598	33
599	40
600	37
601	35
602	33
603	37
604	37
605	38
606	36
607	29
608	30
609	34
610	45
611	34
612	28
613	36
614	40
615	37
616	32
617	43
618	31
619	43
620	44
621	42
622	37
623	35
624	40
625	35
626	38
627	42
628	36
629	32
630	26
631	25
632	43
633	33
634	29
635	36
636	35
637	48
638	26
639	34
640	29
641	40
642	56
643	41
644	37
645	31
646	23
647	28
648	36
649	41
650	38
651	51
652	42
653	37
654	44
655	41
656	41
657	37
658	44
659	37
660	35
661	35
662	41
663	35
664	25
665	29
666	34
667	22
668	26
669	30
670	40
671	47
672	39
673	32
674	37
675	38
676	37
677	36
678	36
679	37
680	54
681	28
682	31
683	35
684	44
685	31
686	36
687	45
688	40
689	37
690	41
691	36
692	35
693	35
694	39
695	30
696	35
697	35
698	34
699	43
700	37
701	33
702	33
703	40
704	46
705	44
706	32
707	34
708	31
709	36
710	41
711	43
712	38
713	40
714	37
715	43
716	33
717	38
718	23
719	37
720	35
721	35
722	40
723	46
724	27
725	28
726	35
727	35
728	44
729	39
730	45
731	49
732	25
733	31
734	31
735	50
736	37
737	30
738	35
739	38
740	38
741	41
742	40
743	46
744	38
745	37
746	41
747	37
748	42
749	40
750	42
751	40
752	48
753	39
754	45
755	37
756	33
757	37
758	46
759	36
760	46
761	32
762	49
763	38
764	45
765	36
766	55
767	39
768	45
769	50
770	44
771	48
772	41
773	48
774	42
775	33
776	31
777	45
778	47
779	47
780	43
781	54
782	40
783	52
784	35
785	38
786	41
787	46
788	51
789	54
790	39
791	42
792	50
793	53
794	60
795	48
796	49
797	43
798	47
799	45
800	53
801	50
802	68
803	49
804	71
805	62
806	60
807	66
808	45
809	55
810	61
811	53
812	58
813	60
814	54
815	71
816	65
817	60
818	58
819	57
820	74
821	85
822	64
823	77
824	64
825	72
826	66
827	57
828	67
829	71
830	57
831	85
832	73
833	74
834	70
835	71
836	77
837	77
838	74
839	70
840	80
841	59
842	76
843	57
844	79
845	65
846	72
847	87
848	75
849	59
850	72
851	72
852	83
853	87
854	73
855	70
856	73
857	80
858	81
859	92
860	83
861	80
862	80
863	83
864	80
865	80
866	86
867	82
868	83
869	82
870	75
871	75
872	79
873	93
874	87
875	88
876	74
877	79
878	75
879	79
880	67
881	67
882	82
883	84
884	74
885	59
886	63
887	73
888	73
889	63
890	82
891	64
892	66
893	65
894	58
895	81
896	73
897	68
898	66
899	78
900	48
901	67
902	70
903	75
904	61
905	71
906	60
907	53
908	57
909	56
910	54
911	54
912	49
913	49
914	48
915	52
916	52
917	66
918	66
919	49
920	54
921	59
922	65
923	66
924	61
925	52
926	42
927	55
928	48
929	60
930	50
931	54
932	43
933	48
934	59
935	43
936	51
937	59
938	52
939	53
940	48
941	51
942	59
943	56
944	55
945	65
946	53
947	38
948	45
949	54
950	71
951	59
952	59
953	58
954	54
955	40
956	54
957	59
958	54
959	57
960	47
961	58
962	59
963	56
964	47
965	61
966	51
967	43
968	50
969	51
970	61
971	49
972	47
973	48
974	57
975	54
976	55
977	43
978	45
979	54
980	58
981	62
982	48
983	44
984	65
985	55
986	55
987	55
988	46
989	61
990	49
991	42
992	49
993	59
994	56
995	53
996	53
997	58
998	41
999	47
1000	65
1001	50
1002	50
1003	46
1004	47
1005	53
1006	60
1007	42
1008	44
1009	34
1010	55
1011	40
1012	51
1013	47
1014	44
1015	47
1016	52
1017	45
1018	44
1019	51
1020	55
1021	41
1022	46
1023	54
1024	45
1025	52
1026	29
1027	41
1028	42
1029	36
1030	53
1031	40
1032	49
1033	39
1034	51
1035	52
1036	31
1037	43
1038	47
1039	45
1040	44
1041	38
1042	44
1043	46
1044	49
1045	50
1046	41
1047	43
1048	44
1049	48
1050	38
1051	46
1052	30
1053	47
1054	40
1055	41
1056	41
1057	35
1058	45
1059	35
1060	44
1061	41
1062	44
1063	33
1064	45
1065	28
1066	39
1067	47
1068	37
1069	33
1070	32
1071	41
1072	43
1073	64
1074	34
1075	39
1076	49
1077	39
1078	36
1079	48
1080	30
1081	41
1082	50
1083	41
1084	39
1085	34
1086	44
1087	39
1088	52
1089	37
1090	47
1091	40
1092	45
1093	38
1094	37
1095	47
1096	56
1097	35
1098	41
1099	35
1100	48
1101	33
1102	35
1103	54
1104	36
1105	51
1106	39
1107	39
1108	42
1109	26
1110	25
1111	44
1112	40
1113	40
1114	40
1115	53
1116	52
1117	40
1118	43
1119	44
1120	41
1121	53
1122	41
1123	42
1124	41
1125	39
1126	40
1127	49
1128	34
1129	42
1130	40
1131	48
1132	37
1133	28
1134	40
1135	46
1136	45
1137	37
1138	39
1139	39
1140	40
1141	38
1142	32
1143	51
1144	39
1145	42
1146	47
1147	46
1148	30
1149	38
1150	46
1151	34
1152	52
1153	44
1154	47
1155	44
1156	47
1157	34
1158	52
1159	45
1160	46
1161	44
1162	33
1163	27
1164	46
1165	48
1166	31
1167	38
1168	32
1169	41
1170	42
1171	38
1172	50
1173	41
1174	65
1175	40
1176	38
1177	43
1178	37
1179	52
1180	53
1181	41
1182	41
1183	45
1184	50
1185	41
1186	44
1187	32
1188	37
1189	44
1190	36
1191	47
1192	29
1193	41
1194	44
1195	51
1196	41
1197	46
1198	52
1199	39
1200	43
1201	49
1202	54
1203	39
1204	47
1205	49
1206	41
1207	40
1208	42
1209	40
1210	43
1211	50
1212	58
1213	39
1214	48
1215	45
1216	54
1217	48
1218	49
1219	46
1220	48
1221	40
1222	46
1223	55
1224	36
1225	49
1226	49
1227	53
1228	35
1229	40
1230	39
1231	67
1232	50
1233	54
1234	48
1235	44
1236	52
1237	55
1238	36
1239	43
1240	56
1241	55
1242	46
1243	41
1244	34
1245	43
1246	50
1247	49
1248	59
1249	48
1250	33
1251	44
1252	43
1253	49
1254	56
1255	43
1256	46
1257	48
1258	42
1259	46
1260	63
1261	48
1262	49
1263	43
1264	55
1265	48
1266	41
1267	56
1268	51
1269	46
1270	40
1271	44
1272	55
1273	47
1274	61
1275	42
1276	51
1277	63
1278	47
1279	51
1280	56
1281	52
1282	44
1283	54
1284	42
1285	60
1286	49
1287	36
1288	44
1289	47
1290	50
1291	50
1292	45
1293	47
1294	65
1295	54
1296	46
1297	43
1298	38
1299	42
1300	48
1301	52
1302	54
1303	51
1304	56
1305	62
1306	47
1307	49
1308	64
1309	54
1310	61
1311	45
1312	49
1313	47
1314	63
1315	51
1316	60
1317	50
1318	46
1319	57
1320	51
1321	52
1322	66
1323	56
1324	54
1325	45
1326	64
1327	66
1328	41
1329	62
1330	65
1331	48
1332	67
1333	57
1334	51
1335	48
1336	45
1337	52
1338	55
1339	50
1340	49
1341	52
1342	55
1343	64
1344	60
1345	52
1346	70
1347	52
1348	53
1349	52
1350	46
1351	55
1352	55
1353	45
1354	47
1355	49
1356	74
1357	58
1358	42
1359	37
1360	48
1361	56
1362	53
1363	50
1364	60
1365	62
1366	40
1367	48
1368	56
1369	64
1370	58
1371	76
1372	55
1373	45
1374	52
1375	49
1376	62
1377	53
1378	66
1379	39
1380	54
1381	57
1382	59
1383	58
1384	52
1385	56
1386	58
1387	52
1388	55
1389	62
1390	67
1391	47
1392	60
1393	64
1394	54
1395	63
1396	53
1397	47
1398	58
1399	63
1400	44
1401	52
1402	61
1403	68
1404	49
1405	55
1406	57
1407	51
1408	52
1409	57
1410	43
1411	60
1412	54
1413	51
1414	71
1415	58
1416	59
1417	62
1418	58
1419	58
1420	68
1421	53
1422	58
1423	64
1424	62
1425	52
1426	49
1427	63
1428	57
1429	52
1430	62
1431	62
1432	50
1433	56
1434	56
1435	67
1436	64
1437	64
1438	56
1439	57
1440	64
1441	47
1442	53
1443	61
1444	55
1445	52
1446	61
1447	54
1448	56
1449	62
1450	57
1451	67
1452	56
1453	60
1454	43
1455	66
1456	44
1457	54
1458	54
1459	66
1460	63
1461	56
1462	63
1463	68
1464	59
1465	55
1466	57
1467	60
1468	60
1469	35
1470	58
1471	50
1472	63
1473	53
1474	75
1475	72
1476	53
1477	52
1478	60
1479	66
1480	54
1481	47
1482	58
1483	67
1484	54
1485	60
1486	61
1487	66
1488	69
1489	55
1490	66
1491	65
1492	79
1493	64
1494	68
1495	66
1496	51
1497	60
1498	53
1499	66
1500	55
1501	65
1502	49
1503	57
1504	53
1505	55
1506	61
1507	62
1508	59
1509	50
1510	65
1511	67
1512	57
1513	51
1514	62
1515	66
1516	43
1517	49
1518	70
1519	62
1520	65
1521	48
1522	61
1523	60
1524	70
1525	57
1526	56
1527	72
1528	70
1529	63
1530	53
1531	61
1532	61
1533	67
1534	64
1535	68
1536	63
1537	61
1538	70
1539	57
1540	74
1541	66
1542	72
1543	61
1544	56
1545	47
1546	68
1547	69
1548	72
1549	50
1550	54
1551	55
1552	79
1553	61
1554	64
1555	56
1556	59
1557	59
1558	60
1559	63
1560	61
1561	60
1562	40
1563	70
1564	59
1565	63
1566	66
1567	60
1568	60
1569	71
1570	68
1571	42
1572	55
1573	71
1574	58
1575	51
1576	65
1577	62
1578	61
1579	57
1580	60
1581	57
1582	64
1583	71
1584	52
1585	68
1586	56
1587	71
1588	48
1589	65
1590	66
1591	78
1592	54
1593	63
1594	46
1595	68
1596	65
1597	71
1598	76
1599	63
1600	70
1601	68
1602	51
1603	53
1604	69
1605	68
1606	69
1607	80
1608	63
1609	67
1610	59
1611	70
1612	74
1613	54
1614	67
1615	61
1616	69
1617	73
1618	68
1619	50
1620	64
1621	46
1622	72
1623	59
1624	72
1625	66
1626	74
1627	59
1628	68
1629	69
1630	61
1631	54
1632	65
1633	60
1634	69
1635	66
1636	62
1637	64
1638	56
1639	66
1640	58
1641	78
1642	69
1643	73
1644	58
1645	60
1646	63
1647	63
1648	59
1649	60
1650	60
1651	76
1652	50
1653	67
1654	64
1655	49
1656	61
1657	51
1658	56
1659	56
1660	66
1661	53
1662	84
1663	61
1664	40
1665	54
1666	73
1667	82
1668	61
1669	61
1670	76
1671	58
1672	61
1673	72
1674	75
1675	62
1676	55
1677	72
1678	55
1679	74
1680	48
1681	73
1682	61
1683	60
1684	77
1685	78
1686	60
1687	57
1688	66
1689	76
1690	57
1691	80
1692	51
1693	73
1694	60
1695	66
1696	70
1697	67
1698	55
1699	71
1700	61
1701	70
1702	58
1703	72
1704	50
1705	67
1706	64
1707	78
1708	68
1709	69
1710	59
1711	66
1712	68
1713	69
1714	64
1715	80
1716	72
1717	72
1718	64
1719	60
1720	63
1721	58
1722	57
1723	64
1724	61
1725	74
1726	75
1727	57
1728	70
1729	68
1730	77
1731	81
1732	52
1733	78
1734	68
1735	64
1736	78
1737	78
1738	72
1739	79
1740	63
1741	62
1742	80
1743	71
1744	66
1745	62
1746	67
1747	53
1748	61
1749	68
1750	75
1751	69
1752	71
1753	68
1754	58
1755	77
1756	67
1757	63
1758	67
1759	75
1760	69
1761	53
1762	76
1763	75
1764	65
1765	61
1766	67
1767	68
1768	74
1769	74
1770	85
1771	87
1772	84
1773	81
1774	69
1775	57
1776	65
1777	54
1778	60
1779	70
1780	86
1781	86
1782	78
1783	75
1784	74
1785	66
1786	70
1787	66
1788	70
1789	66
1790	68
1791	72
1792	72
1793	68
1794	75
1795	66
1796	73
1797	70
1798	81
1799	87
1800	65
1801	70
1802	67
1803	68
1804	63
1805	69
1806	79
1807	62
1808	64
1809	74
1810	65
1811	78
1812	67
1813	62
1814	67
1815	65
1816	58
1817	77
1818	64
1819	68
1820	65
1821	75
1822	69
1823	67
1824	75
1825	83
1826	89
1827	81
1828	87
1829	85
1830	81
1831	77
1832	80
1833	81
1834	86
1835	76
1836	73
1837	89
1838	97
1839	81
1840	56
1841	69
1842	80
1843	63
1844	81
1845	77
1846	73
1847	59
1848	73
1849	82
1850	74
1851	58
1852	68
1853	84
1854	65
1855	63
1856	66
1857	76
1858	77
1859	61
1860	66
1861	68
1862	65
1863	58
1864	79
1865	79
1866	95
1867	78
1868	61
1869	70
1870	56
1871	70
1872	78
1873	68
1874	76
1875	85
1876	78
1877	75
1878	66
1879	59
1880	67
1881	68
1882	85
1883	78
1884	68
1885	76
1886	69
1887	64
1888	75
1889	59
1890	78
1891	84
1892	57
1893	81
1894	79
1895	89
1896	66
1897	61
1898	72
1899	73
1900	82
1901	75
1902	77
1903	73
1904	76
1905	69
1906	71
1907	80
1908	63
1909	66
1910	72
1911	68
1912	66
1913	70
1914	70
1915	84
1916	77
1917	80
1918	78
1919	85
1920	71
1921	71
1922	73
1923	73
1924	59
1925	66
1926	79
1927	66
1928	76
1929	77
1930	79
1931	69
1932	64
1933	82
1934	76
1935	85
1936	68
1937	76
1938	86
1939	57
1940	69
1941	92
1942	73
1943	70
1944	81
1945	69
1946	66
1947	80
1948	72
1949	67
1950	77
1951	69
1952	80
1953	64
1954	81
1955	74
1956	66
1957	79
1958	76
1959	58
1960	65
1961	89
1962	78
1963	70
1964	83
1965	89
1966	81
1967	104
1968	75
1969	59
1970	78
1971	97
1972	81
1973	61
1974	87
1975	93
1976	84
1977	71
1978	81
1979	69
1980	60
1981	69
1982	75
1983	72
1984	72
1985	79
1986	78
1987	66
1988	81
1989	84
1990	67
1991	77
1992	74
1993	79
1994	63
1995	65
1996	84
1997	73
1998	72
1999	68
2000	74
2001	63
2002	64
2003	60
2004	88
2005	78
2006	71
2007	70
2008	69
2009	72
2010	72
2011	77
2012	82
2013	69
2014	72
2015	78
2016	71
2017	71
2018	78
2019	69
2020	76
2021	84
2022	71
2023	84
2024	74
2025	89
2026	76
2027	65
2028	69
2029	63
2030	65
2031	102
2032	75
2033	64
2034	83
2035	79
2036	69
2037	70
2038	69
2039	86
2040	79
2041	90
2042	79
2043	89
2044	78
2045	78
2046	77
2047	79
2048	85
2049	82
2050	83
2051	70
2052	75
2053	77
2054	74
2055	81
2056	94
2057	82
2058	101
2059	68
2060	70
2061	72
2062	85
2063	91
2064	75
2065	90
2066	85
2067	85
2068	49
2069	81
2070	72
2071	78
2072	85
2073	94
2074	65
2075	66
2076	71
2077	77
2078	72
2079	89
2080	70
2081	65
2082	71
2083	57
2084	77
2085	78
2086	81
2087	76
2088	67
2089	73
2090	69
2091	65
2092	65
2093	71
2094	86
2095	71
2096	83
2097	76
2098	85
2099	70
2100	79
2101	75
2102	79
2103	90
2104	72
2105	71
2106	70
2107	69
2108	78
2109	70
2110	90
2111	80
2112	87
2113	69
2114	85
2115	75
2116	85
2117	77
2118	71
2119	94
2120	88
2121	70
2122	69
2123	84
2124	73
2125	69
2126	73
2127	64
2128	82
2129	92
2130	67
2131	84
2132	88
2133	83
2134	62
2135	84
2136	62
2137	88
2138	88
2139	80
2140	75
2141	72
2142	86
2143	71
2144	74
2145	99
2146	81
2147	82
2148	90
2149	67
2150	96
2151	80
2152	83
2153	81
2154	89
2155	63
2156	62
2157	71
2158	90
2159	93
2160	80
2161	72
2162	96
2163	83
2164	84
2165	52
2166	63
2167	71
2168	69
2169	91
2170	78
2171	77
2172	74
2173	83
2174	84
2175	76
2176	62
2177	80
2178	72
2179	69
2180	78
2181	81
2182	89
2183	72
2184	72
2185	77
2186	72
2187	78
2188	84
2189	90
2190	75
2191	77
2192	63
2193	90
2194	91
2195	90
2196	77
2197	79
2198	73
2199	73
2200	89
2201	77
2202	75
2203	74
2204	81
2205	75
2206	86
2207	83
2208	70
2209	72
2210	81
2211	82
2212	89
2213	78
2214	69
2215	72
2216	80
2217	80
2218	91
2219	86
2220	76
2221	72
2222	84
2223	84
2224	75
2225	69
2226	87
2227	89
2228	73
2229	81
2230	86
2231	73
2232	68
2233	83
2234	82
2235	75
2236	76
2237	79
2238	81
2239	80
2240	81
2241	94
2242	77
2243	64
2244	85
2245	73
2246	85
2247	85
2248	94
2249	82
2250	92
2251	83
2252	73
2253	76
2254	82
2255	68
2256	71
2257	97
2258	85
2259	58
2260	80
2261	76
2262	88
2263	76
2264	69
2265	94
2266	76
2267	92
2268	73
2269	77
2270	71
2271	73
2272	76
2273	81
2274	83
2275	74
2276	70
2277	84
2278	79
2279	86
2280	80
2281	85
2282	77
2283	65
2284	75
2285	75
2286	74
2287	82
2288	71
2289	72
2290	76
2291	73
2292	79
2293	63
2294	73
2295	80
2296	74
2297	88
2298	81
2299	71
2300	82
2301	71
2302	85
2303	74
2304	84
2305	84
2306	62
2307	84
2308	82
2309	73
2310	84
2311	81
2312	66
2313	67
2314	67
2315	95
2316	85
2317	78
2318	68
2319	67
2320	95
2321	79
2322	74
2323	74
2324	67
2325	99
2326	94
2327	77
2328	86
2329	62
2330	86
2331	91
2332	62
2333	70
2334	78
2335	88
2336	81
2337	60
2338	77
2339	78
2340	75
2341	80
2342	76
2343	69
2344	93
2345	71
2346	63
2347	75
2348	95
2349	73
2350	73
2351	72
2352	62
2353	73
2354	57
2355	76
2356	75
2357	77
2358	59
2359	70
2360	68
2361	69
2362	68
2363	72
2364	68
2365	75
2366	67
2367	71
2368	73
2369	70
2370	82
2371	54
2372	66
2373	74
2374	83
2375	91
2376	90
2377	64
2378	66
2379	73
2380	77
2381	93
2382	71
2383	90
2384	67
2385	71
2386	87
2387	83
2388	51
2389	82
2390	68
2391	72
2392	67
2393	61
2394	82
2395	76
2396	69
2397	62
2398	72
2399	85
2400	76
2401	60
2402	87
2403	79
2404	83
2405	79
2406	63
2407	75
2408	66
2409	70
2410	80
2411	64
2412	68
2413	80
2414	65
2415	57
2416	77
2417	70
2418	58
2419	75
2420	82
2421	80
2422	63
2423	66
2424	56
2425	72
2426	62
2427	73
2428	65
2429	79
2430	54
2431	82
2432	67
2433	83
2434	65
2435	67
2436	71
2437	80
2438	62
2439	58
2440	69
2441	63
2442	70
2443	78
2444	65
2445	52
2446	74
2447	66
2448	63
2449	79
2450	67
2451	68
2452	65
2453	58
2454	65
2455	57
2456	57
2457	69
2458	70
2459	66
2460	64
2461	75
2462	83
2463	76
2464	65
2465	63
2466	66
2467	68
2468	66
2469	72
2470	69
2471	66
2472	64
2473	70
2474	80
2475	85
2476	76
2477	70
2478	68
2479	80
2480	67
2481	76
2482	63
2483	76
2484	65
2485	64
2486	70
2487	70
2488	64
2489	64
2490	60
2491	69
2492	72
2493	53
2494	69
2495	56
2496	61
2497	74
2498	71
2499	67
2500	74
2501	51
2502	68
2503	52
2504	61
2505	70
2506	58
2507	55
2508	61
2509	67
2510	67
2511	63
2512	61
2513	82
2514	74
2515	67
2516	56
2517	60
2518	63
2519	69
2520	75
2521	52
2522	89
2523	53
2524	69
2525	60
2526	70
2527	57
2528	71
2529	62
2530	62
2531	73
2532	68
2533	68
2534	54
2535	59
2536	46
2537	74
2538	59
2539	46
2540	52
2541	49
2542	47
2543	52
2544	54
2545	47
2546	63
2547	70
2548	63
2549	52
2550	59
2551	57
2552	60
2553	57
2554	47
2555	65
2556	62
2557	72
2558	56
2559	62
2560	65
2561	50
2562	57
2563	60
2564	54
2565	55
2566	55
2567	51
2568	59
2569	67
2570	76
2571	60
2572	58
2573	67
2574	63
2575	48
2576	69
2577	74
2578	60
2579	62
2580	67
2581	65
2582	67
2583	49
2584	74
2585	56
2586	64
2587	63
2588	46
2589	50
2590	74
2591	62
2592	53
2593	57
2594	59
2595	71
2596	69
2597	66
2598	64
2599	68
2600	75
2601	61
2602	51
2603	58
2604	67
2605	57
2606	53
2607	47
2608	79
2609	66
2610	62
2611	58
2612	66
2613	47
2614	65
2615	70
2616	51
2617	54
2618	72
2619	56
2620	57
2621	63
2622	66
2623	52
2624	58
2625	63
2626	64
2627	61
2628	67
2629	50
2630	60
2631	35
2632	63
2633	60
2634	70
2635	74
2636	61
2637	67
2638	63
2639	60
2640	64
2641	57
2642	51
2643	46
2644	60
2645	58
2646	63
2647	54
2648	54
2649	58
2650	52
2651	44
2652	58
2653	62
2654	62
2655	57
2656	53
2657	52
2658	71
2659	57
2660	50
2661	71
2662	48
2663	53
2664	51
2665	62
2666	51
2667	56
2668	46
2669	68
2670	56
2671	49
2672	46
2673	57
2674	65
2675	47
2676	44
2677	57
2678	69
2679	50
2680	64
2681	60
2682	65
2683	54
2684	51
2685	52
2686	50
2687	46
2688	50
2689	58
2690	58
2691	60
2692	66
2693	53
2694	53
2695	62
2696	61
2697	60
2698	57
2699	63
2700	60
2701	50
2702	58
2703	58
2704	59
2705	62
2706	60
2707	51
2708	56
2709	53
2710	51
2711	61
2712	60
2713	54
2714	48
2715	64
2716	68
2717	62
2718	54
2719	59
2720	48
2721	47
2722	55
2723	61
2724	50
2725	78
2726	55
2727	54
2728	66
2729	55
2730	54
2731	68
2732	45
2733	54
2734	49
2735	60
2736	47
2737	66
2738	57
2739	52
2740	55
2741	52
2742	67
2743	58
2744	49
2745	53
2746	50
2747	52
2748	63
2749	57
2750	56
2751	81
2752	57
2753	61
2754	60
2755	60
2756	68
2757	59
2758	50
2759	41
2760	56
2761	53
2762	56
2763	61
2764	48
2765	63
2766	61
2767	53
2768	42
2769	49
2770	58
2771	63
2772	61
2773	59
2774	46
2775	61
2776	64
2777	60
2778	56
2779	55
2780	45
2781	74
2782	50
2783	64
2784	62
2785	56
2786	52
2787	68
2788	51
2789	66
2790	55
2791	64
2792	55
2793	61
2794	59
2795	54
2796	62
2797	60
2798	54
2799	48
2800	46
2801	47
2802	43
2803	64
2804	52
2805	49
2806	50
2807	48
2808	62
2809	54
2810	41
2811	55
2812	57
2813	53
2814	67
2815	48
2816	60
2817	51
2818	47
2819	48
2820	57
2821	66
2822	48
2823	51
2824	33
2825	48
2826	51
2827	41
2828	56
2829	57
2830	61
2831	65
2832	42
2833	58
2834	65
2835	52
2836	58
2837	50
2838	45
2839	52
2840	62
2841	67
2842	48
2843	54
2844	57
2845	45
2846	46
2847	62
2848	49
2849	46
2850	65
2851	56
2852	47
2853	50
2854	51
2855	53
2856	45
2857	61
2858	62
2859	40
2860	46
2861	69
2862	51
2863	51
2864	55
2865	65
2866	48
2867	36
2868	54
2869	54
2870	48
2871	41
2872	62
2873	48
2874	65
2875	52
2876	56
2877	46
2878	72
2879	53
2880	43
2881	44
2882	56
2883	56
2884	47
2885	52
2886	51
2887	63
2888	52
2889	50
2890	52
2891	54
2892	50
2893	61
2894	52
2895	53
2896	49
2897	48
2898	50
2899	52
2900	35
2901	65
2902	54
2903	57
2904	48
2905	68
2906	48
2907	50
2908	46
2909	56
2910	53
2911	42
2912	41
2913	59
2914	62
2915	43
2916	49
2917	55
2918	60
2919	62
2920	48
2921	49
2922	53
2923	45
2924	64
2925	50
2926	52
2927	55
2928	52
2929	49
2930	53
2931	51
2932	62
2933	62
2934	60
2935	53
2936	51
2937	48
2938	60
2939	56
2940	38
2941	61
2942	52
2943	68
2944	51
2945	55
2946	66
2947	50
2948	69
2949	51
2950	59
2951	58
2952	47
2953	59
2954	51
2955	64
2956	62
2957	57
2958	57
2959	46
2960	49
2961	51
2962	51
2963	55
2964	61
2965	59
2966	54
2967	57
2968	55
2969	59
2970	44
2971	48
2972	48
2973	60
2974	41
2975	63
2976	57
2977	53
2978	60
2979	49
2980	58
2981	64
2982	39
2983	46
2984	45
2985	55
2986	46
2987	63
2988	44
2989	62
2990	43
2991	54
2992	55
2993	37
2994	51
2995	48
2996	51
2997	54
2998	53
2999	56
3000	45
3001	50
3002	58
3003	44
3004	55
3005	51
3006	51
3007	52
3008	46
3009	49
3010	57
3011	50
3012	54
3013	53
3014	49
3015	56
3016	59
3017	37
3018	42
3019	66
3020	52
3021	39
3022	39
3023	54
3024	55
3025	50
3026	59
3027	55
3028	56
3029	55
3030	64
3031	51
3032	52
3033	48
3034	55
3035	54
3036	55
3037	34
3038	52
3039	49
3040	55
3041	49
3042	51
3043	60
3044	45
3045	51
3046	42
3047	50
3048	45
3049	55
3050	58
3051	52
3052	53
3053	63
3054	56
3055	40
3056	45
3057	38
3058	54
3059	45
3060	52
3061	65
3062	54
3063	55
3064	53
3065	44
3066	61
3067	42
3068	43
3069	44
3070	55
3071	55
3072	49
3073	56
3074	43
3075	46
3076	65
3077	44
3078	50
3079	49
3080	52
3081	59
3082	50
3083	47
3084	49
3085	34
3086	61
3087	55
3088	60
3089	34
3090	50
3091	56
3092	62
3093	48
3094	48
3095	40
3096	49
3097	53
3098	46
3099	43
3100	55
3101	46
3102	48
3103	43
3104	53
3105	50
3106	54
3107	63
3108	52
3109	46
3110	42
3111	59
3112	28
3113	48
3114	47
3115	48
3116	51
3117	46
3118	37
3119	46
3120	41
3121	44
3122	51
3123	53
3124	43
3125	51
3126	54
3127	59
3128	45
3129	41
3130	50
3131	47
3132	46
3133	62
3134	36
3135	56
3136	56
3137	59
3138	46
3139	53
3140	51
3141	58
3142	50
3143	49
3144	45
3145	52
3146	33
3147	47
3148	48
3149	62
3150	37
3151	34
3152	43
3153	48
3154	49
3155	49
3156	42
3157	60
3158	58
3159	47
3160	48
3161	61
3162	47
3163	53
3164	46
3165	50
3166	52
3167	53
3168	43
3169	57
3170	59
3171	31
3172	60
3173	49
3174	53
3175	48
3176	53
3177	49
3178	68
3179	48
3180	54
3181	49
3182	48
3183	45
3184	51
3185	52
3186	41
3187	45
3188	43
3189	43
3190	44
3191	49
3192	44
3193	46
3194	50
3195	49
3196	65
3197	56
3198	56
3199	50
3200	47
3201	43
3202	45
3203	46
3204	58
3205	40
3206	47
3207	52
3208	41
3209	46
3210	46
3211	62
3212	55
3213	52
3214	44
3215	43
3216	49
3217	48
3218	55
3219	40
3220	59
3221	51
3222	52
3223	45
3224	46
3225	53
3226	55
3227	46
3228	45
3229	39
3230	50
3231	42
3232	55
3233	46
3234	46
3235	43
3236	37
3237	44
3238	50
3239	39
3240	37
3241	54
3242	45
3243	43
3244	49
3245	38
3246	40
3247	51
3248	47
3249	45
3250	37
3251	52
3252	45
3253	52
3254	42
3255	46
3256	47
3257	32
3258	46
3259	44
3260	52
3261	54
3262	46
3263	44
3264	53
3265	41
3266	49
3267	45
3268	40
3269	52
3270	39
3271	36
3272	36
3273	46
3274	38
3275	49
3276	50
3277	55
3278	46
3279	54
3280	44
3281	41
3282	47
3283	48
3284	48
3285	45
3286	37
3287	43
3288	34
3289	54
3290	56
3291	50
3292	45
3293	46
3294	44
3295	38
3296	38
3297	47
3298	54
3299	33
3300	56
3301	31
3302	43
3303	54
3304	45
3305	43
3306	51
3307	53
3308	47
3309	51
3310	43
3311	46
3312	44
3313	46
3314	45
3315	48
3316	39
3317	46
3318	61
3319	52
3320	58
3321	45
3322	47
3323	49
3324	41
3325	41
3326	49
3327	44
3328	45
3329	56
3330	48
3331	48
3332	47
3333	43
3334	46
3335	42
3336	54
3337	51
3338	51
3339	67
3340	45
3341	41
3342	37
3343	40
3344	38
3345	45
3346	50
3347	44
3348	36
3349	50
3350	37
3351	48
3352	47
3353	44
3354	49
3355	35
3356	45
3357	47
3358	41
3359	43
3360	38
3361	36
3362	41
3363	44
3364	34
3365	49
3366	58
3367	52
3368	46
3369	60
3370	45
3371	55
3372	37
3373	48
3374	51
3375	42
3376	44
3377	37
3378	40
3379	43
3380	38
3381	40
3382	44
3383	41
3384	57
3385	48
3386	50
3387	46
3388	41
3389	51
3390	36
3391	41
3392	36
3393	54
3394	36
3395	49
3396	46
3397	45
3398	44
3399	44
3400	47
3401	53
3402	47
3403	49
3404	41
3405	45
3406	45
3407	46
3408	48
3409	39
3410	48
3411	48
3412	34
3413	52
3414	44
3415	48
3416	44
3417	40
3418	47
3419	40
3420	39
3421	40
3422	40
3423	39
3424	48
3425	43
3426	40
3427	27
3428	44
3429	37
3430	44
3431	43
3432	38
3433	48
3434	45
3435	50
3436	40
3437	37
3438	38
3439	62
3440	51
3441	34
3442	39
3443	41
3444	44
3445	58
3446	53
3447	36
3448	36
3449	53
3450	44
3451	56
3452	39
3453	43
3454	40
3455	57
3456	41
3457	48
3458	40
3459	38
3460	50
3461	49
3462	40
3463	41
3464	36
3465	50
3466	51
3467	52
3468	37
3469	40
3470	39
3471	38
3472	44
3473	34
3474	49
3475	48
3476	52
3477	56
3478	44
3479	40
3480	36
3481	34
3482	53
3483	39
3484	49
3485	43
3486	40
3487	40
3488	43
3489	44
3490	36
3491	42
3492	38
3493	37
3494	43
3495	49
3496	43
3497	43
3498	43
3499	37
3500	46
3501	49
3502	43
3503	45
3504	49
3505	47
3506	39
3507	54
3508	39
3509	42
3510	37
3511	50
3512	46
3513	34
3514	40
3515	48
3516	43
3517	45
3518	37
3519	29
3520	44
3521	53
3522	42
3523	49
3524	47
3525	45
3526	53
3527	39
3528	43
3529	37
3530	28
3531	35
3532	43
3533	47
3534	44
3535	47
3536	42
3537	50
3538	35
3539	39
3540	47
3541	28
3542	36
3543	46
3544	45
3545	50
3546	40
3547	33
3548	53
3549	40
3550	38
3551	34
3552	42
3553	39
3554	32
3555	42
3556	45
3557	49
3558	33
3559	53
3560	38
3561	44
3562	37
3563	49
3564	27
3565	48
3566	47
3567	39
3568	54
3569	29
3570	39
3571	39
3572	41
3573	42
3574	39
3575	38
3576	48
3577	46
3578	49
3579	42
3580	42
3581	37
3582	39
3583	38
3584	39
3585	46
3586	38
3587	25
3588	42
3589	34
3590	43
3591	49
3592	44
3593	43
3594	30
3595	37
3596	48
3597	41
3598	34
3599	48
3600	34
3601	56
3602	30
3603	37
3604	47
3605	47
3606	38
3607	49
3608	34
3609	42
3610	37
3611	47
3612	38
3613	36
3614	41
3615	45
3616	38
3617	38
3618	39
3619	30
3620	46
3621	41
3622	44
3623	35
3624	49
3625	37
3626	37
3627	50
3628	52
3629	33
3630	39
3631	50
3632	39
3633	42
3634	49
3635	45
3636	42
3637	43
3638	38
3639	29
3640	40
3641	38
3642	50
3643	45
3644	41
3645	38
3646	49
3647	35
3648	45
3649	37
3650	48
3651	44
3652	41
3653	33
3654	40
3655	41
3656	56
3657	39
3658	40
3659	48
3660	37
3661	46
3662	37
3663	40
3664	40
3665	31
3666	31
3667	32
3668	30
3669	35
3670	33
3671	37
3672	38
3673	38
3674	47
3675	44
3676	39
3677	42
3678	32
3679	40
3680	54
3681	36
3682	40
3683	33
3684	34
3685	46
3686	37
3687	37
3688	45
3689	38
3690	34
3691	44
3692	40
3693	46
3694	20
3695	44
3696	37
3697	37
3698	49
3699	37
3700	36
3701	41
3702	55
3703	32
3704	40
3705	44
3706	34
3707	33
3708	42
3709	37
3710	44
3711	39
3712	50
3713	40
3714	49
3715	30
3716	45
3717	40
3718	41
3719	27
3720	38
3721	31
3722	35
3723	43
3724	44
3725	29
3726	30
3727	33
3728	36
3729	38
3730	41
3731	41
3732	37
3733	37
3734	47
3735	38
3736	38
3737	39
3738	41
3739	23
3740	28
3741	39
3742	32
3743	47
3744	41
3745	31
3746	45
3747	30
3748	44
3749	40
3750	40
3751	28
3752	29
3753	40
3754	33
3755	51
3756	39
3757	34
3758	39
3759	42
3760	48
3761	38
3762	54
3763	34
3764	39
3765	51
3766	44
3767	41
3768	45
3769	36
3770	43
3771	38
3772	33
3773	43
3774	35
3775	30
3776	40
3777	34
3778	37
3779	37
3780	32
3781	42
3782	34
3783	33
3784	34
3785	28
3786	38
3787	39
3788	38
3789	26
3790	55
3791	47
3792	36
3793	25
3794	48
3795	42
3796	31
3797	28
3798	46
3799	36
3800	41
3801	54
3802	29
3803	32
3804	43
3805	41
3806	37
3807	50
3808	45
3809	23
3810	44
3811	40
3812	31
3813	33
3814	38
3815	43
3816	33
3817	36
3818	36
3819	46
3820	29
3821	21
3822	35
3823	37
3824	39
3825	23
3826	42
3827	40
3828	35
3829	54
3830	46
3831	40
3832	37
3833	33
3834	40
3835	40
3836	38
3837	38
3838	34
3839	43
3840	33
3841	50
3842	30
3843	36
3844	39
3845	47
3846	34
3847	38
3848	30
3849	39
3850	36
3851	24
3852	38
3853	48
3854	46
3855	41
3856	45
3857	37
3858	34
3859	47
3860	29
3861	33
3862	31
3863	34
3864	40
3865	29
3866	41
3867	30
3868	34
3869	41
3870	23
3871	42
3872	32
3873	37
3874	35
3875	39
3876	26
3877	39
3878	39
3879	39
3880	43
3881	38
3882	29
3883	31
3884	33
3885	34
3886	54
3887	33
3888	41
3889	40
3890	41
3891	45
3892	38
3893	33
3894	40
3895	40
3896	35
3897	39
3898	49
3899	29
3900	43
3901	25
3902	39
3903	38
3904	29
3905	42
3906	36
3907	27
3908	36
3909	39
3910	47
3911	32
3912	31
3913	41
3914	27
3915	37
3916	32
3917	36
3918	39
3919	23
3920	34
3921	20
3922	44
3923	29
3924	31
3925	31
3926	37
3927	30
3928	38
3929	38
3930	38
3931	35
3932	40
3933	33
3934	36
3935	40
3936	33
3937	33
3938	26
3939	31
3940	25
3941	44
3942	29
3943	41
3944	48
3945	42
3946	32
3947	53
3948	38
3949	45
3950	44
3951	41
3952	31
3953	28
3954	36
3955	34
3956	40
3957	30
3958	38
3959	25
3960	32
3961	27
3962	34
3963	35
3964	35
3965	41
3966	40
3967	32
3968	52
3969	36
3970	33
3971	22
3972	31
3973	42
3974	44
3975	41
3976	37
3977	28
3978	30
3979	33
3980	32
3981	34
3982	40
3983	37
3984	27
3985	35
3986	31
3987	48
3988	42
3989	33
3990	34
3991	41
3992	40
3993	32
3994	38
3995	48
3996	33
3997	29
3998	42
3999	34
4000	32
4001	36
4002	35
4003	36
4004	42
4005	47
4006	37
4007	34
4008	30
4009	29
4010	41
4011	40
4012	38
4013	35
4014	39
4015	37
4016	33
4017	42
4018	34
4019	31
4020	34
4021	35
4022	36
4023	47
4024	36
4025	38
4026	37
4027	43
4028	35
4029	38
4030	30
4031	25
4032	39
4033	34
4034	36
4035	36
4036	42
4037	33
4038	29
4039	46
4040	39
4041	46
4042	34
4043	36
4044	38
4045	31
4046	31
4047	33
4048	44
4049	34
4050	40
4051	37
4052	39
4053	40
4054	43
4055	26
4056	38
4057	27
4058	44
4059	32
4060	35
4061	29
4062	26
4063	39
4064	35
4065	34
4066	28
4067	51
4068	34
4069	45
4070	24
4071	39
4072	34
4073	43
4074	31
4075	32
4076	41
4077	33
4078	32
4079	53
4080	43
4081	48
4082	36
4083	29
4084	33
4085	35
4086	30
4087	27
4088	49
4089	42
4090	41
4091	47
4092	42
4093	39
4094	34
4095	37
4096	33
4097	40
4098	41
4099	37
4100	23
4101	29
4102	39
4103	34
4104	25
4105	36
4106	33
4107	28
4108	27
4109	42
4110	41
4111	30
4112	38
4113	35
4114	37
4115	40
4116	33
4117	37
4118	42
4119	33
4120	29
4121	32
4122	37
4123	38
4124	48
4125	40
4126	31
4127	36
4128	35
4129	30
4130	40
4131	34
4132	45
4133	52
4134	36
4135	26
4136	38
4137	37
4138	39
4139	39
4140	33
4141	28
4142	44
4143	41
4144	31
4145	43
4146	41
4147	36
4148	36
4149	28
4150	48
4151	39
4152	30
4153	44
4154	41
4155	32
4156	29
4157	47
4158	24
4159	35
4160	38
4161	42
4162	42
4163	31
4164	48
4165	24
4166	38
4167	48
4168	42
4169	37
4170	31
4171	32
4172	44
4173	35
4174	34
4175	33
4176	38
4177	34
4178	30
4179	42
4180	42
4181	43
4182	42
4183	35
4184	40
4185	37
4186	31
4187	37
4188	42
4189	31
4190	35
4191	44
4192	32
4193	32
4194	28
4195	26
4196	47
4197	41
4198	45
4199	26
4200	29
4201	32
4202	33
4203	38
4204	40
4205	35
4206	26
4207	43
4208	32
4209	43
4210	35
4211	34
4212	27
4213	41
4214	33
4215	36
4216	37
4217	35
4218	36
4219	40
4220	33
4221	26
4222	41
4223	48
4224	46
4225	23
4226	34
4227	37
4228	42
4229	39
4230	43
4231	36
4232	37
4233	26
4234	32
4235	43
4236	31
4237	32
4238	37
4239	33
4240	37
4241	37
4242	52
4243	36
4244	30
4245	30
4246	32
4247	34
4248	38
4249	39
4250	46
4251	47
4252	32
4253	42
4254	31
4255	35
4256	34
4257	38
4258	44
4259	36
4260	33
4261	31
4262	48
4263	32
4264	44
4265	34
4266	33
4267	52
4268	32
4269	38
4270	46
4271	32
4272	48
4273	48
4274	39
4275	42
4276	40
4277	50
4278	36
4279	39
4280	42
4281	56
4282	44
4283	38
4284	44
4285	29
4286	40
4287	34
4288	36
4289	34
4290	39
4291	48
4292	36
4293	32
4294	30
4295	33
4296	35
4297	36
4298	37
4299	37
4300	38
4301	43
4302	38
4303	29
4304	36
4305	38
4306	41
4307	47
4308	36
4309	30
4310	34
4311	32
4312	30
4313	47
4314	46
4315	35
4316	39
4317	44
4318	33
4319	30
4320	40
4321	41
4322	33
4323	41
4324	34
4325	31
4326	29
4327	40
4328	27
4329	35
4330	32
4331	37
4332	24
4333	48
4334	41
4335	32
4336	42
4337	36
4338	36
4339	47
4340	33
4341	42
4342	26
4343	28
4344	42
4345	28
4346	42
4347	32
4348	42
4349	49
4350	41
4351	37
4352	36
4353	45
4354	32
4355	39
4356	39
4357	42
4358	47
4359	40
4360	37
4361	43
4362	37
4363	44
4364	31
4365	43
4366	29
4367	48
4368	46
4369	40
4370	37
4371	46
4372	42
4373	46
4374	34
4375	40
4376	43
4377	35
4378	46
4379	35
4380	46
4381	52
4382	41
4383	47
4384	35
4385	32
4386	35
4387	41
4388	37
4389	45
4390	38
4391	42
4392	34
4393	51
4394	41
4395	44
4396	51
4397	47
4398	37
4399	37
4400	42
4401	42
4402	45
4403	43
4404	44
4405	47
4406	28
4407	36
4408	34
4409	56
4410	39
4411	41
4412	42
4413	46
4414	50
4415	43
4416	52
4417	35
4418	47
4419	33
4420	37
4421	51
4422	36
4423	38
4424	41
4425	31
4426	39
4427	33
4428	36
4429	49
4430	43
4431	33
4432	53
4433	37
4434	46
4435	38
4436	41
4437	37
4438	51
4439	37
4440	35
4441	45
4442	43
4443	45
4444	39
4445	52
4446	45
4447	37
4448	43
4449	58
4450	39
4451	43
4452	42
4453	45
4454	28
4455	45
4456	45
4457	43
4458	38
4459	40
4460	30
4461	40
4462	43
4463	36
4464	47
4465	50
4466	42
4467	45
4468	38
4469	37
4470	39
4471	57
4472	42
4473	31
4474	51
4475	43
4476	44
4477	47
4478	36
4479	47
4480	48
4481	46
4482	47
4483	37
4484	42
4485	45
4486	36
4487	42
4488	39
4489	36
4490	54
4491	42
4492	38
4493	51
4494	55
4495	44
4496	48
4497	52
4498	53
4499	56
4500	46
4501	49
4502	31
4503	46
4504	50
4505	45
4506	39
4507	54
4508	45
4509	41
4510	43
4511	35
4512	54
4513	44
4514	39
4515	34
4516	47
4517	38
4518	40
4519	47
4520	46
4521	43
4522	38
4523	50
4524	51
4525	60
4526	51
4527	65
4528	35
4529	49
4530	67
4531	48
4532	43
4533	47
4534	47
4535	48
4536	43
4537	44
4538	37
4539	59
4540	53
4541	48
4542	44
4543	36
4544	46
4545	59
4546	41
4547	43
4548	49
4549	48
4550	49
4551	49
4552	43
4553	57
4554	53
4555	57
4556	44
4557	57
4558	47
4559	47
4560	44
4561	47
4562	49
4563	44
4564	61
4565	51
4566	59
4567	46
4568	61
4569	50
4570	48
4571	50
4572	57
4573	52
4574	47
4575	52
4576	36
4577	54
4578	63
4579	39
4580	37
4581	63
4582	51
4583	46
4584	62
4585	44
4586	34
4587	39
4588	53
4589	41
4590	55
4591	55
4592	41
4593	48
4594	56
4595	45
4596	46
4597	54
4598	47
4599	58
4600	58
4601	58
4602	50
4603	41
4604	43
4605	48
4606	40
4607	48
4608	49
4609	54
4610	54
4611	57
4612	55
4613	57
4614	46
4615	33
4616	52
4617	53
4618	53
4619	38
4620	53
4621	47
4622	55
4623	51
4624	60
4625	53
4626	61
4627	71
4628	58
4629	60
4630	56
4631	56
4632	56
4633	55
4634	53
4635	59
4636	67
4637	58
4638	58
4639	47
4640	53
4641	55
4642	44
4643	53
4644	57
4645	57
4646	72
4647	60
4648	52
4649	51
4650	51
4651	61
4652	69
4653	65
4654	53
4655	39
4656	67
4657	52
4658	54
4659	48
4660	69
4661	57
4662	45
4663	53
4664	65
4665	46
4666	53
4667	44
4668	55
4669	53
4670	53
4671	62
4672	53
4673	63
4674	63
4675	62
4676	56
4677	49
4678	44
4679	52
4680	52
4681	52
4682	62
4683	53
4684	54
4685	48
4686	67
4687	51
4688	51
4689	54
4690	55
4691	38
4692	52
4693	61
4694	49
4695	67
4696	53
4697	62
4698	59
4699	67
4700	54
4701	47
4702	54
4703	67
4704	62
4705	57
4706	64
4707	50
4708	42
4709	51
4710	52
4711	64
4712	65
4713	81
4714	51
4715	71
4716	57
4717	66
4718	70
4719	45
4720	66
4721	65
4722	54
4723	69
4724	56
4725	54
4726	49
4727	56
4728	56
4729	59
4730	58
4731	52
4732	40
4733	59
4734	58
4735	53
4736	67
4737	41
4738	59
4739	44
4740	54
4741	57
4742	51
4743	47
4744	50
4745	52
4746	61
4747	61
4748	54
4749	53
4750	66
4751	72
4752	68
4753	73
4754	59
4755	59
4756	51
4757	65
4758	57
4759	68
4760	45
4761	65
4762	61
4763	67
4764	60
4765	55
4766	59
4767	51
4768	55
4769	66
4770	64
4771	53
4772	76
4773	73
4774	64
4775	56
4776	59
4777	63
4778	73
4779	56
4780	64
4781	56
4782	54
4783	65
4784	71
4785	84
4786	60
4787	62
4788	69
4789	65
4790	60
4791	66
4792	74
4793	55
4794	68
4795	56
4796	63
4797	61
4798	54
4799	60
4800	62
4801	54
4802	69
4803	64
4804	65
4805	52
4806	62
4807	68
4808	55
4809	68
4810	53
4811	69
4812	66
4813	68
4814	54
4815	52
4816	50
4817	60
4818	71
4819	53
4820	62
4821	71
4822	69
4823	70
4824	66
4825	60
4826	79
4827	66
4828	58
4829	66
4830	67
4831	53
4832	70
4833	63
4834	67
4835	49
4836	75
4837	64
4838	67
4839	64
4840	58
4841	69
4842	60
4843	59
4844	61
4845	73
4846	77
4847	53
4848	79
4849	67
4850	56
4851	73
4852	69
4853	63
4854	65
4855	63
4856	64
4857	54
4858	62
4859	54
4860	69
4861	66
4862	64
4863	68
4864	64
4865	62
4866	57
4867	57
4868	57
4869	59
4870	63
4871	59
4872	57
4873	59
4874	64
4875	79
4876	46
4877	67
4878	50
4879	58
4880	58
4881	59
4882	64
4883	60
4884	80
4885	70
4886	58
4887	63
4888	67
4889	74
4890	48
4891	68
4892	62
4893	57
4894	60
4895	53
4896	58
4897	75
4898	70
4899	57
4900	67
4901	82
4902	60
4903	64
4904	69
4905	57
4906	67
4907	85
4908	75
4909	66
4910	76
4911	58
4912	75
4913	63
4914	73
4915	51
4916	71
4917	73
4918	63
4919	64
4920	47
4921	72
4922	74
4923	52
4924	67
4925	68
4926	72
4927	67
4928	72
4929	64
4930	54
4931	64
4932	88
4933	60
4934	62
4935	68
4936	68
4937	79
4938	68
4939	71
4940	76
4941	75
4942	69
4943	69
4944	65
4945	67
4946	66
4947	65
4948	57
4949	70
4950	89
4951	64
4952	69
4953	61
4954	58
4955	51
4956	59
4957	62
4958	55
4959	57
4960	79
4961	78
4962	67
4963	52
4964	74
4965	52
4966	73
4967	79
4968	68
4969	75
4970	69
4971	63
4972	57
4973	68
4974	56
4975	62
4976	55
4977	71
4978	53
4979	61
4980	75
4981	48
4982	60
4983	61
4984	75
4985	68
4986	56
4987	74
4988	59
4989	70
4990	61
4991	65
4992	57
4993	56
4994	68
4995	60
4996	79
4997	72
4998	63
4999	69
5000	64
5001	59
5002	53
5003	61
5004	71
5005	79
5006	80
5007	70
5008	72
5009	61
5010	66
5011	52
5012	65
5013	53
5014	55
5015	60
5016	57
5017	53
5018	54
5019	66
5020	68
5021	55
5022	54
5023	60
5024	60
5025	62
5026	73
5027	63
5028	54
5029	64
5030	52
5031	72
5032	58
5033	59
5034	67
5035	65
5036	63
5037	59
5038	59
5039	67
5040	64
5041	68
5042	65
5043	49
5044	60
5045	59
5046	60
5047	66
5048	62
5049	53
5050	56
5051	48
5052	69
5053	58
5054	58
5055	58
5056	65
5057	63
5058	65
5059	53
5060	73
5061	53
5062	61
5063	66
5064	63
5065	71
5066	51
5067	69
5068	57
5069	61
5070	59
5071	52
5072	65
5073	58
5074	64
5075	57
5076	56
5077	58
5078	69
5079	68
5080	59
5081	80
5082	68
5083	63
5084	61
5085	63
5086	61
5087	64
5088	58
5089	60
5090	55
5091	83
5092	71
5093	78
5094	60
5095	66
5096	62
5097	65
5098	60
5099	68
5100	57
5101	57
5102	50
5103	73
5104	71
5105	57
5106	59
5107	49
5108	70
5109	62
5110	65
5111	56
5112	62
5113	46
5114	57
5115	67
5116	55
5117	63
5118	54
5119	52
5120	59
5121	75
5122	56
5123	47
5124	62
5125	53
5126	65
5127	66
5128	48
5129	49
5130	61
5131	67
5132	61
5133	56
5134	57
5135	64
5136	56
5137	56
5138	72
5139	59
5140	60
5141	72
5142	60
5143	64
5144	75
5145	61
5146	52
5147	49
5148	53
5149	63
5150	43
5151	50
5152	57
5153	64
5154	57
5155	47
5156	58
5157	53
5158	45
5159	55
5160	62
5161	59
5162	43
5163	64
5164	46
5165	62
5166	67
5167	54
5168	48
5169	56
5170	48
5171	57
5172	71
5173	42
5174	54
5175	53
5176	58
5177	60
5178	54
5179	44
5180	64
5181	68
5182	53
5183	58
5184	53
5185	57
5186	62
5187	67
5188	60
5189	45
5190	63
5191	54
5192	54
5193	54
5194	56
5195	46
5196	65
5197	42
5198	58
5199	45
5200	60
5201	43
5202	67
5203	55
5204	46
5205	52
5206	51
5207	48
5208	61
5209	59
5210	59
5211	51
5212	54
5213	49
5214	60
5215	45
5216	70
5217	60
5218	62
5219	52
5220	54
5221	56
5222	49
5223	49
5224	58
5225	50
5226	52
5227	61
5228	45
5229	56
5230	44
5231	51
5232	54
5233	57
5234	61
5235	50
5236	63
5237	45
5238	57
5239	58
5240	51
5241	61
5242	53
5243	56
5244	47
5245	52
5246	60
5247	59
5248	53
5249	56
5250	40
5251	36
5252	49
5253	49
5254	52
5255	52
5256	49
5257	64
5258	58
5259	33
5260	49
5261	56
5262	50
5263	55
5264	48
5265	46
5266	48
5267	55
5268	54
5269	54
5270	44
5271	60
5272	51
5273	45
5274	43
5275	57
5276	41
5277	55
5278	41
5279	57
5280	54
5281	41
5282	41
5283	57
5284	45
5285	42
5286	59
5287	54
5288	60
5289	41
5290	47
5291	51
5292	49
5293	54
5294	41
5295	52
5296	58
5297	52
5298	44
5299	50
5300	53
5301	40
5302	37
5303	48
5304	51
5305	49
5306	43
5307	52
5308	54
5309	47
5310	46
5311	39
5312	54
5313	49
5314	35
5315	39
5316	37
5317	46
5318	41
5319	47
5320	47
5321	59
5322	40
5323	39
5324	49
5325	46
5326	41
5327	47
5328	43
5329	39
5330	43
5331	62
5332	49
5333	60
5334	26
5335	47
5336	42
5337	48
5338	40
5339	42
5340	26
5341	52
5342	51
5343	43
5344	44
5345	53
5346	42
5347	49
5348	51
5349	41
5350	37
5351	42
5352	43
5353	45
5354	46
5355	50
5356	42
5357	50
5358	40
5359	38
5360	44
5361	44
5362	50
5363	44
5364	39
5365	54
5366	53
5367	34
5368	53
5369	38
5370	64
5371	47
5372	42
5373	41
5374	51
5375	38
5376	57
5377	43
5378	51
5379	31
5380	44
5381	48
5382	38
5383	49
5384	44
5385	37
5386	43
5387	34
5388	48
5389	44
5390	45
5391	35
5392	46
5393	41
5394	59
5395	47
5396	40
5397	43
5398	44
5399	46
5400	33
5401	46
5402	37
5403	42
5404	47
5405	40
5406	51
5407	47
5408	51
5409	38
5410	47
5411	34
5412	39
5413	34
5414	47
5415	45
5416	33
5417	34
5418	53
5419	33
5420	43
5421	39
5422	51
5423	40
5424	38
5425	45
5426	40
5427	39
5428	36
5429	44
5430	37
5431	28
5432	34
5433	50
5434	37
5435	40
5436	36
5437	36
5438	41
5439	40
5440	53
5441	27
5442	31
5443	39
5444	27
5445	47
5446	44
5447	28
5448	35
5449	31
5450	39
5451	41
5452	31
5453	34
5454	42
5455	41
5456	44
5457	41
5458	33
5459	41
5460	30
5461	29
5462	33
5463	42
5464	35
5465	33
5466	36
5467	43
5468	26
5469	27
5470	31
5471	38
5472	41
5473	42
5474	38
5475	54
5476	42
5477	40
5478	40
5479	52
5480	43
5481	41
5482	33
5483	41
5484	41
5485	36
5486	37
5487	45
5488	46
5489	22
5490	40
5491	36
5492	42
5493	41
5494	29
5495	39
5496	37
5497	32
5498	34
5499	30
5500	22
5501	46
5502	29
5503	41
5504	33
5505	31
5506	29
5507	39
5508	41
5509	33
5510	27
5511	30
5512	32
5513	37
5514	33
5515	32
5516	33
5517	34
5518	20
5519	38
5520	33
5521	28
5522	42
5523	27
5524	32
5525	37
5526	33
5527	30
5528	31
5529	29
5530	41
5531	37
5532	34
5533	41
5534	24
5535	39
5536	29
5537	27
5538	27
5539	42
5540	31
5541	34
5542	29
5543	28
5544	33
5545	35
5546	36
5547	26
5548	37
5549	32
5550	31
5551	41
5552	31
5553	24
5554	27
5555	25
5556	40
5557	39
5558	29
5559	45
5560	34
5561	31
5562	32
5563	38
5564	37
5565	33
5566	35
5567	27
5568	34
5569	31
5570	44
5571	21
5572	25
5573	24
5574	26
5575	41
5576	25
5577	26
5578	33
5579	35
5580	39
5581	31
5582	28
5583	29
5584	29
5585	39
5586	30
5587	26
5588	24
5589	28
5590	35
5591	39
5592	29
5593	22
5594	26
5595	30
5596	25
5597	26
5598	36
5599	36
5600	26
5601	35
5602	44
5603	34
5604	32
5605	28
5606	35
5607	32
5608	35
5609	33
5610	31
5611	28
5612	32
5613	28
5614	28
5615	33
5616	36
5617	31
5618	26
5619	29
5620	30
5621	27
5622	30
5623	37
5624	36
5625	25
5626	33
5627	33
5628	26
5629	34
5630	23
5631	28
5632	32
5633	20
5634	28
5635	28
5636	36
5637	26
5638	29
5639	29
5640	32
5641	40
5642	28
5643	17
5644	26
5645	27
5646	23
5647	30
5648	26
5649	27
5650	28
5651	25
5652	37
5653	22
5654	25
5655	25
5656	19
5657	30
5658	22
5659	23
5660	28
5661	24
5662	26
5663	23
5664	25
5665	20
5666	29
5667	19
5668	29
5669	28
5670	31
5671	24
5672	23
5673	26
5674	27
5675	17
5676	20
5677	28
5678	20
5679	29
5680	33
5681	27
5682	29
5683	21
5684	16
5685	29
5686	32
5687	30
5688	26
5689	22
5690	28
5691	22
5692	35
5693	37
5694	32
5695	24
5696	21
5697	27
5698	22
5699	26
5700	28
5701	29
5702	20
5703	24
5704	32
5705	18
5706	33
5707	21
5708	26
5709	17
5710	15
5711	24
5712	20
5713	17
5714	27
5715	23
5716	20
5717	27
5718	25
5719	25
5720	17
5721	33
5722	27
5723	21
5724	30
5725	27
5726	20
5727	29
5728	33
5729	20
5730	23
5731	29
5732	24
5733	24
5734	28
5735	20
5736	30
5737	21
5738	16
5739	27
5740	23
5741	24
5742	26
5743	28
5744	20
5745	26
5746	25
5747	22
5748	24
5749	18
5750	34
5751	20
5752	29
5753	20
5754	16
5755	18
5756	34
5757	17
5758	21
5759	15
5760	20
5761	20
5762	17
5763	30
5764	22
5765	28
5766	26
5767	21
5768	21
5769	20
5770	16
5771	24
5772	15
5773	24
5774	22
5775	27
5776	18
5777	22
5778	20
5779	21
5780	15
5781	24
5782	16
5783	20
5784	27
5785	28
5786	16
5787	27
5788	18
5789	23
5790	20
5791	29
5792	19
5793	17
5794	23
5795	28
5796	21
5797	21
5798	26
5799	26
5800	17
5801	23
5802	23
5803	22
5804	23
5805	26
5806	16
5807	18
5808	27
5809	23
5810	17
5811	16
5812	23
5813	26
5814	16
5815	21
5816	27
5817	23
5818	24
5819	18
5820	26
5821	20
5822	17
5823	18
5824	22
5825	23
5826	21
5827	20
5828	20
5829	17
5830	23
5831	18
5832	25
5833	23
5834	22
5835	31
5836	14
5837	26
5838	25
5839	29
5840	19
5841	19
5842	16
5843	23
5844	22
5845	20
5846	13
5847	29
5848	11
5849	22
5850	21
5851	13
5852	19
5853	18
5854	19
5855	19
5856	17
5857	17
5858	17
5859	19
5860	20
5861	18
5862	22
5863	24
5864	17
5865	19
5866	23
5867	22
5868	21
5869	20
5870	19
5871	20
5872	24
5873	19
5874	23
5875	16
5876	18
5877	13
5878	24
5879	22
5880	21
5881	17
5882	23
5883	19
5884	19
5885	18
5886	23
5887	26
5888	22
5889	11
5890	27
5891	18
5892	18
5893	22
5894	18
5895	14
5896	15
5897	21
5898	22
5899	19
5900	24
5901	27
5902	23
5903	15
5904	21
5905	20
5906	12
5907	13
5908	25
5909	16
5910	22
5911	29
5912	20
5913	23
5914	22
5915	19
5916	24
5917	15
5918	27
5919	14
5920	18
5921	18
5922	23
5923	17
5924	18
5925	17
5926	18
5927	18
5928	12
5929	28
5930	16
5931	19
5932	19
5933	16
5934	21
5935	23
5936	14
5937	25
5938	15
5939	20
5940	20
5941	17
5942	19
5943	12
5944	22
5945	15
5946	12
5947	18
5948	16
5949	11
5950	19
5951	16
5952	14
5953	24
5954	22
5955	15
5956	17
5957	20
5958	12
5959	14
5960	16
5961	13
5962	18
5963	13
5964	25
5965	14
5966	15
5967	13
5968	17
5969	16
5970	18
5971	16
5972	14
5973	17
5974	11
5975	13
5976	16
5977	15
5978	25
5979	25
5980	22
5981	15
5982	12
5983	17
5984	7
5985	13
5986	25
5987	10
5988	18
5989	18
5990	15
5991	12
5992	16
5993	18
5994	11
5995	20
5996	13
5997	18
5998	16
5999	16
6000	11
6001	16
6002	22
6003	15
6004	17
6005	20
6006	12
6007	17
6008	15
6009	8
6010	9
6011	17
6012	8
6013	20
6014	17
6015	17
6016	18
6017	13
6018	17
6019	19
6020	20
6021	12
6022	16
6023	14
6024	19
6025	16
6026	16
6027	17
6028	19
6029	15
6030	15
6031	18
6032	18
6033	18
6034	21
6035	17
6036	15
6037	13
6038	14
6039	7
6040	16
6041	16
6042	11
6043	11
6044	18
6045	15
6046	15
6047	15
6048	19
6049	9
6050	11
6051	14
6052	10
6053	18
6054	9
6055	10
6056	20
6057	13
6058	19
6059	9
6060	15
6061	14
6062	10
6063	11
6064	18
6065	12
6066	12
6067	13
6068	11
6069	17
6070	7
6071	17
6072	18
6073	11
6074	13
6075	19
6076	13
6077	21
6078	18
6079	9
6080	16
6081	17
6082	8
6083	13
6084	6
6085	14
6086	13
6087	15
6088	16
6089	19
6090	13
6091	16
6092	23
6093	13
6094	9
6095	12
6096	16
6097	14
6098	12
6099	8
6100	11
6101	11
6102	14
6103	22
6104	10
6105	10
6106	15
6107	9
6108	11
6109	13
6110	12
6111	13
6112	14
6113	12
6114	18
6115	8
6116	12
6117	16
6118	9
6119	11
6120	6
6121	18
6122	9
6123	12
6124	15
6125	14
6126	16
6127	14
6128	14
6129	15
6130	12
6131	5
6132	16
6133	12
6134	14
6135	12
6136	15
6137	12
6138	14
6139	9
6140	10
6141	16
6142	16
6143	13
6144	11
6145	16
6146	14
6147	9
6148	9
6149	8
6150	15
6151	10
6152	12
6153	14
6154	8
6155	12
6156	12
6157	13
6158	15
6159	8
6160	15
6161	13
6162	13
6163	8
6164	12
6165	18
6166	15
6167	5
6168	16
6169	17
6170	11
6171	12
6172	15
6173	7
6174	11
6175	13
6176	14
6177	10
6178	12
6179	12
6180	18
6181	13
6182	7
6183	14
6184	14
6185	11
6186	8
6187	14
6188	5
6189	10
6190	16
6191	17
6192	13
6193	20
6194	14
6195	14
6196	14
6197	11
6198	14
6199	12
6200	7
6201	15
6202	17
6203	12
6204	14
6205	16
6206	17
6207	10
6208	14
6209	14
6210	16
6211	13
6212	14
6213	8
6214	11
6215	10
6216	10
6217	5
6218	10
6219	10
6220	8
6221	9
6222	9
6223	10
6224	12
6225	10
6226	12
6227	10
6228	11
6229	11
6230	14
6231	12
6232	14
6233	8
6234	13
6235	13
6236	10
6237	10
6238	9
6239	12
6240	12
6241	12
6242	12
6243	11
6244	7
6245	9
6246	9
6247	16
6248	10
6249	6
6250	13
6251	20
6252	9
6253	9
6254	16
6255	15
6256	15
6257	16
6258	14
6259	11
6260	16
6261	10
6262	12
6263	11
6264	11
6265	8
6266	12
6267	12
6268	11
6269	12
6270	10
6271	12
6272	12
6273	13
6274	12
6275	9
6276	12
6277	11
6278	3
6279	10
6280	10
6281	11
6282	13
6283	13
6284	15
6285	7
6286	6
6287	11
6288	10
6289	12
6290	18
6291	12
6292	18
6293	10
6294	20
6295	11
6296	15
6297	9
6298	10
6299	10
6300	12
6301	9
6302	12
6303	8
6304	19
6305	15
6306	10
6307	10
6308	14
6309	11
6310	7
6311	12
6312	19
6313	14
6314	9
6315	6
6316	12
6317	11
6318	5
6319	11
6320	12
6321	15
6322	12
6323	12
6324	16
6325	9
6326	9
6327	18
6328	6
6329	11
6330	12
6331	12
6332	16
6333	6
6334	5
6335	13
6336	9
6337	10
6338	9
6339	13
6340	7
6341	6
6342	16
6343	11
6344	14
6345	17
6346	17
6347	12
6348	10
6349	13
6350	8
6351	10
6352	5
6353	9
6354	15
6355	9
6356	10
6357	10
6358	10
6359	2
6360	12
6361	13
6362	14
6363	8
6364	6
6365	10
6366	14
6367	14
6368	5
6369	14
6370	12
6371	8
6372	10
6373	8
6374	4
6375	12
6376	7
6377	11
6378	13
6379	6
6380	10
6381	11
6382	4
6383	11
6384	9
6385	15
6386	13
6387	14
6388	13
6389	7
6390	10
6391	11
6392	10
6393	11
6394	10
6395	7
6396	15
6397	6
6398	16
6399	13
6400	8
6401	10
6402	7
6403	10
6404	12
6405	11
6406	7
6407	10
6408	14
6409	9
6410	10
6411	9
6412	8
6413	9
6414	18
6415	8
6416	12
6417	13
6418	12
6419	9
6420	18
6421	9
6422	10
6423	14
6424	7
6425	19
6426	13
6427	16
6428	8
6429	12
6430	14
6431	7
6432	5
6433	15
6434	11
6435	11
6436	9
6437	14
6438	13
6439	15
6440	11
6441	7
6442	10
6443	14
6444	21
6445	10
6446	16
6447	17
6448	8
6449	11
6450	15
6451	10
6452	14
6453	12
6454	11
6455	15
6456	15
6457	11
6458	15
6459	13
6460	16
6461	10
6462	11
6463	7
6464	10
6465	14
6466	12
6467	8
6468	16
6469	12
6470	9
6471	7
6472	12
6473	11
6474	15
6475	12
6476	9
6477	17
6478	16
6479	14
6480	11
6481	16
6482	10
6483	12
6484	10
6485	12
6486	9
6487	12
6488	10
6489	14
6490	13
6491	13
6492	17
6493	13
6494	16
6495	15
6496	14
6497	13
6498	9
6499	13
6500	7
6501	9
6502	13
6503	17
6504	11
6505	21
6506	8
6507	17
6508	15
6509	12
6510	11
6511	11
6512	7
6513	10
6514	11
6515	15
6516	18
6517	9
6518	8
6519	10
6520	12
6521	10
6522	23
6523	16
6524	15
6525	15
6526	11
6527	7
6528	19
6529	13
6530	10
6531	16
6532	13
6533	11
6534	20
6535	5
6536	18
6537	14
6538	8
6539	17
6540	15
6541	19
6542	18
6543	12
6544	11
6545	16
6546	22
6547	13
6548	13
6549	14
6550	14
6551	11
6552	18
6553	11
6554	11
6555	14
6556	16
6557	21
6558	13
6559	13
6560	15
6561	13
6562	12
6563	10
6564	17
6565	18
6566	14
6567	14
6568	11
6569	15
6570	15
6571	15
6572	16
6573	18
6574	14
6575	12
6576	17
6577	12
6578	11
6579	10
6580	13
6581	17
6582	21
6583	11
6584	10
6585	9
6586	13
6587	18
6588	18
6589	11
6590	15
6591	11
6592	10
6593	18
6594	15
6595	8
6596	12
6597	11
6598	18
6599	15
6600	8
6601	18
6602	21
6603	6
6604	11
6605	11
6606	16
6607	11
6608	13
6609	16
6610	18
6611	24
6612	18
6613	16
6614	14
6615	7
6616	6
6617	12
6618	14
6619	16
6620	17
6621	12
6622	8
6623	18
6624	10
6625	17
6626	9
6627	11
6628	11
6629	12
6630	13
6631	14
6632	12
6633	11
6634	14
6635	12
6636	15
6637	15
6638	14
6639	9
6640	24
6641	15
6642	9
6643	18
6644	14
6645	21
6646	12
6647	16
6648	14
6649	14
6650	14
6651	12
6652	14
6653	15
6654	16
6655	11
6656	15
6657	14
6658	5
6659	13
6660	14
6661	21
6662	14
6663	20
6664	10
6665	16
6666	13
6667	11
6668	14
6669	14
6670	15
6671	17
6672	19
6673	16
6674	20
6675	15
6676	15
6677	15
6678	13
6679	14
6680	13
6681	20
6682	12
6683	14
6684	16
6685	12
6686	13
6687	12
6688	11
6689	17
6690	18
6691	16
6692	10
6693	14
6694	11
6695	8
6696	11
6697	17
6698	18
6699	15
6700	14
6701	18
6702	14
6703	14
6704	12
6705	19
6706	16
6707	15
6708	8
6709	5
6710	8
6711	16
6712	10
6713	5
6714	10
6715	14
6716	18
6717	14
6718	17
6719	14
6720	18
6721	15
6722	18
6723	12
6724	18
6725	13
6726	15
6727	10
6728	14
6729	16
6730	9
6731	14
6732	14
6733	14
6734	13
6735	8
6736	15
6737	20
6738	10
6739	9
6740	10
6741	12
6742	14
6743	17
6744	16
6745	11
6746	12
6747	15
6748	20
6749	10
6750	15
6751	14
6752	17
6753	16
6754	6
6755	19
6756	6
6757	19
6758	8
6759	15
6760	14
6761	16
6762	22
6763	14
6764	13
6765	5
6766	16
6767	13
6768	19
6769	15
6770	9
6771	9
6772	20
6773	12
6774	10
6775	14
6776	13
6777	15
6778	11
6779	12
6780	10
6781	8
6782	10
6783	14
6784	10
6785	13
6786	6
6787	11
6788	13
6789	14
6790	7
6791	13
6792	13
6793	7
6794	10
6795	13
6796	19
6797	11
6798	16
6799	12
6800	11
6801	12
6802	15
6803	17
6804	11
6805	12
6806	15
6807	7
6808	12
6809	15
6810	7
6811	12
6812	11
6813	14
6814	10
6815	12
6816	9
6817	14
6818	7
6819	6
6820	11
6821	11
6822	13
6823	12
6824	12
6825	14
6826	13
6827	13
6828	14
6829	11
6830	15
6831	17
6832	13
6833	12
6834	11
6835	9
6836	12
6837	10
6838	14
6839	9
6840	9
6841	9
6842	11
6843	10
6844	11
6845	20
6846	18
6847	10
6848	14
6849	5
6850	7
6851	14
6852	5
6853	6
6854	8
6855	12
6856	12
6857	11
6858	7
6859	11
6860	9
6861	5
6862	7
6863	11
6864	12
6865	10
6866	8
6867	10
6868	13
6869	11
6870	5
6871	7
6872	10
6873	9
6874	5
6875	13
6876	7
6877	8
6878	12
6879	7
6880	7
6881	8
6882	4
6883	12
6884	10
6885	8
6886	7
6887	14
6888	9
6889	8
6890	11
6891	7
6892	11
6893	7
6894	10
6895	8
6896	13
6897	6
6898	9
6899	6
6900	8
6901	6
6902	4
6903	9
6904	4
6905	6
6906	3
6907	8
6908	9
6909	3
6910	2
6911	10
6912	1
6913	11
6914	14
6915	8
6916	11
6917	8
6918	6
6919	6
6920	11
6921	8
6922	7
6923	8
6924	5
6925	7
6926	5
6927	5
6928	7
6929	2
6930	5
6931	6
6932	10
6933	6
6934	7
6935	8
6936	6
6937	3
6938	4
6939	5
6940	6
6941	3
6942	9
6943	8
6944	7
6945	7
6946	16
6947	3
6948	5
6949	3
6950	6
6951	7
6952	5
6953	3
6954	2
6955	6
6956	8
6957	5
6958	8
6959	8
6960	4
6961	7
6962	6
6963	8
6964	9
6965	8
6966	6
6967	8
6968	6
6969	7
6970	5
6971	8
6972	6
6973	10
6974	7
6975	7
6976	2
6977	8
6978	4
6979	2
6980	7
6981	6
6982	8
6983	9
6984	7
6985	4
6986	2
6987	4
6988	4
6989	4
6990	2
6991	4
6992	6
6993	4
6994	3
6995	8
6996	5
6997	5
6998	4
6999	2
7000	5
7001	2
7002	3
7003	6
7004	6
7005	3
7006	7
7007	2
7008	5
7009	2
7010	9
7011	5
7012	6
7013	2
7014	4
7015	3
7016	7
7017	5
7018	7
7019	1
7020	5
7021	4
7022	3
7023	1
7024	5
7025	3
7026	5
7027	2
7028	3
7029	5
7030	2
7031	3
7032	8
7033	2
7034	2
7035	4
7036	3
7037	4
7038	1
7039	3
7040	4
7041	5
7042	2
7043	3
7044	8
7045	0
7046	2
7047	3
7048	5
7049	9
7050	4
7051	3
7052	3
7053	3
7054	1
7055	4
7056	4
7057	3
7058	5
7059	5
7060	2
7061	6
7062	2
7063	4
7064	2
7065	5
7066	1
7067	5
7068	2
7069	3
7070	3
7071	3
7072	3
7073	2
7074	2
7075	3
7076	1
7077	3
7078	4
7079	3
7080	2
7081	4
7082	2
7083	3
7084	2
7085	5
7086	2
7087	4
7088	3
7089	3
7090	1
7091	0
7092	2
7093	2
7094	3
7095	3
7096	2
7097	3
7098	3
7099	1
7100	3
7101	1
7102	2
7103	2
7104	7
7105	3
7106	2
7107	1
7108	1
7109	3
7110	0
7111	3
7112	2
7113	1
7114	4
7115	3
7116	6
7117	1
7118	2
7119	0
7120	1
7121	3
7122	0
7123	3
7124	0
7125	0
7126	0
7127	3
7128	0
7129	1
7130	0
7131	2
7132	5
7133	0
7134	1
7135	4
7136	2
7137	0
7138	0
7139	3
7140	3
7141	1
7142	1
7143	2
7144	2
7145	3
7146	0
7147	0
7148	5
7149	2
7150	4
7151	1
7152	1
7153	3
7154	1
7155	2
7156	0
7157	0
7158	2
7159	2
7160	0
7161	1
7162	1
7163	2
7164	2
7165	2
7166	3
7167	1
7168	2
7169	2
7170	1
7171	0
7172	2
7173	0
7174	1
7175	1
7176	3
7177	2
7178	4
7179	1
7180	0
7181	1
7182	2
7183	2
7184	2
7185	0
7186	1
7187	1
7188	0
7189	1
7190	3
7191	0
7192	1
7193	0
7194	2
7195	0
7196	1
7197	1
7198	1
7199	2
7200	2
7201	1
7202	3
7203	0
7204	1
7205	0
7206	0
7207	0
7208	2
7209	0
7210	0
7211	2
7212	1
7213	1
7214	1
7215	1
7216	1
7217	0
7218	1
7219	0
7220	0
7221	0
7222	0
7223	2
7224	2
7225	1
7226	1
7227	1
7228	1
7229	2
7230	1
7231	1
7232	0
7233	3
7234	0
7235	3
7236	5
7237	1
7238	2
7239	0
7240	0
7241	0
7242	2
7243	1
7244	0
7245	1
7246	2
7247	3
7248	1
7249	2
7250	0
7251	2
7252	1
7253	1
7254	1
7255	0
7256	0
7257	0
7258	1
7259	1
7260	1
7261	2
7262	0
7263	3
7264	3
7265	0
7266	0
7267	1
7268	0
7269	0
7270	1
7271	1
7272	2
7273	1
7274	0
7275	0
7276	0
7277	2
7278	0
7279	1
7280	0
7281	0
7282	2
7283	0
7284	0
7285	0
7286	0
7287	0
7288	0
7289	1
7290	0
7291	1
7292	1
7293	1
7294	1
7295	1
7296	0
7297	1
7298	2
7299	1
7300	0
7301	0
7302	2
7303	2
7304	1
7305	3
7306	2
7307	0
7308	2
7309	1
7310	2
7311	1
7312	0
7313	0
7314	1
7315	1
7316	1
7317	0
7318	0
7319	0
7320	0
7321	1
7322	0
7323	0
7324	0
7325	1
7326	1
7327	3
7328	0
7329	0
7330	1
7331	2
7332	1
7333	0
7334	0
7335	2
7336	0
7337	0
7338	0
7339	1
7340	0
7341	0
7342	0
7343	0
7344	0
7345	0
7346	2
7347	0
7348	0
7349	0
7350	1
7351	1
7352	0
7353	1
7354	0
7355	0
7356	0
7357	1
7358	0
7359	1
7360	0
7361	1
7362	1
7363	0
7364	1
7365	1
7366	0
7367	1
7368	0
7369	0
7370	0
7371	0
7372	0
7373	0
7374	1
7375	1
7376	1
7377	0
7378	0
7379	0
7380	0
7381	0
7382	0
7383	1
7384	1
7385	0
7386	2
7387	1
7388	0
7389	1
7390	0
7391	0
7392	1
7393	0
7394	1
7395	0
7396	2
7397	0
7398	0
7399	2
7400	1
7401	1
7402	2
7403	0
7404	2
7405	1
7406	1
7407	1
7408	0
7409	2
7410	1
7411	0
7412	0
7413	2
7414	0
7415	0
7416	1
7417	2
7418	2
7419	1
7420	0
7421	0
7422	0
7423	0
7424	0
7425	1
7426	1
7427	1
7428	2
7429	0
7430	0
7431	0
7432	0
7433	1
7434	0
7435	1
7436	0
7437	0
7438	0
7439	0
7440	0
7441	0
7442	1
7443	0
7444	1
7445	0
7446	0
7447	0
7448	0
7449	0
7450	1
7451	1
7452	0
7453	0
7454	2
7455	1
7456	0
7457	0
7458	0
7459	0
7460	1
7461	0
7462	0
7463	1
7464	0
7465	1
7466	0
7467	0
7468	0
7469	1
7470	0
7471	0
7472	0
7473	0
7474	1
7475	1
7476	0
7477	1
7478	2
7479	1
7480	0
7481	1
7482	1
7483	0
7484	0
7485	4
7486	1
7487	2
7488	1
7489	1
7490	0
7491	0
7492	1
7493	0
7494	0
7495	0
7496	0
7497	2
7498	1
7499	0
7500	1
7501	0
7502	1
7503	1
7504	0
7505	0
7506	1
7507	3
7508	0
7509	0
7510	1
7511	1
7512	0
7513	0
7514	0
7515	1
7516	0
7517	1
7518	0
7519	1
7520	0
7521	1
7522	0
7523	1
7524	0
7525	1
7526	0
7527	1
7528	3
7529	0
7530	1
7531	0
7532	1
7533	2
7534	0
7535	0
7536	0
7537	0
7538	0
7539	1
7540	0
7541	0
7542	1
7543	2
7544	0
7545	0
7546	0
7547	0
7548	3
7549	2
7550	2
7551	0
7552	0
7553	0
7554	2
7555	0
7556	0
7557	0
7558	0
7559	1
7560	0
7561	1
7562	0
7563	0
7564	3
7565	0
7566	1
7567	0
7568	0
7569	0
7570	1
7571	0
7572	0
7573	0
7574	1
7575	0
7576	0
7577	0
7578	0
7579	0
7580	1
7581	1
7582	0
7583	0
7584	1
7585	0
7586	0
7587	1
7588	0
7589	0
7590	0
7591	0
7592	1
7593	2
7594	0
7595	0
7596	0
7597	2
7598	1
7599	0
7600	1
7601	1
7602	0
7603	0
7604	0
7605	1
7606	0
7607	0
7608	1
7609	0
7610	1
7611	0
7612	1
7613	0
7614	1
7615	2
7616	0
7617	2
7618	0
7619	0
7620	0
7621	2
7622	0
7623	0
7624	0
7625	0
7626	0
7627	0
7628	1
7629	0
7630	0
7631	0
7632	0
7633	0
7634	3
7635	0
7636	0
7637	1
7638	0
7639	0
7640	0
7641	1
7642	0
7643	0
7644	0
7645	0
7646	1
7647	0
7648	1
7649	1
7650	0
7651	0
7652	1
7653	0
7654	0
7655	1
7656	0
7657	0
7658	2
7659	0
7660	0
7661	0
7662	0
7663	1
7664	0
7665	1
7666	1
7667	1
7668	1
7669	0
7670	1
7671	0
7672	1
7673	2
7674	1
7675	0
7676	1
7677	2
7678	0
7679	0
7680	0
7681	0
7682	1
7683	0
7684	0
7685	0
7686	0
7687	0
7688	2
7689	0
7690	0
7691	0
7692	2
7693	0
7694	0
7695	0
7696	1
7697	1
7698	0
7699	0
7700	0
7701	0
7702	2
7703	1
7704	0
7705	3
7706	1
7707	0
7708	0
7709	2
7710	1
7711	0
7712	0
7713	0
7714	0
7715	0
7716	0
7717	1
7718	0
7719	3
7720	2
7721	0
7722	0
7723	1
7724	0
7725	0
7726	0
7727	1
7728	0
7729	1
7730	1
7731	0
7732	1
7733	0
7734	0
7735	0
7736	0
7737	1
7738	0
7739	1
7740	0
7741	2
7742	1
7743	0
7744	0
7745	1
7746	1
7747	0
7748	0
7749	0
7750	0
7751	0
7752	0
7753	1
7754	0
7755	1
7756	0
7757	0
7758	0
7759	0
7760	1
7761	0
7762	1
7763	2
7764	0
7765	1
7766	0
7767	0
7768	0
7769	1
7770	0
7771	0
7772	0
7773	0
7774	0
7775	0
7776	1
7777	0
7778	1
7779	0
7780	1
7781	0
7782	3
7783	0
7784	0
7785	3
7786	1
7787	3
7788	1
7789	0
7790	0
7791	2
7792	0
7793	1
7794	1
7795	0
7796	0
7797	0
7798	0
7799	1
7800	0
7801	2
7802	0
7803	1
7804	0
7805	0
7806	0
7807	0
7808	0
7809	2
7810	0
7811	0
7812	2
7813	1
7814	2
7815	0
7816	0
7817	0
7818	0
7819	0
7820	1
7821	0
7822	1
7823	0
7824	0
7825	1
7826	0
7827	2
7828	0
7829	0
7830	1
7831	0
7832	1
7833	1
7834	2
7835	1
7836	0
7837	1
7838	0
7839	0
7840	0
7841	2
7842	0
7843	1
7844	0
7845	0
7846	0
7847	0
7848	0
7849	2
7850	0
7851	0
7852	1
7853	0
7854	1
7855	1
7856	0
7857	1
7858	2
7859	3
7860	0
7861	0
7862	0
7863	0
7864	0
7865	1
7866	0
7867	0
7868	0
7869	0
7870	0
7871	1
7872	1
7873	1
7874	1
7875	0
7876	1
7877	0
7878	1
7879	0
7880	0
7881	1
7882	0
7883	0
7884	1
7885	0
7886	0
7887	1
7888	0
7889	0
7890	0
7891	1
7892	0
7893	1
7894	0
7895	0
7896	0
7897	1
7898	0
7899	0
7900	1
7901	2
7902	0
7903	0
7904	0
7905	1
7906	1
7907	0
7908	0
7909	0
7910	0
7911	2
7912	0
7913	0
7914	0
7915	2
7916	0
7917	0
7918	0
7919	1
7920	1
7921	0
7922	0
7923	0
7924	2
7925	1
7926	1
7927	1
7928	1
7929	0
7930	1
7931	0
7932	1
7933	1
7934	0
7935	0
7936	0
7937	1
7938	0
7939	1
7940	1
7941	1
7942	0
7943	0
7944	0
7945	0
7946	1
7947	0
7948	1
7949	0
7950	1
7951	1
7952	1
7953	1
7954	0
7955	0
7956	0
7957	1
7958	0
7959	1
7960	1
7961	0
7962	1
7963	0
7964	0
7965	1
7966	0
7967	0
7968	0
7969	0
7970	0
7971	1
7972	0
7973	0
7974	1
7975	0
7976	1
7977	0
7978	1
7979	0
7980	0
7981	1
7982	0
7983	0
7984	1
7985	0
7986	1
7987	0
7988	1
7989	1
7990	1
7991	2
7992	0
7993	1
7994	0
7995	0
7996	1
7997	1
7998	0
7999	0
8000	2
8001	0
8002	0
8003	1
8004	0
8005	1
8006	0
8007	0
8008	0
8009	0
8010	1
8011	2
8012	0
8013	0
8014	0
8015	0
8016	0
8017	1
8018	0
8019	0
8020	0
8021	2
8022	0
8023	0
8024	0
8025	0
8026	0
8027	0
8028	0
8029	0
8030	1
8031	0
8032	0
8033	1
8034	0
8035	0
8036	1
8037	1
8038	0
8039	0
8040	0
8041	0
8042	0
8043	0
8044	0
8045	0
8046	1
8047	1
8048	1
8049	2
8050	0
8051	0
8052	1
8053	0
8054	1
8055	0
8056	0
8057	1
8058	1
8059	0
8060	0
8061	0
8062	0
8063	0
8064	0
8065	1
8066	0
8067	0
8068	1
8069	1
8070	0
8071	0
8072	1
8073	0
8074	0
8075	0
8076	0
8077	0
8078	0
8079	0
8080	0
8081	0
8082	1
8083	1
8084	0
8085	1
8086	0
8087	0
8088	0
8089	0
8090	0
8091	1
8092	2
8093	0
8094	0
8095	0
8096	0
8097	0
8098	0
8099	0
8100	0
8101	0
8102	0
8103	0
8104	0
8105	0
8106	0
8107	0
8108	0
8109	0
8110	0
8111	0
8112	0
8113	0
8114	0
8115	0
8116	0
8117	0
8118	0
8119	0
8120	0
8121	0
8122	0
8123	0
8124	0
8125	0
8126	0
8127	0
8128	0
8129	0
8130	0
8131	0
8132	0
8133	0
8134	0
8135	0
8136	0
8137	0
8138	0
8139	0
8140	0
8141	0
8142	0
8143	0
8144	0
8145	0
8146	0
8147	0
8148	0
8149	0
8150	0
8151	0
8152	0
8153	0
8154	0
8155	0
8156	0
8157	0
8158	0
8159	0
8160	0
8161	0
8162	0
8163	0
8164	0
8165	0
8166	0
8167	0
8168	0
8169	0
8170	0
8171	0
8172	0
8173	0
8174	0
8175	0
8176	0
8177	0
8178	0
8179	0
8180	0
8181	0
8182	0
8183	0
8184	0
8185	0
8186	0
8187	0
8188	0
8189	0
8190	0
8191	0
