0	0
1	0
2	0
3	0
4	0
5	0
6	0
7	0
8	0
9	0
10	0
11	0
12	0
13	0
14	0
15	0
16	0
17	0
18	0
19	0
20	0
21	0
22	0
23	0
24	0
25	0
26	0
27	0
28	0
29	0
30	0
31	0
32	0
33	0
34	0
35	0
36	0
37	0
38	0
39	0
40	0
41	0
42	0
43	0
44	0
45	0
46	0
47	0
48	0
49	0
50	0
51	0
52	0
53	0
54	0
55	0
56	0
57	0
58	0
59	0
60	0
61	0
62	0
63	0
64	0
65	0
66	0
67	0
68	0
69	0
70	0
71	0
72	0
73	0
74	0
75	0
76	0
77	0
78	0
79	0
80	0
81	0
82	0
83	0
84	0
85	0
86	0
87	0
88	0
89	0
90	0
91	0
92	0
93	0
94	0
95	0
96	0
97	0
98	0
99	0
100	0
101	0
102	0
103	0
104	0
105	0
106	0
107	0
108	0
109	0
110	0
111	0
112	0
113	0
114	0
115	0
116	0
117	0
118	0
119	0
120	0
121	0
122	0
123	0
124	0
125	0
126	0
127	0
128	0
129	0
130	0
131	0
132	0
133	0
134	0
135	0
136	0
137	0
138	0
139	0
140	0
141	0
142	0
143	0
144	0
145	0
146	0
147	0
148	0
149	0
150	0
151	0
152	0
153	0
154	0
155	0
156	0
157	0
158	0
159	0
160	0
161	0
162	0
163	0
164	0
165	0
166	0
167	0
168	0
169	0
170	0
171	0
172	0
173	0
174	0
175	0
176	0
177	0
178	0
179	0
180	5
181	6
182	15
183	26
184	28
185	24
186	36
187	38
188	26
189	20
190	36
191	22
192	31
193	20
194	22
195	24
196	25
197	25
198	21
199	19
200	22
201	28
202	24
203	20
204	15
205	22
206	30
207	15
208	26
209	20
210	20
211	23
212	27
213	13
214	31
215	20
216	18
217	16
218	19
219	10
220	21
221	17
222	18
223	23
224	35
225	16
226	22
227	15
228	17
229	21
230	18
231	22
232	21
233	19
234	14
235	13
236	18
237	23
238	24
239	13
240	21
241	12
242	21
243	18
244	22
245	15
246	20
247	16
248	21
249	19
250	15
251	11
252	14
253	13
254	23
255	18
256	19
257	22
258	19
259	14
260	12
261	24
262	26
263	15
264	12
265	19
266	18
267	17
268	24
269	14
270	21
271	22
272	25
273	23
274	18
275	16
276	26
277	17
278	16
279	16
280	22
281	21
282	13
283	29
284	21
285	16
286	26
287	21
288	14
289	27
290	20
291	24
292	17
293	19
294	17
295	19
296	15
297	23
298	27
299	19
300	25
301	15
302	17
303	30
304	16
305	25
306	22
307	17
308	16
309	17
310	19
311	18
312	14
313	16
314	30
315	28
316	13
317	21
318	16
319	13
320	21
321	18
322	15
323	21
324	18
325	25
326	15
327	17
328	18
329	20
330	23
331	23
332	22
333	14
334	21
335	19
336	16
337	23
338	16
339	24
340	27
341	20
342	22
343	18
344	11
345	18
346	31
347	20
348	18
349	17
350	19
351	24
352	18
353	19
354	20
355	15
356	21
357	26
358	23
359	24
360	22
361	29
362	20
363	19
364	19
365	14
366	22
367	24
368	15
369	20
370	22
371	22
372	12
373	15
374	21
375	20
376	13
377	17
378	15
379	20
380	15
381	16
382	25
383	27
384	24
385	22
386	19
387	12
388	16
389	15
390	20
391	21
392	24
393	20
394	16
395	17
396	29
397	28
398	21
399	27
400	21
401	25
402	21
403	25
404	23
405	19
406	21
407	22
408	24
409	24
410	17
411	23
412	27
413	25
414	21
415	16
416	20
417	21
418	30
419	19
420	28
421	17
422	21
423	18
424	24
425	25
426	21
427	17
428	24
429	14
430	13
431	23
432	10
433	20
434	26
435	19
436	24
437	24
438	22
439	18
440	19
441	19
442	22
443	16
444	24
445	18
446	20
447	24
448	26
449	26
450	36
451	16
452	20
453	21
454	30
455	12
456	19
457	21
458	17
459	23
460	30
461	21
462	18
463	31
464	16
465	22
466	21
467	23
468	10
469	20
470	15
471	23
472	26
473	18
474	22
475	18
476	22
477	23
478	27
479	22
480	21
481	21
482	26
483	21
484	24
485	31
486	23
487	26
488	16
489	33
490	21
491	14
492	28
493	17
494	18
495	23
496	32
497	20
498	19
499	20
500	30
501	26
502	16
503	27
504	22
505	18
506	18
507	25
508	27
509	20
510	25
511	23
512	23
513	19
514	24
515	24
516	21
517	26
518	20
519	35
520	14
521	12
522	24
523	21
524	21
525	23
526	21
527	20
528	23
529	26
530	19
531	19
532	18
533	12
534	26
535	27
536	27
537	26
538	22
539	17
540	27
541	22
542	19
543	21
544	22
545	21
546	23
547	23
548	24
549	17
550	24
551	21
552	21
553	25
554	24
555	18
556	28
557	24
558	19
559	15
560	23
561	19
562	25
563	22
564	17
565	22
566	17
567	7
568	33
569	22
570	26
571	21
572	19
573	21
574	20
575	20
576	24
577	21
578	31
579	23
580	20
581	28
582	22
583	17
584	19
585	17
586	12
587	22
588	20
589	19
590	22
591	21
592	27
593	18
594	17
595	21
596	24
597	21
598	21
599	22
600	21
601	24
602	23
603	20
604	26
605	17
606	16
607	29
608	28
609	24
610	19
611	23
612	26
613	18
614	19
615	29
616	23
617	18
618	21
619	24
620	27
621	21
622	20
623	19
624	25
625	26
626	17
627	26
628	15
629	27
630	22
631	21
632	18
633	24
634	21
635	18
636	23
637	25
638	29
639	31
640	31
641	21
642	24
643	29
644	33
645	23
646	18
647	25
648	23
649	29
650	20
651	28
652	13
653	25
654	18
655	28
656	31
657	24
658	20
659	19
660	15
661	23
662	22
663	20
664	26
665	23
666	23
667	20
668	20
669	28
670	23
671	21
672	21
673	25
674	21
675	30
676	16
677	24
678	22
679	22
680	24
681	20
682	32
683	21
684	18
685	17
686	25
687	21
688	23
689	24
690	24
691	31
692	13
693	21
694	18
695	26
696	27
697	18
698	23
699	25
700	22
701	20
702	18
703	21
704	23
705	26
706	20
707	21
708	27
709	21
710	28
711	17
712	26
713	15
714	25
715	25
716	32
717	19
718	25
719	29
720	21
721	16
722	24
723	21
724	32
725	21
726	16
727	19
728	28
729	37
730	21
731	27
732	21
733	33
734	27
735	20
736	34
737	31
738	19
739	20
740	30
741	23
742	20
743	24
744	21
745	23
746	18
747	32
748	20
749	40
750	28
751	23
752	29
753	24
754	22
755	18
756	29
757	34
758	27
759	29
760	25
761	24
762	26
763	20
764	22
765	22
766	25
767	16
768	25
769	28
770	25
771	30
772	18
773	23
774	35
775	31
776	31
777	23
778	25
779	27
780	26
781	28
782	35
783	35
784	32
785	40
786	35
787	28
788	33
789	33
790	27
791	26
792	31
793	29
794	29
795	28
796	25
797	29
798	35
799	34
800	35
801	31
802	35
803	33
804	31
805	25
806	33
807	38
808	32
809	46
810	47
811	40
812	33
813	46
814	40
815	39
816	36
817	38
818	36
819	47
820	32
821	39
822	42
823	43
824	45
825	41
826	34
827	43
828	38
829	45
830	35
831	46
832	50
833	40
834	51
835	38
836	55
837	49
838	45
839	39
840	49
841	37
842	42
843	53
844	59
845	43
846	40
847	41
848	49
849	44
850	38
851	56
852	48
853	42
854	51
855	59
856	53
857	59
858	55
859	52
860	55
861	49
862	52
863	48
864	49
865	56
866	53
867	54
868	46
869	61
870	47
871	33
872	44
873	49
874	45
875	44
876	50
877	55
878	50
879	53
880	40
881	58
882	54
883	33
884	47
885	39
886	37
887	51
888	43
889	27
890	47
891	39
892	45
893	48
894	53
895	37
896	30
897	48
898	45
899	49
900	49
901	47
902	36
903	31
904	31
905	30
906	39
907	37
908	36
909	43
910	33
911	30
912	36
913	45
914	32
915	48
916	41
917	30
918	35
919	43
920	36
921	28
922	31
923	28
924	25
925	38
926	43
927	36
928	34
929	29
930	34
931	35
932	28
933	24
934	43
935	29
936	43
937	40
938	37
939	28
940	42
941	42
942	41
943	28
944	33
945	45
946	30
947	41
948	43
949	28
950	41
951	38
952	33
953	40
954	38
955	29
956	36
957	39
958	25
959	43
960	34
961	32
962	37
963	43
964	24
965	36
966	39
967	38
968	39
969	32
970	38
971	42
972	26
973	31
974	42
975	40
976	38
977	30
978	43
979	41
980	35
981	44
982	38
983	44
984	40
985	20
986	37
987	55
988	36
989	26
990	42
991	40
992	35
993	33
994	31
995	28
996	30
997	39
998	32
999	35
1000	43
1001	25
1002	35
1003	29
1004	34
1005	25
1006	21
1007	34
1008	23
1009	42
1010	38
1011	30
1012	32
1013	34
1014	37
1015	31
1016	33
1017	28
1018	24
1019	32
1020	23
1021	34
1022	31
1023	29
1024	19
1025	37
1026	28
1027	32
1028	26
1029	39
1030	32
1031	34
1032	32
1033	16
1034	20
1035	34
1036	35
1037	33
1038	31
1039	35
1040	26
1041	33
1042	33
1043	25
1044	33
1045	37
1046	22
1047	26
1048	29
1049	30
1050	29
1051	33
1052	34
1053	35
1054	23
1055	25
1056	23
1057	28
1058	19
1059	29
1060	22
1061	31
1062	27
1063	34
1064	20
1065	31
1066	25
1067	18
1068	30
1069	26
1070	28
1071	28
1072	26
1073	31
1074	27
1075	36
1076	25
1077	26
1078	21
1079	29
1080	24
1081	36
1082	35
1083	29
1084	27
1085	29
1086	28
1087	28
1088	29
1089	22
1090	32
1091	25
1092	26
1093	29
1094	24
1095	30
1096	27
1097	21
1098	29
1099	22
1100	31
1101	27
1102	29
1103	29
1104	30
1105	26
1106	32
1107	20
1108	15
1109	22
1110	39
1111	33
1112	29
1113	29
1114	20
1115	22
1116	25
1117	22
1118	23
1119	21
1120	27
1121	27
1122	20
1123	22
1124	27
1125	30
1126	24
1127	21
1128	30
1129	26
1130	19
1131	27
1132	26
1133	29
1134	14
1135	21
1136	20
1137	24
1138	29
1139	17
1140	27
1141	34
1142	24
1143	28
1144	29
1145	30
1146	28
1147	25
1148	22
1149	28
1150	33
1151	23
1152	33
1153	31
1154	25
1155	31
1156	30
1157	28
1158	29
1159	31
1160	30
1161	30
1162	25
1163	41
1164	26
1165	33
1166	33
1167	33
1168	20
1169	29
1170	25
1171	25
1172	33
1173	35
1174	30
1175	27
1176	39
1177	42
1178	30
1179	26
1180	14
1181	31
1182	29
1183	37
1184	35
1185	22
1186	30
1187	37
1188	33
1189	37
1190	25
1191	36
1192	24
1193	31
1194	25
1195	35
1196	29
1197	44
1198	32
1199	38
1200	32
1201	23
1202	36
1203	31
1204	25
1205	27
1206	22
1207	26
1208	33
1209	33
1210	36
1211	29
1212	26
1213	33
1214	35
1215	31
1216	20
1217	26
1218	37
1219	27
1220	32
1221	37
1222	37
1223	31
1224	30
1225	34
1226	42
1227	34
1228	28
1229	29
1230	33
1231	36
1232	28
1233	23
1234	23
1235	26
1236	20
1237	28
1238	30
1239	39
1240	29
1241	32
1242	28
1243	30
1244	33
1245	37
1246	24
1247	34
1248	32
1249	29
1250	25
1251	25
1252	36
1253	30
1254	34
1255	40
1256	34
1257	35
1258	37
1259	27
1260	24
1261	24
1262	40
1263	34
1264	28
1265	28
1266	32
1267	31
1268	36
1269	27
1270	35
1271	28
1272	30
1273	35
1274	32
1275	33
1276	25
1277	37
1278	32
1279	37
1280	34
1281	29
1282	29
1283	23
1284	33
1285	34
1286	40
1287	45
1288	24
1289	39
1290	29
1291	30
1292	40
1293	26
1294	40
1295	37
1296	31
1297	38
1298	35
1299	34
1300	40
1301	29
1302	42
1303	36
1304	26
1305	38
1306	28
1307	31
1308	24
1309	29
1310	22
1311	28
1312	36
1313	30
1314	32
1315	30
1316	34
1317	41
1318	36
1319	30
1320	40
1321	31
1322	43
1323	38
1324	32
1325	44
1326	30
1327	35
1328	43
1329	40
1330	32
1331	38
1332	27
1333	33
1334	41
1335	33
1336	37
1337	37
1338	35
1339	31
1340	34
1341	26
1342	31
1343	38
1344	26
1345	35
1346	44
1347	27
1348	34
1349	30
1350	33
1351	42
1352	35
1353	18
1354	39
1355	33
1356	28
1357	36
1358	30
1359	25
1360	40
1361	38
1362	39
1363	41
1364	39
1365	42
1366	38
1367	48
1368	36
1369	35
1370	34
1371	44
1372	27
1373	28
1374	38
1375	34
1376	36
1377	45
1378	27
1379	45
1380	27
1381	33
1382	39
1383	44
1384	39
1385	35
1386	41
1387	31
1388	36
1389	32
1390	26
1391	33
1392	32
1393	29
1394	40
1395	47
1396	35
1397	43
1398	38
1399	43
1400	33
1401	42
1402	37
1403	28
1404	44
1405	40
1406	43
1407	50
1408	36
1409	48
1410	35
1411	37
1412	26
1413	40
1414	49
1415	41
1416	36
1417	43
1418	36
1419	50
1420	46
1421	29
1422	28
1423	37
1424	43
1425	36
1426	32
1427	48
1428	40
1429	37
1430	44
1431	44
1432	46
1433	37
1434	33
1435	49
1436	42
1437	31
1438	39
1439	37
1440	37
1441	36
1442	48
1443	43
1444	50
1445	43
1446	25
1447	32
1448	46
1449	38
1450	34
1451	40
1452	30
1453	50
1454	37
1455	42
1456	35
1457	31
1458	31
1459	28
1460	42
1461	33
1462	47
1463	45
1464	43
1465	43
1466	44
1467	41
1468	40
1469	46
1470	32
1471	40
1472	27
1473	30
1474	46
1475	34
1476	40
1477	42
1478	34
1479	40
1480	38
1481	38
1482	37
1483	38
1484	52
1485	47
1486	36
1487	44
1488	42
1489	44
1490	42
1491	39
1492	38
1493	41
1494	46
1495	45
1496	36
1497	40
1498	38
1499	36
1500	31
1501	32
1502	41
1503	45
1504	40
1505	26
1506	41
1507	40
1508	31
1509	31
1510	30
1511	40
1512	44
1513	41
1514	49
1515	42
1516	49
1517	23
1518	38
1519	36
1520	56
1521	37
1522	35
1523	45
1524	41
1525	39
1526	37
1527	40
1528	41
1529	36
1530	42
1531	40
1532	40
1533	50
1534	46
1535	48
1536	41
1537	50
1538	34
1539	33
1540	38
1541	39
1542	31
1543	50
1544	28
1545	43
1546	44
1547	34
1548	37
1549	38
1550	32
1551	47
1552	35
1553	33
1554	47
1555	43
1556	40
1557	35
1558	39
1559	39
1560	45
1561	34
1562	40
1563	39
1564	41
1565	42
1566	43
1567	54
1568	47
1569	31
1570	42
1571	33
1572	48
1573	44
1574	34
1575	46
1576	47
1577	52
1578	33
1579	51
1580	47
1581	48
1582	44
1583	49
1584	36
1585	54
1586	37
1587	32
1588	36
1589	43
1590	44
1591	44
1592	45
1593	32
1594	40
1595	42
1596	30
1597	48
1598	38
1599	33
1600	29
1601	40
1602	48
1603	43
1604	38
1605	45
1606	53
1607	51
1608	42
1609	38
1610	40
1611	40
1612	32
1613	38
1614	48
1615	55
1616	42
1617	47
1618	40
1619	39
1620	47
1621	39
1622	34
1623	40
1624	42
1625	37
1626	42
1627	38
1628	50
1629	44
1630	42
1631	36
1632	46
1633	38
1634	40
1635	32
1636	43
1637	40
1638	37
1639	32
1640	35
1641	46
1642	38
1643	43
1644	55
1645	52
1646	33
1647	46
1648	44
1649	58
1650	49
1651	42
1652	45
1653	47
1654	47
1655	40
1656	45
1657	40
1658	38
1659	37
1660	46
1661	45
1662	45
1663	41
1664	34
1665	42
1666	46
1667	47
1668	40
1669	43
1670	32
1671	40
1672	46
1673	50
1674	43
1675	49
1676	42
1677	46
1678	44
1679	44
1680	37
1681	58
1682	51
1683	35
1684	52
1685	57
1686	50
1687	38
1688	47
1689	26
1690	45
1691	51
1692	47
1693	61
1694	39
1695	38
1696	43
1697	43
1698	39
1699	50
1700	45
1701	50
1702	42
1703	43
1704	43
1705	46
1706	40
1707	39
1708	60
1709	44
1710	45
1711	43
1712	43
1713	46
1714	34
1715	40
1716	42
1717	31
1718	39
1719	59
1720	52
1721	39
1722	47
1723	67
1724	49
1725	46
1726	53
1727	50
1728	40
1729	47
1730	42
1731	38
1732	41
1733	42
1734	54
1735	57
1736	56
1737	42
1738	48
1739	52
1740	38
1741	42
1742	48
1743	46
1744	48
1745	46
1746	56
1747	56
1748	45
1749	43
1750	43
1751	40
1752	58
1753	45
1754	44
1755	49
1756	51
1757	53
1758	57
1759	51
1760	48
1761	42
1762	44
1763	44
1764	49
1765	49
1766	57
1767	57
1768	42
1769	63
1770	50
1771	44
1772	44
1773	56
1774	56
1775	55
1776	41
1777	49
1778	49
1779	35
1780	36
1781	64
1782	48
1783	46
1784	29
1785	53
1786	54
1787	50
1788	39
1789	60
1790	38
1791	50
1792	57
1793	49
1794	43
1795	58
1796	42
1797	40
1798	41
1799	43
1800	51
1801	39
1802	59
1803	49
1804	61
1805	38
1806	55
1807	55
1808	42
1809	49
1810	55
1811	44
1812	51
1813	55
1814	48
1815	49
1816	50
1817	51
1818	52
1819	50
1820	36
1821	50
1822	45
1823	45
1824	53
1825	49
1826	54
1827	50
1828	50
1829	48
1830	47
1831	54
1832	58
1833	39
1834	41
1835	51
1836	55
1837	53
1838	51
1839	50
1840	41
1841	47
1842	57
1843	47
1844	55
1845	57
1846	56
1847	36
1848	47
1849	65
1850	52
1851	49
1852	44
1853	48
1854	48
1855	42
1856	52
1857	57
1858	42
1859	49
1860	54
1861	45
1862	41
1863	41
1864	48
1865	50
1866	46
1867	43
1868	49
1869	56
1870	40
1871	50
1872	56
1873	54
1874	47
1875	35
1876	49
1877	58
1878	63
1879	52
1880	53
1881	44
1882	57
1883	54
1884	44
1885	50
1886	60
1887	50
1888	60
1889	36
1890	49
1891	47
1892	59
1893	46
1894	63
1895	52
1896	42
1897	62
1898	59
1899	49
1900	38
1901	46
1902	50
1903	37
1904	43
1905	54
1906	55
1907	56
1908	49
1909	50
1910	41
1911	50
1912	45
1913	47
1914	56
1915	44
1916	53
1917	56
1918	49
1919	58
1920	51
1921	46
1922	44
1923	58
1924	52
1925	60
1926	50
1927	46
1928	49
1929	45
1930	46
1931	50
1932	52
1933	47
1934	58
1935	60
1936	39
1937	46
1938	42
1939	45
1940	49
1941	52
1942	51
1943	47
1944	44
1945	46
1946	63
1947	56
1948	46
1949	43
1950	46
1951	43
1952	47
1953	51
1954	53
1955	61
1956	60
1957	39
1958	59
1959	74
1960	45
1961	43
1962	56
1963	54
1964	46
1965	37
1966	40
1967	41
1968	40
1969	44
1970	53
1971	57
1972	54
1973	67
1974	49
1975	59
1976	69
1977	44
1978	62
1979	45
1980	52
1981	57
1982	56
1983	53
1984	50
1985	67
1986	60
1987	49
1988	57
1989	51
1990	63
1991	57
1992	46
1993	60
1994	59
1995	43
1996	48
1997	54
1998	44
1999	42
2000	43
2001	51
2002	47
2003	56
2004	59
2005	51
2006	63
2007	52
2008	58
2009	54
2010	52
2011	63
2012	47
2013	54
2014	48
2015	49
2016	55
2017	48
2018	50
2019	52
2020	59
2021	52
2022	39
2023	51
2024	39
2025	56
2026	74
2027	55
2028	58
2029	48
2030	51
2031	45
2032	56
2033	44
2034	60
2035	58
2036	66
2037	54
2038	49
2039	49
2040	46
2041	48
2042	44
2043	51
2044	68
2045	52
2046	51
2047	60
2048	46
2049	48
2050	53
2051	48
2052	58
2053	52
2054	45
2055	61
2056	47
2057	56
2058	57
2059	55
2060	42
2061	61
2062	58
2063	51
2064	55
2065	40
2066	52
2067	59
2068	48
2069	41
2070	59
2071	61
2072	56
2073	49
2074	42
2075	53
2076	51
2077	48
2078	51
2079	68
2080	44
2081	59
2082	59
2083	49
2084	57
2085	44
2086	42
2087	47
2088	52
2089	48
2090	60
2091	50
2092	33
2093	68
2094	46
2095	48
2096	51
2097	40
2098	62
2099	62
2100	64
2101	58
2102	52
2103	64
2104	49
2105	41
2106	49
2107	51
2108	63
2109	72
2110	60
2111	51
2112	67
2113	44
2114	52
2115	50
2116	45
2117	58
2118	52
2119	53
2120	52
2121	69
2122	49
2123	50
2124	47
2125	45
2126	49
2127	51
2128	55
2129	37
2130	51
2131	54
2132	57
2133	51
2134	50
2135	57
2136	43
2137	50
2138	61
2139	47
2140	48
2141	67
2142	60
2143	50
2144	54
2145	51
2146	47
2147	44
2148	41
2149	57
2150	54
2151	47
2152	59
2153	59
2154	57
2155	54
2156	35
2157	63
2158	49
2159	60
2160	57
2161	56
2162	60
2163	39
2164	45
2165	55
2166	47
2167	58
2168	51
2169	56
2170	68
2171	51
2172	54
2173	52
2174	50
2175	55
2176	70
2177	52
2178	56
2179	54
2180	51
2181	53
2182	57
2183	57
2184	52
2185	58
2186	51
2187	44
2188	61
2189	44
2190	48
2191	51
2192	49
2193	46
2194	52
2195	48
2196	47
2197	51
2198	54
2199	43
2200	44
2201	48
2202	50
2203	58
2204	52
2205	51
2206	54
2207	46
2208	58
2209	47
2210	67
2211	57
2212	52
2213	58
2214	54
2215	48
2216	41
2217	33
2218	44
2219	59
2220	44
2221	54
2222	61
2223	47
2224	33
2225	39
2226	62
2227	53
2228	47
2229	38
2230	41
2231	42
2232	42
2233	37
2234	50
2235	52
2236	54
2237	45
2238	43
2239	40
2240	61
2241	47
2242	51
2243	51
2244	42
2245	45
2246	43
2247	41
2248	50
2249	40
2250	45
2251	50
2252	51
2253	43
2254	49
2255	43
2256	46
2257	44
2258	37
2259	49
2260	50
2261	40
2262	54
2263	53
2264	52
2265	47
2266	57
2267	44
2268	46
2269	53
2270	51
2271	49
2272	46
2273	58
2274	43
2275	41
2276	49
2277	48
2278	45
2279	42
2280	48
2281	29
2282	48
2283	41
2284	40
2285	45
2286	48
2287	49
2288	44
2289	42
2290	48
2291	57
2292	48
2293	36
2294	41
2295	38
2296	43
2297	34
2298	45
2299	37
2300	38
2301	29
2302	45
2303	55
2304	55
2305	43
2306	32
2307	37
2308	52
2309	54
2310	38
2311	62
2312	37
2313	43
2314	37
2315	49
2316	55
2317	42
2318	39
2319	52
2320	40
2321	34
2322	44
2323	45
2324	45
2325	39
2326	52
2327	40
2328	44
2329	48
2330	48
2331	45
2332	47
2333	51
2334	42
2335	47
2336	43
2337	34
2338	57
2339	39
2340	45
2341	42
2342	49
2343	31
2344	56
2345	45
2346	41
2347	35
2348	59
2349	47
2350	40
2351	44
2352	51
2353	48
2354	51
2355	40
2356	47
2357	40
2358	46
2359	35
2360	46
2361	38
2362	62
2363	36
2364	42
2365	44
2366	50
2367	40
2368	53
2369	51
2370	54
2371	40
2372	51
2373	55
2374	46
2375	51
2376	54
2377	45
2378	56
2379	38
2380	48
2381	53
2382	33
2383	39
2384	38
2385	38
2386	41
2387	37
2388	54
2389	40
2390	36
2391	43
2392	44
2393	39
2394	33
2395	41
2396	48
2397	53
2398	50
2399	41
2400	48
2401	42
2402	59
2403	47
2404	41
2405	56
2406	34
2407	52
2408	42
2409	39
2410	47
2411	37
2412	34
2413	35
2414	45
2415	45
2416	36
2417	46
2418	45
2419	39
2420	36
2421	33
2422	44
2423	38
2424	50
2425	37
2426	41
2427	27
2428	49
2429	42
2430	50
2431	49
2432	39
2433	39
2434	38
2435	52
2436	37
2437	43
2438	39
2439	36
2440	55
2441	43
2442	49
2443	51
2444	54
2445	42
2446	39
2447	34
2448	37
2449	35
2450	43
2451	46
2452	47
2453	28
2454	30
2455	41
2456	38
2457	57
2458	40
2459	46
2460	37
2461	48
2462	44
2463	42
2464	49
2465	31
2466	31
2467	36
2468	33
2469	34
2470	45
2471	40
2472	49
2473	27
2474	45
2475	39
2476	32
2477	52
2478	54
2479	52
2480	41
2481	44
2482	33
2483	32
2484	40
2485	41
2486	45
2487	30
2488	40
2489	40
2490	37
2491	28
2492	31
2493	41
2494	44
2495	38
2496	28
2497	47
2498	35
2499	47
2500	36
2501	35
2502	35
2503	35
2504	26
2505	61
2506	30
2507	46
2508	46
2509	39
2510	41
2511	43
2512	38
2513	45
2514	39
2515	47
2516	44
2517	32
2518	35
2519	41
2520	46
2521	44
2522	45
2523	25
2524	43
2525	50
2526	38
2527	38
2528	38
2529	43
2530	43
2531	33
2532	38
2533	31
2534	53
2535	29
2536	47
2537	37
2538	45
2539	42
2540	44
2541	35
2542	37
2543	45
2544	49
2545	44
2546	42
2547	28
2548	48
2549	41
2550	36
2551	38
2552	38
2553	46
2554	31
2555	49
2556	50
2557	36
2558	39
2559	36
2560	32
2561	33
2562	41
2563	33
2564	41
2565	45
2566	35
2567	41
2568	38
2569	39
2570	32
2571	45
2572	41
2573	37
2574	40
2575	46
2576	37
2577	35
2578	44
2579	42
2580	31
2581	35
2582	39
2583	46
2584	35
2585	34
2586	42
2587	51
2588	40
2589	40
2590	46
2591	33
2592	42
2593	51
2594	47
2595	40
2596	35
2597	46
2598	42
2599	38
2600	36
2601	37
2602	35
2603	45
2604	45
2605	52
2606	27
2607	39
2608	38
2609	46
2610	40
2611	33
2612	48
2613	28
2614	51
2615	42
2616	57
2617	34
2618	41
2619	36
2620	32
2621	45
2622	44
2623	36
2624	48
2625	43
2626	49
2627	37
2628	39
2629	38
2630	50
2631	33
2632	39
2633	40
2634	30
2635	42
2636	34
2637	25
2638	37
2639	40
2640	38
2641	29
2642	31
2643	37
2644	26
2645	39
2646	46
2647	41
2648	44
2649	50
2650	44
2651	41
2652	27
2653	39
2654	33
2655	31
2656	41
2657	33
2658	39
2659	56
2660	46
2661	32
2662	41
2663	41
2664	38
2665	48
2666	46
2667	35
2668	41
2669	48
2670	41
2671	37
2672	30
2673	45
2674	37
2675	38
2676	35
2677	45
2678	31
2679	38
2680	32
2681	25
2682	41
2683	49
2684	47
2685	32
2686	46
2687	30
2688	40
2689	43
2690	40
2691	45
2692	41
2693	43
2694	40
2695	24
2696	42
2697	36
2698	36
2699	37
2700	37
2701	28
2702	42
2703	32
2704	34
2705	23
2706	46
2707	26
2708	40
2709	31
2710	40
2711	50
2712	46
2713	27
2714	38
2715	41
2716	44
2717	39
2718	33
2719	37
2720	38
2721	40
2722	38
2723	32
2724	35
2725	30
2726	22
2727	38
2728	38
2729	39
2730	38
2731	48
2732	34
2733	38
2734	40
2735	31
2736	44
2737	28
2738	44
2739	31
2740	36
2741	35
2742	35
2743	43
2744	49
2745	35
2746	40
2747	33
2748	42
2749	35
2750	38
2751	36
2752	40
2753	44
2754	34
2755	41
2756	34
2757	43
2758	53
2759	48
2760	42
2761	38
2762	30
2763	38
2764	43
2765	38
2766	37
2767	32
2768	37
2769	33
2770	41
2771	34
2772	41
2773	31
2774	56
2775	41
2776	49
2777	48
2778	29
2779	33
2780	34
2781	29
2782	37
2783	36
2784	34
2785	32
2786	35
2787	30
2788	38
2789	40
2790	36
2791	42
2792	31
2793	29
2794	37
2795	40
2796	41
2797	41
2798	36
2799	40
2800	49
2801	27
2802	35
2803	42
2804	28
2805	26
2806	43
2807	31
2808	38
2809	41
2810	28
2811	35
2812	35
2813	37
2814	41
2815	42
2816	34
2817	30
2818	33
2819	33
2820	33
2821	31
2822	37
2823	47
2824	39
2825	43
2826	36
2827	40
2828	35
2829	44
2830	37
2831	37
2832	39
2833	31
2834	33
2835	34
2836	41
2837	33
2838	42
2839	40
2840	39
2841	37
2842	39
2843	31
2844	28
2845	41
2846	35
2847	28
2848	42
2849	24
2850	42
2851	28
2852	32
2853	36
2854	37
2855	30
2856	43
2857	46
2858	39
2859	37
2860	30
2861	39
2862	41
2863	36
2864	25
2865	35
2866	24
2867	31
2868	44
2869	37
2870	42
2871	27
2872	28
2873	31
2874	47
2875	31
2876	25
2877	46
2878	29
2879	40
2880	33
2881	32
2882	30
2883	33
2884	28
2885	29
2886	37
2887	34
2888	36
2889	37
2890	30
2891	35
2892	39
2893	28
2894	37
2895	46
2896	37
2897	42
2898	38
2899	33
2900	30
2901	46
2902	30
2903	32
2904	41
2905	19
2906	42
2907	27
2908	29
2909	26
2910	33
2911	39
2912	27
2913	33
2914	43
2915	33
2916	32
2917	24
2918	30
2919	27
2920	29
2921	31
2922	42
2923	39
2924	36
2925	38
2926	35
2927	28
2928	40
2929	33
2930	22
2931	34
2932	35
2933	46
2934	39
2935	31
2936	28
2937	32
2938	40
2939	39
2940	34
2941	32
2942	30
2943	35
2944	36
2945	28
2946	44
2947	35
2948	30
2949	33
2950	30
2951	37
2952	30
2953	32
2954	40
2955	31
2956	46
2957	46
2958	41
2959	25
2960	25
2961	37
2962	39
2963	37
2964	43
2965	26
2966	34
2967	34
2968	40
2969	36
2970	38
2971	38
2972	34
2973	41
2974	30
2975	33
2976	39
2977	40
2978	33
2979	28
2980	28
2981	35
2982	26
2983	39
2984	39
2985	37
2986	35
2987	43
2988	37
2989	33
2990	35
2991	39
2992	32
2993	42
2994	34
2995	27
2996	37
2997	29
2998	31
2999	48
3000	33
3001	35
3002	40
3003	37
3004	35
3005	30
3006	35
3007	31
3008	32
3009	33
3010	43
3011	34
3012	41
3013	35
3014	43
3015	36
3016	31
3017	30
3018	26
3019	34
3020	33
3021	34
3022	26
3023	38
3024	37
3025	28
3026	36
3027	34
3028	35
3029	31
3030	38
3031	40
3032	26
3033	28
3034	34
3035	24
3036	39
3037	43
3038	32
3039	41
3040	50
3041	28
3042	30
3043	37
3044	40
3045	20
3046	33
3047	36
3048	23
3049	31
3050	25
3051	34
3052	33
3053	31
3054	35
3055	21
3056	35
3057	36
3058	42
3059	45
3060	31
3061	39
3062	30
3063	41
3064	27
3065	27
3066	32
3067	30
3068	30
3069	24
3070	38
3071	41
3072	28
3073	27
3074	31
3075	31
3076	42
3077	25
3078	41
3079	39
3080	24
3081	35
3082	36
3083	32
3084	32
3085	26
3086	17
3087	34
3088	24
3089	38
3090	31
3091	47
3092	35
3093	36
3094	33
3095	37
3096	41
3097	36
3098	21
3099	31
3100	32
3101	43
3102	34
3103	32
3104	28
3105	26
3106	25
3107	23
3108	32
3109	38
3110	34
3111	34
3112	37
3113	36
3114	29
3115	35
3116	31
3117	32
3118	30
3119	25
3120	33
3121	34
3122	38
3123	38
3124	38
3125	38
3126	31
3127	29
3128	22
3129	30
3130	32
3131	27
3132	37
3133	28
3134	29
3135	36
3136	33
3137	35
3138	39
3139	39
3140	34
3141	30
3142	42
3143	25
3144	35
3145	30
3146	31
3147	33
3148	41
3149	25
3150	27
3151	32
3152	24
3153	32
3154	32
3155	35
3156	33
3157	28
3158	39
3159	34
3160	37
3161	32
3162	30
3163	46
3164	40
3165	24
3166	27
3167	25
3168	28
3169	26
3170	31
3171	33
3172	30
3173	32
3174	32
3175	37
3176	39
3177	30
3178	37
3179	25
3180	22
3181	35
3182	37
3183	32
3184	28
3185	28
3186	36
3187	35
3188	41
3189	31
3190	29
3191	33
3192	40
3193	24
3194	33
3195	31
3196	38
3197	30
3198	30
3199	29
3200	34
3201	31
3202	25
3203	33
3204	31
3205	30
3206	36
3207	30
3208	39
3209	28
3210	30
3211	29
3212	29
3213	36
3214	29
3215	27
3216	39
3217	34
3218	27
3219	35
3220	36
3221	36
3222	38
3223	43
3224	37
3225	31
3226	34
3227	36
3228	31
3229	41
3230	35
3231	37
3232	30
3233	29
3234	33
3235	32
3236	30
3237	32
3238	38
3239	28
3240	33
3241	37
3242	34
3243	27
3244	28
3245	37
3246	28
3247	31
3248	35
3249	31
3250	34
3251	24
3252	27
3253	31
3254	21
3255	26
3256	34
3257	33
3258	30
3259	31
3260	26
3261	30
3262	29
3263	22
3264	24
3265	28
3266	35
3267	35
3268	33
3269	40
3270	38
3271	31
3272	27
3273	34
3274	33
3275	29
3276	32
3277	29
3278	37
3279	37
3280	33
3281	43
3282	29
3283	20
3284	42
3285	41
3286	31
3287	32
3288	34
3289	41
3290	29
3291	37
3292	43
3293	34
3294	44
3295	26
3296	28
3297	35
3298	37
3299	26
3300	36
3301	30
3302	33
3303	37
3304	32
3305	48
3306	29
3307	15
3308	32
3309	32
3310	43
3311	28
3312	34
3313	30
3314	30
3315	38
3316	37
3317	23
3318	33
3319	29
3320	30
3321	23
3322	33
3323	34
3324	20
3325	28
3326	35
3327	36
3328	33
3329	30
3330	27
3331	32
3332	27
3333	33
3334	23
3335	35
3336	34
3337	36
3338	39
3339	26
3340	33
3341	43
3342	30
3343	19
3344	25
3345	28
3346	32
3347	31
3348	31
3349	34
3350	42
3351	32
3352	38
3353	33
3354	27
3355	32
3356	40
3357	31
3358	40
3359	37
3360	27
3361	29
3362	41
3363	32
3364	36
3365	38
3366	33
3367	34
3368	28
3369	32
3370	27
3371	30
3372	40
3373	40
3374	26
3375	21
3376	40
3377	33
3378	30
3379	40
3380	34
3381	32
3382	27
3383	21
3384	39
3385	30
3386	30
3387	47
3388	32
3389	31
3390	32
3391	36
3392	27
3393	42
3394	28
3395	44
3396	19
3397	36
3398	34
3399	28
3400	28
3401	28
3402	38
3403	34
3404	25
3405	28
3406	27
3407	42
3408	31
3409	36
3410	35
3411	49
3412	30
3413	37
3414	36
3415	29
3416	36
3417	24
3418	37
3419	34
3420	37
3421	31
3422	35
3423	40
3424	28
3425	30
3426	28
3427	28
3428	35
3429	31
3430	34
3431	31
3432	43
3433	28
3434	26
3435	29
3436	36
3437	43
3438	22
3439	26
3440	26
3441	32
3442	20
3443	42
3444	25
3445	39
3446	41
3447	36
3448	35
3449	31
3450	36
3451	34
3452	33
3453	35
3454	27
3455	35
3456	41
3457	28
3458	28
3459	33
3460	27
3461	37
3462	28
3463	35
3464	39
3465	37
3466	40
3467	29
3468	26
3469	40
3470	40
3471	37
3472	38
3473	28
3474	26
3475	40
3476	45
3477	45
3478	35
3479	24
3480	27
3481	34
3482	27
3483	23
3484	29
3485	27
3486	28
3487	41
3488	25
3489	22
3490	42
3491	30
3492	34
3493	45
3494	35
3495	21
3496	28
3497	33
3498	29
3499	33
3500	28
3501	43
3502	30
3503	34
3504	26
3505	36
3506	32
3507	24
3508	45
3509	37
3510	36
3511	44
3512	31
3513	34
3514	39
3515	40
3516	22
3517	24
3518	32
3519	38
3520	33
3521	40
3522	40
3523	24
3524	30
3525	27
3526	53
3527	32
3528	33
3529	36
3530	29
3531	37
3532	23
3533	29
3534	37
3535	36
3536	43
3537	28
3538	34
3539	25
3540	39
3541	32
3542	29
3543	36
3544	34
3545	33
3546	32
3547	37
3548	33
3549	44
3550	43
3551	34
3552	32
3553	36
3554	36
3555	28
3556	39
3557	35
3558	33
3559	30
3560	32
3561	21
3562	32
3563	38
3564	30
3565	35
3566	34
3567	26
3568	27
3569	35
3570	37
3571	27
3572	57
3573	34
3574	41
3575	32
3576	30
3577	29
3578	35
3579	41
3580	36
3581	38
3582	35
3583	28
3584	27
3585	37
3586	44
3587	40
3588	37
3589	45
3590	36
3591	30
3592	40
3593	38
3594	32
3595	32
3596	38
3597	29
3598	31
3599	31
3600	38
3601	29
3602	48
3603	32
3604	33
3605	33
3606	38
3607	40
3608	34
3609	33
3610	43
3611	32
3612	31
3613	44
3614	48
3615	32
3616	37
3617	40
3618	39
3619	32
3620	30
3621	28
3622	42
3623	31
3624	42
3625	40
3626	39
3627	36
3628	32
3629	33
3630	44
3631	35
3632	38
3633	42
3634	34
3635	31
3636	33
3637	37
3638	36
3639	37
3640	28
3641	39
3642	39
3643	41
3644	42
3645	30
3646	34
3647	47
3648	38
3649	30
3650	32
3651	32
3652	38
3653	41
3654	34
3655	33
3656	35
3657	45
3658	37
3659	31
3660	39
3661	37
3662	31
3663	35
3664	50
3665	37
3666	44
3667	40
3668	32
3669	43
3670	36
3671	32
3672	38
3673	32
3674	41
3675	35
3676	33
3677	28
3678	40
3679	39
3680	37
3681	40
3682	29
3683	35
3684	36
3685	34
3686	38
3687	39
3688	34
3689	41
3690	38
3691	36
3692	28
3693	31
3694	44
3695	32
3696	39
3697	35
3698	37
3699	39
3700	35
3701	37
3702	28
3703	40
3704	29
3705	36
3706	42
3707	32
3708	46
3709	44
3710	39
3711	33
3712	28
3713	39
3714	26
3715	32
3716	35
3717	38
3718	32
3719	34
3720	34
3721	31
3722	36
3723	38
3724	33
3725	33
3726	36
3727	33
3728	41
3729	34
3730	38
3731	27
3732	29
3733	40
3734	43
3735	35
3736	34
3737	32
3738	37
3739	36
3740	36
3741	40
3742	38
3743	43
3744	37
3745	32
3746	38
3747	46
3748	35
3749	35
3750	35
3751	47
3752	35
3753	47
3754	28
3755	35
3756	30
3757	27
3758	37
3759	35
3760	32
3761	36
3762	42
3763	43
3764	38
3765	42
3766	41
3767	37
3768	45
3769	37
3770	43
3771	52
3772	33
3773	30
3774	40
3775	46
3776	40
3777	27
3778	43
3779	35
3780	30
3781	29
3782	45
3783	41
3784	35
3785	35
3786	33
3787	38
3788	38
3789	35
3790	38
3791	36
3792	34
3793	44
3794	44
3795	40
3796	42
3797	34
3798	36
3799	33
3800	34
3801	41
3802	44
3803	43
3804	20
3805	35
3806	34
3807	27
3808	38
3809	31
3810	43
3811	36
3812	35
3813	29
3814	40
3815	33
3816	30
3817	52
3818	39
3819	33
3820	34
3821	56
3822	41
3823	31
3824	34
3825	46
3826	37
3827	28
3828	31
3829	31
3830	27
3831	40
3832	31
3833	40
3834	40
3835	39
3836	43
3837	43
3838	33
3839	37
3840	43
3841	25
3842	29
3843	43
3844	35
3845	28
3846	44
3847	44
3848	40
3849	32
3850	33
3851	39
3852	25
3853	38
3854	31
3855	42
3856	32
3857	27
3858	34
3859	41
3860	27
3861	33
3862	41
3863	34
3864	33
3865	42
3866	41
3867	31
3868	31
3869	27
3870	42
3871	36
3872	39
3873	36
3874	37
3875	42
3876	43
3877	30
3878	29
3879	35
3880	35
3881	35
3882	36
3883	42
3884	41
3885	28
3886	34
3887	43
3888	38
3889	32
3890	40
3891	47
3892	35
3893	31
3894	28
3895	34
3896	36
3897	29
3898	30
3899	42
3900	34
3901	37
3902	40
3903	38
3904	31
3905	43
3906	28
3907	33
3908	41
3909	32
3910	29
3911	30
3912	20
3913	29
3914	42
3915	41
3916	33
3917	39
3918	28
3919	33
3920	47
3921	42
3922	31
3923	24
3924	32
3925	31
3926	36
3927	47
3928	29
3929	36
3930	35
3931	38
3932	44
3933	30
3934	28
3935	36
3936	39
3937	46
3938	37
3939	34
3940	43
3941	25
3942	38
3943	34
3944	42
3945	34
3946	37
3947	32
3948	35
3949	41
3950	31
3951	30
3952	44
3953	38
3954	37
3955	26
3956	25
3957	31
3958	38
3959	40
3960	37
3961	36
3962	36
3963	32
3964	41
3965	32
3966	41
3967	27
3968	38
3969	44
3970	34
3971	31
3972	37
3973	48
3974	30
3975	25
3976	31
3977	39
3978	32
3979	28
3980	40
3981	24
3982	47
3983	44
3984	38
3985	36
3986	30
3987	25
3988	31
3989	25
3990	45
3991	30
3992	34
3993	33
3994	32
3995	32
3996	50
3997	37
3998	41
3999	35
4000	41
4001	31
4002	29
4003	31
4004	26
4005	32
4006	34
4007	33
4008	24
4009	39
4010	33
4011	29
4012	35
4013	35
4014	30
4015	35
4016	39
4017	33
4018	26
4019	38
4020	37
4021	32
4022	35
4023	36
4024	29
4025	44
4026	26
4027	29
4028	37
4029	32
4030	42
4031	37
4032	36
4033	38
4034	35
4035	33
4036	31
4037	41
4038	36
4039	34
4040	47
4041	33
4042	27
4043	35
4044	30
4045	28
4046	34
4047	35
4048	25
4049	30
4050	35
4051	29
4052	34
4053	29
4054	34
4055	29
4056	30
4057	32
4058	37
4059	38
4060	32
4061	28
4062	35
4063	32
4064	36
4065	31
4066	31
4067	23
4068	34
4069	30
4070	38
4071	33
4072	39
4073	39
4074	29
4075	27
4076	35
4077	30
4078	35
4079	29
4080	39
4081	24
4082	33
4083	30
4084	29
4085	38
4086	30
4087	29
4088	29
4089	36
4090	25
4091	24
4092	28
4093	28
4094	33
4095	29
4096	24
4097	30
4098	35
4099	27
4100	25
4101	33
4102	32
4103	33
4104	36
4105	27
4106	23
4107	29
4108	32
4109	34
4110	50
4111	29
4112	40
4113	22
4114	23
4115	35
4116	32
4117	30
4118	31
4119	39
4120	32
4121	29
4122	39
4123	34
4124	36
4125	31
4126	34
4127	32
4128	38
4129	33
4130	31
4131	24
4132	25
4133	33
4134	37
4135	36
4136	29
4137	28
4138	28
4139	26
4140	17
4141	31
4142	25
4143	28
4144	26
4145	31
4146	26
4147	37
4148	26
4149	24
4150	27
4151	34
4152	31
4153	20
4154	28
4155	25
4156	31
4157	33
4158	27
4159	29
4160	32
4161	34
4162	33
4163	31
4164	31
4165	34
4166	27
4167	26
4168	36
4169	24
4170	21
4171	29
4172	36
4173	28
4174	22
4175	27
4176	26
4177	25
4178	25
4179	26
4180	19
4181	32
4182	33
4183	36
4184	35
4185	36
4186	38
4187	23
4188	29
4189	28
4190	33
4191	26
4192	30
4193	27
4194	27
4195	40
4196	28
4197	28
4198	26
4199	34
4200	17
4201	27
4202	27
4203	16
4204	32
4205	33
4206	29
4207	34
4208	27
4209	24
4210	28
4211	22
4212	24
4213	21
4214	26
4215	19
4216	29
4217	27
4218	26
4219	34
4220	29
4221	35
4222	24
4223	28
4224	30
4225	37
4226	26
4227	28
4228	23
4229	26
4230	36
4231	29
4232	30
4233	19
4234	29
4235	24
4236	19
4237	26
4238	27
4239	25
4240	25
4241	21
4242	28
4243	19
4244	25
4245	33
4246	29
4247	31
4248	33
4249	22
4250	27
4251	36
4252	20
4253	24
4254	24
4255	30
4256	24
4257	24
4258	29
4259	25
4260	22
4261	23
4262	20
4263	26
4264	27
4265	27
4266	29
4267	23
4268	24
4269	24
4270	25
4271	27
4272	23
4273	26
4274	22
4275	25
4276	37
4277	24
4278	34
4279	24
4280	29
4281	35
4282	28
4283	31
4284	22
4285	32
4286	24
4287	32
4288	17
4289	20
4290	26
4291	34
4292	39
4293	33
4294	23
4295	24
4296	25
4297	22
4298	23
4299	24
4300	28
4301	34
4302	16
4303	21
4304	25
4305	24
4306	32
4307	19
4308	36
4309	25
4310	20
4311	17
4312	25
4313	18
4314	24
4315	26
4316	24
4317	26
4318	27
4319	28
4320	28
4321	19
4322	24
4323	23
4324	22
4325	25
4326	29
4327	24
4328	22
4329	27
4330	21
4331	24
4332	17
4333	21
4334	25
4335	37
4336	23
4337	27
4338	21
4339	23
4340	28
4341	34
4342	30
4343	23
4344	26
4345	23
4346	27
4347	25
4348	24
4349	28
4350	28
4351	21
4352	30
4353	27
4354	18
4355	27
4356	24
4357	17
4358	34
4359	18
4360	23
4361	21
4362	20
4363	19
4364	27
4365	21
4366	23
4367	16
4368	24
4369	29
4370	25
4371	21
4372	21
4373	25
4374	12
4375	21
4376	14
4377	19
4378	21
4379	23
4380	27
4381	30
4382	24
4383	20
4384	25
4385	18
4386	25
4387	32
4388	38
4389	25
4390	22
4391	25
4392	18
4393	34
4394	25
4395	23
4396	21
4397	26
4398	31
4399	19
4400	21
4401	24
4402	26
4403	18
4404	27
4405	19
4406	23
4407	17
4408	25
4409	24
4410	20
4411	20
4412	21
4413	20
4414	20
4415	22
4416	25
4417	21
4418	25
4419	22
4420	24
4421	24
4422	21
4423	16
4424	18
4425	23
4426	21
4427	30
4428	19
4429	36
4430	21
4431	18
4432	10
4433	21
4434	19
4435	23
4436	27
4437	21
4438	31
4439	26
4440	20
4441	18
4442	25
4443	23
4444	33
4445	24
4446	23
4447	14
4448	23
4449	20
4450	24
4451	11
4452	25
4453	26
4454	24
4455	25
4456	21
4457	28
4458	26
4459	27
4460	22
4461	28
4462	15
4463	24
4464	17
4465	29
4466	16
4467	16
4468	26
4469	23
4470	20
4471	33
4472	23
4473	25
4474	26
4475	16
4476	18
4477	22
4478	24
4479	28
4480	24
4481	19
4482	28
4483	24
4484	26
4485	20
4486	25
4487	19
4488	21
4489	28
4490	18
4491	23
4492	31
4493	31
4494	30
4495	25
4496	21
4497	27
4498	22
4499	30
4500	23
4501	21
4502	23
4503	12
4504	26
4505	25
4506	31
4507	23
4508	20
4509	25
4510	31
4511	23
4512	26
4513	23
4514	28
4515	19
4516	27
4517	24
4518	20
4519	33
4520	25
4521	16
4522	17
4523	21
4524	20
4525	18
4526	15
4527	16
4528	22
4529	25
4530	28
4531	18
4532	24
4533	17
4534	21
4535	21
4536	17
4537	19
4538	15
4539	24
4540	34
4541	14
4542	18
4543	10
4544	25
4545	22
4546	21
4547	15
4548	21
4549	20
4550	16
4551	23
4552	26
4553	23
4554	18
4555	22
4556	28
4557	22
4558	18
4559	22
4560	8
4561	25
4562	32
4563	30
4564	18
4565	25
4566	22
4567	19
4568	18
4569	20
4570	27
4571	16
4572	18
4573	20
4574	26
4575	21
4576	21
4577	24
4578	14
4579	22
4580	22
4581	16
4582	18
4583	15
4584	26
4585	17
4586	22
4587	22
4588	24
4589	15
4590	13
4591	17
4592	23
4593	31
4594	15
4595	24
4596	29
4597	15
4598	21
4599	17
4600	20
4601	18
4602	22
4603	23
4604	16
4605	18
4606	23
4607	14
4608	22
4609	16
4610	26
4611	29
4612	20
4613	14
4614	18
4615	26
4616	22
4617	18
4618	17
4619	19
4620	13
4621	21
4622	24
4623	15
4624	14
4625	24
4626	16
4627	20
4628	20
4629	18
4630	11
4631	19
4632	20
4633	20
4634	23
4635	12
4636	19
4637	20
4638	23
4639	23
4640	20
4641	14
4642	22
4643	20
4644	17
4645	20
4646	17
4647	16
4648	27
4649	23
4650	17
4651	16
4652	21
4653	20
4654	9
4655	17
4656	18
4657	24
4658	16
4659	20
4660	19
4661	13
4662	14
4663	17
4664	23
4665	21
4666	18
4667	23
4668	16
4669	19
4670	19
4671	13
4672	12
4673	19
4674	21
4675	10
4676	18
4677	17
4678	16
4679	15
4680	15
4681	16
4682	22
4683	18
4684	14
4685	21
4686	24
4687	14
4688	20
4689	18
4690	18
4691	21
4692	30
4693	16
4694	21
4695	14
4696	18
4697	22
4698	26
4699	17
4700	21
4701	21
4702	19
4703	20
4704	20
4705	17
4706	19
4707	19
4708	21
4709	18
4710	21
4711	11
4712	17
4713	13
4714	21
4715	21
4716	14
4717	19
4718	15
4719	14
4720	17
4721	22
4722	16
4723	21
4724	14
4725	23
4726	23
4727	13
4728	22
4729	22
4730	15
4731	19
4732	19
4733	18
4734	19
4735	13
4736	20
4737	18
4738	14
4739	25
4740	15
4741	17
4742	15
4743	13
4744	16
4745	23
4746	20
4747	17
4748	16
4749	14
4750	23
4751	19
4752	19
4753	17
4754	22
4755	18
4756	16
4757	15
4758	17
4759	16
4760	26
4761	12
4762	19
4763	21
4764	20
4765	22
4766	12
4767	14
4768	21
4769	29
4770	17
4771	16
4772	12
4773	16
4774	18
4775	15
4776	18
4777	11
4778	19
4779	14
4780	19
4781	18
4782	17
4783	15
4784	18
4785	19
4786	20
4787	28
4788	21
4789	25
4790	11
4791	16
4792	12
4793	18
4794	19
4795	15
4796	17
4797	16
4798	17
4799	14
4800	18
4801	17
4802	24
4803	20
4804	17
4805	18
4806	17
4807	15
4808	14
4809	19
4810	27
4811	25
4812	15
4813	15
4814	19
4815	13
4816	17
4817	15
4818	13
4819	15
4820	23
4821	20
4822	22
4823	25
4824	19
4825	16
4826	16
4827	15
4828	13
4829	8
4830	15
4831	15
4832	19
4833	19
4834	14
4835	15
4836	13
4837	19
4838	11
4839	18
4840	17
4841	16
4842	16
4843	9
4844	10
4845	13
4846	19
4847	16
4848	15
4849	15
4850	18
4851	26
4852	12
4853	20
4854	17
4855	16
4856	15
4857	16
4858	16
4859	18
4860	14
4861	14
4862	12
4863	10
4864	23
4865	11
4866	14
4867	16
4868	17
4869	12
4870	15
4871	14
4872	19
4873	12
4874	18
4875	12
4876	19
4877	7
4878	11
4879	11
4880	23
4881	15
4882	18
4883	15
4884	17
4885	13
4886	13
4887	14
4888	26
4889	17
4890	13
4891	23
4892	9
4893	12
4894	18
4895	14
4896	16
4897	14
4898	12
4899	21
4900	16
4901	15
4902	25
4903	19
4904	15
4905	17
4906	11
4907	9
4908	13
4909	19
4910	23
4911	9
4912	15
4913	19
4914	16
4915	13
4916	12
4917	9
4918	16
4919	12
4920	13
4921	15
4922	19
4923	13
4924	17
4925	11
4926	15
4927	18
4928	15
4929	13
4930	10
4931	7
4932	16
4933	13
4934	13
4935	17
4936	15
4937	16
4938	19
4939	18
4940	14
4941	20
4942	15
4943	19
4944	15
4945	16
4946	15
4947	19
4948	12
4949	15
4950	12
4951	11
4952	15
4953	20
4954	17
4955	17
4956	10
4957	21
4958	8
4959	13
4960	20
4961	13
4962	11
4963	17
4964	19
4965	9
4966	13
4967	5
4968	15
4969	15
4970	16
4971	15
4972	13
4973	18
4974	12
4975	13
4976	10
4977	13
4978	12
4979	15
4980	12
4981	18
4982	14
4983	14
4984	15
4985	11
4986	14
4987	11
4988	12
4989	12
4990	18
4991	20
4992	12
4993	20
4994	16
4995	13
4996	18
4997	14
4998	13
4999	15
5000	16
5001	14
5002	14
5003	11
5004	15
5005	14
5006	13
5007	19
5008	15
5009	10
5010	8
5011	21
5012	11
5013	9
5014	10
5015	16
5016	14
5017	11
5018	15
5019	12
5020	16
5021	15
5022	14
5023	17
5024	13
5025	14
5026	12
5027	13
5028	10
5029	14
5030	14
5031	11
5032	8
5033	7
5034	16
5035	10
5036	9
5037	8
5038	17
5039	14
5040	16
5041	11
5042	12
5043	13
5044	17
5045	4
5046	10
5047	12
5048	17
5049	12
5050	12
5051	15
5052	12
5053	21
5054	18
5055	12
5056	15
5057	13
5058	11
5059	11
5060	18
5061	12
5062	11
5063	18
5064	15
5065	17
5066	16
5067	11
5068	11
5069	19
5070	16
5071	9
5072	11
5073	9
5074	11
5075	13
5076	11
5077	12
5078	16
5079	15
5080	13
5081	11
5082	17
5083	14
5084	15
5085	14
5086	11
5087	16
5088	8
5089	21
5090	18
5091	13
5092	6
5093	17
5094	17
5095	12
5096	15
5097	8
5098	18
5099	12
5100	15
5101	9
5102	11
5103	14
5104	11
5105	11
5106	18
5107	11
5108	16
5109	9
5110	15
5111	12
5112	13
5113	15
5114	18
5115	12
5116	13
5117	12
5118	12
5119	10
5120	9
5121	12
5122	15
5123	15
5124	14
5125	14
5126	18
5127	9
5128	16
5129	10
5130	11
5131	16
5132	16
5133	18
5134	10
5135	11
5136	9
5137	17
5138	8
5139	10
5140	20
5141	15
5142	13
5143	17
5144	11
5145	9
5146	14
5147	10
5148	19
5149	13
5150	13
5151	13
5152	13
5153	10
5154	10
5155	11
5156	15
5157	11
5158	8
5159	8
5160	10
5161	13
5162	11
5163	4
5164	7
5165	10
5166	12
5167	11
5168	14
5169	17
5170	17
5171	13
5172	8
5173	14
5174	10
5175	10
5176	14
5177	15
5178	12
5179	14
5180	13
5181	12
5182	13
5183	16
5184	10
5185	16
5186	16
5187	16
5188	8
5189	16
5190	12
5191	17
5192	17
5193	11
5194	13
5195	14
5196	7
5197	17
5198	16
5199	11
5200	11
5201	21
5202	17
5203	12
5204	17
5205	15
5206	10
5207	9
5208	11
5209	5
5210	11
5211	7
5212	19
5213	15
5214	21
5215	13
5216	9
5217	15
5218	12
5219	9
5220	16
5221	15
5222	7
5223	17
5224	22
5225	13
5226	17
5227	10
5228	16
5229	11
5230	13
5231	16
5232	15
5233	11
5234	8
5235	17
5236	12
5237	9
5238	10
5239	6
5240	12
5241	15
5242	21
5243	10
5244	12
5245	9
5246	8
5247	13
5248	4
5249	5
5250	12
5251	12
5252	8
5253	17
5254	12
5255	15
5256	9
5257	17
5258	8
5259	16
5260	10
5261	14
5262	8
5263	12
5264	13
5265	18
5266	13
5267	12
5268	11
5269	11
5270	7
5271	14
5272	12
5273	12
5274	13
5275	9
5276	8
5277	11
5278	10
5279	21
5280	14
5281	18
5282	10
5283	13
5284	8
5285	15
5286	12
5287	13
5288	13
5289	11
5290	18
5291	16
5292	8
5293	18
5294	10
5295	7
5296	14
5297	7
5298	16
5299	8
5300	9
5301	13
5302	11
5303	11
5304	12
5305	14
5306	13
5307	8
5308	11
5309	12
5310	15
5311	10
5312	12
5313	14
5314	11
5315	13
5316	10
5317	9
5318	13
5319	16
5320	12
5321	12
5322	12
5323	14
5324	14
5325	11
5326	11
5327	15
5328	10
5329	6
5330	8
5331	9
5332	16
5333	9
5334	11
5335	10
5336	6
5337	12
5338	12
5339	14
5340	11
5341	7
5342	11
5343	12
5344	16
5345	15
5346	11
5347	14
5348	6
5349	13
5350	16
5351	7
5352	9
5353	9
5354	5
5355	13
5356	12
5357	11
5358	8
5359	5
5360	9
5361	11
5362	13
5363	11
5364	16
5365	9
5366	9
5367	7
5368	17
5369	16
5370	17
5371	11
5372	11
5373	16
5374	9
5375	14
5376	8
5377	8
5378	10
5379	12
5380	4
5381	8
5382	14
5383	13
5384	8
5385	11
5386	15
5387	14
5388	13
5389	12
5390	11
5391	11
5392	15
5393	11
5394	19
5395	15
5396	10
5397	13
5398	11
5399	14
5400	17
5401	10
5402	11
5403	11
5404	16
5405	18
5406	13
5407	12
5408	8
5409	19
5410	8
5411	13
5412	11
5413	11
5414	13
5415	11
5416	11
5417	11
5418	8
5419	6
5420	6
5421	13
5422	8
5423	13
5424	11
5425	13
5426	6
5427	14
5428	10
5429	11
5430	11
5431	15
5432	12
5433	15
5434	14
5435	10
5436	11
5437	9
5438	14
5439	12
5440	9
5441	13
5442	10
5443	16
5444	8
5445	11
5446	13
5447	10
5448	13
5449	16
5450	14
5451	7
5452	8
5453	16
5454	5
5455	9
5456	13
5457	15
5458	9
5459	10
5460	14
5461	11
5462	14
5463	12
5464	13
5465	9
5466	9
5467	16
5468	12
5469	7
5470	9
5471	7
5472	14
5473	11
5474	12
5475	14
5476	15
5477	11
5478	9
5479	11
5480	12
5481	10
5482	14
5483	15
5484	11
5485	10
5486	13
5487	13
5488	10
5489	15
5490	8
5491	11
5492	6
5493	11
5494	16
5495	9
5496	5
5497	13
5498	9
5499	14
5500	11
5501	9
5502	16
5503	8
5504	8
5505	8
5506	8
5507	13
5508	6
5509	7
5510	7
5511	15
5512	8
5513	11
5514	17
5515	9
5516	4
5517	12
5518	7
5519	10
5520	9
5521	5
5522	11
5523	10
5524	11
5525	5
5526	16
5527	8
5528	12
5529	11
5530	9
5531	11
5532	12
5533	10
5534	8
5535	13
5536	16
5537	10
5538	9
5539	9
5540	11
5541	12
5542	7
5543	13
5544	11
5545	9
5546	10
5547	12
5548	10
5549	18
5550	14
5551	11
5552	12
5553	11
5554	12
5555	19
5556	6
5557	13
5558	9
5559	12
5560	9
5561	9
5562	6
5563	8
5564	14
5565	15
5566	14
5567	7
5568	13
5569	8
5570	3
5571	8
5572	11
5573	11
5574	11
5575	13
5576	9
5577	11
5578	11
5579	10
5580	13
5581	13
5582	4
5583	7
5584	10
5585	9
5586	10
5587	9
5588	11
5589	11
5590	7
5591	12
5592	9
5593	9
5594	11
5595	16
5596	11
5597	7
5598	14
5599	11
5600	7
5601	12
5602	10
5603	6
5604	11
5605	14
5606	9
5607	13
5608	11
5609	11
5610	12
5611	12
5612	15
5613	13
5614	7
5615	15
5616	8
5617	15
5618	13
5619	8
5620	7
5621	10
5622	12
5623	12
5624	14
5625	7
5626	16
5627	18
5628	15
5629	11
5630	13
5631	10
5632	9
5633	12
5634	13
5635	15
5636	13
5637	9
5638	10
5639	10
5640	12
5641	11
5642	8
5643	12
5644	11
5645	17
5646	13
5647	11
5648	6
5649	8
5650	8
5651	11
5652	14
5653	11
5654	6
5655	9
5656	6
5657	12
5658	9
5659	14
5660	7
5661	10
5662	12
5663	13
5664	19
5665	13
5666	7
5667	15
5668	5
5669	13
5670	15
5671	8
5672	16
5673	13
5674	9
5675	12
5676	14
5677	12
5678	11
5679	9
5680	12
5681	7
5682	9
5683	10
5684	8
5685	7
5686	15
5687	14
5688	7
5689	14
5690	9
5691	9
5692	4
5693	11
5694	13
5695	10
5696	15
5697	17
5698	19
5699	8
5700	13
5701	8
5702	12
5703	11
5704	8
5705	11
5706	11
5707	12
5708	6
5709	10
5710	3
5711	11
5712	5
5713	11
5714	10
5715	12
5716	12
5717	15
5718	12
5719	13
5720	12
5721	12
5722	7
5723	8
5724	11
5725	9
5726	14
5727	10
5728	5
5729	11
5730	17
5731	14
5732	11
5733	9
5734	13
5735	12
5736	11
5737	7
5738	8
5739	9
5740	12
5741	17
5742	7
5743	10
5744	9
5745	6
5746	10
5747	10
5748	13
5749	11
5750	11
5751	17
5752	15
5753	11
5754	11
5755	7
5756	10
5757	8
5758	7
5759	13
5760	19
5761	17
5762	13
5763	14
5764	13
5765	15
5766	11
5767	7
5768	9
5769	8
5770	9
5771	13
5772	18
5773	10
5774	11
5775	11
5776	13
5777	10
5778	10
5779	9
5780	11
5781	13
5782	15
5783	13
5784	9
5785	9
5786	14
5787	9
5788	16
5789	2
5790	10
5791	11
5792	16
5793	6
5794	7
5795	8
5796	15
5797	8
5798	7
5799	10
5800	9
5801	11
5802	7
5803	15
5804	8
5805	10
5806	16
5807	15
5808	8
5809	8
5810	18
5811	11
5812	7
5813	6
5814	15
5815	13
5816	14
5817	10
5818	18
5819	15
5820	8
5821	11
5822	9
5823	13
5824	8
5825	14
5826	3
5827	10
5828	13
5829	12
5830	10
5831	12
5832	7
5833	12
5834	8
5835	10
5836	7
5837	5
5838	6
5839	10
5840	6
5841	11
5842	7
5843	13
5844	14
5845	14
5846	12
5847	12
5848	16
5849	13
5850	6
5851	11
5852	7
5853	13
5854	14
5855	4
5856	11
5857	10
5858	18
5859	8
5860	13
5861	14
5862	11
5863	12
5864	8
5865	6
5866	12
5867	6
5868	15
5869	7
5870	8
5871	12
5872	7
5873	16
5874	14
5875	15
5876	14
5877	9
5878	16
5879	8
5880	10
5881	10
5882	11
5883	13
5884	8
5885	7
5886	9
5887	12
5888	11
5889	9
5890	9
5891	12
5892	14
5893	13
5894	12
5895	13
5896	14
5897	7
5898	12
5899	7
5900	10
5901	5
5902	11
5903	11
5904	15
5905	11
5906	14
5907	15
5908	8
5909	9
5910	8
5911	11
5912	10
5913	15
5914	7
5915	12
5916	15
5917	11
5918	13
5919	8
5920	10
5921	15
5922	16
5923	12
5924	10
5925	8
5926	9
5927	9
5928	12
5929	13
5930	7
5931	4
5932	8
5933	13
5934	13
5935	13
5936	10
5937	10
5938	12
5939	10
5940	7
5941	9
5942	10
5943	11
5944	16
5945	11
5946	15
5947	4
5948	16
5949	11
5950	11
5951	9
5952	14
5953	8
5954	16
5955	11
5956	11
5957	10
5958	8
5959	13
5960	15
5961	7
5962	7
5963	12
5964	8
5965	20
5966	8
5967	10
5968	7
5969	13
5970	8
5971	9
5972	16
5973	9
5974	12
5975	5
5976	12
5977	14
5978	18
5979	7
5980	11
5981	12
5982	13
5983	9
5984	15
5985	11
5986	9
5987	12
5988	9
5989	14
5990	8
5991	11
5992	10
5993	12
5994	13
5995	9
5996	10
5997	7
5998	11
5999	9
6000	15
6001	9
6002	16
6003	14
6004	7
6005	7
6006	10
6007	10
6008	8
6009	7
6010	9
6011	13
6012	12
6013	10
6014	8
6015	12
6016	8
6017	14
6018	9
6019	8
6020	15
6021	13
6022	6
6023	16
6024	7
6025	13
6026	10
6027	13
6028	14
6029	11
6030	11
6031	10
6032	13
6033	10
6034	9
6035	12
6036	15
6037	8
6038	11
6039	5
6040	14
6041	12
6042	13
6043	17
6044	6
6045	11
6046	12
6047	12
6048	8
6049	6
6050	11
6051	11
6052	15
6053	10
6054	11
6055	11
6056	14
6057	6
6058	11
6059	11
6060	9
6061	16
6062	9
6063	14
6064	7
6065	10
6066	15
6067	10
6068	7
6069	14
6070	5
6071	12
6072	12
6073	7
6074	7
6075	8
6076	7
6077	13
6078	15
6079	8
6080	13
6081	8
6082	13
6083	8
6084	14
6085	11
6086	11
6087	10
6088	7
6089	14
6090	14
6091	11
6092	12
6093	11
6094	13
6095	12
6096	15
6097	20
6098	15
6099	12
6100	6
6101	12
6102	11
6103	13
6104	13
6105	20
6106	11
6107	13
6108	11
6109	9
6110	10
6111	14
6112	16
6113	3
6114	8
6115	12
6116	13
6117	6
6118	8
6119	13
6120	10
6121	9
6122	15
6123	11
6124	10
6125	14
6126	11
6127	9
6128	17
6129	17
6130	9
6131	16
6132	11
6133	14
6134	15
6135	9
6136	11
6137	16
6138	8
6139	11
6140	15
6141	12
6142	12
6143	11
6144	7
6145	14
6146	5
6147	12
6148	15
6149	12
6150	11
6151	11
6152	14
6153	8
6154	9
6155	11
6156	12
6157	10
6158	9
6159	18
6160	9
6161	15
6162	14
6163	14
6164	13
6165	5
6166	9
6167	14
6168	11
6169	13
6170	10
6171	12
6172	15
6173	12
6174	12
6175	11
6176	13
6177	14
6178	9
6179	7
6180	13
6181	12
6182	9
6183	12
6184	12
6185	9
6186	14
6187	7
6188	12
6189	10
6190	12
6191	9
6192	13
6193	11
6194	11
6195	13
6196	8
6197	15
6198	10
6199	11
6200	12
6201	12
6202	9
6203	8
6204	15
6205	15
6206	6
6207	11
6208	13
6209	18
6210	10
6211	12
6212	9
6213	8
6214	11
6215	15
6216	13
6217	8
6218	12
6219	8
6220	14
6221	7
6222	15
6223	11
6224	13
6225	6
6226	12
6227	10
6228	7
6229	12
6230	12
6231	15
6232	10
6233	14
6234	12
6235	14
6236	13
6237	17
6238	12
6239	8
6240	10
6241	10
6242	14
6243	6
6244	12
6245	9
6246	16
6247	9
6248	18
6249	16
6250	7
6251	13
6252	8
6253	9
6254	12
6255	13
6256	12
6257	11
6258	7
6259	14
6260	7
6261	9
6262	13
6263	11
6264	9
6265	15
6266	15
6267	3
6268	13
6269	24
6270	15
6271	11
6272	16
6273	10
6274	11
6275	15
6276	13
6277	14
6278	9
6279	12
6280	14
6281	4
6282	12
6283	14
6284	8
6285	15
6286	17
6287	10
6288	12
6289	16
6290	5
6291	11
6292	12
6293	21
6294	10
6295	14
6296	11
6297	8
6298	9
6299	10
6300	17
6301	10
6302	11
6303	8
6304	11
6305	9
6306	13
6307	14
6308	11
6309	14
6310	13
6311	11
6312	22
6313	17
6314	12
6315	12
6316	22
6317	17
6318	17
6319	14
6320	16
6321	12
6322	8
6323	11
6324	15
6325	11
6326	14
6327	18
6328	18
6329	14
6330	16
6331	17
6332	15
6333	14
6334	12
6335	15
6336	9
6337	10
6338	11
6339	10
6340	8
6341	10
6342	17
6343	24
6344	14
6345	13
6346	16
6347	9
6348	15
6349	15
6350	10
6351	13
6352	11
6353	8
6354	12
6355	10
6356	16
6357	13
6358	12
6359	17
6360	15
6361	14
6362	18
6363	14
6364	5
6365	17
6366	7
6367	15
6368	11
6369	14
6370	13
6371	11
6372	15
6373	10
6374	16
6375	11
6376	17
6377	11
6378	11
6379	17
6380	10
6381	9
6382	11
6383	11
6384	15
6385	10
6386	12
6387	13
6388	12
6389	16
6390	14
6391	7
6392	14
6393	14
6394	17
6395	14
6396	14
6397	16
6398	15
6399	13
6400	12
6401	12
6402	11
6403	15
6404	18
6405	16
6406	16
6407	12
6408	16
6409	17
6410	16
6411	23
6412	14
6413	14
6414	15
6415	16
6416	16
6417	13
6418	25
6419	14
6420	13
6421	16
6422	12
6423	19
6424	17
6425	11
6426	19
6427	22
6428	16
6429	7
6430	16
6431	15
6432	11
6433	10
6434	15
6435	19
6436	11
6437	14
6438	12
6439	15
6440	20
6441	17
6442	20
6443	9
6444	9
6445	14
6446	9
6447	14
6448	15
6449	17
6450	5
6451	20
6452	19
6453	22
6454	19
6455	17
6456	21
6457	12
6458	15
6459	21
6460	19
6461	21
6462	9
6463	16
6464	22
6465	10
6466	27
6467	15
6468	21
6469	13
6470	13
6471	15
6472	12
6473	15
6474	18
6475	15
6476	21
6477	13
6478	18
6479	16
6480	11
6481	19
6482	16
6483	8
6484	15
6485	19
6486	8
6487	11
6488	7
6489	12
6490	14
6491	21
6492	18
6493	16
6494	23
6495	19
6496	22
6497	17
6498	17
6499	12
6500	16
6501	11
6502	19
6503	16
6504	20
6505	21
6506	17
6507	19
6508	20
6509	21
6510	14
6511	27
6512	14
6513	16
6514	15
6515	16
6516	14
6517	15
6518	22
6519	12
6520	16
6521	19
6522	13
6523	25
6524	19
6525	18
6526	14
6527	15
6528	15
6529	21
6530	12
6531	11
6532	13
6533	14
6534	11
6535	12
6536	20
6537	13
6538	18
6539	17
6540	8
6541	24
6542	17
6543	18
6544	17
6545	15
6546	16
6547	14
6548	16
6549	23
6550	18
6551	20
6552	22
6553	18
6554	19
6555	19
6556	9
6557	16
6558	21
6559	17
6560	15
6561	24
6562	23
6563	11
6564	23
6565	19
6566	14
6567	20
6568	16
6569	22
6570	15
6571	20
6572	11
6573	13
6574	24
6575	19
6576	22
6577	15
6578	16
6579	22
6580	13
6581	18
6582	19
6583	11
6584	18
6585	17
6586	21
6587	17
6588	13
6589	25
6590	25
6591	14
6592	22
6593	21
6594	14
6595	16
6596	13
6597	23
6598	24
6599	18
6600	11
6601	20
6602	25
6603	23
6604	11
6605	13
6606	16
6607	12
6608	17
6609	26
6610	25
6611	18
6612	11
6613	18
6614	13
6615	17
6616	20
6617	22
6618	20
6619	21
6620	21
6621	18
6622	20
6623	18
6624	21
6625	19
6626	17
6627	20
6628	19
6629	21
6630	20
6631	14
6632	17
6633	18
6634	18
6635	18
6636	14
6637	29
6638	18
6639	22
6640	22
6641	16
6642	10
6643	28
6644	20
6645	21
6646	23
6647	16
6648	24
6649	21
6650	26
6651	18
6652	22
6653	15
6654	27
6655	27
6656	19
6657	23
6658	21
6659	19
6660	17
6661	20
6662	12
6663	26
6664	20
6665	12
6666	27
6667	24
6668	23
6669	19
6670	14
6671	14
6672	17
6673	22
6674	20
6675	28
6676	27
6677	15
6678	16
6679	20
6680	16
6681	18
6682	15
6683	22
6684	13
6685	24
6686	25
6687	14
6688	21
6689	20
6690	22
6691	22
6692	23
6693	20
6694	27
6695	17
6696	17
6697	13
6698	12
6699	28
6700	24
6701	18
6702	12
6703	19
6704	20
6705	15
6706	18
6707	19
6708	16
6709	13
6710	21
6711	20
6712	11
6713	14
6714	16
6715	11
6716	27
6717	22
6718	22
6719	14
6720	11
6721	27
6722	18
6723	20
6724	19
6725	22
6726	30
6727	25
6728	23
6729	22
6730	18
6731	21
6732	21
6733	29
6734	16
6735	21
6736	22
6737	23
6738	22
6739	14
6740	17
6741	23
6742	22
6743	17
6744	13
6745	17
6746	19
6747	14
6748	16
6749	17
6750	10
6751	27
6752	15
6753	16
6754	20
6755	16
6756	15
6757	10
6758	16
6759	22
6760	15
6761	20
6762	21
6763	17
6764	21
6765	22
6766	15
6767	16
6768	21
6769	7
6770	15
6771	13
6772	28
6773	19
6774	23
6775	21
6776	20
6777	24
6778	20
6779	26
6780	15
6781	15
6782	18
6783	18
6784	12
6785	9
6786	15
6787	22
6788	14
6789	20
6790	25
6791	22
6792	14
6793	21
6794	17
6795	15
6796	15
6797	20
6798	13
6799	22
6800	19
6801	23
6802	13
6803	19
6804	12
6805	18
6806	16
6807	22
6808	14
6809	20
6810	11
6811	21
6812	16
6813	20
6814	18
6815	13
6816	15
6817	17
6818	24
6819	15
6820	16
6821	8
6822	15
6823	17
6824	22
6825	25
6826	12
6827	10
6828	14
6829	17
6830	17
6831	13
6832	24
6833	11
6834	17
6835	11
6836	25
6837	12
6838	14
6839	11
6840	10
6841	27
6842	17
6843	17
6844	18
6845	9
6846	23
6847	13
6848	11
6849	10
6850	12
6851	16
6852	15
6853	13
6854	12
6855	14
6856	11
6857	18
6858	13
6859	14
6860	13
6861	12
6862	13
6863	15
6864	12
6865	20
6866	14
6867	17
6868	18
6869	9
6870	11
6871	10
6872	12
6873	12
6874	11
6875	18
6876	12
6877	13
6878	10
6879	14
6880	11
6881	6
6882	16
6883	12
6884	8
6885	10
6886	21
6887	10
6888	17
6889	8
6890	18
6891	14
6892	17
6893	11
6894	7
6895	6
6896	12
6897	13
6898	13
6899	9
6900	15
6901	10
6902	18
6903	15
6904	12
6905	17
6906	10
6907	16
6908	14
6909	8
6910	14
6911	11
6912	14
6913	14
6914	14
6915	6
6916	9
6917	5
6918	13
6919	7
6920	11
6921	10
6922	12
6923	13
6924	13
6925	10
6926	14
6927	4
6928	20
6929	10
6930	11
6931	13
6932	14
6933	9
6934	12
6935	8
6936	12
6937	7
6938	15
6939	11
6940	7
6941	2
6942	10
6943	8
6944	11
6945	10
6946	9
6947	10
6948	10
6949	8
6950	10
6951	7
6952	9
6953	11
6954	6
6955	8
6956	14
6957	9
6958	9
6959	7
6960	5
6961	3
6962	8
6963	10
6964	12
6965	6
6966	7
6967	6
6968	10
6969	4
6970	11
6971	4
6972	4
6973	8
6974	8
6975	5
6976	8
6977	7
6978	8
6979	6
6980	3
6981	7
6982	8
6983	5
6984	10
6985	6
6986	7
6987	9
6988	6
6989	5
6990	11
6991	3
6992	6
6993	6
6994	3
6995	8
6996	8
6997	8
6998	6
6999	6
7000	11
7001	6
7002	5
7003	4
7004	5
7005	3
7006	8
7007	2
7008	7
7009	5
7010	8
7011	4
7012	6
7013	2
7014	3
7015	3
7016	8
7017	5
7018	8
7019	2
7020	6
7021	12
7022	8
7023	3
7024	7
7025	0
7026	4
7027	4
7028	5
7029	7
7030	8
7031	5
7032	8
7033	7
7034	2
7035	3
7036	2
7037	8
7038	1
7039	5
7040	7
7041	8
7042	4
7043	3
7044	4
7045	3
7046	6
7047	5
7048	4
7049	3
7050	8
7051	1
7052	9
7053	7
7054	2
7055	2
7056	1
7057	3
7058	7
7059	4
7060	4
7061	2
7062	4
7063	4
7064	0
7065	5
7066	3
7067	4
7068	4
7069	3
7070	4
7071	3
7072	5
7073	7
7074	3
7075	6
7076	7
7077	6
7078	2
7079	4
7080	3
7081	5
7082	5
7083	3
7084	7
7085	4
7086	4
7087	4
7088	2
7089	3
7090	2
7091	2
7092	4
7093	2
7094	6
7095	4
7096	4
7097	1
7098	2
7099	1
7100	3
7101	2
7102	3
7103	5
7104	7
7105	5
7106	5
7107	3
7108	1
7109	6
7110	2
7111	3
7112	1
7113	5
7114	0
7115	1
7116	6
7117	4
7118	4
7119	3
7120	2
7121	1
7122	2
7123	4
7124	0
7125	1
7126	2
7127	3
7128	2
7129	3
7130	2
7131	1
7132	1
7133	3
7134	0
7135	1
7136	2
7137	2
7138	3
7139	1
7140	1
7141	4
7142	2
7143	3
7144	2
7145	4
7146	3
7147	0
7148	0
7149	2
7150	3
7151	3
7152	2
7153	0
7154	0
7155	0
7156	1
7157	4
7158	2
7159	3
7160	1
7161	0
7162	3
7163	0
7164	2
7165	3
7166	2
7167	2
7168	1
7169	1
7170	2
7171	0
7172	2
7173	1
7174	2
7175	2
7176	2
7177	2
7178	0
7179	0
7180	1
7181	3
7182	3
7183	3
7184	4
7185	0
7186	2
7187	1
7188	0
7189	0
7190	2
7191	0
7192	0
7193	1
7194	1
7195	1
7196	4
7197	1
7198	1
7199	0
7200	0
7201	4
7202	0
7203	1
7204	2
7205	0
7206	2
7207	0
7208	1
7209	1
7210	1
7211	0
7212	1
7213	0
7214	1
7215	0
7216	3
7217	1
7218	0
7219	0
7220	1
7221	0
7222	1
7223	0
7224	0
7225	0
7226	1
7227	0
7228	1
7229	0
7230	0
7231	1
7232	1
7233	4
7234	0
7235	0
7236	2
7237	1
7238	3
7239	2
7240	0
7241	0
7242	2
7243	2
7244	2
7245	1
7246	0
7247	2
7248	0
7249	0
7250	1
7251	0
7252	0
7253	0
7254	1
7255	0
7256	1
7257	0
7258	0
7259	0
7260	1
7261	1
7262	1
7263	0
7264	2
7265	0
7266	1
7267	1
7268	0
7269	1
7270	1
7271	2
7272	2
7273	0
7274	0
7275	1
7276	0
7277	1
7278	0
7279	0
7280	0
7281	2
7282	2
7283	0
7284	1
7285	0
7286	0
7287	1
7288	0
7289	0
7290	0
7291	0
7292	2
7293	0
7294	0
7295	0
7296	1
7297	0
7298	0
7299	0
7300	1
7301	0
7302	0
7303	2
7304	2
7305	0
7306	1
7307	1
7308	1
7309	2
7310	0
7311	1
7312	1
7313	0
7314	2
7315	0
7316	1
7317	1
7318	2
7319	0
7320	0
7321	1
7322	0
7323	0
7324	0
7325	0
7326	0
7327	0
7328	0
7329	0
7330	1
7331	2
7332	0
7333	0
7334	1
7335	2
7336	2
7337	1
7338	1
7339	2
7340	1
7341	1
7342	1
7343	0
7344	1
7345	1
7346	0
7347	1
7348	0
7349	1
7350	0
7351	0
7352	1
7353	0
7354	0
7355	1
7356	0
7357	1
7358	0
7359	1
7360	0
7361	0
7362	0
7363	0
7364	0
7365	0
7366	0
7367	0
7368	1
7369	0
7370	1
7371	1
7372	1
7373	1
7374	0
7375	1
7376	0
7377	2
7378	0
7379	0
7380	0
7381	1
7382	1
7383	1
7384	1
7385	0
7386	0
7387	1
7388	0
7389	0
7390	1
7391	0
7392	0
7393	1
7394	2
7395	0
7396	0
7397	1
7398	0
7399	0
7400	0
7401	0
7402	0
7403	0
7404	1
7405	0
7406	0
7407	2
7408	1
7409	0
7410	2
7411	0
7412	0
7413	0
7414	0
7415	2
7416	1
7417	0
7418	0
7419	0
7420	0
7421	0
7422	0
7423	1
7424	0
7425	1
7426	2
7427	0
7428	0
7429	1
7430	0
7431	0
7432	1
7433	1
7434	1
7435	0
7436	1
7437	0
7438	1
7439	0
7440	1
7441	0
7442	0
7443	1
7444	1
7445	0
7446	0
7447	0
7448	1
7449	0
7450	0
7451	0
7452	0
7453	0
7454	1
7455	1
7456	1
7457	1
7458	0
7459	0
7460	0
7461	0
7462	0
7463	0
7464	0
7465	1
7466	0
7467	0
7468	0
7469	1
7470	1
7471	1
7472	1
7473	2
7474	0
7475	0
7476	0
7477	0
7478	0
7479	0
7480	0
7481	3
7482	2
7483	0
7484	2
7485	0
7486	0
7487	1
7488	1
7489	1
7490	0
7491	0
7492	0
7493	0
7494	0
7495	0
7496	2
7497	0
7498	1
7499	0
7500	0
7501	0
7502	0
7503	0
7504	1
7505	0
7506	0
7507	0
7508	1
7509	0
7510	0
7511	0
7512	1
7513	0
7514	1
7515	1
7516	1
7517	0
7518	0
7519	0
7520	1
7521	1
7522	0
7523	1
7524	0
7525	1
7526	0
7527	0
7528	0
7529	0
7530	0
7531	0
7532	0
7533	1
7534	0
7535	1
7536	1
7537	2
7538	1
7539	1
7540	2
7541	0
7542	0
7543	0
7544	1
7545	1
7546	1
7547	0
7548	2
7549	0
7550	0
7551	0
7552	0
7553	0
7554	0
7555	1
7556	1
7557	0
7558	0
7559	0
7560	1
7561	1
7562	1
7563	0
7564	0
7565	2
7566	0
7567	0
7568	0
7569	0
7570	0
7571	1
7572	0
7573	0
7574	1
7575	0
7576	0
7577	0
7578	0
7579	0
7580	1
7581	0
7582	0
7583	1
7584	0
7585	0
7586	0
7587	0
7588	0
7589	1
7590	0
7591	0
7592	1
7593	1
7594	0
7595	1
7596	0
7597	0
7598	1
7599	0
7600	0
7601	0
7602	0
7603	0
7604	1
7605	0
7606	1
7607	0
7608	2
7609	0
7610	0
7611	0
7612	1
7613	0
7614	0
7615	0
7616	0
7617	0
7618	1
7619	0
7620	1
7621	1
7622	1
7623	1
7624	1
7625	0
7626	0
7627	0
7628	1
7629	2
7630	0
7631	1
7632	2
7633	0
7634	1
7635	0
7636	0
7637	2
7638	1
7639	0
7640	0
7641	2
7642	1
7643	1
7644	0
7645	0
7646	1
7647	1
7648	0
7649	1
7650	0
7651	1
7652	1
7653	0
7654	0
7655	0
7656	0
7657	0
7658	1
7659	0
7660	0
7661	0
7662	0
7663	0
7664	0
7665	0
7666	0
7667	0
7668	0
7669	2
7670	0
7671	0
7672	0
7673	0
7674	1
7675	0
7676	0
7677	0
7678	0
7679	0
7680	1
7681	1
7682	0
7683	0
7684	0
7685	1
7686	0
7687	0
7688	0
7689	1
7690	1
7691	0
7692	0
7693	0
7694	1
7695	0
7696	0
7697	1
7698	0
7699	2
7700	0
7701	0
7702	0
7703	0
7704	0
7705	1
7706	0
7707	1
7708	0
7709	0
7710	0
7711	2
7712	0
7713	2
7714	0
7715	1
7716	0
7717	0
7718	0
7719	1
7720	1
7721	0
7722	0
7723	0
7724	0
7725	0
7726	0
7727	0
7728	0
7729	0
7730	2
7731	0
7732	0
7733	0
7734	0
7735	0
7736	0
7737	1
7738	1
7739	1
7740	0
7741	0
7742	0
7743	0
7744	0
7745	0
7746	1
7747	0
7748	1
7749	1
7750	0
7751	0
7752	1
7753	0
7754	0
7755	0
7756	0
7757	0
7758	2
7759	0
7760	0
7761	0
7762	0
7763	0
7764	1
7765	0
7766	1
7767	0
7768	0
7769	0
7770	0
7771	0
7772	0
7773	0
7774	0
7775	0
7776	0
7777	0
7778	0
7779	1
7780	0
7781	0
7782	1
7783	0
7784	0
7785	0
7786	1
7787	1
7788	1
7789	0
7790	1
7791	0
7792	1
7793	0
7794	1
7795	0
7796	0
7797	0
7798	0
7799	0
7800	1
7801	0
7802	0
7803	0
7804	1
7805	2
7806	0
7807	0
7808	0
7809	1
7810	0
7811	0
7812	0
7813	1
7814	0
7815	1
7816	2
7817	1
7818	2
7819	1
7820	1
7821	1
7822	0
7823	0
7824	0
7825	1
7826	0
7827	0
7828	0
7829	0
7830	1
7831	0
7832	0
7833	0
7834	2
7835	0
7836	1
7837	0
7838	0
7839	0
7840	2
7841	0
7842	1
7843	1
7844	0
7845	0
7846	0
7847	1
7848	0
7849	1
7850	2
7851	0
7852	1
7853	0
7854	1
7855	0
7856	0
7857	0
7858	0
7859	0
7860	0
7861	0
7862	1
7863	0
7864	0
7865	0
7866	0
7867	0
7868	1
7869	0
7870	0
7871	2
7872	0
7873	0
7874	1
7875	1
7876	1
7877	1
7878	0
7879	1
7880	0
7881	0
7882	0
7883	1
7884	0
7885	1
7886	1
7887	0
7888	1
7889	1
7890	1
7891	0
7892	0
7893	1
7894	1
7895	0
7896	1
7897	1
7898	0
7899	0
7900	0
7901	0
7902	1
7903	0
7904	0
7905	0
7906	1
7907	0
7908	1
7909	1
7910	2
7911	1
7912	1
7913	1
7914	1
7915	1
7916	0
7917	1
7918	0
7919	1
7920	1
7921	0
7922	1
7923	0
7924	0
7925	0
7926	0
7927	1
7928	0
7929	1
7930	1
7931	0
7932	0
7933	0
7934	0
7935	1
7936	0
7937	0
7938	0
7939	0
7940	1
7941	1
7942	1
7943	0
7944	0
7945	2
7946	0
7947	1
7948	0
7949	0
7950	0
7951	0
7952	0
7953	1
7954	0
7955	0
7956	0
7957	0
7958	0
7959	0
7960	0
7961	0
7962	1
7963	0
7964	0
7965	0
7966	0
7967	0
7968	1
7969	0
7970	0
7971	0
7972	0
7973	1
7974	0
7975	2
7976	1
7977	0
7978	0
7979	0
7980	0
7981	1
7982	1
7983	0
7984	0
7985	0
7986	0
7987	1
7988	1
7989	0
7990	0
7991	0
7992	0
7993	1
7994	1
7995	0
7996	1
7997	0
7998	0
7999	0
8000	1
8001	0
8002	1
8003	0
8004	0
8005	2
8006	0
8007	0
8008	0
8009	1
8010	0
8011	0
8012	0
8013	0
8014	0
8015	0
8016	0
8017	0
8018	0
8019	0
8020	0
8021	0
8022	0
8023	2
8024	2
8025	0
8026	1
8027	0
8028	1
8029	1
8030	0
8031	1
8032	1
8033	0
8034	1
8035	0
8036	1
8037	0
8038	0
8039	1
8040	0
8041	2
8042	0
8043	0
8044	1
8045	2
8046	0
8047	0
8048	0
8049	0
8050	0
8051	0
8052	0
8053	0
8054	0
8055	0
8056	0
8057	0
8058	0
8059	1
8060	0
8061	0
8062	0
8063	0
8064	0
8065	1
8066	0
8067	1
8068	1
8069	1
8070	0
8071	0
8072	1
8073	0
8074	0
8075	0
8076	0
8077	1
8078	0
8079	0
8080	1
8081	1
8082	2
8083	0
8084	0
8085	0
8086	0
8087	0
8088	0
8089	0
8090	0
8091	0
8092	0
8093	0
8094	0
8095	0
8096	1
8097	1
8098	2
8099	0
8100	0
8101	0
8102	0
8103	0
8104	0
8105	0
8106	0
8107	0
8108	0
8109	0
8110	0
8111	0
8112	0
8113	0
8114	0
8115	0
8116	0
8117	0
8118	0
8119	0
8120	0
8121	0
8122	0
8123	0
8124	0
8125	0
8126	0
8127	0
8128	0
8129	0
8130	0
8131	0
8132	0
8133	0
8134	0
8135	0
8136	0
8137	0
8138	0
8139	0
8140	0
8141	0
8142	0
8143	0
8144	0
8145	0
8146	0
8147	0
8148	0
8149	0
8150	0
8151	0
8152	0
8153	0
8154	0
8155	0
8156	0
8157	0
8158	0
8159	0
8160	0
8161	0
8162	0
8163	0
8164	0
8165	0
8166	0
8167	0
8168	0
8169	0
8170	0
8171	0
8172	0
8173	0
8174	0
8175	0
8176	0
8177	0
8178	0
8179	0
8180	0
8181	0
8182	0
8183	0
8184	0
8185	0
8186	0
8187	0
8188	0
8189	0
8190	0
8191	0
