0	0
1	0
2	0
3	0
4	0
5	0
6	0
7	0
8	0
9	0
10	0
11	0
12	0
13	0
14	0
15	0
16	0
17	0
18	0
19	0
20	0
21	0
22	0
23	0
24	0
25	0
26	0
27	0
28	0
29	0
30	0
31	0
32	0
33	0
34	0
35	0
36	0
37	0
38	0
39	0
40	0
41	0
42	0
43	0
44	0
45	0
46	0
47	0
48	0
49	0
50	0
51	0
52	0
53	0
54	0
55	0
56	0
57	0
58	0
59	0
60	0
61	0
62	0
63	0
64	0
65	0
66	0
67	0
68	0
69	0
70	0
71	0
72	0
73	0
74	0
75	0
76	0
77	0
78	0
79	0
80	0
81	0
82	0
83	0
84	0
85	0
86	0
87	0
88	0
89	0
90	0
91	0
92	0
93	0
94	0
95	0
96	0
97	0
98	0
99	0
100	0
101	0
102	0
103	0
104	0
105	0
106	0
107	0
108	0
109	0
110	0
111	0
112	0
113	0
114	0
115	0
116	0
117	0
118	0
119	0
120	0
121	0
122	0
123	0
124	0
125	0
126	0
127	0
128	0
129	0
130	0
131	0
132	0
133	0
134	0
135	0
136	0
137	0
138	0
139	0
140	0
141	0
142	0
143	0
144	0
145	0
146	0
147	0
148	0
149	0
150	0
151	0
152	0
153	0
154	0
155	0
156	0
157	0
158	0
159	0
160	0
161	0
162	0
163	0
164	0
165	0
166	0
167	0
168	0
169	0
170	0
171	0
172	0
173	0
174	0
175	0
176	0
177	1
178	1
179	4
180	12
181	22
182	50
183	61
184	82
185	79
186	75
187	78
188	72
189	75
190	59
191	60
192	57
193	73
194	57
195	63
196	60
197	79
198	59
199	64
200	58
201	70
202	60
203	63
204	54
205	66
206	68
207	63
208	47
209	57
210	83
211	60
212	55
213	54
214	56
215	58
216	76
217	51
218	83
219	80
220	59
221	58
222	61
223	68
224	56
225	55
226	64
227	60
228	59
229	54
230	64
231	75
232	64
233	50
234	64
235	70
236	69
237	59
238	54
239	52
240	65
241	64
242	63
243	63
244	62
245	66
246	66
247	71
248	67
249	59
250	62
251	61
252	66
253	59
254	60
255	65
256	55
257	53
258	68
259	82
260	69
261	74
262	45
263	60
264	62
265	59
266	68
267	66
268	56
269	61
270	58
271	42
272	47
273	53
274	56
275	73
276	76
277	65
278	58
279	59
280	68
281	51
282	63
283	62
284	60
285	56
286	63
287	47
288	67
289	56
290	77
291	63
292	60
293	53
294	66
295	60
296	67
297	59
298	43
299	66
300	44
301	73
302	66
303	62
304	66
305	60
306	66
307	62
308	65
309	62
310	65
311	66
312	72
313	72
314	68
315	62
316	64
317	78
318	67
319	62
320	75
321	59
322	66
323	62
324	57
325	66
326	69
327	58
328	73
329	61
330	60
331	60
332	55
333	64
334	48
335	66
336	63
337	64
338	71
339	57
340	71
341	59
342	68
343	51
344	63
345	65
346	64
347	52
348	67
349	67
350	59
351	67
352	61
353	56
354	59
355	59
356	62
357	53
358	59
359	74
360	54
361	64
362	61
363	65
364	63
365	57
366	67
367	65
368	54
369	71
370	56
371	62
372	48
373	61
374	63
375	70
376	65
377	53
378	51
379	56
380	40
381	69
382	66
383	57
384	79
385	69
386	55
387	67
388	60
389	81
390	61
391	80
392	65
393	69
394	64
395	55
396	54
397	70
398	71
399	81
400	75
401	57
402	74
403	75
404	58
405	73
406	59
407	57
408	73
409	57
410	64
411	54
412	74
413	68
414	67
415	78
416	61
417	75
418	58
419	73
420	59
421	82
422	77
423	71
424	55
425	66
426	68
427	78
428	51
429	68
430	73
431	60
432	60
433	64
434	58
435	63
436	63
437	71
438	57
439	61
440	59
441	72
442	60
443	62
444	60
445	76
446	49
447	67
448	68
449	66
450	77
451	57
452	63
453	70
454	69
455	75
456	59
457	57
458	69
459	83
460	80
461	56
462	69
463	50
464	74
465	75
466	75
467	73
468	69
469	82
470	68
471	60
472	74
473	72
474	71
475	62
476	61
477	63
478	74
479	80
480	79
481	77
482	84
483	66
484	73
485	75
486	80
487	84
488	76
489	69
490	71
491	84
492	72
493	86
494	70
495	72
496	66
497	87
498	69
499	74
500	64
501	74
502	84
503	90
504	50
505	78
506	67
507	81
508	64
509	73
510	65
511	67
512	72
513	78
514	69
515	73
516	67
517	62
518	78
519	86
520	78
521	57
522	65
523	80
524	72
525	76
526	73
527	75
528	71
529	58
530	74
531	77
532	75
533	75
534	76
535	68
536	73
537	64
538	82
539	73
540	60
541	85
542	67
543	73
544	56
545	53
546	55
547	51
548	71
549	68
550	75
551	74
552	64
553	68
554	75
555	73
556	66
557	78
558	70
559	69
560	69
561	100
562	73
563	72
564	76
565	73
566	57
567	52
568	73
569	62
570	61
571	80
572	73
573	72
574	73
575	64
576	65
577	67
578	68
579	77
580	70
581	78
582	58
583	60
584	60
585	84
586	65
587	79
588	74
589	82
590	67
591	67
592	70
593	69
594	57
595	73
596	56
597	67
598	63
599	75
600	78
601	57
602	57
603	77
604	76
605	81
606	67
607	71
608	75
609	68
610	56
611	54
612	72
613	67
614	56
615	75
616	85
617	80
618	76
619	70
620	79
621	70
622	74
623	76
624	72
625	74
626	66
627	81
628	70
629	74
630	58
631	72
632	77
633	63
634	70
635	65
636	77
637	61
638	83
639	77
640	73
641	82
642	82
643	72
644	71
645	74
646	61
647	58
648	77
649	57
650	77
651	81
652	73
653	80
654	80
655	76
656	79
657	59
658	74
659	65
660	71
661	58
662	75
663	64
664	71
665	76
666	69
667	77
668	65
669	78
670	74
671	64
672	80
673	65
674	65
675	61
676	71
677	69
678	73
679	74
680	89
681	65
682	76
683	61
684	74
685	59
686	77
687	66
688	68
689	76
690	87
691	68
692	73
693	76
694	88
695	76
696	81
697	84
698	71
699	66
700	88
701	64
702	74
703	80
704	59
705	79
706	86
707	72
708	64
709	78
710	72
711	67
712	91
713	87
714	103
715	70
716	81
717	83
718	76
719	64
720	67
721	75
722	68
723	77
724	78
725	90
726	74
727	81
728	77
729	76
730	68
731	64
732	74
733	85
734	85
735	89
736	87
737	69
738	63
739	77
740	83
741	80
742	86
743	82
744	75
745	76
746	69
747	76
748	75
749	80
750	94
751	71
752	96
753	72
754	84
755	100
756	89
757	77
758	65
759	88
760	91
761	91
762	97
763	78
764	83
765	71
766	79
767	82
768	79
769	77
770	97
771	81
772	114
773	69
774	67
775	98
776	90
777	78
778	91
779	91
780	104
781	77
782	80
783	92
784	90
785	98
786	115
787	89
788	107
789	83
790	79
791	75
792	91
793	106
794	111
795	99
796	107
797	91
798	116
799	85
800	90
801	102
802	91
803	90
804	90
805	101
806	94
807	105
808	117
809	105
810	106
811	100
812	101
813	103
814	113
815	77
816	112
817	124
818	113
819	111
820	120
821	96
822	117
823	120
824	129
825	117
826	116
827	116
828	130
829	108
830	125
831	135
832	116
833	147
834	109
835	126
836	122
837	132
838	120
839	141
840	141
841	137
842	134
843	135
844	123
845	131
846	136
847	148
848	154
849	145
850	157
851	151
852	156
853	117
854	147
855	142
856	142
857	155
858	125
859	148
860	133
861	137
862	153
863	140
864	144
865	125
866	145
867	130
868	126
869	155
870	147
871	138
872	122
873	129
874	129
875	132
876	130
877	135
878	127
879	133
880	152
881	117
882	128
883	117
884	121
885	118
886	131
887	143
888	127
889	145
890	107
891	120
892	120
893	117
894	111
895	134
896	106
897	130
898	108
899	134
900	117
901	108
902	94
903	97
904	113
905	84
906	115
907	101
908	108
909	103
910	97
911	109
912	112
913	100
914	86
915	75
916	107
917	117
918	99
919	110
920	106
921	114
922	107
923	95
924	93
925	95
926	94
927	104
928	110
929	101
930	92
931	121
932	88
933	105
934	97
935	86
936	96
937	103
938	105
939	97
940	89
941	101
942	101
943	95
944	85
945	93
946	88
947	98
948	116
949	100
950	80
951	112
952	98
953	98
954	98
955	89
956	83
957	92
958	105
959	91
960	108
961	106
962	110
963	100
964	97
965	92
966	99
967	86
968	112
969	101
970	81
971	85
972	95
973	94
974	105
975	91
976	107
977	93
978	84
979	89
980	120
981	102
982	103
983	96
984	103
985	101
986	104
987	96
988	98
989	75
990	99
991	100
992	117
993	88
994	104
995	85
996	93
997	108
998	109
999	113
1000	92
1001	99
1002	98
1003	97
1004	87
1005	88
1006	78
1007	84
1008	102
1009	88
1010	100
1011	99
1012	97
1013	78
1014	71
1015	105
1016	87
1017	73
1018	81
1019	74
1020	79
1021	67
1022	87
1023	84
1024	85
1025	94
1026	86
1027	83
1028	90
1029	85
1030	99
1031	95
1032	71
1033	80
1034	69
1035	82
1036	89
1037	92
1038	73
1039	79
1040	79
1041	84
1042	97
1043	81
1044	71
1045	68
1046	80
1047	76
1048	88
1049	78
1050	81
1051	89
1052	86
1053	89
1054	72
1055	69
1056	81
1057	73
1058	72
1059	80
1060	101
1061	82
1062	105
1063	62
1064	59
1065	94
1066	65
1067	77
1068	67
1069	71
1070	78
1071	77
1072	81
1073	76
1074	75
1075	81
1076	68
1077	83
1078	67
1079	83
1080	90
1081	79
1082	81
1083	83
1084	87
1085	71
1086	65
1087	79
1088	69
1089	55
1090	76
1091	60
1092	74
1093	80
1094	72
1095	71
1096	80
1097	71
1098	64
1099	88
1100	86
1101	83
1102	75
1103	93
1104	73
1105	65
1106	85
1107	68
1108	61
1109	69
1110	75
1111	68
1112	89
1113	67
1114	67
1115	78
1116	61
1117	77
1118	76
1119	68
1120	80
1121	78
1122	77
1123	75
1124	94
1125	76
1126	71
1127	88
1128	84
1129	66
1130	77
1131	66
1132	66
1133	82
1134	88
1135	73
1136	83
1137	74
1138	91
1139	76
1140	80
1141	67
1142	77
1143	75
1144	78
1145	87
1146	77
1147	80
1148	76
1149	89
1150	71
1151	77
1152	74
1153	81
1154	94
1155	72
1156	79
1157	83
1158	74
1159	80
1160	71
1161	96
1162	82
1163	97
1164	99
1165	85
1166	74
1167	69
1168	66
1169	79
1170	77
1171	77
1172	80
1173	84
1174	87
1175	92
1176	94
1177	83
1178	63
1179	67
1180	84
1181	93
1182	82
1183	90
1184	83
1185	81
1186	88
1187	74
1188	73
1189	64
1190	70
1191	80
1192	83
1193	86
1194	91
1195	69
1196	76
1197	76
1198	65
1199	84
1200	82
1201	94
1202	77
1203	90
1204	85
1205	85
1206	96
1207	90
1208	75
1209	114
1210	81
1211	73
1212	104
1213	87
1214	97
1215	85
1216	84
1217	90
1218	109
1219	76
1220	76
1221	97
1222	80
1223	93
1224	80
1225	86
1226	87
1227	85
1228	96
1229	97
1230	69
1231	76
1232	71
1233	81
1234	89
1235	83
1236	67
1237	95
1238	79
1239	79
1240	96
1241	84
1242	80
1243	81
1244	77
1245	82
1246	73
1247	92
1248	93
1249	79
1250	101
1251	85
1252	67
1253	98
1254	104
1255	81
1256	90
1257	97
1258	91
1259	80
1260	89
1261	84
1262	98
1263	86
1264	91
1265	88
1266	89
1267	89
1268	87
1269	73
1270	89
1271	90
1272	74
1273	94
1274	97
1275	88
1276	96
1277	80
1278	84
1279	79
1280	100
1281	89
1282	91
1283	72
1284	76
1285	103
1286	88
1287	85
1288	87
1289	97
1290	84
1291	93
1292	83
1293	116
1294	91
1295	89
1296	99
1297	90
1298	93
1299	100
1300	111
1301	81
1302	87
1303	95
1304	78
1305	72
1306	90
1307	99
1308	102
1309	82
1310	94
1311	87
1312	93
1313	69
1314	85
1315	84
1316	81
1317	90
1318	101
1319	99
1320	109
1321	78
1322	78
1323	86
1324	91
1325	92
1326	89
1327	85
1328	106
1329	101
1330	100
1331	74
1332	88
1333	96
1334	90
1335	92
1336	86
1337	80
1338	82
1339	94
1340	77
1341	98
1342	100
1343	90
1344	105
1345	85
1346	113
1347	80
1348	98
1349	90
1350	83
1351	91
1352	89
1353	84
1354	83
1355	114
1356	98
1357	80
1358	89
1359	79
1360	110
1361	97
1362	74
1363	68
1364	99
1365	97
1366	108
1367	87
1368	99
1369	96
1370	97
1371	105
1372	96
1373	94
1374	91
1375	90
1376	99
1377	86
1378	97
1379	94
1380	96
1381	76
1382	91
1383	89
1384	80
1385	100
1386	100
1387	98
1388	101
1389	99
1390	96
1391	100
1392	103
1393	79
1394	91
1395	90
1396	110
1397	97
1398	95
1399	103
1400	81
1401	105
1402	104
1403	113
1404	102
1405	98
1406	111
1407	87
1408	105
1409	90
1410	98
1411	100
1412	93
1413	120
1414	95
1415	111
1416	106
1417	105
1418	113
1419	115
1420	107
1421	98
1422	111
1423	88
1424	84
1425	88
1426	79
1427	128
1428	95
1429	110
1430	113
1431	84
1432	92
1433	83
1434	79
1435	95
1436	93
1437	106
1438	105
1439	106
1440	113
1441	93
1442	102
1443	93
1444	110
1445	96
1446	89
1447	104
1448	117
1449	89
1450	102
1451	112
1452	87
1453	97
1454	98
1455	103
1456	100
1457	108
1458	109
1459	105
1460	91
1461	119
1462	123
1463	82
1464	101
1465	114
1466	103
1467	110
1468	100
1469	110
1470	104
1471	93
1472	92
1473	90
1474	98
1475	93
1476	105
1477	95
1478	104
1479	103
1480	102
1481	107
1482	87
1483	109
1484	102
1485	114
1486	105
1487	114
1488	99
1489	128
1490	93
1491	91
1492	109
1493	113
1494	103
1495	105
1496	98
1497	93
1498	120
1499	103
1500	107
1501	108
1502	106
1503	100
1504	112
1505	124
1506	113
1507	118
1508	107
1509	110
1510	108
1511	114
1512	104
1513	123
1514	93
1515	97
1516	98
1517	100
1518	102
1519	91
1520	97
1521	116
1522	112
1523	88
1524	95
1525	117
1526	93
1527	117
1528	91
1529	113
1530	102
1531	132
1532	113
1533	113
1534	100
1535	101
1536	102
1537	132
1538	93
1539	100
1540	102
1541	106
1542	95
1543	103
1544	114
1545	104
1546	115
1547	116
1548	113
1549	107
1550	124
1551	116
1552	98
1553	103
1554	100
1555	109
1556	105
1557	106
1558	101
1559	96
1560	110
1561	110
1562	105
1563	93
1564	110
1565	112
1566	107
1567	117
1568	109
1569	99
1570	93
1571	96
1572	100
1573	123
1574	110
1575	121
1576	104
1577	119
1578	100
1579	98
1580	120
1581	109
1582	104
1583	110
1584	121
1585	127
1586	101
1587	119
1588	91
1589	147
1590	124
1591	111
1592	114
1593	108
1594	121
1595	96
1596	109
1597	90
1598	102
1599	112
1600	82
1601	114
1602	122
1603	112
1604	110
1605	113
1606	114
1607	92
1608	96
1609	100
1610	101
1611	101
1612	122
1613	118
1614	106
1615	131
1616	102
1617	106
1618	121
1619	103
1620	115
1621	124
1622	106
1623	127
1624	122
1625	124
1626	121
1627	116
1628	124
1629	97
1630	96
1631	118
1632	111
1633	110
1634	114
1635	96
1636	125
1637	111
1638	111
1639	124
1640	105
1641	102
1642	115
1643	112
1644	109
1645	110
1646	109
1647	109
1648	107
1649	106
1650	108
1651	108
1652	109
1653	105
1654	109
1655	94
1656	125
1657	99
1658	121
1659	110
1660	93
1661	103
1662	129
1663	112
1664	113
1665	113
1666	125
1667	104
1668	117
1669	112
1670	88
1671	116
1672	96
1673	117
1674	115
1675	121
1676	121
1677	111
1678	113
1679	107
1680	119
1681	118
1682	99
1683	119
1684	129
1685	105
1686	111
1687	106
1688	107
1689	118
1690	112
1691	110
1692	119
1693	123
1694	119
1695	121
1696	120
1697	103
1698	111
1699	108
1700	120
1701	129
1702	119
1703	127
1704	138
1705	107
1706	107
1707	112
1708	128
1709	111
1710	118
1711	103
1712	108
1713	96
1714	114
1715	126
1716	110
1717	115
1718	129
1719	109
1720	127
1721	129
1722	129
1723	127
1724	115
1725	110
1726	112
1727	123
1728	100
1729	119
1730	130
1731	114
1732	122
1733	122
1734	115
1735	141
1736	119
1737	124
1738	118
1739	112
1740	121
1741	108
1742	119
1743	111
1744	133
1745	110
1746	99
1747	124
1748	132
1749	138
1750	122
1751	140
1752	127
1753	118
1754	103
1755	103
1756	119
1757	120
1758	119
1759	138
1760	127
1761	128
1762	127
1763	95
1764	142
1765	135
1766	133
1767	120
1768	134
1769	123
1770	113
1771	115
1772	138
1773	116
1774	113
1775	131
1776	102
1777	128
1778	126
1779	103
1780	113
1781	129
1782	111
1783	121
1784	111
1785	132
1786	113
1787	121
1788	136
1789	105
1790	122
1791	132
1792	123
1793	123
1794	111
1795	110
1796	126
1797	113
1798	106
1799	130
1800	116
1801	121
1802	126
1803	150
1804	128
1805	119
1806	115
1807	128
1808	105
1809	122
1810	122
1811	119
1812	116
1813	117
1814	110
1815	124
1816	143
1817	117
1818	115
1819	114
1820	147
1821	104
1822	125
1823	119
1824	112
1825	124
1826	117
1827	113
1828	122
1829	133
1830	121
1831	120
1832	157
1833	134
1834	102
1835	133
1836	123
1837	126
1838	110
1839	126
1840	134
1841	105
1842	132
1843	131
1844	114
1845	108
1846	138
1847	131
1848	119
1849	122
1850	135
1851	115
1852	133
1853	129
1854	114
1855	108
1856	134
1857	113
1858	125
1859	128
1860	118
1861	124
1862	115
1863	127
1864	146
1865	106
1866	142
1867	116
1868	122
1869	126
1870	132
1871	122
1872	126
1873	159
1874	126
1875	130
1876	123
1877	108
1878	133
1879	120
1880	119
1881	137
1882	133
1883	125
1884	105
1885	138
1886	136
1887	127
1888	121
1889	112
1890	116
1891	133
1892	135
1893	111
1894	108
1895	129
1896	137
1897	121
1898	125
1899	105
1900	124
1901	132
1902	147
1903	125
1904	118
1905	136
1906	158
1907	161
1908	124
1909	137
1910	131
1911	108
1912	135
1913	142
1914	115
1915	138
1916	143
1917	134
1918	143
1919	134
1920	165
1921	137
1922	132
1923	138
1924	140
1925	131
1926	138
1927	112
1928	128
1929	138
1930	144
1931	131
1932	136
1933	142
1934	129
1935	134
1936	129
1937	147
1938	131
1939	123
1940	124
1941	126
1942	110
1943	136
1944	146
1945	114
1946	115
1947	117
1948	146
1949	137
1950	133
1951	128
1952	144
1953	119
1954	137
1955	111
1956	116
1957	135
1958	125
1959	145
1960	119
1961	145
1962	124
1963	144
1964	121
1965	131
1966	131
1967	131
1968	123
1969	136
1970	154
1971	148
1972	120
1973	133
1974	135
1975	119
1976	131
1977	142
1978	151
1979	143
1980	129
1981	115
1982	162
1983	147
1984	132
1985	135
1986	136
1987	131
1988	129
1989	152
1990	127
1991	118
1992	120
1993	126
1994	129
1995	135
1996	132
1997	135
1998	146
1999	138
2000	144
2001	151
2002	139
2003	111
2004	134
2005	139
2006	153
2007	143
2008	116
2009	139
2010	137
2011	142
2012	123
2013	143
2014	124
2015	140
2016	130
2017	108
2018	131
2019	145
2020	127
2021	127
2022	117
2023	146
2024	136
2025	126
2026	139
2027	137
2028	145
2029	130
2030	119
2031	123
2032	128
2033	130
2034	132
2035	133
2036	133
2037	143
2038	137
2039	121
2040	135
2041	137
2042	125
2043	137
2044	140
2045	119
2046	134
2047	137
2048	131
2049	121
2050	122
2051	122
2052	152
2053	133
2054	139
2055	141
2056	112
2057	108
2058	152
2059	147
2060	165
2061	140
2062	143
2063	145
2064	117
2065	128
2066	134
2067	123
2068	144
2069	142
2070	116
2071	147
2072	148
2073	147
2074	138
2075	151
2076	143
2077	149
2078	141
2079	123
2080	128
2081	142
2082	152
2083	129
2084	132
2085	127
2086	127
2087	146
2088	123
2089	146
2090	144
2091	108
2092	168
2093	134
2094	136
2095	141
2096	145
2097	123
2098	148
2099	131
2100	125
2101	137
2102	132
2103	132
2104	156
2105	151
2106	161
2107	137
2108	130
2109	126
2110	134
2111	118
2112	148
2113	125
2114	128
2115	136
2116	129
2117	126
2118	128
2119	117
2120	119
2121	124
2122	138
2123	143
2124	132
2125	123
2126	138
2127	163
2128	140
2129	146
2130	128
2131	144
2132	140
2133	163
2134	111
2135	127
2136	136
2137	129
2138	152
2139	123
2140	136
2141	136
2142	140
2143	128
2144	145
2145	147
2146	144
2147	146
2148	128
2149	137
2150	145
2151	131
2152	155
2153	148
2154	125
2155	145
2156	127
2157	150
2158	121
2159	174
2160	141
2161	127
2162	148
2163	151
2164	123
2165	131
2166	143
2167	147
2168	130
2169	130
2170	133
2171	142
2172	131
2173	135
2174	109
2175	141
2176	148
2177	141
2178	140
2179	148
2180	164
2181	143
2182	141
2183	142
2184	149
2185	121
2186	147
2187	156
2188	140
2189	119
2190	151
2191	132
2192	154
2193	124
2194	143
2195	140
2196	146
2197	147
2198	162
2199	143
2200	143
2201	122
2202	163
2203	136
2204	149
2205	142
2206	125
2207	142
2208	134
2209	140
2210	147
2211	120
2212	137
2213	153
2214	135
2215	151
2216	134
2217	146
2218	140
2219	183
2220	136
2221	137
2222	153
2223	149
2224	129
2225	147
2226	116
2227	138
2228	149
2229	142
2230	141
2231	124
2232	152
2233	137
2234	155
2235	130
2236	135
2237	137
2238	113
2239	138
2240	145
2241	145
2242	141
2243	137
2244	150
2245	138
2246	146
2247	139
2248	145
2249	137
2250	185
2251	160
2252	131
2253	145
2254	151
2255	149
2256	160
2257	141
2258	130
2259	153
2260	144
2261	134
2262	133
2263	134
2264	156
2265	152
2266	135
2267	146
2268	126
2269	139
2270	142
2271	154
2272	148
2273	137
2274	135
2275	143
2276	146
2277	135
2278	149
2279	148
2280	157
2281	161
2282	156
2283	151
2284	143
2285	119
2286	142
2287	165
2288	133
2289	134
2290	159
2291	130
2292	146
2293	159
2294	134
2295	152
2296	147
2297	140
2298	144
2299	142
2300	144
2301	148
2302	167
2303	151
2304	161
2305	140
2306	145
2307	146
2308	119
2309	152
2310	137
2311	143
2312	170
2313	147
2314	148
2315	135
2316	158
2317	151
2318	141
2319	154
2320	133
2321	155
2322	137
2323	138
2324	142
2325	117
2326	138
2327	138
2328	157
2329	164
2330	144
2331	158
2332	154
2333	151
2334	130
2335	147
2336	144
2337	174
2338	138
2339	129
2340	126
2341	126
2342	154
2343	155
2344	146
2345	160
2346	128
2347	129
2348	128
2349	141
2350	143
2351	137
2352	154
2353	154
2354	127
2355	145
2356	131
2357	176
2358	129
2359	149
2360	157
2361	132
2362	148
2363	134
2364	139
2365	160
2366	145
2367	132
2368	137
2369	144
2370	152
2371	160
2372	123
2373	123
2374	152
2375	146
2376	128
2377	140
2378	146
2379	154
2380	155
2381	151
2382	125
2383	143
2384	140
2385	137
2386	140
2387	152
2388	138
2389	159
2390	143
2391	153
2392	132
2393	129
2394	135
2395	162
2396	144
2397	157
2398	141
2399	149
2400	138
2401	151
2402	147
2403	152
2404	152
2405	132
2406	160
2407	149
2408	135
2409	153
2410	140
2411	132
2412	173
2413	152
2414	173
2415	144
2416	157
2417	155
2418	152
2419	134
2420	171
2421	172
2422	138
2423	145
2424	137
2425	138
2426	180
2427	168
2428	149
2429	125
2430	149
2431	164
2432	143
2433	144
2434	132
2435	129
2436	162
2437	154
2438	161
2439	144
2440	147
2441	169
2442	152
2443	132
2444	142
2445	143
2446	123
2447	140
2448	147
2449	158
2450	136
2451	144
2452	148
2453	173
2454	135
2455	153
2456	135
2457	129
2458	122
2459	131
2460	142
2461	144
2462	156
2463	153
2464	135
2465	135
2466	123
2467	127
2468	165
2469	138
2470	140
2471	140
2472	142
2473	134
2474	144
2475	141
2476	147
2477	139
2478	132
2479	148
2480	147
2481	147
2482	122
2483	133
2484	135
2485	138
2486	136
2487	146
2488	153
2489	160
2490	132
2491	136
2492	137
2493	134
2494	139
2495	143
2496	146
2497	128
2498	128
2499	128
2500	124
2501	134
2502	149
2503	143
2504	133
2505	137
2506	138
2507	118
2508	140
2509	162
2510	133
2511	140
2512	149
2513	138
2514	137
2515	133
2516	133
2517	115
2518	134
2519	133
2520	143
2521	132
2522	149
2523	131
2524	121
2525	128
2526	148
2527	148
2528	120
2529	140
2530	148
2531	120
2532	140
2533	146
2534	132
2535	135
2536	127
2537	149
2538	139
2539	128
2540	139
2541	122
2542	130
2543	140
2544	132
2545	137
2546	139
2547	118
2548	122
2549	150
2550	125
2551	126
2552	131
2553	129
2554	144
2555	149
2556	140
2557	136
2558	136
2559	136
2560	134
2561	115
2562	146
2563	122
2564	137
2565	130
2566	131
2567	119
2568	122
2569	141
2570	121
2571	129
2572	133
2573	128
2574	132
2575	132
2576	114
2577	145
2578	124
2579	140
2580	118
2581	121
2582	135
2583	137
2584	127
2585	144
2586	133
2587	127
2588	137
2589	143
2590	122
2591	130
2592	127
2593	129
2594	133
2595	151
2596	128
2597	138
2598	131
2599	147
2600	129
2601	112
2602	116
2603	122
2604	128
2605	130
2606	107
2607	119
2608	117
2609	131
2610	120
2611	109
2612	123
2613	119
2614	117
2615	122
2616	118
2617	103
2618	119
2619	113
2620	137
2621	114
2622	135
2623	117
2624	116
2625	112
2626	115
2627	121
2628	131
2629	105
2630	123
2631	121
2632	112
2633	117
2634	119
2635	120
2636	132
2637	105
2638	131
2639	112
2640	128
2641	135
2642	134
2643	132
2644	110
2645	98
2646	117
2647	107
2648	125
2649	127
2650	116
2651	114
2652	130
2653	117
2654	108
2655	136
2656	106
2657	103
2658	103
2659	126
2660	109
2661	111
2662	140
2663	136
2664	121
2665	109
2666	122
2667	117
2668	114
2669	133
2670	122
2671	117
2672	105
2673	122
2674	118
2675	127
2676	141
2677	107
2678	126
2679	113
2680	118
2681	140
2682	112
2683	105
2684	123
2685	120
2686	129
2687	112
2688	109
2689	105
2690	112
2691	119
2692	123
2693	119
2694	112
2695	116
2696	99
2697	126
2698	103
2699	112
2700	94
2701	118
2702	115
2703	88
2704	121
2705	104
2706	104
2707	108
2708	107
2709	121
2710	91
2711	117
2712	127
2713	127
2714	121
2715	106
2716	102
2717	104
2718	140
2719	123
2720	115
2721	118
2722	120
2723	124
2724	105
2725	84
2726	106
2727	108
2728	88
2729	103
2730	113
2731	93
2732	119
2733	111
2734	102
2735	96
2736	103
2737	105
2738	127
2739	103
2740	120
2741	128
2742	108
2743	118
2744	106
2745	99
2746	103
2747	117
2748	106
2749	93
2750	97
2751	105
2752	95
2753	113
2754	110
2755	99
2756	108
2757	92
2758	96
2759	86
2760	104
2761	100
2762	106
2763	100
2764	119
2765	106
2766	112
2767	106
2768	104
2769	95
2770	123
2771	92
2772	102
2773	94
2774	97
2775	99
2776	112
2777	97
2778	102
2779	109
2780	89
2781	112
2782	119
2783	110
2784	117
2785	123
2786	104
2787	122
2788	115
2789	112
2790	99
2791	97
2792	103
2793	92
2794	88
2795	122
2796	101
2797	102
2798	99
2799	104
2800	121
2801	111
2802	85
2803	111
2804	109
2805	99
2806	115
2807	113
2808	102
2809	93
2810	94
2811	87
2812	104
2813	109
2814	86
2815	103
2816	119
2817	116
2818	123
2819	111
2820	106
2821	121
2822	124
2823	114
2824	109
2825	103
2826	112
2827	100
2828	98
2829	102
2830	104
2831	105
2832	100
2833	95
2834	103
2835	96
2836	94
2837	94
2838	100
2839	114
2840	96
2841	89
2842	92
2843	86
2844	90
2845	94
2846	86
2847	102
2848	103
2849	94
2850	89
2851	111
2852	109
2853	103
2854	87
2855	93
2856	101
2857	108
2858	104
2859	90
2860	105
2861	100
2862	89
2863	108
2864	88
2865	86
2866	117
2867	82
2868	97
2869	104
2870	92
2871	106
2872	94
2873	106
2874	96
2875	116
2876	96
2877	96
2878	103
2879	97
2880	101
2881	107
2882	98
2883	96
2884	105
2885	89
2886	90
2887	100
2888	106
2889	82
2890	94
2891	86
2892	84
2893	93
2894	84
2895	95
2896	100
2897	85
2898	108
2899	91
2900	120
2901	99
2902	75
2903	103
2904	105
2905	108
2906	72
2907	86
2908	105
2909	92
2910	83
2911	109
2912	89
2913	95
2914	94
2915	87
2916	101
2917	76
2918	105
2919	100
2920	86
2921	87
2922	91
2923	101
2924	98
2925	86
2926	92
2927	86
2928	96
2929	84
2930	85
2931	90
2932	82
2933	84
2934	91
2935	98
2936	77
2937	100
2938	91
2939	97
2940	79
2941	81
2942	107
2943	85
2944	92
2945	91
2946	108
2947	95
2948	97
2949	117
2950	94
2951	91
2952	72
2953	92
2954	90
2955	103
2956	82
2957	99
2958	90
2959	91
2960	82
2961	99
2962	98
2963	102
2964	120
2965	106
2966	99
2967	92
2968	100
2969	116
2970	94
2971	100
2972	91
2973	94
2974	88
2975	78
2976	105
2977	95
2978	86
2979	88
2980	101
2981	96
2982	90
2983	98
2984	94
2985	88
2986	106
2987	91
2988	100
2989	93
2990	82
2991	90
2992	102
2993	95
2994	103
2995	87
2996	93
2997	89
2998	77
2999	94
3000	96
3001	96
3002	92
3003	92
3004	94
3005	103
3006	67
3007	111
3008	90
3009	80
3010	105
3011	82
3012	93
3013	90
3014	85
3015	101
3016	85
3017	92
3018	90
3019	89
3020	93
3021	85
3022	80
3023	91
3024	82
3025	84
3026	92
3027	96
3028	98
3029	93
3030	99
3031	97
3032	85
3033	92
3034	73
3035	100
3036	87
3037	100
3038	94
3039	80
3040	91
3041	96
3042	99
3043	88
3044	99
3045	95
3046	100
3047	98
3048	95
3049	93
3050	82
3051	102
3052	94
3053	96
3054	79
3055	97
3056	91
3057	93
3058	75
3059	100
3060	97
3061	86
3062	80
3063	95
3064	92
3065	92
3066	94
3067	84
3068	84
3069	81
3070	73
3071	107
3072	81
3073	88
3074	116
3075	86
3076	100
3077	86
3078	83
3079	103
3080	85
3081	100
3082	91
3083	88
3084	90
3085	99
3086	79
3087	94
3088	83
3089	92
3090	88
3091	104
3092	88
3093	98
3094	85
3095	75
3096	88
3097	89
3098	84
3099	97
3100	91
3101	113
3102	79
3103	84
3104	89
3105	88
3106	72
3107	92
3108	100
3109	77
3110	95
3111	98
3112	83
3113	72
3114	93
3115	84
3116	86
3117	65
3118	89
3119	98
3120	96
3121	94
3122	85
3123	93
3124	84
3125	106
3126	99
3127	86
3128	94
3129	99
3130	92
3131	109
3132	91
3133	103
3134	76
3135	94
3136	76
3137	74
3138	78
3139	94
3140	77
3141	93
3142	100
3143	82
3144	96
3145	79
3146	96
3147	85
3148	85
3149	98
3150	90
3151	81
3152	85
3153	92
3154	86
3155	107
3156	92
3157	79
3158	87
3159	90
3160	90
3161	84
3162	71
3163	98
3164	101
3165	94
3166	93
3167	86
3168	77
3169	84
3170	85
3171	72
3172	87
3173	97
3174	93
3175	72
3176	81
3177	99
3178	88
3179	82
3180	82
3181	80
3182	83
3183	90
3184	69
3185	90
3186	84
3187	100
3188	85
3189	87
3190	79
3191	83
3192	104
3193	65
3194	92
3195	93
3196	83
3197	91
3198	83
3199	90
3200	96
3201	94
3202	97
3203	78
3204	82
3205	88
3206	86
3207	76
3208	82
3209	77
3210	76
3211	88
3212	98
3213	79
3214	95
3215	97
3216	80
3217	78
3218	71
3219	86
3220	104
3221	81
3222	84
3223	96
3224	96
3225	91
3226	79
3227	89
3228	90
3229	83
3230	93
3231	73
3232	92
3233	74
3234	78
3235	98
3236	90
3237	83
3238	73
3239	81
3240	94
3241	92
3242	82
3243	89
3244	90
3245	105
3246	93
3247	87
3248	61
3249	88
3250	95
3251	96
3252	86
3253	92
3254	97
3255	89
3256	90
3257	85
3258	80
3259	75
3260	81
3261	88
3262	103
3263	90
3264	107
3265	81
3266	92
3267	95
3268	114
3269	90
3270	85
3271	78
3272	79
3273	93
3274	78
3275	89
3276	89
3277	80
3278	91
3279	98
3280	78
3281	98
3282	83
3283	72
3284	90
3285	79
3286	90
3287	91
3288	78
3289	100
3290	75
3291	100
3292	84
3293	100
3294	80
3295	100
3296	88
3297	73
3298	96
3299	79
3300	98
3301	90
3302	95
3303	84
3304	89
3305	94
3306	89
3307	84
3308	95
3309	80
3310	75
3311	97
3312	91
3313	87
3314	81
3315	80
3316	115
3317	93
3318	72
3319	95
3320	77
3321	85
3322	89
3323	82
3324	86
3325	75
3326	91
3327	81
3328	77
3329	97
3330	76
3331	103
3332	92
3333	87
3334	66
3335	87
3336	81
3337	80
3338	86
3339	89
3340	95
3341	78
3342	97
3343	77
3344	94
3345	92
3346	87
3347	73
3348	75
3349	103
3350	81
3351	95
3352	67
3353	116
3354	92
3355	79
3356	97
3357	76
3358	93
3359	87
3360	66
3361	89
3362	114
3363	85
3364	80
3365	86
3366	81
3367	84
3368	74
3369	85
3370	80
3371	110
3372	96
3373	81
3374	81
3375	87
3376	80
3377	93
3378	91
3379	79
3380	98
3381	86
3382	90
3383	104
3384	75
3385	71
3386	100
3387	79
3388	86
3389	81
3390	80
3391	86
3392	90
3393	97
3394	93
3395	81
3396	83
3397	80
3398	88
3399	87
3400	74
3401	106
3402	102
3403	67
3404	92
3405	83
3406	93
3407	85
3408	80
3409	75
3410	77
3411	85
3412	75
3413	78
3414	89
3415	92
3416	76
3417	71
3418	86
3419	73
3420	79
3421	71
3422	102
3423	77
3424	73
3425	73
3426	85
3427	76
3428	79
3429	87
3430	85
3431	87
3432	73
3433	97
3434	92
3435	89
3436	81
3437	70
3438	78
3439	82
3440	83
3441	80
3442	80
3443	81
3444	94
3445	100
3446	93
3447	84
3448	97
3449	82
3450	84
3451	71
3452	74
3453	78
3454	86
3455	85
3456	96
3457	84
3458	91
3459	82
3460	87
3461	79
3462	81
3463	95
3464	79
3465	70
3466	85
3467	89
3468	87
3469	80
3470	88
3471	86
3472	52
3473	86
3474	91
3475	73
3476	76
3477	84
3478	83
3479	88
3480	94
3481	90
3482	79
3483	80
3484	94
3485	86
3486	66
3487	81
3488	77
3489	88
3490	72
3491	71
3492	88
3493	63
3494	82
3495	79
3496	62
3497	99
3498	91
3499	92
3500	81
3501	116
3502	87
3503	87
3504	84
3505	84
3506	80
3507	112
3508	86
3509	65
3510	95
3511	84
3512	71
3513	83
3514	62
3515	74
3516	85
3517	77
3518	97
3519	89
3520	79
3521	85
3522	85
3523	84
3524	70
3525	87
3526	66
3527	70
3528	95
3529	79
3530	80
3531	79
3532	91
3533	82
3534	92
3535	83
3536	96
3537	64
3538	71
3539	81
3540	88
3541	93
3542	84
3543	86
3544	87
3545	86
3546	88
3547	95
3548	91
3549	69
3550	79
3551	85
3552	91
3553	80
3554	99
3555	83
3556	105
3557	102
3558	86
3559	84
3560	84
3561	92
3562	89
3563	84
3564	77
3565	86
3566	85
3567	85
3568	83
3569	98
3570	103
3571	77
3572	94
3573	87
3574	72
3575	108
3576	73
3577	71
3578	83
3579	67
3580	88
3581	81
3582	88
3583	82
3584	87
3585	84
3586	80
3587	82
3588	79
3589	78
3590	76
3591	99
3592	88
3593	95
3594	77
3595	103
3596	90
3597	83
3598	78
3599	87
3600	73
3601	88
3602	81
3603	91
3604	74
3605	79
3606	88
3607	83
3608	80
3609	80
3610	90
3611	89
3612	82
3613	80
3614	86
3615	81
3616	72
3617	87
3618	73
3619	79
3620	77
3621	89
3622	85
3623	80
3624	71
3625	69
3626	87
3627	92
3628	102
3629	84
3630	82
3631	91
3632	98
3633	75
3634	96
3635	72
3636	82
3637	89
3638	84
3639	98
3640	76
3641	87
3642	80
3643	79
3644	71
3645	85
3646	78
3647	94
3648	81
3649	83
3650	80
3651	72
3652	84
3653	81
3654	69
3655	79
3656	84
3657	105
3658	90
3659	89
3660	82
3661	80
3662	99
3663	99
3664	77
3665	85
3666	75
3667	89
3668	89
3669	68
3670	81
3671	85
3672	77
3673	84
3674	101
3675	93
3676	86
3677	65
3678	67
3679	89
3680	77
3681	88
3682	69
3683	84
3684	88
3685	75
3686	93
3687	76
3688	76
3689	82
3690	99
3691	89
3692	82
3693	85
3694	92
3695	80
3696	82
3697	84
3698	98
3699	85
3700	87
3701	72
3702	85
3703	80
3704	81
3705	80
3706	79
3707	76
3708	89
3709	81
3710	94
3711	94
3712	65
3713	90
3714	69
3715	93
3716	71
3717	80
3718	84
3719	84
3720	74
3721	73
3722	75
3723	87
3724	83
3725	71
3726	95
3727	67
3728	86
3729	78
3730	84
3731	77
3732	63
3733	97
3734	81
3735	79
3736	85
3737	78
3738	95
3739	86
3740	85
3741	77
3742	93
3743	81
3744	88
3745	95
3746	85
3747	77
3748	74
3749	84
3750	78
3751	105
3752	85
3753	69
3754	85
3755	96
3756	83
3757	80
3758	82
3759	67
3760	63
3761	77
3762	88
3763	83
3764	79
3765	71
3766	87
3767	102
3768	72
3769	73
3770	93
3771	79
3772	81
3773	79
3774	83
3775	84
3776	79
3777	78
3778	73
3779	81
3780	74
3781	89
3782	86
3783	76
3784	69
3785	64
3786	76
3787	88
3788	71
3789	76
3790	77
3791	92
3792	67
3793	94
3794	90
3795	75
3796	96
3797	63
3798	89
3799	85
3800	91
3801	96
3802	82
3803	73
3804	84
3805	84
3806	72
3807	77
3808	67
3809	78
3810	84
3811	73
3812	79
3813	83
3814	78
3815	94
3816	75
3817	101
3818	72
3819	88
3820	74
3821	61
3822	86
3823	90
3824	71
3825	71
3826	74
3827	91
3828	74
3829	75
3830	81
3831	85
3832	74
3833	90
3834	78
3835	70
3836	90
3837	85
3838	81
3839	79
3840	72
3841	73
3842	87
3843	88
3844	71
3845	92
3846	80
3847	74
3848	74
3849	70
3850	69
3851	84
3852	86
3853	78
3854	89
3855	79
3856	85
3857	78
3858	81
3859	95
3860	77
3861	81
3862	67
3863	68
3864	80
3865	95
3866	91
3867	90
3868	84
3869	85
3870	68
3871	78
3872	76
3873	66
3874	84
3875	86
3876	88
3877	91
3878	77
3879	82
3880	79
3881	90
3882	92
3883	73
3884	82
3885	63
3886	81
3887	78
3888	66
3889	102
3890	61
3891	83
3892	88
3893	95
3894	105
3895	80
3896	75
3897	71
3898	73
3899	70
3900	78
3901	82
3902	80
3903	75
3904	66
3905	61
3906	91
3907	85
3908	82
3909	70
3910	78
3911	89
3912	75
3913	68
3914	84
3915	69
3916	84
3917	80
3918	79
3919	80
3920	96
3921	82
3922	75
3923	81
3924	87
3925	88
3926	71
3927	82
3928	87
3929	97
3930	71
3931	71
3932	89
3933	91
3934	84
3935	86
3936	67
3937	93
3938	87
3939	67
3940	79
3941	86
3942	74
3943	103
3944	82
3945	74
3946	92
3947	68
3948	65
3949	78
3950	81
3951	77
3952	74
3953	84
3954	84
3955	74
3956	64
3957	77
3958	66
3959	75
3960	82
3961	85
3962	85
3963	86
3964	90
3965	70
3966	81
3967	56
3968	91
3969	73
3970	68
3971	81
3972	66
3973	75
3974	72
3975	70
3976	74
3977	77
3978	62
3979	57
3980	84
3981	73
3982	65
3983	86
3984	73
3985	74
3986	78
3987	71
3988	63
3989	71
3990	62
3991	88
3992	82
3993	76
3994	75
3995	64
3996	72
3997	72
3998	81
3999	85
4000	64
4001	74
4002	73
4003	84
4004	66
4005	84
4006	81
4007	72
4008	74
4009	82
4010	77
4011	74
4012	90
4013	73
4014	76
4015	70
4016	71
4017	80
4018	80
4019	81
4020	85
4021	72
4022	78
4023	84
4024	91
4025	66
4026	76
4027	74
4028	67
4029	59
4030	57
4031	67
4032	84
4033	86
4034	66
4035	62
4036	68
4037	79
4038	67
4039	73
4040	83
4041	70
4042	68
4043	63
4044	66
4045	73
4046	77
4047	87
4048	60
4049	64
4050	83
4051	70
4052	58
4053	83
4054	83
4055	80
4056	70
4057	72
4058	77
4059	76
4060	73
4061	75
4062	56
4063	68
4064	56
4065	77
4066	85
4067	69
4068	68
4069	84
4070	76
4071	82
4072	68
4073	69
4074	73
4075	64
4076	62
4077	67
4078	91
4079	73
4080	77
4081	84
4082	85
4083	73
4084	84
4085	76
4086	62
4087	80
4088	54
4089	75
4090	79
4091	58
4092	89
4093	71
4094	70
4095	67
4096	75
4097	73
4098	60
4099	70
4100	81
4101	77
4102	68
4103	75
4104	94
4105	68
4106	74
4107	71
4108	66
4109	71
4110	83
4111	80
4112	68
4113	57
4114	70
4115	72
4116	78
4117	61
4118	78
4119	72
4120	66
4121	85
4122	63
4123	63
4124	72
4125	72
4126	65
4127	61
4128	64
4129	80
4130	85
4131	84
4132	88
4133	73
4134	61
4135	73
4136	73
4137	75
4138	83
4139	72
4140	87
4141	89
4142	65
4143	80
4144	74
4145	71
4146	60
4147	91
4148	71
4149	69
4150	71
4151	78
4152	76
4153	59
4154	73
4155	69
4156	64
4157	74
4158	61
4159	81
4160	71
4161	66
4162	74
4163	64
4164	68
4165	113
4166	66
4167	75
4168	65
4169	61
4170	87
4171	75
4172	65
4173	63
4174	67
4175	77
4176	79
4177	73
4178	74
4179	82
4180	69
4181	84
4182	85
4183	75
4184	61
4185	58
4186	77
4187	73
4188	50
4189	70
4190	57
4191	72
4192	70
4193	95
4194	78
4195	62
4196	75
4197	64
4198	74
4199	72
4200	71
4201	79
4202	61
4203	77
4204	69
4205	51
4206	63
4207	71
4208	67
4209	61
4210	57
4211	68
4212	64
4213	87
4214	72
4215	67
4216	71
4217	63
4218	71
4219	63
4220	57
4221	66
4222	76
4223	71
4224	64
4225	74
4226	69
4227	69
4228	83
4229	82
4230	62
4231	74
4232	63
4233	55
4234	83
4235	65
4236	56
4237	78
4238	67
4239	74
4240	78
4241	57
4242	67
4243	67
4244	64
4245	77
4246	71
4247	72
4248	76
4249	64
4250	64
4251	78
4252	50
4253	83
4254	64
4255	98
4256	58
4257	68
4258	68
4259	67
4260	53
4261	67
4262	72
4263	66
4264	81
4265	73
4266	68
4267	74
4268	55
4269	76
4270	66
4271	71
4272	75
4273	63
4274	79
4275	72
4276	82
4277	66
4278	71
4279	53
4280	65
4281	70
4282	69
4283	83
4284	57
4285	62
4286	62
4287	62
4288	68
4289	64
4290	75
4291	63
4292	59
4293	64
4294	70
4295	81
4296	62
4297	71
4298	63
4299	75
4300	63
4301	68
4302	59
4303	54
4304	71
4305	71
4306	67
4307	64
4308	62
4309	69
4310	73
4311	64
4312	60
4313	66
4314	61
4315	64
4316	69
4317	60
4318	66
4319	70
4320	74
4321	85
4322	63
4323	70
4324	76
4325	57
4326	66
4327	66
4328	71
4329	58
4330	71
4331	78
4332	68
4333	60
4334	81
4335	64
4336	70
4337	55
4338	61
4339	60
4340	69
4341	60
4342	50
4343	51
4344	53
4345	65
4346	60
4347	72
4348	70
4349	69
4350	63
4351	54
4352	70
4353	66
4354	62
4355	59
4356	63
4357	69
4358	65
4359	75
4360	66
4361	60
4362	59
4363	52
4364	65
4365	51
4366	57
4367	64
4368	71
4369	66
4370	67
4371	77
4372	63
4373	52
4374	54
4375	57
4376	54
4377	58
4378	49
4379	60
4380	60
4381	73
4382	81
4383	56
4384	57
4385	49
4386	69
4387	54
4388	52
4389	63
4390	64
4391	59
4392	63
4393	52
4394	52
4395	72
4396	71
4397	56
4398	57
4399	81
4400	60
4401	55
4402	75
4403	61
4404	67
4405	70
4406	66
4407	60
4408	62
4409	65
4410	69
4411	49
4412	62
4413	60
4414	60
4415	61
4416	50
4417	65
4418	47
4419	57
4420	61
4421	68
4422	73
4423	70
4424	51
4425	55
4426	52
4427	68
4428	63
4429	59
4430	51
4431	73
4432	57
4433	74
4434	48
4435	70
4436	58
4437	60
4438	65
4439	62
4440	53
4441	66
4442	59
4443	55
4444	49
4445	63
4446	51
4447	73
4448	55
4449	57
4450	62
4451	66
4452	57
4453	56
4454	58
4455	61
4456	67
4457	64
4458	47
4459	60
4460	60
4461	69
4462	55
4463	87
4464	65
4465	59
4466	56
4467	53
4468	69
4469	56
4470	68
4471	58
4472	71
4473	66
4474	64
4475	62
4476	64
4477	58
4478	52
4479	60
4480	59
4481	62
4482	56
4483	49
4484	60
4485	57
4486	59
4487	55
4488	59
4489	62
4490	60
4491	47
4492	58
4493	55
4494	55
4495	52
4496	59
4497	47
4498	67
4499	62
4500	53
4501	53
4502	61
4503	51
4504	56
4505	54
4506	58
4507	38
4508	51
4509	66
4510	72
4511	52
4512	55
4513	60
4514	82
4515	60
4516	60
4517	55
4518	58
4519	54
4520	72
4521	61
4522	69
4523	56
4524	61
4525	63
4526	60
4527	52
4528	70
4529	58
4530	51
4531	53
4532	59
4533	65
4534	58
4535	66
4536	57
4537	50
4538	61
4539	71
4540	57
4541	52
4542	37
4543	49
4544	58
4545	57
4546	70
4547	56
4548	56
4549	50
4550	66
4551	69
4552	60
4553	65
4554	62
4555	61
4556	62
4557	66
4558	64
4559	55
4560	50
4561	67
4562	69
4563	64
4564	66
4565	70
4566	59
4567	57
4568	74
4569	56
4570	59
4571	60
4572	57
4573	60
4574	49
4575	48
4576	64
4577	56
4578	63
4579	65
4580	47
4581	64
4582	60
4583	55
4584	40
4585	59
4586	62
4587	52
4588	54
4589	62
4590	51
4591	54
4592	58
4593	65
4594	56
4595	84
4596	73
4597	60
4598	58
4599	47
4600	51
4601	64
4602	54
4603	53
4604	63
4605	62
4606	52
4607	55
4608	73
4609	68
4610	60
4611	52
4612	58
4613	62
4614	45
4615	55
4616	56
4617	52
4618	42
4619	65
4620	59
4621	52
4622	49
4623	53
4624	49
4625	59
4626	69
4627	48
4628	59
4629	66
4630	67
4631	60
4632	54
4633	51
4634	61
4635	53
4636	61
4637	48
4638	60
4639	71
4640	55
4641	61
4642	52
4643	65
4644	50
4645	50
4646	57
4647	65
4648	57
4649	55
4650	48
4651	64
4652	49
4653	62
4654	55
4655	52
4656	53
4657	67
4658	52
4659	39
4660	59
4661	61
4662	49
4663	56
4664	50
4665	47
4666	57
4667	55
4668	57
4669	57
4670	53
4671	59
4672	40
4673	61
4674	63
4675	61
4676	60
4677	56
4678	66
4679	58
4680	38
4681	56
4682	61
4683	61
4684	61
4685	50
4686	53
4687	51
4688	55
4689	48
4690	60
4691	73
4692	52
4693	70
4694	63
4695	56
4696	62
4697	52
4698	64
4699	60
4700	68
4701	62
4702	56
4703	55
4704	47
4705	49
4706	68
4707	60
4708	53
4709	58
4710	62
4711	56
4712	64
4713	60
4714	54
4715	52
4716	61
4717	52
4718	40
4719	52
4720	42
4721	64
4722	56
4723	53
4724	59
4725	68
4726	58
4727	50
4728	56
4729	50
4730	58
4731	44
4732	54
4733	64
4734	72
4735	44
4736	40
4737	43
4738	63
4739	54
4740	51
4741	48
4742	58
4743	60
4744	48
4745	62
4746	58
4747	52
4748	44
4749	54
4750	56
4751	43
4752	53
4753	53
4754	60
4755	55
4756	62
4757	54
4758	49
4759	53
4760	52
4761	56
4762	54
4763	69
4764	62
4765	59
4766	57
4767	52
4768	44
4769	44
4770	47
4771	40
4772	47
4773	57
4774	60
4775	41
4776	47
4777	67
4778	44
4779	55
4780	56
4781	61
4782	58
4783	57
4784	70
4785	54
4786	57
4787	55
4788	59
4789	58
4790	53
4791	56
4792	49
4793	57
4794	53
4795	44
4796	53
4797	65
4798	57
4799	66
4800	67
4801	57
4802	53
4803	57
4804	67
4805	64
4806	63
4807	48
4808	55
4809	52
4810	50
4811	54
4812	44
4813	49
4814	65
4815	67
4816	54
4817	47
4818	55
4819	62
4820	56
4821	43
4822	46
4823	49
4824	56
4825	51
4826	59
4827	58
4828	39
4829	62
4830	55
4831	52
4832	59
4833	56
4834	62
4835	44
4836	55
4837	53
4838	67
4839	44
4840	58
4841	49
4842	60
4843	55
4844	54
4845	43
4846	51
4847	48
4848	44
4849	63
4850	42
4851	60
4852	55
4853	58
4854	58
4855	43
4856	60
4857	46
4858	56
4859	49
4860	52
4861	53
4862	63
4863	45
4864	55
4865	62
4866	43
4867	50
4868	66
4869	45
4870	57
4871	53
4872	57
4873	61
4874	46
4875	51
4876	68
4877	39
4878	56
4879	56
4880	45
4881	52
4882	55
4883	64
4884	72
4885	68
4886	48
4887	51
4888	56
4889	59
4890	54
4891	50
4892	46
4893	67
4894	52
4895	51
4896	55
4897	59
4898	65
4899	50
4900	44
4901	64
4902	48
4903	54
4904	51
4905	52
4906	53
4907	54
4908	45
4909	47
4910	59
4911	48
4912	52
4913	49
4914	52
4915	49
4916	40
4917	66
4918	48
4919	54
4920	62
4921	55
4922	48
4923	34
4924	60
4925	50
4926	42
4927	66
4928	51
4929	55
4930	52
4931	59
4932	43
4933	62
4934	52
4935	52
4936	60
4937	54
4938	35
4939	53
4940	56
4941	54
4942	47
4943	45
4944	55
4945	55
4946	66
4947	42
4948	64
4949	69
4950	50
4951	54
4952	35
4953	53
4954	50
4955	55
4956	55
4957	53
4958	42
4959	55
4960	62
4961	54
4962	49
4963	61
4964	52
4965	46
4966	67
4967	55
4968	49
4969	62
4970	47
4971	54
4972	43
4973	57
4974	60
4975	50
4976	47
4977	49
4978	66
4979	64
4980	41
4981	59
4982	43
4983	59
4984	39
4985	43
4986	46
4987	52
4988	62
4989	55
4990	52
4991	42
4992	51
4993	54
4994	48
4995	61
4996	53
4997	55
4998	54
4999	61
5000	51
5001	56
5002	50
5003	59
5004	50
5005	52
5006	57
5007	52
5008	51
5009	42
5010	71
5011	58
5012	54
5013	49
5014	48
5015	41
5016	51
5017	50
5018	58
5019	56
5020	46
5021	38
5022	49
5023	46
5024	60
5025	57
5026	51
5027	56
5028	52
5029	50
5030	50
5031	47
5032	57
5033	65
5034	52
5035	67
5036	62
5037	59
5038	62
5039	55
5040	41
5041	52
5042	61
5043	47
5044	44
5045	55
5046	62
5047	61
5048	50
5049	54
5050	56
5051	60
5052	48
5053	64
5054	44
5055	45
5056	65
5057	42
5058	59
5059	39
5060	59
5061	64
5062	49
5063	49
5064	66
5065	40
5066	53
5067	47
5068	48
5069	54
5070	46
5071	46
5072	58
5073	42
5074	59
5075	53
5076	50
5077	47
5078	52
5079	50
5080	52
5081	61
5082	50
5083	55
5084	56
5085	63
5086	47
5087	56
5088	44
5089	62
5090	48
5091	56
5092	55
5093	62
5094	46
5095	50
5096	50
5097	55
5098	59
5099	48
5100	44
5101	65
5102	49
5103	46
5104	60
5105	54
5106	39
5107	62
5108	51
5109	69
5110	45
5111	58
5112	49
5113	47
5114	42
5115	57
5116	52
5117	68
5118	50
5119	47
5120	43
5121	50
5122	54
5123	56
5124	49
5125	49
5126	59
5127	53
5128	54
5129	59
5130	46
5131	52
5132	59
5133	64
5134	45
5135	58
5136	61
5137	57
5138	50
5139	47
5140	41
5141	47
5142	57
5143	51
5144	41
5145	57
5146	37
5147	57
5148	51
5149	70
5150	43
5151	55
5152	48
5153	51
5154	50
5155	68
5156	62
5157	61
5158	55
5159	64
5160	54
5161	48
5162	50
5163	65
5164	64
5165	57
5166	37
5167	48
5168	56
5169	43
5170	52
5171	58
5172	45
5173	51
5174	39
5175	53
5176	54
5177	62
5178	58
5179	45
5180	50
5181	51
5182	54
5183	65
5184	59
5185	57
5186	58
5187	39
5188	44
5189	54
5190	56
5191	54
5192	51
5193	57
5194	48
5195	57
5196	63
5197	52
5198	49
5199	60
5200	50
5201	51
5202	60
5203	48
5204	67
5205	71
5206	64
5207	66
5208	59
5209	77
5210	56
5211	68
5212	44
5213	67
5214	49
5215	57
5216	71
5217	47
5218	65
5219	67
5220	44
5221	67
5222	53
5223	59
5224	57
5225	57
5226	68
5227	51
5228	43
5229	50
5230	70
5231	69
5232	62
5233	53
5234	65
5235	58
5236	72
5237	64
5238	57
5239	60
5240	55
5241	57
5242	63
5243	60
5244	50
5245	78
5246	55
5247	56
5248	55
5249	61
5250	52
5251	57
5252	54
5253	47
5254	52
5255	53
5256	60
5257	54
5258	67
5259	55
5260	72
5261	48
5262	60
5263	57
5264	57
5265	71
5266	61
5267	81
5268	64
5269	63
5270	65
5271	62
5272	70
5273	71
5274	71
5275	50
5276	61
5277	60
5278	66
5279	72
5280	47
5281	62
5282	66
5283	53
5284	69
5285	74
5286	61
5287	61
5288	52
5289	65
5290	51
5291	63
5292	64
5293	68
5294	61
5295	69
5296	75
5297	58
5298	58
5299	51
5300	60
5301	59
5302	76
5303	42
5304	73
5305	56
5306	66
5307	58
5308	62
5309	65
5310	82
5311	61
5312	71
5313	69
5314	72
5315	62
5316	62
5317	67
5318	61
5319	77
5320	57
5321	66
5322	66
5323	52
5324	75
5325	64
5326	62
5327	56
5328	75
5329	57
5330	67
5331	54
5332	67
5333	64
5334	72
5335	72
5336	59
5337	70
5338	74
5339	62
5340	51
5341	47
5342	77
5343	61
5344	71
5345	75
5346	65
5347	55
5348	60
5349	75
5350	66
5351	66
5352	58
5353	58
5354	74
5355	68
5356	57
5357	68
5358	65
5359	74
5360	65
5361	59
5362	60
5363	68
5364	69
5365	60
5366	82
5367	53
5368	69
5369	78
5370	76
5371	58
5372	65
5373	67
5374	67
5375	73
5376	63
5377	72
5378	78
5379	66
5380	66
5381	81
5382	64
5383	58
5384	71
5385	61
5386	73
5387	62
5388	63
5389	73
5390	68
5391	77
5392	71
5393	61
5394	59
5395	70
5396	55
5397	61
5398	61
5399	64
5400	79
5401	61
5402	72
5403	69
5404	67
5405	68
5406	73
5407	72
5408	71
5409	74
5410	81
5411	61
5412	85
5413	85
5414	82
5415	77
5416	66
5417	62
5418	85
5419	67
5420	78
5421	81
5422	64
5423	59
5424	52
5425	78
5426	68
5427	57
5428	76
5429	78
5430	76
5431	68
5432	66
5433	71
5434	71
5435	88
5436	81
5437	61
5438	68
5439	66
5440	88
5441	65
5442	73
5443	72
5444	71
5445	80
5446	65
5447	74
5448	67
5449	64
5450	71
5451	64
5452	79
5453	96
5454	79
5455	75
5456	79
5457	77
5458	75
5459	59
5460	92
5461	66
5462	79
5463	81
5464	62
5465	80
5466	69
5467	85
5468	71
5469	75
5470	73
5471	71
5472	86
5473	67
5474	75
5475	78
5476	85
5477	91
5478	83
5479	79
5480	82
5481	84
5482	76
5483	96
5484	66
5485	70
5486	78
5487	79
5488	74
5489	76
5490	85
5491	80
5492	84
5493	72
5494	87
5495	78
5496	89
5497	93
5498	79
5499	95
5500	115
5501	103
5502	72
5503	100
5504	74
5505	89
5506	73
5507	96
5508	82
5509	78
5510	79
5511	90
5512	64
5513	88
5514	81
5515	70
5516	92
5517	74
5518	70
5519	83
5520	105
5521	77
5522	99
5523	75
5524	88
5525	73
5526	75
5527	87
5528	86
5529	86
5530	82
5531	93
5532	88
5533	99
5534	92
5535	83
5536	78
5537	80
5538	76
5539	85
5540	88
5541	93
5542	88
5543	95
5544	77
5545	92
5546	99
5547	84
5548	97
5549	93
5550	82
5551	102
5552	92
5553	99
5554	100
5555	81
5556	95
5557	106
5558	100
5559	80
5560	83
5561	97
5562	93
5563	90
5564	99
5565	88
5566	98
5567	89
5568	77
5569	88
5570	100
5571	96
5572	90
5573	111
5574	88
5575	109
5576	94
5577	100
5578	90
5579	102
5580	91
5581	105
5582	101
5583	89
5584	80
5585	95
5586	92
5587	86
5588	92
5589	81
5590	89
5591	107
5592	108
5593	93
5594	105
5595	112
5596	120
5597	89
5598	108
5599	120
5600	84
5601	96
5602	123
5603	98
5604	89
5605	108
5606	102
5607	102
5608	117
5609	91
5610	121
5611	121
5612	113
5613	98
5614	105
5615	115
5616	111
5617	107
5618	110
5619	119
5620	82
5621	114
5622	92
5623	124
5624	111
5625	108
5626	119
5627	118
5628	106
5629	120
5630	108
5631	96
5632	107
5633	114
5634	102
5635	115
5636	115
5637	107
5638	117
5639	112
5640	109
5641	110
5642	128
5643	109
5644	117
5645	90
5646	101
5647	105
5648	107
5649	105
5650	127
5651	117
5652	103
5653	107
5654	128
5655	114
5656	119
5657	104
5658	114
5659	114
5660	120
5661	100
5662	123
5663	108
5664	117
5665	115
5666	107
5667	128
5668	120
5669	123
5670	118
5671	108
5672	105
5673	103
5674	121
5675	132
5676	113
5677	134
5678	122
5679	122
5680	123
5681	126
5682	108
5683	142
5684	130
5685	120
5686	117
5687	127
5688	134
5689	124
5690	138
5691	130
5692	117
5693	111
5694	137
5695	115
5696	103
5697	130
5698	133
5699	108
5700	111
5701	120
5702	125
5703	129
5704	122
5705	124
5706	136
5707	127
5708	147
5709	126
5710	126
5711	110
5712	123
5713	119
5714	126
5715	131
5716	125
5717	116
5718	126
5719	136
5720	136
5721	137
5722	120
5723	110
5724	113
5725	115
5726	130
5727	135
5728	129
5729	108
5730	130
5731	137
5732	141
5733	145
5734	170
5735	116
5736	133
5737	131
5738	153
5739	125
5740	135
5741	132
5742	127
5743	160
5744	145
5745	148
5746	129
5747	128
5748	128
5749	139
5750	123
5751	127
5752	151
5753	132
5754	156
5755	153
5756	133
5757	100
5758	149
5759	126
5760	135
5761	124
5762	160
5763	151
5764	157
5765	115
5766	132
5767	139
5768	144
5769	129
5770	157
5771	135
5772	154
5773	140
5774	144
5775	137
5776	148
5777	149
5778	151
5779	141
5780	151
5781	152
5782	132
5783	123
5784	133
5785	140
5786	118
5787	134
5788	142
5789	171
5790	151
5791	152
5792	143
5793	149
5794	151
5795	143
5796	162
5797	151
5798	154
5799	146
5800	136
5801	147
5802	154
5803	160
5804	136
5805	160
5806	140
5807	162
5808	174
5809	156
5810	175
5811	152
5812	119
5813	167
5814	145
5815	165
5816	165
5817	166
5818	144
5819	154
5820	156
5821	156
5822	145
5823	161
5824	145
5825	155
5826	159
5827	154
5828	156
5829	137
5830	148
5831	151
5832	147
5833	169
5834	172
5835	146
5836	156
5837	155
5838	152
5839	156
5840	140
5841	158
5842	160
5843	129
5844	150
5845	155
5846	154
5847	166
5848	155
5849	157
5850	158
5851	145
5852	151
5853	184
5854	182
5855	156
5856	184
5857	159
5858	198
5859	166
5860	164
5861	179
5862	167
5863	167
5864	153
5865	183
5866	174
5867	178
5868	156
5869	148
5870	172
5871	175
5872	137
5873	188
5874	157
5875	153
5876	180
5877	151
5878	168
5879	173
5880	165
5881	166
5882	157
5883	159
5884	192
5885	161
5886	153
5887	173
5888	163
5889	158
5890	182
5891	145
5892	159
5893	162
5894	168
5895	177
5896	178
5897	165
5898	156
5899	164
5900	174
5901	166
5902	174
5903	170
5904	175
5905	150
5906	157
5907	164
5908	162
5909	169
5910	180
5911	174
5912	186
5913	161
5914	159
5915	185
5916	178
5917	144
5918	180
5919	186
5920	175
5921	167
5922	161
5923	149
5924	162
5925	174
5926	184
5927	171
5928	173
5929	171
5930	167
5931	169
5932	175
5933	162
5934	174
5935	177
5936	182
5937	187
5938	175
5939	171
5940	149
5941	192
5942	186
5943	187
5944	170
5945	194
5946	174
5947	150
5948	179
5949	149
5950	179
5951	183
5952	179
5953	168
5954	186
5955	158
5956	157
5957	159
5958	195
5959	189
5960	178
5961	175
5962	187
5963	191
5964	194
5965	166
5966	172
5967	185
5968	164
5969	196
5970	180
5971	157
5972	172
5973	182
5974	182
5975	187
5976	165
5977	161
5978	189
5979	166
5980	193
5981	169
5982	165
5983	199
5984	178
5985	178
5986	176
5987	182
5988	186
5989	152
5990	147
5991	170
5992	173
5993	177
5994	188
5995	194
5996	173
5997	166
5998	182
5999	182
6000	181
6001	184
6002	176
6003	180
6004	166
6005	159
6006	169
6007	178
6008	169
6009	168
6010	160
6011	167
6012	166
6013	145
6014	180
6015	172
6016	173
6017	136
6018	182
6019	176
6020	181
6021	172
6022	179
6023	164
6024	197
6025	166
6026	182
6027	157
6028	191
6029	190
6030	154
6031	187
6032	168
6033	193
6034	173
6035	191
6036	170
6037	192
6038	174
6039	177
6040	183
6041	176
6042	166
6043	188
6044	173
6045	154
6046	171
6047	156
6048	178
6049	198
6050	182
6051	177
6052	187
6053	182
6054	166
6055	181
6056	172
6057	209
6058	178
6059	207
6060	183
6061	158
6062	207
6063	205
6064	160
6065	168
6066	167
6067	176
6068	187
6069	180
6070	178
6071	162
6072	142
6073	166
6074	183
6075	178
6076	155
6077	198
6078	201
6079	173
6080	179
6081	181
6082	184
6083	171
6084	174
6085	193
6086	189
6087	174
6088	172
6089	191
6090	184
6091	164
6092	170
6093	190
6094	176
6095	166
6096	186
6097	140
6098	183
6099	195
6100	181
6101	165
6102	187
6103	185
6104	165
6105	161
6106	188
6107	178
6108	162
6109	170
6110	182
6111	176
6112	178
6113	177
6114	183
6115	159
6116	178
6117	163
6118	160
6119	159
6120	184
6121	164
6122	166
6123	161
6124	156
6125	162
6126	182
6127	158
6128	170
6129	152
6130	176
6131	160
6132	178
6133	147
6134	162
6135	154
6136	170
6137	182
6138	140
6139	156
6140	164
6141	139
6142	161
6143	174
6144	170
6145	171
6146	155
6147	176
6148	153
6149	162
6150	177
6151	172
6152	180
6153	182
6154	166
6155	178
6156	167
6157	157
6158	173
6159	177
6160	166
6161	163
6162	155
6163	163
6164	178
6165	150
6166	187
6167	157
6168	146
6169	154
6170	163
6171	171
6172	169
6173	164
6174	167
6175	138
6176	180
6177	147
6178	160
6179	176
6180	153
6181	165
6182	175
6183	163
6184	134
6185	135
6186	156
6187	172
6188	165
6189	158
6190	154
6191	138
6192	170
6193	158
6194	162
6195	152
6196	160
6197	143
6198	146
6199	154
6200	170
6201	168
6202	144
6203	157
6204	170
6205	145
6206	179
6207	153
6208	166
6209	159
6210	162
6211	159
6212	147
6213	167
6214	133
6215	143
6216	143
6217	172
6218	145
6219	147
6220	149
6221	155
6222	133
6223	160
6224	154
6225	137
6226	138
6227	152
6228	152
6229	176
6230	142
6231	151
6232	138
6233	140
6234	167
6235	135
6236	146
6237	146
6238	146
6239	144
6240	146
6241	121
6242	157
6243	147
6244	127
6245	154
6246	138
6247	115
6248	142
6249	137
6250	136
6251	147
6252	147
6253	124
6254	116
6255	141
6256	149
6257	141
6258	139
6259	139
6260	125
6261	140
6262	126
6263	128
6264	138
6265	138
6266	134
6267	151
6268	140
6269	140
6270	147
6271	132
6272	161
6273	131
6274	153
6275	141
6276	123
6277	117
6278	140
6279	121
6280	148
6281	148
6282	155
6283	133
6284	131
6285	121
6286	115
6287	110
6288	128
6289	126
6290	148
6291	116
6292	119
6293	121
6294	131
6295	157
6296	142
6297	140
6298	125
6299	118
6300	131
6301	134
6302	131
6303	126
6304	129
6305	121
6306	122
6307	131
6308	139
6309	123
6310	115
6311	135
6312	126
6313	128
6314	123
6315	128
6316	118
6317	137
6318	136
6319	134
6320	115
6321	125
6322	120
6323	124
6324	133
6325	114
6326	137
6327	131
6328	136
6329	112
6330	108
6331	108
6332	154
6333	112
6334	133
6335	111
6336	120
6337	138
6338	114
6339	115
6340	125
6341	128
6342	123
6343	123
6344	112
6345	133
6346	118
6347	119
6348	115
6349	125
6350	117
6351	122
6352	118
6353	121
6354	134
6355	112
6356	113
6357	106
6358	107
6359	116
6360	125
6361	132
6362	123
6363	117
6364	123
6365	112
6366	123
6367	112
6368	117
6369	105
6370	101
6371	119
6372	119
6373	110
6374	119
6375	130
6376	110
6377	110
6378	114
6379	96
6380	104
6381	101
6382	103
6383	85
6384	120
6385	108
6386	106
6387	102
6388	106
6389	104
6390	132
6391	108
6392	101
6393	108
6394	98
6395	109
6396	113
6397	95
6398	111
6399	92
6400	113
6401	102
6402	103
6403	99
6404	100
6405	85
6406	108
6407	93
6408	100
6409	99
6410	97
6411	93
6412	105
6413	92
6414	102
6415	107
6416	94
6417	105
6418	108
6419	88
6420	99
6421	96
6422	88
6423	117
6424	91
6425	108
6426	104
6427	103
6428	109
6429	105
6430	90
6431	88
6432	95
6433	95
6434	100
6435	100
6436	113
6437	94
6438	90
6439	77
6440	101
6441	105
6442	91
6443	77
6444	97
6445	98
6446	90
6447	99
6448	99
6449	88
6450	108
6451	77
6452	99
6453	82
6454	83
6455	96
6456	96
6457	87
6458	89
6459	94
6460	88
6461	93
6462	95
6463	85
6464	103
6465	101
6466	76
6467	79
6468	97
6469	90
6470	85
6471	94
6472	78
6473	75
6474	82
6475	84
6476	93
6477	84
6478	78
6479	84
6480	96
6481	81
6482	84
6483	85
6484	72
6485	87
6486	83
6487	90
6488	87
6489	62
6490	89
6491	83
6492	79
6493	84
6494	86
6495	96
6496	85
6497	90
6498	78
6499	87
6500	67
6501	63
6502	76
6503	67
6504	78
6505	76
6506	65
6507	89
6508	88
6509	90
6510	72
6511	83
6512	72
6513	81
6514	81
6515	83
6516	89
6517	99
6518	83
6519	84
6520	77
6521	76
6522	77
6523	93
6524	68
6525	75
6526	68
6527	73
6528	80
6529	76
6530	71
6531	81
6532	80
6533	71
6534	79
6535	81
6536	76
6537	72
6538	76
6539	78
6540	79
6541	80
6542	96
6543	64
6544	71
6545	83
6546	71
6547	79
6548	59
6549	62
6550	67
6551	74
6552	65
6553	76
6554	71
6555	76
6556	68
6557	69
6558	68
6559	55
6560	59
6561	69
6562	64
6563	59
6564	78
6565	75
6566	57
6567	84
6568	71
6569	43
6570	73
6571	69
6572	66
6573	55
6574	83
6575	71
6576	84
6577	77
6578	63
6579	72
6580	67
6581	78
6582	69
6583	61
6584	72
6585	82
6586	57
6587	50
6588	67
6589	70
6590	75
6591	58
6592	69
6593	56
6594	55
6595	62
6596	76
6597	62
6598	66
6599	75
6600	71
6601	54
6602	75
6603	55
6604	62
6605	56
6606	65
6607	72
6608	55
6609	74
6610	73
6611	69
6612	58
6613	66
6614	55
6615	77
6616	67
6617	67
6618	69
6619	72
6620	57
6621	65
6622	54
6623	57
6624	69
6625	61
6626	65
6627	44
6628	55
6629	70
6630	71
6631	63
6632	54
6633	65
6634	58
6635	58
6636	53
6637	62
6638	78
6639	72
6640	59
6641	59
6642	64
6643	67
6644	72
6645	62
6646	64
6647	59
6648	64
6649	71
6650	63
6651	71
6652	62
6653	53
6654	51
6655	59
6656	52
6657	57
6658	56
6659	62
6660	72
6661	58
6662	55
6663	64
6664	56
6665	62
6666	69
6667	64
6668	52
6669	67
6670	56
6671	53
6672	61
6673	59
6674	71
6675	53
6676	71
6677	58
6678	53
6679	48
6680	69
6681	65
6682	63
6683	60
6684	50
6685	83
6686	54
6687	64
6688	45
6689	48
6690	59
6691	54
6692	59
6693	66
6694	58
6695	68
6696	59
6697	53
6698	45
6699	49
6700	45
6701	64
6702	52
6703	51
6704	44
6705	59
6706	48
6707	58
6708	63
6709	39
6710	61
6711	64
6712	41
6713	64
6714	46
6715	52
6716	48
6717	53
6718	56
6719	55
6720	38
6721	60
6722	50
6723	58
6724	55
6725	49
6726	43
6727	49
6728	60
6729	55
6730	59
6731	39
6732	57
6733	52
6734	56
6735	57
6736	54
6737	55
6738	39
6739	50
6740	39
6741	39
6742	46
6743	42
6744	45
6745	57
6746	56
6747	54
6748	56
6749	50
6750	36
6751	41
6752	45
6753	61
6754	47
6755	47
6756	52
6757	56
6758	36
6759	59
6760	36
6761	54
6762	46
6763	44
6764	56
6765	40
6766	53
6767	47
6768	60
6769	50
6770	49
6771	48
6772	40
6773	64
6774	55
6775	60
6776	45
6777	52
6778	41
6779	55
6780	62
6781	41
6782	49
6783	40
6784	52
6785	41
6786	48
6787	48
6788	35
6789	57
6790	31
6791	52
6792	49
6793	47
6794	59
6795	53
6796	43
6797	41
6798	45
6799	26
6800	51
6801	35
6802	43
6803	59
6804	32
6805	36
6806	43
6807	48
6808	33
6809	41
6810	55
6811	33
6812	40
6813	34
6814	36
6815	48
6816	43
6817	43
6818	48
6819	41
6820	41
6821	41
6822	43
6823	53
6824	33
6825	42
6826	38
6827	31
6828	39
6829	35
6830	38
6831	31
6832	40
6833	40
6834	36
6835	38
6836	36
6837	39
6838	40
6839	39
6840	35
6841	43
6842	36
6843	42
6844	36
6845	37
6846	40
6847	36
6848	44
6849	32
6850	23
6851	31
6852	42
6853	35
6854	37
6855	34
6856	39
6857	36
6858	42
6859	25
6860	35
6861	25
6862	32
6863	33
6864	39
6865	37
6866	39
6867	30
6868	28
6869	37
6870	29
6871	18
6872	33
6873	35
6874	31
6875	36
6876	31
6877	34
6878	38
6879	35
6880	34
6881	34
6882	31
6883	28
6884	36
6885	39
6886	36
6887	29
6888	32
6889	20
6890	29
6891	32
6892	36
6893	23
6894	42
6895	23
6896	27
6897	37
6898	31
6899	31
6900	38
6901	29
6902	14
6903	40
6904	28
6905	25
6906	31
6907	37
6908	29
6909	35
6910	37
6911	42
6912	28
6913	32
6914	28
6915	27
6916	26
6917	31
6918	33
6919	22
6920	23
6921	34
6922	20
6923	28
6924	27
6925	31
6926	25
6927	22
6928	22
6929	35
6930	21
6931	20
6932	27
6933	26
6934	21
6935	38
6936	24
6937	32
6938	24
6939	23
6940	21
6941	26
6942	21
6943	25
6944	22
6945	34
6946	31
6947	13
6948	21
6949	30
6950	16
6951	28
6952	19
6953	17
6954	15
6955	17
6956	20
6957	21
6958	19
6959	23
6960	18
6961	15
6962	31
6963	19
6964	20
6965	27
6966	21
6967	15
6968	20
6969	24
6970	19
6971	17
6972	24
6973	20
6974	23
6975	11
6976	18
6977	18
6978	16
6979	19
6980	24
6981	25
6982	12
6983	23
6984	20
6985	25
6986	25
6987	17
6988	13
6989	14
6990	11
6991	26
6992	13
6993	14
6994	18
6995	15
6996	15
6997	18
6998	14
6999	18
7000	25
7001	12
7002	22
7003	16
7004	11
7005	10
7006	9
7007	12
7008	9
7009	20
7010	13
7011	17
7012	19
7013	13
7014	12
7015	13
7016	15
7017	10
7018	14
7019	12
7020	15
7021	15
7022	6
7023	10
7024	12
7025	9
7026	9
7027	10
7028	12
7029	14
7030	20
7031	16
7032	13
7033	15
7034	11
7035	12
7036	13
7037	8
7038	8
7039	15
7040	5
7041	5
7042	9
7043	12
7044	12
7045	8
7046	11
7047	8
7048	8
7049	14
7050	7
7051	6
7052	10
7053	9
7054	9
7055	12
7056	21
7057	12
7058	8
7059	11
7060	8
7061	9
7062	10
7063	10
7064	7
7065	10
7066	8
7067	11
7068	10
7069	7
7070	5
7071	9
7072	6
7073	12
7074	7
7075	12
7076	8
7077	6
7078	8
7079	2
7080	12
7081	8
7082	5
7083	7
7084	7
7085	10
7086	8
7087	17
7088	10
7089	8
7090	9
7091	11
7092	6
7093	9
7094	4
7095	11
7096	1
7097	6
7098	5
7099	9
7100	7
7101	6
7102	7
7103	5
7104	9
7105	11
7106	10
7107	6
7108	3
7109	8
7110	7
7111	8
7112	7
7113	3
7114	5
7115	3
7116	6
7117	3
7118	7
7119	9
7120	6
7121	6
7122	9
7123	5
7124	5
7125	6
7126	6
7127	6
7128	7
7129	2
7130	2
7131	3
7132	8
7133	7
7134	9
7135	6
7136	4
7137	1
7138	2
7139	6
7140	8
7141	5
7142	9
7143	4
7144	3
7145	4
7146	4
7147	3
7148	7
7149	3
7150	3
7151	4
7152	2
7153	1
7154	6
7155	6
7156	8
7157	5
7158	1
7159	4
7160	3
7161	4
7162	3
7163	2
7164	5
7165	5
7166	4
7167	3
7168	2
7169	6
7170	4
7171	2
7172	2
7173	4
7174	1
7175	3
7176	6
7177	7
7178	1
7179	4
7180	3
7181	2
7182	2
7183	5
7184	3
7185	6
7186	1
7187	8
7188	5
7189	3
7190	1
7191	4
7192	0
7193	0
7194	2
7195	1
7196	2
7197	5
7198	2
7199	1
7200	3
7201	5
7202	3
7203	1
7204	1
7205	4
7206	7
7207	1
7208	1
7209	3
7210	3
7211	2
7212	1
7213	2
7214	4
7215	2
7216	3
7217	1
7218	3
7219	0
7220	2
7221	1
7222	3
7223	4
7224	4
7225	0
7226	3
7227	2
7228	0
7229	0
7230	5
7231	2
7232	4
7233	0
7234	1
7235	1
7236	0
7237	1
7238	1
7239	3
7240	1
7241	2
7242	2
7243	2
7244	2
7245	2
7246	1
7247	2
7248	4
7249	1
7250	2
7251	3
7252	0
7253	1
7254	2
7255	1
7256	1
7257	0
7258	1
7259	1
7260	3
7261	3
7262	1
7263	3
7264	1
7265	0
7266	2
7267	1
7268	2
7269	4
7270	1
7271	0
7272	1
7273	2
7274	0
7275	2
7276	1
7277	0
7278	0
7279	1
7280	1
7281	2
7282	1
7283	1
7284	2
7285	3
7286	0
7287	2
7288	2
7289	1
7290	2
7291	2
7292	1
7293	2
7294	2
7295	1
7296	1
7297	1
7298	0
7299	1
7300	1
7301	1
7302	1
7303	2
7304	2
7305	0
7306	2
7307	3
7308	0
7309	0
7310	0
7311	1
7312	1
7313	0
7314	1
7315	1
7316	0
7317	1
7318	1
7319	1
7320	0
7321	2
7322	1
7323	0
7324	2
7325	0
7326	0
7327	2
7328	2
7329	1
7330	1
7331	0
7332	1
7333	0
7334	0
7335	1
7336	0
7337	2
7338	3
7339	2
7340	1
7341	0
7342	2
7343	1
7344	3
7345	0
7346	0
7347	2
7348	0
7349	0
7350	0
7351	2
7352	2
7353	1
7354	1
7355	1
7356	2
7357	1
7358	0
7359	1
7360	0
7361	2
7362	1
7363	0
7364	0
7365	0
7366	2
7367	1
7368	1
7369	2
7370	0
7371	4
7372	2
7373	1
7374	2
7375	2
7376	1
7377	0
7378	0
7379	0
7380	1
7381	0
7382	1
7383	0
7384	2
7385	1
7386	1
7387	0
7388	1
7389	0
7390	1
7391	1
7392	1
7393	0
7394	2
7395	0
7396	0
7397	1
7398	0
7399	1
7400	1
7401	0
7402	2
7403	2
7404	0
7405	0
7406	2
7407	0
7408	0
7409	2
7410	0
7411	1
7412	0
7413	1
7414	3
7415	0
7416	0
7417	1
7418	0
7419	1
7420	1
7421	1
7422	0
7423	1
7424	0
7425	0
7426	1
7427	2
7428	1
7429	0
7430	0
7431	1
7432	0
7433	0
7434	2
7435	0
7436	0
7437	0
7438	3
7439	1
7440	1
7441	0
7442	3
7443	1
7444	0
7445	1
7446	2
7447	0
7448	2
7449	1
7450	0
7451	0
7452	0
7453	1
7454	0
7455	2
7456	1
7457	0
7458	0
7459	0
7460	1
7461	0
7462	1
7463	2
7464	1
7465	1
7466	0
7467	1
7468	0
7469	1
7470	0
7471	1
7472	0
7473	0
7474	1
7475	1
7476	1
7477	0
7478	0
7479	0
7480	1
7481	2
7482	2
7483	0
7484	1
7485	1
7486	1
7487	0
7488	1
7489	3
7490	1
7491	0
7492	1
7493	3
7494	1
7495	0
7496	0
7497	1
7498	1
7499	2
7500	1
7501	0
7502	0
7503	1
7504	0
7505	3
7506	2
7507	1
7508	0
7509	3
7510	1
7511	0
7512	1
7513	0
7514	1
7515	1
7516	0
7517	0
7518	1
7519	0
7520	0
7521	1
7522	0
7523	0
7524	0
7525	1
7526	1
7527	0
7528	1
7529	2
7530	0
7531	2
7532	1
7533	0
7534	1
7535	1
7536	0
7537	2
7538	0
7539	2
7540	1
7541	1
7542	1
7543	1
7544	3
7545	4
7546	1
7547	1
7548	1
7549	1
7550	1
7551	0
7552	1
7553	1
7554	0
7555	1
7556	0
7557	0
7558	1
7559	0
7560	0
7561	0
7562	0
7563	1
7564	0
7565	3
7566	0
7567	3
7568	0
7569	0
7570	1
7571	0
7572	0
7573	0
7574	0
7575	0
7576	0
7577	1
7578	0
7579	0
7580	1
7581	1
7582	1
7583	1
7584	0
7585	1
7586	0
7587	0
7588	0
7589	3
7590	0
7591	0
7592	1
7593	1
7594	1
7595	0
7596	1
7597	0
7598	1
7599	0
7600	0
7601	2
7602	1
7603	0
7604	0
7605	1
7606	0
7607	0
7608	0
7609	2
7610	1
7611	1
7612	2
7613	0
7614	0
7615	0
7616	1
7617	0
7618	2
7619	1
7620	0
7621	0
7622	0
7623	1
7624	1
7625	1
7626	0
7627	1
7628	2
7629	1
7630	1
7631	0
7632	0
7633	0
7634	0
7635	0
7636	1
7637	0
7638	2
7639	0
7640	0
7641	0
7642	1
7643	0
7644	2
7645	0
7646	1
7647	2
7648	3
7649	3
7650	1
7651	1
7652	1
7653	0
7654	1
7655	0
7656	0
7657	2
7658	0
7659	1
7660	1
7661	1
7662	1
7663	1
7664	1
7665	0
7666	0
7667	0
7668	0
7669	1
7670	1
7671	0
7672	0
7673	2
7674	4
7675	3
7676	3
7677	1
7678	0
7679	0
7680	0
7681	1
7682	0
7683	0
7684	0
7685	0
7686	0
7687	0
7688	1
7689	1
7690	0
7691	0
7692	0
7693	1
7694	0
7695	1
7696	0
7697	1
7698	1
7699	1
7700	1
7701	2
7702	2
7703	0
7704	0
7705	1
7706	1
7707	1
7708	1
7709	0
7710	1
7711	0
7712	1
7713	1
7714	0
7715	1
7716	2
7717	0
7718	1
7719	0
7720	3
7721	3
7722	1
7723	1
7724	0
7725	0
7726	0
7727	0
7728	1
7729	1
7730	0
7731	0
7732	0
7733	0
7734	1
7735	1
7736	1
7737	0
7738	0
7739	0
7740	1
7741	1
7742	0
7743	3
7744	0
7745	0
7746	0
7747	1
7748	4
7749	2
7750	0
7751	0
7752	1
7753	0
7754	0
7755	0
7756	1
7757	0
7758	0
7759	1
7760	2
7761	1
7762	2
7763	2
7764	0
7765	0
7766	0
7767	0
7768	2
7769	1
7770	0
7771	1
7772	0
7773	1
7774	0
7775	0
7776	0
7777	0
7778	0
7779	1
7780	1
7781	0
7782	2
7783	1
7784	1
7785	3
7786	2
7787	1
7788	1
7789	0
7790	2
7791	1
7792	1
7793	0
7794	0
7795	0
7796	0
7797	1
7798	0
7799	1
7800	1
7801	3
7802	0
7803	1
7804	1
7805	0
7806	1
7807	0
7808	0
7809	2
7810	2
7811	2
7812	2
7813	1
7814	0
7815	1
7816	0
7817	1
7818	1
7819	1
7820	1
7821	0
7822	0
7823	2
7824	1
7825	1
7826	0
7827	0
7828	0
7829	0
7830	0
7831	2
7832	0
7833	1
7834	0
7835	0
7836	0
7837	0
7838	0
7839	0
7840	0
7841	0
7842	0
7843	1
7844	1
7845	1
7846	0
7847	2
7848	1
7849	2
7850	0
7851	1
7852	0
7853	0
7854	0
7855	0
7856	0
7857	0
7858	0
7859	2
7860	0
7861	2
7862	1
7863	1
7864	0
7865	0
7866	1
7867	1
7868	2
7869	0
7870	1
7871	1
7872	2
7873	0
7874	0
7875	1
7876	0
7877	1
7878	2
7879	0
7880	0
7881	0
7882	1
7883	0
7884	1
7885	0
7886	1
7887	0
7888	0
7889	0
7890	3
7891	0
7892	0
7893	1
7894	2
7895	1
7896	0
7897	0
7898	0
7899	1
7900	0
7901	1
7902	0
7903	1
7904	0
7905	1
7906	0
7907	2
7908	2
7909	1
7910	0
7911	1
7912	0
7913	1
7914	1
7915	2
7916	0
7917	1
7918	2
7919	2
7920	0
7921	0
7922	0
7923	1
7924	0
7925	1
7926	2
7927	2
7928	1
7929	1
7930	0
7931	1
7932	1
7933	0
7934	0
7935	1
7936	1
7937	0
7938	0
7939	0
7940	0
7941	0
7942	2
7943	2
7944	1
7945	1
7946	1
7947	2
7948	0
7949	4
7950	1
7951	1
7952	1
7953	0
7954	1
7955	1
7956	1
7957	1
7958	3
7959	0
7960	1
7961	1
7962	0
7963	3
7964	2
7965	0
7966	2
7967	0
7968	1
7969	0
7970	3
7971	1
7972	0
7973	0
7974	1
7975	1
7976	0
7977	2
7978	0
7979	0
7980	1
7981	3
7982	1
7983	0
7984	1
7985	0
7986	0
7987	1
7988	2
7989	0
7990	2
7991	0
7992	1
7993	1
7994	3
7995	2
7996	0
7997	0
7998	2
7999	0
8000	2
8001	0
8002	0
8003	0
8004	1
8005	1
8006	1
8007	1
8008	0
8009	1
8010	1
8011	0
8012	1
8013	0
8014	0
8015	1
8016	1
8017	0
8018	2
8019	0
8020	1
8021	0
8022	0
8023	1
8024	0
8025	2
8026	2
8027	2
8028	0
8029	1
8030	1
8031	0
8032	0
8033	1
8034	0
8035	1
8036	0
8037	1
8038	3
8039	0
8040	0
8041	0
8042	2
8043	1
8044	0
8045	2
8046	2
8047	1
8048	0
8049	0
8050	0
8051	0
8052	1
8053	0
8054	1
8055	1
8056	1
8057	0
8058	1
8059	1
8060	1
8061	1
8062	0
8063	0
8064	0
8065	0
8066	1
8067	0
8068	0
8069	0
8070	2
8071	0
8072	0
8073	2
8074	3
8075	0
8076	0
8077	1
8078	0
8079	1
8080	1
8081	2
8082	2
8083	1
8084	0
8085	1
8086	0
8087	0
8088	0
8089	3
8090	0
8091	0
8092	0
8093	0
8094	0
8095	0
8096	1
8097	0
8098	1
8099	0
8100	2
8101	0
8102	1
8103	0
8104	0
8105	0
8106	0
8107	0
8108	0
8109	0
8110	0
8111	0
8112	0
8113	0
8114	0
8115	0
8116	0
8117	0
8118	0
8119	0
8120	0
8121	0
8122	0
8123	0
8124	0
8125	0
8126	0
8127	0
8128	0
8129	0
8130	0
8131	0
8132	0
8133	0
8134	0
8135	0
8136	0
8137	0
8138	0
8139	0
8140	0
8141	0
8142	0
8143	0
8144	0
8145	0
8146	0
8147	0
8148	0
8149	0
8150	0
8151	0
8152	0
8153	0
8154	0
8155	0
8156	0
8157	0
8158	0
8159	0
8160	0
8161	0
8162	0
8163	0
8164	0
8165	0
8166	0
8167	0
8168	0
8169	0
8170	0
8171	0
8172	0
8173	0
8174	0
8175	0
8176	0
8177	0
8178	0
8179	0
8180	0
8181	0
8182	0
8183	0
8184	0
8185	0
8186	0
8187	0
8188	0
8189	0
8190	0
8191	0
