0	0
1	0
2	0
3	0
4	0
5	0
6	0
7	0
8	0
9	0
10	0
11	0
12	0
13	0
14	0
15	0
16	0
17	0
18	0
19	0
20	0
21	0
22	0
23	0
24	0
25	0
26	0
27	0
28	0
29	0
30	0
31	0
32	0
33	0
34	0
35	0
36	0
37	0
38	0
39	0
40	0
41	0
42	0
43	0
44	0
45	0
46	0
47	0
48	0
49	0
50	0
51	0
52	0
53	0
54	0
55	0
56	0
57	0
58	0
59	0
60	0
61	0
62	0
63	0
64	0
65	0
66	0
67	0
68	0
69	0
70	0
71	0
72	0
73	0
74	0
75	0
76	0
77	0
78	0
79	0
80	0
81	0
82	0
83	0
84	0
85	0
86	0
87	0
88	0
89	0
90	0
91	0
92	0
93	0
94	0
95	0
96	0
97	0
98	0
99	0
100	0
101	0
102	0
103	0
104	0
105	0
106	0
107	0
108	0
109	0
110	0
111	0
112	0
113	0
114	0
115	0
116	0
117	0
118	0
119	0
120	0
121	0
122	0
123	0
124	0
125	0
126	0
127	0
128	0
129	0
130	0
131	0
132	0
133	0
134	0
135	0
136	0
137	0
138	0
139	0
140	0
141	0
142	0
143	0
144	0
145	0
146	0
147	0
148	0
149	0
150	0
151	0
152	0
153	0
154	0
155	0
156	0
157	0
158	0
159	0
160	0
161	0
162	0
163	0
164	0
165	0
166	0
167	0
168	0
169	0
170	0
171	0
172	0
173	0
174	0
175	0
176	0
177	0
178	0
179	4
180	11
181	20
182	54
183	62
184	55
185	65
186	61
187	65
188	55
189	59
190	55
191	54
192	40
193	53
194	45
195	43
196	44
197	51
198	52
199	51
200	52
201	53
202	50
203	45
204	62
205	45
206	37
207	42
208	54
209	42
210	48
211	49
212	55
213	50
214	47
215	48
216	46
217	54
218	49
219	49
220	55
221	55
222	42
223	47
224	47
225	47
226	54
227	53
228	52
229	48
230	46
231	54
232	52
233	61
234	58
235	49
236	64
237	49
238	51
239	56
240	47
241	57
242	50
243	49
244	38
245	43
246	52
247	44
248	50
249	39
250	51
251	58
252	63
253	48
254	51
255	47
256	45
257	44
258	56
259	51
260	57
261	51
262	53
263	59
264	42
265	44
266	58
267	38
268	48
269	58
270	47
271	50
272	46
273	54
274	36
275	43
276	57
277	41
278	51
279	60
280	46
281	51
282	54
283	56
284	43
285	51
286	52
287	49
288	39
289	44
290	49
291	57
292	50
293	48
294	43
295	52
296	54
297	59
298	48
299	57
300	46
301	56
302	49
303	59
304	46
305	49
306	52
307	53
308	42
309	40
310	47
311	54
312	54
313	47
314	42
315	50
316	48
317	60
318	48
319	45
320	47
321	53
322	54
323	62
324	56
325	59
326	51
327	47
328	50
329	40
330	63
331	56
332	48
333	57
334	59
335	57
336	63
337	57
338	50
339	43
340	57
341	44
342	60
343	50
344	57
345	56
346	60
347	60
348	56
349	62
350	52
351	52
352	52
353	64
354	65
355	62
356	58
357	49
358	41
359	57
360	58
361	55
362	61
363	57
364	36
365	45
366	58
367	51
368	44
369	53
370	36
371	55
372	43
373	38
374	46
375	47
376	67
377	72
378	64
379	47
380	61
381	55
382	54
383	53
384	58
385	46
386	44
387	48
388	58
389	72
390	43
391	56
392	59
393	50
394	49
395	65
396	57
397	45
398	45
399	66
400	51
401	51
402	48
403	53
404	57
405	66
406	54
407	65
408	54
409	49
410	48
411	53
412	51
413	43
414	60
415	64
416	61
417	49
418	56
419	55
420	36
421	57
422	50
423	50
424	49
425	55
426	47
427	59
428	54
429	40
430	51
431	45
432	60
433	53
434	54
435	62
436	48
437	55
438	61
439	60
440	55
441	53
442	59
443	65
444	50
445	53
446	55
447	45
448	53
449	57
450	58
451	51
452	53
453	61
454	46
455	58
456	63
457	57
458	47
459	50
460	49
461	61
462	57
463	50
464	68
465	58
466	63
467	51
468	56
469	51
470	59
471	52
472	50
473	53
474	52
475	59
476	52
477	52
478	61
479	63
480	42
481	60
482	62
483	56
484	43
485	43
486	57
487	50
488	69
489	53
490	72
491	60
492	52
493	78
494	46
495	64
496	65
497	61
498	47
499	65
500	56
501	55
502	77
503	45
504	57
505	54
506	52
507	67
508	54
509	49
510	57
511	59
512	49
513	66
514	51
515	52
516	54
517	64
518	64
519	55
520	65
521	75
522	62
523	55
524	61
525	59
526	56
527	72
528	54
529	46
530	62
531	68
532	66
533	63
534	53
535	60
536	61
537	65
538	52
539	56
540	61
541	48
542	49
543	53
544	61
545	54
546	63
547	58
548	61
549	51
550	45
551	70
552	52
553	58
554	67
555	62
556	59
557	49
558	63
559	57
560	70
561	49
562	63
563	57
564	43
565	46
566	62
567	55
568	58
569	49
570	57
571	55
572	50
573	46
574	57
575	66
576	53
577	59
578	60
579	65
580	51
581	65
582	48
583	50
584	56
585	55
586	44
587	50
588	63
589	61
590	56
591	60
592	76
593	54
594	50
595	52
596	58
597	52
598	49
599	61
600	62
601	44
602	52
603	63
604	59
605	58
606	60
607	56
608	63
609	61
610	55
611	59
612	62
613	56
614	67
615	60
616	56
617	54
618	64
619	67
620	68
621	50
622	67
623	48
624	63
625	71
626	53
627	70
628	67
629	64
630	50
631	49
632	55
633	66
634	63
635	51
636	49
637	43
638	64
639	57
640	56
641	49
642	46
643	64
644	54
645	55
646	64
647	47
648	65
649	55
650	65
651	59
652	51
653	60
654	52
655	46
656	61
657	55
658	61
659	69
660	56
661	48
662	58
663	49
664	48
665	57
666	55
667	52
668	57
669	63
670	55
671	65
672	53
673	56
674	51
675	65
676	68
677	67
678	58
679	54
680	59
681	42
682	61
683	60
684	49
685	62
686	49
687	64
688	48
689	47
690	64
691	55
692	58
693	52
694	51
695	72
696	68
697	52
698	48
699	67
700	72
701	58
702	63
703	67
704	61
705	59
706	72
707	61
708	57
709	62
710	74
711	70
712	61
713	57
714	54
715	49
716	65
717	76
718	52
719	63
720	72
721	74
722	70
723	49
724	54
725	57
726	69
727	59
728	65
729	54
730	70
731	53
732	54
733	44
734	62
735	85
736	51
737	61
738	63
739	62
740	62
741	48
742	52
743	66
744	76
745	78
746	58
747	75
748	73
749	66
750	66
751	65
752	77
753	63
754	64
755	68
756	55
757	61
758	66
759	55
760	50
761	60
762	77
763	63
764	62
765	55
766	68
767	66
768	49
769	63
770	62
771	77
772	73
773	70
774	87
775	78
776	56
777	55
778	44
779	68
780	74
781	80
782	85
783	63
784	55
785	70
786	92
787	88
788	97
789	78
790	72
791	77
792	87
793	82
794	97
795	73
796	85
797	67
798	73
799	83
800	86
801	78
802	93
803	91
804	73
805	81
806	81
807	90
808	73
809	96
810	78
811	83
812	88
813	79
814	78
815	92
816	84
817	96
818	77
819	104
820	93
821	105
822	95
823	101
824	93
825	86
826	97
827	87
828	78
829	98
830	87
831	94
832	108
833	103
834	111
835	97
836	85
837	106
838	100
839	117
840	97
841	106
842	99
843	103
844	92
845	101
846	97
847	118
848	102
849	92
850	93
851	100
852	101
853	100
854	108
855	120
856	95
857	109
858	104
859	103
860	118
861	114
862	112
863	100
864	95
865	104
866	109
867	109
868	109
869	97
870	112
871	105
872	117
873	116
874	106
875	103
876	119
877	109
878	120
879	94
880	115
881	88
882	90
883	90
884	91
885	99
886	108
887	88
888	113
889	93
890	98
891	91
892	110
893	109
894	111
895	105
896	103
897	97
898	84
899	99
900	94
901	73
902	67
903	97
904	102
905	99
906	90
907	85
908	79
909	82
910	94
911	84
912	71
913	86
914	89
915	94
916	74
917	69
918	76
919	72
920	58
921	78
922	75
923	80
924	84
925	80
926	99
927	83
928	75
929	83
930	68
931	76
932	73
933	72
934	83
935	82
936	74
937	73
938	76
939	73
940	77
941	77
942	74
943	66
944	88
945	75
946	70
947	94
948	72
949	81
950	70
951	79
952	60
953	74
954	73
955	84
956	95
957	76
958	83
959	59
960	72
961	79
962	71
963	83
964	89
965	62
966	82
967	72
968	75
969	72
970	77
971	60
972	81
973	74
974	78
975	81
976	71
977	79
978	71
979	65
980	78
981	87
982	84
983	76
984	69
985	87
986	79
987	84
988	73
989	87
990	76
991	73
992	76
993	79
994	82
995	78
996	75
997	80
998	58
999	81
1000	83
1001	79
1002	76
1003	68
1004	89
1005	63
1006	91
1007	81
1008	79
1009	87
1010	72
1011	77
1012	64
1013	77
1014	67
1015	77
1016	77
1017	65
1018	87
1019	74
1020	74
1021	69
1022	78
1023	64
1024	81
1025	61
1026	76
1027	73
1028	88
1029	56
1030	83
1031	75
1032	79
1033	72
1034	78
1035	61
1036	78
1037	62
1038	66
1039	77
1040	78
1041	61
1042	71
1043	78
1044	51
1045	50
1046	76
1047	54
1048	45
1049	68
1050	74
1051	57
1052	73
1053	82
1054	57
1055	80
1056	54
1057	68
1058	55
1059	61
1060	64
1061	71
1062	80
1063	59
1064	77
1065	68
1066	65
1067	55
1068	52
1069	48
1070	78
1071	54
1072	62
1073	62
1074	64
1075	63
1076	63
1077	52
1078	59
1079	59
1080	73
1081	82
1082	57
1083	73
1084	70
1085	63
1086	64
1087	62
1088	68
1089	66
1090	71
1091	65
1092	78
1093	62
1094	71
1095	87
1096	65
1097	84
1098	74
1099	56
1100	65
1101	55
1102	56
1103	70
1104	73
1105	67
1106	68
1107	67
1108	65
1109	72
1110	72
1111	70
1112	53
1113	87
1114	47
1115	74
1116	60
1117	68
1118	62
1119	69
1120	65
1121	70
1122	71
1123	75
1124	63
1125	56
1126	44
1127	65
1128	53
1129	60
1130	74
1131	75
1132	71
1133	61
1134	76
1135	73
1136	82
1137	66
1138	67
1139	59
1140	56
1141	42
1142	68
1143	68
1144	48
1145	65
1146	80
1147	75
1148	66
1149	76
1150	67
1151	62
1152	64
1153	63
1154	79
1155	47
1156	66
1157	60
1158	75
1159	73
1160	64
1161	71
1162	60
1163	62
1164	66
1165	78
1166	68
1167	80
1168	65
1169	75
1170	63
1171	60
1172	73
1173	64
1174	65
1175	69
1176	67
1177	80
1178	61
1179	65
1180	64
1181	53
1182	73
1183	79
1184	72
1185	83
1186	57
1187	69
1188	61
1189	75
1190	61
1191	78
1192	69
1193	81
1194	71
1195	83
1196	69
1197	66
1198	79
1199	67
1200	90
1201	71
1202	65
1203	68
1204	55
1205	67
1206	70
1207	82
1208	65
1209	72
1210	71
1211	74
1212	81
1213	91
1214	85
1215	90
1216	61
1217	70
1218	68
1219	71
1220	76
1221	73
1222	71
1223	77
1224	74
1225	80
1226	70
1227	89
1228	77
1229	78
1230	87
1231	74
1232	73
1233	68
1234	80
1235	68
1236	76
1237	76
1238	74
1239	81
1240	69
1241	65
1242	71
1243	79
1244	83
1245	79
1246	69
1247	74
1248	60
1249	76
1250	59
1251	80
1252	75
1253	74
1254	71
1255	82
1256	85
1257	83
1258	83
1259	77
1260	89
1261	70
1262	64
1263	86
1264	69
1265	90
1266	70
1267	75
1268	90
1269	82
1270	78
1271	65
1272	83
1273	95
1274	74
1275	68
1276	81
1277	79
1278	75
1279	79
1280	65
1281	69
1282	64
1283	84
1284	77
1285	62
1286	79
1287	70
1288	77
1289	83
1290	87
1291	84
1292	84
1293	76
1294	83
1295	77
1296	91
1297	78
1298	80
1299	71
1300	75
1301	76
1302	75
1303	76
1304	87
1305	71
1306	80
1307	97
1308	79
1309	86
1310	99
1311	78
1312	79
1313	102
1314	87
1315	89
1316	96
1317	93
1318	82
1319	102
1320	82
1321	77
1322	75
1323	81
1324	69
1325	86
1326	75
1327	71
1328	78
1329	80
1330	74
1331	83
1332	85
1333	82
1334	74
1335	85
1336	97
1337	98
1338	88
1339	100
1340	92
1341	90
1342	94
1343	105
1344	91
1345	80
1346	90
1347	78
1348	96
1349	83
1350	83
1351	85
1352	87
1353	85
1354	80
1355	82
1356	90
1357	87
1358	86
1359	86
1360	87
1361	82
1362	94
1363	88
1364	87
1365	82
1366	73
1367	91
1368	92
1369	82
1370	77
1371	87
1372	99
1373	94
1374	82
1375	101
1376	92
1377	92
1378	80
1379	84
1380	84
1381	72
1382	92
1383	83
1384	101
1385	103
1386	82
1387	92
1388	78
1389	97
1390	80
1391	74
1392	77
1393	82
1394	99
1395	97
1396	84
1397	89
1398	85
1399	88
1400	82
1401	75
1402	84
1403	98
1404	87
1405	81
1406	82
1407	81
1408	92
1409	116
1410	90
1411	89
1412	96
1413	101
1414	106
1415	98
1416	93
1417	96
1418	85
1419	102
1420	107
1421	100
1422	86
1423	89
1424	79
1425	79
1426	81
1427	101
1428	99
1429	92
1430	89
1431	110
1432	90
1433	87
1434	92
1435	89
1436	79
1437	94
1438	107
1439	89
1440	86
1441	100
1442	90
1443	101
1444	73
1445	96
1446	101
1447	78
1448	99
1449	82
1450	98
1451	91
1452	104
1453	91
1454	105
1455	92
1456	91
1457	83
1458	88
1459	108
1460	92
1461	72
1462	81
1463	97
1464	94
1465	81
1466	110
1467	96
1468	118
1469	120
1470	93
1471	83
1472	89
1473	103
1474	89
1475	88
1476	105
1477	91
1478	83
1479	78
1480	108
1481	104
1482	91
1483	94
1484	82
1485	103
1486	89
1487	103
1488	89
1489	98
1490	89
1491	94
1492	79
1493	88
1494	108
1495	127
1496	117
1497	80
1498	101
1499	101
1500	82
1501	104
1502	93
1503	85
1504	91
1505	124
1506	104
1507	88
1508	101
1509	91
1510	96
1511	103
1512	92
1513	78
1514	87
1515	89
1516	93
1517	128
1518	89
1519	104
1520	103
1521	99
1522	108
1523	101
1524	79
1525	92
1526	89
1527	119
1528	95
1529	77
1530	110
1531	106
1532	94
1533	85
1534	106
1535	105
1536	92
1537	85
1538	88
1539	100
1540	93
1541	95
1542	88
1543	101
1544	84
1545	103
1546	88
1547	102
1548	77
1549	110
1550	112
1551	96
1552	107
1553	79
1554	99
1555	95
1556	102
1557	115
1558	100
1559	90
1560	93
1561	99
1562	82
1563	105
1564	103
1565	103
1566	104
1567	91
1568	93
1569	107
1570	88
1571	116
1572	93
1573	100
1574	92
1575	106
1576	110
1577	102
1578	81
1579	106
1580	116
1581	97
1582	84
1583	88
1584	97
1585	91
1586	105
1587	96
1588	94
1589	94
1590	97
1591	103
1592	84
1593	86
1594	85
1595	97
1596	113
1597	111
1598	91
1599	110
1600	94
1601	96
1602	123
1603	118
1604	99
1605	97
1606	87
1607	94
1608	108
1609	112
1610	97
1611	115
1612	91
1613	127
1614	116
1615	106
1616	110
1617	94
1618	82
1619	84
1620	115
1621	98
1622	124
1623	94
1624	95
1625	102
1626	101
1627	98
1628	105
1629	104
1630	103
1631	107
1632	112
1633	94
1634	98
1635	110
1636	95
1637	106
1638	108
1639	106
1640	149
1641	98
1642	104
1643	95
1644	101
1645	88
1646	106
1647	102
1648	110
1649	87
1650	99
1651	100
1652	103
1653	125
1654	111
1655	117
1656	98
1657	102
1658	111
1659	118
1660	95
1661	93
1662	111
1663	101
1664	108
1665	109
1666	99
1667	89
1668	112
1669	111
1670	91
1671	109
1672	103
1673	110
1674	88
1675	101
1676	99
1677	91
1678	116
1679	98
1680	117
1681	107
1682	87
1683	98
1684	92
1685	110
1686	103
1687	103
1688	105
1689	99
1690	108
1691	113
1692	120
1693	103
1694	93
1695	108
1696	111
1697	101
1698	106
1699	115
1700	108
1701	120
1702	81
1703	118
1704	100
1705	100
1706	112
1707	121
1708	102
1709	106
1710	96
1711	96
1712	117
1713	102
1714	102
1715	106
1716	110
1717	134
1718	96
1719	110
1720	110
1721	107
1722	95
1723	92
1724	104
1725	122
1726	105
1727	119
1728	103
1729	104
1730	110
1731	108
1732	104
1733	121
1734	98
1735	93
1736	121
1737	116
1738	105
1739	108
1740	94
1741	100
1742	114
1743	139
1744	119
1745	135
1746	92
1747	107
1748	110
1749	105
1750	107
1751	110
1752	115
1753	114
1754	115
1755	106
1756	111
1757	95
1758	122
1759	91
1760	117
1761	130
1762	110
1763	114
1764	94
1765	117
1766	124
1767	99
1768	102
1769	88
1770	100
1771	115
1772	88
1773	107
1774	103
1775	101
1776	95
1777	96
1778	97
1779	115
1780	90
1781	118
1782	127
1783	105
1784	99
1785	101
1786	117
1787	114
1788	108
1789	105
1790	105
1791	114
1792	87
1793	105
1794	118
1795	128
1796	98
1797	115
1798	99
1799	129
1800	108
1801	109
1802	120
1803	105
1804	90
1805	100
1806	116
1807	113
1808	128
1809	113
1810	108
1811	114
1812	87
1813	115
1814	92
1815	100
1816	122
1817	102
1818	112
1819	105
1820	111
1821	106
1822	116
1823	95
1824	118
1825	120
1826	128
1827	109
1828	116
1829	111
1830	111
1831	88
1832	117
1833	114
1834	97
1835	95
1836	113
1837	115
1838	103
1839	123
1840	103
1841	126
1842	105
1843	123
1844	134
1845	116
1846	136
1847	97
1848	100
1849	118
1850	99
1851	100
1852	96
1853	117
1854	106
1855	100
1856	106
1857	100
1858	122
1859	113
1860	111
1861	115
1862	117
1863	112
1864	106
1865	100
1866	104
1867	122
1868	117
1869	103
1870	119
1871	120
1872	118
1873	123
1874	106
1875	108
1876	106
1877	116
1878	114
1879	90
1880	101
1881	103
1882	111
1883	108
1884	118
1885	120
1886	122
1887	96
1888	109
1889	121
1890	114
1891	99
1892	122
1893	119
1894	104
1895	91
1896	99
1897	115
1898	108
1899	104
1900	115
1901	106
1902	113
1903	115
1904	119
1905	97
1906	117
1907	95
1908	102
1909	116
1910	94
1911	112
1912	123
1913	106
1914	104
1915	128
1916	106
1917	100
1918	95
1919	106
1920	129
1921	125
1922	106
1923	118
1924	117
1925	127
1926	112
1927	112
1928	108
1929	104
1930	106
1931	129
1932	120
1933	110
1934	116
1935	99
1936	113
1937	109
1938	116
1939	108
1940	119
1941	97
1942	116
1943	110
1944	112
1945	117
1946	100
1947	120
1948	108
1949	114
1950	88
1951	113
1952	122
1953	98
1954	117
1955	97
1956	103
1957	99
1958	104
1959	101
1960	89
1961	111
1962	119
1963	95
1964	112
1965	103
1966	114
1967	141
1968	117
1969	106
1970	113
1971	113
1972	113
1973	120
1974	117
1975	126
1976	128
1977	108
1978	116
1979	103
1980	112
1981	120
1982	88
1983	111
1984	119
1985	110
1986	116
1987	107
1988	110
1989	109
1990	90
1991	120
1992	117
1993	113
1994	101
1995	127
1996	106
1997	103
1998	91
1999	115
2000	102
2001	117
2002	111
2003	118
2004	112
2005	99
2006	122
2007	103
2008	120
2009	106
2010	123
2011	104
2012	117
2013	114
2014	101
2015	105
2016	117
2017	124
2018	116
2019	111
2020	106
2021	97
2022	106
2023	101
2024	108
2025	102
2026	118
2027	109
2028	112
2029	111
2030	99
2031	90
2032	117
2033	90
2034	100
2035	88
2036	104
2037	116
2038	94
2039	98
2040	91
2041	119
2042	115
2043	97
2044	104
2045	113
2046	97
2047	121
2048	97
2049	103
2050	85
2051	130
2052	110
2053	104
2054	98
2055	117
2056	100
2057	108
2058	95
2059	125
2060	98
2061	108
2062	105
2063	101
2064	114
2065	106
2066	117
2067	105
2068	111
2069	122
2070	93
2071	106
2072	101
2073	96
2074	103
2075	86
2076	103
2077	101
2078	107
2079	116
2080	116
2081	99
2082	97
2083	126
2084	102
2085	98
2086	100
2087	96
2088	102
2089	94
2090	109
2091	102
2092	103
2093	115
2094	123
2095	115
2096	122
2097	104
2098	109
2099	106
2100	111
2101	108
2102	113
2103	99
2104	115
2105	112
2106	89
2107	107
2108	117
2109	93
2110	97
2111	103
2112	107
2113	107
2114	102
2115	113
2116	88
2117	88
2118	100
2119	115
2120	96
2121	90
2122	91
2123	95
2124	102
2125	100
2126	98
2127	101
2128	100
2129	105
2130	106
2131	86
2132	113
2133	117
2134	85
2135	103
2136	124
2137	100
2138	98
2139	103
2140	104
2141	117
2142	109
2143	107
2144	99
2145	111
2146	102
2147	117
2148	104
2149	79
2150	125
2151	121
2152	100
2153	102
2154	111
2155	97
2156	98
2157	90
2158	96
2159	134
2160	106
2161	102
2162	129
2163	118
2164	107
2165	107
2166	98
2167	87
2168	115
2169	99
2170	116
2171	111
2172	105
2173	103
2174	103
2175	114
2176	93
2177	102
2178	93
2179	95
2180	92
2181	99
2182	126
2183	92
2184	86
2185	94
2186	108
2187	125
2188	111
2189	92
2190	114
2191	115
2192	99
2193	104
2194	126
2195	99
2196	111
2197	100
2198	98
2199	95
2200	116
2201	99
2202	96
2203	95
2204	110
2205	108
2206	97
2207	117
2208	101
2209	106
2210	116
2211	105
2212	113
2213	120
2214	92
2215	110
2216	104
2217	115
2218	108
2219	105
2220	108
2221	101
2222	120
2223	99
2224	105
2225	106
2226	99
2227	100
2228	104
2229	117
2230	94
2231	96
2232	102
2233	108
2234	108
2235	110
2236	107
2237	112
2238	114
2239	116
2240	92
2241	100
2242	105
2243	97
2244	110
2245	108
2246	98
2247	105
2248	96
2249	112
2250	106
2251	99
2252	95
2253	116
2254	89
2255	102
2256	95
2257	114
2258	92
2259	100
2260	91
2261	93
2262	116
2263	103
2264	89
2265	90
2266	89
2267	101
2268	102
2269	86
2270	93
2271	81
2272	101
2273	119
2274	100
2275	120
2276	100
2277	83
2278	92
2279	98
2280	106
2281	86
2282	112
2283	128
2284	119
2285	102
2286	95
2287	95
2288	105
2289	116
2290	111
2291	123
2292	97
2293	95
2294	95
2295	93
2296	101
2297	121
2298	102
2299	104
2300	89
2301	94
2302	83
2303	117
2304	96
2305	100
2306	111
2307	108
2308	104
2309	119
2310	121
2311	96
2312	100
2313	97
2314	95
2315	107
2316	105
2317	87
2318	103
2319	104
2320	93
2321	94
2322	108
2323	94
2324	102
2325	110
2326	113
2327	97
2328	100
2329	101
2330	102
2331	109
2332	89
2333	91
2334	114
2335	86
2336	86
2337	108
2338	106
2339	100
2340	108
2341	103
2342	94
2343	98
2344	105
2345	98
2346	106
2347	95
2348	113
2349	103
2350	101
2351	99
2352	87
2353	88
2354	101
2355	105
2356	94
2357	107
2358	97
2359	86
2360	99
2361	100
2362	102
2363	96
2364	104
2365	84
2366	107
2367	97
2368	96
2369	110
2370	108
2371	102
2372	98
2373	100
2374	108
2375	96
2376	97
2377	98
2378	99
2379	101
2380	87
2381	103
2382	118
2383	111
2384	98
2385	97
2386	96
2387	82
2388	93
2389	92
2390	70
2391	123
2392	101
2393	93
2394	96
2395	94
2396	107
2397	94
2398	101
2399	110
2400	88
2401	88
2402	81
2403	103
2404	99
2405	85
2406	86
2407	88
2408	92
2409	88
2410	89
2411	92
2412	101
2413	72
2414	84
2415	94
2416	82
2417	87
2418	86
2419	87
2420	79
2421	111
2422	96
2423	83
2424	88
2425	98
2426	114
2427	120
2428	86
2429	104
2430	99
2431	86
2432	93
2433	95
2434	79
2435	78
2436	91
2437	79
2438	89
2439	97
2440	94
2441	86
2442	84
2443	99
2444	90
2445	93
2446	86
2447	99
2448	88
2449	90
2450	105
2451	92
2452	85
2453	89
2454	89
2455	86
2456	80
2457	87
2458	101
2459	95
2460	87
2461	87
2462	81
2463	83
2464	98
2465	87
2466	104
2467	95
2468	93
2469	82
2470	81
2471	90
2472	86
2473	89
2474	86
2475	84
2476	92
2477	88
2478	82
2479	88
2480	78
2481	88
2482	81
2483	101
2484	80
2485	95
2486	83
2487	92
2488	93
2489	107
2490	81
2491	91
2492	79
2493	89
2494	85
2495	88
2496	76
2497	90
2498	85
2499	96
2500	92
2501	87
2502	98
2503	103
2504	98
2505	86
2506	97
2507	92
2508	85
2509	74
2510	75
2511	91
2512	76
2513	89
2514	75
2515	72
2516	111
2517	80
2518	80
2519	71
2520	75
2521	87
2522	82
2523	107
2524	83
2525	90
2526	87
2527	83
2528	76
2529	96
2530	79
2531	84
2532	96
2533	102
2534	94
2535	86
2536	85
2537	80
2538	82
2539	89
2540	85
2541	101
2542	84
2543	91
2544	103
2545	100
2546	83
2547	93
2548	87
2549	69
2550	85
2551	79
2552	80
2553	70
2554	93
2555	97
2556	76
2557	98
2558	89
2559	72
2560	72
2561	84
2562	77
2563	75
2564	95
2565	91
2566	85
2567	79
2568	91
2569	87
2570	96
2571	98
2572	85
2573	70
2574	79
2575	76
2576	93
2577	103
2578	72
2579	71
2580	66
2581	87
2582	116
2583	81
2584	81
2585	67
2586	85
2587	101
2588	79
2589	96
2590	91
2591	80
2592	73
2593	87
2594	83
2595	90
2596	75
2597	82
2598	79
2599	88
2600	77
2601	87
2602	92
2603	97
2604	91
2605	93
2606	77
2607	83
2608	73
2609	90
2610	84
2611	70
2612	79
2613	80
2614	93
2615	63
2616	79
2617	79
2618	82
2619	79
2620	75
2621	87
2622	71
2623	78
2624	70
2625	93
2626	80
2627	103
2628	81
2629	98
2630	90
2631	108
2632	82
2633	75
2634	95
2635	90
2636	68
2637	66
2638	74
2639	87
2640	84
2641	72
2642	72
2643	95
2644	73
2645	78
2646	71
2647	73
2648	66
2649	88
2650	80
2651	77
2652	99
2653	76
2654	76
2655	90
2656	80
2657	84
2658	77
2659	73
2660	90
2661	81
2662	103
2663	68
2664	94
2665	82
2666	87
2667	73
2668	80
2669	80
2670	89
2671	77
2672	81
2673	77
2674	73
2675	84
2676	99
2677	86
2678	69
2679	88
2680	88
2681	78
2682	77
2683	82
2684	78
2685	80
2686	68
2687	70
2688	98
2689	83
2690	73
2691	80
2692	92
2693	76
2694	75
2695	90
2696	64
2697	92
2698	86
2699	88
2700	87
2701	68
2702	74
2703	71
2704	77
2705	88
2706	84
2707	89
2708	79
2709	82
2710	80
2711	75
2712	95
2713	77
2714	79
2715	71
2716	73
2717	87
2718	87
2719	73
2720	79
2721	78
2722	88
2723	90
2724	70
2725	72
2726	75
2727	93
2728	85
2729	75
2730	81
2731	83
2732	89
2733	77
2734	61
2735	77
2736	88
2737	80
2738	91
2739	75
2740	79
2741	80
2742	86
2743	74
2744	82
2745	79
2746	75
2747	100
2748	81
2749	83
2750	81
2751	86
2752	79
2753	75
2754	76
2755	91
2756	82
2757	83
2758	84
2759	83
2760	95
2761	90
2762	86
2763	67
2764	105
2765	79
2766	81
2767	82
2768	77
2769	83
2770	85
2771	90
2772	78
2773	87
2774	82
2775	87
2776	74
2777	73
2778	85
2779	72
2780	80
2781	82
2782	96
2783	70
2784	85
2785	75
2786	97
2787	76
2788	89
2789	82
2790	82
2791	79
2792	72
2793	82
2794	80
2795	71
2796	81
2797	69
2798	106
2799	80
2800	64
2801	74
2802	79
2803	76
2804	86
2805	81
2806	78
2807	86
2808	89
2809	66
2810	85
2811	61
2812	96
2813	76
2814	89
2815	73
2816	77
2817	73
2818	90
2819	81
2820	91
2821	80
2822	86
2823	95
2824	87
2825	88
2826	86
2827	71
2828	86
2829	78
2830	75
2831	78
2832	79
2833	72
2834	68
2835	68
2836	86
2837	82
2838	58
2839	64
2840	82
2841	95
2842	75
2843	85
2844	74
2845	78
2846	97
2847	94
2848	86
2849	87
2850	74
2851	88
2852	87
2853	97
2854	85
2855	97
2856	103
2857	77
2858	81
2859	62
2860	85
2861	68
2862	93
2863	63
2864	89
2865	68
2866	76
2867	74
2868	77
2869	83
2870	80
2871	88
2872	86
2873	67
2874	81
2875	84
2876	75
2877	81
2878	80
2879	93
2880	59
2881	76
2882	98
2883	69
2884	72
2885	78
2886	94
2887	93
2888	82
2889	87
2890	75
2891	81
2892	74
2893	103
2894	72
2895	72
2896	88
2897	68
2898	82
2899	91
2900	84
2901	77
2902	77
2903	71
2904	92
2905	83
2906	71
2907	81
2908	74
2909	79
2910	65
2911	96
2912	106
2913	71
2914	82
2915	75
2916	67
2917	81
2918	64
2919	67
2920	83
2921	84
2922	75
2923	89
2924	71
2925	93
2926	91
2927	65
2928	74
2929	79
2930	73
2931	80
2932	76
2933	73
2934	74
2935	82
2936	91
2937	80
2938	62
2939	82
2940	88
2941	75
2942	82
2943	82
2944	83
2945	72
2946	78
2947	73
2948	73
2949	71
2950	67
2951	89
2952	89
2953	91
2954	80
2955	73
2956	78
2957	77
2958	70
2959	66
2960	72
2961	88
2962	70
2963	73
2964	69
2965	91
2966	84
2967	84
2968	69
2969	67
2970	71
2971	73
2972	77
2973	71
2974	71
2975	78
2976	82
2977	76
2978	87
2979	72
2980	76
2981	85
2982	86
2983	85
2984	77
2985	79
2986	76
2987	78
2988	85
2989	75
2990	97
2991	90
2992	73
2993	69
2994	93
2995	77
2996	82
2997	72
2998	75
2999	66
3000	78
3001	68
3002	78
3003	90
3004	72
3005	83
3006	64
3007	60
3008	72
3009	76
3010	93
3011	80
3012	79
3013	90
3014	72
3015	79
3016	87
3017	92
3018	87
3019	92
3020	67
3021	83
3022	78
3023	68
3024	89
3025	93
3026	89
3027	78
3028	69
3029	76
3030	64
3031	78
3032	79
3033	92
3034	83
3035	76
3036	75
3037	91
3038	83
3039	68
3040	75
3041	81
3042	66
3043	80
3044	88
3045	85
3046	86
3047	97
3048	87
3049	84
3050	72
3051	78
3052	73
3053	83
3054	90
3055	99
3056	62
3057	78
3058	73
3059	91
3060	75
3061	85
3062	87
3063	90
3064	76
3065	82
3066	87
3067	83
3068	73
3069	89
3070	81
3071	73
3072	79
3073	94
3074	68
3075	89
3076	87
3077	77
3078	61
3079	80
3080	78
3081	70
3082	72
3083	100
3084	78
3085	65
3086	72
3087	83
3088	75
3089	72
3090	79
3091	68
3092	75
3093	70
3094	92
3095	105
3096	79
3097	90
3098	78
3099	75
3100	81
3101	71
3102	79
3103	78
3104	69
3105	86
3106	87
3107	73
3108	82
3109	86
3110	94
3111	90
3112	81
3113	85
3114	83
3115	81
3116	71
3117	93
3118	97
3119	82
3120	63
3121	90
3122	92
3123	91
3124	73
3125	69
3126	79
3127	68
3128	80
3129	87
3130	96
3131	89
3132	77
3133	86
3134	93
3135	93
3136	80
3137	76
3138	76
3139	84
3140	93
3141	80
3142	84
3143	86
3144	90
3145	83
3146	87
3147	86
3148	87
3149	95
3150	95
3151	92
3152	80
3153	80
3154	91
3155	89
3156	98
3157	88
3158	96
3159	99
3160	84
3161	95
3162	85
3163	92
3164	90
3165	86
3166	85
3167	71
3168	67
3169	94
3170	85
3171	81
3172	67
3173	87
3174	70
3175	99
3176	88
3177	95
3178	87
3179	96
3180	81
3181	108
3182	72
3183	95
3184	94
3185	71
3186	84
3187	87
3188	93
3189	85
3190	93
3191	79
3192	83
3193	94
3194	95
3195	81
3196	80
3197	93
3198	86
3199	102
3200	90
3201	82
3202	73
3203	81
3204	106
3205	107
3206	84
3207	99
3208	98
3209	89
3210	92
3211	95
3212	93
3213	101
3214	87
3215	103
3216	103
3217	96
3218	88
3219	93
3220	97
3221	86
3222	84
3223	99
3224	104
3225	86
3226	74
3227	78
3228	92
3229	90
3230	96
3231	99
3232	94
3233	102
3234	87
3235	91
3236	87
3237	89
3238	87
3239	94
3240	98
3241	100
3242	85
3243	80
3244	104
3245	95
3246	106
3247	110
3248	96
3249	100
3250	98
3251	102
3252	98
3253	99
3254	103
3255	101
3256	118
3257	103
3258	93
3259	105
3260	111
3261	93
3262	91
3263	97
3264	99
3265	87
3266	115
3267	94
3268	112
3269	102
3270	110
3271	111
3272	106
3273	115
3274	101
3275	99
3276	94
3277	117
3278	106
3279	80
3280	99
3281	91
3282	101
3283	101
3284	104
3285	102
3286	98
3287	100
3288	89
3289	110
3290	88
3291	107
3292	116
3293	120
3294	107
3295	99
3296	102
3297	122
3298	108
3299	126
3300	112
3301	116
3302	110
3303	106
3304	108
3305	100
3306	102
3307	103
3308	114
3309	101
3310	125
3311	125
3312	111
3313	116
3314	116
3315	110
3316	125
3317	107
3318	99
3319	112
3320	135
3321	116
3322	117
3323	111
3324	107
3325	104
3326	117
3327	131
3328	118
3329	118
3330	132
3331	114
3332	125
3333	113
3334	105
3335	107
3336	125
3337	138
3338	122
3339	118
3340	120
3341	143
3342	126
3343	143
3344	106
3345	100
3346	114
3347	126
3348	112
3349	122
3350	123
3351	127
3352	151
3353	133
3354	136
3355	153
3356	120
3357	122
3358	124
3359	145
3360	133
3361	132
3362	109
3363	122
3364	124
3365	119
3366	126
3367	134
3368	132
3369	140
3370	115
3371	140
3372	131
3373	131
3374	128
3375	122
3376	120
3377	131
3378	137
3379	114
3380	151
3381	130
3382	134
3383	134
3384	137
3385	119
3386	115
3387	143
3388	147
3389	154
3390	112
3391	139
3392	144
3393	136
3394	143
3395	118
3396	131
3397	137
3398	160
3399	141
3400	134
3401	106
3402	128
3403	135
3404	125
3405	131
3406	151
3407	151
3408	157
3409	131
3410	148
3411	131
3412	127
3413	139
3414	151
3415	143
3416	148
3417	124
3418	149
3419	130
3420	127
3421	136
3422	158
3423	153
3424	143
3425	125
3426	133
3427	163
3428	129
3429	155
3430	140
3431	169
3432	149
3433	134
3434	155
3435	156
3436	147
3437	148
3438	139
3439	146
3440	144
3441	146
3442	125
3443	142
3444	152
3445	148
3446	146
3447	148
3448	126
3449	161
3450	151
3451	183
3452	149
3453	145
3454	145
3455	150
3456	159
3457	132
3458	168
3459	167
3460	166
3461	132
3462	152
3463	165
3464	141
3465	153
3466	150
3467	162
3468	169
3469	149
3470	151
3471	169
3472	148
3473	148
3474	175
3475	174
3476	174
3477	151
3478	153
3479	169
3480	185
3481	176
3482	153
3483	169
3484	167
3485	135
3486	149
3487	159
3488	153
3489	176
3490	177
3491	134
3492	139
3493	159
3494	181
3495	170
3496	154
3497	182
3498	158
3499	162
3500	174
3501	168
3502	180
3503	162
3504	164
3505	155
3506	179
3507	154
3508	145
3509	154
3510	178
3511	184
3512	176
3513	154
3514	156
3515	161
3516	167
3517	174
3518	159
3519	173
3520	175
3521	185
3522	197
3523	177
3524	182
3525	143
3526	172
3527	141
3528	158
3529	172
3530	152
3531	176
3532	155
3533	159
3534	190
3535	167
3536	190
3537	187
3538	171
3539	171
3540	154
3541	183
3542	172
3543	175
3544	183
3545	188
3546	164
3547	186
3548	166
3549	185
3550	153
3551	167
3552	149
3553	186
3554	164
3555	167
3556	148
3557	176
3558	187
3559	196
3560	152
3561	207
3562	180
3563	184
3564	174
3565	163
3566	167
3567	199
3568	173
3569	177
3570	176
3571	190
3572	177
3573	188
3574	204
3575	200
3576	184
3577	153
3578	198
3579	185
3580	206
3581	177
3582	184
3583	171
3584	173
3585	174
3586	168
3587	190
3588	193
3589	199
3590	190
3591	184
3592	148
3593	192
3594	178
3595	172
3596	194
3597	189
3598	178
3599	217
3600	190
3601	201
3602	176
3603	169
3604	191
3605	179
3606	165
3607	173
3608	185
3609	212
3610	171
3611	181
3612	213
3613	165
3614	182
3615	191
3616	197
3617	182
3618	200
3619	220
3620	196
3621	165
3622	202
3623	181
3624	171
3625	182
3626	200
3627	187
3628	173
3629	220
3630	164
3631	193
3632	175
3633	182
3634	161
3635	207
3636	176
3637	183
3638	191
3639	186
3640	179
3641	178
3642	192
3643	192
3644	193
3645	191
3646	192
3647	196
3648	210
3649	190
3650	203
3651	182
3652	191
3653	199
3654	159
3655	189
3656	176
3657	184
3658	185
3659	201
3660	190
3661	185
3662	189
3663	164
3664	191
3665	197
3666	162
3667	175
3668	188
3669	208
3670	205
3671	197
3672	193
3673	196
3674	184
3675	188
3676	195
3677	172
3678	215
3679	200
3680	201
3681	191
3682	189
3683	188
3684	173
3685	215
3686	202
3687	170
3688	198
3689	210
3690	191
3691	192
3692	225
3693	167
3694	208
3695	200
3696	178
3697	206
3698	162
3699	218
3700	204
3701	175
3702	185
3703	181
3704	190
3705	189
3706	184
3707	202
3708	183
3709	179
3710	188
3711	202
3712	203
3713	195
3714	168
3715	172
3716	199
3717	198
3718	178
3719	182
3720	196
3721	202
3722	184
3723	208
3724	212
3725	177
3726	189
3727	202
3728	157
3729	195
3730	174
3731	192
3732	187
3733	168
3734	185
3735	210
3736	190
3737	195
3738	179
3739	198
3740	167
3741	195
3742	219
3743	192
3744	193
3745	185
3746	185
3747	192
3748	169
3749	171
3750	175
3751	179
3752	196
3753	165
3754	171
3755	202
3756	188
3757	211
3758	192
3759	204
3760	207
3761	211
3762	209
3763	185
3764	179
3765	197
3766	198
3767	175
3768	183
3769	206
3770	188
3771	156
3772	196
3773	188
3774	192
3775	186
3776	184
3777	184
3778	170
3779	185
3780	195
3781	164
3782	189
3783	166
3784	191
3785	180
3786	177
3787	170
3788	171
3789	177
3790	197
3791	172
3792	192
3793	189
3794	175
3795	188
3796	191
3797	167
3798	163
3799	181
3800	196
3801	172
3802	178
3803	165
3804	194
3805	173
3806	197
3807	157
3808	169
3809	194
3810	148
3811	178
3812	201
3813	191
3814	177
3815	171
3816	177
3817	185
3818	183
3819	174
3820	181
3821	209
3822	169
3823	179
3824	154
3825	159
3826	166
3827	185
3828	198
3829	170
3830	172
3831	169
3832	169
3833	176
3834	183
3835	146
3836	173
3837	180
3838	166
3839	178
3840	168
3841	183
3842	170
3843	157
3844	197
3845	172
3846	177
3847	143
3848	165
3849	166
3850	188
3851	160
3852	158
3853	176
3854	161
3855	176
3856	169
3857	145
3858	145
3859	176
3860	173
3861	142
3862	175
3863	150
3864	168
3865	180
3866	151
3867	182
3868	172
3869	166
3870	168
3871	157
3872	164
3873	157
3874	162
3875	162
3876	167
3877	192
3878	133
3879	168
3880	147
3881	149
3882	159
3883	167
3884	158
3885	166
3886	167
3887	143
3888	175
3889	155
3890	180
3891	152
3892	148
3893	158
3894	183
3895	152
3896	161
3897	169
3898	144
3899	165
3900	130
3901	169
3902	143
3903	169
3904	146
3905	145
3906	157
3907	151
3908	141
3909	166
3910	152
3911	150
3912	161
3913	155
3914	164
3915	150
3916	155
3917	142
3918	142
3919	152
3920	138
3921	130
3922	147
3923	138
3924	148
3925	152
3926	131
3927	143
3928	173
3929	142
3930	152
3931	153
3932	134
3933	124
3934	142
3935	140
3936	147
3937	163
3938	120
3939	154
3940	152
3941	113
3942	130
3943	129
3944	144
3945	133
3946	137
3947	120
3948	138
3949	151
3950	162
3951	138
3952	113
3953	139
3954	123
3955	151
3956	149
3957	141
3958	126
3959	132
3960	131
3961	139
3962	104
3963	138
3964	142
3965	122
3966	139
3967	125
3968	122
3969	144
3970	126
3971	134
3972	135
3973	146
3974	118
3975	121
3976	141
3977	138
3978	145
3979	143
3980	116
3981	129
3982	115
3983	129
3984	129
3985	123
3986	102
3987	124
3988	114
3989	119
3990	144
3991	136
3992	116
3993	109
3994	135
3995	107
3996	129
3997	121
3998	130
3999	132
4000	104
4001	132
4002	110
4003	119
4004	117
4005	107
4006	117
4007	128
4008	131
4009	122
4010	121
4011	118
4012	112
4013	108
4014	125
4015	122
4016	100
4017	135
4018	109
4019	103
4020	110
4021	104
4022	103
4023	135
4024	144
4025	134
4026	128
4027	122
4028	114
4029	111
4030	110
4031	110
4032	116
4033	110
4034	122
4035	109
4036	107
4037	107
4038	108
4039	118
4040	96
4041	133
4042	118
4043	105
4044	122
4045	127
4046	114
4047	95
4048	88
4049	94
4050	115
4051	111
4052	101
4053	102
4054	102
4055	111
4056	92
4057	104
4058	100
4059	99
4060	82
4061	107
4062	105
4063	99
4064	99
4065	99
4066	86
4067	88
4068	89
4069	97
4070	89
4071	89
4072	93
4073	92
4074	83
4075	97
4076	105
4077	95
4078	97
4079	101
4080	106
4081	90
4082	111
4083	112
4084	114
4085	99
4086	86
4087	96
4088	83
4089	118
4090	80
4091	85
4092	79
4093	91
4094	75
4095	110
4096	92
4097	82
4098	84
4099	96
4100	86
4101	83
4102	92
4103	88
4104	96
4105	108
4106	108
4107	85
4108	72
4109	79
4110	77
4111	80
4112	83
4113	90
4114	90
4115	75
4116	105
4117	109
4118	83
4119	82
4120	84
4121	79
4122	98
4123	80
4124	93
4125	74
4126	77
4127	72
4128	80
4129	81
4130	88
4131	85
4132	91
4133	68
4134	79
4135	68
4136	86
4137	89
4138	93
4139	70
4140	78
4141	88
4142	97
4143	77
4144	72
4145	75
4146	97
4147	63
4148	81
4149	81
4150	83
4151	67
4152	66
4153	67
4154	68
4155	82
4156	73
4157	84
4158	89
4159	73
4160	71
4161	76
4162	78
4163	71
4164	69
4165	82
4166	64
4167	68
4168	65
4169	65
4170	70
4171	70
4172	75
4173	70
4174	80
4175	67
4176	64
4177	75
4178	68
4179	77
4180	83
4181	58
4182	57
4183	72
4184	61
4185	74
4186	74
4187	59
4188	49
4189	69
4190	85
4191	76
4192	82
4193	64
4194	72
4195	68
4196	70
4197	49
4198	74
4199	57
4200	61
4201	71
4202	59
4203	67
4204	82
4205	65
4206	56
4207	71
4208	54
4209	67
4210	64
4211	69
4212	64
4213	65
4214	51
4215	67
4216	75
4217	63
4218	70
4219	69
4220	71
4221	49
4222	69
4223	61
4224	56
4225	52
4226	66
4227	63
4228	55
4229	70
4230	69
4231	66
4232	64
4233	54
4234	63
4235	53
4236	54
4237	53
4238	65
4239	57
4240	57
4241	56
4242	65
4243	43
4244	63
4245	68
4246	54
4247	63
4248	64
4249	45
4250	59
4251	60
4252	67
4253	49
4254	52
4255	58
4256	52
4257	65
4258	61
4259	63
4260	44
4261	59
4262	57
4263	51
4264	61
4265	46
4266	38
4267	57
4268	42
4269	64
4270	46
4271	48
4272	52
4273	48
4274	50
4275	63
4276	45
4277	59
4278	60
4279	47
4280	63
4281	54
4282	57
4283	41
4284	40
4285	49
4286	52
4287	63
4288	64
4289	69
4290	54
4291	47
4292	48
4293	42
4294	44
4295	55
4296	50
4297	40
4298	61
4299	50
4300	50
4301	36
4302	46
4303	43
4304	47
4305	40
4306	37
4307	40
4308	47
4309	56
4310	49
4311	50
4312	48
4313	49
4314	35
4315	54
4316	47
4317	53
4318	57
4319	51
4320	51
4321	40
4322	56
4323	43
4324	36
4325	53
4326	45
4327	38
4328	47
4329	53
4330	53
4331	59
4332	45
4333	37
4334	48
4335	41
4336	46
4337	46
4338	56
4339	49
4340	55
4341	56
4342	49
4343	68
4344	47
4345	56
4346	57
4347	49
4348	57
4349	58
4350	58
4351	34
4352	42
4353	59
4354	40
4355	32
4356	45
4357	61
4358	56
4359	52
4360	46
4361	36
4362	55
4363	50
4364	50
4365	49
4366	46
4367	40
4368	50
4369	41
4370	48
4371	35
4372	39
4373	58
4374	46
4375	51
4376	50
4377	44
4378	47
4379	55
4380	48
4381	57
4382	36
4383	55
4384	40
4385	37
4386	48
4387	40
4388	50
4389	50
4390	50
4391	44
4392	49
4393	51
4394	51
4395	58
4396	41
4397	39
4398	44
4399	36
4400	42
4401	42
4402	52
4403	47
4404	39
4405	44
4406	50
4407	49
4408	34
4409	38
4410	38
4411	48
4412	58
4413	54
4414	63
4415	50
4416	61
4417	42
4418	43
4419	55
4420	40
4421	51
4422	45
4423	45
4424	61
4425	47
4426	48
4427	55
4428	57
4429	58
4430	40
4431	49
4432	66
4433	38
4434	48
4435	48
4436	49
4437	53
4438	32
4439	36
4440	45
4441	55
4442	41
4443	39
4444	48
4445	57
4446	44
4447	38
4448	44
4449	43
4450	46
4451	40
4452	48
4453	39
4454	37
4455	45
4456	47
4457	49
4458	42
4459	43
4460	56
4461	50
4462	59
4463	60
4464	39
4465	53
4466	54
4467	52
4468	44
4469	55
4470	38
4471	51
4472	47
4473	47
4474	40
4475	59
4476	49
4477	52
4478	45
4479	52
4480	34
4481	50
4482	41
4483	41
4484	49
4485	59
4486	57
4487	47
4488	44
4489	42
4490	46
4491	49
4492	50
4493	45
4494	63
4495	47
4496	56
4497	37
4498	41
4499	49
4500	39
4501	50
4502	59
4503	52
4504	48
4505	57
4506	56
4507	50
4508	55
4509	40
4510	45
4511	44
4512	45
4513	56
4514	48
4515	48
4516	44
4517	60
4518	49
4519	45
4520	47
4521	47
4522	45
4523	55
4524	47
4525	51
4526	54
4527	47
4528	67
4529	52
4530	52
4531	45
4532	47
4533	53
4534	45
4535	48
4536	50
4537	47
4538	59
4539	40
4540	54
4541	47
4542	57
4543	42
4544	50
4545	59
4546	45
4547	57
4548	54
4549	56
4550	57
4551	57
4552	50
4553	64
4554	50
4555	42
4556	39
4557	37
4558	51
4559	60
4560	43
4561	56
4562	44
4563	33
4564	56
4565	34
4566	59
4567	49
4568	54
4569	55
4570	43
4571	57
4572	42
4573	50
4574	42
4575	61
4576	42
4577	42
4578	52
4579	39
4580	47
4581	44
4582	49
4583	60
4584	56
4585	49
4586	56
4587	42
4588	63
4589	63
4590	56
4591	48
4592	38
4593	45
4594	46
4595	55
4596	45
4597	48
4598	72
4599	51
4600	38
4601	40
4602	58
4603	58
4604	43
4605	40
4606	51
4607	44
4608	69
4609	62
4610	55
4611	50
4612	49
4613	52
4614	51
4615	52
4616	47
4617	52
4618	55
4619	54
4620	55
4621	55
4622	44
4623	53
4624	57
4625	56
4626	54
4627	49
4628	44
4629	59
4630	52
4631	38
4632	50
4633	46
4634	54
4635	57
4636	59
4637	44
4638	67
4639	56
4640	57
4641	52
4642	59
4643	52
4644	56
4645	56
4646	49
4647	65
4648	62
4649	53
4650	59
4651	54
4652	60
4653	50
4654	63
4655	47
4656	52
4657	58
4658	56
4659	44
4660	57
4661	61
4662	63
4663	72
4664	60
4665	69
4666	55
4667	76
4668	44
4669	74
4670	66
4671	57
4672	59
4673	56
4674	57
4675	72
4676	63
4677	48
4678	53
4679	63
4680	56
4681	48
4682	53
4683	65
4684	70
4685	65
4686	47
4687	59
4688	70
4689	66
4690	65
4691	50
4692	59
4693	66
4694	50
4695	51
4696	60
4697	47
4698	48
4699	59
4700	69
4701	57
4702	70
4703	52
4704	46
4705	55
4706	52
4707	62
4708	54
4709	76
4710	57
4711	58
4712	67
4713	61
4714	68
4715	65
4716	56
4717	64
4718	64
4719	73
4720	51
4721	62
4722	45
4723	63
4724	55
4725	57
4726	55
4727	64
4728	72
4729	54
4730	51
4731	54
4732	76
4733	85
4734	60
4735	78
4736	52
4737	67
4738	58
4739	48
4740	60
4741	70
4742	69
4743	57
4744	57
4745	59
4746	63
4747	63
4748	71
4749	63
4750	62
4751	72
4752	70
4753	56
4754	62
4755	69
4756	56
4757	61
4758	63
4759	61
4760	59
4761	59
4762	71
4763	57
4764	53
4765	73
4766	65
4767	68
4768	50
4769	61
4770	61
4771	67
4772	62
4773	55
4774	45
4775	78
4776	79
4777	56
4778	44
4779	61
4780	68
4781	60
4782	74
4783	69
4784	72
4785	60
4786	51
4787	76
4788	56
4789	81
4790	69
4791	63
4792	64
4793	69
4794	65
4795	74
4796	67
4797	61
4798	74
4799	61
4800	70
4801	62
4802	84
4803	75
4804	57
4805	58
4806	70
4807	57
4808	64
4809	60
4810	59
4811	64
4812	60
4813	66
4814	69
4815	65
4816	53
4817	53
4818	55
4819	78
4820	70
4821	70
4822	62
4823	65
4824	58
4825	68
4826	72
4827	82
4828	53
4829	64
4830	52
4831	57
4832	66
4833	78
4834	66
4835	68
4836	68
4837	65
4838	69
4839	93
4840	59
4841	56
4842	71
4843	67
4844	67
4845	62
4846	55
4847	66
4848	70
4849	48
4850	64
4851	72
4852	54
4853	68
4854	70
4855	60
4856	59
4857	61
4858	57
4859	70
4860	65
4861	69
4862	78
4863	75
4864	58
4865	63
4866	68
4867	68
4868	54
4869	68
4870	65
4871	71
4872	54
4873	66
4874	52
4875	62
4876	64
4877	65
4878	78
4879	59
4880	71
4881	53
4882	69
4883	73
4884	55
4885	77
4886	67
4887	44
4888	66
4889	58
4890	67
4891	70
4892	67
4893	72
4894	57
4895	65
4896	69
4897	58
4898	68
4899	63
4900	57
4901	67
4902	59
4903	66
4904	72
4905	65
4906	64
4907	70
4908	65
4909	71
4910	73
4911	63
4912	61
4913	56
4914	69
4915	61
4916	74
4917	89
4918	61
4919	70
4920	77
4921	70
4922	57
4923	53
4924	62
4925	70
4926	65
4927	84
4928	54
4929	67
4930	61
4931	53
4932	70
4933	72
4934	66
4935	70
4936	61
4937	79
4938	66
4939	73
4940	57
4941	49
4942	85
4943	72
4944	61
4945	71
4946	70
4947	63
4948	62
4949	63
4950	61
4951	54
4952	62
4953	68
4954	64
4955	62
4956	70
4957	72
4958	69
4959	59
4960	53
4961	81
4962	66
4963	64
4964	57
4965	60
4966	67
4967	55
4968	74
4969	77
4970	60
4971	62
4972	70
4973	64
4974	65
4975	64
4976	67
4977	74
4978	60
4979	64
4980	71
4981	67
4982	64
4983	54
4984	59
4985	73
4986	56
4987	61
4988	52
4989	69
4990	70
4991	53
4992	81
4993	71
4994	57
4995	64
4996	67
4997	56
4998	54
4999	81
5000	53
5001	63
5002	61
5003	70
5004	58
5005	70
5006	59
5007	81
5008	62
5009	71
5010	66
5011	58
5012	71
5013	55
5014	66
5015	65
5016	61
5017	63
5018	60
5019	58
5020	70
5021	56
5022	63
5023	65
5024	78
5025	75
5026	56
5027	68
5028	65
5029	74
5030	62
5031	53
5032	60
5033	41
5034	59
5035	71
5036	65
5037	60
5038	70
5039	56
5040	66
5041	70
5042	75
5043	72
5044	59
5045	72
5046	65
5047	55
5048	57
5049	57
5050	65
5051	52
5052	55
5053	50
5054	58
5055	76
5056	68
5057	78
5058	70
5059	61
5060	75
5061	57
5062	74
5063	71
5064	56
5065	56
5066	55
5067	63
5068	63
5069	63
5070	68
5071	46
5072	64
5073	64
5074	74
5075	56
5076	74
5077	49
5078	47
5079	54
5080	74
5081	59
5082	60
5083	66
5084	65
5085	62
5086	52
5087	59
5088	62
5089	48
5090	70
5091	63
5092	66
5093	56
5094	45
5095	64
5096	60
5097	57
5098	52
5099	63
5100	60
5101	42
5102	65
5103	59
5104	58
5105	65
5106	64
5107	56
5108	74
5109	66
5110	66
5111	55
5112	56
5113	51
5114	58
5115	59
5116	59
5117	76
5118	64
5119	60
5120	59
5121	54
5122	53
5123	60
5124	60
5125	76
5126	67
5127	61
5128	67
5129	59
5130	73
5131	65
5132	60
5133	60
5134	57
5135	65
5136	64
5137	54
5138	58
5139	64
5140	59
5141	71
5142	57
5143	46
5144	54
5145	62
5146	66
5147	59
5148	66
5149	46
5150	40
5151	50
5152	48
5153	61
5154	56
5155	49
5156	62
5157	55
5158	61
5159	61
5160	55
5161	57
5162	52
5163	62
5164	43
5165	67
5166	49
5167	55
5168	59
5169	44
5170	51
5171	66
5172	53
5173	50
5174	65
5175	61
5176	52
5177	70
5178	49
5179	47
5180	66
5181	56
5182	61
5183	66
5184	57
5185	50
5186	53
5187	43
5188	56
5189	47
5190	62
5191	53
5192	48
5193	44
5194	56
5195	47
5196	57
5197	48
5198	55
5199	54
5200	53
5201	54
5202	61
5203	60
5204	56
5205	66
5206	60
5207	48
5208	65
5209	59
5210	53
5211	51
5212	49
5213	58
5214	41
5215	52
5216	62
5217	65
5218	30
5219	42
5220	60
5221	46
5222	47
5223	55
5224	57
5225	55
5226	63
5227	55
5228	56
5229	57
5230	46
5231	50
5232	44
5233	47
5234	41
5235	38
5236	55
5237	40
5238	46
5239	53
5240	63
5241	55
5242	55
5243	44
5244	57
5245	54
5246	49
5247	50
5248	58
5249	66
5250	59
5251	47
5252	63
5253	60
5254	57
5255	34
5256	45
5257	61
5258	37
5259	60
5260	54
5261	49
5262	65
5263	67
5264	41
5265	58
5266	55
5267	46
5268	55
5269	45
5270	46
5271	56
5272	41
5273	52
5274	53
5275	41
5276	52
5277	50
5278	52
5279	42
5280	51
5281	47
5282	45
5283	56
5284	45
5285	46
5286	39
5287	57
5288	40
5289	59
5290	52
5291	53
5292	50
5293	41
5294	41
5295	48
5296	63
5297	56
5298	52
5299	44
5300	49
5301	54
5302	64
5303	50
5304	49
5305	47
5306	45
5307	57
5308	40
5309	55
5310	48
5311	53
5312	44
5313	48
5314	44
5315	46
5316	47
5317	48
5318	48
5319	49
5320	47
5321	42
5322	33
5323	34
5324	44
5325	48
5326	42
5327	52
5328	56
5329	36
5330	50
5331	52
5332	47
5333	48
5334	48
5335	46
5336	54
5337	32
5338	49
5339	43
5340	52
5341	58
5342	49
5343	54
5344	47
5345	50
5346	45
5347	39
5348	41
5349	42
5350	47
5351	42
5352	49
5353	42
5354	43
5355	53
5356	39
5357	54
5358	38
5359	56
5360	49
5361	48
5362	57
5363	37
5364	43
5365	36
5366	52
5367	41
5368	48
5369	27
5370	33
5371	45
5372	34
5373	42
5374	49
5375	34
5376	55
5377	48
5378	40
5379	49
5380	46
5381	59
5382	41
5383	44
5384	39
5385	49
5386	41
5387	41
5388	38
5389	46
5390	47
5391	47
5392	51
5393	36
5394	34
5395	31
5396	43
5397	53
5398	39
5399	34
5400	45
5401	52
5402	40
5403	36
5404	39
5405	35
5406	47
5407	34
5408	50
5409	50
5410	36
5411	35
5412	38
5413	44
5414	39
5415	35
5416	52
5417	38
5418	46
5419	44
5420	41
5421	37
5422	38
5423	51
5424	29
5425	28
5426	38
5427	41
5428	39
5429	48
5430	39
5431	34
5432	35
5433	33
5434	43
5435	35
5436	37
5437	45
5438	51
5439	36
5440	50
5441	34
5442	36
5443	54
5444	47
5445	37
5446	42
5447	33
5448	42
5449	33
5450	29
5451	40
5452	43
5453	47
5454	50
5455	39
5456	47
5457	40
5458	41
5459	30
5460	39
5461	39
5462	38
5463	45
5464	41
5465	38
5466	38
5467	44
5468	41
5469	33
5470	34
5471	35
5472	31
5473	34
5474	30
5475	34
5476	40
5477	36
5478	42
5479	45
5480	47
5481	36
5482	32
5483	42
5484	31
5485	47
5486	35
5487	28
5488	32
5489	30
5490	31
5491	38
5492	30
5493	34
5494	27
5495	28
5496	33
5497	35
5498	38
5499	43
5500	41
5501	35
5502	39
5503	30
5504	34
5505	40
5506	34
5507	43
5508	42
5509	39
5510	43
5511	38
5512	33
5513	26
5514	26
5515	37
5516	38
5517	38
5518	40
5519	40
5520	32
5521	39
5522	42
5523	30
5524	39
5525	25
5526	32
5527	46
5528	36
5529	29
5530	38
5531	43
5532	38
5533	30
5534	30
5535	28
5536	40
5537	20
5538	31
5539	28
5540	33
5541	39
5542	23
5543	48
5544	30
5545	27
5546	37
5547	38
5548	38
5549	32
5550	33
5551	37
5552	30
5553	33
5554	48
5555	24
5556	32
5557	30
5558	37
5559	39
5560	32
5561	30
5562	33
5563	35
5564	27
5565	32
5566	30
5567	31
5568	39
5569	40
5570	25
5571	33
5572	43
5573	15
5574	29
5575	37
5576	29
5577	27
5578	44
5579	26
5580	29
5581	33
5582	38
5583	26
5584	35
5585	26
5586	25
5587	35
5588	29
5589	33
5590	30
5591	32
5592	29
5593	38
5594	35
5595	30
5596	32
5597	35
5598	30
5599	35
5600	29
5601	30
5602	34
5603	27
5604	32
5605	29
5606	33
5607	30
5608	27
5609	25
5610	35
5611	21
5612	35
5613	33
5614	31
5615	27
5616	20
5617	29
5618	23
5619	28
5620	31
5621	42
5622	29
5623	24
5624	23
5625	29
5626	27
5627	27
5628	32
5629	23
5630	32
5631	31
5632	27
5633	29
5634	37
5635	25
5636	38
5637	28
5638	30
5639	35
5640	33
5641	20
5642	32
5643	37
5644	21
5645	27
5646	46
5647	23
5648	31
5649	28
5650	16
5651	22
5652	33
5653	31
5654	27
5655	25
5656	27
5657	21
5658	26
5659	27
5660	18
5661	42
5662	16
5663	31
5664	30
5665	20
5666	24
5667	17
5668	30
5669	22
5670	24
5671	27
5672	26
5673	32
5674	42
5675	18
5676	25
5677	21
5678	27
5679	23
5680	33
5681	30
5682	20
5683	26
5684	25
5685	35
5686	21
5687	25
5688	27
5689	32
5690	26
5691	38
5692	31
5693	22
5694	19
5695	24
5696	28
5697	23
5698	36
5699	29
5700	25
5701	27
5702	18
5703	23
5704	23
5705	27
5706	23
5707	30
5708	31
5709	32
5710	26
5711	33
5712	27
5713	22
5714	25
5715	19
5716	22
5717	23
5718	20
5719	24
5720	26
5721	26
5722	20
5723	23
5724	27
5725	30
5726	18
5727	30
5728	19
5729	14
5730	13
5731	22
5732	24
5733	18
5734	19
5735	20
5736	21
5737	22
5738	18
5739	27
5740	34
5741	22
5742	15
5743	26
5744	28
5745	22
5746	26
5747	27
5748	23
5749	16
5750	28
5751	19
5752	30
5753	23
5754	28
5755	19
5756	14
5757	23
5758	15
5759	15
5760	22
5761	27
5762	28
5763	29
5764	22
5765	30
5766	25
5767	15
5768	17
5769	25
5770	24
5771	32
5772	23
5773	25
5774	19
5775	27
5776	13
5777	22
5778	27
5779	27
5780	28
5781	28
5782	20
5783	16
5784	34
5785	22
5786	25
5787	19
5788	24
5789	27
5790	14
5791	22
5792	22
5793	25
5794	22
5795	19
5796	28
5797	21
5798	22
5799	22
5800	21
5801	24
5802	23
5803	28
5804	17
5805	24
5806	19
5807	17
5808	22
5809	19
5810	17
5811	26
5812	28
5813	28
5814	14
5815	20
5816	20
5817	14
5818	26
5819	13
5820	19
5821	20
5822	27
5823	24
5824	20
5825	19
5826	12
5827	22
5828	17
5829	17
5830	23
5831	16
5832	22
5833	22
5834	24
5835	14
5836	13
5837	22
5838	27
5839	14
5840	22
5841	20
5842	20
5843	12
5844	16
5845	20
5846	17
5847	6
5848	19
5849	23
5850	15
5851	18
5852	15
5853	24
5854	19
5855	19
5856	15
5857	21
5858	17
5859	21
5860	18
5861	22
5862	17
5863	26
5864	18
5865	23
5866	11
5867	22
5868	27
5869	16
5870	19
5871	27
5872	12
5873	24
5874	21
5875	19
5876	17
5877	19
5878	16
5879	18
5880	23
5881	28
5882	13
5883	27
5884	18
5885	26
5886	15
5887	21
5888	23
5889	26
5890	18
5891	21
5892	17
5893	23
5894	18
5895	25
5896	21
5897	16
5898	13
5899	19
5900	15
5901	20
5902	15
5903	15
5904	30
5905	11
5906	10
5907	19
5908	18
5909	19
5910	25
5911	21
5912	7
5913	16
5914	26
5915	20
5916	20
5917	22
5918	23
5919	16
5920	8
5921	14
5922	14
5923	18
5924	18
5925	15
5926	30
5927	11
5928	19
5929	14
5930	13
5931	17
5932	18
5933	21
5934	12
5935	13
5936	12
5937	13
5938	17
5939	14
5940	15
5941	11
5942	18
5943	17
5944	16
5945	11
5946	14
5947	10
5948	14
5949	11
5950	15
5951	12
5952	18
5953	15
5954	21
5955	24
5956	21
5957	21
5958	21
5959	11
5960	23
5961	14
5962	12
5963	11
5964	16
5965	20
5966	22
5967	18
5968	22
5969	13
5970	12
5971	19
5972	14
5973	22
5974	20
5975	16
5976	18
5977	15
5978	12
5979	15
5980	24
5981	9
5982	17
5983	15
5984	18
5985	12
5986	12
5987	17
5988	15
5989	19
5990	12
5991	14
5992	15
5993	15
5994	18
5995	23
5996	9
5997	17
5998	13
5999	16
6000	16
6001	17
6002	13
6003	17
6004	16
6005	12
6006	15
6007	11
6008	13
6009	18
6010	17
6011	25
6012	21
6013	14
6014	14
6015	12
6016	16
6017	20
6018	12
6019	14
6020	11
6021	12
6022	18
6023	9
6024	15
6025	15
6026	15
6027	14
6028	15
6029	19
6030	17
6031	12
6032	15
6033	16
6034	13
6035	17
6036	10
6037	19
6038	15
6039	16
6040	16
6041	20
6042	15
6043	13
6044	10
6045	10
6046	11
6047	17
6048	14
6049	17
6050	15
6051	12
6052	8
6053	12
6054	12
6055	15
6056	17
6057	15
6058	11
6059	15
6060	12
6061	14
6062	11
6063	21
6064	12
6065	11
6066	16
6067	9
6068	17
6069	20
6070	8
6071	7
6072	16
6073	10
6074	11
6075	20
6076	18
6077	11
6078	15
6079	8
6080	8
6081	16
6082	13
6083	11
6084	15
6085	19
6086	10
6087	7
6088	14
6089	15
6090	12
6091	15
6092	15
6093	16
6094	19
6095	19
6096	10
6097	11
6098	14
6099	16
6100	22
6101	14
6102	10
6103	12
6104	13
6105	8
6106	11
6107	17
6108	12
6109	19
6110	10
6111	14
6112	10
6113	15
6114	10
6115	12
6116	10
6117	15
6118	13
6119	13
6120	16
6121	16
6122	10
6123	13
6124	8
6125	12
6126	12
6127	14
6128	10
6129	12
6130	5
6131	14
6132	11
6133	16
6134	11
6135	10
6136	13
6137	12
6138	10
6139	13
6140	16
6141	17
6142	10
6143	14
6144	13
6145	12
6146	17
6147	9
6148	12
6149	14
6150	10
6151	16
6152	9
6153	9
6154	15
6155	6
6156	14
6157	8
6158	13
6159	14
6160	11
6161	12
6162	10
6163	14
6164	16
6165	12
6166	17
6167	19
6168	11
6169	16
6170	13
6171	11
6172	15
6173	15
6174	14
6175	12
6176	11
6177	10
6178	14
6179	13
6180	14
6181	10
6182	19
6183	11
6184	11
6185	13
6186	10
6187	14
6188	15
6189	15
6190	13
6191	18
6192	10
6193	10
6194	13
6195	15
6196	10
6197	13
6198	13
6199	11
6200	11
6201	11
6202	13
6203	7
6204	14
6205	10
6206	9
6207	15
6208	14
6209	15
6210	10
6211	12
6212	15
6213	13
6214	11
6215	18
6216	7
6217	19
6218	6
6219	10
6220	10
6221	13
6222	12
6223	13
6224	13
6225	9
6226	13
6227	15
6228	9
6229	13
6230	12
6231	5
6232	18
6233	15
6234	9
6235	8
6236	16
6237	9
6238	11
6239	14
6240	13
6241	14
6242	16
6243	7
6244	11
6245	11
6246	14
6247	17
6248	19
6249	6
6250	13
6251	14
6252	15
6253	16
6254	8
6255	11
6256	11
6257	11
6258	12
6259	9
6260	13
6261	16
6262	8
6263	16
6264	11
6265	10
6266	7
6267	16
6268	9
6269	6
6270	7
6271	11
6272	9
6273	11
6274	11
6275	10
6276	13
6277	17
6278	15
6279	16
6280	10
6281	20
6282	9
6283	12
6284	14
6285	14
6286	14
6287	8
6288	5
6289	17
6290	10
6291	17
6292	12
6293	21
6294	8
6295	12
6296	13
6297	7
6298	10
6299	8
6300	11
6301	14
6302	13
6303	7
6304	9
6305	11
6306	12
6307	15
6308	13
6309	8
6310	8
6311	11
6312	12
6313	14
6314	17
6315	11
6316	17
6317	11
6318	16
6319	13
6320	8
6321	6
6322	7
6323	12
6324	12
6325	10
6326	10
6327	8
6328	11
6329	8
6330	13
6331	9
6332	12
6333	19
6334	9
6335	7
6336	15
6337	14
6338	9
6339	21
6340	6
6341	7
6342	13
6343	11
6344	11
6345	8
6346	12
6347	9
6348	18
6349	17
6350	13
6351	10
6352	17
6353	12
6354	14
6355	13
6356	13
6357	14
6358	9
6359	12
6360	13
6361	11
6362	11
6363	19
6364	19
6365	12
6366	14
6367	11
6368	13
6369	14
6370	17
6371	13
6372	10
6373	8
6374	7
6375	11
6376	13
6377	10
6378	8
6379	15
6380	12
6381	10
6382	15
6383	11
6384	5
6385	17
6386	14
6387	10
6388	7
6389	16
6390	13
6391	12
6392	10
6393	10
6394	10
6395	11
6396	8
6397	13
6398	9
6399	8
6400	13
6401	10
6402	13
6403	7
6404	7
6405	12
6406	11
6407	14
6408	6
6409	7
6410	11
6411	12
6412	11
6413	11
6414	16
6415	10
6416	13
6417	8
6418	14
6419	15
6420	13
6421	12
6422	14
6423	10
6424	18
6425	11
6426	11
6427	17
6428	15
6429	7
6430	9
6431	9
6432	11
6433	12
6434	13
6435	7
6436	12
6437	12
6438	17
6439	14
6440	11
6441	14
6442	16
6443	14
6444	12
6445	12
6446	8
6447	6
6448	11
6449	8
6450	9
6451	17
6452	12
6453	9
6454	14
6455	13
6456	10
6457	18
6458	9
6459	11
6460	9
6461	14
6462	10
6463	14
6464	13
6465	10
6466	10
6467	15
6468	11
6469	14
6470	22
6471	12
6472	8
6473	12
6474	12
6475	23
6476	7
6477	14
6478	14
6479	8
6480	11
6481	18
6482	13
6483	16
6484	17
6485	23
6486	10
6487	3
6488	12
6489	12
6490	13
6491	15
6492	15
6493	12
6494	17
6495	14
6496	7
6497	12
6498	16
6499	15
6500	14
6501	17
6502	18
6503	17
6504	11
6505	21
6506	14
6507	11
6508	15
6509	9
6510	5
6511	9
6512	10
6513	16
6514	13
6515	16
6516	15
6517	12
6518	12
6519	16
6520	8
6521	16
6522	13
6523	11
6524	16
6525	11
6526	11
6527	12
6528	19
6529	7
6530	18
6531	20
6532	11
6533	12
6534	14
6535	10
6536	21
6537	11
6538	17
6539	19
6540	10
6541	24
6542	14
6543	13
6544	18
6545	9
6546	17
6547	15
6548	14
6549	9
6550	18
6551	12
6552	5
6553	10
6554	14
6555	18
6556	23
6557	13
6558	11
6559	6
6560	15
6561	13
6562	11
6563	16
6564	16
6565	14
6566	18
6567	12
6568	15
6569	10
6570	11
6571	15
6572	14
6573	12
6574	16
6575	13
6576	7
6577	9
6578	13
6579	11
6580	12
6581	11
6582	8
6583	15
6584	15
6585	14
6586	14
6587	14
6588	17
6589	11
6590	15
6591	15
6592	12
6593	17
6594	11
6595	16
6596	17
6597	11
6598	10
6599	15
6600	14
6601	17
6602	15
6603	21
6604	13
6605	13
6606	13
6607	16
6608	11
6609	18
6610	9
6611	18
6612	12
6613	22
6614	15
6615	17
6616	9
6617	16
6618	14
6619	25
6620	12
6621	12
6622	15
6623	14
6624	12
6625	14
6626	15
6627	9
6628	17
6629	16
6630	17
6631	14
6632	19
6633	9
6634	15
6635	11
6636	18
6637	15
6638	21
6639	20
6640	9
6641	14
6642	7
6643	18
6644	18
6645	18
6646	15
6647	12
6648	18
6649	16
6650	11
6651	13
6652	15
6653	14
6654	11
6655	11
6656	18
6657	16
6658	13
6659	11
6660	17
6661	21
6662	22
6663	14
6664	14
6665	15
6666	18
6667	15
6668	11
6669	7
6670	18
6671	14
6672	15
6673	16
6674	14
6675	16
6676	21
6677	14
6678	17
6679	20
6680	13
6681	7
6682	10
6683	12
6684	13
6685	11
6686	13
6687	10
6688	15
6689	17
6690	15
6691	14
6692	13
6693	18
6694	8
6695	9
6696	10
6697	12
6698	16
6699	14
6700	23
6701	8
6702	13
6703	19
6704	10
6705	12
6706	26
6707	13
6708	7
6709	16
6710	13
6711	9
6712	9
6713	14
6714	18
6715	14
6716	13
6717	12
6718	19
6719	8
6720	14
6721	14
6722	8
6723	12
6724	12
6725	14
6726	19
6727	12
6728	18
6729	12
6730	21
6731	7
6732	11
6733	19
6734	12
6735	20
6736	13
6737	11
6738	11
6739	11
6740	14
6741	17
6742	11
6743	12
6744	10
6745	17
6746	13
6747	12
6748	23
6749	16
6750	13
6751	14
6752	13
6753	13
6754	17
6755	11
6756	15
6757	10
6758	16
6759	22
6760	15
6761	18
6762	14
6763	16
6764	16
6765	9
6766	9
6767	13
6768	5
6769	16
6770	12
6771	14
6772	8
6773	17
6774	12
6775	10
6776	13
6777	8
6778	17
6779	9
6780	10
6781	9
6782	18
6783	5
6784	9
6785	12
6786	8
6787	18
6788	16
6789	7
6790	17
6791	16
6792	11
6793	17
6794	11
6795	17
6796	10
6797	10
6798	11
6799	11
6800	7
6801	11
6802	16
6803	14
6804	8
6805	6
6806	15
6807	10
6808	9
6809	6
6810	14
6811	19
6812	13
6813	20
6814	12
6815	10
6816	13
6817	8
6818	19
6819	9
6820	8
6821	13
6822	18
6823	15
6824	14
6825	13
6826	7
6827	15
6828	6
6829	10
6830	13
6831	9
6832	12
6833	8
6834	12
6835	21
6836	12
6837	13
6838	14
6839	15
6840	7
6841	11
6842	14
6843	5
6844	10
6845	9
6846	13
6847	13
6848	9
6849	8
6850	15
6851	15
6852	9
6853	10
6854	14
6855	9
6856	13
6857	8
6858	9
6859	20
6860	12
6861	13
6862	7
6863	9
6864	6
6865	14
6866	10
6867	7
6868	5
6869	9
6870	10
6871	10
6872	10
6873	7
6874	12
6875	9
6876	15
6877	9
6878	12
6879	14
6880	8
6881	9
6882	15
6883	14
6884	8
6885	9
6886	8
6887	12
6888	4
6889	9
6890	7
6891	6
6892	11
6893	22
6894	6
6895	8
6896	12
6897	11
6898	9
6899	15
6900	8
6901	8
6902	10
6903	7
6904	8
6905	10
6906	9
6907	4
6908	2
6909	8
6910	12
6911	13
6912	9
6913	15
6914	14
6915	4
6916	7
6917	9
6918	12
6919	10
6920	3
6921	4
6922	7
6923	6
6924	8
6925	14
6926	7
6927	10
6928	7
6929	9
6930	9
6931	6
6932	9
6933	8
6934	6
6935	7
6936	8
6937	11
6938	8
6939	5
6940	5
6941	6
6942	9
6943	6
6944	12
6945	3
6946	8
6947	11
6948	5
6949	4
6950	12
6951	9
6952	6
6953	9
6954	6
6955	3
6956	9
6957	7
6958	1
6959	5
6960	5
6961	5
6962	7
6963	4
6964	9
6965	11
6966	4
6967	5
6968	9
6969	4
6970	10
6971	5
6972	4
6973	5
6974	8
6975	8
6976	4
6977	13
6978	3
6979	4
6980	1
6981	5
6982	8
6983	7
6984	8
6985	5
6986	10
6987	4
6988	5
6989	4
6990	11
6991	7
6992	10
6993	8
6994	6
6995	7
6996	6
6997	8
6998	4
6999	10
7000	5
7001	5
7002	3
7003	4
7004	6
7005	5
7006	1
7007	4
7008	7
7009	6
7010	5
7011	3
7012	4
7013	5
7014	5
7015	1
7016	3
7017	2
7018	7
7019	4
7020	6
7021	7
7022	6
7023	9
7024	3
7025	10
7026	2
7027	9
7028	5
7029	5
7030	6
7031	4
7032	10
7033	5
7034	5
7035	7
7036	5
7037	4
7038	2
7039	7
7040	6
7041	1
7042	4
7043	3
7044	2
7045	4
7046	5
7047	6
7048	3
7049	4
7050	7
7051	5
7052	5
7053	3
7054	4
7055	3
7056	5
7057	3
7058	4
7059	5
7060	6
7061	4
7062	2
7063	5
7064	4
7065	6
7066	1
7067	2
7068	3
7069	5
7070	5
7071	4
7072	5
7073	1
7074	4
7075	2
7076	5
7077	2
7078	6
7079	4
7080	2
7081	5
7082	5
7083	0
7084	5
7085	4
7086	0
7087	3
7088	3
7089	1
7090	3
7091	1
7092	0
7093	1
7094	3
7095	3
7096	3
7097	3
7098	2
7099	4
7100	3
7101	1
7102	1
7103	4
7104	3
7105	1
7106	2
7107	1
7108	2
7109	1
7110	4
7111	1
7112	1
7113	2
7114	6
7115	3
7116	2
7117	1
7118	3
7119	3
7120	3
7121	0
7122	2
7123	2
7124	0
7125	2
7126	4
7127	0
7128	3
7129	1
7130	2
7131	1
7132	3
7133	1
7134	1
7135	3
7136	6
7137	5
7138	3
7139	2
7140	3
7141	2
7142	3
7143	2
7144	2
7145	2
7146	3
7147	1
7148	1
7149	2
7150	4
7151	1
7152	2
7153	0
7154	1
7155	5
7156	1
7157	0
7158	1
7159	3
7160	1
7161	2
7162	4
7163	1
7164	2
7165	2
7166	1
7167	3
7168	1
7169	0
7170	1
7171	0
7172	1
7173	3
7174	1
7175	2
7176	1
7177	0
7178	1
7179	0
7180	1
7181	0
7182	0
7183	0
7184	0
7185	1
7186	1
7187	1
7188	3
7189	2
7190	0
7191	1
7192	0
7193	0
7194	1
7195	4
7196	1
7197	2
7198	6
7199	1
7200	1
7201	2
7202	0
7203	1
7204	0
7205	1
7206	1
7207	0
7208	4
7209	1
7210	1
7211	0
7212	3
7213	2
7214	0
7215	1
7216	1
7217	2
7218	0
7219	2
7220	0
7221	1
7222	0
7223	0
7224	1
7225	1
7226	3
7227	0
7228	2
7229	0
7230	3
7231	1
7232	0
7233	2
7234	1
7235	2
7236	1
7237	1
7238	0
7239	1
7240	2
7241	1
7242	1
7243	0
7244	2
7245	0
7246	2
7247	1
7248	3
7249	1
7250	1
7251	2
7252	1
7253	0
7254	2
7255	1
7256	1
7257	1
7258	0
7259	1
7260	0
7261	0
7262	2
7263	0
7264	0
7265	0
7266	1
7267	1
7268	2
7269	0
7270	1
7271	6
7272	1
7273	4
7274	1
7275	1
7276	1
7277	0
7278	3
7279	1
7280	4
7281	3
7282	0
7283	0
7284	1
7285	0
7286	2
7287	1
7288	0
7289	0
7290	0
7291	0
7292	2
7293	1
7294	2
7295	1
7296	1
7297	0
7298	0
7299	0
7300	0
7301	0
7302	2
7303	1
7304	1
7305	1
7306	0
7307	0
7308	0
7309	0
7310	1
7311	2
7312	0
7313	2
7314	2
7315	1
7316	0
7317	2
7318	2
7319	2
7320	0
7321	1
7322	0
7323	2
7324	0
7325	1
7326	0
7327	0
7328	0
7329	2
7330	0
7331	2
7332	1
7333	1
7334	1
7335	2
7336	0
7337	1
7338	0
7339	0
7340	1
7341	1
7342	1
7343	1
7344	0
7345	0
7346	0
7347	1
7348	1
7349	0
7350	2
7351	1
7352	0
7353	1
7354	0
7355	0
7356	0
7357	2
7358	2
7359	0
7360	0
7361	1
7362	0
7363	0
7364	0
7365	1
7366	0
7367	0
7368	2
7369	1
7370	0
7371	1
7372	0
7373	1
7374	0
7375	1
7376	1
7377	1
7378	0
7379	3
7380	1
7381	0
7382	1
7383	3
7384	0
7385	2
7386	1
7387	1
7388	0
7389	1
7390	0
7391	1
7392	1
7393	0
7394	0
7395	0
7396	0
7397	0
7398	1
7399	1
7400	0
7401	0
7402	1
7403	1
7404	0
7405	0
7406	0
7407	0
7408	0
7409	1
7410	1
7411	0
7412	0
7413	0
7414	0
7415	0
7416	0
7417	1
7418	1
7419	0
7420	1
7421	0
7422	1
7423	1
7424	2
7425	0
7426	0
7427	2
7428	0
7429	0
7430	0
7431	0
7432	0
7433	1
7434	0
7435	3
7436	0
7437	1
7438	0
7439	1
7440	2
7441	1
7442	1
7443	1
7444	1
7445	0
7446	0
7447	1
7448	1
7449	1
7450	0
7451	0
7452	0
7453	0
7454	0
7455	2
7456	0
7457	0
7458	3
7459	1
7460	0
7461	1
7462	0
7463	1
7464	2
7465	0
7466	1
7467	1
7468	0
7469	1
7470	0
7471	0
7472	0
7473	2
7474	0
7475	0
7476	1
7477	0
7478	0
7479	0
7480	0
7481	0
7482	1
7483	0
7484	0
7485	0
7486	0
7487	0
7488	0
7489	0
7490	0
7491	2
7492	1
7493	0
7494	0
7495	0
7496	1
7497	1
7498	0
7499	0
7500	1
7501	1
7502	1
7503	0
7504	1
7505	1
7506	0
7507	1
7508	0
7509	0
7510	0
7511	1
7512	0
7513	2
7514	1
7515	1
7516	1
7517	0
7518	0
7519	1
7520	0
7521	0
7522	2
7523	0
7524	0
7525	2
7526	0
7527	0
7528	2
7529	0
7530	0
7531	0
7532	0
7533	0
7534	0
7535	0
7536	0
7537	0
7538	1
7539	2
7540	0
7541	1
7542	0
7543	0
7544	0
7545	1
7546	0
7547	0
7548	0
7549	1
7550	0
7551	0
7552	2
7553	1
7554	1
7555	1
7556	1
7557	1
7558	0
7559	0
7560	1
7561	1
7562	2
7563	0
7564	0
7565	0
7566	0
7567	1
7568	0
7569	1
7570	1
7571	0
7572	1
7573	0
7574	1
7575	0
7576	0
7577	1
7578	4
7579	1
7580	1
7581	2
7582	0
7583	2
7584	0
7585	1
7586	2
7587	0
7588	0
7589	0
7590	0
7591	1
7592	2
7593	0
7594	0
7595	1
7596	0
7597	1
7598	1
7599	1
7600	0
7601	0
7602	0
7603	0
7604	0
7605	0
7606	1
7607	1
7608	0
7609	1
7610	1
7611	0
7612	1
7613	0
7614	0
7615	1
7616	0
7617	0
7618	0
7619	0
7620	1
7621	0
7622	0
7623	0
7624	1
7625	0
7626	1
7627	0
7628	1
7629	1
7630	0
7631	1
7632	0
7633	1
7634	0
7635	1
7636	0
7637	0
7638	0
7639	0
7640	0
7641	2
7642	0
7643	0
7644	2
7645	0
7646	2
7647	1
7648	4
7649	0
7650	0
7651	0
7652	0
7653	1
7654	0
7655	0
7656	2
7657	1
7658	1
7659	0
7660	0
7661	0
7662	0
7663	1
7664	1
7665	2
7666	0
7667	1
7668	2
7669	0
7670	0
7671	1
7672	2
7673	1
7674	1
7675	0
7676	2
7677	0
7678	0
7679	1
7680	0
7681	0
7682	0
7683	0
7684	1
7685	1
7686	0
7687	0
7688	0
7689	1
7690	2
7691	0
7692	0
7693	1
7694	0
7695	1
7696	1
7697	1
7698	2
7699	0
7700	1
7701	1
7702	0
7703	0
7704	0
7705	0
7706	0
7707	0
7708	0
7709	0
7710	0
7711	4
7712	1
7713	1
7714	1
7715	1
7716	1
7717	0
7718	1
7719	0
7720	1
7721	1
7722	0
7723	1
7724	0
7725	0
7726	0
7727	1
7728	1
7729	0
7730	0
7731	1
7732	0
7733	2
7734	0
7735	1
7736	2
7737	1
7738	2
7739	1
7740	0
7741	0
7742	2
7743	0
7744	2
7745	3
7746	0
7747	1
7748	0
7749	1
7750	1
7751	0
7752	0
7753	0
7754	0
7755	1
7756	0
7757	0
7758	2
7759	3
7760	2
7761	1
7762	1
7763	1
7764	0
7765	1
7766	1
7767	2
7768	2
7769	0
7770	1
7771	1
7772	1
7773	1
7774	0
7775	1
7776	1
7777	0
7778	0
7779	3
7780	1
7781	0
7782	1
7783	0
7784	1
7785	0
7786	0
7787	3
7788	0
7789	0
7790	0
7791	0
7792	0
7793	3
7794	2
7795	0
7796	0
7797	0
7798	2
7799	0
7800	0
7801	0
7802	0
7803	0
7804	0
7805	0
7806	0
7807	1
7808	1
7809	2
7810	2
7811	0
7812	1
7813	1
7814	0
7815	0
7816	0
7817	2
7818	0
7819	1
7820	0
7821	0
7822	1
7823	0
7824	0
7825	0
7826	2
7827	0
7828	1
7829	0
7830	0
7831	1
7832	1
7833	0
7834	0
7835	3
7836	0
7837	0
7838	3
7839	0
7840	1
7841	1
7842	0
7843	0
7844	0
7845	0
7846	0
7847	0
7848	0
7849	1
7850	1
7851	0
7852	0
7853	0
7854	2
7855	1
7856	1
7857	1
7858	2
7859	0
7860	2
7861	0
7862	1
7863	0
7864	0
7865	1
7866	0
7867	1
7868	1
7869	0
7870	1
7871	1
7872	0
7873	0
7874	2
7875	0
7876	1
7877	2
7878	0
7879	0
7880	0
7881	1
7882	0
7883	1
7884	1
7885	0
7886	0
7887	1
7888	0
7889	1
7890	0
7891	0
7892	0
7893	0
7894	1
7895	0
7896	1
7897	1
7898	0
7899	1
7900	2
7901	1
7902	0
7903	1
7904	2
7905	2
7906	0
7907	0
7908	0
7909	0
7910	0
7911	1
7912	0
7913	0
7914	0
7915	1
7916	1
7917	1
7918	1
7919	0
7920	0
7921	0
7922	0
7923	0
7924	0
7925	0
7926	1
7927	0
7928	0
7929	0
7930	0
7931	0
7932	0
7933	1
7934	2
7935	0
7936	0
7937	0
7938	1
7939	0
7940	0
7941	1
7942	1
7943	1
7944	0
7945	0
7946	0
7947	1
7948	1
7949	3
7950	2
7951	0
7952	0
7953	0
7954	0
7955	1
7956	1
7957	0
7958	0
7959	0
7960	0
7961	1
7962	1
7963	0
7964	1
7965	0
7966	0
7967	1
7968	0
7969	0
7970	0
7971	1
7972	0
7973	1
7974	0
7975	0
7976	0
7977	0
7978	1
7979	0
7980	1
7981	0
7982	0
7983	1
7984	0
7985	0
7986	0
7987	0
7988	0
7989	0
7990	1
7991	1
7992	1
7993	1
7994	0
7995	1
7996	1
7997	1
7998	0
7999	1
8000	1
8001	0
8002	0
8003	1
8004	0
8005	1
8006	1
8007	0
8008	1
8009	0
8010	1
8011	2
8012	0
8013	0
8014	0
8015	0
8016	0
8017	0
8018	1
8019	2
8020	0
8021	0
8022	0
8023	0
8024	0
8025	0
8026	1
8027	1
8028	0
8029	1
8030	0
8031	2
8032	3
8033	3
8034	1
8035	1
8036	0
8037	0
8038	0
8039	2
8040	1
8041	0
8042	0
8043	0
8044	0
8045	0
8046	0
8047	0
8048	2
8049	0
8050	2
8051	0
8052	0
8053	0
8054	0
8055	0
8056	0
8057	0
8058	1
8059	0
8060	1
8061	0
8062	0
8063	0
8064	1
8065	0
8066	0
8067	0
8068	0
8069	0
8070	0
8071	0
8072	1
8073	1
8074	1
8075	1
8076	0
8077	1
8078	0
8079	1
8080	0
8081	1
8082	1
8083	0
8084	0
8085	1
8086	2
8087	1
8088	0
8089	1
8090	1
8091	1
8092	1
8093	2
8094	1
8095	0
8096	1
8097	0
8098	0
8099	0
8100	0
8101	0
8102	0
8103	0
8104	0
8105	0
8106	0
8107	0
8108	0
8109	0
8110	0
8111	0
8112	0
8113	0
8114	0
8115	0
8116	0
8117	0
8118	0
8119	0
8120	0
8121	0
8122	0
8123	0
8124	0
8125	0
8126	0
8127	0
8128	0
8129	0
8130	0
8131	0
8132	0
8133	0
8134	0
8135	0
8136	0
8137	0
8138	0
8139	0
8140	0
8141	0
8142	0
8143	0
8144	0
8145	0
8146	0
8147	0
8148	0
8149	0
8150	0
8151	0
8152	0
8153	0
8154	0
8155	0
8156	0
8157	0
8158	0
8159	0
8160	0
8161	0
8162	0
8163	0
8164	0
8165	0
8166	0
8167	0
8168	0
8169	0
8170	0
8171	0
8172	0
8173	0
8174	0
8175	0
8176	0
8177	0
8178	0
8179	0
8180	0
8181	0
8182	0
8183	0
8184	0
8185	0
8186	0
8187	0
8188	0
8189	0
8190	0
8191	0
