0	0
1	0
2	0
3	0
4	0
5	0
6	0
7	0
8	0
9	0
10	0
11	0
12	0
13	0
14	0
15	0
16	0
17	0
18	0
19	0
20	0
21	0
22	0
23	0
24	0
25	0
26	0
27	0
28	0
29	0
30	0
31	0
32	0
33	0
34	0
35	0
36	0
37	0
38	0
39	0
40	0
41	0
42	0
43	0
44	0
45	0
46	0
47	0
48	0
49	0
50	0
51	0
52	0
53	0
54	0
55	0
56	0
57	0
58	0
59	0
60	0
61	0
62	0
63	0
64	0
65	0
66	0
67	0
68	0
69	0
70	0
71	0
72	0
73	0
74	0
75	0
76	0
77	0
78	0
79	0
80	0
81	0
82	0
83	0
84	0
85	0
86	0
87	0
88	0
89	0
90	0
91	0
92	0
93	0
94	0
95	0
96	0
97	0
98	0
99	0
100	0
101	0
102	0
103	0
104	0
105	0
106	0
107	0
108	0
109	0
110	0
111	0
112	0
113	0
114	0
115	0
116	0
117	0
118	0
119	0
120	0
121	0
122	0
123	0
124	0
125	0
126	0
127	0
128	0
129	0
130	0
131	0
132	0
133	0
134	0
135	0
136	0
137	0
138	0
139	0
140	0
141	0
142	0
143	0
144	0
145	0
146	0
147	0
148	0
149	0
150	0
151	0
152	0
153	0
154	0
155	0
156	0
157	0
158	0
159	0
160	0
161	0
162	0
163	0
164	0
165	0
166	0
167	0
168	0
169	0
170	0
171	0
172	0
173	0
174	0
175	0
176	0
177	0
178	0
179	0
180	2
181	10
182	23
183	32
184	34
185	35
186	46
187	37
188	31
189	32
190	37
191	30
192	44
193	31
194	23
195	36
196	28
197	29
198	20
199	27
200	28
201	30
202	33
203	28
204	25
205	39
206	25
207	32
208	25
209	36
210	29
211	32
212	37
213	26
214	31
215	26
216	28
217	35
218	30
219	30
220	27
221	33
222	32
223	24
224	31
225	39
226	33
227	27
228	36
229	31
230	26
231	45
232	33
233	29
234	43
235	36
236	41
237	33
238	32
239	36
240	36
241	21
242	24
243	21
244	24
245	34
246	32
247	28
248	21
249	24
250	49
251	29
252	33
253	29
254	34
255	26
256	26
257	29
258	27
259	33
260	40
261	24
262	30
263	34
264	28
265	33
266	26
267	25
268	29
269	31
270	28
271	30
272	36
273	28
274	27
275	33
276	25
277	28
278	42
279	25
280	27
281	30
282	25
283	30
284	28
285	25
286	26
287	31
288	27
289	23
290	23
291	26
292	33
293	34
294	29
295	35
296	28
297	30
298	33
299	24
300	29
301	32
302	28
303	43
304	36
305	27
306	44
307	28
308	36
309	36
310	35
311	33
312	35
313	31
314	29
315	28
316	23
317	26
318	38
319	32
320	29
321	32
322	29
323	24
324	29
325	38
326	32
327	28
328	30
329	24
330	36
331	33
332	28
333	31
334	38
335	28
336	28
337	34
338	22
339	32
340	27
341	25
342	34
343	27
344	33
345	30
346	44
347	44
348	30
349	25
350	28
351	29
352	33
353	26
354	41
355	42
356	38
357	20
358	38
359	25
360	35
361	21
362	33
363	32
364	27
365	32
366	24
367	46
368	23
369	35
370	30
371	40
372	30
373	40
374	35
375	40
376	25
377	35
378	36
379	26
380	30
381	36
382	32
383	48
384	36
385	27
386	28
387	28
388	43
389	41
390	36
391	47
392	32
393	32
394	35
395	36
396	24
397	31
398	23
399	29
400	30
401	35
402	35
403	33
404	30
405	33
406	31
407	27
408	23
409	26
410	27
411	38
412	27
413	32
414	22
415	40
416	33
417	28
418	34
419	22
420	30
421	34
422	33
423	32
424	25
425	22
426	27
427	35
428	30
429	37
430	29
431	30
432	40
433	36
434	27
435	53
436	37
437	27
438	29
439	35
440	19
441	28
442	29
443	36
444	23
445	35
446	30
447	36
448	31
449	32
450	23
451	22
452	39
453	38
454	30
455	32
456	27
457	32
458	33
459	34
460	31
461	28
462	38
463	27
464	39
465	20
466	24
467	30
468	26
469	36
470	25
471	34
472	27
473	42
474	29
475	26
476	32
477	31
478	24
479	32
480	47
481	25
482	37
483	26
484	37
485	30
486	38
487	44
488	29
489	21
490	36
491	23
492	26
493	32
494	29
495	40
496	35
497	31
498	37
499	32
500	31
501	29
502	34
503	35
504	26
505	33
506	44
507	33
508	31
509	33
510	41
511	37
512	30
513	30
514	26
515	30
516	37
517	41
518	29
519	33
520	31
521	21
522	30
523	31
524	30
525	26
526	29
527	41
528	31
529	34
530	41
531	34
532	32
533	29
534	33
535	46
536	27
537	26
538	25
539	37
540	35
541	32
542	37
543	33
544	31
545	45
546	31
547	35
548	32
549	31
550	30
551	42
552	40
553	47
554	33
555	25
556	35
557	39
558	33
559	32
560	29
561	33
562	30
563	31
564	32
565	26
566	46
567	32
568	20
569	28
570	41
571	38
572	32
573	31
574	33
575	34
576	40
577	39
578	29
579	30
580	40
581	28
582	36
583	29
584	25
585	27
586	30
587	29
588	39
589	35
590	35
591	25
592	21
593	23
594	35
595	36
596	34
597	26
598	27
599	32
600	29
601	29
602	26
603	39
604	32
605	36
606	30
607	41
608	33
609	35
610	24
611	31
612	28
613	32
614	24
615	28
616	43
617	35
618	35
619	34
620	28
621	30
622	37
623	19
624	41
625	34
626	35
627	31
628	37
629	29
630	31
631	34
632	28
633	39
634	34
635	40
636	32
637	36
638	38
639	41
640	34
641	42
642	43
643	43
644	25
645	25
646	39
647	37
648	29
649	34
650	31
651	37
652	32
653	33
654	27
655	26
656	29
657	46
658	37
659	25
660	20
661	28
662	40
663	23
664	37
665	22
666	34
667	32
668	21
669	36
670	32
671	30
672	38
673	34
674	34
675	31
676	42
677	35
678	34
679	31
680	29
681	34
682	38
683	26
684	48
685	29
686	29
687	35
688	27
689	45
690	26
691	35
692	39
693	34
694	29
695	29
696	40
697	23
698	33
699	40
700	40
701	34
702	43
703	40
704	30
705	38
706	52
707	55
708	46
709	40
710	30
711	38
712	43
713	43
714	47
715	43
716	27
717	45
718	41
719	47
720	39
721	46
722	34
723	32
724	29
725	42
726	31
727	27
728	46
729	49
730	42
731	39
732	43
733	37
734	29
735	27
736	34
737	46
738	37
739	38
740	40
741	37
742	46
743	35
744	40
745	33
746	33
747	41
748	29
749	31
750	43
751	41
752	25
753	40
754	44
755	36
756	39
757	42
758	39
759	45
760	41
761	45
762	39
763	30
764	43
765	36
766	42
767	44
768	45
769	35
770	31
771	38
772	37
773	48
774	31
775	45
776	38
777	40
778	49
779	35
780	40
781	53
782	38
783	41
784	41
785	46
786	43
787	54
788	44
789	45
790	32
791	47
792	48
793	43
794	36
795	40
796	40
797	45
798	38
799	50
800	43
801	52
802	43
803	45
804	40
805	48
806	41
807	64
808	43
809	43
810	47
811	49
812	50
813	43
814	67
815	63
816	51
817	52
818	53
819	54
820	49
821	55
822	58
823	50
824	59
825	50
826	62
827	51
828	60
829	62
830	54
831	70
832	57
833	61
834	51
835	57
836	56
837	60
838	67
839	62
840	69
841	51
842	71
843	61
844	65
845	65
846	58
847	69
848	51
849	61
850	72
851	60
852	70
853	77
854	76
855	64
856	64
857	55
858	67
859	87
860	71
861	77
862	88
863	63
864	74
865	78
866	57
867	69
868	70
869	54
870	68
871	68
872	55
873	70
874	64
875	70
876	63
877	68
878	50
879	66
880	45
881	86
882	55
883	71
884	65
885	63
886	68
887	71
888	72
889	61
890	65
891	58
892	50
893	58
894	58
895	61
896	58
897	57
898	51
899	53
900	48
901	64
902	45
903	73
904	56
905	48
906	66
907	55
908	49
909	47
910	52
911	39
912	50
913	34
914	52
915	46
916	56
917	47
918	54
919	52
920	39
921	49
922	53
923	49
924	53
925	46
926	41
927	48
928	55
929	48
930	53
931	50
932	48
933	41
934	52
935	41
936	41
937	46
938	40
939	53
940	46
941	51
942	57
943	46
944	43
945	41
946	57
947	48
948	36
949	51
950	55
951	50
952	59
953	47
954	43
955	50
956	47
957	52
958	43
959	53
960	58
961	55
962	50
963	56
964	53
965	59
966	59
967	43
968	63
969	46
970	48
971	59
972	59
973	56
974	50
975	57
976	60
977	49
978	38
979	45
980	44
981	44
982	50
983	47
984	47
985	51
986	54
987	53
988	65
989	48
990	50
991	32
992	44
993	58
994	49
995	42
996	47
997	46
998	46
999	50
1000	43
1001	54
1002	36
1003	37
1004	50
1005	40
1006	50
1007	48
1008	35
1009	57
1010	49
1011	49
1012	38
1013	43
1014	48
1015	39
1016	44
1017	61
1018	39
1019	47
1020	60
1021	54
1022	47
1023	55
1024	37
1025	38
1026	33
1027	42
1028	43
1029	46
1030	39
1031	46
1032	36
1033	45
1034	50
1035	42
1036	46
1037	55
1038	43
1039	53
1040	53
1041	55
1042	37
1043	54
1044	45
1045	43
1046	42
1047	34
1048	47
1049	41
1050	43
1051	34
1052	51
1053	39
1054	50
1055	33
1056	27
1057	40
1058	44
1059	43
1060	43
1061	40
1062	41
1063	43
1064	42
1065	42
1066	46
1067	47
1068	42
1069	38
1070	36
1071	48
1072	45
1073	35
1074	50
1075	58
1076	38
1077	43
1078	35
1079	33
1080	39
1081	44
1082	50
1083	29
1084	35
1085	44
1086	40
1087	33
1088	42
1089	53
1090	37
1091	40
1092	40
1093	45
1094	40
1095	49
1096	52
1097	38
1098	35
1099	45
1100	46
1101	38
1102	43
1103	50
1104	49
1105	51
1106	33
1107	47
1108	37
1109	47
1110	43
1111	36
1112	49
1113	50
1114	38
1115	39
1116	50
1117	42
1118	40
1119	37
1120	32
1121	49
1122	54
1123	46
1124	34
1125	41
1126	43
1127	35
1128	52
1129	52
1130	35
1131	50
1132	41
1133	43
1134	40
1135	39
1136	50
1137	31
1138	50
1139	45
1140	41
1141	46
1142	43
1143	49
1144	41
1145	38
1146	36
1147	44
1148	53
1149	52
1150	37
1151	51
1152	46
1153	46
1154	53
1155	48
1156	39
1157	50
1158	59
1159	50
1160	49
1161	48
1162	48
1163	45
1164	42
1165	48
1166	41
1167	43
1168	42
1169	53
1170	55
1171	40
1172	49
1173	47
1174	49
1175	59
1176	49
1177	35
1178	46
1179	65
1180	48
1181	41
1182	54
1183	48
1184	40
1185	40
1186	41
1187	44
1188	37
1189	53
1190	47
1191	33
1192	50
1193	41
1194	48
1195	51
1196	53
1197	57
1198	53
1199	45
1200	37
1201	41
1202	52
1203	42
1204	37
1205	42
1206	50
1207	48
1208	38
1209	46
1210	40
1211	54
1212	45
1213	49
1214	47
1215	45
1216	50
1217	45
1218	44
1219	43
1220	46
1221	45
1222	59
1223	56
1224	41
1225	41
1226	40
1227	38
1228	44
1229	51
1230	64
1231	69
1232	54
1233	46
1234	56
1235	49
1236	56
1237	44
1238	49
1239	43
1240	57
1241	51
1242	50
1243	57
1244	58
1245	56
1246	40
1247	55
1248	46
1249	68
1250	44
1251	44
1252	54
1253	45
1254	45
1255	46
1256	40
1257	58
1258	56
1259	50
1260	55
1261	52
1262	55
1263	59
1264	54
1265	47
1266	50
1267	44
1268	59
1269	46
1270	61
1271	48
1272	48
1273	60
1274	42
1275	51
1276	50
1277	44
1278	46
1279	56
1280	57
1281	56
1282	54
1283	52
1284	46
1285	40
1286	49
1287	52
1288	52
1289	66
1290	54
1291	57
1292	40
1293	51
1294	54
1295	57
1296	49
1297	52
1298	37
1299	63
1300	60
1301	56
1302	63
1303	57
1304	59
1305	55
1306	56
1307	56
1308	48
1309	57
1310	63
1311	55
1312	60
1313	49
1314	54
1315	52
1316	36
1317	51
1318	50
1319	47
1320	60
1321	61
1322	49
1323	60
1324	58
1325	58
1326	56
1327	48
1328	66
1329	57
1330	70
1331	64
1332	57
1333	67
1334	44
1335	64
1336	49
1337	53
1338	54
1339	57
1340	56
1341	58
1342	57
1343	55
1344	62
1345	53
1346	62
1347	65
1348	49
1349	75
1350	55
1351	59
1352	53
1353	57
1354	65
1355	56
1356	57
1357	57
1358	56
1359	55
1360	71
1361	68
1362	53
1363	66
1364	57
1365	68
1366	70
1367	74
1368	69
1369	54
1370	64
1371	51
1372	74
1373	59
1374	76
1375	52
1376	66
1377	54
1378	73
1379	56
1380	54
1381	65
1382	74
1383	67
1384	64
1385	54
1386	63
1387	56
1388	54
1389	76
1390	54
1391	66
1392	62
1393	53
1394	64
1395	67
1396	54
1397	57
1398	63
1399	61
1400	61
1401	75
1402	56
1403	57
1404	72
1405	59
1406	55
1407	55
1408	60
1409	57
1410	48
1411	68
1412	66
1413	67
1414	72
1415	66
1416	63
1417	59
1418	60
1419	59
1420	59
1421	77
1422	72
1423	62
1424	56
1425	80
1426	78
1427	63
1428	60
1429	56
1430	67
1431	65
1432	65
1433	75
1434	68
1435	60
1436	63
1437	58
1438	68
1439	68
1440	92
1441	74
1442	60
1443	68
1444	63
1445	62
1446	72
1447	71
1448	71
1449	67
1450	65
1451	68
1452	65
1453	55
1454	78
1455	71
1456	73
1457	55
1458	67
1459	66
1460	63
1461	77
1462	65
1463	61
1464	71
1465	74
1466	65
1467	84
1468	65
1469	85
1470	78
1471	76
1472	75
1473	57
1474	61
1475	63
1476	75
1477	75
1478	73
1479	51
1480	66
1481	74
1482	63
1483	64
1484	58
1485	69
1486	65
1487	76
1488	73
1489	68
1490	88
1491	72
1492	68
1493	58
1494	70
1495	66
1496	52
1497	77
1498	65
1499	70
1500	70
1501	78
1502	58
1503	65
1504	66
1505	47
1506	70
1507	63
1508	59
1509	64
1510	60
1511	72
1512	68
1513	74
1514	83
1515	61
1516	69
1517	80
1518	75
1519	54
1520	76
1521	67
1522	67
1523	75
1524	71
1525	79
1526	66
1527	78
1528	55
1529	63
1530	69
1531	70
1532	60
1533	62
1534	60
1535	64
1536	66
1537	63
1538	68
1539	68
1540	74
1541	68
1542	77
1543	77
1544	58
1545	92
1546	74
1547	76
1548	74
1549	65
1550	70
1551	63
1552	80
1553	63
1554	70
1555	71
1556	68
1557	62
1558	70
1559	68
1560	67
1561	71
1562	73
1563	65
1564	58
1565	57
1566	75
1567	71
1568	80
1569	82
1570	69
1571	62
1572	73
1573	55
1574	70
1575	71
1576	45
1577	83
1578	66
1579	84
1580	83
1581	78
1582	85
1583	66
1584	69
1585	63
1586	67
1587	59
1588	55
1589	58
1590	67
1591	77
1592	62
1593	79
1594	68
1595	59
1596	78
1597	80
1598	80
1599	75
1600	65
1601	68
1602	58
1603	68
1604	52
1605	74
1606	55
1607	54
1608	72
1609	84
1610	68
1611	82
1612	77
1613	67
1614	61
1615	72
1616	63
1617	70
1618	69
1619	62
1620	53
1621	69
1622	63
1623	70
1624	79
1625	75
1626	66
1627	73
1628	74
1629	72
1630	87
1631	86
1632	57
1633	55
1634	67
1635	79
1636	74
1637	74
1638	74
1639	63
1640	71
1641	73
1642	73
1643	62
1644	66
1645	76
1646	60
1647	77
1648	64
1649	75
1650	67
1651	61
1652	75
1653	53
1654	65
1655	68
1656	66
1657	65
1658	66
1659	69
1660	75
1661	69
1662	72
1663	71
1664	62
1665	72
1666	82
1667	63
1668	72
1669	68
1670	59
1671	76
1672	67
1673	76
1674	64
1675	59
1676	69
1677	78
1678	76
1679	73
1680	57
1681	66
1682	74
1683	68
1684	77
1685	77
1686	79
1687	71
1688	74
1689	63
1690	83
1691	70
1692	68
1693	71
1694	84
1695	65
1696	54
1697	65
1698	81
1699	72
1700	62
1701	75
1702	65
1703	59
1704	63
1705	62
1706	67
1707	72
1708	60
1709	75
1710	71
1711	80
1712	57
1713	57
1714	69
1715	67
1716	73
1717	76
1718	76
1719	65
1720	64
1721	78
1722	73
1723	63
1724	72
1725	47
1726	56
1727	65
1728	81
1729	82
1730	76
1731	81
1732	68
1733	63
1734	75
1735	71
1736	77
1737	63
1738	78
1739	67
1740	72
1741	74
1742	73
1743	63
1744	70
1745	61
1746	63
1747	70
1748	57
1749	68
1750	60
1751	67
1752	69
1753	71
1754	88
1755	64
1756	74
1757	80
1758	60
1759	73
1760	77
1761	72
1762	75
1763	59
1764	50
1765	79
1766	56
1767	65
1768	79
1769	61
1770	82
1771	71
1772	58
1773	83
1774	62
1775	67
1776	71
1777	81
1778	63
1779	70
1780	76
1781	76
1782	64
1783	54
1784	65
1785	59
1786	66
1787	72
1788	86
1789	77
1790	64
1791	77
1792	75
1793	66
1794	77
1795	71
1796	84
1797	68
1798	60
1799	86
1800	85
1801	53
1802	60
1803	62
1804	61
1805	83
1806	73
1807	61
1808	61
1809	77
1810	55
1811	83
1812	62
1813	59
1814	72
1815	74
1816	66
1817	83
1818	80
1819	59
1820	56
1821	85
1822	76
1823	68
1824	84
1825	73
1826	61
1827	84
1828	72
1829	70
1830	61
1831	69
1832	75
1833	75
1834	87
1835	69
1836	69
1837	71
1838	75
1839	61
1840	67
1841	67
1842	82
1843	69
1844	92
1845	80
1846	65
1847	62
1848	76
1849	77
1850	55
1851	69
1852	71
1853	82
1854	80
1855	54
1856	79
1857	88
1858	65
1859	58
1860	72
1861	84
1862	62
1863	60
1864	82
1865	66
1866	65
1867	66
1868	68
1869	60
1870	69
1871	66
1872	79
1873	82
1874	55
1875	73
1876	74
1877	84
1878	82
1879	74
1880	76
1881	62
1882	71
1883	64
1884	76
1885	69
1886	81
1887	76
1888	75
1889	88
1890	76
1891	65
1892	59
1893	77
1894	80
1895	73
1896	86
1897	71
1898	69
1899	82
1900	69
1901	72
1902	64
1903	64
1904	66
1905	67
1906	61
1907	71
1908	85
1909	82
1910	74
1911	78
1912	76
1913	67
1914	69
1915	69
1916	58
1917	81
1918	75
1919	82
1920	52
1921	66
1922	65
1923	78
1924	91
1925	79
1926	73
1927	76
1928	77
1929	69
1930	74
1931	72
1932	87
1933	71
1934	86
1935	67
1936	60
1937	71
1938	61
1939	86
1940	76
1941	79
1942	81
1943	57
1944	76
1945	74
1946	75
1947	87
1948	78
1949	60
1950	67
1951	75
1952	80
1953	76
1954	77
1955	67
1956	76
1957	84
1958	70
1959	81
1960	74
1961	70
1962	63
1963	77
1964	68
1965	76
1966	76
1967	79
1968	75
1969	76
1970	60
1971	64
1972	74
1973	77
1974	62
1975	68
1976	84
1977	69
1978	68
1979	78
1980	80
1981	66
1982	71
1983	71
1984	97
1985	68
1986	75
1987	72
1988	82
1989	72
1990	67
1991	84
1992	78
1993	77
1994	73
1995	70
1996	73
1997	69
1998	76
1999	80
2000	69
2001	63
2002	79
2003	62
2004	98
2005	81
2006	89
2007	70
2008	82
2009	72
2010	86
2011	76
2012	72
2013	76
2014	73
2015	71
2016	68
2017	78
2018	71
2019	79
2020	85
2021	97
2022	71
2023	67
2024	64
2025	72
2026	80
2027	71
2028	83
2029	85
2030	75
2031	78
2032	83
2033	78
2034	93
2035	87
2036	80
2037	87
2038	76
2039	79
2040	64
2041	85
2042	75
2043	83
2044	64
2045	87
2046	73
2047	62
2048	76
2049	77
2050	71
2051	75
2052	73
2053	67
2054	83
2055	76
2056	81
2057	71
2058	86
2059	74
2060	81
2061	66
2062	94
2063	74
2064	94
2065	70
2066	74
2067	62
2068	79
2069	76
2070	83
2071	67
2072	79
2073	88
2074	72
2075	92
2076	76
2077	75
2078	72
2079	94
2080	62
2081	87
2082	94
2083	98
2084	79
2085	63
2086	93
2087	71
2088	82
2089	76
2090	83
2091	79
2092	72
2093	65
2094	75
2095	74
2096	77
2097	85
2098	80
2099	77
2100	83
2101	73
2102	73
2103	79
2104	83
2105	85
2106	73
2107	77
2108	85
2109	83
2110	90
2111	78
2112	82
2113	93
2114	78
2115	78
2116	77
2117	76
2118	88
2119	78
2120	71
2121	75
2122	74
2123	84
2124	89
2125	71
2126	78
2127	67
2128	81
2129	58
2130	83
2131	67
2132	82
2133	83
2134	80
2135	86
2136	63
2137	79
2138	87
2139	95
2140	84
2141	74
2142	74
2143	82
2144	82
2145	77
2146	70
2147	95
2148	102
2149	84
2150	76
2151	70
2152	82
2153	94
2154	69
2155	73
2156	75
2157	89
2158	83
2159	92
2160	85
2161	94
2162	88
2163	85
2164	85
2165	74
2166	78
2167	74
2168	84
2169	72
2170	93
2171	79
2172	70
2173	81
2174	76
2175	82
2176	83
2177	73
2178	83
2179	82
2180	81
2181	61
2182	79
2183	69
2184	72
2185	82
2186	80
2187	80
2188	92
2189	79
2190	91
2191	70
2192	85
2193	77
2194	85
2195	80
2196	94
2197	67
2198	66
2199	84
2200	74
2201	59
2202	84
2203	78
2204	80
2205	79
2206	69
2207	88
2208	85
2209	83
2210	78
2211	69
2212	67
2213	75
2214	85
2215	88
2216	73
2217	79
2218	93
2219	88
2220	69
2221	87
2222	73
2223	85
2224	89
2225	98
2226	75
2227	78
2228	82
2229	79
2230	91
2231	88
2232	78
2233	75
2234	63
2235	82
2236	62
2237	61
2238	82
2239	76
2240	80
2241	73
2242	80
2243	86
2244	60
2245	88
2246	77
2247	74
2248	62
2249	79
2250	74
2251	75
2252	75
2253	78
2254	77
2255	70
2256	73
2257	74
2258	60
2259	87
2260	75
2261	70
2262	77
2263	93
2264	72
2265	80
2266	85
2267	95
2268	69
2269	63
2270	98
2271	73
2272	89
2273	71
2274	73
2275	79
2276	71
2277	72
2278	79
2279	83
2280	71
2281	90
2282	74
2283	71
2284	88
2285	83
2286	72
2287	71
2288	68
2289	96
2290	88
2291	66
2292	85
2293	76
2294	98
2295	74
2296	64
2297	88
2298	80
2299	58
2300	77
2301	91
2302	79
2303	79
2304	80
2305	75
2306	73
2307	81
2308	70
2309	83
2310	62
2311	87
2312	77
2313	80
2314	68
2315	77
2316	89
2317	93
2318	81
2319	82
2320	77
2321	94
2322	88
2323	87
2324	83
2325	105
2326	73
2327	70
2328	83
2329	69
2330	75
2331	79
2332	90
2333	66
2334	82
2335	81
2336	73
2337	72
2338	77
2339	88
2340	83
2341	82
2342	88
2343	66
2344	88
2345	81
2346	79
2347	102
2348	86
2349	91
2350	98
2351	99
2352	57
2353	89
2354	77
2355	88
2356	92
2357	71
2358	92
2359	83
2360	80
2361	71
2362	74
2363	85
2364	80
2365	82
2366	93
2367	92
2368	76
2369	81
2370	83
2371	87
2372	84
2373	88
2374	83
2375	70
2376	100
2377	92
2378	82
2379	74
2380	85
2381	80
2382	70
2383	78
2384	94
2385	103
2386	81
2387	83
2388	90
2389	88
2390	73
2391	100
2392	79
2393	73
2394	85
2395	80
2396	88
2397	71
2398	88
2399	87
2400	84
2401	82
2402	63
2403	82
2404	85
2405	87
2406	88
2407	101
2408	106
2409	102
2410	100
2411	87
2412	87
2413	79
2414	96
2415	100
2416	103
2417	104
2418	99
2419	74
2420	83
2421	95
2422	94
2423	83
2424	108
2425	95
2426	88
2427	97
2428	89
2429	96
2430	85
2431	81
2432	94
2433	100
2434	96
2435	104
2436	71
2437	103
2438	77
2439	102
2440	107
2441	85
2442	108
2443	93
2444	107
2445	83
2446	105
2447	94
2448	93
2449	93
2450	85
2451	95
2452	93
2453	107
2454	114
2455	107
2456	121
2457	107
2458	98
2459	102
2460	104
2461	92
2462	84
2463	112
2464	77
2465	89
2466	101
2467	86
2468	123
2469	112
2470	114
2471	99
2472	93
2473	122
2474	101
2475	102
2476	104
2477	126
2478	107
2479	89
2480	141
2481	123
2482	116
2483	126
2484	120
2485	122
2486	106
2487	90
2488	95
2489	126
2490	100
2491	100
2492	114
2493	117
2494	126
2495	107
2496	120
2497	127
2498	137
2499	117
2500	130
2501	106
2502	114
2503	126
2504	103
2505	137
2506	133
2507	117
2508	103
2509	128
2510	116
2511	145
2512	133
2513	132
2514	132
2515	135
2516	127
2517	128
2518	121
2519	147
2520	126
2521	123
2522	138
2523	115
2524	129
2525	111
2526	114
2527	145
2528	117
2529	131
2530	125
2531	152
2532	135
2533	132
2534	141
2535	152
2536	139
2537	155
2538	150
2539	140
2540	143
2541	128
2542	143
2543	138
2544	156
2545	151
2546	135
2547	158
2548	145
2549	144
2550	146
2551	142
2552	152
2553	118
2554	160
2555	157
2556	143
2557	151
2558	154
2559	165
2560	136
2561	147
2562	165
2563	154
2564	171
2565	158
2566	142
2567	143
2568	170
2569	163
2570	177
2571	142
2572	179
2573	178
2574	157
2575	181
2576	173
2577	169
2578	153
2579	154
2580	159
2581	178
2582	173
2583	154
2584	157
2585	172
2586	186
2587	175
2588	178
2589	205
2590	162
2591	174
2592	161
2593	177
2594	186
2595	198
2596	181
2597	169
2598	186
2599	174
2600	164
2601	185
2602	170
2603	200
2604	175
2605	180
2606	167
2607	183
2608	180
2609	170
2610	153
2611	178
2612	203
2613	188
2614	186
2615	199
2616	197
2617	213
2618	194
2619	187
2620	186
2621	187
2622	173
2623	183
2624	186
2625	183
2626	196
2627	212
2628	197
2629	193
2630	212
2631	209
2632	225
2633	208
2634	188
2635	200
2636	193
2637	218
2638	203
2639	207
2640	182
2641	191
2642	200
2643	198
2644	203
2645	207
2646	225
2647	217
2648	207
2649	210
2650	199
2651	200
2652	208
2653	221
2654	209
2655	224
2656	222
2657	218
2658	199
2659	220
2660	233
2661	197
2662	209
2663	244
2664	231
2665	235
2666	216
2667	221
2668	225
2669	222
2670	199
2671	243
2672	215
2673	207
2674	228
2675	206
2676	230
2677	224
2678	248
2679	200
2680	242
2681	251
2682	201
2683	231
2684	265
2685	230
2686	197
2687	234
2688	229
2689	246
2690	223
2691	201
2692	211
2693	246
2694	217
2695	217
2696	219
2697	243
2698	233
2699	225
2700	212
2701	225
2702	225
2703	228
2704	251
2705	234
2706	227
2707	231
2708	215
2709	252
2710	245
2711	262
2712	251
2713	226
2714	223
2715	247
2716	262
2717	221
2718	237
2719	255
2720	241
2721	239
2722	221
2723	236
2724	246
2725	218
2726	265
2727	240
2728	236
2729	228
2730	228
2731	235
2732	256
2733	243
2734	249
2735	248
2736	229
2737	273
2738	251
2739	235
2740	227
2741	242
2742	254
2743	271
2744	211
2745	225
2746	270
2747	243
2748	249
2749	213
2750	240
2751	204
2752	254
2753	243
2754	252
2755	262
2756	232
2757	264
2758	260
2759	270
2760	272
2761	243
2762	247
2763	246
2764	243
2765	236
2766	257
2767	238
2768	215
2769	253
2770	223
2771	242
2772	255
2773	253
2774	235
2775	242
2776	249
2777	246
2778	223
2779	274
2780	221
2781	213
2782	266
2783	263
2784	240
2785	260
2786	226
2787	265
2788	257
2789	239
2790	236
2791	273
2792	223
2793	260
2794	230
2795	245
2796	217
2797	242
2798	241
2799	244
2800	242
2801	231
2802	253
2803	270
2804	245
2805	229
2806	245
2807	249
2808	249
2809	265
2810	239
2811	242
2812	207
2813	246
2814	220
2815	253
2816	245
2817	249
2818	253
2819	241
2820	230
2821	205
2822	229
2823	220
2824	252
2825	225
2826	229
2827	238
2828	256
2829	233
2830	247
2831	248
2832	236
2833	230
2834	237
2835	214
2836	210
2837	217
2838	239
2839	224
2840	218
2841	243
2842	202
2843	222
2844	234
2845	206
2846	222
2847	255
2848	244
2849	216
2850	249
2851	244
2852	219
2853	210
2854	210
2855	219
2856	233
2857	248
2858	196
2859	209
2860	225
2861	236
2862	225
2863	186
2864	201
2865	191
2866	220
2867	208
2868	230
2869	236
2870	207
2871	227
2872	182
2873	194
2874	242
2875	205
2876	207
2877	178
2878	219
2879	231
2880	206
2881	204
2882	211
2883	204
2884	191
2885	189
2886	203
2887	191
2888	201
2889	188
2890	205
2891	204
2892	201
2893	197
2894	208
2895	207
2896	194
2897	210
2898	194
2899	208
2900	198
2901	200
2902	174
2903	187
2904	194
2905	201
2906	169
2907	168
2908	194
2909	200
2910	183
2911	185
2912	177
2913	205
2914	189
2915	180
2916	162
2917	216
2918	199
2919	167
2920	183
2921	170
2922	163
2923	167
2924	178
2925	177
2926	169
2927	171
2928	184
2929	165
2930	168
2931	164
2932	172
2933	186
2934	154
2935	163
2936	164
2937	170
2938	154
2939	153
2940	150
2941	174
2942	154
2943	164
2944	132
2945	161
2946	168
2947	158
2948	150
2949	145
2950	148
2951	169
2952	138
2953	166
2954	159
2955	157
2956	159
2957	144
2958	148
2959	161
2960	148
2961	128
2962	161
2963	148
2964	132
2965	158
2966	136
2967	150
2968	142
2969	134
2970	155
2971	134
2972	144
2973	139
2974	158
2975	147
2976	155
2977	140
2978	133
2979	162
2980	152
2981	145
2982	132
2983	126
2984	120
2985	138
2986	110
2987	116
2988	137
2989	126
2990	149
2991	128
2992	143
2993	125
2994	134
2995	124
2996	127
2997	114
2998	111
2999	125
3000	120
3001	132
3002	116
3003	124
3004	101
3005	121
3006	120
3007	125
3008	129
3009	123
3010	116
3011	127
3012	108
3013	115
3014	95
3015	132
3016	119
3017	121
3018	108
3019	102
3020	96
3021	120
3022	100
3023	104
3024	108
3025	112
3026	118
3027	121
3028	127
3029	87
3030	120
3031	123
3032	96
3033	90
3034	103
3035	115
3036	103
3037	92
3038	109
3039	93
3040	105
3041	100
3042	102
3043	100
3044	111
3045	94
3046	112
3047	89
3048	97
3049	96
3050	89
3051	89
3052	110
3053	101
3054	78
3055	90
3056	86
3057	102
3058	94
3059	85
3060	70
3061	97
3062	74
3063	76
3064	76
3065	94
3066	83
3067	94
3068	95
3069	97
3070	88
3071	79
3072	78
3073	88
3074	90
3075	100
3076	70
3077	87
3078	80
3079	59
3080	82
3081	71
3082	72
3083	78
3084	73
3085	74
3086	75
3087	95
3088	73
3089	79
3090	72
3091	78
3092	78
3093	66
3094	86
3095	81
3096	81
3097	86
3098	59
3099	76
3100	61
3101	65
3102	80
3103	65
3104	70
3105	77
3106	72
3107	74
3108	81
3109	70
3110	64
3111	80
3112	74
3113	79
3114	76
3115	76
3116	51
3117	64
3118	58
3119	82
3120	65
3121	70
3122	57
3123	47
3124	61
3125	63
3126	70
3127	62
3128	67
3129	54
3130	62
3131	68
3132	48
3133	59
3134	60
3135	52
3136	61
3137	66
3138	73
3139	60
3140	67
3141	64
3142	60
3143	55
3144	59
3145	57
3146	44
3147	55
3148	55
3149	70
3150	68
3151	57
3152	50
3153	55
3154	61
3155	44
3156	54
3157	51
3158	52
3159	60
3160	62
3161	48
3162	59
3163	48
3164	72
3165	53
3166	51
3167	63
3168	46
3169	45
3170	58
3171	61
3172	47
3173	59
3174	37
3175	51
3176	54
3177	53
3178	50
3179	54
3180	58
3181	62
3182	51
3183	64
3184	60
3185	52
3186	43
3187	38
3188	36
3189	52
3190	50
3191	39
3192	47
3193	45
3194	58
3195	47
3196	60
3197	58
3198	52
3199	37
3200	38
3201	38
3202	53
3203	49
3204	45
3205	42
3206	44
3207	39
3208	43
3209	41
3210	35
3211	45
3212	32
3213	46
3214	48
3215	42
3216	57
3217	50
3218	44
3219	38
3220	39
3221	42
3222	34
3223	42
3224	30
3225	49
3226	38
3227	45
3228	36
3229	41
3230	44
3231	41
3232	21
3233	47
3234	33
3235	50
3236	36
3237	35
3238	56
3239	33
3240	41
3241	41
3242	39
3243	42
3244	43
3245	37
3246	39
3247	37
3248	43
3249	32
3250	32
3251	35
3252	42
3253	45
3254	38
3255	51
3256	37
3257	40
3258	36
3259	46
3260	36
3261	37
3262	38
3263	43
3264	49
3265	47
3266	38
3267	49
3268	43
3269	39
3270	40
3271	42
3272	40
3273	38
3274	38
3275	37
3276	39
3277	35
3278	44
3279	43
3280	46
3281	42
3282	41
3283	43
3284	28
3285	53
3286	26
3287	38
3288	38
3289	50
3290	32
3291	35
3292	34
3293	37
3294	45
3295	46
3296	35
3297	43
3298	32
3299	35
3300	44
3301	35
3302	27
3303	40
3304	35
3305	37
3306	34
3307	27
3308	42
3309	34
3310	41
3311	28
3312	38
3313	40
3314	43
3315	36
3316	31
3317	41
3318	41
3319	33
3320	44
3321	35
3322	41
3323	32
3324	42
3325	31
3326	29
3327	42
3328	36
3329	38
3330	34
3331	45
3332	36
3333	40
3334	30
3335	32
3336	39
3337	26
3338	39
3339	40
3340	35
3341	38
3342	36
3343	36
3344	40
3345	41
3346	34
3347	33
3348	34
3349	28
3350	57
3351	34
3352	44
3353	39
3354	29
3355	41
3356	40
3357	32
3358	39
3359	43
3360	37
3361	41
3362	33
3363	28
3364	37
3365	32
3366	35
3367	34
3368	33
3369	50
3370	38
3371	45
3372	40
3373	43
3374	46
3375	36
3376	23
3377	36
3378	32
3379	47
3380	32
3381	31
3382	37
3383	38
3384	29
3385	34
3386	35
3387	40
3388	31
3389	34
3390	39
3391	38
3392	33
3393	41
3394	35
3395	35
3396	34
3397	26
3398	40
3399	44
3400	39
3401	35
3402	29
3403	40
3404	36
3405	26
3406	25
3407	23
3408	36
3409	35
3410	34
3411	34
3412	31
3413	40
3414	38
3415	40
3416	39
3417	39
3418	32
3419	36
3420	31
3421	38
3422	27
3423	42
3424	40
3425	41
3426	45
3427	32
3428	34
3429	38
3430	39
3431	32
3432	39
3433	37
3434	28
3435	34
3436	30
3437	47
3438	43
3439	34
3440	39
3441	46
3442	31
3443	43
3444	35
3445	28
3446	35
3447	38
3448	41
3449	39
3450	33
3451	30
3452	33
3453	39
3454	37
3455	31
3456	41
3457	39
3458	24
3459	30
3460	33
3461	33
3462	29
3463	36
3464	34
3465	32
3466	36
3467	39
3468	36
3469	30
3470	37
3471	31
3472	41
3473	31
3474	45
3475	37
3476	40
3477	39
3478	42
3479	36
3480	36
3481	39
3482	46
3483	30
3484	44
3485	34
3486	32
3487	33
3488	36
3489	30
3490	42
3491	34
3492	35
3493	39
3494	37
3495	35
3496	29
3497	37
3498	37
3499	28
3500	36
3501	37
3502	36
3503	32
3504	33
3505	28
3506	49
3507	46
3508	24
3509	23
3510	42
3511	28
3512	27
3513	31
3514	49
3515	29
3516	36
3517	32
3518	37
3519	41
3520	43
3521	44
3522	38
3523	35
3524	31
3525	44
3526	35
3527	36
3528	29
3529	46
3530	33
3531	36
3532	42
3533	32
3534	35
3535	47
3536	43
3537	32
3538	39
3539	29
3540	45
3541	33
3542	47
3543	45
3544	42
3545	37
3546	43
3547	41
3548	44
3549	38
3550	32
3551	35
3552	41
3553	36
3554	26
3555	31
3556	38
3557	38
3558	31
3559	36
3560	22
3561	32
3562	31
3563	35
3564	37
3565	30
3566	40
3567	29
3568	44
3569	28
3570	40
3571	28
3572	44
3573	36
3574	38
3575	40
3576	34
3577	32
3578	34
3579	36
3580	32
3581	41
3582	35
3583	33
3584	33
3585	35
3586	39
3587	23
3588	40
3589	31
3590	48
3591	38
3592	40
3593	46
3594	28
3595	30
3596	28
3597	33
3598	22
3599	31
3600	30
3601	31
3602	37
3603	38
3604	33
3605	47
3606	33
3607	28
3608	32
3609	41
3610	42
3611	26
3612	29
3613	44
3614	26
3615	33
3616	29
3617	41
3618	38
3619	30
3620	37
3621	38
3622	42
3623	38
3624	35
3625	41
3626	23
3627	39
3628	42
3629	31
3630	37
3631	46
3632	30
3633	32
3634	34
3635	37
3636	37
3637	39
3638	32
3639	36
3640	45
3641	38
3642	30
3643	35
3644	51
3645	36
3646	44
3647	34
3648	30
3649	42
3650	27
3651	35
3652	38
3653	37
3654	25
3655	36
3656	38
3657	44
3658	39
3659	45
3660	39
3661	29
3662	35
3663	29
3664	36
3665	39
3666	43
3667	43
3668	48
3669	42
3670	30
3671	27
3672	40
3673	38
3674	51
3675	36
3676	37
3677	42
3678	43
3679	40
3680	41
3681	25
3682	30
3683	28
3684	30
3685	34
3686	49
3687	37
3688	34
3689	40
3690	33
3691	36
3692	38
3693	37
3694	40
3695	58
3696	35
3697	30
3698	47
3699	32
3700	32
3701	28
3702	39
3703	47
3704	47
3705	46
3706	43
3707	40
3708	29
3709	45
3710	41
3711	40
3712	44
3713	30
3714	29
3715	47
3716	50
3717	30
3718	31
3719	41
3720	44
3721	38
3722	39
3723	35
3724	34
3725	36
3726	29
3727	41
3728	32
3729	45
3730	33
3731	32
3732	32
3733	29
3734	50
3735	44
3736	35
3737	36
3738	37
3739	45
3740	36
3741	36
3742	40
3743	36
3744	40
3745	41
3746	33
3747	35
3748	32
3749	39
3750	38
3751	48
3752	46
3753	33
3754	39
3755	44
3756	30
3757	34
3758	40
3759	38
3760	41
3761	46
3762	37
3763	31
3764	32
3765	34
3766	47
3767	38
3768	34
3769	41
3770	34
3771	34
3772	44
3773	26
3774	40
3775	32
3776	35
3777	46
3778	38
3779	37
3780	29
3781	45
3782	53
3783	35
3784	42
3785	54
3786	31
3787	40
3788	36
3789	37
3790	42
3791	37
3792	33
3793	36
3794	33
3795	23
3796	34
3797	42
3798	46
3799	31
3800	37
3801	39
3802	31
3803	44
3804	34
3805	46
3806	28
3807	42
3808	31
3809	44
3810	42
3811	30
3812	34
3813	40
3814	44
3815	35
3816	37
3817	39
3818	36
3819	53
3820	33
3821	34
3822	43
3823	31
3824	42
3825	35
3826	45
3827	42
3828	44
3829	32
3830	42
3831	36
3832	43
3833	26
3834	35
3835	35
3836	30
3837	39
3838	38
3839	34
3840	35
3841	32
3842	39
3843	40
3844	36
3845	30
3846	32
3847	36
3848	28
3849	28
3850	38
3851	31
3852	36
3853	38
3854	33
3855	35
3856	40
3857	43
3858	31
3859	47
3860	36
3861	29
3862	39
3863	35
3864	32
3865	36
3866	32
3867	31
3868	39
3869	38
3870	25
3871	50
3872	39
3873	42
3874	39
3875	29
3876	31
3877	34
3878	42
3879	35
3880	42
3881	34
3882	35
3883	38
3884	36
3885	25
3886	22
3887	32
3888	36
3889	45
3890	32
3891	36
3892	30
3893	44
3894	33
3895	37
3896	39
3897	24
3898	40
3899	37
3900	39
3901	44
3902	41
3903	28
3904	33
3905	49
3906	43
3907	34
3908	35
3909	46
3910	39
3911	32
3912	30
3913	41
3914	39
3915	40
3916	48
3917	26
3918	34
3919	39
3920	43
3921	28
3922	43
3923	44
3924	34
3925	42
3926	43
3927	28
3928	41
3929	44
3930	32
3931	38
3932	29
3933	48
3934	43
3935	43
3936	41
3937	33
3938	37
3939	44
3940	44
3941	38
3942	30
3943	33
3944	42
3945	31
3946	52
3947	38
3948	28
3949	29
3950	38
3951	24
3952	36
3953	44
3954	40
3955	35
3956	30
3957	32
3958	43
3959	33
3960	36
3961	45
3962	35
3963	34
3964	41
3965	37
3966	34
3967	45
3968	43
3969	36
3970	34
3971	35
3972	32
3973	32
3974	41
3975	29
3976	27
3977	32
3978	34
3979	44
3980	38
3981	34
3982	32
3983	29
3984	38
3985	38
3986	43
3987	37
3988	39
3989	41
3990	30
3991	32
3992	33
3993	33
3994	32
3995	35
3996	41
3997	29
3998	21
3999	26
4000	32
4001	26
4002	41
4003	31
4004	37
4005	41
4006	38
4007	41
4008	34
4009	31
4010	25
4011	30
4012	33
4013	32
4014	29
4015	38
4016	30
4017	40
4018	34
4019	21
4020	38
4021	30
4022	38
4023	26
4024	28
4025	32
4026	25
4027	36
4028	30
4029	38
4030	42
4031	44
4032	25
4033	32
4034	31
4035	38
4036	36
4037	36
4038	27
4039	38
4040	42
4041	41
4042	33
4043	30
4044	44
4045	32
4046	32
4047	22
4048	24
4049	32
4050	27
4051	38
4052	25
4053	34
4054	45
4055	32
4056	35
4057	40
4058	29
4059	33
4060	27
4061	36
4062	31
4063	35
4064	34
4065	34
4066	22
4067	40
4068	29
4069	26
4070	34
4071	30
4072	31
4073	36
4074	32
4075	41
4076	27
4077	32
4078	27
4079	23
4080	31
4081	44
4082	32
4083	29
4084	29
4085	26
4086	26
4087	34
4088	38
4089	28
4090	27
4091	38
4092	33
4093	25
4094	32
4095	31
4096	27
4097	33
4098	29
4099	28
4100	38
4101	25
4102	26
4103	31
4104	27
4105	29
4106	38
4107	31
4108	37
4109	30
4110	32
4111	31
4112	28
4113	28
4114	27
4115	27
4116	35
4117	38
4118	32
4119	34
4120	34
4121	26
4122	23
4123	28
4124	32
4125	36
4126	32
4127	30
4128	32
4129	21
4130	28
4131	15
4132	24
4133	25
4134	26
4135	37
4136	31
4137	26
4138	36
4139	29
4140	28
4141	33
4142	44
4143	39
4144	30
4145	32
4146	26
4147	33
4148	32
4149	33
4150	46
4151	21
4152	29
4153	22
4154	37
4155	34
4156	26
4157	25
4158	24
4159	25
4160	27
4161	24
4162	17
4163	31
4164	32
4165	30
4166	41
4167	22
4168	34
4169	32
4170	24
4171	29
4172	28
4173	31
4174	31
4175	28
4176	31
4177	34
4178	25
4179	30
4180	29
4181	27
4182	35
4183	30
4184	27
4185	35
4186	34
4187	34
4188	31
4189	30
4190	37
4191	37
4192	36
4193	22
4194	23
4195	23
4196	20
4197	35
4198	27
4199	35
4200	29
4201	34
4202	24
4203	18
4204	29
4205	24
4206	34
4207	25
4208	27
4209	27
4210	29
4211	33
4212	25
4213	31
4214	21
4215	22
4216	33
4217	31
4218	30
4219	24
4220	30
4221	33
4222	35
4223	23
4224	29
4225	38
4226	26
4227	35
4228	33
4229	24
4230	27
4231	30
4232	30
4233	23
4234	27
4235	21
4236	29
4237	28
4238	30
4239	32
4240	30
4241	32
4242	32
4243	33
4244	30
4245	28
4246	30
4247	18
4248	32
4249	19
4250	30
4251	29
4252	25
4253	29
4254	23
4255	25
4256	25
4257	30
4258	24
4259	18
4260	27
4261	33
4262	33
4263	22
4264	24
4265	22
4266	27
4267	29
4268	25
4269	36
4270	33
4271	26
4272	25
4273	25
4274	16
4275	21
4276	27
4277	30
4278	36
4279	24
4280	24
4281	38
4282	28
4283	28
4284	28
4285	31
4286	17
4287	23
4288	40
4289	21
4290	21
4291	26
4292	26
4293	32
4294	27
4295	18
4296	25
4297	23
4298	33
4299	19
4300	21
4301	28
4302	23
4303	20
4304	27
4305	24
4306	20
4307	32
4308	24
4309	13
4310	21
4311	26
4312	32
4313	36
4314	10
4315	22
4316	22
4317	28
4318	24
4319	24
4320	24
4321	25
4322	26
4323	18
4324	23
4325	20
4326	20
4327	36
4328	21
4329	24
4330	18
4331	27
4332	14
4333	28
4334	29
4335	23
4336	26
4337	27
4338	27
4339	28
4340	28
4341	33
4342	24
4343	29
4344	30
4345	28
4346	30
4347	18
4348	27
4349	23
4350	20
4351	26
4352	20
4353	22
4354	26
4355	18
4356	20
4357	22
4358	23
4359	24
4360	25
4361	22
4362	12
4363	19
4364	32
4365	22
4366	31
4367	24
4368	20
4369	22
4370	22
4371	26
4372	21
4373	17
4374	26
4375	18
4376	33
4377	33
4378	25
4379	21
4380	17
4381	22
4382	25
4383	27
4384	30
4385	24
4386	24
4387	28
4388	30
4389	29
4390	22
4391	22
4392	24
4393	19
4394	27
4395	26
4396	23
4397	27
4398	28
4399	19
4400	20
4401	26
4402	21
4403	22
4404	21
4405	23
4406	33
4407	22
4408	16
4409	19
4410	19
4411	21
4412	21
4413	19
4414	23
4415	26
4416	13
4417	21
4418	22
4419	22
4420	16
4421	24
4422	25
4423	16
4424	20
4425	24
4426	17
4427	16
4428	23
4429	23
4430	20
4431	21
4432	28
4433	39
4434	23
4435	20
4436	20
4437	26
4438	21
4439	21
4440	18
4441	28
4442	21
4443	26
4444	29
4445	21
4446	19
4447	28
4448	22
4449	25
4450	27
4451	15
4452	13
4453	26
4454	28
4455	18
4456	19
4457	21
4458	12
4459	24
4460	22
4461	25
4462	17
4463	19
4464	20
4465	23
4466	23
4467	29
4468	20
4469	34
4470	20
4471	19
4472	22
4473	17
4474	19
4475	12
4476	12
4477	17
4478	18
4479	20
4480	17
4481	19
4482	22
4483	19
4484	17
4485	25
4486	27
4487	29
4488	23
4489	27
4490	37
4491	13
4492	18
4493	17
4494	31
4495	21
4496	24
4497	14
4498	15
4499	22
4500	27
4501	14
4502	20
4503	23
4504	20
4505	23
4506	26
4507	18
4508	15
4509	23
4510	18
4511	24
4512	22
4513	20
4514	20
4515	24
4516	25
4517	23
4518	26
4519	15
4520	18
4521	21
4522	23
4523	30
4524	14
4525	19
4526	35
4527	33
4528	27
4529	22
4530	23
4531	26
4532	25
4533	24
4534	15
4535	27
4536	24
4537	15
4538	24
4539	16
4540	22
4541	21
4542	14
4543	16
4544	20
4545	17
4546	14
4547	18
4548	20
4549	16
4550	17
4551	21
4552	20
4553	17
4554	28
4555	15
4556	19
4557	20
4558	16
4559	20
4560	16
4561	18
4562	20
4563	22
4564	22
4565	18
4566	21
4567	24
4568	26
4569	14
4570	13
4571	16
4572	26
4573	19
4574	22
4575	21
4576	16
4577	16
4578	19
4579	22
4580	22
4581	18
4582	22
4583	23
4584	24
4585	22
4586	15
4587	22
4588	16
4589	31
4590	29
4591	23
4592	19
4593	26
4594	25
4595	21
4596	19
4597	17
4598	21
4599	18
4600	15
4601	17
4602	26
4603	21
4604	18
4605	27
4606	17
4607	17
4608	22
4609	22
4610	20
4611	21
4612	18
4613	10
4614	24
4615	17
4616	18
4617	17
4618	21
4619	18
4620	16
4621	19
4622	23
4623	32
4624	19
4625	19
4626	14
4627	18
4628	17
4629	20
4630	23
4631	24
4632	23
4633	26
4634	18
4635	16
4636	19
4637	21
4638	13
4639	19
4640	16
4641	17
4642	19
4643	25
4644	12
4645	21
4646	24
4647	14
4648	18
4649	22
4650	16
4651	18
4652	21
4653	14
4654	20
4655	17
4656	21
4657	24
4658	16
4659	13
4660	26
4661	19
4662	17
4663	20
4664	22
4665	15
4666	21
4667	15
4668	17
4669	21
4670	14
4671	17
4672	27
4673	16
4674	21
4675	14
4676	17
4677	21
4678	19
4679	15
4680	20
4681	16
4682	27
4683	19
4684	12
4685	19
4686	13
4687	20
4688	16
4689	18
4690	18
4691	20
4692	20
4693	21
4694	22
4695	18
4696	12
4697	21
4698	12
4699	17
4700	22
4701	23
4702	18
4703	15
4704	18
4705	15
4706	27
4707	18
4708	20
4709	14
4710	9
4711	19
4712	23
4713	15
4714	18
4715	17
4716	17
4717	17
4718	25
4719	13
4720	16
4721	20
4722	18
4723	16
4724	22
4725	19
4726	26
4727	16
4728	27
4729	17
4730	10
4731	18
4732	19
4733	20
4734	15
4735	17
4736	20
4737	20
4738	18
4739	25
4740	13
4741	15
4742	13
4743	9
4744	11
4745	19
4746	15
4747	17
4748	15
4749	17
4750	17
4751	22
4752	13
4753	16
4754	21
4755	17
4756	21
4757	17
4758	15
4759	25
4760	15
4761	13
4762	17
4763	13
4764	10
4765	13
4766	18
4767	20
4768	16
4769	18
4770	17
4771	21
4772	13
4773	17
4774	11
4775	13
4776	17
4777	18
4778	12
4779	23
4780	20
4781	17
4782	21
4783	11
4784	16
4785	12
4786	21
4787	12
4788	10
4789	23
4790	17
4791	10
4792	27
4793	14
4794	8
4795	22
4796	19
4797	13
4798	16
4799	28
4800	14
4801	15
4802	19
4803	13
4804	11
4805	17
4806	14
4807	15
4808	22
4809	16
4810	12
4811	15
4812	18
4813	9
4814	21
4815	18
4816	14
4817	18
4818	14
4819	20
4820	14
4821	16
4822	15
4823	19
4824	14
4825	15
4826	17
4827	19
4828	13
4829	25
4830	17
4831	4
4832	21
4833	14
4834	20
4835	15
4836	19
4837	17
4838	17
4839	20
4840	15
4841	17
4842	19
4843	15
4844	16
4845	23
4846	12
4847	7
4848	12
4849	9
4850	16
4851	18
4852	15
4853	21
4854	8
4855	14
4856	22
4857	17
4858	16
4859	13
4860	13
4861	20
4862	21
4863	13
4864	11
4865	13
4866	15
4867	15
4868	17
4869	12
4870	9
4871	15
4872	18
4873	15
4874	12
4875	14
4876	20
4877	17
4878	16
4879	19
4880	16
4881	19
4882	13
4883	15
4884	9
4885	16
4886	18
4887	21
4888	19
4889	13
4890	21
4891	17
4892	14
4893	11
4894	19
4895	12
4896	13
4897	19
4898	20
4899	13
4900	18
4901	14
4902	15
4903	20
4904	16
4905	23
4906	19
4907	16
4908	10
4909	8
4910	6
4911	16
4912	8
4913	14
4914	15
4915	12
4916	17
4917	16
4918	18
4919	23
4920	19
4921	17
4922	10
4923	24
4924	16
4925	12
4926	13
4927	12
4928	11
4929	11
4930	19
4931	20
4932	16
4933	13
4934	13
4935	13
4936	18
4937	16
4938	11
4939	21
4940	18
4941	15
4942	16
4943	23
4944	10
4945	10
4946	13
4947	17
4948	17
4949	18
4950	12
4951	12
4952	22
4953	11
4954	13
4955	18
4956	11
4957	11
4958	16
4959	14
4960	7
4961	22
4962	18
4963	20
4964	8
4965	19
4966	13
4967	12
4968	22
4969	16
4970	15
4971	19
4972	13
4973	8
4974	18
4975	10
4976	19
4977	15
4978	15
4979	19
4980	15
4981	20
4982	15
4983	15
4984	15
4985	11
4986	20
4987	15
4988	10
4989	12
4990	12
4991	13
4992	21
4993	14
4994	12
4995	18
4996	13
4997	13
4998	11
4999	11
5000	10
5001	14
5002	13
5003	7
5004	14
5005	22
5006	15
5007	18
5008	22
5009	12
5010	8
5011	15
5012	12
5013	12
5014	16
5015	15
5016	13
5017	15
5018	5
5019	11
5020	7
5021	16
5022	15
5023	9
5024	14
5025	15
5026	16
5027	11
5028	11
5029	15
5030	18
5031	13
5032	16
5033	13
5034	13
5035	15
5036	12
5037	9
5038	13
5039	14
5040	18
5041	21
5042	15
5043	26
5044	18
5045	15
5046	13
5047	14
5048	16
5049	14
5050	19
5051	11
5052	9
5053	12
5054	18
5055	8
5056	16
5057	10
5058	18
5059	13
5060	13
5061	13
5062	14
5063	11
5064	9
5065	12
5066	15
5067	13
5068	10
5069	16
5070	12
5071	14
5072	17
5073	13
5074	7
5075	11
5076	18
5077	9
5078	17
5079	15
5080	14
5081	20
5082	18
5083	15
5084	17
5085	19
5086	13
5087	16
5088	10
5089	12
5090	15
5091	13
5092	17
5093	13
5094	13
5095	8
5096	13
5097	12
5098	13
5099	10
5100	17
5101	10
5102	17
5103	15
5104	12
5105	14
5106	12
5107	11
5108	8
5109	17
5110	20
5111	13
5112	12
5113	18
5114	10
5115	13
5116	14
5117	7
5118	8
5119	12
5120	17
5121	18
5122	15
5123	13
5124	16
5125	11
5126	16
5127	13
5128	13
5129	5
5130	6
5131	13
5132	11
5133	17
5134	12
5135	17
5136	18
5137	7
5138	13
5139	16
5140	8
5141	12
5142	13
5143	17
5144	16
5145	13
5146	10
5147	17
5148	14
5149	9
5150	10
5151	20
5152	10
5153	12
5154	15
5155	16
5156	17
5157	10
5158	9
5159	14
5160	11
5161	9
5162	14
5163	6
5164	16
5165	10
5166	9
5167	14
5168	17
5169	18
5170	12
5171	11
5172	19
5173	7
5174	12
5175	12
5176	18
5177	13
5178	14
5179	13
5180	11
5181	13
5182	12
5183	10
5184	6
5185	10
5186	19
5187	17
5188	12
5189	12
5190	10
5191	15
5192	11
5193	11
5194	11
5195	12
5196	10
5197	12
5198	10
5199	13
5200	6
5201	11
5202	10
5203	13
5204	9
5205	9
5206	14
5207	16
5208	11
5209	16
5210	12
5211	8
5212	12
5213	11
5214	13
5215	21
5216	11
5217	7
5218	13
5219	11
5220	12
5221	13
5222	7
5223	8
5224	13
5225	16
5226	19
5227	12
5228	13
5229	12
5230	11
5231	12
5232	7
5233	12
5234	9
5235	17
5236	12
5237	11
5238	8
5239	14
5240	5
5241	16
5242	18
5243	13
5244	8
5245	14
5246	8
5247	14
5248	9
5249	18
5250	11
5251	8
5252	14
5253	12
5254	14
5255	4
5256	14
5257	14
5258	20
5259	9
5260	13
5261	9
5262	8
5263	13
5264	16
5265	15
5266	7
5267	18
5268	14
5269	9
5270	10
5271	10
5272	15
5273	5
5274	15
5275	15
5276	7
5277	15
5278	13
5279	17
5280	10
5281	15
5282	11
5283	16
5284	13
5285	21
5286	11
5287	10
5288	14
5289	22
5290	7
5291	12
5292	15
5293	11
5294	13
5295	10
5296	12
5297	8
5298	16
5299	11
5300	11
5301	7
5302	7
5303	12
5304	15
5305	11
5306	12
5307	11
5308	8
5309	16
5310	9
5311	11
5312	16
5313	13
5314	12
5315	5
5316	14
5317	11
5318	12
5319	10
5320	18
5321	15
5322	12
5323	9
5324	15
5325	9
5326	13
5327	16
5328	12
5329	8
5330	7
5331	13
5332	16
5333	8
5334	15
5335	12
5336	17
5337	7
5338	18
5339	16
5340	9
5341	13
5342	11
5343	19
5344	13
5345	13
5346	17
5347	5
5348	15
5349	15
5350	8
5351	15
5352	12
5353	13
5354	7
5355	16
5356	8
5357	13
5358	9
5359	14
5360	9
5361	5
5362	7
5363	14
5364	9
5365	7
5366	9
5367	9
5368	16
5369	14
5370	13
5371	15
5372	11
5373	18
5374	13
5375	12
5376	9
5377	8
5378	11
5379	12
5380	19
5381	12
5382	17
5383	13
5384	10
5385	9
5386	8
5387	14
5388	13
5389	11
5390	9
5391	6
5392	11
5393	10
5394	10
5395	11
5396	22
5397	14
5398	14
5399	6
5400	15
5401	14
5402	15
5403	16
5404	6
5405	10
5406	10
5407	6
5408	7
5409	13
5410	14
5411	11
5412	9
5413	14
5414	11
5415	8
5416	12
5417	12
5418	17
5419	15
5420	6
5421	10
5422	9
5423	14
5424	9
5425	13
5426	10
5427	11
5428	8
5429	16
5430	15
5431	11
5432	13
5433	10
5434	11
5435	21
5436	14
5437	16
5438	8
5439	11
5440	5
5441	14
5442	17
5443	5
5444	11
5445	15
5446	10
5447	7
5448	13
5449	13
5450	11
5451	10
5452	13
5453	21
5454	10
5455	11
5456	9
5457	7
5458	8
5459	10
5460	12
5461	16
5462	9
5463	10
5464	11
5465	9
5466	9
5467	13
5468	13
5469	11
5470	10
5471	11
5472	10
5473	10
5474	10
5475	15
5476	6
5477	14
5478	12
5479	16
5480	13
5481	10
5482	11
5483	9
5484	13
5485	12
5486	18
5487	3
5488	7
5489	11
5490	6
5491	9
5492	7
5493	10
5494	9
5495	19
5496	14
5497	9
5498	12
5499	12
5500	7
5501	12
5502	9
5503	16
5504	13
5505	7
5506	7
5507	12
5508	5
5509	9
5510	16
5511	15
5512	15
5513	11
5514	13
5515	17
5516	12
5517	7
5518	16
5519	9
5520	10
5521	13
5522	6
5523	18
5524	9
5525	10
5526	13
5527	11
5528	10
5529	11
5530	10
5531	12
5532	10
5533	15
5534	3
5535	10
5536	6
5537	8
5538	10
5539	10
5540	14
5541	19
5542	11
5543	9
5544	8
5545	12
5546	14
5547	7
5548	17
5549	10
5550	17
5551	17
5552	12
5553	15
5554	14
5555	15
5556	8
5557	14
5558	8
5559	5
5560	6
5561	12
5562	8
5563	14
5564	14
5565	6
5566	14
5567	7
5568	11
5569	8
5570	10
5571	11
5572	11
5573	11
5574	11
5575	15
5576	7
5577	7
5578	12
5579	15
5580	14
5581	12
5582	9
5583	9
5584	4
5585	10
5586	10
5587	8
5588	15
5589	10
5590	17
5591	11
5592	7
5593	15
5594	9
5595	6
5596	16
5597	12
5598	6
5599	15
5600	25
5601	10
5602	20
5603	11
5604	16
5605	4
5606	18
5607	9
5608	18
5609	11
5610	6
5611	8
5612	8
5613	5
5614	10
5615	10
5616	12
5617	10
5618	14
5619	11
5620	9
5621	9
5622	10
5623	12
5624	9
5625	13
5626	15
5627	10
5628	7
5629	14
5630	11
5631	10
5632	9
5633	6
5634	6
5635	18
5636	8
5637	8
5638	12
5639	7
5640	11
5641	12
5642	12
5643	10
5644	12
5645	5
5646	16
5647	15
5648	17
5649	11
5650	9
5651	8
5652	14
5653	15
5654	9
5655	9
5656	15
5657	11
5658	11
5659	16
5660	6
5661	15
5662	10
5663	12
5664	9
5665	10
5666	15
5667	7
5668	9
5669	8
5670	7
5671	11
5672	7
5673	16
5674	13
5675	10
5676	12
5677	9
5678	13
5679	7
5680	11
5681	14
5682	12
5683	12
5684	13
5685	11
5686	15
5687	15
5688	16
5689	11
5690	13
5691	6
5692	8
5693	10
5694	11
5695	15
5696	9
5697	15
5698	16
5699	7
5700	9
5701	11
5702	7
5703	11
5704	15
5705	10
5706	9
5707	11
5708	11
5709	10
5710	0
5711	7
5712	9
5713	4
5714	9
5715	12
5716	15
5717	13
5718	13
5719	8
5720	9
5721	8
5722	20
5723	13
5724	16
5725	6
5726	13
5727	13
5728	8
5729	7
5730	13
5731	8
5732	11
5733	13
5734	18
5735	12
5736	9
5737	10
5738	13
5739	10
5740	7
5741	12
5742	12
5743	7
5744	11
5745	9
5746	7
5747	13
5748	11
5749	9
5750	9
5751	11
5752	10
5753	9
5754	6
5755	11
5756	6
5757	5
5758	11
5759	14
5760	13
5761	11
5762	11
5763	10
5764	8
5765	10
5766	10
5767	14
5768	16
5769	12
5770	12
5771	8
5772	9
5773	15
5774	10
5775	16
5776	11
5777	7
5778	13
5779	9
5780	8
5781	12
5782	9
5783	6
5784	9
5785	11
5786	18
5787	11
5788	11
5789	16
5790	9
5791	9
5792	9
5793	6
5794	8
5795	14
5796	14
5797	8
5798	6
5799	13
5800	16
5801	12
5802	8
5803	6
5804	7
5805	10
5806	11
5807	14
5808	18
5809	13
5810	17
5811	12
5812	9
5813	5
5814	8
5815	15
5816	19
5817	10
5818	10
5819	14
5820	13
5821	12
5822	16
5823	16
5824	13
5825	10
5826	8
5827	3
5828	9
5829	12
5830	15
5831	10
5832	14
5833	10
5834	11
5835	12
5836	5
5837	12
5838	10
5839	9
5840	9
5841	10
5842	12
5843	7
5844	12
5845	8
5846	9
5847	10
5848	12
5849	10
5850	12
5851	7
5852	8
5853	14
5854	10
5855	11
5856	13
5857	12
5858	16
5859	8
5860	11
5861	16
5862	8
5863	16
5864	5
5865	18
5866	14
5867	16
5868	6
5869	8
5870	11
5871	9
5872	10
5873	9
5874	8
5875	16
5876	17
5877	7
5878	12
5879	11
5880	10
5881	12
5882	10
5883	14
5884	13
5885	6
5886	15
5887	11
5888	9
5889	7
5890	16
5891	19
5892	15
5893	12
5894	9
5895	10
5896	12
5897	6
5898	4
5899	11
5900	10
5901	12
5902	5
5903	7
5904	11
5905	25
5906	14
5907	10
5908	10
5909	17
5910	12
5911	13
5912	11
5913	9
5914	15
5915	9
5916	7
5917	5
5918	6
5919	9
5920	15
5921	8
5922	14
5923	9
5924	11
5925	12
5926	11
5927	7
5928	9
5929	9
5930	15
5931	11
5932	11
5933	10
5934	13
5935	11
5936	12
5937	14
5938	12
5939	10
5940	15
5941	14
5942	13
5943	18
5944	13
5945	11
5946	7
5947	11
5948	13
5949	17
5950	14
5951	9
5952	18
5953	10
5954	16
5955	10
5956	12
5957	7
5958	5
5959	17
5960	6
5961	11
5962	14
5963	6
5964	10
5965	10
5966	10
5967	13
5968	4
5969	9
5970	10
5971	14
5972	6
5973	12
5974	8
5975	12
5976	10
5977	11
5978	15
5979	15
5980	13
5981	8
5982	18
5983	11
5984	16
5985	11
5986	12
5987	14
5988	11
5989	16
5990	14
5991	9
5992	13
5993	10
5994	11
5995	7
5996	14
5997	7
5998	13
5999	13
6000	5
6001	12
6002	11
6003	12
6004	10
6005	15
6006	13
6007	14
6008	10
6009	15
6010	11
6011	15
6012	10
6013	10
6014	11
6015	13
6016	13
6017	13
6018	7
6019	9
6020	11
6021	6
6022	10
6023	15
6024	6
6025	6
6026	11
6027	4
6028	13
6029	8
6030	10
6031	11
6032	7
6033	7
6034	4
6035	16
6036	12
6037	9
6038	13
6039	7
6040	14
6041	9
6042	6
6043	10
6044	10
6045	9
6046	9
6047	13
6048	12
6049	10
6050	11
6051	14
6052	17
6053	14
6054	10
6055	17
6056	14
6057	9
6058	12
6059	5
6060	10
6061	9
6062	7
6063	6
6064	9
6065	11
6066	11
6067	10
6068	9
6069	16
6070	8
6071	8
6072	14
6073	5
6074	6
6075	8
6076	11
6077	9
6078	10
6079	9
6080	9
6081	13
6082	5
6083	15
6084	7
6085	14
6086	9
6087	13
6088	8
6089	8
6090	13
6091	14
6092	10
6093	8
6094	13
6095	15
6096	8
6097	10
6098	10
6099	8
6100	11
6101	9
6102	9
6103	14
6104	9
6105	7
6106	14
6107	9
6108	6
6109	8
6110	17
6111	6
6112	15
6113	10
6114	14
6115	11
6116	10
6117	8
6118	18
6119	12
6120	14
6121	8
6122	12
6123	12
6124	7
6125	17
6126	11
6127	12
6128	4
6129	9
6130	8
6131	9
6132	8
6133	15
6134	14
6135	10
6136	16
6137	13
6138	7
6139	18
6140	10
6141	10
6142	9
6143	6
6144	11
6145	11
6146	12
6147	11
6148	11
6149	10
6150	16
6151	12
6152	10
6153	11
6154	9
6155	13
6156	10
6157	9
6158	11
6159	9
6160	8
6161	14
6162	12
6163	10
6164	17
6165	16
6166	14
6167	8
6168	10
6169	7
6170	9
6171	17
6172	12
6173	7
6174	14
6175	9
6176	8
6177	10
6178	10
6179	8
6180	11
6181	12
6182	11
6183	12
6184	14
6185	10
6186	13
6187	10
6188	12
6189	10
6190	13
6191	9
6192	18
6193	10
6194	9
6195	13
6196	9
6197	12
6198	15
6199	8
6200	16
6201	14
6202	9
6203	6
6204	17
6205	8
6206	16
6207	9
6208	11
6209	8
6210	7
6211	8
6212	20
6213	15
6214	14
6215	9
6216	8
6217	7
6218	13
6219	9
6220	6
6221	7
6222	19
6223	12
6224	12
6225	8
6226	13
6227	11
6228	13
6229	13
6230	10
6231	10
6232	8
6233	10
6234	11
6235	12
6236	15
6237	7
6238	14
6239	12
6240	9
6241	15
6242	12
6243	9
6244	11
6245	15
6246	11
6247	10
6248	13
6249	14
6250	14
6251	10
6252	20
6253	13
6254	15
6255	4
6256	13
6257	14
6258	14
6259	8
6260	6
6261	13
6262	5
6263	16
6264	18
6265	8
6266	14
6267	4
6268	15
6269	11
6270	8
6271	15
6272	13
6273	9
6274	11
6275	11
6276	12
6277	12
6278	7
6279	9
6280	19
6281	7
6282	12
6283	12
6284	16
6285	12
6286	16
6287	14
6288	12
6289	11
6290	10
6291	15
6292	12
6293	13
6294	10
6295	9
6296	15
6297	14
6298	11
6299	14
6300	10
6301	13
6302	5
6303	18
6304	10
6305	10
6306	13
6307	11
6308	15
6309	11
6310	11
6311	13
6312	7
6313	8
6314	11
6315	14
6316	16
6317	13
6318	9
6319	18
6320	12
6321	11
6322	13
6323	12
6324	13
6325	16
6326	7
6327	14
6328	14
6329	11
6330	10
6331	15
6332	9
6333	12
6334	8
6335	13
6336	15
6337	12
6338	8
6339	13
6340	16
6341	9
6342	5
6343	13
6344	10
6345	20
6346	11
6347	21
6348	13
6349	7
6350	10
6351	20
6352	8
6353	10
6354	18
6355	18
6356	8
6357	9
6358	18
6359	14
6360	15
6361	11
6362	17
6363	11
6364	16
6365	6
6366	14
6367	13
6368	9
6369	16
6370	12
6371	8
6372	15
6373	14
6374	12
6375	14
6376	14
6377	15
6378	11
6379	16
6380	14
6381	15
6382	11
6383	14
6384	12
6385	13
6386	17
6387	18
6388	9
6389	12
6390	14
6391	12
6392	10
6393	15
6394	10
6395	20
6396	17
6397	10
6398	11
6399	15
6400	17
6401	11
6402	21
6403	13
6404	17
6405	11
6406	8
6407	11
6408	9
6409	14
6410	11
6411	12
6412	10
6413	13
6414	16
6415	16
6416	16
6417	12
6418	9
6419	9
6420	12
6421	18
6422	19
6423	6
6424	14
6425	19
6426	17
6427	6
6428	12
6429	9
6430	7
6431	12
6432	18
6433	14
6434	15
6435	11
6436	20
6437	13
6438	17
6439	11
6440	17
6441	18
6442	18
6443	16
6444	12
6445	15
6446	17
6447	14
6448	21
6449	20
6450	15
6451	18
6452	19
6453	16
6454	14
6455	19
6456	16
6457	8
6458	17
6459	14
6460	13
6461	13
6462	18
6463	13
6464	15
6465	18
6466	18
6467	15
6468	13
6469	12
6470	21
6471	17
6472	19
6473	19
6474	15
6475	17
6476	16
6477	19
6478	13
6479	11
6480	8
6481	10
6482	20
6483	16
6484	15
6485	18
6486	7
6487	19
6488	18
6489	12
6490	19
6491	10
6492	21
6493	18
6494	20
6495	15
6496	11
6497	10
6498	11
6499	9
6500	14
6501	17
6502	18
6503	16
6504	17
6505	15
6506	16
6507	11
6508	19
6509	13
6510	15
6511	16
6512	14
6513	18
6514	14
6515	25
6516	26
6517	16
6518	18
6519	25
6520	17
6521	12
6522	18
6523	17
6524	20
6525	16
6526	22
6527	25
6528	9
6529	26
6530	22
6531	15
6532	19
6533	19
6534	20
6535	19
6536	14
6537	16
6538	18
6539	14
6540	13
6541	20
6542	21
6543	17
6544	8
6545	21
6546	14
6547	12
6548	12
6549	21
6550	12
6551	15
6552	14
6553	15
6554	17
6555	12
6556	21
6557	19
6558	25
6559	13
6560	19
6561	17
6562	21
6563	11
6564	20
6565	16
6566	11
6567	30
6568	21
6569	30
6570	27
6571	17
6572	24
6573	16
6574	27
6575	24
6576	11
6577	19
6578	23
6579	19
6580	17
6581	15
6582	16
6583	17
6584	18
6585	18
6586	26
6587	25
6588	20
6589	24
6590	24
6591	20
6592	16
6593	25
6594	19
6595	12
6596	10
6597	26
6598	13
6599	14
6600	20
6601	14
6602	15
6603	18
6604	22
6605	12
6606	18
6607	25
6608	20
6609	21
6610	16
6611	24
6612	14
6613	24
6614	20
6615	15
6616	12
6617	25
6618	15
6619	11
6620	21
6621	23
6622	18
6623	21
6624	21
6625	22
6626	13
6627	24
6628	21
6629	14
6630	14
6631	14
6632	17
6633	16
6634	20
6635	26
6636	24
6637	22
6638	24
6639	21
6640	12
6641	17
6642	19
6643	21
6644	21
6645	19
6646	17
6647	18
6648	12
6649	14
6650	23
6651	27
6652	21
6653	15
6654	17
6655	22
6656	18
6657	13
6658	25
6659	25
6660	13
6661	16
6662	16
6663	12
6664	19
6665	15
6666	24
6667	22
6668	15
6669	23
6670	21
6671	24
6672	18
6673	24
6674	22
6675	21
6676	16
6677	21
6678	28
6679	17
6680	24
6681	14
6682	15
6683	16
6684	18
6685	20
6686	25
6687	18
6688	23
6689	18
6690	22
6691	25
6692	18
6693	22
6694	13
6695	19
6696	21
6697	25
6698	15
6699	13
6700	15
6701	20
6702	24
6703	18
6704	14
6705	13
6706	19
6707	21
6708	12
6709	21
6710	24
6711	12
6712	13
6713	20
6714	20
6715	18
6716	23
6717	9
6718	17
6719	19
6720	16
6721	21
6722	22
6723	21
6724	26
6725	18
6726	22
6727	14
6728	15
6729	15
6730	19
6731	20
6732	10
6733	14
6734	15
6735	23
6736	23
6737	25
6738	22
6739	17
6740	19
6741	19
6742	14
6743	17
6744	22
6745	18
6746	14
6747	22
6748	14
6749	29
6750	22
6751	22
6752	14
6753	10
6754	15
6755	14
6756	18
6757	11
6758	23
6759	18
6760	18
6761	18
6762	21
6763	17
6764	17
6765	17
6766	24
6767	21
6768	16
6769	26
6770	15
6771	12
6772	21
6773	17
6774	13
6775	14
6776	25
6777	25
6778	19
6779	14
6780	22
6781	26
6782	19
6783	9
6784	21
6785	14
6786	26
6787	18
6788	24
6789	16
6790	10
6791	16
6792	18
6793	21
6794	16
6795	14
6796	14
6797	21
6798	12
6799	14
6800	18
6801	13
6802	21
6803	17
6804	15
6805	16
6806	17
6807	16
6808	14
6809	21
6810	34
6811	17
6812	11
6813	24
6814	21
6815	11
6816	15
6817	19
6818	13
6819	18
6820	16
6821	11
6822	10
6823	14
6824	19
6825	12
6826	21
6827	9
6828	14
6829	15
6830	16
6831	19
6832	15
6833	19
6834	16
6835	18
6836	17
6837	11
6838	21
6839	9
6840	14
6841	19
6842	18
6843	14
6844	15
6845	21
6846	12
6847	12
6848	14
6849	11
6850	20
6851	19
6852	16
6853	11
6854	9
6855	10
6856	15
6857	10
6858	13
6859	19
6860	13
6861	22
6862	12
6863	14
6864	15
6865	15
6866	19
6867	17
6868	10
6869	19
6870	12
6871	14
6872	17
6873	13
6874	14
6875	18
6876	16
6877	14
6878	9
6879	18
6880	13
6881	12
6882	9
6883	8
6884	10
6885	11
6886	4
6887	22
6888	14
6889	12
6890	8
6891	10
6892	13
6893	15
6894	11
6895	13
6896	14
6897	8
6898	16
6899	12
6900	20
6901	11
6902	11
6903	15
6904	9
6905	14
6906	8
6907	13
6908	12
6909	12
6910	8
6911	9
6912	13
6913	16
6914	6
6915	7
6916	13
6917	11
6918	13
6919	12
6920	7
6921	15
6922	13
6923	11
6924	18
6925	13
6926	9
6927	12
6928	9
6929	11
6930	15
6931	13
6932	9
6933	9
6934	13
6935	11
6936	17
6937	8
6938	15
6939	13
6940	6
6941	9
6942	7
6943	6
6944	9
6945	11
6946	10
6947	15
6948	11
6949	3
6950	6
6951	15
6952	8
6953	9
6954	10
6955	11
6956	11
6957	11
6958	5
6959	4
6960	12
6961	11
6962	8
6963	5
6964	11
6965	10
6966	11
6967	12
6968	15
6969	5
6970	14
6971	6
6972	12
6973	15
6974	7
6975	8
6976	12
6977	8
6978	4
6979	7
6980	8
6981	3
6982	3
6983	4
6984	8
6985	12
6986	5
6987	5
6988	8
6989	5
6990	11
6991	8
6992	7
6993	7
6994	11
6995	12
6996	8
6997	5
6998	8
6999	5
7000	8
7001	8
7002	11
7003	10
7004	8
7005	5
7006	11
7007	8
7008	7
7009	12
7010	3
7011	8
7012	3
7013	6
7014	6
7015	7
7016	4
7017	4
7018	7
7019	6
7020	6
7021	5
7022	1
7023	5
7024	7
7025	9
7026	7
7027	8
7028	5
7029	4
7030	5
7031	4
7032	6
7033	5
7034	5
7035	5
7036	5
7037	10
7038	3
7039	8
7040	7
7041	8
7042	5
7043	6
7044	4
7045	6
7046	8
7047	1
7048	2
7049	6
7050	8
7051	7
7052	6
7053	4
7054	2
7055	5
7056	5
7057	8
7058	2
7059	4
7060	1
7061	6
7062	4
7063	1
7064	4
7065	1
7066	5
7067	5
7068	6
7069	1
7070	5
7071	2
7072	5
7073	4
7074	5
7075	6
7076	2
7077	4
7078	7
7079	3
7080	2
7081	5
7082	2
7083	7
7084	4
7085	6
7086	5
7087	3
7088	5
7089	4
7090	3
7091	3
7092	4
7093	3
7094	2
7095	4
7096	3
7097	5
7098	4
7099	1
7100	2
7101	1
7102	6
7103	3
7104	3
7105	3
7106	5
7107	1
7108	1
7109	1
7110	2
7111	1
7112	1
7113	2
7114	1
7115	4
7116	1
7117	3
7118	3
7119	5
7120	2
7121	4
7122	1
7123	2
7124	2
7125	3
7126	3
7127	4
7128	0
7129	2
7130	2
7131	2
7132	6
7133	1
7134	3
7135	1
7136	1
7137	1
7138	5
7139	2
7140	2
7141	1
7142	2
7143	1
7144	2
7145	1
7146	4
7147	1
7148	1
7149	0
7150	0
7151	2
7152	0
7153	0
7154	0
7155	7
7156	4
7157	4
7158	3
7159	1
7160	1
7161	1
7162	1
7163	3
7164	2
7165	2
7166	2
7167	3
7168	2
7169	1
7170	2
7171	2
7172	1
7173	1
7174	1
7175	3
7176	1
7177	3
7178	1
7179	2
7180	2
7181	0
7182	0
7183	2
7184	1
7185	3
7186	0
7187	0
7188	0
7189	0
7190	1
7191	1
7192	3
7193	2
7194	0
7195	1
7196	0
7197	3
7198	5
7199	0
7200	0
7201	1
7202	2
7203	1
7204	2
7205	0
7206	2
7207	2
7208	1
7209	1
7210	2
7211	0
7212	1
7213	0
7214	3
7215	0
7216	0
7217	3
7218	1
7219	1
7220	0
7221	1
7222	0
7223	1
7224	1
7225	2
7226	0
7227	0
7228	1
7229	3
7230	0
7231	1
7232	1
7233	0
7234	0
7235	0
7236	1
7237	1
7238	0
7239	1
7240	0
7241	2
7242	1
7243	1
7244	0
7245	1
7246	0
7247	3
7248	1
7249	1
7250	1
7251	2
7252	2
7253	3
7254	1
7255	0
7256	0
7257	0
7258	1
7259	0
7260	3
7261	1
7262	0
7263	0
7264	2
7265	1
7266	0
7267	1
7268	3
7269	0
7270	0
7271	1
7272	1
7273	1
7274	0
7275	0
7276	0
7277	0
7278	0
7279	2
7280	1
7281	1
7282	1
7283	1
7284	0
7285	3
7286	0
7287	0
7288	1
7289	1
7290	1
7291	0
7292	1
7293	0
7294	1
7295	0
7296	1
7297	1
7298	0
7299	1
7300	0
7301	1
7302	0
7303	0
7304	0
7305	2
7306	0
7307	1
7308	4
7309	0
7310	0
7311	1
7312	0
7313	0
7314	0
7315	1
7316	1
7317	1
7318	2
7319	1
7320	1
7321	0
7322	1
7323	2
7324	1
7325	1
7326	0
7327	1
7328	0
7329	0
7330	1
7331	0
7332	1
7333	0
7334	0
7335	0
7336	0
7337	0
7338	1
7339	0
7340	0
7341	0
7342	1
7343	0
7344	0
7345	0
7346	1
7347	0
7348	2
7349	0
7350	0
7351	1
7352	0
7353	0
7354	2
7355	1
7356	0
7357	1
7358	0
7359	1
7360	0
7361	0
7362	0
7363	1
7364	0
7365	0
7366	0
7367	1
7368	2
7369	0
7370	0
7371	0
7372	0
7373	0
7374	1
7375	1
7376	0
7377	1
7378	0
7379	0
7380	0
7381	0
7382	1
7383	4
7384	0
7385	0
7386	0
7387	0
7388	1
7389	1
7390	1
7391	0
7392	0
7393	1
7394	0
7395	2
7396	0
7397	2
7398	2
7399	0
7400	1
7401	0
7402	0
7403	0
7404	1
7405	0
7406	3
7407	0
7408	0
7409	0
7410	1
7411	1
7412	1
7413	0
7414	3
7415	1
7416	0
7417	0
7418	2
7419	0
7420	0
7421	0
7422	1
7423	1
7424	1
7425	0
7426	1
7427	0
7428	1
7429	1
7430	0
7431	0
7432	0
7433	0
7434	1
7435	0
7436	0
7437	1
7438	1
7439	0
7440	0
7441	0
7442	0
7443	0
7444	1
7445	2
7446	0
7447	1
7448	2
7449	0
7450	0
7451	1
7452	0
7453	0
7454	0
7455	0
7456	1
7457	0
7458	0
7459	2
7460	2
7461	0
7462	0
7463	0
7464	0
7465	1
7466	1
7467	0
7468	1
7469	0
7470	0
7471	0
7472	2
7473	0
7474	2
7475	2
7476	0
7477	0
7478	0
7479	1
7480	1
7481	2
7482	1
7483	0
7484	1
7485	0
7486	1
7487	0
7488	0
7489	1
7490	2
7491	0
7492	0
7493	2
7494	0
7495	0
7496	0
7497	1
7498	2
7499	0
7500	0
7501	0
7502	0
7503	0
7504	2
7505	0
7506	1
7507	0
7508	0
7509	0
7510	2
7511	2
7512	0
7513	1
7514	0
7515	0
7516	0
7517	0
7518	0
7519	0
7520	0
7521	0
7522	0
7523	1
7524	0
7525	0
7526	1
7527	0
7528	1
7529	0
7530	0
7531	3
7532	2
7533	1
7534	0
7535	0
7536	1
7537	0
7538	0
7539	0
7540	0
7541	0
7542	1
7543	1
7544	1
7545	1
7546	0
7547	0
7548	0
7549	1
7550	0
7551	1
7552	0
7553	0
7554	1
7555	0
7556	0
7557	0
7558	1
7559	0
7560	0
7561	0
7562	1
7563	1
7564	0
7565	0
7566	1
7567	0
7568	0
7569	0
7570	0
7571	1
7572	2
7573	0
7574	1
7575	0
7576	0
7577	1
7578	2
7579	0
7580	0
7581	0
7582	0
7583	0
7584	0
7585	0
7586	1
7587	0
7588	0
7589	1
7590	1
7591	1
7592	0
7593	0
7594	0
7595	0
7596	1
7597	0
7598	0
7599	0
7600	1
7601	0
7602	0
7603	1
7604	0
7605	0
7606	1
7607	2
7608	0
7609	0
7610	1
7611	2
7612	0
7613	0
7614	0
7615	0
7616	0
7617	2
7618	0
7619	1
7620	0
7621	0
7622	1
7623	0
7624	1
7625	0
7626	0
7627	2
7628	0
7629	0
7630	0
7631	1
7632	0
7633	0
7634	1
7635	2
7636	0
7637	2
7638	2
7639	0
7640	0
7641	1
7642	0
7643	0
7644	1
7645	1
7646	0
7647	0
7648	0
7649	1
7650	1
7651	0
7652	0
7653	1
7654	1
7655	0
7656	1
7657	1
7658	0
7659	0
7660	2
7661	0
7662	1
7663	0
7664	0
7665	0
7666	1
7667	0
7668	0
7669	0
7670	0
7671	0
7672	0
7673	0
7674	0
7675	0
7676	1
7677	0
7678	2
7679	2
7680	2
7681	0
7682	0
7683	1
7684	0
7685	1
7686	1
7687	0
7688	1
7689	0
7690	0
7691	0
7692	2
7693	0
7694	0
7695	0
7696	0
7697	0
7698	0
7699	0
7700	1
7701	0
7702	0
7703	0
7704	0
7705	1
7706	1
7707	0
7708	0
7709	0
7710	0
7711	1
7712	0
7713	0
7714	0
7715	0
7716	0
7717	0
7718	0
7719	0
7720	0
7721	1
7722	1
7723	0
7724	1
7725	0
7726	0
7727	0
7728	1
7729	0
7730	0
7731	1
7732	1
7733	0
7734	0
7735	0
7736	0
7737	1
7738	1
7739	2
7740	1
7741	0
7742	1
7743	1
7744	2
7745	1
7746	1
7747	0
7748	0
7749	1
7750	1
7751	0
7752	0
7753	0
7754	3
7755	1
7756	0
7757	0
7758	1
7759	1
7760	0
7761	0
7762	1
7763	0
7764	0
7765	0
7766	1
7767	0
7768	0
7769	1
7770	1
7771	0
7772	0
7773	0
7774	0
7775	0
7776	0
7777	0
7778	0
7779	0
7780	2
7781	1
7782	1
7783	0
7784	0
7785	0
7786	0
7787	1
7788	0
7789	1
7790	0
7791	0
7792	0
7793	1
7794	1
7795	0
7796	1
7797	1
7798	0
7799	1
7800	0
7801	0
7802	0
7803	0
7804	0
7805	0
7806	1
7807	1
7808	0
7809	0
7810	1
7811	0
7812	0
7813	0
7814	0
7815	0
7816	0
7817	0
7818	0
7819	1
7820	0
7821	0
7822	0
7823	0
7824	1
7825	0
7826	0
7827	1
7828	0
7829	0
7830	0
7831	1
7832	0
7833	0
7834	0
7835	1
7836	1
7837	0
7838	1
7839	0
7840	1
7841	1
7842	0
7843	0
7844	0
7845	1
7846	0
7847	0
7848	2
7849	0
7850	0
7851	0
7852	0
7853	0
7854	1
7855	0
7856	1
7857	0
7858	0
7859	0
7860	0
7861	1
7862	1
7863	1
7864	0
7865	0
7866	0
7867	0
7868	2
7869	2
7870	0
7871	1
7872	0
7873	0
7874	1
7875	1
7876	0
7877	0
7878	2
7879	0
7880	0
7881	0
7882	1
7883	0
7884	0
7885	0
7886	0
7887	0
7888	0
7889	0
7890	0
7891	2
7892	0
7893	0
7894	0
7895	0
7896	0
7897	0
7898	0
7899	0
7900	1
7901	2
7902	0
7903	0
7904	1
7905	0
7906	0
7907	0
7908	1
7909	0
7910	0
7911	0
7912	0
7913	1
7914	0
7915	0
7916	0
7917	0
7918	1
7919	1
7920	1
7921	0
7922	1
7923	1
7924	0
7925	1
7926	2
7927	0
7928	0
7929	0
7930	0
7931	0
7932	2
7933	0
7934	0
7935	0
7936	0
7937	0
7938	0
7939	0
7940	0
7941	0
7942	2
7943	0
7944	0
7945	0
7946	0
7947	0
7948	0
7949	0
7950	1
7951	0
7952	0
7953	0
7954	0
7955	1
7956	2
7957	1
7958	1
7959	0
7960	1
7961	1
7962	0
7963	0
7964	0
7965	1
7966	1
7967	1
7968	0
7969	2
7970	1
7971	0
7972	1
7973	0
7974	0
7975	0
7976	0
7977	1
7978	0
7979	0
7980	0
7981	0
7982	0
7983	0
7984	0
7985	1
7986	1
7987	0
7988	1
7989	0
7990	0
7991	0
7992	0
7993	1
7994	0
7995	1
7996	0
7997	0
7998	1
7999	0
8000	0
8001	1
8002	0
8003	0
8004	0
8005	0
8006	0
8007	0
8008	0
8009	0
8010	0
8011	0
8012	0
8013	2
8014	0
8015	1
8016	0
8017	0
8018	0
8019	0
8020	2
8021	0
8022	0
8023	1
8024	0
8025	0
8026	1
8027	0
8028	1
8029	1
8030	0
8031	0
8032	1
8033	0
8034	0
8035	1
8036	2
8037	0
8038	0
8039	1
8040	0
8041	0
8042	0
8043	0
8044	1
8045	0
8046	0
8047	2
8048	0
8049	0
8050	0
8051	1
8052	0
8053	0
8054	2
8055	0
8056	0
8057	0
8058	1
8059	1
8060	0
8061	2
8062	0
8063	1
8064	1
8065	1
8066	0
8067	0
8068	0
8069	0
8070	0
8071	1
8072	0
8073	0
8074	0
8075	1
8076	0
8077	0
8078	0
8079	0
8080	0
8081	1
8082	0
8083	0
8084	4
8085	0
8086	1
8087	0
8088	0
8089	1
8090	2
8091	0
8092	1
8093	0
8094	1
8095	0
8096	1
8097	2
8098	0
8099	0
8100	0
8101	0
8102	0
8103	0
8104	0
8105	0
8106	0
8107	0
8108	0
8109	0
8110	0
8111	0
8112	0
8113	0
8114	0
8115	0
8116	0
8117	0
8118	0
8119	0
8120	0
8121	0
8122	0
8123	0
8124	0
8125	0
8126	0
8127	0
8128	0
8129	0
8130	0
8131	0
8132	0
8133	0
8134	0
8135	0
8136	0
8137	0
8138	0
8139	0
8140	0
8141	0
8142	0
8143	0
8144	0
8145	0
8146	0
8147	0
8148	0
8149	0
8150	0
8151	0
8152	0
8153	0
8154	0
8155	0
8156	0
8157	0
8158	0
8159	0
8160	0
8161	0
8162	0
8163	0
8164	0
8165	0
8166	0
8167	0
8168	0
8169	0
8170	0
8171	0
8172	0
8173	0
8174	0
8175	0
8176	0
8177	0
8178	0
8179	0
8180	0
8181	0
8182	0
8183	0
8184	0
8185	0
8186	0
8187	0
8188	0
8189	0
8190	0
8191	0
