0	0
1	0
2	0
3	0
4	0
5	0
6	0
7	0
8	0
9	0
10	0
11	0
12	0
13	0
14	0
15	0
16	0
17	0
18	0
19	0
20	0
21	0
22	0
23	0
24	0
25	0
26	0
27	0
28	0
29	0
30	0
31	0
32	0
33	0
34	0
35	0
36	0
37	0
38	0
39	0
40	0
41	0
42	0
43	0
44	0
45	0
46	0
47	0
48	0
49	0
50	0
51	0
52	0
53	0
54	0
55	0
56	0
57	0
58	0
59	0
60	0
61	0
62	0
63	0
64	0
65	0
66	0
67	0
68	0
69	0
70	0
71	0
72	0
73	0
74	0
75	0
76	0
77	0
78	0
79	0
80	0
81	0
82	0
83	0
84	0
85	0
86	0
87	0
88	0
89	0
90	0
91	0
92	0
93	0
94	0
95	0
96	0
97	0
98	0
99	0
100	0
101	0
102	0
103	0
104	0
105	0
106	0
107	0
108	0
109	0
110	0
111	0
112	0
113	0
114	0
115	0
116	0
117	0
118	0
119	0
120	0
121	0
122	0
123	0
124	0
125	0
126	0
127	0
128	0
129	0
130	0
131	0
132	0
133	0
134	0
135	0
136	0
137	0
138	0
139	0
140	0
141	0
142	0
143	0
144	0
145	0
146	0
147	0
148	0
149	0
150	0
151	0
152	0
153	0
154	0
155	0
156	0
157	0
158	0
159	0
160	0
161	0
162	0
163	0
164	0
165	0
166	0
167	0
168	0
169	0
170	0
171	0
172	0
173	0
174	0
175	0
176	0
177	3
178	1
179	6
180	10
181	49
182	78
183	97
184	89
185	115
186	110
187	109
188	97
189	108
190	125
191	106
192	107
193	106
194	96
195	107
196	101
197	96
198	97
199	109
200	100
201	90
202	99
203	89
204	92
205	100
206	79
207	87
208	84
209	111
210	98
211	104
212	84
213	96
214	100
215	87
216	108
217	103
218	94
219	99
220	103
221	84
222	107
223	86
224	77
225	82
226	102
227	94
228	81
229	107
230	89
231	110
232	103
233	104
234	100
235	88
236	98
237	94
238	97
239	104
240	109
241	92
242	108
243	76
244	93
245	96
246	109
247	110
248	95
249	103
250	80
251	109
252	89
253	103
254	83
255	93
256	94
257	98
258	80
259	121
260	98
261	96
262	100
263	103
264	93
265	90
266	101
267	85
268	88
269	92
270	111
271	82
272	77
273	97
274	107
275	99
276	82
277	103
278	112
279	98
280	91
281	103
282	79
283	104
284	97
285	101
286	111
287	91
288	97
289	101
290	106
291	103
292	99
293	104
294	111
295	108
296	99
297	95
298	98
299	95
300	109
301	87
302	85
303	97
304	107
305	84
306	80
307	87
308	89
309	95
310	102
311	101
312	92
313	102
314	79
315	100
316	95
317	105
318	94
319	111
320	100
321	96
322	90
323	98
324	88
325	107
326	98
327	95
328	80
329	98
330	102
331	85
332	93
333	98
334	105
335	85
336	88
337	95
338	115
339	100
340	91
341	107
342	82
343	99
344	101
345	87
346	81
347	125
348	89
349	102
350	104
351	95
352	94
353	86
354	99
355	114
356	103
357	97
358	99
359	104
360	116
361	102
362	113
363	104
364	95
365	87
366	102
367	102
368	107
369	106
370	116
371	96
372	104
373	90
374	104
375	96
376	104
377	98
378	112
379	97
380	85
381	108
382	113
383	99
384	93
385	99
386	103
387	105
388	98
389	93
390	86
391	108
392	98
393	92
394	125
395	104
396	88
397	91
398	104
399	101
400	107
401	109
402	95
403	81
404	113
405	103
406	105
407	89
408	98
409	113
410	94
411	108
412	96
413	100
414	105
415	101
416	89
417	109
418	89
419	101
420	110
421	100
422	96
423	90
424	97
425	100
426	105
427	109
428	120
429	119
430	90
431	126
432	93
433	109
434	101
435	102
436	103
437	104
438	104
439	117
440	101
441	116
442	101
443	96
444	83
445	113
446	119
447	102
448	120
449	105
450	101
451	115
452	90
453	103
454	112
455	107
456	120
457	96
458	102
459	91
460	96
461	107
462	107
463	116
464	107
465	108
466	98
467	113
468	100
469	100
470	111
471	100
472	103
473	99
474	95
475	99
476	112
477	100
478	95
479	102
480	102
481	112
482	101
483	107
484	93
485	93
486	114
487	112
488	114
489	101
490	104
491	104
492	115
493	118
494	99
495	110
496	94
497	112
498	94
499	91
500	108
501	112
502	104
503	124
504	101
505	110
506	121
507	103
508	112
509	97
510	110
511	107
512	110
513	99
514	96
515	105
516	135
517	97
518	106
519	114
520	124
521	100
522	111
523	112
524	120
525	89
526	121
527	108
528	119
529	113
530	120
531	103
532	103
533	114
534	91
535	105
536	115
537	106
538	116
539	121
540	93
541	86
542	103
543	110
544	105
545	103
546	103
547	109
548	93
549	106
550	102
551	130
552	120
553	107
554	105
555	99
556	93
557	114
558	113
559	97
560	106
561	92
562	96
563	115
564	99
565	99
566	105
567	84
568	117
569	118
570	108
571	91
572	119
573	103
574	105
575	101
576	116
577	90
578	121
579	109
580	108
581	107
582	96
583	107
584	103
585	106
586	109
587	118
588	115
589	89
590	98
591	119
592	78
593	116
594	122
595	94
596	88
597	99
598	97
599	121
600	111
601	105
602	106
603	117
604	105
605	117
606	106
607	119
608	113
609	106
610	115
611	107
612	111
613	111
614	115
615	130
616	119
617	99
618	120
619	96
620	87
621	109
622	102
623	104
624	115
625	112
626	105
627	93
628	107
629	120
630	108
631	109
632	100
633	109
634	97
635	99
636	119
637	102
638	108
639	101
640	99
641	92
642	99
643	118
644	81
645	119
646	131
647	88
648	99
649	124
650	118
651	118
652	97
653	110
654	108
655	107
656	103
657	116
658	115
659	129
660	126
661	100
662	99
663	102
664	88
665	115
666	99
667	108
668	104
669	115
670	94
671	123
672	93
673	97
674	121
675	117
676	107
677	111
678	116
679	113
680	142
681	115
682	111
683	113
684	100
685	102
686	116
687	125
688	104
689	95
690	115
691	114
692	128
693	119
694	128
695	129
696	110
697	112
698	118
699	104
700	95
701	116
702	113
703	114
704	114
705	140
706	122
707	98
708	116
709	97
710	113
711	124
712	125
713	97
714	112
715	103
716	127
717	92
718	112
719	114
720	121
721	107
722	109
723	121
724	105
725	120
726	116
727	115
728	112
729	102
730	108
731	126
732	132
733	116
734	123
735	111
736	105
737	109
738	123
739	110
740	119
741	126
742	106
743	117
744	100
745	115
746	108
747	123
748	120
749	130
750	118
751	117
752	133
753	117
754	132
755	100
756	139
757	104
758	124
759	114
760	135
761	126
762	128
763	98
764	134
765	109
766	144
767	119
768	132
769	131
770	135
771	115
772	117
773	151
774	128
775	128
776	119
777	147
778	135
779	131
780	110
781	147
782	125
783	139
784	131
785	154
786	136
787	116
788	133
789	137
790	139
791	128
792	119
793	142
794	126
795	137
796	153
797	139
798	146
799	140
800	148
801	142
802	135
803	140
804	126
805	140
806	137
807	151
808	140
809	159
810	137
811	164
812	130
813	166
814	147
815	153
816	141
817	161
818	184
819	150
820	166
821	156
822	153
823	189
824	173
825	167
826	158
827	155
828	169
829	151
830	174
831	179
832	170
833	165
834	151
835	163
836	185
837	184
838	189
839	175
840	185
841	191
842	199
843	168
844	197
845	204
846	173
847	187
848	186
849	178
850	180
851	179
852	173
853	190
854	192
855	180
856	168
857	208
858	182
859	168
860	199
861	173
862	171
863	201
864	205
865	208
866	196
867	173
868	187
869	182
870	188
871	192
872	176
873	191
874	185
875	194
876	172
877	172
878	174
879	165
880	180
881	166
882	180
883	170
884	198
885	165
886	152
887	158
888	189
889	193
890	189
891	169
892	172
893	149
894	152
895	167
896	175
897	186
898	178
899	187
900	157
901	152
902	162
903	153
904	155
905	148
906	146
907	155
908	149
909	145
910	149
911	137
912	162
913	159
914	179
915	138
916	145
917	175
918	141
919	158
920	146
921	157
922	161
923	126
924	133
925	143
926	145
927	147
928	165
929	116
930	138
931	147
932	152
933	146
934	127
935	136
936	163
937	167
938	144
939	139
940	147
941	154
942	115
943	129
944	145
945	131
946	142
947	123
948	139
949	149
950	131
951	112
952	138
953	131
954	122
955	131
956	125
957	137
958	128
959	137
960	131
961	147
962	142
963	151
964	124
965	138
966	143
967	113
968	138
969	135
970	170
971	139
972	128
973	141
974	134
975	147
976	145
977	148
978	134
979	145
980	134
981	157
982	129
983	156
984	136
985	123
986	154
987	139
988	135
989	133
990	138
991	129
992	125
993	144
994	143
995	151
996	150
997	122
998	139
999	157
1000	151
1001	120
1002	147
1003	145
1004	145
1005	138
1006	128
1007	113
1008	153
1009	147
1010	113
1011	140
1012	140
1013	138
1014	135
1015	144
1016	144
1017	145
1018	130
1019	123
1020	138
1021	126
1022	139
1023	138
1024	146
1025	121
1026	119
1027	124
1028	151
1029	128
1030	131
1031	121
1032	136
1033	132
1034	125
1035	127
1036	113
1037	161
1038	131
1039	136
1040	116
1041	134
1042	129
1043	123
1044	133
1045	136
1046	98
1047	118
1048	138
1049	121
1050	148
1051	108
1052	133
1053	116
1054	121
1055	133
1056	111
1057	129
1058	137
1059	103
1060	114
1061	110
1062	120
1063	104
1064	114
1065	116
1066	135
1067	125
1068	121
1069	106
1070	141
1071	115
1072	141
1073	120
1074	127
1075	120
1076	107
1077	98
1078	146
1079	133
1080	108
1081	148
1082	105
1083	107
1084	113
1085	126
1086	122
1087	115
1088	123
1089	93
1090	95
1091	121
1092	120
1093	106
1094	129
1095	115
1096	91
1097	124
1098	129
1099	109
1100	124
1101	122
1102	104
1103	110
1104	98
1105	135
1106	118
1107	119
1108	129
1109	116
1110	113
1111	125
1112	131
1113	108
1114	115
1115	101
1116	140
1117	121
1118	105
1119	134
1120	127
1121	127
1122	126
1123	130
1124	114
1125	126
1126	131
1127	137
1128	137
1129	115
1130	126
1131	125
1132	119
1133	108
1134	133
1135	122
1136	116
1137	126
1138	122
1139	121
1140	108
1141	128
1142	140
1143	133
1144	130
1145	119
1146	120
1147	132
1148	133
1149	113
1150	124
1151	119
1152	116
1153	133
1154	143
1155	113
1156	116
1157	136
1158	127
1159	128
1160	113
1161	123
1162	117
1163	132
1164	122
1165	128
1166	136
1167	127
1168	134
1169	132
1170	138
1171	125
1172	130
1173	135
1174	120
1175	126
1176	141
1177	163
1178	116
1179	141
1180	121
1181	145
1182	136
1183	126
1184	131
1185	152
1186	134
1187	143
1188	138
1189	143
1190	164
1191	148
1192	135
1193	128
1194	119
1195	121
1196	120
1197	127
1198	132
1199	152
1200	127
1201	129
1202	135
1203	144
1204	132
1205	143
1206	131
1207	138
1208	151
1209	131
1210	121
1211	135
1212	149
1213	117
1214	113
1215	121
1216	146
1217	140
1218	151
1219	168
1220	127
1221	139
1222	123
1223	143
1224	133
1225	158
1226	134
1227	121
1228	143
1229	141
1230	135
1231	141
1232	133
1233	150
1234	145
1235	130
1236	166
1237	163
1238	121
1239	115
1240	137
1241	137
1242	140
1243	140
1244	159
1245	146
1246	140
1247	146
1248	144
1249	138
1250	157
1251	129
1252	132
1253	136
1254	131
1255	156
1256	174
1257	155
1258	141
1259	148
1260	148
1261	129
1262	155
1263	148
1264	143
1265	123
1266	151
1267	140
1268	141
1269	151
1270	134
1271	125
1272	147
1273	151
1274	130
1275	181
1276	137
1277	117
1278	142
1279	160
1280	147
1281	161
1282	144
1283	167
1284	146
1285	145
1286	149
1287	161
1288	155
1289	136
1290	134
1291	133
1292	137
1293	144
1294	161
1295	155
1296	162
1297	154
1298	155
1299	144
1300	141
1301	142
1302	154
1303	145
1304	157
1305	167
1306	170
1307	144
1308	146
1309	141
1310	152
1311	142
1312	146
1313	167
1314	145
1315	128
1316	151
1317	155
1318	146
1319	153
1320	134
1321	127
1322	135
1323	173
1324	165
1325	159
1326	165
1327	144
1328	161
1329	159
1330	134
1331	164
1332	158
1333	147
1334	156
1335	181
1336	150
1337	138
1338	159
1339	158
1340	145
1341	146
1342	161
1343	152
1344	136
1345	173
1346	131
1347	153
1348	146
1349	154
1350	156
1351	154
1352	138
1353	144
1354	147
1355	121
1356	164
1357	142
1358	157
1359	162
1360	151
1361	156
1362	168
1363	141
1364	145
1365	131
1366	148
1367	173
1368	158
1369	138
1370	160
1371	132
1372	138
1373	157
1374	162
1375	154
1376	162
1377	136
1378	153
1379	161
1380	162
1381	151
1382	150
1383	142
1384	170
1385	138
1386	135
1387	116
1388	143
1389	170
1390	124
1391	181
1392	172
1393	150
1394	156
1395	134
1396	156
1397	169
1398	140
1399	138
1400	121
1401	154
1402	136
1403	160
1404	142
1405	168
1406	152
1407	151
1408	150
1409	140
1410	164
1411	143
1412	148
1413	150
1414	146
1415	159
1416	149
1417	171
1418	153
1419	167
1420	175
1421	154
1422	156
1423	153
1424	158
1425	147
1426	142
1427	152
1428	148
1429	152
1430	175
1431	154
1432	174
1433	161
1434	160
1435	164
1436	159
1437	165
1438	153
1439	149
1440	153
1441	161
1442	167
1443	148
1444	157
1445	144
1446	156
1447	147
1448	162
1449	150
1450	164
1451	181
1452	154
1453	153
1454	141
1455	170
1456	163
1457	164
1458	144
1459	140
1460	155
1461	174
1462	167
1463	164
1464	137
1465	169
1466	154
1467	156
1468	181
1469	156
1470	169
1471	185
1472	166
1473	153
1474	160
1475	130
1476	156
1477	162
1478	157
1479	143
1480	167
1481	156
1482	167
1483	164
1484	150
1485	162
1486	169
1487	159
1488	154
1489	166
1490	165
1491	177
1492	172
1493	169
1494	151
1495	156
1496	147
1497	151
1498	149
1499	176
1500	178
1501	165
1502	156
1503	167
1504	165
1505	167
1506	162
1507	159
1508	153
1509	143
1510	157
1511	143
1512	171
1513	167
1514	148
1515	154
1516	151
1517	179
1518	174
1519	181
1520	173
1521	149
1522	156
1523	171
1524	146
1525	181
1526	158
1527	167
1528	165
1529	173
1530	181
1531	157
1532	153
1533	175
1534	171
1535	164
1536	163
1537	159
1538	159
1539	166
1540	165
1541	165
1542	157
1543	188
1544	154
1545	164
1546	165
1547	175
1548	161
1549	175
1550	182
1551	178
1552	169
1553	180
1554	156
1555	175
1556	146
1557	166
1558	168
1559	161
1560	164
1561	178
1562	153
1563	174
1564	165
1565	152
1566	167
1567	174
1568	174
1569	169
1570	181
1571	145
1572	167
1573	147
1574	159
1575	157
1576	159
1577	170
1578	158
1579	154
1580	168
1581	171
1582	179
1583	142
1584	159
1585	166
1586	191
1587	143
1588	159
1589	161
1590	178
1591	184
1592	157
1593	158
1594	169
1595	156
1596	181
1597	178
1598	135
1599	162
1600	160
1601	187
1602	194
1603	172
1604	173
1605	155
1606	154
1607	193
1608	176
1609	155
1610	179
1611	169
1612	170
1613	164
1614	167
1615	179
1616	182
1617	163
1618	179
1619	151
1620	191
1621	143
1622	179
1623	161
1624	148
1625	169
1626	179
1627	169
1628	157
1629	190
1630	181
1631	170
1632	148
1633	171
1634	183
1635	163
1636	174
1637	163
1638	170
1639	165
1640	196
1641	178
1642	197
1643	160
1644	183
1645	180
1646	168
1647	142
1648	193
1649	174
1650	159
1651	163
1652	176
1653	183
1654	173
1655	159
1656	172
1657	151
1658	161
1659	169
1660	183
1661	173
1662	204
1663	197
1664	171
1665	158
1666	158
1667	187
1668	159
1669	196
1670	182
1671	177
1672	174
1673	160
1674	200
1675	186
1676	187
1677	165
1678	182
1679	185
1680	185
1681	169
1682	166
1683	175
1684	175
1685	172
1686	164
1687	158
1688	162
1689	181
1690	210
1691	157
1692	177
1693	175
1694	162
1695	201
1696	175
1697	179
1698	177
1699	180
1700	174
1701	204
1702	150
1703	163
1704	185
1705	179
1706	160
1707	166
1708	167
1709	165
1710	150
1711	160
1712	177
1713	183
1714	186
1715	194
1716	190
1717	182
1718	189
1719	198
1720	176
1721	182
1722	177
1723	174
1724	206
1725	178
1726	175
1727	176
1728	188
1729	170
1730	183
1731	194
1732	183
1733	173
1734	196
1735	160
1736	194
1737	187
1738	179
1739	172
1740	206
1741	156
1742	202
1743	174
1744	169
1745	171
1746	209
1747	203
1748	198
1749	171
1750	200
1751	187
1752	175
1753	204
1754	187
1755	179
1756	160
1757	163
1758	176
1759	191
1760	180
1761	159
1762	225
1763	196
1764	183
1765	160
1766	180
1767	215
1768	175
1769	198
1770	186
1771	180
1772	229
1773	178
1774	192
1775	178
1776	154
1777	171
1778	189
1779	178
1780	174
1781	196
1782	193
1783	180
1784	204
1785	183
1786	194
1787	192
1788	196
1789	155
1790	206
1791	158
1792	182
1793	189
1794	182
1795	220
1796	183
1797	186
1798	195
1799	198
1800	196
1801	191
1802	202
1803	192
1804	168
1805	174
1806	175
1807	184
1808	194
1809	186
1810	166
1811	209
1812	182
1813	187
1814	176
1815	203
1816	196
1817	179
1818	169
1819	202
1820	161
1821	196
1822	195
1823	180
1824	182
1825	186
1826	218
1827	191
1828	164
1829	215
1830	200
1831	214
1832	214
1833	187
1834	216
1835	194
1836	166
1837	199
1838	188
1839	198
1840	191
1841	212
1842	163
1843	218
1844	205
1845	178
1846	179
1847	208
1848	194
1849	205
1850	217
1851	186
1852	186
1853	178
1854	177
1855	195
1856	187
1857	207
1858	181
1859	217
1860	199
1861	214
1862	196
1863	178
1864	186
1865	199
1866	197
1867	206
1868	177
1869	191
1870	224
1871	180
1872	203
1873	181
1874	165
1875	179
1876	189
1877	198
1878	218
1879	176
1880	195
1881	209
1882	196
1883	205
1884	171
1885	205
1886	194
1887	211
1888	223
1889	189
1890	194
1891	188
1892	200
1893	215
1894	179
1895	178
1896	187
1897	171
1898	181
1899	207
1900	210
1901	190
1902	183
1903	186
1904	194
1905	197
1906	199
1907	187
1908	186
1909	198
1910	185
1911	201
1912	187
1913	200
1914	203
1915	204
1916	189
1917	186
1918	190
1919	205
1920	193
1921	218
1922	214
1923	185
1924	209
1925	166
1926	184
1927	167
1928	198
1929	195
1930	194
1931	167
1932	193
1933	205
1934	174
1935	186
1936	198
1937	186
1938	180
1939	166
1940	194
1941	195
1942	170
1943	193
1944	184
1945	200
1946	183
1947	217
1948	190
1949	190
1950	209
1951	190
1952	191
1953	207
1954	193
1955	212
1956	216
1957	195
1958	226
1959	217
1960	186
1961	204
1962	189
1963	201
1964	187
1965	207
1966	186
1967	182
1968	177
1969	200
1970	180
1971	178
1972	197
1973	193
1974	192
1975	182
1976	203
1977	177
1978	181
1979	226
1980	224
1981	178
1982	204
1983	182
1984	204
1985	193
1986	204
1987	187
1988	189
1989	176
1990	190
1991	205
1992	189
1993	201
1994	208
1995	197
1996	194
1997	195
1998	226
1999	220
2000	207
2001	192
2002	206
2003	167
2004	186
2005	220
2006	188
2007	186
2008	209
2009	189
2010	193
2011	190
2012	205
2013	186
2014	212
2015	195
2016	198
2017	192
2018	179
2019	171
2020	183
2021	175
2022	184
2023	188
2024	207
2025	185
2026	182
2027	188
2028	168
2029	192
2030	207
2031	190
2032	209
2033	194
2034	178
2035	188
2036	176
2037	198
2038	196
2039	181
2040	189
2041	185
2042	222
2043	183
2044	198
2045	202
2046	212
2047	198
2048	203
2049	176
2050	223
2051	169
2052	192
2053	197
2054	189
2055	199
2056	182
2057	187
2058	187
2059	197
2060	193
2061	214
2062	203
2063	192
2064	196
2065	192
2066	189
2067	174
2068	213
2069	217
2070	238
2071	195
2072	174
2073	167
2074	188
2075	174
2076	217
2077	195
2078	187
2079	191
2080	170
2081	173
2082	195
2083	187
2084	217
2085	187
2086	181
2087	203
2088	183
2089	186
2090	201
2091	183
2092	189
2093	194
2094	190
2095	180
2096	198
2097	200
2098	191
2099	195
2100	169
2101	197
2102	198
2103	165
2104	164
2105	191
2106	205
2107	207
2108	184
2109	203
2110	187
2111	204
2112	173
2113	164
2114	187
2115	186
2116	194
2117	199
2118	172
2119	189
2120	179
2121	208
2122	176
2123	194
2124	204
2125	191
2126	191
2127	152
2128	203
2129	191
2130	192
2131	173
2132	209
2133	187
2134	216
2135	185
2136	196
2137	191
2138	188
2139	190
2140	203
2141	211
2142	178
2143	194
2144	166
2145	203
2146	218
2147	188
2148	202
2149	212
2150	181
2151	198
2152	164
2153	161
2154	176
2155	178
2156	180
2157	171
2158	179
2159	205
2160	223
2161	190
2162	174
2163	201
2164	170
2165	207
2166	175
2167	170
2168	208
2169	183
2170	179
2171	204
2172	193
2173	177
2174	198
2175	191
2176	180
2177	185
2178	203
2179	182
2180	192
2181	179
2182	194
2183	184
2184	191
2185	193
2186	191
2187	171
2188	183
2189	205
2190	206
2191	189
2192	211
2193	163
2194	187
2195	184
2196	195
2197	201
2198	175
2199	201
2200	189
2201	180
2202	191
2203	178
2204	193
2205	189
2206	188
2207	183
2208	188
2209	186
2210	191
2211	156
2212	205
2213	187
2214	183
2215	200
2216	178
2217	184
2218	173
2219	182
2220	199
2221	207
2222	178
2223	205
2224	204
2225	189
2226	181
2227	202
2228	201
2229	196
2230	185
2231	189
2232	168
2233	182
2234	181
2235	164
2236	236
2237	200
2238	164
2239	187
2240	205
2241	199
2242	179
2243	204
2244	181
2245	169
2246	195
2247	194
2248	198
2249	190
2250	217
2251	170
2252	194
2253	184
2254	212
2255	169
2256	183
2257	172
2258	225
2259	203
2260	178
2261	185
2262	195
2263	181
2264	192
2265	202
2266	216
2267	194
2268	208
2269	182
2270	167
2271	191
2272	198
2273	174
2274	172
2275	180
2276	174
2277	187
2278	208
2279	167
2280	196
2281	183
2282	167
2283	202
2284	194
2285	175
2286	173
2287	185
2288	235
2289	221
2290	188
2291	190
2292	174
2293	182
2294	205
2295	209
2296	205
2297	178
2298	196
2299	167
2300	193
2301	194
2302	201
2303	189
2304	178
2305	178
2306	179
2307	187
2308	202
2309	202
2310	191
2311	168
2312	191
2313	180
2314	174
2315	174
2316	202
2317	177
2318	168
2319	172
2320	174
2321	181
2322	199
2323	184
2324	186
2325	199
2326	180
2327	165
2328	224
2329	176
2330	184
2331	206
2332	185
2333	198
2334	197
2335	200
2336	181
2337	183
2338	189
2339	187
2340	198
2341	213
2342	178
2343	194
2344	189
2345	175
2346	183
2347	183
2348	189
2349	198
2350	216
2351	180
2352	173
2353	193
2354	207
2355	188
2356	175
2357	199
2358	197
2359	186
2360	203
2361	197
2362	215
2363	194
2364	190
2365	197
2366	175
2367	196
2368	214
2369	204
2370	204
2371	194
2372	217
2373	178
2374	202
2375	194
2376	193
2377	177
2378	202
2379	204
2380	182
2381	181
2382	179
2383	208
2384	182
2385	194
2386	171
2387	191
2388	202
2389	189
2390	214
2391	196
2392	198
2393	156
2394	203
2395	201
2396	183
2397	184
2398	182
2399	211
2400	193
2401	185
2402	188
2403	170
2404	213
2405	193
2406	197
2407	181
2408	179
2409	181
2410	181
2411	174
2412	142
2413	180
2414	191
2415	191
2416	167
2417	189
2418	201
2419	197
2420	215
2421	188
2422	203
2423	174
2424	217
2425	184
2426	167
2427	198
2428	194
2429	178
2430	183
2431	186
2432	213
2433	186
2434	194
2435	188
2436	204
2437	177
2438	187
2439	185
2440	188
2441	197
2442	203
2443	201
2444	211
2445	187
2446	225
2447	173
2448	178
2449	168
2450	207
2451	200
2452	184
2453	153
2454	157
2455	218
2456	180
2457	198
2458	167
2459	179
2460	171
2461	175
2462	151
2463	183
2464	186
2465	206
2466	177
2467	183
2468	182
2469	162
2470	193
2471	176
2472	196
2473	173
2474	166
2475	208
2476	162
2477	171
2478	172
2479	180
2480	187
2481	157
2482	177
2483	180
2484	166
2485	174
2486	213
2487	180
2488	168
2489	174
2490	203
2491	187
2492	180
2493	171
2494	151
2495	170
2496	169
2497	172
2498	190
2499	168
2500	153
2501	184
2502	177
2503	145
2504	167
2505	194
2506	177
2507	171
2508	182
2509	163
2510	190
2511	162
2512	171
2513	171
2514	188
2515	170
2516	173
2517	184
2518	157
2519	176
2520	163
2521	185
2522	176
2523	180
2524	190
2525	174
2526	155
2527	167
2528	182
2529	166
2530	160
2531	162
2532	162
2533	161
2534	181
2535	180
2536	174
2537	149
2538	170
2539	160
2540	188
2541	153
2542	175
2543	185
2544	190
2545	184
2546	151
2547	178
2548	152
2549	179
2550	165
2551	160
2552	159
2553	174
2554	146
2555	164
2556	166
2557	156
2558	169
2559	174
2560	152
2561	150
2562	189
2563	179
2564	183
2565	162
2566	162
2567	161
2568	145
2569	155
2570	151
2571	174
2572	166
2573	163
2574	177
2575	177
2576	176
2577	144
2578	150
2579	157
2580	165
2581	170
2582	154
2583	189
2584	199
2585	187
2586	151
2587	160
2588	152
2589	168
2590	163
2591	179
2592	167
2593	144
2594	178
2595	171
2596	153
2597	170
2598	174
2599	173
2600	183
2601	180
2602	147
2603	162
2604	151
2605	169
2606	174
2607	155
2608	150
2609	180
2610	144
2611	169
2612	186
2613	123
2614	148
2615	156
2616	161
2617	153
2618	176
2619	158
2620	161
2621	152
2622	193
2623	150
2624	154
2625	160
2626	167
2627	132
2628	154
2629	148
2630	168
2631	140
2632	142
2633	149
2634	160
2635	153
2636	159
2637	162
2638	164
2639	158
2640	174
2641	151
2642	174
2643	164
2644	152
2645	171
2646	151
2647	138
2648	143
2649	165
2650	145
2651	169
2652	160
2653	137
2654	137
2655	168
2656	144
2657	208
2658	164
2659	168
2660	155
2661	148
2662	158
2663	141
2664	164
2665	148
2666	156
2667	174
2668	156
2669	147
2670	140
2671	149
2672	182
2673	168
2674	151
2675	185
2676	163
2677	136
2678	144
2679	167
2680	145
2681	152
2682	159
2683	168
2684	143
2685	143
2686	140
2687	148
2688	147
2689	157
2690	155
2691	173
2692	138
2693	142
2694	137
2695	157
2696	141
2697	157
2698	144
2699	152
2700	150
2701	145
2702	148
2703	157
2704	165
2705	118
2706	161
2707	149
2708	168
2709	140
2710	172
2711	143
2712	147
2713	160
2714	137
2715	119
2716	134
2717	149
2718	163
2719	159
2720	158
2721	150
2722	171
2723	154
2724	138
2725	159
2726	138
2727	149
2728	154
2729	147
2730	156
2731	158
2732	132
2733	141
2734	142
2735	149
2736	143
2737	161
2738	143
2739	152
2740	143
2741	154
2742	145
2743	173
2744	162
2745	159
2746	153
2747	150
2748	142
2749	150
2750	156
2751	160
2752	147
2753	150
2754	150
2755	151
2756	146
2757	149
2758	149
2759	136
2760	142
2761	142
2762	161
2763	142
2764	166
2765	161
2766	122
2767	140
2768	156
2769	147
2770	147
2771	134
2772	137
2773	149
2774	145
2775	139
2776	136
2777	172
2778	140
2779	136
2780	141
2781	146
2782	163
2783	152
2784	169
2785	172
2786	158
2787	148
2788	146
2789	145
2790	139
2791	149
2792	162
2793	141
2794	160
2795	150
2796	147
2797	143
2798	145
2799	150
2800	146
2801	138
2802	163
2803	129
2804	137
2805	150
2806	137
2807	136
2808	155
2809	159
2810	138
2811	136
2812	135
2813	153
2814	139
2815	126
2816	155
2817	119
2818	131
2819	141
2820	122
2821	154
2822	147
2823	137
2824	136
2825	159
2826	158
2827	157
2828	140
2829	139
2830	123
2831	142
2832	153
2833	134
2834	124
2835	133
2836	146
2837	140
2838	147
2839	149
2840	155
2841	170
2842	139
2843	156
2844	164
2845	151
2846	146
2847	147
2848	148
2849	143
2850	154
2851	142
2852	144
2853	140
2854	159
2855	158
2856	128
2857	131
2858	136
2859	140
2860	144
2861	145
2862	144
2863	124
2864	137
2865	163
2866	142
2867	119
2868	157
2869	144
2870	144
2871	122
2872	162
2873	127
2874	127
2875	147
2876	141
2877	146
2878	152
2879	128
2880	138
2881	135
2882	133
2883	137
2884	161
2885	132
2886	129
2887	137
2888	155
2889	161
2890	126
2891	134
2892	114
2893	142
2894	136
2895	153
2896	140
2897	156
2898	147
2899	131
2900	128
2901	129
2902	156
2903	132
2904	132
2905	121
2906	173
2907	156
2908	141
2909	144
2910	135
2911	142
2912	148
2913	126
2914	156
2915	141
2916	163
2917	157
2918	116
2919	130
2920	131
2921	158
2922	145
2923	150
2924	153
2925	143
2926	143
2927	126
2928	138
2929	117
2930	132
2931	138
2932	125
2933	150
2934	130
2935	112
2936	101
2937	139
2938	131
2939	132
2940	132
2941	132
2942	136
2943	143
2944	148
2945	135
2946	140
2947	152
2948	134
2949	160
2950	146
2951	131
2952	149
2953	161
2954	162
2955	118
2956	121
2957	130
2958	112
2959	135
2960	119
2961	122
2962	146
2963	134
2964	145
2965	143
2966	133
2967	142
2968	136
2969	145
2970	157
2971	128
2972	130
2973	128
2974	129
2975	143
2976	135
2977	129
2978	124
2979	134
2980	132
2981	150
2982	134
2983	135
2984	135
2985	122
2986	150
2987	120
2988	117
2989	151
2990	136
2991	126
2992	136
2993	131
2994	115
2995	132
2996	134
2997	128
2998	132
2999	143
3000	140
3001	130
3002	141
3003	105
3004	117
3005	129
3006	134
3007	117
3008	138
3009	143
3010	124
3011	117
3012	142
3013	157
3014	126
3015	134
3016	119
3017	122
3018	117
3019	134
3020	133
3021	127
3022	139
3023	128
3024	133
3025	131
3026	131
3027	147
3028	125
3029	136
3030	148
3031	126
3032	143
3033	152
3034	131
3035	123
3036	143
3037	115
3038	141
3039	148
3040	114
3041	128
3042	132
3043	124
3044	145
3045	130
3046	144
3047	128
3048	127
3049	147
3050	152
3051	139
3052	115
3053	133
3054	124
3055	129
3056	146
3057	145
3058	145
3059	121
3060	114
3061	121
3062	124
3063	147
3064	141
3065	113
3066	128
3067	122
3068	144
3069	122
3070	148
3071	134
3072	129
3073	118
3074	124
3075	122
3076	149
3077	134
3078	112
3079	128
3080	146
3081	128
3082	99
3083	158
3084	116
3085	142
3086	142
3087	124
3088	120
3089	146
3090	143
3091	125
3092	137
3093	140
3094	113
3095	141
3096	124
3097	132
3098	143
3099	124
3100	121
3101	134
3102	117
3103	141
3104	136
3105	139
3106	131
3107	125
3108	115
3109	129
3110	138
3111	138
3112	142
3113	131
3114	141
3115	122
3116	143
3117	126
3118	120
3119	125
3120	130
3121	128
3122	125
3123	126
3124	138
3125	136
3126	142
3127	128
3128	122
3129	113
3130	116
3131	107
3132	143
3133	97
3134	112
3135	115
3136	117
3137	126
3138	121
3139	116
3140	100
3141	139
3142	141
3143	120
3144	120
3145	131
3146	114
3147	110
3148	115
3149	141
3150	129
3151	118
3152	133
3153	119
3154	124
3155	125
3156	125
3157	109
3158	123
3159	114
3160	135
3161	119
3162	121
3163	116
3164	133
3165	130
3166	122
3167	131
3168	157
3169	132
3170	128
3171	138
3172	127
3173	117
3174	125
3175	128
3176	125
3177	131
3178	111
3179	125
3180	124
3181	122
3182	117
3183	125
3184	111
3185	116
3186	145
3187	143
3188	124
3189	123
3190	132
3191	136
3192	105
3193	126
3194	132
3195	130
3196	108
3197	137
3198	122
3199	120
3200	122
3201	152
3202	142
3203	120
3204	114
3205	127
3206	131
3207	116
3208	132
3209	131
3210	114
3211	131
3212	116
3213	135
3214	120
3215	129
3216	122
3217	134
3218	126
3219	119
3220	114
3221	128
3222	111
3223	121
3224	121
3225	115
3226	114
3227	107
3228	116
3229	111
3230	126
3231	117
3232	129
3233	130
3234	140
3235	113
3236	117
3237	125
3238	123
3239	145
3240	116
3241	128
3242	130
3243	126
3244	114
3245	106
3246	126
3247	111
3248	115
3249	121
3250	124
3251	135
3252	122
3253	126
3254	125
3255	116
3256	133
3257	125
3258	127
3259	107
3260	127
3261	121
3262	116
3263	120
3264	153
3265	122
3266	117
3267	132
3268	106
3269	118
3270	113
3271	129
3272	110
3273	105
3274	133
3275	126
3276	109
3277	127
3278	93
3279	128
3280	113
3281	114
3282	121
3283	111
3284	120
3285	106
3286	124
3287	113
3288	106
3289	117
3290	124
3291	130
3292	121
3293	129
3294	119
3295	131
3296	130
3297	137
3298	130
3299	119
3300	137
3301	113
3302	125
3303	131
3304	122
3305	116
3306	120
3307	124
3308	115
3309	117
3310	118
3311	106
3312	107
3313	108
3314	124
3315	129
3316	109
3317	129
3318	121
3319	127
3320	108
3321	111
3322	108
3323	132
3324	132
3325	100
3326	116
3327	122
3328	119
3329	126
3330	109
3331	110
3332	113
3333	120
3334	102
3335	119
3336	131
3337	116
3338	119
3339	130
3340	120
3341	119
3342	139
3343	138
3344	132
3345	115
3346	120
3347	119
3348	116
3349	129
3350	119
3351	119
3352	123
3353	130
3354	133
3355	123
3356	104
3357	105
3358	136
3359	114
3360	112
3361	131
3362	138
3363	138
3364	103
3365	110
3366	111
3367	115
3368	136
3369	129
3370	116
3371	108
3372	123
3373	119
3374	146
3375	108
3376	131
3377	121
3378	122
3379	128
3380	107
3381	119
3382	118
3383	119
3384	97
3385	108
3386	97
3387	108
3388	130
3389	123
3390	107
3391	116
3392	123
3393	133
3394	104
3395	120
3396	148
3397	125
3398	137
3399	131
3400	117
3401	117
3402	128
3403	138
3404	126
3405	111
3406	107
3407	108
3408	95
3409	111
3410	119
3411	120
3412	102
3413	131
3414	105
3415	103
3416	115
3417	121
3418	125
3419	127
3420	129
3421	121
3422	120
3423	96
3424	117
3425	105
3426	123
3427	116
3428	107
3429	101
3430	117
3431	121
3432	112
3433	111
3434	116
3435	115
3436	121
3437	119
3438	117
3439	117
3440	118
3441	104
3442	118
3443	101
3444	98
3445	116
3446	109
3447	116
3448	111
3449	115
3450	126
3451	117
3452	136
3453	117
3454	128
3455	130
3456	112
3457	123
3458	108
3459	115
3460	116
3461	128
3462	112
3463	123
3464	131
3465	141
3466	102
3467	117
3468	118
3469	99
3470	110
3471	128
3472	113
3473	131
3474	124
3475	124
3476	98
3477	101
3478	107
3479	128
3480	125
3481	139
3482	122
3483	115
3484	119
3485	130
3486	95
3487	120
3488	111
3489	125
3490	127
3491	95
3492	124
3493	112
3494	129
3495	99
3496	118
3497	123
3498	109
3499	120
3500	122
3501	104
3502	112
3503	125
3504	106
3505	133
3506	120
3507	108
3508	114
3509	119
3510	114
3511	108
3512	94
3513	98
3514	129
3515	134
3516	110
3517	104
3518	112
3519	131
3520	118
3521	122
3522	103
3523	110
3524	121
3525	125
3526	123
3527	117
3528	110
3529	122
3530	111
3531	113
3532	122
3533	120
3534	109
3535	104
3536	109
3537	105
3538	130
3539	117
3540	125
3541	118
3542	129
3543	114
3544	116
3545	120
3546	122
3547	125
3548	115
3549	121
3550	101
3551	105
3552	121
3553	104
3554	109
3555	106
3556	114
3557	109
3558	96
3559	121
3560	109
3561	109
3562	107
3563	101
3564	112
3565	121
3566	115
3567	121
3568	114
3569	109
3570	122
3571	118
3572	88
3573	111
3574	104
3575	106
3576	112
3577	121
3578	102
3579	105
3580	137
3581	89
3582	121
3583	108
3584	107
3585	123
3586	122
3587	113
3588	97
3589	117
3590	118
3591	130
3592	107
3593	118
3594	92
3595	113
3596	129
3597	115
3598	116
3599	127
3600	107
3601	120
3602	119
3603	111
3604	120
3605	114
3606	95
3607	104
3608	122
3609	118
3610	122
3611	105
3612	111
3613	101
3614	91
3615	115
3616	123
3617	113
3618	109
3619	102
3620	119
3621	121
3622	93
3623	94
3624	91
3625	99
3626	114
3627	109
3628	114
3629	114
3630	98
3631	131
3632	97
3633	103
3634	122
3635	123
3636	116
3637	113
3638	99
3639	102
3640	98
3641	103
3642	109
3643	109
3644	104
3645	106
3646	106
3647	115
3648	116
3649	109
3650	110
3651	108
3652	106
3653	110
3654	121
3655	100
3656	117
3657	114
3658	114
3659	119
3660	95
3661	120
3662	113
3663	120
3664	97
3665	125
3666	105
3667	134
3668	113
3669	120
3670	99
3671	106
3672	96
3673	104
3674	111
3675	108
3676	133
3677	133
3678	107
3679	123
3680	112
3681	118
3682	95
3683	90
3684	100
3685	105
3686	117
3687	111
3688	112
3689	133
3690	106
3691	115
3692	117
3693	103
3694	109
3695	125
3696	99
3697	131
3698	90
3699	118
3700	112
3701	111
3702	90
3703	106
3704	103
3705	119
3706	113
3707	103
3708	86
3709	126
3710	122
3711	100
3712	101
3713	114
3714	104
3715	105
3716	109
3717	102
3718	113
3719	110
3720	106
3721	91
3722	91
3723	110
3724	103
3725	118
3726	102
3727	118
3728	126
3729	99
3730	128
3731	122
3732	109
3733	101
3734	105
3735	115
3736	114
3737	104
3738	116
3739	110
3740	107
3741	120
3742	109
3743	106
3744	116
3745	105
3746	121
3747	98
3748	117
3749	115
3750	115
3751	115
3752	120
3753	110
3754	131
3755	98
3756	101
3757	128
3758	129
3759	118
3760	127
3761	116
3762	121
3763	125
3764	134
3765	113
3766	105
3767	96
3768	110
3769	112
3770	92
3771	86
3772	117
3773	110
3774	117
3775	109
3776	109
3777	114
3778	88
3779	112
3780	116
3781	85
3782	112
3783	116
3784	107
3785	97
3786	118
3787	112
3788	115
3789	106
3790	97
3791	106
3792	107
3793	105
3794	91
3795	114
3796	109
3797	121
3798	109
3799	108
3800	110
3801	124
3802	99
3803	106
3804	116
3805	100
3806	127
3807	111
3808	125
3809	122
3810	103
3811	115
3812	126
3813	100
3814	105
3815	117
3816	98
3817	118
3818	110
3819	108
3820	106
3821	113
3822	97
3823	95
3824	90
3825	119
3826	132
3827	118
3828	107
3829	130
3830	110
3831	113
3832	122
3833	119
3834	109
3835	99
3836	103
3837	118
3838	117
3839	119
3840	109
3841	124
3842	113
3843	96
3844	109
3845	99
3846	106
3847	105
3848	126
3849	98
3850	104
3851	91
3852	93
3853	118
3854	118
3855	104
3856	125
3857	107
3858	106
3859	105
3860	98
3861	119
3862	107
3863	100
3864	108
3865	110
3866	108
3867	100
3868	112
3869	114
3870	132
3871	100
3872	119
3873	118
3874	109
3875	107
3876	102
3877	105
3878	119
3879	91
3880	99
3881	116
3882	106
3883	124
3884	111
3885	104
3886	105
3887	111
3888	114
3889	108
3890	112
3891	97
3892	121
3893	114
3894	117
3895	114
3896	102
3897	109
3898	107
3899	110
3900	110
3901	107
3902	135
3903	124
3904	122
3905	122
3906	130
3907	99
3908	110
3909	119
3910	115
3911	117
3912	129
3913	92
3914	106
3915	118
3916	103
3917	112
3918	100
3919	104
3920	107
3921	122
3922	112
3923	116
3924	111
3925	102
3926	101
3927	109
3928	115
3929	108
3930	92
3931	106
3932	103
3933	90
3934	115
3935	132
3936	108
3937	127
3938	115
3939	111
3940	110
3941	103
3942	114
3943	128
3944	109
3945	109
3946	126
3947	121
3948	123
3949	102
3950	99
3951	104
3952	123
3953	140
3954	120
3955	102
3956	110
3957	102
3958	115
3959	129
3960	107
3961	107
3962	117
3963	125
3964	101
3965	116
3966	110
3967	117
3968	119
3969	116
3970	108
3971	108
3972	99
3973	120
3974	108
3975	125
3976	148
3977	112
3978	125
3979	117
3980	127
3981	119
3982	121
3983	129
3984	130
3985	114
3986	122
3987	115
3988	123
3989	99
3990	115
3991	111
3992	135
3993	121
3994	126
3995	114
3996	116
3997	108
3998	119
3999	117
4000	105
4001	117
4002	126
4003	107
4004	112
4005	108
4006	121
4007	118
4008	111
4009	115
4010	127
4011	97
4012	119
4013	121
4014	130
4015	126
4016	121
4017	132
4018	128
4019	120
4020	112
4021	108
4022	131
4023	130
4024	120
4025	116
4026	123
4027	123
4028	127
4029	155
4030	144
4031	122
4032	132
4033	142
4034	115
4035	124
4036	123
4037	128
4038	122
4039	109
4040	111
4041	116
4042	117
4043	112
4044	131
4045	130
4046	111
4047	120
4048	122
4049	102
4050	113
4051	122
4052	122
4053	134
4054	126
4055	129
4056	110
4057	135
4058	143
4059	135
4060	114
4061	118
4062	149
4063	126
4064	123
4065	140
4066	127
4067	143
4068	139
4069	125
4070	123
4071	121
4072	135
4073	154
4074	124
4075	116
4076	137
4077	134
4078	143
4079	127
4080	126
4081	120
4082	141
4083	137
4084	144
4085	130
4086	119
4087	149
4088	146
4089	149
4090	137
4091	118
4092	138
4093	148
4094	119
4095	125
4096	126
4097	150
4098	148
4099	141
4100	134
4101	122
4102	129
4103	123
4104	124
4105	147
4106	147
4107	147
4108	146
4109	146
4110	169
4111	132
4112	146
4113	131
4114	143
4115	146
4116	146
4117	154
4118	153
4119	128
4120	141
4121	135
4122	171
4123	132
4124	132
4125	132
4126	143
4127	150
4128	159
4129	138
4130	148
4131	148
4132	157
4133	125
4134	132
4135	147
4136	153
4137	135
4138	138
4139	155
4140	143
4141	151
4142	151
4143	128
4144	154
4145	148
4146	135
4147	143
4148	147
4149	136
4150	149
4151	149
4152	158
4153	167
4154	150
4155	161
4156	162
4157	147
4158	151
4159	164
4160	157
4161	153
4162	141
4163	161
4164	154
4165	158
4166	182
4167	171
4168	149
4169	178
4170	154
4171	161
4172	171
4173	164
4174	151
4175	158
4176	147
4177	169
4178	162
4179	135
4180	175
4181	157
4182	175
4183	165
4184	151
4185	139
4186	149
4187	154
4188	155
4189	149
4190	156
4191	164
4192	173
4193	156
4194	158
4195	142
4196	146
4197	151
4198	164
4199	167
4200	160
4201	160
4202	164
4203	147
4204	152
4205	154
4206	143
4207	173
4208	152
4209	154
4210	167
4211	175
4212	139
4213	162
4214	178
4215	163
4216	157
4217	188
4218	174
4219	173
4220	162
4221	144
4222	143
4223	154
4224	164
4225	161
4226	186
4227	178
4228	155
4229	148
4230	164
4231	159
4232	156
4233	172
4234	173
4235	172
4236	159
4237	179
4238	175
4239	152
4240	174
4241	186
4242	169
4243	156
4244	149
4245	189
4246	157
4247	179
4248	169
4249	186
4250	190
4251	200
4252	160
4253	165
4254	171
4255	154
4256	175
4257	172
4258	170
4259	176
4260	172
4261	181
4262	159
4263	170
4264	182
4265	171
4266	160
4267	164
4268	178
4269	217
4270	181
4271	175
4272	201
4273	187
4274	169
4275	173
4276	180
4277	179
4278	170
4279	177
4280	203
4281	179
4282	188
4283	214
4284	181
4285	190
4286	198
4287	198
4288	181
4289	165
4290	197
4291	175
4292	171
4293	178
4294	185
4295	184
4296	175
4297	192
4298	178
4299	190
4300	208
4301	180
4302	167
4303	193
4304	173
4305	181
4306	170
4307	199
4308	185
4309	183
4310	175
4311	181
4312	183
4313	184
4314	167
4315	163
4316	190
4317	209
4318	179
4319	183
4320	194
4321	190
4322	211
4323	200
4324	188
4325	193
4326	206
4327	196
4328	168
4329	200
4330	193
4331	189
4332	206
4333	204
4334	191
4335	207
4336	222
4337	208
4338	228
4339	190
4340	196
4341	188
4342	197
4343	192
4344	205
4345	214
4346	161
4347	173
4348	180
4349	208
4350	185
4351	198
4352	184
4353	207
4354	183
4355	224
4356	188
4357	198
4358	204
4359	218
4360	210
4361	221
4362	220
4363	208
4364	223
4365	208
4366	203
4367	188
4368	189
4369	213
4370	198
4371	184
4372	192
4373	220
4374	205
4375	193
4376	212
4377	200
4378	215
4379	208
4380	213
4381	206
4382	196
4383	205
4384	193
4385	201
4386	199
4387	191
4388	228
4389	195
4390	216
4391	222
4392	217
4393	214
4394	215
4395	240
4396	218
4397	210
4398	206
4399	210
4400	192
4401	177
4402	234
4403	230
4404	238
4405	198
4406	219
4407	220
4408	209
4409	237
4410	222
4411	201
4412	233
4413	212
4414	215
4415	212
4416	225
4417	209
4418	211
4419	228
4420	211
4421	223
4422	244
4423	218
4424	225
4425	223
4426	205
4427	220
4428	198
4429	233
4430	195
4431	203
4432	213
4433	241
4434	231
4435	223
4436	248
4437	226
4438	246
4439	197
4440	235
4441	224
4442	216
4443	206
4444	211
4445	230
4446	223
4447	215
4448	207
4449	220
4450	212
4451	226
4452	237
4453	209
4454	256
4455	218
4456	214
4457	248
4458	232
4459	235
4460	251
4461	207
4462	241
4463	223
4464	205
4465	230
4466	243
4467	218
4468	238
4469	230
4470	226
4471	221
4472	254
4473	243
4474	224
4475	227
4476	212
4477	211
4478	232
4479	234
4480	248
4481	247
4482	231
4483	233
4484	244
4485	210
4486	222
4487	237
4488	243
4489	230
4490	201
4491	228
4492	227
4493	213
4494	236
4495	218
4496	240
4497	227
4498	227
4499	241
4500	219
4501	250
4502	219
4503	243
4504	234
4505	205
4506	227
4507	221
4508	260
4509	215
4510	231
4511	245
4512	261
4513	224
4514	216
4515	245
4516	226
4517	252
4518	234
4519	199
4520	207
4521	253
4522	220
4523	231
4524	241
4525	237
4526	217
4527	234
4528	223
4529	240
4530	236
4531	229
4532	241
4533	227
4534	230
4535	218
4536	239
4537	255
4538	248
4539	232
4540	218
4541	229
4542	236
4543	247
4544	224
4545	254
4546	231
4547	237
4548	239
4549	207
4550	229
4551	249
4552	202
4553	232
4554	230
4555	241
4556	224
4557	237
4558	221
4559	263
4560	235
4561	242
4562	246
4563	230
4564	228
4565	238
4566	246
4567	224
4568	211
4569	235
4570	270
4571	265
4572	248
4573	226
4574	213
4575	264
4576	239
4577	240
4578	221
4579	223
4580	231
4581	235
4582	235
4583	248
4584	258
4585	230
4586	220
4587	223
4588	210
4589	244
4590	254
4591	244
4592	262
4593	238
4594	239
4595	222
4596	238
4597	230
4598	220
4599	220
4600	221
4601	220
4602	251
4603	213
4604	252
4605	242
4606	230
4607	244
4608	224
4609	255
4610	261
4611	237
4612	240
4613	260
4614	234
4615	235
4616	254
4617	239
4618	247
4619	245
4620	252
4621	257
4622	242
4623	230
4624	224
4625	251
4626	230
4627	249
4628	235
4629	216
4630	222
4631	224
4632	254
4633	227
4634	240
4635	220
4636	205
4637	220
4638	259
4639	224
4640	219
4641	235
4642	225
4643	239
4644	235
4645	238
4646	210
4647	213
4648	223
4649	261
4650	220
4651	251
4652	236
4653	255
4654	213
4655	265
4656	230
4657	233
4658	241
4659	226
4660	233
4661	215
4662	227
4663	252
4664	208
4665	222
4666	224
4667	251
4668	244
4669	252
4670	234
4671	231
4672	226
4673	231
4674	263
4675	243
4676	227
4677	225
4678	232
4679	236
4680	250
4681	247
4682	233
4683	232
4684	282
4685	226
4686	237
4687	233
4688	249
4689	240
4690	241
4691	216
4692	256
4693	225
4694	249
4695	227
4696	267
4697	217
4698	249
4699	258
4700	225
4701	218
4702	247
4703	249
4704	245
4705	223
4706	220
4707	251
4708	200
4709	219
4710	257
4711	253
4712	237
4713	236
4714	211
4715	248
4716	244
4717	251
4718	229
4719	219
4720	231
4721	246
4722	213
4723	238
4724	238
4725	236
4726	253
4727	220
4728	201
4729	224
4730	266
4731	227
4732	247
4733	238
4734	261
4735	215
4736	215
4737	211
4738	213
4739	247
4740	259
4741	263
4742	219
4743	221
4744	236
4745	202
4746	234
4747	245
4748	229
4749	217
4750	242
4751	238
4752	231
4753	239
4754	232
4755	232
4756	228
4757	242
4758	248
4759	264
4760	226
4761	215
4762	248
4763	206
4764	221
4765	233
4766	251
4767	221
4768	246
4769	231
4770	216
4771	246
4772	217
4773	249
4774	205
4775	213
4776	249
4777	265
4778	216
4779	236
4780	208
4781	214
4782	209
4783	226
4784	223
4785	234
4786	227
4787	235
4788	250
4789	226
4790	243
4791	203
4792	235
4793	223
4794	225
4795	238
4796	232
4797	219
4798	197
4799	213
4800	237
4801	209
4802	216
4803	208
4804	203
4805	229
4806	223
4807	190
4808	184
4809	223
4810	217
4811	210
4812	222
4813	227
4814	227
4815	222
4816	224
4817	217
4818	224
4819	220
4820	211
4821	219
4822	231
4823	233
4824	215
4825	202
4826	225
4827	219
4828	196
4829	211
4830	218
4831	206
4832	195
4833	218
4834	199
4835	240
4836	222
4837	213
4838	198
4839	201
4840	227
4841	213
4842	208
4843	204
4844	241
4845	200
4846	212
4847	199
4848	202
4849	206
4850	198
4851	184
4852	179
4853	230
4854	214
4855	211
4856	193
4857	216
4858	205
4859	208
4860	203
4861	221
4862	209
4863	210
4864	225
4865	203
4866	196
4867	219
4868	200
4869	206
4870	216
4871	195
4872	188
4873	203
4874	213
4875	200
4876	184
4877	196
4878	188
4879	205
4880	230
4881	175
4882	210
4883	191
4884	182
4885	178
4886	203
4887	190
4888	210
4889	181
4890	204
4891	200
4892	222
4893	184
4894	180
4895	209
4896	199
4897	193
4898	206
4899	184
4900	178
4901	202
4902	188
4903	180
4904	199
4905	193
4906	197
4907	184
4908	201
4909	184
4910	207
4911	182
4912	195
4913	203
4914	195
4915	183
4916	160
4917	175
4918	192
4919	204
4920	196
4921	211
4922	192
4923	180
4924	193
4925	174
4926	173
4927	189
4928	181
4929	172
4930	182
4931	193
4932	171
4933	191
4934	195
4935	204
4936	184
4937	185
4938	181
4939	189
4940	191
4941	174
4942	196
4943	180
4944	166
4945	183
4946	169
4947	154
4948	185
4949	171
4950	182
4951	164
4952	186
4953	159
4954	183
4955	170
4956	188
4957	172
4958	167
4959	188
4960	171
4961	173
4962	194
4963	168
4964	177
4965	191
4966	197
4967	177
4968	190
4969	164
4970	185
4971	174
4972	140
4973	167
4974	157
4975	187
4976	172
4977	178
4978	141
4979	172
4980	164
4981	176
4982	173
4983	155
4984	180
4985	168
4986	176
4987	178
4988	169
4989	177
4990	156
4991	172
4992	150
4993	158
4994	170
4995	148
4996	193
4997	162
4998	155
4999	179
5000	177
5001	160
5002	159
5003	148
5004	179
5005	164
5006	168
5007	179
5008	162
5009	170
5010	172
5011	167
5012	177
5013	162
5014	163
5015	146
5016	178
5017	141
5018	184
5019	160
5020	143
5021	184
5022	175
5023	139
5024	162
5025	172
5026	171
5027	151
5028	167
5029	162
5030	155
5031	168
5032	151
5033	129
5034	159
5035	153
5036	153
5037	161
5038	160
5039	155
5040	154
5041	138
5042	175
5043	149
5044	152
5045	154
5046	166
5047	141
5048	162
5049	168
5050	137
5051	139
5052	143
5053	151
5054	150
5055	139
5056	136
5057	132
5058	175
5059	153
5060	128
5061	166
5062	139
5063	163
5064	169
5065	159
5066	157
5067	165
5068	165
5069	139
5070	145
5071	132
5072	198
5073	146
5074	141
5075	142
5076	124
5077	138
5078	141
5079	154
5080	147
5081	143
5082	161
5083	151
5084	156
5085	121
5086	153
5087	122
5088	147
5089	154
5090	142
5091	150
5092	145
5093	130
5094	134
5095	137
5096	147
5097	132
5098	148
5099	122
5100	135
5101	123
5102	129
5103	125
5104	138
5105	140
5106	134
5107	127
5108	164
5109	153
5110	153
5111	118
5112	136
5113	98
5114	138
5115	138
5116	130
5117	115
5118	136
5119	135
5120	143
5121	132
5122	124
5123	133
5124	144
5125	128
5126	141
5127	133
5128	139
5129	130
5130	150
5131	126
5132	142
5133	157
5134	134
5135	118
5136	139
5137	136
5138	126
5139	132
5140	145
5141	145
5142	132
5143	134
5144	133
5145	141
5146	135
5147	127
5148	138
5149	127
5150	123
5151	120
5152	131
5153	121
5154	135
5155	137
5156	123
5157	127
5158	110
5159	139
5160	151
5161	114
5162	121
5163	138
5164	105
5165	142
5166	109
5167	117
5168	123
5169	117
5170	133
5171	104
5172	121
5173	103
5174	123
5175	114
5176	131
5177	125
5178	118
5179	113
5180	116
5181	126
5182	133
5183	130
5184	106
5185	82
5186	138
5187	124
5188	131
5189	125
5190	141
5191	128
5192	133
5193	118
5194	114
5195	117
5196	142
5197	118
5198	116
5199	129
5200	104
5201	130
5202	128
5203	129
5204	111
5205	128
5206	130
5207	132
5208	128
5209	127
5210	115
5211	135
5212	109
5213	142
5214	122
5215	145
5216	131
5217	124
5218	110
5219	128
5220	119
5221	121
5222	130
5223	124
5224	128
5225	107
5226	128
5227	122
5228	131
5229	111
5230	130
5231	109
5232	122
5233	140
5234	138
5235	110
5236	112
5237	112
5238	115
5239	107
5240	108
5241	117
5242	118
5243	145
5244	123
5245	136
5246	124
5247	118
5248	132
5249	104
5250	122
5251	125
5252	119
5253	105
5254	122
5255	146
5256	105
5257	115
5258	119
5259	99
5260	96
5261	112
5262	119
5263	103
5264	117
5265	105
5266	95
5267	108
5268	115
5269	99
5270	120
5271	118
5272	108
5273	124
5274	117
5275	120
5276	108
5277	109
5278	109
5279	139
5280	132
5281	88
5282	124
5283	108
5284	111
5285	104
5286	130
5287	112
5288	95
5289	117
5290	120
5291	107
5292	124
5293	109
5294	122
5295	113
5296	120
5297	81
5298	103
5299	123
5300	111
5301	124
5302	119
5303	118
5304	113
5305	137
5306	120
5307	123
5308	115
5309	107
5310	129
5311	128
5312	128
5313	115
5314	116
5315	116
5316	104
5317	103
5318	115
5319	110
5320	106
5321	127
5322	122
5323	116
5324	129
5325	133
5326	138
5327	99
5328	92
5329	103
5330	109
5331	121
5332	144
5333	114
5334	127
5335	125
5336	97
5337	106
5338	126
5339	107
5340	135
5341	114
5342	123
5343	122
5344	107
5345	109
5346	99
5347	115
5348	116
5349	118
5350	110
5351	109
5352	109
5353	99
5354	109
5355	123
5356	131
5357	108
5358	108
5359	101
5360	114
5361	127
5362	130
5363	126
5364	91
5365	116
5366	106
5367	123
5368	134
5369	119
5370	163
5371	116
5372	106
5373	117
5374	103
5375	119
5376	103
5377	121
5378	134
5379	129
5380	133
5381	123
5382	115
5383	127
5384	111
5385	126
5386	112
5387	136
5388	131
5389	101
5390	120
5391	107
5392	114
5393	109
5394	110
5395	113
5396	119
5397	121
5398	128
5399	129
5400	105
5401	114
5402	116
5403	146
5404	117
5405	130
5406	129
5407	131
5408	127
5409	115
5410	114
5411	125
5412	131
5413	126
5414	124
5415	130
5416	131
5417	104
5418	130
5419	114
5420	153
5421	143
5422	118
5423	120
5424	109
5425	133
5426	127
5427	126
5428	146
5429	121
5430	122
5431	120
5432	124
5433	118
5434	136
5435	104
5436	125
5437	113
5438	101
5439	130
5440	127
5441	115
5442	139
5443	135
5444	125
5445	125
5446	129
5447	140
5448	129
5449	130
5450	131
5451	122
5452	137
5453	133
5454	123
5455	113
5456	113
5457	117
5458	119
5459	148
5460	127
5461	117
5462	129
5463	112
5464	136
5465	151
5466	151
5467	127
5468	123
5469	115
5470	139
5471	143
5472	119
5473	119
5474	142
5475	134
5476	127
5477	130
5478	129
5479	133
5480	143
5481	128
5482	142
5483	132
5484	149
5485	138
5486	133
5487	129
5488	133
5489	128
5490	146
5491	123
5492	142
5493	130
5494	150
5495	131
5496	121
5497	125
5498	143
5499	156
5500	149
5501	127
5502	132
5503	141
5504	136
5505	125
5506	120
5507	140
5508	127
5509	138
5510	122
5511	129
5512	140
5513	136
5514	148
5515	123
5516	132
5517	161
5518	136
5519	134
5520	125
5521	128
5522	142
5523	135
5524	132
5525	141
5526	122
5527	124
5528	148
5529	150
5530	149
5531	124
5532	141
5533	145
5534	127
5535	144
5536	147
5537	132
5538	138
5539	126
5540	137
5541	138
5542	135
5543	144
5544	124
5545	138
5546	152
5547	124
5548	117
5549	155
5550	153
5551	148
5552	134
5553	158
5554	141
5555	126
5556	123
5557	177
5558	130
5559	136
5560	154
5561	141
5562	146
5563	137
5564	150
5565	141
5566	114
5567	130
5568	144
5569	160
5570	135
5571	125
5572	125
5573	163
5574	152
5575	147
5576	127
5577	145
5578	129
5579	153
5580	145
5581	154
5582	151
5583	123
5584	132
5585	159
5586	155
5587	149
5588	120
5589	155
5590	139
5591	157
5592	169
5593	165
5594	134
5595	146
5596	144
5597	158
5598	133
5599	148
5600	145
5601	165
5602	149
5603	140
5604	153
5605	152
5606	135
5607	155
5608	144
5609	141
5610	136
5611	142
5612	147
5613	169
5614	140
5615	170
5616	166
5617	139
5618	158
5619	154
5620	137
5621	154
5622	149
5623	155
5624	160
5625	151
5626	153
5627	165
5628	150
5629	137
5630	160
5631	174
5632	160
5633	139
5634	145
5635	138
5636	173
5637	144
5638	158
5639	160
5640	148
5641	150
5642	130
5643	141
5644	154
5645	153
5646	125
5647	137
5648	166
5649	150
5650	154
5651	142
5652	136
5653	134
5654	155
5655	159
5656	157
5657	163
5658	132
5659	154
5660	163
5661	143
5662	132
5663	149
5664	144
5665	151
5666	156
5667	151
5668	156
5669	143
5670	141
5671	116
5672	151
5673	150
5674	159
5675	142
5676	152
5677	156
5678	132
5679	151
5680	154
5681	134
5682	140
5683	135
5684	126
5685	151
5686	158
5687	147
5688	141
5689	142
5690	169
5691	163
5692	147
5693	162
5694	164
5695	150
5696	133
5697	146
5698	164
5699	158
5700	123
5701	150
5702	120
5703	171
5704	159
5705	148
5706	154
5707	163
5708	147
5709	151
5710	140
5711	126
5712	135
5713	134
5714	148
5715	148
5716	162
5717	145
5718	161
5719	156
5720	145
5721	141
5722	149
5723	152
5724	142
5725	142
5726	166
5727	138
5728	140
5729	127
5730	140
5731	153
5732	138
5733	141
5734	125
5735	144
5736	127
5737	159
5738	141
5739	142
5740	178
5741	158
5742	135
5743	134
5744	159
5745	130
5746	151
5747	138
5748	159
5749	130
5750	164
5751	139
5752	128
5753	150
5754	149
5755	161
5756	155
5757	140
5758	131
5759	165
5760	148
5761	156
5762	128
5763	139
5764	143
5765	136
5766	143
5767	149
5768	140
5769	139
5770	158
5771	125
5772	134
5773	152
5774	148
5775	151
5776	144
5777	133
5778	139
5779	128
5780	128
5781	118
5782	148
5783	128
5784	139
5785	127
5786	133
5787	149
5788	141
5789	148
5790	137
5791	152
5792	141
5793	127
5794	137
5795	153
5796	135
5797	157
5798	158
5799	144
5800	142
5801	162
5802	139
5803	132
5804	133
5805	143
5806	130
5807	141
5808	140
5809	138
5810	137
5811	119
5812	120
5813	149
5814	161
5815	140
5816	140
5817	140
5818	143
5819	168
5820	124
5821	127
5822	139
5823	142
5824	133
5825	153
5826	134
5827	131
5828	141
5829	138
5830	138
5831	126
5832	147
5833	154
5834	151
5835	128
5836	127
5837	141
5838	126
5839	132
5840	135
5841	127
5842	130
5843	132
5844	140
5845	140
5846	146
5847	140
5848	109
5849	130
5850	158
5851	134
5852	139
5853	131
5854	137
5855	131
5856	109
5857	130
5858	136
5859	127
5860	135
5861	149
5862	125
5863	127
5864	136
5865	146
5866	125
5867	135
5868	123
5869	143
5870	137
5871	129
5872	138
5873	135
5874	130
5875	141
5876	128
5877	141
5878	136
5879	131
5880	127
5881	118
5882	139
5883	129
5884	117
5885	147
5886	134
5887	116
5888	145
5889	136
5890	139
5891	115
5892	140
5893	131
5894	132
5895	143
5896	124
5897	130
5898	152
5899	143
5900	141
5901	98
5902	133
5903	111
5904	97
5905	123
5906	133
5907	134
5908	113
5909	135
5910	146
5911	118
5912	130
5913	129
5914	134
5915	138
5916	123
5917	122
5918	115
5919	124
5920	137
5921	134
5922	118
5923	134
5924	106
5925	136
5926	114
5927	147
5928	125
5929	139
5930	124
5931	147
5932	119
5933	116
5934	126
5935	129
5936	139
5937	140
5938	95
5939	124
5940	143
5941	121
5942	139
5943	132
5944	114
5945	113
5946	134
5947	112
5948	116
5949	128
5950	111
5951	119
5952	126
5953	113
5954	112
5955	130
5956	109
5957	129
5958	109
5959	96
5960	127
5961	120
5962	115
5963	132
5964	124
5965	120
5966	104
5967	132
5968	102
5969	120
5970	112
5971	106
5972	122
5973	101
5974	124
5975	116
5976	130
5977	108
5978	104
5979	132
5980	107
5981	111
5982	111
5983	117
5984	142
5985	122
5986	125
5987	116
5988	98
5989	110
5990	104
5991	116
5992	112
5993	110
5994	112
5995	112
5996	110
5997	116
5998	116
5999	96
6000	100
6001	104
6002	126
6003	106
6004	100
6005	103
6006	124
6007	98
6008	104
6009	113
6010	103
6011	108
6012	103
6013	96
6014	117
6015	100
6016	97
6017	119
6018	122
6019	105
6020	101
6021	94
6022	97
6023	103
6024	112
6025	101
6026	103
6027	85
6028	92
6029	92
6030	110
6031	94
6032	115
6033	113
6034	102
6035	87
6036	91
6037	110
6038	102
6039	118
6040	105
6041	93
6042	109
6043	124
6044	100
6045	108
6046	102
6047	102
6048	103
6049	86
6050	93
6051	108
6052	104
6053	85
6054	92
6055	94
6056	106
6057	99
6058	97
6059	91
6060	106
6061	98
6062	97
6063	93
6064	102
6065	106
6066	98
6067	105
6068	88
6069	84
6070	94
6071	93
6072	98
6073	115
6074	113
6075	90
6076	96
6077	93
6078	99
6079	97
6080	87
6081	114
6082	92
6083	88
6084	87
6085	94
6086	98
6087	102
6088	86
6089	96
6090	92
6091	79
6092	104
6093	88
6094	82
6095	87
6096	103
6097	106
6098	85
6099	88
6100	91
6101	89
6102	80
6103	88
6104	96
6105	81
6106	102
6107	95
6108	98
6109	77
6110	89
6111	92
6112	87
6113	80
6114	97
6115	86
6116	88
6117	96
6118	90
6119	91
6120	104
6121	84
6122	97
6123	82
6124	93
6125	84
6126	87
6127	75
6128	94
6129	77
6130	86
6131	80
6132	84
6133	81
6134	93
6135	84
6136	86
6137	82
6138	84
6139	76
6140	87
6141	89
6142	81
6143	99
6144	73
6145	76
6146	85
6147	80
6148	99
6149	81
6150	84
6151	87
6152	80
6153	62
6154	86
6155	74
6156	69
6157	88
6158	86
6159	62
6160	76
6161	91
6162	59
6163	71
6164	82
6165	92
6166	89
6167	72
6168	82
6169	86
6170	76
6171	75
6172	72
6173	73
6174	68
6175	92
6176	71
6177	83
6178	70
6179	68
6180	95
6181	87
6182	75
6183	76
6184	87
6185	66
6186	74
6187	78
6188	87
6189	80
6190	68
6191	74
6192	80
6193	67
6194	74
6195	58
6196	62
6197	80
6198	63
6199	65
6200	71
6201	61
6202	68
6203	86
6204	57
6205	73
6206	65
6207	80
6208	75
6209	66
6210	64
6211	57
6212	65
6213	76
6214	78
6215	75
6216	73
6217	59
6218	82
6219	51
6220	60
6221	63
6222	62
6223	80
6224	66
6225	81
6226	79
6227	71
6228	71
6229	68
6230	67
6231	96
6232	66
6233	80
6234	73
6235	58
6236	52
6237	71
6238	72
6239	68
6240	74
6241	55
6242	74
6243	50
6244	85
6245	57
6246	64
6247	49
6248	54
6249	53
6250	66
6251	54
6252	65
6253	61
6254	89
6255	56
6256	74
6257	68
6258	62
6259	66
6260	61
6261	57
6262	60
6263	67
6264	65
6265	56
6266	64
6267	72
6268	72
6269	70
6270	58
6271	65
6272	62
6273	55
6274	73
6275	65
6276	62
6277	62
6278	65
6279	60
6280	51
6281	64
6282	48
6283	61
6284	75
6285	60
6286	55
6287	65
6288	70
6289	66
6290	55
6291	54
6292	48
6293	46
6294	68
6295	58
6296	77
6297	62
6298	57
6299	52
6300	54
6301	49
6302	50
6303	61
6304	61
6305	66
6306	52
6307	60
6308	56
6309	53
6310	50
6311	59
6312	60
6313	52
6314	68
6315	52
6316	59
6317	59
6318	52
6319	56
6320	60
6321	48
6322	51
6323	66
6324	43
6325	46
6326	44
6327	58
6328	44
6329	50
6330	64
6331	60
6332	51
6333	44
6334	56
6335	39
6336	45
6337	47
6338	58
6339	47
6340	56
6341	44
6342	57
6343	52
6344	44
6345	56
6346	48
6347	59
6348	49
6349	45
6350	57
6351	39
6352	30
6353	47
6354	60
6355	39
6356	41
6357	41
6358	45
6359	48
6360	54
6361	48
6362	47
6363	54
6364	53
6365	34
6366	57
6367	48
6368	52
6369	42
6370	49
6371	38
6372	54
6373	50
6374	47
6375	45
6376	48
6377	52
6378	35
6379	50
6380	54
6381	43
6382	25
6383	53
6384	38
6385	47
6386	43
6387	42
6388	50
6389	45
6390	52
6391	29
6392	62
6393	54
6394	50
6395	32
6396	38
6397	41
6398	51
6399	57
6400	38
6401	56
6402	41
6403	36
6404	41
6405	40
6406	36
6407	45
6408	47
6409	45
6410	30
6411	49
6412	42
6413	42
6414	56
6415	51
6416	38
6417	53
6418	31
6419	42
6420	40
6421	42
6422	47
6423	43
6424	39
6425	43
6426	50
6427	33
6428	40
6429	49
6430	35
6431	45
6432	37
6433	41
6434	39
6435	36
6436	48
6437	37
6438	47
6439	44
6440	42
6441	32
6442	41
6443	42
6444	35
6445	42
6446	36
6447	38
6448	48
6449	46
6450	38
6451	34
6452	43
6453	39
6454	48
6455	30
6456	37
6457	27
6458	40
6459	32
6460	37
6461	39
6462	51
6463	39
6464	30
6465	36
6466	39
6467	39
6468	37
6469	31
6470	45
6471	49
6472	31
6473	40
6474	39
6475	36
6476	48
6477	34
6478	35
6479	39
6480	45
6481	38
6482	32
6483	35
6484	31
6485	40
6486	34
6487	38
6488	40
6489	36
6490	41
6491	34
6492	44
6493	49
6494	35
6495	33
6496	21
6497	34
6498	42
6499	39
6500	28
6501	34
6502	36
6503	37
6504	30
6505	40
6506	37
6507	41
6508	40
6509	37
6510	31
6511	64
6512	34
6513	42
6514	32
6515	37
6516	34
6517	39
6518	44
6519	35
6520	42
6521	27
6522	38
6523	45
6524	35
6525	40
6526	32
6527	33
6528	41
6529	37
6530	32
6531	38
6532	37
6533	44
6534	25
6535	32
6536	39
6537	34
6538	33
6539	30
6540	42
6541	23
6542	42
6543	39
6544	28
6545	46
6546	27
6547	30
6548	49
6549	34
6550	37
6551	35
6552	41
6553	42
6554	35
6555	27
6556	30
6557	32
6558	36
6559	35
6560	48
6561	37
6562	32
6563	35
6564	35
6565	32
6566	29
6567	28
6568	32
6569	28
6570	35
6571	31
6572	38
6573	32
6574	28
6575	39
6576	29
6577	34
6578	36
6579	38
6580	33
6581	29
6582	37
6583	42
6584	32
6585	38
6586	29
6587	34
6588	37
6589	29
6590	43
6591	36
6592	32
6593	33
6594	38
6595	26
6596	38
6597	52
6598	30
6599	39
6600	34
6601	20
6602	30
6603	28
6604	25
6605	31
6606	37
6607	25
6608	33
6609	34
6610	29
6611	30
6612	35
6613	36
6614	33
6615	30
6616	26
6617	34
6618	30
6619	36
6620	22
6621	26
6622	31
6623	42
6624	41
6625	30
6626	46
6627	38
6628	38
6629	35
6630	38
6631	25
6632	32
6633	36
6634	32
6635	37
6636	28
6637	39
6638	29
6639	27
6640	39
6641	37
6642	38
6643	42
6644	33
6645	39
6646	45
6647	33
6648	27
6649	33
6650	32
6651	39
6652	33
6653	33
6654	25
6655	28
6656	28
6657	34
6658	35
6659	29
6660	41
6661	47
6662	24
6663	34
6664	45
6665	39
6666	35
6667	36
6668	45
6669	39
6670	34
6671	40
6672	43
6673	30
6674	30
6675	38
6676	28
6677	29
6678	32
6679	30
6680	33
6681	33
6682	28
6683	38
6684	37
6685	37
6686	28
6687	33
6688	31
6689	26
6690	27
6691	32
6692	25
6693	34
6694	23
6695	27
6696	29
6697	36
6698	32
6699	40
6700	23
6701	27
6702	34
6703	31
6704	34
6705	38
6706	33
6707	42
6708	34
6709	26
6710	26
6711	46
6712	36
6713	32
6714	37
6715	29
6716	28
6717	42
6718	37
6719	33
6720	31
6721	29
6722	39
6723	24
6724	31
6725	31
6726	25
6727	43
6728	23
6729	32
6730	34
6731	43
6732	31
6733	34
6734	38
6735	36
6736	31
6737	27
6738	21
6739	31
6740	38
6741	30
6742	33
6743	29
6744	34
6745	36
6746	43
6747	28
6748	26
6749	32
6750	38
6751	15
6752	27
6753	30
6754	32
6755	32
6756	34
6757	36
6758	33
6759	42
6760	34
6761	34
6762	17
6763	32
6764	35
6765	36
6766	28
6767	34
6768	29
6769	30
6770	22
6771	26
6772	28
6773	34
6774	35
6775	25
6776	28
6777	30
6778	32
6779	36
6780	36
6781	30
6782	42
6783	32
6784	21
6785	27
6786	36
6787	26
6788	34
6789	32
6790	34
6791	28
6792	33
6793	38
6794	34
6795	25
6796	23
6797	20
6798	31
6799	25
6800	33
6801	28
6802	34
6803	33
6804	40
6805	23
6806	23
6807	31
6808	24
6809	22
6810	24
6811	30
6812	41
6813	35
6814	27
6815	29
6816	35
6817	29
6818	29
6819	27
6820	35
6821	39
6822	22
6823	27
6824	27
6825	24
6826	34
6827	29
6828	28
6829	37
6830	36
6831	29
6832	31
6833	30
6834	23
6835	19
6836	27
6837	26
6838	24
6839	27
6840	31
6841	32
6842	30
6843	17
6844	28
6845	28
6846	30
6847	32
6848	21
6849	28
6850	18
6851	26
6852	22
6853	32
6854	30
6855	31
6856	28
6857	27
6858	30
6859	33
6860	11
6861	21
6862	37
6863	32
6864	28
6865	24
6866	36
6867	19
6868	22
6869	23
6870	21
6871	26
6872	29
6873	23
6874	26
6875	21
6876	23
6877	17
6878	24
6879	24
6880	32
6881	22
6882	20
6883	16
6884	27
6885	26
6886	30
6887	21
6888	24
6889	31
6890	28
6891	21
6892	25
6893	26
6894	16
6895	24
6896	20
6897	10
6898	18
6899	33
6900	16
6901	28
6902	19
6903	22
6904	15
6905	20
6906	21
6907	20
6908	20
6909	30
6910	15
6911	19
6912	19
6913	20
6914	22
6915	26
6916	19
6917	25
6918	22
6919	19
6920	23
6921	19
6922	19
6923	19
6924	31
6925	19
6926	14
6927	23
6928	18
6929	14
6930	22
6931	24
6932	17
6933	21
6934	24
6935	13
6936	15
6937	14
6938	22
6939	26
6940	21
6941	23
6942	14
6943	20
6944	17
6945	17
6946	16
6947	21
6948	28
6949	17
6950	22
6951	16
6952	19
6953	20
6954	22
6955	20
6956	19
6957	18
6958	23
6959	15
6960	20
6961	20
6962	22
6963	15
6964	9
6965	16
6966	12
6967	11
6968	19
6969	13
6970	11
6971	12
6972	20
6973	22
6974	15
6975	16
6976	10
6977	16
6978	18
6979	17
6980	11
6981	9
6982	18
6983	9
6984	18
6985	14
6986	11
6987	12
6988	5
6989	9
6990	8
6991	16
6992	14
6993	13
6994	15
6995	11
6996	14
6997	12
6998	15
6999	14
7000	14
7001	16
7002	17
7003	12
7004	13
7005	14
7006	11
7007	9
7008	15
7009	11
7010	12
7011	11
7012	12
7013	15
7014	7
7015	12
7016	11
7017	13
7018	7
7019	11
7020	15
7021	8
7022	14
7023	10
7024	15
7025	8
7026	16
7027	9
7028	11
7029	12
7030	16
7031	11
7032	12
7033	12
7034	8
7035	10
7036	9
7037	8
7038	5
7039	7
7040	5
7041	11
7042	9
7043	7
7044	10
7045	8
7046	9
7047	8
7048	10
7049	9
7050	8
7051	10
7052	8
7053	11
7054	13
7055	11
7056	7
7057	17
7058	12
7059	12
7060	11
7061	5
7062	11
7063	8
7064	9
7065	9
7066	7
7067	16
7068	11
7069	11
7070	10
7071	6
7072	7
7073	5
7074	10
7075	10
7076	6
7077	7
7078	8
7079	10
7080	8
7081	10
7082	6
7083	15
7084	6
7085	9
7086	12
7087	13
7088	11
7089	4
7090	7
7091	12
7092	8
7093	11
7094	4
7095	7
7096	6
7097	4
7098	6
7099	10
7100	3
7101	6
7102	8
7103	6
7104	9
7105	6
7106	8
7107	1
7108	4
7109	4
7110	4
7111	4
7112	2
7113	3
7114	8
7115	5
7116	8
7117	11
7118	4
7119	4
7120	7
7121	4
7122	11
7123	6
7124	3
7125	8
7126	3
7127	5
7128	2
7129	5
7130	6
7131	4
7132	10
7133	4
7134	5
7135	8
7136	3
7137	5
7138	6
7139	5
7140	3
7141	6
7142	3
7143	4
7144	3
7145	4
7146	7
7147	1
7148	5
7149	7
7150	7
7151	5
7152	4
7153	3
7154	3
7155	3
7156	3
7157	4
7158	2
7159	4
7160	4
7161	3
7162	5
7163	6
7164	6
7165	1
7166	4
7167	2
7168	5
7169	3
7170	4
7171	4
7172	3
7173	2
7174	3
7175	5
7176	2
7177	3
7178	3
7179	6
7180	4
7181	2
7182	5
7183	5
7184	3
7185	4
7186	2
7187	2
7188	4
7189	3
7190	2
7191	6
7192	3
7193	3
7194	4
7195	2
7196	4
7197	3
7198	4
7199	2
7200	2
7201	3
7202	2
7203	4
7204	2
7205	0
7206	4
7207	0
7208	2
7209	4
7210	2
7211	3
7212	7
7213	3
7214	3
7215	3
7216	5
7217	2
7218	3
7219	2
7220	3
7221	1
7222	2
7223	2
7224	1
7225	1
7226	2
7227	3
7228	1
7229	5
7230	0
7231	2
7232	2
7233	2
7234	2
7235	2
7236	1
7237	1
7238	1
7239	4
7240	0
7241	0
7242	1
7243	2
7244	2
7245	4
7246	6
7247	2
7248	2
7249	0
7250	2
7251	2
7252	3
7253	4
7254	2
7255	4
7256	2
7257	0
7258	5
7259	2
7260	1
7261	4
7262	1
7263	1
7264	1
7265	3
7266	1
7267	3
7268	2
7269	2
7270	2
7271	1
7272	0
7273	2
7274	2
7275	1
7276	5
7277	0
7278	1
7279	1
7280	4
7281	3
7282	3
7283	0
7284	1
7285	2
7286	0
7287	0
7288	1
7289	2
7290	1
7291	1
7292	2
7293	1
7294	2
7295	3
7296	2
7297	1
7298	2
7299	2
7300	2
7301	3
7302	3
7303	1
7304	1
7305	0
7306	3
7307	2
7308	4
7309	2
7310	2
7311	1
7312	2
7313	0
7314	1
7315	1
7316	1
7317	1
7318	2
7319	1
7320	0
7321	1
7322	1
7323	2
7324	1
7325	2
7326	1
7327	3
7328	1
7329	1
7330	3
7331	1
7332	2
7333	0
7334	0
7335	0
7336	1
7337	2
7338	0
7339	2
7340	1
7341	2
7342	0
7343	1
7344	2
7345	0
7346	2
7347	0
7348	0
7349	2
7350	1
7351	1
7352	1
7353	4
7354	2
7355	1
7356	2
7357	0
7358	0
7359	2
7360	2
7361	3
7362	1
7363	0
7364	2
7365	0
7366	0
7367	0
7368	0
7369	1
7370	3
7371	1
7372	0
7373	3
7374	1
7375	1
7376	0
7377	0
7378	2
7379	0
7380	0
7381	0
7382	1
7383	1
7384	1
7385	1
7386	2
7387	0
7388	1
7389	0
7390	1
7391	1
7392	0
7393	1
7394	2
7395	1
7396	2
7397	1
7398	1
7399	1
7400	1
7401	3
7402	3
7403	4
7404	2
7405	1
7406	0
7407	3
7408	0
7409	2
7410	1
7411	2
7412	0
7413	3
7414	0
7415	1
7416	2
7417	2
7418	0
7419	2
7420	2
7421	3
7422	0
7423	0
7424	1
7425	2
7426	0
7427	1
7428	0
7429	1
7430	0
7431	1
7432	0
7433	3
7434	0
7435	0
7436	0
7437	0
7438	1
7439	0
7440	0
7441	2
7442	1
7443	1
7444	0
7445	2
7446	2
7447	2
7448	3
7449	1
7450	3
7451	1
7452	0
7453	1
7454	1
7455	0
7456	1
7457	0
7458	0
7459	2
7460	0
7461	1
7462	1
7463	0
7464	1
7465	1
7466	0
7467	0
7468	0
7469	1
7470	0
7471	3
7472	2
7473	2
7474	1
7475	1
7476	1
7477	0
7478	0
7479	2
7480	0
7481	0
7482	0
7483	1
7484	1
7485	2
7486	1
7487	1
7488	1
7489	0
7490	0
7491	0
7492	1
7493	0
7494	2
7495	1
7496	2
7497	1
7498	0
7499	2
7500	2
7501	1
7502	2
7503	1
7504	2
7505	3
7506	1
7507	2
7508	2
7509	0
7510	4
7511	0
7512	0
7513	1
7514	2
7515	4
7516	1
7517	0
7518	1
7519	1
7520	0
7521	0
7522	2
7523	2
7524	0
7525	2
7526	3
7527	2
7528	0
7529	0
7530	0
7531	2
7532	5
7533	0
7534	1
7535	2
7536	1
7537	4
7538	0
7539	2
7540	0
7541	1
7542	0
7543	1
7544	1
7545	2
7546	1
7547	1
7548	1
7549	0
7550	0
7551	2
7552	1
7553	1
7554	2
7555	1
7556	1
7557	3
7558	2
7559	0
7560	6
7561	1
7562	0
7563	1
7564	2
7565	2
7566	4
7567	1
7568	1
7569	2
7570	0
7571	0
7572	0
7573	4
7574	1
7575	3
7576	0
7577	2
7578	0
7579	1
7580	2
7581	1
7582	0
7583	2
7584	3
7585	1
7586	1
7587	2
7588	2
7589	1
7590	0
7591	0
7592	0
7593	5
7594	3
7595	0
7596	1
7597	2
7598	0
7599	2
7600	0
7601	3
7602	0
7603	0
7604	0
7605	4
7606	2
7607	2
7608	2
7609	2
7610	3
7611	1
7612	1
7613	0
7614	0
7615	0
7616	0
7617	0
7618	0
7619	1
7620	1
7621	2
7622	0
7623	1
7624	2
7625	3
7626	2
7627	2
7628	1
7629	1
7630	0
7631	1
7632	0
7633	0
7634	2
7635	2
7636	1
7637	0
7638	2
7639	0
7640	3
7641	3
7642	0
7643	1
7644	2
7645	1
7646	0
7647	0
7648	3
7649	0
7650	0
7651	0
7652	1
7653	2
7654	0
7655	0
7656	0
7657	1
7658	0
7659	0
7660	1
7661	0
7662	2
7663	2
7664	1
7665	0
7666	1
7667	1
7668	0
7669	1
7670	1
7671	2
7672	1
7673	2
7674	1
7675	0
7676	0
7677	0
7678	1
7679	2
7680	1
7681	0
7682	0
7683	0
7684	2
7685	0
7686	1
7687	0
7688	1
7689	0
7690	2
7691	0
7692	1
7693	0
7694	3
7695	0
7696	1
7697	2
7698	1
7699	1
7700	0
7701	1
7702	3
7703	3
7704	0
7705	3
7706	1
7707	2
7708	1
7709	2
7710	1
7711	2
7712	0
7713	2
7714	0
7715	0
7716	1
7717	2
7718	0
7719	1
7720	0
7721	0
7722	1
7723	0
7724	1
7725	1
7726	0
7727	1
7728	1
7729	0
7730	1
7731	1
7732	0
7733	0
7734	3
7735	1
7736	1
7737	0
7738	2
7739	0
7740	1
7741	2
7742	2
7743	2
7744	1
7745	0
7746	2
7747	0
7748	2
7749	0
7750	2
7751	1
7752	1
7753	0
7754	3
7755	0
7756	1
7757	2
7758	2
7759	0
7760	3
7761	0
7762	1
7763	0
7764	1
7765	1
7766	4
7767	0
7768	0
7769	1
7770	0
7771	0
7772	0
7773	0
7774	1
7775	0
7776	0
7777	0
7778	1
7779	2
7780	3
7781	3
7782	1
7783	0
7784	0
7785	1
7786	0
7787	2
7788	0
7789	2
7790	2
7791	0
7792	0
7793	1
7794	2
7795	1
7796	0
7797	1
7798	3
7799	2
7800	0
7801	1
7802	1
7803	1
7804	0
7805	0
7806	2
7807	0
7808	1
7809	1
7810	2
7811	1
7812	1
7813	1
7814	0
7815	4
7816	1
7817	0
7818	0
7819	0
7820	1
7821	0
7822	1
7823	3
7824	1
7825	0
7826	1
7827	0
7828	2
7829	2
7830	0
7831	0
7832	1
7833	1
7834	1
7835	1
7836	0
7837	1
7838	0
7839	1
7840	1
7841	0
7842	2
7843	0
7844	0
7845	0
7846	1
7847	0
7848	2
7849	1
7850	0
7851	1
7852	2
7853	1
7854	1
7855	0
7856	3
7857	1
7858	0
7859	2
7860	0
7861	1
7862	0
7863	0
7864	1
7865	2
7866	0
7867	1
7868	2
7869	0
7870	0
7871	1
7872	2
7873	1
7874	0
7875	1
7876	0
7877	0
7878	3
7879	3
7880	3
7881	1
7882	0
7883	0
7884	3
7885	1
7886	1
7887	1
7888	0
7889	1
7890	1
7891	1
7892	0
7893	2
7894	1
7895	0
7896	1
7897	2
7898	0
7899	0
7900	1
7901	0
7902	1
7903	0
7904	2
7905	0
7906	4
7907	3
7908	3
7909	1
7910	1
7911	0
7912	1
7913	1
7914	0
7915	0
7916	2
7917	0
7918	0
7919	3
7920	0
7921	0
7922	1
7923	1
7924	0
7925	0
7926	1
7927	0
7928	0
7929	1
7930	0
7931	3
7932	3
7933	1
7934	2
7935	1
7936	0
7937	1
7938	1
7939	2
7940	0
7941	2
7942	2
7943	1
7944	3
7945	0
7946	0
7947	2
7948	2
7949	0
7950	0
7951	1
7952	0
7953	1
7954	1
7955	0
7956	1
7957	1
7958	2
7959	1
7960	2
7961	0
7962	2
7963	1
7964	1
7965	0
7966	2
7967	2
7968	1
7969	0
7970	2
7971	2
7972	3
7973	0
7974	1
7975	0
7976	1
7977	0
7978	1
7979	2
7980	0
7981	0
7982	2
7983	0
7984	1
7985	0
7986	2
7987	1
7988	1
7989	2
7990	0
7991	1
7992	0
7993	0
7994	0
7995	1
7996	1
7997	0
7998	0
7999	0
8000	0
8001	1
8002	1
8003	1
8004	0
8005	0
8006	1
8007	3
8008	1
8009	1
8010	2
8011	0
8012	1
8013	1
8014	4
8015	1
8016	1
8017	1
8018	2
8019	1
8020	0
8021	1
8022	0
8023	0
8024	0
8025	2
8026	1
8027	0
8028	0
8029	2
8030	0
8031	0
8032	0
8033	1
8034	2
8035	1
8036	1
8037	3
8038	2
8039	0
8040	1
8041	4
8042	1
8043	1
8044	0
8045	2
8046	0
8047	0
8048	0
8049	1
8050	1
8051	2
8052	0
8053	1
8054	0
8055	2
8056	0
8057	2
8058	1
8059	3
8060	0
8061	2
8062	0
8063	1
8064	0
8065	2
8066	1
8067	0
8068	3
8069	0
8070	0
8071	5
8072	0
8073	2
8074	0
8075	1
8076	2
8077	0
8078	1
8079	1
8080	2
8081	2
8082	1
8083	0
8084	0
8085	1
8086	1
8087	1
8088	0
8089	1
8090	1
8091	1
8092	1
8093	2
8094	2
8095	1
8096	2
8097	2
8098	1
8099	0
8100	0
8101	0
8102	0
8103	0
8104	0
8105	1
8106	0
8107	1
8108	0
8109	0
8110	0
8111	0
8112	0
8113	0
8114	0
8115	0
8116	0
8117	0
8118	0
8119	0
8120	0
8121	0
8122	0
8123	0
8124	0
8125	0
8126	0
8127	0
8128	0
8129	0
8130	0
8131	0
8132	0
8133	0
8134	0
8135	0
8136	0
8137	0
8138	0
8139	0
8140	0
8141	0
8142	0
8143	0
8144	0
8145	0
8146	0
8147	0
8148	0
8149	0
8150	0
8151	0
8152	0
8153	0
8154	0
8155	0
8156	0
8157	0
8158	0
8159	0
8160	0
8161	0
8162	0
8163	0
8164	0
8165	0
8166	0
8167	0
8168	0
8169	0
8170	0
8171	0
8172	0
8173	0
8174	0
8175	0
8176	0
8177	0
8178	0
8179	0
8180	0
8181	0
8182	0
8183	0
8184	0
8185	0
8186	0
8187	0
8188	0
8189	0
8190	0
8191	0
