0	0
1	0
2	0
3	0
4	0
5	0
6	0
7	0
8	0
9	0
10	0
11	0
12	0
13	0
14	0
15	0
16	0
17	0
18	0
19	0
20	0
21	0
22	0
23	0
24	0
25	0
26	0
27	0
28	0
29	0
30	0
31	0
32	0
33	0
34	0
35	0
36	0
37	0
38	0
39	0
40	0
41	0
42	0
43	0
44	0
45	0
46	0
47	0
48	0
49	0
50	0
51	0
52	0
53	0
54	0
55	0
56	0
57	0
58	0
59	0
60	0
61	0
62	0
63	0
64	0
65	0
66	0
67	0
68	0
69	0
70	0
71	0
72	0
73	0
74	0
75	0
76	0
77	0
78	0
79	0
80	0
81	0
82	0
83	0
84	0
85	0
86	0
87	0
88	0
89	0
90	0
91	0
92	0
93	0
94	0
95	0
96	0
97	0
98	0
99	0
100	0
101	0
102	0
103	0
104	0
105	0
106	0
107	0
108	0
109	0
110	0
111	0
112	0
113	0
114	0
115	0
116	0
117	0
118	0
119	0
120	0
121	0
122	0
123	0
124	0
125	0
126	0
127	0
128	0
129	0
130	0
131	0
132	0
133	0
134	0
135	0
136	0
137	0
138	0
139	0
140	0
141	0
142	0
143	0
144	0
145	0
146	0
147	0
148	0
149	0
150	0
151	0
152	0
153	0
154	0
155	0
156	0
157	0
158	0
159	0
160	0
161	0
162	0
163	0
164	0
165	0
166	0
167	0
168	0
169	0
170	0
171	0
172	0
173	0
174	0
175	0
176	0
177	0
178	1
179	3
180	9
181	21
182	46
183	58
184	46
185	52
186	57
187	68
188	46
189	43
190	65
191	41
192	34
193	44
194	35
195	53
196	48
197	49
198	47
199	51
200	49
201	51
202	38
203	37
204	38
205	38
206	51
207	49
208	46
209	45
210	37
211	46
212	45
213	45
214	44
215	42
216	48
217	43
218	50
219	43
220	43
221	54
222	61
223	38
224	47
225	50
226	41
227	47
228	48
229	44
230	54
231	54
232	48
233	35
234	40
235	37
236	38
237	53
238	46
239	48
240	45
241	43
242	42
243	47
244	57
245	42
246	54
247	42
248	41
249	45
250	53
251	32
252	44
253	37
254	43
255	41
256	40
257	41
258	29
259	33
260	41
261	35
262	42
263	36
264	33
265	39
266	35
267	45
268	44
269	49
270	48
271	49
272	42
273	50
274	36
275	45
276	39
277	58
278	43
279	55
280	60
281	40
282	39
283	51
284	45
285	39
286	48
287	38
288	60
289	65
290	62
291	38
292	45
293	35
294	38
295	34
296	47
297	42
298	48
299	49
300	38
301	43
302	42
303	44
304	42
305	49
306	45
307	38
308	52
309	52
310	41
311	49
312	50
313	46
314	46
315	45
316	49
317	36
318	47
319	44
320	51
321	38
322	61
323	52
324	54
325	58
326	50
327	41
328	48
329	47
330	53
331	47
332	48
333	47
334	50
335	52
336	53
337	41
338	37
339	58
340	41
341	34
342	35
343	46
344	51
345	53
346	47
347	56
348	53
349	41
350	37
351	43
352	47
353	44
354	56
355	45
356	49
357	40
358	36
359	48
360	42
361	49
362	49
363	60
364	57
365	44
366	38
367	50
368	59
369	44
370	58
371	47
372	54
373	51
374	44
375	44
376	48
377	44
378	50
379	44
380	39
381	49
382	48
383	50
384	61
385	50
386	50
387	44
388	38
389	56
390	53
391	49
392	48
393	59
394	57
395	57
396	55
397	46
398	44
399	58
400	62
401	63
402	47
403	40
404	45
405	60
406	51
407	60
408	49
409	52
410	50
411	44
412	55
413	39
414	58
415	51
416	44
417	53
418	52
419	48
420	55
421	47
422	46
423	43
424	51
425	62
426	62
427	49
428	36
429	47
430	61
431	51
432	43
433	45
434	61
435	49
436	48
437	56
438	50
439	53
440	48
441	51
442	60
443	42
444	57
445	45
446	39
447	54
448	47
449	50
450	56
451	52
452	55
453	49
454	49
455	43
456	47
457	51
458	47
459	53
460	58
461	51
462	58
463	59
464	46
465	51
466	66
467	37
468	49
469	52
470	57
471	55
472	56
473	41
474	42
475	60
476	48
477	55
478	49
479	61
480	49
481	64
482	55
483	37
484	48
485	55
486	53
487	48
488	53
489	49
490	50
491	38
492	41
493	47
494	53
495	51
496	64
497	51
498	41
499	43
500	60
501	69
502	52
503	35
504	54
505	48
506	56
507	62
508	63
509	66
510	52
511	57
512	51
513	54
514	60
515	47
516	43
517	50
518	65
519	62
520	59
521	45
522	56
523	54
524	49
525	41
526	51
527	45
528	56
529	54
530	54
531	47
532	37
533	65
534	57
535	71
536	56
537	51
538	59
539	57
540	56
541	65
542	51
543	61
544	51
545	40
546	58
547	48
548	48
549	55
550	55
551	47
552	43
553	41
554	61
555	47
556	46
557	52
558	43
559	56
560	58
561	51
562	43
563	44
564	57
565	43
566	55
567	44
568	47
569	51
570	50
571	41
572	49
573	47
574	55
575	56
576	45
577	51
578	61
579	37
580	64
581	50
582	55
583	50
584	53
585	37
586	51
587	44
588	68
589	42
590	38
591	61
592	55
593	58
594	63
595	41
596	52
597	47
598	57
599	53
600	53
601	41
602	36
603	53
604	48
605	70
606	43
607	47
608	47
609	45
610	46
611	47
612	52
613	57
614	44
615	52
616	37
617	51
618	35
619	52
620	50
621	47
622	59
623	48
624	48
625	53
626	46
627	43
628	64
629	47
630	50
631	51
632	56
633	44
634	47
635	42
636	48
637	55
638	47
639	54
640	47
641	54
642	55
643	47
644	57
645	49
646	55
647	50
648	56
649	49
650	53
651	50
652	43
653	50
654	42
655	64
656	48
657	61
658	54
659	60
660	52
661	61
662	48
663	47
664	53
665	46
666	49
667	50
668	51
669	39
670	48
671	57
672	52
673	58
674	54
675	53
676	63
677	51
678	45
679	51
680	64
681	53
682	43
683	47
684	51
685	56
686	58
687	54
688	52
689	51
690	56
691	54
692	47
693	61
694	59
695	47
696	61
697	46
698	45
699	45
700	66
701	54
702	63
703	67
704	56
705	52
706	62
707	60
708	57
709	51
710	45
711	62
712	52
713	61
714	57
715	61
716	53
717	63
718	62
719	49
720	41
721	50
722	53
723	64
724	40
725	44
726	69
727	51
728	41
729	66
730	53
731	59
732	56
733	50
734	64
735	48
736	66
737	54
738	74
739	48
740	60
741	57
742	45
743	44
744	52
745	60
746	58
747	49
748	56
749	59
750	59
751	62
752	66
753	63
754	52
755	49
756	54
757	53
758	64
759	56
760	61
761	42
762	52
763	70
764	55
765	59
766	60
767	59
768	63
769	68
770	54
771	63
772	57
773	66
774	66
775	53
776	64
777	72
778	57
779	50
780	62
781	89
782	59
783	66
784	71
785	69
786	69
787	64
788	73
789	53
790	71
791	58
792	61
793	69
794	61
795	67
796	67
797	77
798	83
799	77
800	64
801	72
802	53
803	67
804	71
805	86
806	72
807	103
808	76
809	84
810	71
811	83
812	74
813	73
814	61
815	77
816	65
817	83
818	73
819	67
820	96
821	81
822	88
823	79
824	85
825	96
826	80
827	102
828	103
829	91
830	101
831	95
832	78
833	96
834	94
835	105
836	74
837	105
838	84
839	102
840	100
841	89
842	117
843	84
844	93
845	79
846	104
847	97
848	87
849	104
850	95
851	88
852	82
853	96
854	83
855	92
856	84
857	101
858	101
859	83
860	102
861	89
862	85
863	92
864	97
865	90
866	93
867	83
868	102
869	95
870	99
871	105
872	95
873	103
874	96
875	101
876	94
877	111
878	103
879	113
880	101
881	89
882	95
883	92
884	100
885	94
886	85
887	113
888	87
889	74
890	90
891	104
892	88
893	83
894	87
895	77
896	91
897	103
898	94
899	89
900	75
901	74
902	98
903	79
904	80
905	76
906	70
907	86
908	95
909	109
910	71
911	83
912	92
913	73
914	89
915	78
916	70
917	87
918	69
919	81
920	73
921	67
922	72
923	75
924	55
925	68
926	61
927	72
928	69
929	76
930	73
931	53
932	72
933	70
934	71
935	64
936	65
937	75
938	62
939	64
940	62
941	73
942	62
943	51
944	68
945	75
946	75
947	70
948	69
949	79
950	62
951	80
952	87
953	75
954	70
955	61
956	73
957	71
958	70
959	68
960	85
961	71
962	62
963	58
964	71
965	70
966	58
967	76
968	73
969	70
970	64
971	70
972	59
973	55
974	81
975	65
976	75
977	70
978	56
979	62
980	66
981	63
982	67
983	72
984	75
985	59
986	92
987	60
988	70
989	65
990	70
991	72
992	68
993	56
994	71
995	74
996	48
997	72
998	65
999	72
1000	83
1001	57
1002	85
1003	71
1004	59
1005	94
1006	82
1007	70
1008	66
1009	57
1010	62
1011	80
1012	74
1013	71
1014	72
1015	79
1016	71
1017	63
1018	56
1019	58
1020	62
1021	71
1022	67
1023	54
1024	69
1025	74
1026	66
1027	68
1028	59
1029	61
1030	69
1031	61
1032	78
1033	74
1034	54
1035	60
1036	58
1037	58
1038	57
1039	59
1040	65
1041	58
1042	73
1043	71
1044	74
1045	59
1046	61
1047	64
1048	77
1049	64
1050	50
1051	74
1052	47
1053	62
1054	57
1055	52
1056	52
1057	64
1058	51
1059	65
1060	63
1061	52
1062	60
1063	75
1064	58
1065	60
1066	61
1067	42
1068	56
1069	70
1070	69
1071	70
1072	61
1073	57
1074	70
1075	58
1076	54
1077	67
1078	61
1079	69
1080	56
1081	45
1082	60
1083	57
1084	66
1085	67
1086	68
1087	55
1088	59
1089	61
1090	47
1091	55
1092	64
1093	54
1094	58
1095	54
1096	51
1097	62
1098	60
1099	50
1100	47
1101	64
1102	59
1103	66
1104	55
1105	61
1106	63
1107	74
1108	51
1109	56
1110	67
1111	59
1112	59
1113	56
1114	57
1115	75
1116	49
1117	63
1118	69
1119	69
1120	73
1121	58
1122	49
1123	78
1124	62
1125	72
1126	64
1127	55
1128	58
1129	53
1130	47
1131	56
1132	74
1133	59
1134	54
1135	47
1136	56
1137	80
1138	60
1139	59
1140	75
1141	51
1142	60
1143	54
1144	78
1145	62
1146	58
1147	56
1148	79
1149	52
1150	55
1151	57
1152	59
1153	54
1154	59
1155	69
1156	71
1157	70
1158	57
1159	60
1160	52
1161	58
1162	71
1163	52
1164	67
1165	52
1166	52
1167	63
1168	71
1169	55
1170	51
1171	65
1172	56
1173	71
1174	63
1175	64
1176	72
1177	50
1178	52
1179	52
1180	77
1181	67
1182	59
1183	55
1184	74
1185	53
1186	63
1187	75
1188	34
1189	62
1190	78
1191	67
1192	63
1193	65
1194	71
1195	69
1196	66
1197	54
1198	58
1199	64
1200	79
1201	59
1202	55
1203	58
1204	67
1205	60
1206	73
1207	81
1208	65
1209	58
1210	67
1211	60
1212	53
1213	55
1214	71
1215	68
1216	70
1217	59
1218	69
1219	69
1220	60
1221	64
1222	58
1223	71
1224	83
1225	75
1226	53
1227	69
1228	62
1229	49
1230	79
1231	54
1232	62
1233	76
1234	78
1235	65
1236	83
1237	63
1238	75
1239	65
1240	71
1241	70
1242	65
1243	62
1244	68
1245	64
1246	61
1247	72
1248	75
1249	73
1250	68
1251	71
1252	54
1253	76
1254	75
1255	80
1256	70
1257	75
1258	73
1259	73
1260	77
1261	64
1262	63
1263	68
1264	79
1265	69
1266	69
1267	68
1268	74
1269	74
1270	65
1271	68
1272	90
1273	87
1274	78
1275	69
1276	73
1277	86
1278	59
1279	54
1280	74
1281	72
1282	70
1283	77
1284	74
1285	74
1286	86
1287	64
1288	72
1289	84
1290	69
1291	63
1292	68
1293	79
1294	57
1295	73
1296	80
1297	67
1298	76
1299	60
1300	70
1301	71
1302	81
1303	70
1304	89
1305	82
1306	72
1307	81
1308	77
1309	67
1310	72
1311	69
1312	87
1313	77
1314	77
1315	72
1316	67
1317	78
1318	68
1319	57
1320	65
1321	86
1322	79
1323	94
1324	68
1325	65
1326	77
1327	83
1328	87
1329	83
1330	83
1331	93
1332	82
1333	73
1334	84
1335	82
1336	62
1337	67
1338	80
1339	63
1340	81
1341	72
1342	80
1343	66
1344	85
1345	85
1346	81
1347	89
1348	72
1349	84
1350	78
1351	68
1352	74
1353	100
1354	71
1355	68
1356	81
1357	69
1358	67
1359	97
1360	81
1361	95
1362	69
1363	76
1364	79
1365	71
1366	87
1367	69
1368	84
1369	69
1370	72
1371	94
1372	76
1373	74
1374	82
1375	94
1376	82
1377	88
1378	73
1379	90
1380	81
1381	75
1382	65
1383	90
1384	89
1385	85
1386	81
1387	90
1388	102
1389	64
1390	83
1391	71
1392	87
1393	88
1394	82
1395	77
1396	90
1397	78
1398	81
1399	78
1400	79
1401	82
1402	68
1403	81
1404	84
1405	78
1406	73
1407	86
1408	70
1409	72
1410	81
1411	72
1412	77
1413	83
1414	71
1415	62
1416	92
1417	85
1418	70
1419	97
1420	80
1421	78
1422	82
1423	78
1424	82
1425	93
1426	78
1427	88
1428	69
1429	88
1430	90
1431	76
1432	84
1433	78
1434	86
1435	78
1436	84
1437	89
1438	91
1439	74
1440	77
1441	84
1442	78
1443	90
1444	87
1445	86
1446	103
1447	79
1448	83
1449	97
1450	89
1451	70
1452	80
1453	68
1454	91
1455	91
1456	78
1457	77
1458	85
1459	86
1460	95
1461	87
1462	84
1463	94
1464	75
1465	97
1466	103
1467	83
1468	89
1469	80
1470	96
1471	80
1472	70
1473	88
1474	82
1475	83
1476	75
1477	97
1478	76
1479	80
1480	82
1481	74
1482	103
1483	102
1484	100
1485	101
1486	61
1487	91
1488	100
1489	90
1490	81
1491	108
1492	99
1493	79
1494	97
1495	70
1496	72
1497	80
1498	89
1499	88
1500	81
1501	89
1502	96
1503	91
1504	71
1505	84
1506	97
1507	104
1508	72
1509	78
1510	97
1511	94
1512	96
1513	98
1514	105
1515	114
1516	100
1517	106
1518	91
1519	100
1520	93
1521	86
1522	84
1523	102
1524	82
1525	75
1526	83
1527	96
1528	92
1529	75
1530	108
1531	88
1532	92
1533	81
1534	99
1535	107
1536	83
1537	95
1538	95
1539	86
1540	85
1541	91
1542	94
1543	95
1544	94
1545	88
1546	92
1547	88
1548	81
1549	95
1550	85
1551	110
1552	80
1553	102
1554	85
1555	112
1556	102
1557	100
1558	97
1559	108
1560	97
1561	97
1562	91
1563	105
1564	114
1565	85
1566	90
1567	84
1568	65
1569	98
1570	94
1571	105
1572	83
1573	97
1574	91
1575	79
1576	90
1577	74
1578	88
1579	97
1580	101
1581	101
1582	123
1583	92
1584	116
1585	103
1586	93
1587	105
1588	104
1589	78
1590	73
1591	95
1592	112
1593	97
1594	92
1595	110
1596	79
1597	95
1598	106
1599	94
1600	108
1601	87
1602	93
1603	94
1604	105
1605	83
1606	113
1607	97
1608	88
1609	83
1610	94
1611	98
1612	90
1613	101
1614	99
1615	101
1616	112
1617	115
1618	92
1619	99
1620	92
1621	107
1622	97
1623	94
1624	96
1625	116
1626	97
1627	86
1628	94
1629	106
1630	101
1631	96
1632	95
1633	97
1634	97
1635	87
1636	96
1637	86
1638	101
1639	96
1640	110
1641	91
1642	87
1643	100
1644	118
1645	87
1646	104
1647	103
1648	99
1649	102
1650	96
1651	89
1652	100
1653	91
1654	84
1655	110
1656	108
1657	95
1658	73
1659	82
1660	117
1661	97
1662	93
1663	104
1664	74
1665	113
1666	102
1667	82
1668	106
1669	103
1670	105
1671	87
1672	84
1673	119
1674	95
1675	111
1676	107
1677	100
1678	91
1679	107
1680	76
1681	94
1682	85
1683	76
1684	98
1685	97
1686	84
1687	95
1688	99
1689	94
1690	94
1691	95
1692	94
1693	97
1694	102
1695	100
1696	85
1697	107
1698	81
1699	111
1700	90
1701	97
1702	94
1703	91
1704	72
1705	100
1706	99
1707	85
1708	114
1709	94
1710	102
1711	108
1712	97
1713	120
1714	108
1715	93
1716	93
1717	102
1718	94
1719	100
1720	109
1721	76
1722	93
1723	112
1724	92
1725	95
1726	97
1727	98
1728	95
1729	109
1730	93
1731	102
1732	94
1733	86
1734	84
1735	102
1736	89
1737	88
1738	97
1739	88
1740	112
1741	100
1742	107
1743	87
1744	109
1745	116
1746	98
1747	101
1748	84
1749	94
1750	103
1751	101
1752	118
1753	103
1754	91
1755	118
1756	104
1757	110
1758	98
1759	115
1760	103
1761	103
1762	98
1763	129
1764	105
1765	98
1766	97
1767	113
1768	101
1769	98
1770	106
1771	110
1772	105
1773	120
1774	104
1775	97
1776	93
1777	103
1778	106
1779	106
1780	100
1781	95
1782	114
1783	101
1784	109
1785	98
1786	84
1787	103
1788	102
1789	92
1790	88
1791	82
1792	89
1793	91
1794	101
1795	106
1796	102
1797	86
1798	98
1799	93
1800	100
1801	89
1802	92
1803	104
1804	98
1805	89
1806	93
1807	90
1808	107
1809	97
1810	103
1811	92
1812	89
1813	92
1814	92
1815	91
1816	99
1817	90
1818	107
1819	96
1820	101
1821	103
1822	106
1823	107
1824	109
1825	81
1826	97
1827	93
1828	108
1829	103
1830	112
1831	99
1832	91
1833	83
1834	106
1835	82
1836	70
1837	101
1838	95
1839	102
1840	115
1841	110
1842	110
1843	88
1844	108
1845	105
1846	88
1847	91
1848	91
1849	107
1850	104
1851	101
1852	89
1853	114
1854	93
1855	95
1856	91
1857	90
1858	82
1859	102
1860	104
1861	96
1862	96
1863	110
1864	97
1865	97
1866	100
1867	98
1868	97
1869	102
1870	107
1871	92
1872	99
1873	104
1874	102
1875	85
1876	91
1877	110
1878	126
1879	92
1880	87
1881	95
1882	105
1883	103
1884	89
1885	122
1886	102
1887	97
1888	83
1889	98
1890	87
1891	97
1892	102
1893	110
1894	96
1895	99
1896	85
1897	118
1898	100
1899	94
1900	95
1901	99
1902	97
1903	97
1904	94
1905	113
1906	87
1907	89
1908	79
1909	86
1910	98
1911	111
1912	87
1913	89
1914	91
1915	118
1916	91
1917	100
1918	101
1919	101
1920	103
1921	114
1922	102
1923	83
1924	100
1925	108
1926	105
1927	104
1928	84
1929	123
1930	105
1931	86
1932	88
1933	96
1934	99
1935	99
1936	98
1937	103
1938	96
1939	90
1940	102
1941	97
1942	99
1943	97
1944	93
1945	105
1946	113
1947	102
1948	119
1949	84
1950	108
1951	104
1952	103
1953	102
1954	108
1955	92
1956	94
1957	103
1958	95
1959	102
1960	103
1961	105
1962	101
1963	100
1964	123
1965	84
1966	101
1967	103
1968	104
1969	102
1970	97
1971	97
1972	102
1973	112
1974	87
1975	118
1976	101
1977	96
1978	98
1979	92
1980	97
1981	87
1982	98
1983	98
1984	88
1985	101
1986	103
1987	108
1988	102
1989	88
1990	98
1991	93
1992	97
1993	91
1994	100
1995	91
1996	84
1997	106
1998	94
1999	91
2000	110
2001	108
2002	99
2003	115
2004	93
2005	97
2006	72
2007	100
2008	99
2009	99
2010	88
2011	105
2012	76
2013	95
2014	97
2015	122
2016	86
2017	94
2018	83
2019	102
2020	97
2021	92
2022	81
2023	93
2024	93
2025	97
2026	109
2027	97
2028	124
2029	91
2030	107
2031	82
2032	94
2033	85
2034	104
2035	99
2036	97
2037	89
2038	93
2039	95
2040	104
2041	96
2042	101
2043	95
2044	92
2045	89
2046	85
2047	81
2048	92
2049	102
2050	105
2051	104
2052	104
2053	86
2054	100
2055	100
2056	78
2057	91
2058	99
2059	97
2060	118
2061	95
2062	100
2063	95
2064	107
2065	114
2066	116
2067	102
2068	107
2069	93
2070	80
2071	84
2072	112
2073	96
2074	90
2075	93
2076	99
2077	86
2078	86
2079	108
2080	92
2081	92
2082	111
2083	91
2084	101
2085	106
2086	94
2087	98
2088	101
2089	91
2090	95
2091	77
2092	82
2093	89
2094	115
2095	79
2096	102
2097	94
2098	102
2099	96
2100	101
2101	96
2102	90
2103	118
2104	112
2105	81
2106	102
2107	100
2108	95
2109	105
2110	93
2111	79
2112	88
2113	81
2114	97
2115	110
2116	93
2117	97
2118	105
2119	92
2120	108
2121	70
2122	96
2123	114
2124	79
2125	76
2126	107
2127	99
2128	89
2129	88
2130	95
2131	84
2132	105
2133	79
2134	104
2135	80
2136	84
2137	96
2138	99
2139	92
2140	107
2141	93
2142	89
2143	95
2144	92
2145	82
2146	95
2147	87
2148	102
2149	101
2150	104
2151	94
2152	103
2153	104
2154	90
2155	92
2156	103
2157	115
2158	96
2159	100
2160	92
2161	104
2162	86
2163	88
2164	99
2165	90
2166	85
2167	97
2168	105
2169	118
2170	86
2171	99
2172	107
2173	89
2174	78
2175	85
2176	84
2177	95
2178	92
2179	91
2180	87
2181	109
2182	79
2183	77
2184	119
2185	97
2186	73
2187	99
2188	83
2189	93
2190	74
2191	97
2192	98
2193	76
2194	88
2195	89
2196	89
2197	109
2198	96
2199	93
2200	98
2201	123
2202	90
2203	92
2204	86
2205	89
2206	107
2207	105
2208	104
2209	86
2210	91
2211	109
2212	86
2213	98
2214	87
2215	92
2216	86
2217	91
2218	106
2219	95
2220	103
2221	107
2222	75
2223	83
2224	95
2225	91
2226	94
2227	105
2228	107
2229	107
2230	98
2231	90
2232	82
2233	86
2234	105
2235	103
2236	91
2237	83
2238	86
2239	110
2240	105
2241	78
2242	101
2243	93
2244	92
2245	79
2246	99
2247	93
2248	94
2249	89
2250	120
2251	114
2252	88
2253	91
2254	99
2255	83
2256	96
2257	96
2258	90
2259	85
2260	98
2261	104
2262	100
2263	88
2264	82
2265	88
2266	109
2267	86
2268	103
2269	91
2270	92
2271	102
2272	80
2273	101
2274	98
2275	98
2276	108
2277	103
2278	75
2279	80
2280	84
2281	90
2282	95
2283	98
2284	81
2285	90
2286	83
2287	85
2288	83
2289	82
2290	98
2291	100
2292	95
2293	96
2294	103
2295	102
2296	100
2297	100
2298	99
2299	96
2300	109
2301	99
2302	102
2303	92
2304	101
2305	107
2306	90
2307	94
2308	98
2309	90
2310	78
2311	97
2312	97
2313	82
2314	91
2315	91
2316	95
2317	96
2318	95
2319	76
2320	88
2321	104
2322	87
2323	96
2324	82
2325	105
2326	107
2327	88
2328	90
2329	108
2330	101
2331	103
2332	97
2333	91
2334	89
2335	90
2336	77
2337	99
2338	105
2339	90
2340	89
2341	86
2342	98
2343	85
2344	86
2345	91
2346	94
2347	78
2348	77
2349	94
2350	102
2351	82
2352	81
2353	94
2354	84
2355	92
2356	78
2357	78
2358	98
2359	88
2360	78
2361	79
2362	101
2363	99
2364	99
2365	87
2366	94
2367	102
2368	92
2369	89
2370	87
2371	93
2372	79
2373	55
2374	90
2375	69
2376	95
2377	68
2378	85
2379	82
2380	103
2381	111
2382	76
2383	92
2384	73
2385	81
2386	89
2387	83
2388	80
2389	75
2390	83
2391	76
2392	87
2393	78
2394	71
2395	80
2396	91
2397	97
2398	75
2399	82
2400	59
2401	86
2402	73
2403	84
2404	97
2405	92
2406	81
2407	96
2408	72
2409	89
2410	81
2411	93
2412	99
2413	86
2414	92
2415	78
2416	92
2417	90
2418	92
2419	75
2420	77
2421	94
2422	90
2423	82
2424	86
2425	86
2426	87
2427	99
2428	88
2429	94
2430	86
2431	81
2432	69
2433	92
2434	68
2435	87
2436	90
2437	83
2438	76
2439	65
2440	89
2441	87
2442	83
2443	89
2444	84
2445	92
2446	81
2447	91
2448	82
2449	75
2450	98
2451	66
2452	78
2453	78
2454	79
2455	81
2456	80
2457	84
2458	72
2459	87
2460	71
2461	98
2462	97
2463	77
2464	78
2465	69
2466	88
2467	93
2468	80
2469	84
2470	84
2471	80
2472	84
2473	82
2474	83
2475	74
2476	79
2477	92
2478	79
2479	88
2480	82
2481	91
2482	85
2483	80
2484	110
2485	79
2486	69
2487	73
2488	81
2489	97
2490	73
2491	77
2492	71
2493	86
2494	98
2495	73
2496	85
2497	70
2498	77
2499	87
2500	85
2501	90
2502	77
2503	80
2504	69
2505	71
2506	75
2507	63
2508	85
2509	87
2510	94
2511	90
2512	76
2513	75
2514	83
2515	72
2516	99
2517	94
2518	71
2519	82
2520	67
2521	76
2522	83
2523	87
2524	71
2525	77
2526	79
2527	80
2528	87
2529	67
2530	71
2531	93
2532	79
2533	69
2534	81
2535	88
2536	87
2537	73
2538	86
2539	87
2540	95
2541	70
2542	88
2543	81
2544	65
2545	89
2546	94
2547	78
2548	92
2549	80
2550	86
2551	75
2552	92
2553	66
2554	84
2555	73
2556	82
2557	91
2558	62
2559	77
2560	70
2561	91
2562	79
2563	88
2564	86
2565	76
2566	85
2567	85
2568	63
2569	72
2570	81
2571	94
2572	82
2573	81
2574	72
2575	85
2576	95
2577	90
2578	87
2579	110
2580	73
2581	69
2582	80
2583	65
2584	75
2585	84
2586	86
2587	60
2588	87
2589	74
2590	77
2591	75
2592	85
2593	87
2594	88
2595	84
2596	85
2597	94
2598	85
2599	81
2600	81
2601	78
2602	71
2603	80
2604	67
2605	90
2606	70
2607	76
2608	81
2609	92
2610	65
2611	93
2612	87
2613	82
2614	95
2615	66
2616	73
2617	71
2618	73
2619	81
2620	87
2621	69
2622	70
2623	81
2624	73
2625	69
2626	68
2627	77
2628	79
2629	101
2630	65
2631	83
2632	82
2633	73
2634	78
2635	77
2636	80
2637	84
2638	72
2639	85
2640	67
2641	66
2642	89
2643	99
2644	75
2645	83
2646	77
2647	80
2648	99
2649	81
2650	63
2651	77
2652	79
2653	88
2654	71
2655	74
2656	89
2657	76
2658	66
2659	79
2660	72
2661	85
2662	94
2663	62
2664	66
2665	75
2666	74
2667	89
2668	67
2669	84
2670	82
2671	71
2672	62
2673	74
2674	75
2675	85
2676	77
2677	68
2678	66
2679	76
2680	58
2681	80
2682	69
2683	80
2684	79
2685	75
2686	78
2687	90
2688	75
2689	80
2690	64
2691	74
2692	74
2693	77
2694	83
2695	78
2696	76
2697	53
2698	81
2699	93
2700	82
2701	59
2702	75
2703	77
2704	75
2705	75
2706	72
2707	84
2708	69
2709	84
2710	86
2711	87
2712	81
2713	59
2714	73
2715	87
2716	66
2717	85
2718	71
2719	82
2720	72
2721	74
2722	94
2723	78
2724	74
2725	77
2726	66
2727	85
2728	88
2729	70
2730	63
2731	95
2732	90
2733	78
2734	73
2735	80
2736	79
2737	81
2738	74
2739	74
2740	72
2741	64
2742	79
2743	65
2744	85
2745	81
2746	76
2747	66
2748	88
2749	72
2750	70
2751	82
2752	71
2753	78
2754	85
2755	87
2756	84
2757	99
2758	78
2759	94
2760	70
2761	82
2762	89
2763	63
2764	93
2765	72
2766	101
2767	79
2768	79
2769	80
2770	88
2771	76
2772	83
2773	63
2774	83
2775	86
2776	82
2777	77
2778	87
2779	81
2780	82
2781	80
2782	94
2783	68
2784	76
2785	89
2786	98
2787	59
2788	79
2789	77
2790	72
2791	73
2792	87
2793	64
2794	78
2795	78
2796	64
2797	80
2798	79
2799	77
2800	80
2801	84
2802	74
2803	71
2804	76
2805	68
2806	78
2807	78
2808	79
2809	84
2810	85
2811	88
2812	69
2813	70
2814	80
2815	78
2816	70
2817	81
2818	70
2819	70
2820	73
2821	88
2822	74
2823	78
2824	87
2825	71
2826	69
2827	80
2828	90
2829	69
2830	71
2831	78
2832	85
2833	82
2834	82
2835	80
2836	92
2837	69
2838	67
2839	88
2840	100
2841	71
2842	71
2843	73
2844	86
2845	77
2846	94
2847	73
2848	74
2849	79
2850	63
2851	76
2852	88
2853	86
2854	77
2855	75
2856	64
2857	66
2858	69
2859	80
2860	83
2861	73
2862	93
2863	63
2864	72
2865	81
2866	71
2867	65
2868	80
2869	72
2870	87
2871	73
2872	84
2873	68
2874	60
2875	66
2876	76
2877	72
2878	61
2879	63
2880	62
2881	71
2882	65
2883	69
2884	83
2885	71
2886	82
2887	79
2888	85
2889	88
2890	86
2891	72
2892	69
2893	88
2894	77
2895	75
2896	64
2897	66
2898	80
2899	62
2900	91
2901	81
2902	74
2903	73
2904	54
2905	93
2906	95
2907	74
2908	74
2909	81
2910	91
2911	85
2912	75
2913	69
2914	80
2915	66
2916	85
2917	84
2918	88
2919	76
2920	79
2921	86
2922	78
2923	73
2924	92
2925	89
2926	74
2927	59
2928	78
2929	63
2930	87
2931	93
2932	91
2933	82
2934	71
2935	77
2936	80
2937	85
2938	90
2939	76
2940	73
2941	87
2942	70
2943	88
2944	90
2945	84
2946	91
2947	75
2948	90
2949	74
2950	84
2951	78
2952	84
2953	68
2954	82
2955	84
2956	76
2957	90
2958	84
2959	84
2960	75
2961	70
2962	69
2963	67
2964	76
2965	73
2966	88
2967	91
2968	89
2969	73
2970	69
2971	77
2972	94
2973	68
2974	86
2975	84
2976	77
2977	77
2978	80
2979	88
2980	72
2981	83
2982	82
2983	93
2984	87
2985	87
2986	75
2987	81
2988	78
2989	66
2990	81
2991	81
2992	72
2993	79
2994	86
2995	73
2996	84
2997	86
2998	93
2999	86
3000	73
3001	85
3002	77
3003	84
3004	99
3005	101
3006	79
3007	82
3008	81
3009	92
3010	98
3011	85
3012	90
3013	74
3014	88
3015	79
3016	89
3017	89
3018	75
3019	70
3020	79
3021	106
3022	75
3023	107
3024	75
3025	79
3026	86
3027	79
3028	73
3029	92
3030	95
3031	91
3032	73
3033	92
3034	66
3035	86
3036	90
3037	85
3038	84
3039	85
3040	84
3041	94
3042	82
3043	82
3044	82
3045	94
3046	93
3047	87
3048	108
3049	82
3050	81
3051	86
3052	95
3053	95
3054	86
3055	93
3056	91
3057	102
3058	89
3059	89
3060	89
3061	111
3062	95
3063	94
3064	92
3065	98
3066	94
3067	92
3068	93
3069	99
3070	116
3071	94
3072	80
3073	96
3074	106
3075	103
3076	77
3077	103
3078	86
3079	99
3080	104
3081	114
3082	96
3083	104
3084	107
3085	107
3086	100
3087	104
3088	107
3089	102
3090	106
3091	75
3092	101
3093	89
3094	104
3095	105
3096	106
3097	85
3098	92
3099	94
3100	90
3101	88
3102	102
3103	93
3104	104
3105	127
3106	95
3107	101
3108	111
3109	102
3110	114
3111	113
3112	114
3113	100
3114	130
3115	113
3116	95
3117	106
3118	105
3119	111
3120	92
3121	123
3122	89
3123	93
3124	91
3125	114
3126	101
3127	107
3128	110
3129	111
3130	131
3131	89
3132	118
3133	119
3134	113
3135	107
3136	120
3137	103
3138	102
3139	114
3140	117
3141	95
3142	128
3143	105
3144	116
3145	111
3146	119
3147	123
3148	120
3149	109
3150	117
3151	113
3152	118
3153	109
3154	118
3155	108
3156	114
3157	126
3158	107
3159	125
3160	127
3161	108
3162	130
3163	129
3164	127
3165	111
3166	138
3167	115
3168	123
3169	120
3170	126
3171	133
3172	143
3173	113
3174	134
3175	142
3176	101
3177	111
3178	112
3179	135
3180	124
3181	129
3182	136
3183	140
3184	111
3185	122
3186	132
3187	136
3188	130
3189	138
3190	130
3191	112
3192	110
3193	132
3194	122
3195	133
3196	126
3197	123
3198	129
3199	144
3200	119
3201	125
3202	141
3203	125
3204	141
3205	163
3206	132
3207	124
3208	125
3209	131
3210	133
3211	120
3212	150
3213	127
3214	121
3215	164
3216	129
3217	118
3218	139
3219	138
3220	120
3221	137
3222	136
3223	139
3224	136
3225	146
3226	119
3227	151
3228	132
3229	154
3230	158
3231	133
3232	120
3233	140
3234	136
3235	142
3236	135
3237	136
3238	137
3239	143
3240	148
3241	143
3242	148
3243	164
3244	137
3245	130
3246	161
3247	178
3248	153
3249	146
3250	136
3251	131
3252	167
3253	146
3254	149
3255	150
3256	155
3257	144
3258	167
3259	176
3260	159
3261	163
3262	154
3263	159
3264	149
3265	160
3266	149
3267	149
3268	126
3269	147
3270	145
3271	149
3272	146
3273	168
3274	163
3275	162
3276	158
3277	159
3278	141
3279	150
3280	155
3281	156
3282	166
3283	169
3284	145
3285	166
3286	167
3287	154
3288	152
3289	157
3290	180
3291	161
3292	170
3293	161
3294	159
3295	171
3296	180
3297	172
3298	167
3299	153
3300	178
3301	165
3302	173
3303	184
3304	162
3305	172
3306	162
3307	177
3308	169
3309	175
3310	166
3311	174
3312	163
3313	180
3314	186
3315	187
3316	188
3317	166
3318	158
3319	186
3320	155
3321	153
3322	172
3323	179
3324	168
3325	141
3326	158
3327	189
3328	191
3329	163
3330	169
3331	169
3332	190
3333	173
3334	170
3335	175
3336	164
3337	168
3338	173
3339	180
3340	183
3341	172
3342	173
3343	198
3344	190
3345	168
3346	190
3347	174
3348	173
3349	164
3350	204
3351	156
3352	180
3353	195
3354	172
3355	180
3356	184
3357	178
3358	189
3359	196
3360	166
3361	185
3362	185
3363	182
3364	166
3365	173
3366	197
3367	192
3368	189
3369	194
3370	170
3371	169
3372	172
3373	172
3374	178
3375	177
3376	209
3377	191
3378	201
3379	193
3380	191
3381	192
3382	187
3383	176
3384	161
3385	218
3386	180
3387	198
3388	188
3389	176
3390	188
3391	169
3392	181
3393	173
3394	166
3395	201
3396	200
3397	190
3398	170
3399	167
3400	200
3401	195
3402	196
3403	166
3404	179
3405	189
3406	211
3407	175
3408	175
3409	195
3410	175
3411	194
3412	195
3413	200
3414	184
3415	200
3416	185
3417	186
3418	199
3419	171
3420	171
3421	191
3422	178
3423	184
3424	174
3425	185
3426	195
3427	211
3428	184
3429	206
3430	190
3431	187
3432	202
3433	187
3434	195
3435	184
3436	172
3437	184
3438	167
3439	177
3440	193
3441	200
3442	184
3443	203
3444	201
3445	184
3446	201
3447	201
3448	182
3449	213
3450	174
3451	190
3452	189
3453	196
3454	182
3455	193
3456	202
3457	195
3458	208
3459	187
3460	201
3461	184
3462	200
3463	181
3464	197
3465	184
3466	202
3467	197
3468	187
3469	199
3470	184
3471	207
3472	168
3473	193
3474	179
3475	186
3476	183
3477	177
3478	185
3479	188
3480	144
3481	227
3482	192
3483	188
3484	185
3485	204
3486	201
3487	189
3488	194
3489	185
3490	187
3491	184
3492	180
3493	175
3494	196
3495	199
3496	216
3497	203
3498	194
3499	201
3500	209
3501	186
3502	186
3503	195
3504	186
3505	227
3506	189
3507	209
3508	214
3509	197
3510	206
3511	183
3512	209
3513	203
3514	213
3515	213
3516	176
3517	182
3518	192
3519	198
3520	168
3521	208
3522	194
3523	204
3524	200
3525	191
3526	215
3527	181
3528	181
3529	198
3530	204
3531	213
3532	192
3533	202
3534	203
3535	185
3536	182
3537	174
3538	202
3539	198
3540	157
3541	217
3542	186
3543	176
3544	196
3545	167
3546	182
3547	187
3548	198
3549	196
3550	186
3551	208
3552	188
3553	179
3554	195
3555	238
3556	170
3557	199
3558	174
3559	178
3560	205
3561	201
3562	190
3563	179
3564	196
3565	195
3566	205
3567	156
3568	196
3569	197
3570	176
3571	185
3572	197
3573	200
3574	180
3575	188
3576	187
3577	211
3578	166
3579	189
3580	198
3581	156
3582	186
3583	200
3584	204
3585	184
3586	193
3587	209
3588	211
3589	171
3590	209
3591	180
3592	184
3593	188
3594	183
3595	201
3596	189
3597	189
3598	191
3599	181
3600	191
3601	207
3602	188
3603	166
3604	172
3605	172
3606	194
3607	175
3608	183
3609	177
3610	163
3611	169
3612	163
3613	174
3614	161
3615	183
3616	181
3617	168
3618	171
3619	186
3620	162
3621	174
3622	179
3623	208
3624	176
3625	172
3626	172
3627	180
3628	190
3629	186
3630	178
3631	167
3632	175
3633	176
3634	159
3635	172
3636	173
3637	174
3638	188
3639	170
3640	169
3641	168
3642	166
3643	199
3644	160
3645	145
3646	180
3647	173
3648	166
3649	194
3650	180
3651	188
3652	152
3653	140
3654	174
3655	160
3656	174
3657	163
3658	162
3659	148
3660	167
3661	170
3662	170
3663	190
3664	167
3665	167
3666	175
3667	182
3668	151
3669	171
3670	166
3671	176
3672	182
3673	175
3674	161
3675	180
3676	176
3677	179
3678	156
3679	149
3680	167
3681	168
3682	162
3683	156
3684	160
3685	156
3686	181
3687	155
3688	160
3689	166
3690	163
3691	155
3692	147
3693	167
3694	161
3695	156
3696	144
3697	172
3698	168
3699	167
3700	131
3701	144
3702	158
3703	136
3704	151
3705	167
3706	159
3707	168
3708	166
3709	153
3710	133
3711	167
3712	162
3713	150
3714	154
3715	140
3716	149
3717	164
3718	144
3719	131
3720	144
3721	138
3722	148
3723	138
3724	137
3725	121
3726	150
3727	141
3728	164
3729	126
3730	138
3731	144
3732	159
3733	160
3734	145
3735	134
3736	157
3737	146
3738	144
3739	166
3740	124
3741	118
3742	150
3743	127
3744	142
3745	147
3746	140
3747	155
3748	126
3749	151
3750	145
3751	138
3752	133
3753	130
3754	133
3755	112
3756	124
3757	143
3758	140
3759	121
3760	135
3761	136
3762	107
3763	135
3764	147
3765	141
3766	118
3767	128
3768	128
3769	111
3770	127
3771	142
3772	129
3773	127
3774	118
3775	117
3776	138
3777	120
3778	108
3779	120
3780	114
3781	126
3782	130
3783	109
3784	123
3785	119
3786	125
3787	128
3788	125
3789	116
3790	135
3791	116
3792	120
3793	121
3794	114
3795	137
3796	124
3797	108
3798	111
3799	126
3800	119
3801	122
3802	85
3803	93
3804	132
3805	132
3806	115
3807	144
3808	113
3809	119
3810	119
3811	103
3812	98
3813	97
3814	94
3815	123
3816	101
3817	113
3818	102
3819	118
3820	115
3821	101
3822	115
3823	108
3824	117
3825	112
3826	111
3827	112
3828	116
3829	99
3830	110
3831	91
3832	121
3833	120
3834	88
3835	111
3836	100
3837	90
3838	99
3839	105
3840	93
3841	111
3842	93
3843	119
3844	91
3845	104
3846	116
3847	102
3848	84
3849	99
3850	103
3851	115
3852	91
3853	92
3854	89
3855	100
3856	92
3857	102
3858	91
3859	91
3860	111
3861	100
3862	75
3863	92
3864	105
3865	86
3866	85
3867	100
3868	95
3869	94
3870	90
3871	93
3872	84
3873	97
3874	100
3875	86
3876	108
3877	84
3878	62
3879	84
3880	88
3881	92
3882	100
3883	77
3884	77
3885	109
3886	91
3887	87
3888	81
3889	100
3890	105
3891	95
3892	82
3893	84
3894	100
3895	73
3896	73
3897	82
3898	68
3899	83
3900	81
3901	74
3902	77
3903	80
3904	77
3905	71
3906	74
3907	82
3908	73
3909	68
3910	66
3911	74
3912	71
3913	75
3914	70
3915	75
3916	93
3917	87
3918	64
3919	75
3920	86
3921	69
3922	90
3923	80
3924	74
3925	68
3926	70
3927	70
3928	78
3929	74
3930	78
3931	78
3932	72
3933	85
3934	70
3935	63
3936	69
3937	72
3938	70
3939	74
3940	59
3941	70
3942	77
3943	64
3944	62
3945	64
3946	77
3947	64
3948	61
3949	80
3950	72
3951	71
3952	61
3953	62
3954	64
3955	73
3956	65
3957	62
3958	68
3959	59
3960	63
3961	68
3962	66
3963	50
3964	56
3965	63
3966	49
3967	65
3968	72
3969	75
3970	54
3971	58
3972	65
3973	53
3974	68
3975	68
3976	61
3977	69
3978	65
3979	70
3980	61
3981	62
3982	61
3983	46
3984	53
3985	61
3986	52
3987	59
3988	53
3989	60
3990	55
3991	64
3992	46
3993	68
3994	47
3995	67
3996	79
3997	59
3998	56
3999	70
4000	60
4001	38
4002	52
4003	65
4004	58
4005	40
4006	43
4007	47
4008	55
4009	55
4010	60
4011	52
4012	63
4013	65
4014	67
4015	60
4016	53
4017	61
4018	60
4019	50
4020	57
4021	42
4022	65
4023	57
4024	73
4025	47
4026	48
4027	46
4028	62
4029	47
4030	55
4031	56
4032	63
4033	59
4034	63
4035	73
4036	51
4037	46
4038	48
4039	50
4040	57
4041	63
4042	49
4043	45
4044	51
4045	54
4046	56
4047	63
4048	52
4049	52
4050	36
4051	56
4052	56
4053	45
4054	44
4055	54
4056	44
4057	45
4058	42
4059	48
4060	52
4061	44
4062	32
4063	48
4064	45
4065	57
4066	46
4067	55
4068	41
4069	50
4070	54
4071	56
4072	49
4073	44
4074	53
4075	44
4076	47
4077	53
4078	47
4079	49
4080	36
4081	51
4082	44
4083	46
4084	50
4085	41
4086	47
4087	39
4088	50
4089	26
4090	60
4091	47
4092	30
4093	53
4094	46
4095	51
4096	35
4097	43
4098	47
4099	50
4100	41
4101	48
4102	43
4103	41
4104	45
4105	60
4106	38
4107	39
4108	46
4109	39
4110	50
4111	47
4112	50
4113	49
4114	52
4115	35
4116	30
4117	55
4118	50
4119	32
4120	51
4121	43
4122	45
4123	36
4124	44
4125	44
4126	42
4127	46
4128	47
4129	55
4130	49
4131	54
4132	46
4133	44
4134	49
4135	50
4136	38
4137	47
4138	47
4139	47
4140	39
4141	42
4142	45
4143	39
4144	49
4145	39
4146	43
4147	42
4148	32
4149	43
4150	56
4151	46
4152	45
4153	38
4154	42
4155	52
4156	48
4157	45
4158	42
4159	36
4160	40
4161	35
4162	43
4163	50
4164	48
4165	39
4166	50
4167	46
4168	39
4169	40
4170	40
4171	35
4172	45
4173	38
4174	46
4175	42
4176	36
4177	47
4178	27
4179	43
4180	30
4181	48
4182	38
4183	44
4184	32
4185	54
4186	48
4187	46
4188	39
4189	44
4190	31
4191	47
4192	38
4193	47
4194	60
4195	58
4196	47
4197	43
4198	46
4199	50
4200	46
4201	46
4202	45
4203	35
4204	40
4205	51
4206	47
4207	39
4208	43
4209	51
4210	46
4211	39
4212	45
4213	48
4214	38
4215	44
4216	46
4217	46
4218	45
4219	34
4220	40
4221	33
4222	52
4223	40
4224	40
4225	37
4226	49
4227	45
4228	50
4229	50
4230	43
4231	40
4232	36
4233	33
4234	45
4235	40
4236	41
4237	52
4238	39
4239	44
4240	33
4241	50
4242	38
4243	50
4244	38
4245	38
4246	42
4247	36
4248	46
4249	39
4250	54
4251	37
4252	44
4253	55
4254	43
4255	45
4256	45
4257	44
4258	40
4259	50
4260	54
4261	52
4262	35
4263	53
4264	50
4265	46
4266	57
4267	52
4268	61
4269	40
4270	52
4271	43
4272	46
4273	36
4274	39
4275	46
4276	52
4277	41
4278	50
4279	37
4280	47
4281	41
4282	50
4283	51
4284	55
4285	28
4286	57
4287	35
4288	47
4289	47
4290	39
4291	39
4292	60
4293	56
4294	50
4295	46
4296	41
4297	45
4298	46
4299	47
4300	54
4301	41
4302	46
4303	44
4304	42
4305	28
4306	49
4307	41
4308	36
4309	48
4310	42
4311	49
4312	41
4313	42
4314	44
4315	39
4316	43
4317	50
4318	44
4319	49
4320	50
4321	50
4322	46
4323	45
4324	37
4325	50
4326	36
4327	40
4328	49
4329	43
4330	43
4331	52
4332	36
4333	45
4334	47
4335	43
4336	46
4337	48
4338	53
4339	43
4340	59
4341	48
4342	51
4343	52
4344	50
4345	55
4346	43
4347	42
4348	41
4349	45
4350	47
4351	48
4352	41
4353	40
4354	50
4355	54
4356	52
4357	42
4358	49
4359	37
4360	46
4361	55
4362	46
4363	49
4364	47
4365	38
4366	47
4367	42
4368	48
4369	43
4370	44
4371	60
4372	41
4373	38
4374	47
4375	38
4376	52
4377	48
4378	42
4379	50
4380	57
4381	58
4382	47
4383	44
4384	48
4385	43
4386	43
4387	44
4388	43
4389	33
4390	48
4391	41
4392	41
4393	42
4394	51
4395	58
4396	57
4397	48
4398	54
4399	42
4400	43
4401	49
4402	42
4403	43
4404	57
4405	43
4406	34
4407	52
4408	49
4409	49
4410	57
4411	51
4412	58
4413	47
4414	41
4415	53
4416	53
4417	39
4418	44
4419	35
4420	49
4421	45
4422	60
4423	47
4424	56
4425	54
4426	49
4427	50
4428	50
4429	45
4430	50
4431	54
4432	52
4433	51
4434	52
4435	49
4436	42
4437	55
4438	48
4439	51
4440	57
4441	50
4442	54
4443	44
4444	43
4445	40
4446	49
4447	48
4448	40
4449	43
4450	54
4451	58
4452	67
4453	54
4454	39
4455	50
4456	43
4457	53
4458	56
4459	62
4460	48
4461	56
4462	56
4463	49
4464	64
4465	53
4466	57
4467	57
4468	50
4469	42
4470	45
4471	54
4472	50
4473	50
4474	46
4475	41
4476	56
4477	50
4478	48
4479	35
4480	58
4481	57
4482	56
4483	39
4484	55
4485	45
4486	58
4487	49
4488	49
4489	44
4490	59
4491	66
4492	51
4493	52
4494	61
4495	46
4496	47
4497	44
4498	62
4499	43
4500	75
4501	54
4502	57
4503	57
4504	60
4505	54
4506	62
4507	41
4508	67
4509	55
4510	58
4511	52
4512	53
4513	44
4514	44
4515	67
4516	53
4517	54
4518	48
4519	44
4520	52
4521	60
4522	51
4523	48
4524	44
4525	47
4526	53
4527	53
4528	57
4529	64
4530	48
4531	41
4532	39
4533	50
4534	46
4535	38
4536	63
4537	64
4538	57
4539	53
4540	57
4541	45
4542	56
4543	43
4544	45
4545	56
4546	50
4547	55
4548	63
4549	58
4550	50
4551	57
4552	58
4553	50
4554	57
4555	51
4556	48
4557	47
4558	64
4559	47
4560	41
4561	50
4562	51
4563	56
4564	56
4565	60
4566	48
4567	53
4568	39
4569	50
4570	57
4571	49
4572	53
4573	54
4574	60
4575	59
4576	51
4577	46
4578	64
4579	53
4580	50
4581	48
4582	59
4583	52
4584	47
4585	54
4586	52
4587	56
4588	49
4589	51
4590	53
4591	55
4592	62
4593	65
4594	52
4595	60
4596	70
4597	49
4598	56
4599	58
4600	63
4601	51
4602	68
4603	75
4604	53
4605	51
4606	59
4607	61
4608	63
4609	66
4610	60
4611	55
4612	52
4613	64
4614	63
4615	60
4616	54
4617	59
4618	52
4619	51
4620	69
4621	67
4622	67
4623	54
4624	50
4625	48
4626	54
4627	58
4628	58
4629	39
4630	70
4631	57
4632	48
4633	56
4634	81
4635	54
4636	54
4637	58
4638	48
4639	54
4640	61
4641	72
4642	58
4643	60
4644	71
4645	53
4646	65
4647	70
4648	57
4649	53
4650	64
4651	63
4652	66
4653	68
4654	53
4655	60
4656	57
4657	56
4658	62
4659	70
4660	56
4661	59
4662	61
4663	48
4664	51
4665	65
4666	52
4667	53
4668	67
4669	63
4670	57
4671	52
4672	63
4673	71
4674	54
4675	57
4676	43
4677	60
4678	47
4679	54
4680	63
4681	70
4682	45
4683	67
4684	65
4685	73
4686	37
4687	60
4688	58
4689	46
4690	45
4691	57
4692	66
4693	58
4694	59
4695	63
4696	61
4697	64
4698	66
4699	66
4700	64
4701	55
4702	56
4703	68
4704	49
4705	58
4706	65
4707	49
4708	72
4709	61
4710	51
4711	70
4712	59
4713	51
4714	45
4715	43
4716	55
4717	64
4718	66
4719	57
4720	61
4721	47
4722	69
4723	53
4724	62
4725	44
4726	63
4727	40
4728	59
4729	63
4730	57
4731	66
4732	47
4733	35
4734	55
4735	54
4736	55
4737	62
4738	47
4739	62
4740	68
4741	60
4742	63
4743	70
4744	54
4745	49
4746	47
4747	60
4748	60
4749	49
4750	69
4751	66
4752	58
4753	50
4754	60
4755	64
4756	63
4757	60
4758	63
4759	60
4760	48
4761	53
4762	51
4763	54
4764	70
4765	60
4766	58
4767	59
4768	65
4769	53
4770	64
4771	51
4772	60
4773	54
4774	52
4775	61
4776	50
4777	60
4778	67
4779	62
4780	52
4781	66
4782	54
4783	56
4784	56
4785	61
4786	56
4787	54
4788	43
4789	73
4790	41
4791	70
4792	56
4793	45
4794	45
4795	57
4796	58
4797	60
4798	58
4799	55
4800	53
4801	51
4802	51
4803	61
4804	49
4805	50
4806	61
4807	53
4808	55
4809	69
4810	47
4811	57
4812	71
4813	51
4814	53
4815	54
4816	66
4817	42
4818	53
4819	40
4820	56
4821	53
4822	57
4823	50
4824	53
4825	56
4826	49
4827	53
4828	64
4829	62
4830	58
4831	59
4832	52
4833	53
4834	67
4835	57
4836	62
4837	53
4838	65
4839	55
4840	54
4841	61
4842	49
4843	67
4844	46
4845	60
4846	58
4847	59
4848	51
4849	52
4850	49
4851	67
4852	54
4853	61
4854	64
4855	51
4856	45
4857	50
4858	56
4859	53
4860	57
4861	49
4862	55
4863	50
4864	57
4865	61
4866	58
4867	62
4868	55
4869	55
4870	53
4871	49
4872	51
4873	64
4874	46
4875	54
4876	46
4877	47
4878	53
4879	43
4880	70
4881	53
4882	52
4883	57
4884	55
4885	54
4886	60
4887	47
4888	51
4889	56
4890	55
4891	52
4892	52
4893	58
4894	49
4895	57
4896	55
4897	58
4898	55
4899	52
4900	53
4901	54
4902	60
4903	57
4904	50
4905	45
4906	49
4907	51
4908	63
4909	44
4910	48
4911	45
4912	58
4913	48
4914	56
4915	63
4916	67
4917	57
4918	49
4919	51
4920	47
4921	75
4922	49
4923	42
4924	59
4925	60
4926	61
4927	59
4928	56
4929	60
4930	44
4931	52
4932	54
4933	51
4934	48
4935	56
4936	56
4937	43
4938	57
4939	62
4940	43
4941	43
4942	43
4943	57
4944	55
4945	46
4946	47
4947	47
4948	37
4949	43
4950	54
4951	57
4952	44
4953	49
4954	46
4955	62
4956	59
4957	46
4958	46
4959	35
4960	53
4961	52
4962	40
4963	57
4964	44
4965	46
4966	34
4967	31
4968	51
4969	51
4970	55
4971	46
4972	52
4973	48
4974	47
4975	52
4976	44
4977	49
4978	45
4979	49
4980	52
4981	62
4982	40
4983	48
4984	42
4985	50
4986	54
4987	48
4988	56
4989	49
4990	44
4991	47
4992	46
4993	42
4994	57
4995	50
4996	52
4997	45
4998	45
4999	50
5000	55
5001	48
5002	56
5003	47
5004	34
5005	51
5006	47
5007	46
5008	39
5009	52
5010	50
5011	42
5012	39
5013	45
5014	53
5015	45
5016	39
5017	56
5018	42
5019	48
5020	45
5021	40
5022	35
5023	45
5024	52
5025	46
5026	57
5027	40
5028	40
5029	41
5030	48
5031	47
5032	57
5033	56
5034	48
5035	37
5036	40
5037	45
5038	38
5039	48
5040	43
5041	39
5042	47
5043	60
5044	49
5045	42
5046	50
5047	42
5048	45
5049	38
5050	41
5051	34
5052	32
5053	41
5054	43
5055	44
5056	35
5057	33
5058	59
5059	60
5060	42
5061	54
5062	44
5063	48
5064	66
5065	51
5066	37
5067	51
5068	44
5069	49
5070	47
5071	39
5072	56
5073	44
5074	35
5075	43
5076	38
5077	35
5078	44
5079	46
5080	49
5081	30
5082	47
5083	40
5084	35
5085	38
5086	38
5087	43
5088	50
5089	36
5090	46
5091	38
5092	34
5093	45
5094	47
5095	40
5096	35
5097	46
5098	51
5099	46
5100	28
5101	47
5102	48
5103	51
5104	44
5105	37
5106	39
5107	33
5108	35
5109	34
5110	55
5111	51
5112	39
5113	36
5114	52
5115	29
5116	44
5117	41
5118	42
5119	52
5120	52
5121	33
5122	47
5123	39
5124	41
5125	34
5126	39
5127	42
5128	40
5129	30
5130	47
5131	38
5132	45
5133	42
5134	44
5135	34
5136	43
5137	39
5138	50
5139	35
5140	39
5141	40
5142	38
5143	40
5144	39
5145	53
5146	32
5147	39
5148	40
5149	43
5150	45
5151	38
5152	60
5153	46
5154	47
5155	40
5156	38
5157	35
5158	42
5159	40
5160	30
5161	46
5162	40
5163	39
5164	31
5165	35
5166	37
5167	37
5168	34
5169	39
5170	39
5171	37
5172	59
5173	38
5174	40
5175	32
5176	50
5177	34
5178	37
5179	40
5180	41
5181	44
5182	34
5183	38
5184	32
5185	35
5186	33
5187	44
5188	37
5189	39
5190	37
5191	39
5192	36
5193	33
5194	41
5195	35
5196	44
5197	34
5198	45
5199	41
5200	51
5201	40
5202	41
5203	37
5204	40
5205	34
5206	34
5207	42
5208	41
5209	48
5210	39
5211	35
5212	29
5213	29
5214	38
5215	49
5216	32
5217	41
5218	42
5219	43
5220	43
5221	40
5222	44
5223	33
5224	34
5225	42
5226	53
5227	42
5228	35
5229	32
5230	38
5231	33
5232	43
5233	42
5234	32
5235	44
5236	29
5237	41
5238	32
5239	39
5240	29
5241	43
5242	28
5243	31
5244	33
5245	40
5246	41
5247	35
5248	43
5249	40
5250	37
5251	48
5252	40
5253	29
5254	40
5255	33
5256	33
5257	25
5258	26
5259	32
5260	37
5261	27
5262	28
5263	33
5264	45
5265	21
5266	42
5267	32
5268	45
5269	33
5270	25
5271	28
5272	27
5273	34
5274	29
5275	42
5276	34
5277	30
5278	35
5279	27
5280	31
5281	25
5282	31
5283	38
5284	32
5285	32
5286	37
5287	32
5288	31
5289	21
5290	33
5291	37
5292	28
5293	36
5294	24
5295	27
5296	27
5297	30
5298	49
5299	21
5300	34
5301	39
5302	34
5303	40
5304	27
5305	33
5306	41
5307	27
5308	32
5309	26
5310	32
5311	30
5312	34
5313	33
5314	26
5315	36
5316	33
5317	32
5318	33
5319	32
5320	33
5321	43
5322	24
5323	33
5324	33
5325	30
5326	31
5327	30
5328	28
5329	32
5330	41
5331	28
5332	31
5333	25
5334	26
5335	34
5336	29
5337	39
5338	41
5339	32
5340	30
5341	28
5342	27
5343	37
5344	26
5345	38
5346	36
5347	31
5348	32
5349	36
5350	32
5351	26
5352	26
5353	31
5354	31
5355	29
5356	45
5357	33
5358	32
5359	46
5360	29
5361	22
5362	28
5363	37
5364	33
5365	33
5366	30
5367	32
5368	22
5369	23
5370	40
5371	25
5372	30
5373	30
5374	27
5375	22
5376	24
5377	25
5378	27
5379	28
5380	25
5381	28
5382	36
5383	27
5384	30
5385	16
5386	28
5387	31
5388	26
5389	30
5390	27
5391	30
5392	31
5393	31
5394	35
5395	35
5396	21
5397	32
5398	22
5399	29
5400	28
5401	29
5402	21
5403	31
5404	22
5405	24
5406	22
5407	23
5408	26
5409	19
5410	23
5411	19
5412	23
5413	27
5414	36
5415	25
5416	14
5417	28
5418	24
5419	30
5420	28
5421	24
5422	22
5423	26
5424	20
5425	32
5426	33
5427	25
5428	20
5429	31
5430	31
5431	21
5432	22
5433	23
5434	27
5435	28
5436	31
5437	33
5438	33
5439	28
5440	28
5441	21
5442	24
5443	27
5444	37
5445	31
5446	24
5447	27
5448	27
5449	23
5450	32
5451	21
5452	29
5453	22
5454	32
5455	26
5456	27
5457	31
5458	24
5459	19
5460	28
5461	27
5462	20
5463	26
5464	28
5465	27
5466	17
5467	18
5468	32
5469	29
5470	23
5471	25
5472	23
5473	29
5474	29
5475	24
5476	24
5477	27
5478	25
5479	18
5480	31
5481	24
5482	26
5483	21
5484	24
5485	29
5486	18
5487	25
5488	26
5489	25
5490	20
5491	19
5492	25
5493	27
5494	29
5495	29
5496	33
5497	37
5498	24
5499	14
5500	24
5501	24
5502	27
5503	19
5504	23
5505	26
5506	30
5507	24
5508	28
5509	33
5510	18
5511	25
5512	21
5513	32
5514	17
5515	27
5516	22
5517	32
5518	23
5519	25
5520	33
5521	13
5522	22
5523	24
5524	22
5525	30
5526	25
5527	20
5528	11
5529	17
5530	22
5531	23
5532	32
5533	17
5534	28
5535	21
5536	24
5537	15
5538	24
5539	29
5540	22
5541	15
5542	26
5543	25
5544	18
5545	15
5546	15
5547	24
5548	25
5549	25
5550	26
5551	27
5552	28
5553	21
5554	25
5555	21
5556	24
5557	16
5558	22
5559	17
5560	17
5561	18
5562	27
5563	24
5564	22
5565	26
5566	24
5567	21
5568	27
5569	19
5570	17
5571	21
5572	23
5573	25
5574	22
5575	18
5576	24
5577	30
5578	22
5579	31
5580	17
5581	22
5582	20
5583	20
5584	23
5585	26
5586	21
5587	25
5588	9
5589	20
5590	15
5591	29
5592	20
5593	33
5594	27
5595	16
5596	20
5597	19
5598	27
5599	18
5600	19
5601	22
5602	22
5603	22
5604	20
5605	27
5606	17
5607	22
5608	22
5609	20
5610	17
5611	28
5612	29
5613	21
5614	21
5615	17
5616	20
5617	19
5618	21
5619	23
5620	20
5621	18
5622	25
5623	19
5624	9
5625	17
5626	11
5627	11
5628	12
5629	19
5630	24
5631	18
5632	18
5633	25
5634	21
5635	20
5636	25
5637	13
5638	18
5639	19
5640	20
5641	25
5642	24
5643	18
5644	23
5645	15
5646	19
5647	21
5648	26
5649	23
5650	23
5651	13
5652	15
5653	22
5654	23
5655	22
5656	21
5657	15
5658	24
5659	20
5660	22
5661	20
5662	22
5663	21
5664	20
5665	14
5666	19
5667	21
5668	9
5669	15
5670	14
5671	23
5672	18
5673	22
5674	23
5675	23
5676	13
5677	18
5678	16
5679	18
5680	18
5681	24
5682	16
5683	23
5684	19
5685	22
5686	19
5687	23
5688	18
5689	14
5690	25
5691	26
5692	14
5693	27
5694	12
5695	25
5696	10
5697	24
5698	22
5699	17
5700	20
5701	19
5702	14
5703	24
5704	18
5705	27
5706	24
5707	12
5708	12
5709	23
5710	20
5711	20
5712	19
5713	12
5714	11
5715	14
5716	19
5717	15
5718	15
5719	31
5720	18
5721	24
5722	22
5723	17
5724	15
5725	20
5726	12
5727	12
5728	12
5729	22
5730	20
5731	17
5732	21
5733	22
5734	22
5735	15
5736	15
5737	15
5738	23
5739	9
5740	14
5741	20
5742	17
5743	23
5744	19
5745	9
5746	20
5747	18
5748	19
5749	16
5750	16
5751	16
5752	19
5753	16
5754	13
5755	14
5756	28
5757	9
5758	14
5759	15
5760	16
5761	14
5762	15
5763	11
5764	19
5765	12
5766	13
5767	21
5768	14
5769	10
5770	23
5771	10
5772	13
5773	13
5774	18
5775	8
5776	14
5777	18
5778	10
5779	14
5780	17
5781	14
5782	20
5783	13
5784	22
5785	18
5786	14
5787	14
5788	15
5789	13
5790	13
5791	12
5792	16
5793	12
5794	13
5795	16
5796	22
5797	19
5798	13
5799	12
5800	19
5801	9
5802	19
5803	16
5804	18
5805	17
5806	15
5807	21
5808	16
5809	19
5810	13
5811	12
5812	14
5813	13
5814	14
5815	14
5816	10
5817	17
5818	18
5819	18
5820	14
5821	17
5822	17
5823	15
5824	13
5825	16
5826	15
5827	15
5828	16
5829	16
5830	15
5831	25
5832	17
5833	15
5834	15
5835	11
5836	14
5837	12
5838	22
5839	13
5840	11
5841	14
5842	11
5843	7
5844	14
5845	12
5846	10
5847	14
5848	8
5849	9
5850	16
5851	21
5852	16
5853	10
5854	19
5855	18
5856	17
5857	19
5858	16
5859	14
5860	18
5861	14
5862	12
5863	14
5864	22
5865	12
5866	16
5867	11
5868	18
5869	15
5870	8
5871	17
5872	11
5873	16
5874	15
5875	15
5876	14
5877	16
5878	11
5879	10
5880	14
5881	13
5882	15
5883	19
5884	19
5885	12
5886	10
5887	8
5888	10
5889	21
5890	16
5891	16
5892	14
5893	16
5894	16
5895	14
5896	13
5897	17
5898	10
5899	18
5900	22
5901	10
5902	7
5903	10
5904	12
5905	14
5906	17
5907	13
5908	13
5909	10
5910	11
5911	17
5912	12
5913	13
5914	6
5915	8
5916	19
5917	13
5918	11
5919	11
5920	10
5921	11
5922	12
5923	21
5924	11
5925	16
5926	14
5927	14
5928	8
5929	10
5930	9
5931	11
5932	9
5933	16
5934	21
5935	21
5936	11
5937	10
5938	6
5939	12
5940	15
5941	15
5942	15
5943	12
5944	16
5945	12
5946	14
5947	18
5948	11
5949	12
5950	9
5951	9
5952	16
5953	14
5954	13
5955	16
5956	10
5957	10
5958	6
5959	12
5960	15
5961	13
5962	12
5963	15
5964	12
5965	15
5966	8
5967	5
5968	16
5969	13
5970	8
5971	17
5972	6
5973	10
5974	12
5975	12
5976	15
5977	6
5978	16
5979	15
5980	12
5981	7
5982	15
5983	13
5984	7
5985	10
5986	13
5987	13
5988	16
5989	11
5990	16
5991	10
5992	17
5993	10
5994	15
5995	6
5996	14
5997	15
5998	11
5999	14
6000	9
6001	7
6002	10
6003	10
6004	13
6005	13
6006	14
6007	14
6008	11
6009	11
6010	8
6011	9
6012	8
6013	9
6014	13
6015	11
6016	6
6017	8
6018	21
6019	17
6020	12
6021	14
6022	14
6023	8
6024	8
6025	11
6026	13
6027	10
6028	7
6029	12
6030	14
6031	11
6032	10
6033	9
6034	26
6035	12
6036	10
6037	21
6038	13
6039	13
6040	10
6041	9
6042	12
6043	17
6044	9
6045	5
6046	21
6047	15
6048	17
6049	13
6050	6
6051	15
6052	13
6053	7
6054	7
6055	8
6056	10
6057	17
6058	8
6059	11
6060	13
6061	9
6062	8
6063	7
6064	7
6065	11
6066	9
6067	7
6068	12
6069	18
6070	11
6071	21
6072	14
6073	9
6074	13
6075	10
6076	11
6077	10
6078	14
6079	7
6080	11
6081	5
6082	6
6083	12
6084	13
6085	12
6086	17
6087	14
6088	9
6089	10
6090	12
6091	11
6092	11
6093	11
6094	4
6095	16
6096	18
6097	14
6098	11
6099	7
6100	14
6101	9
6102	12
6103	10
6104	7
6105	5
6106	15
6107	9
6108	15
6109	15
6110	17
6111	7
6112	10
6113	13
6114	14
6115	9
6116	9
6117	9
6118	11
6119	13
6120	8
6121	9
6122	12
6123	12
6124	13
6125	10
6126	12
6127	8
6128	12
6129	12
6130	8
6131	16
6132	9
6133	12
6134	17
6135	4
6136	13
6137	17
6138	13
6139	9
6140	14
6141	10
6142	6
6143	9
6144	19
6145	7
6146	16
6147	11
6148	18
6149	9
6150	12
6151	7
6152	14
6153	17
6154	13
6155	8
6156	11
6157	12
6158	7
6159	12
6160	9
6161	6
6162	12
6163	9
6164	19
6165	10
6166	10
6167	8
6168	13
6169	15
6170	12
6171	13
6172	10
6173	11
6174	13
6175	7
6176	9
6177	8
6178	16
6179	10
6180	11
6181	9
6182	8
6183	16
6184	9
6185	13
6186	13
6187	8
6188	8
6189	10
6190	13
6191	11
6192	16
6193	12
6194	13
6195	10
6196	9
6197	10
6198	11
6199	16
6200	12
6201	8
6202	7
6203	4
6204	6
6205	6
6206	12
6207	13
6208	11
6209	15
6210	16
6211	10
6212	11
6213	8
6214	9
6215	5
6216	10
6217	14
6218	9
6219	12
6220	13
6221	14
6222	17
6223	10
6224	9
6225	16
6226	10
6227	11
6228	12
6229	6
6230	8
6231	7
6232	5
6233	5
6234	12
6235	9
6236	10
6237	9
6238	16
6239	11
6240	5
6241	10
6242	9
6243	12
6244	10
6245	11
6246	8
6247	12
6248	12
6249	15
6250	7
6251	10
6252	10
6253	14
6254	15
6255	12
6256	6
6257	14
6258	8
6259	13
6260	10
6261	12
6262	9
6263	11
6264	11
6265	15
6266	9
6267	13
6268	5
6269	10
6270	9
6271	10
6272	10
6273	9
6274	8
6275	5
6276	7
6277	11
6278	6
6279	17
6280	12
6281	10
6282	9
6283	8
6284	12
6285	7
6286	11
6287	13
6288	11
6289	12
6290	8
6291	7
6292	11
6293	14
6294	11
6295	8
6296	13
6297	15
6298	11
6299	14
6300	12
6301	14
6302	11
6303	10
6304	11
6305	9
6306	12
6307	17
6308	16
6309	13
6310	10
6311	13
6312	12
6313	11
6314	15
6315	13
6316	14
6317	10
6318	8
6319	9
6320	10
6321	10
6322	9
6323	15
6324	16
6325	11
6326	11
6327	10
6328	16
6329	12
6330	16
6331	9
6332	12
6333	10
6334	8
6335	12
6336	8
6337	11
6338	12
6339	11
6340	10
6341	8
6342	12
6343	12
6344	15
6345	7
6346	7
6347	4
6348	10
6349	8
6350	9
6351	17
6352	15
6353	13
6354	9
6355	13
6356	9
6357	12
6358	12
6359	12
6360	13
6361	11
6362	8
6363	10
6364	17
6365	5
6366	7
6367	16
6368	16
6369	16
6370	12
6371	12
6372	13
6373	17
6374	10
6375	16
6376	6
6377	10
6378	9
6379	17
6380	13
6381	9
6382	6
6383	9
6384	11
6385	4
6386	10
6387	12
6388	11
6389	7
6390	8
6391	20
6392	9
6393	16
6394	16
6395	13
6396	14
6397	14
6398	7
6399	12
6400	14
6401	13
6402	8
6403	6
6404	10
6405	10
6406	10
6407	10
6408	15
6409	11
6410	12
6411	11
6412	11
6413	9
6414	12
6415	9
6416	8
6417	19
6418	11
6419	12
6420	6
6421	12
6422	12
6423	11
6424	10
6425	11
6426	13
6427	18
6428	21
6429	7
6430	9
6431	10
6432	15
6433	9
6434	7
6435	10
6436	10
6437	10
6438	9
6439	16
6440	8
6441	8
6442	13
6443	19
6444	10
6445	14
6446	11
6447	16
6448	13
6449	17
6450	26
6451	16
6452	13
6453	14
6454	13
6455	9
6456	10
6457	7
6458	15
6459	8
6460	12
6461	14
6462	9
6463	14
6464	17
6465	10
6466	10
6467	8
6468	12
6469	6
6470	18
6471	11
6472	2
6473	12
6474	14
6475	12
6476	9
6477	9
6478	14
6479	7
6480	23
6481	16
6482	11
6483	15
6484	18
6485	15
6486	17
6487	14
6488	14
6489	10
6490	15
6491	5
6492	11
6493	17
6494	11
6495	15
6496	13
6497	13
6498	9
6499	6
6500	11
6501	14
6502	12
6503	13
6504	16
6505	12
6506	18
6507	12
6508	10
6509	15
6510	7
6511	6
6512	11
6513	10
6514	18
6515	11
6516	17
6517	11
6518	12
6519	10
6520	5
6521	9
6522	13
6523	8
6524	16
6525	10
6526	14
6527	11
6528	8
6529	11
6530	16
6531	9
6532	9
6533	13
6534	12
6535	23
6536	17
6537	12
6538	20
6539	17
6540	8
6541	9
6542	20
6543	16
6544	12
6545	9
6546	16
6547	15
6548	17
6549	13
6550	17
6551	14
6552	5
6553	14
6554	10
6555	15
6556	16
6557	9
6558	19
6559	15
6560	15
6561	21
6562	10
6563	8
6564	20
6565	15
6566	14
6567	8
6568	17
6569	14
6570	14
6571	12
6572	10
6573	12
6574	8
6575	16
6576	9
6577	22
6578	20
6579	15
6580	12
6581	14
6582	14
6583	11
6584	15
6585	9
6586	11
6587	18
6588	18
6589	12
6590	13
6591	12
6592	15
6593	15
6594	10
6595	18
6596	17
6597	16
6598	17
6599	21
6600	14
6601	18
6602	18
6603	12
6604	16
6605	19
6606	15
6607	14
6608	14
6609	16
6610	17
6611	10
6612	21
6613	15
6614	19
6615	11
6616	10
6617	10
6618	16
6619	17
6620	18
6621	10
6622	26
6623	12
6624	13
6625	15
6626	12
6627	14
6628	20
6629	9
6630	12
6631	18
6632	11
6633	14
6634	18
6635	9
6636	15
6637	13
6638	12
6639	15
6640	11
6641	21
6642	10
6643	15
6644	13
6645	14
6646	17
6647	13
6648	9
6649	15
6650	17
6651	18
6652	17
6653	14
6654	15
6655	18
6656	17
6657	13
6658	19
6659	11
6660	18
6661	14
6662	13
6663	14
6664	18
6665	12
6666	11
6667	12
6668	19
6669	22
6670	9
6671	20
6672	19
6673	11
6674	19
6675	18
6676	12
6677	19
6678	13
6679	16
6680	11
6681	19
6682	17
6683	15
6684	12
6685	15
6686	16
6687	12
6688	18
6689	14
6690	14
6691	18
6692	14
6693	12
6694	13
6695	15
6696	16
6697	17
6698	12
6699	16
6700	17
6701	21
6702	16
6703	12
6704	12
6705	23
6706	15
6707	12
6708	9
6709	18
6710	19
6711	14
6712	13
6713	16
6714	19
6715	11
6716	16
6717	15
6718	14
6719	16
6720	15
6721	16
6722	13
6723	16
6724	15
6725	15
6726	16
6727	16
6728	12
6729	13
6730	10
6731	19
6732	9
6733	14
6734	15
6735	20
6736	13
6737	9
6738	15
6739	18
6740	14
6741	11
6742	27
6743	12
6744	16
6745	16
6746	15
6747	12
6748	12
6749	13
6750	12
6751	12
6752	13
6753	5
6754	12
6755	12
6756	10
6757	13
6758	9
6759	12
6760	14
6761	6
6762	13
6763	18
6764	13
6765	13
6766	9
6767	14
6768	14
6769	9
6770	12
6771	11
6772	12
6773	19
6774	14
6775	14
6776	8
6777	14
6778	10
6779	11
6780	11
6781	9
6782	7
6783	11
6784	7
6785	14
6786	10
6787	10
6788	15
6789	11
6790	15
6791	16
6792	15
6793	10
6794	9
6795	14
6796	13
6797	16
6798	9
6799	12
6800	7
6801	14
6802	8
6803	18
6804	18
6805	13
6806	11
6807	10
6808	17
6809	14
6810	13
6811	13
6812	10
6813	7
6814	11
6815	15
6816	12
6817	14
6818	12
6819	8
6820	15
6821	18
6822	13
6823	24
6824	11
6825	9
6826	11
6827	17
6828	14
6829	15
6830	15
6831	10
6832	10
6833	7
6834	12
6835	12
6836	14
6837	12
6838	19
6839	12
6840	13
6841	15
6842	11
6843	10
6844	12
6845	15
6846	17
6847	7
6848	15
6849	13
6850	11
6851	11
6852	8
6853	15
6854	9
6855	9
6856	10
6857	7
6858	11
6859	12
6860	7
6861	5
6862	19
6863	12
6864	7
6865	9
6866	7
6867	13
6868	13
6869	9
6870	12
6871	3
6872	10
6873	9
6874	8
6875	10
6876	11
6877	11
6878	7
6879	9
6880	12
6881	11
6882	7
6883	4
6884	11
6885	8
6886	6
6887	10
6888	8
6889	9
6890	6
6891	6
6892	6
6893	10
6894	6
6895	15
6896	8
6897	14
6898	8
6899	9
6900	11
6901	10
6902	7
6903	9
6904	8
6905	7
6906	8
6907	11
6908	7
6909	4
6910	12
6911	8
6912	10
6913	6
6914	10
6915	9
6916	13
6917	9
6918	4
6919	5
6920	12
6921	9
6922	13
6923	11
6924	10
6925	11
6926	10
6927	5
6928	7
6929	9
6930	9
6931	11
6932	11
6933	10
6934	9
6935	7
6936	12
6937	6
6938	8
6939	16
6940	7
6941	10
6942	7
6943	7
6944	7
6945	8
6946	2
6947	8
6948	6
6949	9
6950	7
6951	7
6952	2
6953	4
6954	4
6955	6
6956	9
6957	5
6958	5
6959	5
6960	5
6961	6
6962	5
6963	5
6964	3
6965	5
6966	4
6967	4
6968	5
6969	5
6970	5
6971	3
6972	11
6973	6
6974	7
6975	15
6976	4
6977	7
6978	10
6979	9
6980	4
6981	7
6982	6
6983	7
6984	12
6985	9
6986	6
6987	4
6988	4
6989	10
6990	2
6991	6
6992	2
6993	10
6994	3
6995	6
6996	7
6997	7
6998	7
6999	2
7000	6
7001	6
7002	4
7003	1
7004	1
7005	8
7006	5
7007	3
7008	2
7009	6
7010	6
7011	3
7012	9
7013	7
7014	4
7015	4
7016	2
7017	4
7018	2
7019	3
7020	4
7021	4
7022	4
7023	4
7024	3
7025	5
7026	3
7027	4
7028	4
7029	6
7030	6
7031	4
7032	3
7033	1
7034	4
7035	3
7036	5
7037	10
7038	2
7039	3
7040	4
7041	5
7042	7
7043	1
7044	5
7045	1
7046	4
7047	3
7048	3
7049	4
7050	5
7051	3
7052	3
7053	1
7054	3
7055	3
7056	3
7057	3
7058	5
7059	3
7060	1
7061	5
7062	3
7063	4
7064	5
7065	4
7066	1
7067	7
7068	3
7069	4
7070	7
7071	3
7072	6
7073	2
7074	1
7075	3
7076	5
7077	2
7078	1
7079	4
7080	2
7081	1
7082	1
7083	4
7084	4
7085	2
7086	1
7087	2
7088	4
7089	4
7090	1
7091	1
7092	2
7093	1
7094	7
7095	3
7096	2
7097	0
7098	4
7099	1
7100	1
7101	4
7102	2
7103	6
7104	3
7105	3
7106	3
7107	0
7108	7
7109	2
7110	4
7111	1
7112	0
7113	3
7114	1
7115	4
7116	1
7117	2
7118	2
7119	2
7120	3
7121	1
7122	3
7123	3
7124	3
7125	1
7126	1
7127	1
7128	2
7129	1
7130	4
7131	1
7132	1
7133	2
7134	1
7135	0
7136	0
7137	3
7138	2
7139	1
7140	5
7141	1
7142	3
7143	1
7144	3
7145	1
7146	3
7147	4
7148	3
7149	3
7150	0
7151	0
7152	2
7153	2
7154	4
7155	1
7156	2
7157	7
7158	0
7159	4
7160	1
7161	2
7162	1
7163	3
7164	3
7165	2
7166	0
7167	2
7168	1
7169	3
7170	2
7171	0
7172	2
7173	4
7174	1
7175	0
7176	1
7177	3
7178	1
7179	1
7180	2
7181	1
7182	0
7183	1
7184	1
7185	1
7186	0
7187	1
7188	2
7189	1
7190	0
7191	1
7192	4
7193	3
7194	0
7195	2
7196	4
7197	2
7198	1
7199	0
7200	1
7201	1
7202	1
7203	0
7204	2
7205	0
7206	0
7207	2
7208	0
7209	0
7210	2
7211	1
7212	0
7213	1
7214	0
7215	2
7216	1
7217	1
7218	0
7219	2
7220	1
7221	0
7222	0
7223	0
7224	1
7225	1
7226	0
7227	3
7228	0
7229	0
7230	1
7231	0
7232	0
7233	1
7234	1
7235	1
7236	0
7237	1
7238	1
7239	0
7240	0
7241	3
7242	2
7243	1
7244	2
7245	0
7246	0
7247	0
7248	1
7249	0
7250	0
7251	1
7252	0
7253	2
7254	1
7255	0
7256	0
7257	0
7258	0
7259	2
7260	0
7261	0
7262	0
7263	1
7264	2
7265	0
7266	1
7267	0
7268	1
7269	1
7270	1
7271	1
7272	0
7273	0
7274	1
7275	1
7276	0
7277	0
7278	0
7279	1
7280	0
7281	1
7282	2
7283	3
7284	1
7285	1
7286	2
7287	0
7288	0
7289	3
7290	0
7291	0
7292	0
7293	0
7294	2
7295	0
7296	3
7297	1
7298	0
7299	0
7300	0
7301	1
7302	0
7303	1
7304	0
7305	0
7306	1
7307	0
7308	0
7309	1
7310	1
7311	1
7312	1
7313	0
7314	0
7315	1
7316	0
7317	0
7318	1
7319	0
7320	0
7321	0
7322	0
7323	0
7324	0
7325	0
7326	1
7327	2
7328	0
7329	1
7330	1
7331	1
7332	0
7333	0
7334	1
7335	0
7336	0
7337	0
7338	0
7339	0
7340	0
7341	0
7342	2
7343	0
7344	1
7345	1
7346	1
7347	0
7348	1
7349	0
7350	0
7351	0
7352	0
7353	1
7354	0
7355	0
7356	1
7357	1
7358	0
7359	1
7360	0
7361	2
7362	1
7363	1
7364	1
7365	2
7366	0
7367	0
7368	0
7369	0
7370	0
7371	0
7372	0
7373	1
7374	1
7375	1
7376	1
7377	0
7378	0
7379	1
7380	1
7381	1
7382	2
7383	1
7384	0
7385	0
7386	3
7387	0
7388	2
7389	1
7390	0
7391	0
7392	1
7393	0
7394	1
7395	2
7396	0
7397	1
7398	1
7399	0
7400	1
7401	1
7402	0
7403	2
7404	0
7405	0
7406	0
7407	1
7408	1
7409	0
7410	0
7411	0
7412	1
7413	0
7414	0
7415	0
7416	1
7417	0
7418	0
7419	0
7420	2
7421	0
7422	1
7423	1
7424	0
7425	0
7426	0
7427	0
7428	0
7429	1
7430	0
7431	0
7432	0
7433	0
7434	0
7435	1
7436	0
7437	1
7438	3
7439	1
7440	0
7441	0
7442	1
7443	1
7444	0
7445	1
7446	0
7447	0
7448	1
7449	0
7450	0
7451	0
7452	0
7453	1
7454	0
7455	1
7456	1
7457	1
7458	0
7459	0
7460	0
7461	0
7462	1
7463	1
7464	0
7465	0
7466	1
7467	1
7468	0
7469	0
7470	1
7471	2
7472	1
7473	0
7474	2
7475	1
7476	0
7477	1
7478	4
7479	0
7480	0
7481	0
7482	0
7483	1
7484	1
7485	0
7486	1
7487	0
7488	0
7489	0
7490	0
7491	0
7492	0
7493	0
7494	1
7495	1
7496	1
7497	0
7498	2
7499	1
7500	0
7501	1
7502	2
7503	0
7504	1
7505	0
7506	2
7507	0
7508	0
7509	1
7510	0
7511	1
7512	2
7513	0
7514	1
7515	0
7516	3
7517	0
7518	0
7519	1
7520	0
7521	0
7522	0
7523	0
7524	1
7525	2
7526	1
7527	0
7528	0
7529	1
7530	2
7531	0
7532	0
7533	1
7534	0
7535	1
7536	0
7537	1
7538	0
7539	0
7540	0
7541	0
7542	1
7543	0
7544	0
7545	0
7546	3
7547	0
7548	0
7549	0
7550	1
7551	1
7552	0
7553	2
7554	0
7555	2
7556	1
7557	0
7558	1
7559	0
7560	1
7561	2
7562	0
7563	2
7564	0
7565	1
7566	0
7567	1
7568	0
7569	0
7570	0
7571	4
7572	0
7573	0
7574	0
7575	0
7576	0
7577	0
7578	0
7579	1
7580	1
7581	0
7582	0
7583	1
7584	0
7585	0
7586	3
7587	1
7588	0
7589	0
7590	0
7591	0
7592	0
7593	3
7594	1
7595	1
7596	1
7597	0
7598	1
7599	1
7600	1
7601	1
7602	0
7603	2
7604	0
7605	1
7606	1
7607	0
7608	0
7609	0
7610	1
7611	2
7612	1
7613	1
7614	2
7615	3
7616	1
7617	0
7618	0
7619	2
7620	0
7621	1
7622	0
7623	3
7624	1
7625	1
7626	1
7627	1
7628	0
7629	1
7630	0
7631	1
7632	1
7633	0
7634	0
7635	0
7636	1
7637	0
7638	0
7639	1
7640	1
7641	0
7642	0
7643	1
7644	1
7645	0
7646	0
7647	2
7648	1
7649	1
7650	0
7651	0
7652	1
7653	2
7654	0
7655	0
7656	2
7657	0
7658	0
7659	0
7660	3
7661	0
7662	0
7663	0
7664	0
7665	1
7666	1
7667	1
7668	0
7669	1
7670	0
7671	1
7672	0
7673	0
7674	0
7675	0
7676	0
7677	0
7678	0
7679	0
7680	1
7681	1
7682	0
7683	0
7684	0
7685	0
7686	1
7687	0
7688	0
7689	0
7690	2
7691	1
7692	2
7693	1
7694	0
7695	2
7696	1
7697	0
7698	1
7699	0
7700	1
7701	0
7702	2
7703	0
7704	0
7705	0
7706	0
7707	1
7708	0
7709	1
7710	1
7711	0
7712	1
7713	1
7714	0
7715	1
7716	1
7717	1
7718	1
7719	0
7720	0
7721	1
7722	0
7723	1
7724	2
7725	0
7726	0
7727	0
7728	0
7729	1
7730	0
7731	0
7732	3
7733	1
7734	2
7735	0
7736	0
7737	1
7738	0
7739	1
7740	0
7741	1
7742	0
7743	2
7744	1
7745	1
7746	2
7747	1
7748	1
7749	0
7750	0
7751	0
7752	0
7753	1
7754	0
7755	0
7756	2
7757	0
7758	2
7759	0
7760	0
7761	0
7762	1
7763	2
7764	0
7765	0
7766	0
7767	0
7768	2
7769	1
7770	0
7771	0
7772	1
7773	0
7774	0
7775	0
7776	0
7777	1
7778	0
7779	1
7780	0
7781	1
7782	0
7783	0
7784	0
7785	0
7786	1
7787	1
7788	2
7789	1
7790	1
7791	0
7792	1
7793	0
7794	1
7795	0
7796	0
7797	0
7798	2
7799	1
7800	0
7801	0
7802	1
7803	0
7804	0
7805	1
7806	0
7807	0
7808	0
7809	0
7810	0
7811	0
7812	1
7813	1
7814	0
7815	0
7816	0
7817	1
7818	1
7819	0
7820	0
7821	0
7822	0
7823	2
7824	0
7825	0
7826	1
7827	0
7828	1
7829	2
7830	0
7831	0
7832	0
7833	1
7834	0
7835	2
7836	0
7837	1
7838	0
7839	0
7840	2
7841	0
7842	1
7843	0
7844	0
7845	0
7846	0
7847	1
7848	1
7849	0
7850	0
7851	0
7852	2
7853	0
7854	2
7855	0
7856	0
7857	2
7858	2
7859	0
7860	1
7861	1
7862	0
7863	0
7864	0
7865	0
7866	1
7867	1
7868	1
7869	0
7870	1
7871	1
7872	0
7873	1
7874	0
7875	1
7876	2
7877	0
7878	0
7879	0
7880	0
7881	1
7882	1
7883	1
7884	1
7885	2
7886	0
7887	2
7888	0
7889	0
7890	0
7891	1
7892	1
7893	0
7894	1
7895	0
7896	0
7897	1
7898	0
7899	1
7900	0
7901	0
7902	0
7903	2
7904	0
7905	1
7906	2
7907	0
7908	0
7909	0
7910	0
7911	0
7912	1
7913	0
7914	0
7915	1
7916	0
7917	1
7918	0
7919	0
7920	0
7921	0
7922	1
7923	1
7924	1
7925	1
7926	0
7927	0
7928	1
7929	0
7930	0
7931	0
7932	0
7933	1
7934	2
7935	0
7936	0
7937	1
7938	0
7939	0
7940	0
7941	1
7942	3
7943	3
7944	0
7945	0
7946	0
7947	0
7948	0
7949	2
7950	1
7951	1
7952	1
7953	1
7954	1
7955	0
7956	1
7957	1
7958	1
7959	0
7960	0
7961	0
7962	1
7963	1
7964	1
7965	1
7966	0
7967	1
7968	1
7969	0
7970	0
7971	1
7972	1
7973	0
7974	1
7975	1
7976	1
7977	0
7978	0
7979	1
7980	2
7981	0
7982	0
7983	1
7984	1
7985	0
7986	0
7987	0
7988	0
7989	1
7990	1
7991	0
7992	1
7993	0
7994	0
7995	0
7996	0
7997	0
7998	0
7999	1
8000	1
8001	4
8002	0
8003	1
8004	0
8005	1
8006	1
8007	2
8008	1
8009	0
8010	1
8011	0
8012	0
8013	0
8014	1
8015	2
8016	0
8017	0
8018	2
8019	2
8020	2
8021	0
8022	0
8023	0
8024	2
8025	0
8026	1
8027	0
8028	0
8029	0
8030	0
8031	0
8032	1
8033	0
8034	2
8035	0
8036	0
8037	1
8038	0
8039	1
8040	0
8041	0
8042	1
8043	1
8044	0
8045	1
8046	1
8047	0
8048	1
8049	1
8050	0
8051	1
8052	2
8053	0
8054	1
8055	1
8056	0
8057	0
8058	1
8059	0
8060	0
8061	1
8062	0
8063	1
8064	0
8065	0
8066	1
8067	2
8068	0
8069	2
8070	0
8071	0
8072	0
8073	0
8074	0
8075	0
8076	1
8077	0
8078	1
8079	0
8080	1
8081	0
8082	0
8083	1
8084	0
8085	0
8086	1
8087	2
8088	0
8089	0
8090	2
8091	2
8092	0
8093	2
8094	1
8095	0
8096	0
8097	1
8098	1
8099	0
8100	0
8101	0
8102	0
8103	0
8104	0
8105	0
8106	0
8107	0
8108	0
8109	0
8110	0
8111	0
8112	0
8113	0
8114	0
8115	0
8116	0
8117	0
8118	0
8119	0
8120	0
8121	0
8122	0
8123	0
8124	0
8125	0
8126	0
8127	0
8128	0
8129	0
8130	0
8131	0
8132	0
8133	0
8134	0
8135	0
8136	0
8137	0
8138	0
8139	0
8140	0
8141	0
8142	0
8143	0
8144	0
8145	0
8146	0
8147	0
8148	0
8149	0
8150	0
8151	0
8152	0
8153	0
8154	0
8155	0
8156	0
8157	0
8158	0
8159	0
8160	0
8161	0
8162	0
8163	0
8164	0
8165	0
8166	0
8167	0
8168	0
8169	0
8170	0
8171	0
8172	0
8173	0
8174	0
8175	0
8176	0
8177	0
8178	0
8179	0
8180	0
8181	0
8182	0
8183	0
8184	0
8185	0
8186	0
8187	0
8188	0
8189	0
8190	0
8191	0
