0	0
1	0
2	0
3	0
4	0
5	0
6	0
7	0
8	0
9	0
10	0
11	0
12	0
13	0
14	0
15	0
16	0
17	0
18	0
19	0
20	0
21	0
22	0
23	0
24	0
25	0
26	0
27	0
28	0
29	0
30	0
31	0
32	0
33	0
34	0
35	0
36	0
37	0
38	0
39	0
40	0
41	0
42	0
43	0
44	0
45	0
46	0
47	0
48	0
49	0
50	0
51	0
52	0
53	0
54	0
55	0
56	0
57	0
58	0
59	0
60	0
61	0
62	0
63	0
64	0
65	0
66	0
67	0
68	0
69	0
70	0
71	0
72	0
73	0
74	0
75	0
76	0
77	0
78	0
79	0
80	0
81	0
82	0
83	0
84	0
85	0
86	0
87	0
88	0
89	0
90	0
91	0
92	0
93	0
94	0
95	0
96	0
97	0
98	0
99	0
100	0
101	0
102	0
103	0
104	0
105	0
106	0
107	0
108	0
109	0
110	0
111	0
112	0
113	0
114	0
115	0
116	0
117	0
118	0
119	0
120	0
121	0
122	0
123	0
124	0
125	0
126	0
127	0
128	0
129	0
130	0
131	0
132	0
133	0
134	0
135	0
136	0
137	0
138	0
139	0
140	0
141	0
142	0
143	0
144	0
145	0
146	0
147	0
148	0
149	0
150	0
151	0
152	0
153	0
154	0
155	0
156	0
157	0
158	0
159	0
160	0
161	0
162	0
163	0
164	0
165	0
166	0
167	0
168	0
169	0
170	0
171	0
172	0
173	0
174	0
175	0
176	0
177	1
178	2
179	1
180	6
181	28
182	57
183	84
184	69
185	82
186	92
187	78
188	84
189	68
190	66
191	56
192	83
193	69
194	69
195	66
196	60
197	62
198	63
199	64
200	60
201	73
202	62
203	66
204	69
205	64
206	63
207	51
208	67
209	58
210	57
211	71
212	65
213	69
214	68
215	74
216	62
217	59
218	58
219	72
220	45
221	65
222	65
223	70
224	83
225	55
226	72
227	57
228	63
229	65
230	54
231	68
232	67
233	70
234	59
235	70
236	63
237	54
238	51
239	61
240	59
241	54
242	51
243	72
244	52
245	59
246	69
247	53
248	57
249	55
250	61
251	73
252	63
253	62
254	64
255	48
256	71
257	61
258	60
259	74
260	63
261	66
262	71
263	75
264	74
265	53
266	76
267	59
268	70
269	57
270	59
271	67
272	69
273	63
274	75
275	74
276	57
277	70
278	72
279	63
280	72
281	64
282	73
283	50
284	48
285	57
286	65
287	58
288	67
289	54
290	72
291	66
292	66
293	58
294	59
295	79
296	58
297	63
298	57
299	50
300	65
301	57
302	54
303	74
304	75
305	66
306	62
307	63
308	65
309	69
310	71
311	60
312	67
313	61
314	61
315	81
316	76
317	55
318	65
319	72
320	59
321	60
322	52
323	51
324	70
325	62
326	58
327	66
328	67
329	56
330	55
331	60
332	48
333	67
334	74
335	61
336	61
337	59
338	58
339	67
340	70
341	65
342	56
343	61
344	69
345	73
346	59
347	56
348	61
349	81
350	65
351	67
352	51
353	76
354	61
355	73
356	60
357	73
358	61
359	80
360	73
361	56
362	67
363	78
364	58
365	69
366	61
367	59
368	71
369	65
370	67
371	82
372	73
373	65
374	50
375	71
376	64
377	69
378	67
379	73
380	85
381	58
382	74
383	55
384	67
385	67
386	66
387	64
388	69
389	64
390	68
391	70
392	67
393	73
394	67
395	64
396	71
397	64
398	76
399	84
400	63
401	73
402	70
403	70
404	69
405	52
406	56
407	54
408	71
409	79
410	71
411	58
412	66
413	84
414	72
415	69
416	60
417	71
418	72
419	67
420	75
421	67
422	76
423	88
424	68
425	74
426	67
427	64
428	67
429	64
430	65
431	75
432	54
433	67
434	59
435	70
436	72
437	73
438	63
439	68
440	80
441	80
442	73
443	76
444	66
445	82
446	64
447	60
448	83
449	73
450	68
451	70
452	74
453	77
454	79
455	69
456	57
457	67
458	69
459	68
460	80
461	67
462	63
463	70
464	67
465	70
466	77
467	80
468	68
469	66
470	71
471	75
472	87
473	59
474	57
475	67
476	72
477	65
478	75
479	58
480	77
481	81
482	61
483	63
484	76
485	51
486	61
487	54
488	78
489	80
490	61
491	75
492	74
493	65
494	75
495	76
496	73
497	75
498	78
499	61
500	74
501	71
502	84
503	53
504	69
505	85
506	68
507	64
508	67
509	75
510	68
511	61
512	70
513	74
514	59
515	58
516	68
517	71
518	82
519	75
520	67
521	70
522	72
523	62
524	61
525	62
526	89
527	71
528	61
529	58
530	76
531	69
532	76
533	74
534	65
535	61
536	73
537	98
538	76
539	68
540	68
541	52
542	71
543	59
544	64
545	62
546	71
547	76
548	61
549	82
550	69
551	69
552	72
553	77
554	88
555	73
556	75
557	60
558	73
559	96
560	72
561	70
562	81
563	68
564	71
565	71
566	58
567	84
568	57
569	74
570	58
571	73
572	85
573	69
574	80
575	69
576	72
577	86
578	68
579	59
580	61
581	73
582	80
583	76
584	70
585	64
586	76
587	70
588	63
589	61
590	77
591	76
592	69
593	66
594	63
595	70
596	79
597	69
598	63
599	74
600	71
601	59
602	68
603	75
604	71
605	69
606	62
607	72
608	64
609	63
610	74
611	78
612	63
613	61
614	88
615	79
616	65
617	58
618	58
619	64
620	70
621	67
622	77
623	64
624	56
625	75
626	69
627	63
628	59
629	84
630	79
631	85
632	60
633	60
634	63
635	82
636	91
637	82
638	61
639	66
640	84
641	72
642	68
643	81
644	89
645	57
646	54
647	83
648	69
649	83
650	68
651	76
652	66
653	79
654	76
655	80
656	69
657	76
658	58
659	81
660	77
661	56
662	69
663	60
664	65
665	94
666	62
667	86
668	83
669	67
670	76
671	74
672	75
673	73
674	80
675	73
676	72
677	61
678	54
679	80
680	65
681	75
682	72
683	66
684	75
685	79
686	67
687	69
688	77
689	76
690	78
691	79
692	79
693	71
694	76
695	74
696	69
697	77
698	64
699	66
700	74
701	80
702	70
703	71
704	58
705	74
706	76
707	71
708	84
709	78
710	69
711	62
712	76
713	64
714	76
715	66
716	98
717	71
718	79
719	85
720	64
721	87
722	70
723	90
724	73
725	79
726	70
727	81
728	83
729	60
730	74
731	73
732	71
733	79
734	75
735	69
736	74
737	69
738	59
739	67
740	78
741	80
742	80
743	80
744	74
745	73
746	72
747	68
748	75
749	82
750	73
751	76
752	76
753	78
754	93
755	97
756	99
757	80
758	70
759	78
760	72
761	86
762	79
763	90
764	83
765	94
766	87
767	87
768	79
769	87
770	82
771	74
772	68
773	87
774	82
775	81
776	85
777	77
778	87
779	88
780	78
781	89
782	95
783	81
784	103
785	87
786	99
787	75
788	88
789	106
790	93
791	101
792	79
793	102
794	99
795	107
796	88
797	94
798	95
799	99
800	89
801	98
802	99
803	87
804	82
805	97
806	76
807	118
808	87
809	94
810	94
811	107
812	105
813	109
814	124
815	99
816	110
817	110
818	103
819	124
820	116
821	114
822	106
823	92
824	118
825	98
826	115
827	114
828	117
829	135
830	131
831	108
832	113
833	113
834	121
835	109
836	121
837	143
838	122
839	108
840	130
841	126
842	105
843	129
844	130
845	127
846	139
847	109
848	138
849	131
850	128
851	134
852	126
853	124
854	115
855	129
856	127
857	124
858	126
859	131
860	119
861	158
862	139
863	107
864	111
865	128
866	144
867	138
868	137
869	133
870	133
871	149
872	121
873	130
874	146
875	126
876	140
877	119
878	127
879	139
880	140
881	126
882	119
883	124
884	130
885	100
886	127
887	126
888	126
889	115
890	116
891	122
892	120
893	119
894	136
895	94
896	118
897	102
898	113
899	125
900	120
901	125
902	118
903	96
904	124
905	108
906	106
907	103
908	118
909	72
910	106
911	107
912	91
913	111
914	108
915	107
916	100
917	104
918	102
919	108
920	92
921	97
922	109
923	103
924	99
925	86
926	101
927	96
928	112
929	100
930	94
931	91
932	96
933	93
934	105
935	84
936	96
937	93
938	93
939	92
940	92
941	109
942	93
943	93
944	113
945	86
946	83
947	98
948	83
949	95
950	91
951	72
952	109
953	106
954	106
955	89
956	110
957	98
958	79
959	109
960	89
961	102
962	89
963	77
964	86
965	105
966	90
967	98
968	100
969	89
970	113
971	90
972	107
973	95
974	90
975	108
976	85
977	84
978	118
979	94
980	107
981	104
982	102
983	95
984	102
985	96
986	82
987	94
988	98
989	105
990	88
991	95
992	95
993	91
994	95
995	102
996	97
997	102
998	96
999	94
1000	108
1001	90
1002	97
1003	116
1004	99
1005	90
1006	106
1007	108
1008	87
1009	94
1010	101
1011	74
1012	89
1013	85
1014	77
1015	109
1016	90
1017	91
1018	77
1019	91
1020	85
1021	79
1022	96
1023	93
1024	90
1025	89
1026	84
1027	83
1028	93
1029	75
1030	78
1031	93
1032	69
1033	86
1034	66
1035	97
1036	94
1037	70
1038	86
1039	98
1040	82
1041	78
1042	84
1043	64
1044	78
1045	81
1046	81
1047	75
1048	67
1049	92
1050	81
1051	89
1052	97
1053	76
1054	86
1055	96
1056	86
1057	73
1058	73
1059	84
1060	75
1061	80
1062	85
1063	87
1064	74
1065	87
1066	70
1067	76
1068	68
1069	78
1070	76
1071	91
1072	87
1073	81
1074	89
1075	80
1076	80
1077	75
1078	79
1079	85
1080	67
1081	84
1082	77
1083	78
1084	89
1085	71
1086	69
1087	80
1088	75
1089	71
1090	98
1091	99
1092	87
1093	96
1094	76
1095	76
1096	84
1097	80
1098	76
1099	75
1100	85
1101	78
1102	91
1103	97
1104	83
1105	91
1106	85
1107	83
1108	86
1109	86
1110	68
1111	86
1112	88
1113	85
1114	79
1115	56
1116	90
1117	67
1118	87
1119	83
1120	92
1121	67
1122	91
1123	73
1124	76
1125	79
1126	77
1127	89
1128	81
1129	91
1130	80
1131	84
1132	90
1133	76
1134	85
1135	84
1136	74
1137	79
1138	76
1139	88
1140	93
1141	96
1142	110
1143	88
1144	80
1145	102
1146	82
1147	101
1148	84
1149	89
1150	76
1151	82
1152	79
1153	83
1154	101
1155	80
1156	81
1157	85
1158	90
1159	86
1160	91
1161	84
1162	65
1163	78
1164	88
1165	85
1166	70
1167	78
1168	81
1169	90
1170	97
1171	75
1172	96
1173	109
1174	83
1175	81
1176	100
1177	87
1178	87
1179	91
1180	84
1181	100
1182	95
1183	82
1184	81
1185	90
1186	87
1187	95
1188	100
1189	98
1190	74
1191	68
1192	78
1193	93
1194	91
1195	93
1196	86
1197	98
1198	89
1199	78
1200	94
1201	82
1202	76
1203	94
1204	96
1205	88
1206	84
1207	85
1208	77
1209	100
1210	92
1211	97
1212	79
1213	85
1214	92
1215	101
1216	105
1217	113
1218	81
1219	84
1220	88
1221	101
1222	90
1223	87
1224	81
1225	74
1226	92
1227	91
1228	104
1229	95
1230	93
1231	96
1232	97
1233	82
1234	99
1235	102
1236	96
1237	93
1238	81
1239	73
1240	105
1241	101
1242	96
1243	89
1244	87
1245	86
1246	102
1247	93
1248	92
1249	98
1250	84
1251	92
1252	106
1253	87
1254	75
1255	94
1256	94
1257	91
1258	98
1259	105
1260	96
1261	103
1262	80
1263	103
1264	107
1265	96
1266	112
1267	99
1268	96
1269	93
1270	87
1271	85
1272	92
1273	118
1274	89
1275	102
1276	106
1277	106
1278	101
1279	102
1280	93
1281	90
1282	108
1283	96
1284	102
1285	86
1286	91
1287	102
1288	116
1289	90
1290	103
1291	109
1292	81
1293	114
1294	97
1295	100
1296	100
1297	105
1298	96
1299	101
1300	104
1301	95
1302	107
1303	88
1304	106
1305	113
1306	106
1307	126
1308	104
1309	104
1310	107
1311	92
1312	87
1313	102
1314	101
1315	70
1316	112
1317	108
1318	77
1319	103
1320	102
1321	116
1322	108
1323	99
1324	94
1325	106
1326	111
1327	103
1328	105
1329	113
1330	101
1331	106
1332	100
1333	103
1334	95
1335	98
1336	100
1337	113
1338	106
1339	107
1340	118
1341	109
1342	97
1343	107
1344	111
1345	126
1346	113
1347	118
1348	106
1349	109
1350	112
1351	99
1352	101
1353	110
1354	108
1355	112
1356	98
1357	118
1358	99
1359	91
1360	94
1361	100
1362	114
1363	112
1364	118
1365	91
1366	120
1367	100
1368	106
1369	106
1370	99
1371	110
1372	108
1373	105
1374	107
1375	114
1376	99
1377	97
1378	110
1379	127
1380	102
1381	114
1382	95
1383	112
1384	109
1385	119
1386	93
1387	117
1388	92
1389	107
1390	112
1391	118
1392	118
1393	109
1394	102
1395	103
1396	119
1397	103
1398	98
1399	101
1400	90
1401	106
1402	125
1403	129
1404	112
1405	99
1406	108
1407	112
1408	115
1409	110
1410	107
1411	108
1412	106
1413	113
1414	110
1415	105
1416	106
1417	104
1418	113
1419	105
1420	94
1421	104
1422	97
1423	112
1424	105
1425	93
1426	108
1427	105
1428	108
1429	100
1430	106
1431	118
1432	98
1433	117
1434	107
1435	103
1436	113
1437	107
1438	120
1439	113
1440	95
1441	121
1442	96
1443	127
1444	97
1445	110
1446	96
1447	117
1448	117
1449	95
1450	149
1451	113
1452	104
1453	115
1454	116
1455	118
1456	129
1457	113
1458	122
1459	109
1460	102
1461	102
1462	102
1463	108
1464	114
1465	112
1466	95
1467	113
1468	112
1469	102
1470	117
1471	122
1472	124
1473	123
1474	107
1475	111
1476	117
1477	97
1478	108
1479	116
1480	103
1481	100
1482	89
1483	95
1484	119
1485	97
1486	104
1487	102
1488	110
1489	103
1490	128
1491	96
1492	98
1493	108
1494	99
1495	111
1496	93
1497	110
1498	127
1499	87
1500	109
1501	93
1502	111
1503	132
1504	108
1505	119
1506	102
1507	111
1508	115
1509	98
1510	95
1511	126
1512	114
1513	101
1514	109
1515	135
1516	117
1517	121
1518	127
1519	108
1520	108
1521	92
1522	107
1523	117
1524	103
1525	117
1526	102
1527	116
1528	126
1529	105
1530	111
1531	99
1532	122
1533	124
1534	121
1535	101
1536	118
1537	113
1538	116
1539	117
1540	114
1541	120
1542	114
1543	114
1544	124
1545	123
1546	116
1547	125
1548	131
1549	98
1550	105
1551	108
1552	102
1553	109
1554	125
1555	103
1556	107
1557	106
1558	118
1559	125
1560	123
1561	121
1562	125
1563	100
1564	104
1565	122
1566	122
1567	117
1568	129
1569	126
1570	112
1571	122
1572	122
1573	133
1574	119
1575	120
1576	119
1577	117
1578	123
1579	103
1580	123
1581	135
1582	114
1583	106
1584	97
1585	113
1586	101
1587	148
1588	115
1589	98
1590	104
1591	128
1592	118
1593	126
1594	123
1595	130
1596	120
1597	111
1598	103
1599	105
1600	109
1601	129
1602	94
1603	131
1604	124
1605	116
1606	152
1607	105
1608	123
1609	128
1610	109
1611	115
1612	125
1613	124
1614	129
1615	104
1616	120
1617	138
1618	113
1619	102
1620	130
1621	126
1622	113
1623	123
1624	107
1625	96
1626	141
1627	120
1628	139
1629	98
1630	117
1631	141
1632	128
1633	120
1634	134
1635	121
1636	124
1637	115
1638	104
1639	106
1640	147
1641	135
1642	116
1643	113
1644	131
1645	117
1646	128
1647	127
1648	117
1649	128
1650	122
1651	119
1652	107
1653	120
1654	97
1655	127
1656	119
1657	141
1658	119
1659	135
1660	125
1661	115
1662	152
1663	132
1664	119
1665	132
1666	119
1667	140
1668	126
1669	113
1670	130
1671	146
1672	130
1673	119
1674	130
1675	119
1676	107
1677	133
1678	134
1679	113
1680	127
1681	135
1682	112
1683	119
1684	125
1685	123
1686	136
1687	144
1688	124
1689	139
1690	105
1691	114
1692	116
1693	123
1694	161
1695	135
1696	133
1697	141
1698	124
1699	119
1700	127
1701	125
1702	150
1703	120
1704	134
1705	124
1706	112
1707	120
1708	141
1709	107
1710	124
1711	119
1712	130
1713	121
1714	121
1715	120
1716	138
1717	119
1718	131
1719	137
1720	139
1721	126
1722	131
1723	124
1724	115
1725	125
1726	138
1727	137
1728	119
1729	111
1730	115
1731	115
1732	131
1733	117
1734	132
1735	131
1736	114
1737	121
1738	136
1739	130
1740	112
1741	116
1742	128
1743	123
1744	122
1745	133
1746	124
1747	139
1748	116
1749	118
1750	145
1751	141
1752	137
1753	123
1754	121
1755	133
1756	138
1757	142
1758	123
1759	111
1760	118
1761	125
1762	124
1763	148
1764	134
1765	136
1766	142
1767	126
1768	114
1769	126
1770	151
1771	121
1772	146
1773	125
1774	126
1775	126
1776	111
1777	133
1778	153
1779	108
1780	130
1781	148
1782	141
1783	144
1784	131
1785	123
1786	155
1787	130
1788	135
1789	137
1790	128
1791	134
1792	126
1793	145
1794	136
1795	143
1796	136
1797	144
1798	151
1799	144
1800	118
1801	156
1802	118
1803	109
1804	142
1805	112
1806	131
1807	141
1808	125
1809	134
1810	114
1811	144
1812	132
1813	108
1814	132
1815	125
1816	125
1817	125
1818	129
1819	129
1820	130
1821	117
1822	132
1823	147
1824	122
1825	135
1826	142
1827	140
1828	140
1829	124
1830	136
1831	134
1832	118
1833	118
1834	148
1835	132
1836	135
1837	127
1838	140
1839	112
1840	120
1841	140
1842	152
1843	131
1844	126
1845	130
1846	130
1847	165
1848	115
1849	120
1850	116
1851	130
1852	135
1853	129
1854	115
1855	119
1856	125
1857	137
1858	143
1859	133
1860	125
1861	140
1862	131
1863	145
1864	133
1865	137
1866	137
1867	135
1868	132
1869	129
1870	151
1871	136
1872	145
1873	155
1874	135
1875	130
1876	141
1877	132
1878	138
1879	128
1880	133
1881	128
1882	123
1883	122
1884	156
1885	112
1886	137
1887	145
1888	124
1889	159
1890	116
1891	116
1892	128
1893	127
1894	137
1895	137
1896	117
1897	146
1898	122
1899	141
1900	133
1901	138
1902	145
1903	148
1904	118
1905	133
1906	136
1907	130
1908	144
1909	143
1910	122
1911	118
1912	144
1913	100
1914	139
1915	157
1916	128
1917	141
1918	121
1919	131
1920	132
1921	134
1922	124
1923	128
1924	140
1925	116
1926	127
1927	136
1928	144
1929	140
1930	135
1931	135
1932	128
1933	150
1934	112
1935	135
1936	146
1937	125
1938	131
1939	139
1940	128
1941	132
1942	124
1943	115
1944	136
1945	125
1946	154
1947	141
1948	144
1949	124
1950	142
1951	138
1952	128
1953	109
1954	134
1955	115
1956	154
1957	125
1958	138
1959	143
1960	152
1961	121
1962	140
1963	141
1964	118
1965	125
1966	139
1967	135
1968	130
1969	132
1970	122
1971	127
1972	135
1973	123
1974	129
1975	121
1976	134
1977	130
1978	151
1979	113
1980	144
1981	144
1982	125
1983	133
1984	99
1985	147
1986	145
1987	128
1988	145
1989	131
1990	128
1991	137
1992	138
1993	136
1994	112
1995	131
1996	131
1997	134
1998	104
1999	167
2000	109
2001	131
2002	142
2003	112
2004	134
2005	113
2006	153
2007	119
2008	145
2009	127
2010	120
2011	141
2012	128
2013	121
2014	142
2015	149
2016	138
2017	135
2018	144
2019	143
2020	125
2021	143
2022	139
2023	120
2024	137
2025	134
2026	145
2027	146
2028	149
2029	149
2030	121
2031	135
2032	126
2033	118
2034	136
2035	137
2036	139
2037	128
2038	147
2039	120
2040	132
2041	128
2042	121
2043	125
2044	121
2045	131
2046	112
2047	109
2048	143
2049	153
2050	125
2051	142
2052	133
2053	131
2054	128
2055	128
2056	125
2057	121
2058	120
2059	135
2060	137
2061	122
2062	128
2063	155
2064	134
2065	146
2066	160
2067	118
2068	124
2069	150
2070	125
2071	124
2072	136
2073	142
2074	132
2075	146
2076	129
2077	132
2078	141
2079	119
2080	135
2081	145
2082	123
2083	137
2084	136
2085	153
2086	131
2087	131
2088	100
2089	138
2090	138
2091	124
2092	140
2093	135
2094	128
2095	134
2096	126
2097	123
2098	100
2099	127
2100	125
2101	132
2102	137
2103	120
2104	125
2105	131
2106	129
2107	150
2108	144
2109	124
2110	133
2111	124
2112	119
2113	135
2114	119
2115	142
2116	141
2117	139
2118	127
2119	131
2120	124
2121	131
2122	128
2123	136
2124	128
2125	124
2126	127
2127	138
2128	135
2129	120
2130	147
2131	143
2132	136
2133	130
2134	119
2135	136
2136	115
2137	119
2138	123
2139	120
2140	125
2141	133
2142	132
2143	129
2144	117
2145	115
2146	119
2147	148
2148	128
2149	136
2150	148
2151	125
2152	127
2153	126
2154	118
2155	114
2156	110
2157	151
2158	121
2159	130
2160	106
2161	133
2162	121
2163	132
2164	138
2165	108
2166	126
2167	122
2168	139
2169	127
2170	138
2171	116
2172	124
2173	123
2174	135
2175	121
2176	119
2177	138
2178	146
2179	135
2180	124
2181	121
2182	128
2183	126
2184	155
2185	139
2186	149
2187	135
2188	144
2189	152
2190	119
2191	127
2192	119
2193	136
2194	126
2195	121
2196	120
2197	138
2198	132
2199	130
2200	128
2201	141
2202	132
2203	155
2204	144
2205	121
2206	140
2207	129
2208	135
2209	117
2210	113
2211	136
2212	135
2213	145
2214	128
2215	138
2216	130
2217	122
2218	124
2219	124
2220	146
2221	148
2222	138
2223	125
2224	136
2225	144
2226	145
2227	135
2228	136
2229	133
2230	136
2231	144
2232	155
2233	138
2234	134
2235	135
2236	127
2237	121
2238	143
2239	161
2240	116
2241	148
2242	131
2243	139
2244	135
2245	140
2246	126
2247	131
2248	147
2249	133
2250	130
2251	133
2252	139
2253	141
2254	138
2255	123
2256	130
2257	128
2258	134
2259	114
2260	126
2261	142
2262	126
2263	133
2264	117
2265	132
2266	149
2267	110
2268	124
2269	120
2270	137
2271	155
2272	135
2273	135
2274	124
2275	138
2276	147
2277	128
2278	127
2279	127
2280	125
2281	159
2282	123
2283	108
2284	123
2285	118
2286	143
2287	121
2288	121
2289	108
2290	117
2291	120
2292	140
2293	142
2294	118
2295	145
2296	94
2297	119
2298	110
2299	133
2300	140
2301	125
2302	140
2303	129
2304	140
2305	127
2306	132
2307	122
2308	138
2309	119
2310	140
2311	102
2312	144
2313	145
2314	119
2315	125
2316	135
2317	139
2318	129
2319	137
2320	159
2321	94
2322	134
2323	119
2324	130
2325	136
2326	122
2327	119
2328	147
2329	148
2330	151
2331	125
2332	121
2333	123
2334	103
2335	119
2336	134
2337	142
2338	117
2339	150
2340	107
2341	122
2342	127
2343	105
2344	132
2345	135
2346	139
2347	125
2348	133
2349	119
2350	135
2351	124
2352	103
2353	132
2354	136
2355	116
2356	121
2357	125
2358	121
2359	130
2360	132
2361	119
2362	133
2363	131
2364	126
2365	119
2366	129
2367	133
2368	105
2369	125
2370	142
2371	127
2372	142
2373	136
2374	116
2375	150
2376	139
2377	116
2378	105
2379	130
2380	106
2381	134
2382	135
2383	115
2384	129
2385	98
2386	133
2387	122
2388	127
2389	134
2390	134
2391	115
2392	111
2393	124
2394	125
2395	117
2396	117
2397	134
2398	117
2399	128
2400	136
2401	108
2402	131
2403	139
2404	95
2405	122
2406	116
2407	118
2408	126
2409	105
2410	133
2411	128
2412	140
2413	102
2414	112
2415	119
2416	114
2417	140
2418	107
2419	110
2420	103
2421	113
2422	116
2423	113
2424	104
2425	123
2426	117
2427	117
2428	101
2429	122
2430	125
2431	103
2432	113
2433	113
2434	121
2435	114
2436	100
2437	131
2438	128
2439	130
2440	110
2441	128
2442	124
2443	108
2444	131
2445	108
2446	107
2447	127
2448	117
2449	110
2450	112
2451	112
2452	103
2453	109
2454	137
2455	103
2456	118
2457	114
2458	113
2459	133
2460	121
2461	107
2462	107
2463	120
2464	127
2465	131
2466	107
2467	127
2468	126
2469	100
2470	107
2471	112
2472	112
2473	133
2474	116
2475	106
2476	124
2477	107
2478	116
2479	107
2480	131
2481	98
2482	108
2483	132
2484	97
2485	90
2486	95
2487	125
2488	114
2489	99
2490	107
2491	120
2492	117
2493	102
2494	116
2495	118
2496	114
2497	119
2498	130
2499	116
2500	123
2501	102
2502	110
2503	115
2504	101
2505	134
2506	102
2507	123
2508	109
2509	111
2510	122
2511	123
2512	113
2513	118
2514	125
2515	98
2516	126
2517	111
2518	111
2519	110
2520	121
2521	93
2522	101
2523	130
2524	123
2525	119
2526	116
2527	120
2528	92
2529	103
2530	115
2531	121
2532	106
2533	128
2534	128
2535	109
2536	116
2537	106
2538	110
2539	110
2540	98
2541	98
2542	99
2543	120
2544	107
2545	112
2546	118
2547	107
2548	118
2549	121
2550	102
2551	121
2552	101
2553	111
2554	106
2555	107
2556	101
2557	131
2558	117
2559	108
2560	103
2561	100
2562	105
2563	95
2564	76
2565	85
2566	108
2567	107
2568	86
2569	117
2570	122
2571	107
2572	93
2573	94
2574	109
2575	103
2576	95
2577	108
2578	103
2579	106
2580	87
2581	112
2582	87
2583	103
2584	106
2585	104
2586	96
2587	87
2588	114
2589	111
2590	96
2591	94
2592	97
2593	98
2594	104
2595	101
2596	97
2597	88
2598	110
2599	93
2600	95
2601	96
2602	102
2603	88
2604	118
2605	111
2606	91
2607	96
2608	103
2609	124
2610	100
2611	96
2612	107
2613	111
2614	96
2615	116
2616	101
2617	94
2618	100
2619	105
2620	105
2621	109
2622	89
2623	108
2624	91
2625	79
2626	83
2627	117
2628	120
2629	91
2630	97
2631	78
2632	104
2633	97
2634	106
2635	87
2636	102
2637	99
2638	88
2639	83
2640	109
2641	100
2642	87
2643	97
2644	103
2645	99
2646	101
2647	118
2648	83
2649	102
2650	102
2651	84
2652	93
2653	101
2654	99
2655	102
2656	123
2657	106
2658	102
2659	105
2660	106
2661	112
2662	129
2663	94
2664	95
2665	118
2666	92
2667	84
2668	96
2669	86
2670	80
2671	88
2672	85
2673	111
2674	122
2675	111
2676	114
2677	104
2678	107
2679	106
2680	97
2681	85
2682	86
2683	97
2684	106
2685	102
2686	92
2687	99
2688	109
2689	104
2690	92
2691	75
2692	99
2693	93
2694	82
2695	89
2696	93
2697	95
2698	90
2699	98
2700	99
2701	103
2702	103
2703	106
2704	96
2705	85
2706	91
2707	89
2708	84
2709	80
2710	82
2711	100
2712	103
2713	83
2714	105
2715	102
2716	98
2717	97
2718	104
2719	109
2720	102
2721	96
2722	102
2723	90
2724	91
2725	97
2726	101
2727	95
2728	90
2729	90
2730	86
2731	121
2732	107
2733	96
2734	84
2735	84
2736	94
2737	98
2738	89
2739	80
2740	100
2741	83
2742	89
2743	96
2744	86
2745	95
2746	99
2747	110
2748	93
2749	81
2750	108
2751	95
2752	85
2753	88
2754	105
2755	97
2756	108
2757	85
2758	80
2759	78
2760	81
2761	72
2762	82
2763	101
2764	83
2765	102
2766	98
2767	91
2768	92
2769	88
2770	100
2771	89
2772	86
2773	94
2774	81
2775	97
2776	96
2777	84
2778	84
2779	98
2780	86
2781	79
2782	92
2783	76
2784	88
2785	98
2786	87
2787	78
2788	97
2789	100
2790	98
2791	92
2792	102
2793	93
2794	89
2795	96
2796	73
2797	72
2798	97
2799	110
2800	95
2801	98
2802	101
2803	94
2804	84
2805	98
2806	94
2807	92
2808	97
2809	99
2810	98
2811	99
2812	98
2813	93
2814	94
2815	106
2816	103
2817	87
2818	91
2819	107
2820	87
2821	95
2822	96
2823	86
2824	93
2825	102
2826	99
2827	96
2828	106
2829	92
2830	89
2831	89
2832	91
2833	97
2834	99
2835	97
2836	100
2837	96
2838	86
2839	112
2840	90
2841	84
2842	87
2843	97
2844	99
2845	94
2846	92
2847	97
2848	94
2849	93
2850	102
2851	93
2852	100
2853	100
2854	95
2855	90
2856	76
2857	80
2858	91
2859	94
2860	90
2861	91
2862	93
2863	85
2864	114
2865	95
2866	90
2867	106
2868	83
2869	97
2870	105
2871	99
2872	95
2873	77
2874	80
2875	73
2876	96
2877	94
2878	98
2879	88
2880	85
2881	73
2882	94
2883	84
2884	94
2885	95
2886	89
2887	92
2888	105
2889	96
2890	92
2891	87
2892	98
2893	94
2894	91
2895	91
2896	96
2897	79
2898	88
2899	83
2900	84
2901	88
2902	101
2903	89
2904	81
2905	115
2906	94
2907	97
2908	100
2909	110
2910	89
2911	93
2912	90
2913	63
2914	100
2915	87
2916	85
2917	86
2918	97
2919	89
2920	98
2921	84
2922	85
2923	87
2924	106
2925	80
2926	80
2927	96
2928	86
2929	90
2930	79
2931	80
2932	81
2933	86
2934	88
2935	89
2936	74
2937	86
2938	87
2939	79
2940	90
2941	92
2942	99
2943	97
2944	90
2945	77
2946	99
2947	85
2948	91
2949	93
2950	84
2951	76
2952	88
2953	88
2954	96
2955	80
2956	90
2957	87
2958	94
2959	93
2960	100
2961	88
2962	87
2963	88
2964	78
2965	108
2966	97
2967	107
2968	96
2969	107
2970	91
2971	80
2972	96
2973	75
2974	69
2975	92
2976	89
2977	88
2978	93
2979	100
2980	73
2981	92
2982	94
2983	93
2984	91
2985	93
2986	79
2987	83
2988	92
2989	86
2990	79
2991	85
2992	89
2993	105
2994	80
2995	107
2996	98
2997	89
2998	91
2999	82
3000	91
3001	87
3002	71
3003	85
3004	102
3005	105
3006	90
3007	104
3008	87
3009	93
3010	104
3011	86
3012	78
3013	101
3014	71
3015	70
3016	75
3017	81
3018	99
3019	92
3020	85
3021	90
3022	89
3023	103
3024	75
3025	85
3026	73
3027	74
3028	70
3029	81
3030	83
3031	79
3032	77
3033	102
3034	75
3035	99
3036	89
3037	79
3038	86
3039	115
3040	102
3041	108
3042	91
3043	93
3044	83
3045	79
3046	76
3047	95
3048	81
3049	94
3050	88
3051	94
3052	108
3053	91
3054	91
3055	83
3056	91
3057	100
3058	60
3059	91
3060	94
3061	91
3062	85
3063	82
3064	92
3065	89
3066	82
3067	82
3068	85
3069	103
3070	87
3071	83
3072	94
3073	90
3074	90
3075	83
3076	74
3077	75
3078	84
3079	94
3080	75
3081	86
3082	94
3083	105
3084	85
3085	95
3086	86
3087	79
3088	82
3089	74
3090	84
3091	86
3092	102
3093	85
3094	89
3095	62
3096	73
3097	76
3098	84
3099	91
3100	87
3101	85
3102	88
3103	102
3104	90
3105	89
3106	82
3107	73
3108	78
3109	68
3110	100
3111	85
3112	80
3113	95
3114	92
3115	91
3116	104
3117	76
3118	84
3119	85
3120	84
3121	73
3122	103
3123	100
3124	83
3125	90
3126	91
3127	88
3128	77
3129	103
3130	74
3131	89
3132	85
3133	83
3134	87
3135	71
3136	94
3137	67
3138	81
3139	90
3140	86
3141	89
3142	82
3143	76
3144	98
3145	82
3146	84
3147	81
3148	86
3149	89
3150	88
3151	97
3152	88
3153	89
3154	86
3155	76
3156	101
3157	80
3158	95
3159	95
3160	100
3161	80
3162	74
3163	76
3164	81
3165	91
3166	101
3167	94
3168	73
3169	105
3170	102
3171	86
3172	88
3173	95
3174	77
3175	73
3176	78
3177	76
3178	84
3179	93
3180	85
3181	79
3182	104
3183	92
3184	86
3185	65
3186	91
3187	109
3188	76
3189	95
3190	83
3191	80
3192	81
3193	95
3194	80
3195	92
3196	96
3197	96
3198	94
3199	86
3200	82
3201	87
3202	95
3203	75
3204	97
3205	92
3206	88
3207	98
3208	107
3209	77
3210	89
3211	71
3212	89
3213	71
3214	74
3215	104
3216	80
3217	84
3218	91
3219	94
3220	76
3221	87
3222	86
3223	93
3224	77
3225	92
3226	74
3227	73
3228	72
3229	73
3230	84
3231	86
3232	82
3233	87
3234	89
3235	88
3236	90
3237	73
3238	103
3239	75
3240	86
3241	97
3242	93
3243	76
3244	96
3245	95
3246	89
3247	77
3248	76
3249	81
3250	77
3251	79
3252	96
3253	90
3254	103
3255	89
3256	86
3257	78
3258	90
3259	79
3260	94
3261	74
3262	80
3263	73
3264	95
3265	67
3266	83
3267	92
3268	76
3269	89
3270	72
3271	85
3272	73
3273	96
3274	75
3275	105
3276	87
3277	89
3278	76
3279	86
3280	86
3281	81
3282	89
3283	70
3284	110
3285	70
3286	84
3287	78
3288	65
3289	93
3290	86
3291	74
3292	101
3293	100
3294	88
3295	78
3296	86
3297	93
3298	78
3299	68
3300	85
3301	86
3302	86
3303	89
3304	93
3305	90
3306	88
3307	78
3308	67
3309	79
3310	95
3311	92
3312	70
3313	94
3314	81
3315	77
3316	70
3317	96
3318	78
3319	83
3320	85
3321	90
3322	75
3323	78
3324	98
3325	83
3326	72
3327	86
3328	87
3329	100
3330	83
3331	89
3332	88
3333	75
3334	90
3335	85
3336	84
3337	98
3338	93
3339	69
3340	79
3341	78
3342	82
3343	89
3344	73
3345	90
3346	79
3347	72
3348	85
3349	88
3350	81
3351	87
3352	88
3353	84
3354	96
3355	90
3356	83
3357	84
3358	80
3359	79
3360	67
3361	102
3362	81
3363	77
3364	95
3365	106
3366	87
3367	97
3368	91
3369	76
3370	91
3371	85
3372	69
3373	78
3374	90
3375	86
3376	108
3377	77
3378	107
3379	96
3380	88
3381	109
3382	97
3383	74
3384	64
3385	90
3386	89
3387	85
3388	77
3389	79
3390	101
3391	82
3392	87
3393	94
3394	87
3395	91
3396	90
3397	77
3398	92
3399	82
3400	92
3401	90
3402	86
3403	101
3404	92
3405	101
3406	93
3407	91
3408	87
3409	90
3410	90
3411	83
3412	76
3413	78
3414	86
3415	114
3416	74
3417	95
3418	80
3419	81
3420	97
3421	86
3422	89
3423	94
3424	72
3425	62
3426	86
3427	86
3428	87
3429	71
3430	81
3431	72
3432	90
3433	87
3434	88
3435	66
3436	86
3437	98
3438	86
3439	82
3440	72
3441	83
3442	77
3443	78
3444	97
3445	77
3446	95
3447	85
3448	75
3449	79
3450	78
3451	78
3452	79
3453	78
3454	105
3455	80
3456	79
3457	85
3458	81
3459	83
3460	81
3461	71
3462	87
3463	106
3464	102
3465	85
3466	82
3467	87
3468	73
3469	89
3470	96
3471	91
3472	106
3473	95
3474	101
3475	86
3476	73
3477	87
3478	93
3479	88
3480	58
3481	62
3482	93
3483	87
3484	74
3485	88
3486	78
3487	93
3488	91
3489	92
3490	80
3491	87
3492	79
3493	91
3494	103
3495	82
3496	68
3497	90
3498	101
3499	84
3500	87
3501	85
3502	94
3503	99
3504	95
3505	82
3506	78
3507	77
3508	79
3509	94
3510	76
3511	93
3512	92
3513	87
3514	88
3515	80
3516	110
3517	80
3518	77
3519	88
3520	99
3521	90
3522	93
3523	94
3524	104
3525	85
3526	85
3527	103
3528	99
3529	72
3530	75
3531	87
3532	98
3533	86
3534	94
3535	109
3536	88
3537	101
3538	93
3539	87
3540	95
3541	88
3542	71
3543	102
3544	92
3545	78
3546	94
3547	84
3548	86
3549	102
3550	74
3551	83
3552	110
3553	95
3554	104
3555	83
3556	93
3557	99
3558	99
3559	80
3560	87
3561	95
3562	79
3563	93
3564	110
3565	83
3566	89
3567	82
3568	93
3569	92
3570	99
3571	95
3572	82
3573	89
3574	82
3575	97
3576	103
3577	89
3578	90
3579	80
3580	97
3581	104
3582	107
3583	82
3584	89
3585	96
3586	98
3587	76
3588	92
3589	84
3590	120
3591	91
3592	108
3593	115
3594	89
3595	105
3596	105
3597	92
3598	102
3599	93
3600	79
3601	102
3602	99
3603	99
3604	99
3605	105
3606	80
3607	102
3608	101
3609	83
3610	127
3611	120
3612	123
3613	92
3614	115
3615	80
3616	103
3617	95
3618	112
3619	91
3620	118
3621	106
3622	107
3623	93
3624	77
3625	118
3626	104
3627	112
3628	87
3629	114
3630	98
3631	90
3632	90
3633	90
3634	118
3635	98
3636	102
3637	110
3638	110
3639	115
3640	97
3641	113
3642	95
3643	103
3644	101
3645	110
3646	107
3647	105
3648	103
3649	109
3650	107
3651	105
3652	110
3653	129
3654	130
3655	89
3656	90
3657	96
3658	101
3659	103
3660	103
3661	111
3662	123
3663	119
3664	110
3665	92
3666	95
3667	109
3668	111
3669	119
3670	109
3671	109
3672	127
3673	109
3674	112
3675	112
3676	111
3677	121
3678	105
3679	97
3680	121
3681	123
3682	85
3683	127
3684	90
3685	108
3686	134
3687	110
3688	134
3689	127
3690	114
3691	124
3692	113
3693	115
3694	127
3695	106
3696	123
3697	120
3698	108
3699	116
3700	114
3701	118
3702	99
3703	128
3704	115
3705	133
3706	100
3707	108
3708	115
3709	130
3710	105
3711	106
3712	113
3713	106
3714	138
3715	123
3716	131
3717	122
3718	102
3719	123
3720	120
3721	129
3722	92
3723	116
3724	129
3725	124
3726	114
3727	137
3728	114
3729	117
3730	126
3731	129
3732	134
3733	125
3734	109
3735	130
3736	131
3737	115
3738	127
3739	137
3740	126
3741	125
3742	101
3743	144
3744	118
3745	112
3746	141
3747	139
3748	112
3749	117
3750	117
3751	152
3752	115
3753	122
3754	128
3755	122
3756	138
3757	113
3758	116
3759	122
3760	131
3761	127
3762	131
3763	148
3764	128
3765	150
3766	124
3767	130
3768	138
3769	118
3770	148
3771	135
3772	138
3773	126
3774	146
3775	148
3776	132
3777	137
3778	140
3779	133
3780	129
3781	151
3782	152
3783	145
3784	114
3785	133
3786	158
3787	129
3788	131
3789	143
3790	121
3791	126
3792	163
3793	140
3794	144
3795	143
3796	127
3797	118
3798	132
3799	129
3800	136
3801	151
3802	119
3803	131
3804	144
3805	135
3806	153
3807	146
3808	129
3809	133
3810	149
3811	143
3812	154
3813	145
3814	151
3815	146
3816	145
3817	140
3818	177
3819	158
3820	161
3821	152
3822	161
3823	152
3824	155
3825	159
3826	160
3827	142
3828	135
3829	136
3830	156
3831	173
3832	171
3833	139
3834	165
3835	147
3836	161
3837	148
3838	137
3839	139
3840	145
3841	150
3842	152
3843	140
3844	132
3845	142
3846	165
3847	170
3848	153
3849	158
3850	147
3851	146
3852	161
3853	160
3854	164
3855	163
3856	176
3857	149
3858	162
3859	141
3860	136
3861	165
3862	150
3863	156
3864	159
3865	160
3866	150
3867	146
3868	171
3869	170
3870	149
3871	160
3872	182
3873	155
3874	144
3875	158
3876	141
3877	148
3878	163
3879	168
3880	152
3881	157
3882	156
3883	156
3884	153
3885	168
3886	156
3887	149
3888	159
3889	173
3890	165
3891	184
3892	166
3893	154
3894	167
3895	153
3896	166
3897	153
3898	149
3899	176
3900	186
3901	136
3902	178
3903	134
3904	139
3905	144
3906	140
3907	191
3908	196
3909	164
3910	164
3911	164
3912	183
3913	189
3914	143
3915	188
3916	159
3917	192
3918	194
3919	144
3920	169
3921	172
3922	166
3923	154
3924	167
3925	154
3926	141
3927	158
3928	173
3929	157
3930	175
3931	187
3932	178
3933	171
3934	179
3935	171
3936	176
3937	164
3938	185
3939	177
3940	172
3941	177
3942	201
3943	152
3944	182
3945	184
3946	196
3947	176
3948	189
3949	179
3950	200
3951	174
3952	170
3953	153
3954	177
3955	196
3956	179
3957	182
3958	177
3959	188
3960	173
3961	178
3962	160
3963	164
3964	187
3965	194
3966	172
3967	174
3968	170
3969	174
3970	181
3971	196
3972	172
3973	185
3974	183
3975	181
3976	178
3977	178
3978	196
3979	162
3980	174
3981	191
3982	166
3983	191
3984	202
3985	166
3986	178
3987	180
3988	169
3989	193
3990	167
3991	183
3992	165
3993	168
3994	165
3995	185
3996	177
3997	189
3998	201
3999	165
4000	175
4001	178
4002	179
4003	192
4004	180
4005	161
4006	166
4007	182
4008	180
4009	178
4010	163
4011	192
4012	180
4013	175
4014	186
4015	201
4016	171
4017	199
4018	176
4019	182
4020	203
4021	196
4022	192
4023	180
4024	172
4025	171
4026	170
4027	202
4028	176
4029	175
4030	178
4031	211
4032	170
4033	197
4034	187
4035	176
4036	191
4037	190
4038	200
4039	207
4040	189
4041	172
4042	167
4043	200
4044	168
4045	214
4046	144
4047	183
4048	193
4049	161
4050	199
4051	175
4052	175
4053	175
4054	197
4055	180
4056	192
4057	195
4058	172
4059	196
4060	171
4061	193
4062	176
4063	189
4064	188
4065	185
4066	198
4067	180
4068	187
4069	181
4070	195
4071	210
4072	196
4073	185
4074	171
4075	198
4076	191
4077	189
4078	217
4079	193
4080	190
4081	183
4082	181
4083	216
4084	167
4085	186
4086	173
4087	199
4088	184
4089	186
4090	178
4091	177
4092	200
4093	215
4094	186
4095	175
4096	222
4097	200
4098	171
4099	213
4100	206
4101	189
4102	199
4103	188
4104	179
4105	179
4106	198
4107	210
4108	200
4109	198
4110	198
4111	168
4112	177
4113	215
4114	228
4115	210
4116	194
4117	191
4118	164
4119	174
4120	204
4121	191
4122	200
4123	182
4124	180
4125	170
4126	211
4127	194
4128	200
4129	181
4130	184
4131	227
4132	204
4133	186
4134	201
4135	189
4136	200
4137	171
4138	198
4139	168
4140	179
4141	182
4142	159
4143	214
4144	169
4145	183
4146	185
4147	186
4148	180
4149	194
4150	187
4151	170
4152	203
4153	201
4154	194
4155	221
4156	186
4157	199
4158	187
4159	214
4160	187
4161	188
4162	183
4163	181
4164	192
4165	188
4166	217
4167	155
4168	193
4169	184
4170	179
4171	192
4172	182
4173	189
4174	175
4175	182
4176	173
4177	175
4178	190
4179	181
4180	183
4181	211
4182	196
4183	189
4184	188
4185	190
4186	175
4187	178
4188	196
4189	224
4190	201
4191	181
4192	199
4193	182
4194	194
4195	205
4196	175
4197	190
4198	208
4199	180
4200	192
4201	194
4202	170
4203	180
4204	155
4205	198
4206	181
4207	191
4208	178
4209	183
4210	179
4211	194
4212	194
4213	169
4214	185
4215	167
4216	157
4217	216
4218	176
4219	188
4220	162
4221	181
4222	184
4223	196
4224	179
4225	168
4226	191
4227	162
4228	184
4229	171
4230	196
4231	177
4232	192
4233	186
4234	193
4235	164
4236	172
4237	222
4238	185
4239	180
4240	178
4241	198
4242	187
4243	162
4244	177
4245	185
4246	184
4247	174
4248	187
4249	160
4250	176
4251	174
4252	168
4253	211
4254	178
4255	160
4256	157
4257	174
4258	177
4259	173
4260	154
4261	179
4262	184
4263	179
4264	176
4265	180
4266	199
4267	193
4268	157
4269	167
4270	171
4271	168
4272	171
4273	174
4274	172
4275	195
4276	187
4277	186
4278	193
4279	183
4280	169
4281	148
4282	171
4283	165
4284	157
4285	181
4286	167
4287	172
4288	160
4289	196
4290	203
4291	197
4292	189
4293	173
4294	155
4295	184
4296	175
4297	165
4298	157
4299	189
4300	170
4301	172
4302	182
4303	175
4304	185
4305	170
4306	187
4307	153
4308	183
4309	160
4310	183
4311	187
4312	151
4313	160
4314	156
4315	186
4316	164
4317	179
4318	166
4319	173
4320	171
4321	161
4322	164
4323	189
4324	160
4325	157
4326	166
4327	157
4328	172
4329	139
4330	170
4331	178
4332	170
4333	169
4334	159
4335	179
4336	173
4337	165
4338	165
4339	177
4340	181
4341	167
4342	172
4343	161
4344	149
4345	171
4346	166
4347	130
4348	140
4349	181
4350	170
4351	155
4352	166
4353	169
4354	174
4355	181
4356	163
4357	151
4358	144
4359	173
4360	162
4361	152
4362	157
4363	151
4364	136
4365	168
4366	145
4367	147
4368	170
4369	124
4370	139
4371	170
4372	145
4373	158
4374	140
4375	147
4376	166
4377	168
4378	151
4379	159
4380	158
4381	166
4382	155
4383	141
4384	160
4385	173
4386	155
4387	142
4388	166
4389	143
4390	145
4391	154
4392	144
4393	143
4394	134
4395	138
4396	149
4397	152
4398	129
4399	139
4400	144
4401	148
4402	174
4403	128
4404	149
4405	148
4406	140
4407	151
4408	169
4409	143
4410	140
4411	149
4412	141
4413	152
4414	133
4415	147
4416	119
4417	132
4418	126
4419	149
4420	133
4421	149
4422	138
4423	127
4424	155
4425	129
4426	140
4427	164
4428	135
4429	138
4430	135
4431	129
4432	155
4433	131
4434	140
4435	136
4436	129
4437	143
4438	145
4439	133
4440	115
4441	153
4442	133
4443	140
4444	143
4445	135
4446	117
4447	152
4448	141
4449	140
4450	133
4451	107
4452	139
4453	128
4454	124
4455	114
4456	152
4457	161
4458	118
4459	133
4460	146
4461	138
4462	114
4463	130
4464	119
4465	143
4466	135
4467	117
4468	116
4469	144
4470	148
4471	112
4472	116
4473	126
4474	116
4475	111
4476	112
4477	135
4478	121
4479	117
4480	120
4481	126
4482	120
4483	107
4484	121
4485	138
4486	120
4487	116
4488	124
4489	102
4490	122
4491	114
4492	119
4493	114
4494	113
4495	105
4496	109
4497	118
4498	130
4499	133
4500	111
4501	116
4502	99
4503	126
4504	126
4505	111
4506	102
4507	131
4508	114
4509	122
4510	116
4511	108
4512	118
4513	100
4514	108
4515	125
4516	92
4517	106
4518	106
4519	111
4520	99
4521	115
4522	123
4523	98
4524	109
4525	122
4526	114
4527	102
4528	111
4529	105
4530	115
4531	93
4532	92
4533	121
4534	118
4535	103
4536	111
4537	111
4538	111
4539	109
4540	106
4541	102
4542	122
4543	103
4544	106
4545	99
4546	93
4547	105
4548	97
4549	100
4550	108
4551	96
4552	108
4553	104
4554	89
4555	105
4556	103
4557	96
4558	103
4559	92
4560	92
4561	109
4562	101
4563	99
4564	87
4565	114
4566	106
4567	91
4568	90
4569	97
4570	85
4571	105
4572	102
4573	112
4574	103
4575	81
4576	90
4577	84
4578	90
4579	92
4580	101
4581	89
4582	80
4583	88
4584	79
4585	95
4586	83
4587	101
4588	86
4589	83
4590	82
4591	105
4592	90
4593	103
4594	93
4595	97
4596	81
4597	90
4598	112
4599	84
4600	100
4601	89
4602	65
4603	82
4604	84
4605	101
4606	100
4607	95
4608	99
4609	95
4610	80
4611	84
4612	101
4613	86
4614	91
4615	108
4616	83
4617	98
4618	81
4619	86
4620	72
4621	83
4622	79
4623	87
4624	82
4625	73
4626	92
4627	87
4628	74
4629	81
4630	79
4631	93
4632	72
4633	88
4634	97
4635	85
4636	68
4637	95
4638	83
4639	84
4640	77
4641	72
4642	96
4643	84
4644	80
4645	80
4646	87
4647	80
4648	76
4649	89
4650	76
4651	72
4652	78
4653	76
4654	69
4655	73
4656	72
4657	80
4658	84
4659	82
4660	62
4661	75
4662	79
4663	72
4664	76
4665	73
4666	81
4667	68
4668	76
4669	68
4670	71
4671	82
4672	88
4673	66
4674	78
4675	73
4676	88
4677	93
4678	76
4679	74
4680	74
4681	75
4682	87
4683	68
4684	79
4685	71
4686	72
4687	68
4688	79
4689	78
4690	61
4691	82
4692	80
4693	83
4694	92
4695	81
4696	67
4697	69
4698	73
4699	82
4700	71
4701	67
4702	65
4703	72
4704	54
4705	75
4706	70
4707	73
4708	59
4709	60
4710	70
4711	70
4712	68
4713	74
4714	77
4715	85
4716	62
4717	85
4718	75
4719	65
4720	80
4721	71
4722	69
4723	69
4724	64
4725	68
4726	61
4727	61
4728	80
4729	63
4730	66
4731	58
4732	54
4733	67
4734	69
4735	64
4736	71
4737	54
4738	63
4739	54
4740	76
4741	61
4742	71
4743	66
4744	78
4745	83
4746	61
4747	74
4748	66
4749	63
4750	72
4751	47
4752	63
4753	68
4754	56
4755	64
4756	61
4757	69
4758	75
4759	67
4760	75
4761	64
4762	50
4763	73
4764	75
4765	67
4766	46
4767	70
4768	66
4769	87
4770	69
4771	53
4772	62
4773	58
4774	58
4775	60
4776	66
4777	68
4778	71
4779	78
4780	59
4781	66
4782	59
4783	70
4784	79
4785	59
4786	68
4787	61
4788	52
4789	66
4790	64
4791	63
4792	60
4793	56
4794	53
4795	71
4796	57
4797	56
4798	66
4799	62
4800	58
4801	52
4802	63
4803	65
4804	72
4805	58
4806	64
4807	58
4808	68
4809	60
4810	71
4811	67
4812	62
4813	68
4814	63
4815	51
4816	67
4817	79
4818	76
4819	51
4820	60
4821	57
4822	74
4823	67
4824	68
4825	75
4826	60
4827	58
4828	58
4829	57
4830	72
4831	60
4832	58
4833	81
4834	51
4835	58
4836	65
4837	60
4838	56
4839	56
4840	51
4841	54
4842	64
4843	61
4844	58
4845	64
4846	72
4847	76
4848	75
4849	72
4850	72
4851	71
4852	58
4853	50
4854	42
4855	71
4856	59
4857	65
4858	68
4859	54
4860	72
4861	58
4862	55
4863	52
4864	74
4865	58
4866	76
4867	54
4868	64
4869	58
4870	71
4871	68
4872	75
4873	40
4874	69
4875	58
4876	64
4877	72
4878	53
4879	70
4880	61
4881	75
4882	66
4883	53
4884	67
4885	55
4886	61
4887	59
4888	45
4889	55
4890	67
4891	69
4892	85
4893	66
4894	71
4895	48
4896	78
4897	64
4898	66
4899	73
4900	62
4901	66
4902	66
4903	65
4904	58
4905	66
4906	65
4907	67
4908	56
4909	67
4910	53
4911	75
4912	53
4913	57
4914	62
4915	61
4916	50
4917	66
4918	57
4919	77
4920	73
4921	67
4922	72
4923	70
4924	58
4925	71
4926	72
4927	62
4928	64
4929	64
4930	66
4931	78
4932	73
4933	81
4934	72
4935	71
4936	67
4937	56
4938	66
4939	60
4940	62
4941	69
4942	56
4943	59
4944	53
4945	69
4946	64
4947	76
4948	62
4949	64
4950	73
4951	60
4952	46
4953	77
4954	69
4955	53
4956	66
4957	60
4958	71
4959	44
4960	67
4961	64
4962	69
4963	61
4964	64
4965	53
4966	66
4967	60
4968	71
4969	75
4970	60
4971	75
4972	79
4973	78
4974	67
4975	67
4976	58
4977	76
4978	68
4979	63
4980	72
4981	68
4982	87
4983	50
4984	85
4985	63
4986	68
4987	63
4988	53
4989	69
4990	65
4991	66
4992	72
4993	67
4994	75
4995	70
4996	78
4997	74
4998	63
4999	71
5000	73
5001	70
5002	64
5003	69
5004	76
5005	62
5006	60
5007	62
5008	76
5009	78
5010	68
5011	70
5012	60
5013	75
5014	70
5015	83
5016	60
5017	76
5018	72
5019	80
5020	89
5021	63
5022	86
5023	72
5024	70
5025	77
5026	76
5027	64
5028	76
5029	81
5030	74
5031	71
5032	68
5033	75
5034	86
5035	60
5036	58
5037	58
5038	80
5039	67
5040	67
5041	75
5042	75
5043	77
5044	88
5045	75
5046	76
5047	72
5048	71
5049	85
5050	61
5051	69
5052	75
5053	67
5054	70
5055	84
5056	69
5057	74
5058	70
5059	76
5060	95
5061	77
5062	63
5063	80
5064	78
5065	78
5066	78
5067	67
5068	71
5069	91
5070	84
5071	71
5072	84
5073	77
5074	80
5075	93
5076	93
5077	66
5078	67
5079	66
5080	84
5081	71
5082	79
5083	84
5084	68
5085	100
5086	60
5087	77
5088	82
5089	80
5090	101
5091	86
5092	72
5093	96
5094	80
5095	93
5096	76
5097	71
5098	88
5099	85
5100	76
5101	80
5102	81
5103	82
5104	76
5105	82
5106	88
5107	90
5108	78
5109	95
5110	85
5111	79
5112	81
5113	70
5114	87
5115	81
5116	81
5117	87
5118	86
5119	90
5120	66
5121	82
5122	94
5123	96
5124	86
5125	77
5126	74
5127	83
5128	79
5129	76
5130	99
5131	70
5132	94
5133	63
5134	83
5135	85
5136	83
5137	75
5138	73
5139	85
5140	73
5141	83
5142	75
5143	81
5144	84
5145	85
5146	81
5147	85
5148	79
5149	65
5150	73
5151	91
5152	84
5153	92
5154	90
5155	78
5156	91
5157	75
5158	88
5159	85
5160	81
5161	61
5162	77
5163	79
5164	86
5165	92
5166	89
5167	83
5168	87
5169	91
5170	79
5171	87
5172	67
5173	84
5174	87
5175	89
5176	86
5177	80
5178	83
5179	77
5180	75
5181	94
5182	77
5183	74
5184	96
5185	78
5186	85
5187	79
5188	65
5189	80
5190	78
5191	80
5192	102
5193	88
5194	83
5195	92
5196	85
5197	80
5198	102
5199	82
5200	91
5201	78
5202	71
5203	81
5204	94
5205	83
5206	89
5207	86
5208	82
5209	94
5210	76
5211	81
5212	76
5213	86
5214	76
5215	78
5216	82
5217	88
5218	79
5219	79
5220	87
5221	80
5222	93
5223	79
5224	91
5225	92
5226	87
5227	95
5228	99
5229	76
5230	73
5231	74
5232	78
5233	86
5234	87
5235	80
5236	93
5237	94
5238	83
5239	75
5240	88
5241	84
5242	100
5243	101
5244	75
5245	83
5246	89
5247	86
5248	86
5249	91
5250	105
5251	84
5252	106
5253	95
5254	77
5255	87
5256	103
5257	102
5258	80
5259	79
5260	85
5261	97
5262	89
5263	75
5264	82
5265	97
5266	88
5267	73
5268	77
5269	84
5270	92
5271	73
5272	85
5273	88
5274	104
5275	70
5276	101
5277	65
5278	104
5279	92
5280	93
5281	86
5282	79
5283	95
5284	91
5285	93
5286	90
5287	87
5288	97
5289	73
5290	80
5291	78
5292	84
5293	89
5294	104
5295	97
5296	92
5297	83
5298	65
5299	79
5300	89
5301	94
5302	76
5303	94
5304	90
5305	98
5306	83
5307	97
5308	80
5309	60
5310	91
5311	81
5312	112
5313	90
5314	105
5315	95
5316	59
5317	83
5318	93
5319	94
5320	98
5321	81
5322	90
5323	80
5324	104
5325	80
5326	114
5327	83
5328	90
5329	73
5330	85
5331	88
5332	103
5333	87
5334	87
5335	84
5336	81
5337	75
5338	76
5339	99
5340	74
5341	73
5342	89
5343	92
5344	88
5345	84
5346	78
5347	95
5348	78
5349	92
5350	89
5351	89
5352	79
5353	87
5354	82
5355	106
5356	97
5357	76
5358	90
5359	107
5360	94
5361	99
5362	88
5363	73
5364	77
5365	94
5366	94
5367	82
5368	106
5369	102
5370	99
5371	84
5372	94
5373	99
5374	86
5375	90
5376	106
5377	101
5378	85
5379	96
5380	73
5381	96
5382	96
5383	90
5384	82
5385	74
5386	90
5387	90
5388	85
5389	94
5390	92
5391	76
5392	88
5393	77
5394	95
5395	78
5396	79
5397	70
5398	98
5399	100
5400	94
5401	84
5402	83
5403	92
5404	85
5405	83
5406	87
5407	79
5408	97
5409	74
5410	85
5411	78
5412	87
5413	92
5414	80
5415	95
5416	82
5417	83
5418	84
5419	101
5420	73
5421	83
5422	102
5423	95
5424	99
5425	97
5426	76
5427	96
5428	84
5429	91
5430	97
5431	84
5432	70
5433	86
5434	74
5435	84
5436	85
5437	85
5438	84
5439	81
5440	77
5441	81
5442	81
5443	85
5444	85
5445	85
5446	81
5447	72
5448	81
5449	79
5450	86
5451	85
5452	90
5453	85
5454	92
5455	106
5456	79
5457	82
5458	101
5459	74
5460	74
5461	77
5462	79
5463	96
5464	92
5465	76
5466	80
5467	75
5468	93
5469	86
5470	77
5471	72
5472	90
5473	88
5474	93
5475	98
5476	85
5477	77
5478	73
5479	89
5480	91
5481	77
5482	87
5483	85
5484	91
5485	98
5486	94
5487	53
5488	83
5489	85
5490	92
5491	79
5492	67
5493	79
5494	72
5495	88
5496	93
5497	60
5498	55
5499	89
5500	81
5501	83
5502	80
5503	78
5504	93
5505	85
5506	67
5507	92
5508	92
5509	70
5510	68
5511	84
5512	69
5513	86
5514	66
5515	90
5516	79
5517	81
5518	83
5519	74
5520	86
5521	79
5522	80
5523	75
5524	69
5525	84
5526	92
5527	75
5528	84
5529	73
5530	89
5531	84
5532	67
5533	81
5534	78
5535	81
5536	84
5537	73
5538	86
5539	80
5540	83
5541	78
5542	76
5543	67
5544	86
5545	85
5546	92
5547	81
5548	89
5549	77
5550	77
5551	76
5552	84
5553	70
5554	67
5555	64
5556	83
5557	74
5558	72
5559	78
5560	71
5561	71
5562	81
5563	74
5564	89
5565	67
5566	79
5567	89
5568	53
5569	82
5570	78
5571	64
5572	61
5573	83
5574	86
5575	80
5576	86
5577	63
5578	81
5579	76
5580	76
5581	68
5582	91
5583	87
5584	73
5585	65
5586	67
5587	78
5588	72
5589	74
5590	64
5591	82
5592	77
5593	79
5594	75
5595	85
5596	66
5597	85
5598	87
5599	83
5600	72
5601	66
5602	76
5603	71
5604	71
5605	59
5606	79
5607	72
5608	76
5609	71
5610	79
5611	65
5612	69
5613	69
5614	67
5615	67
5616	91
5617	66
5618	62
5619	83
5620	71
5621	71
5622	54
5623	71
5624	76
5625	71
5626	65
5627	71
5628	61
5629	82
5630	62
5631	66
5632	69
5633	73
5634	68
5635	62
5636	63
5637	65
5638	66
5639	60
5640	74
5641	79
5642	63
5643	74
5644	75
5645	71
5646	59
5647	68
5648	63
5649	62
5650	72
5651	59
5652	62
5653	69
5654	62
5655	69
5656	66
5657	55
5658	66
5659	66
5660	63
5661	75
5662	58
5663	76
5664	77
5665	81
5666	70
5667	67
5668	54
5669	70
5670	65
5671	71
5672	78
5673	64
5674	76
5675	64
5676	66
5677	75
5678	76
5679	61
5680	66
5681	64
5682	61
5683	62
5684	64
5685	68
5686	75
5687	72
5688	62
5689	67
5690	57
5691	62
5692	61
5693	64
5694	53
5695	64
5696	60
5697	68
5698	52
5699	61
5700	57
5701	52
5702	66
5703	72
5704	73
5705	59
5706	62
5707	63
5708	52
5709	65
5710	72
5711	56
5712	71
5713	61
5714	57
5715	58
5716	68
5717	63
5718	58
5719	67
5720	66
5721	63
5722	68
5723	61
5724	54
5725	45
5726	61
5727	64
5728	60
5729	68
5730	53
5731	66
5732	68
5733	57
5734	60
5735	62
5736	68
5737	62
5738	45
5739	53
5740	64
5741	55
5742	55
5743	53
5744	63
5745	67
5746	56
5747	49
5748	57
5749	54
5750	58
5751	63
5752	69
5753	52
5754	65
5755	64
5756	65
5757	57
5758	60
5759	73
5760	44
5761	59
5762	54
5763	69
5764	51
5765	64
5766	55
5767	60
5768	59
5769	63
5770	43
5771	44
5772	58
5773	56
5774	53
5775	53
5776	46
5777	53
5778	44
5779	62
5780	59
5781	51
5782	59
5783	56
5784	63
5785	47
5786	58
5787	48
5788	57
5789	42
5790	46
5791	49
5792	50
5793	38
5794	65
5795	61
5796	39
5797	47
5798	58
5799	50
5800	59
5801	44
5802	48
5803	63
5804	43
5805	57
5806	58
5807	50
5808	48
5809	37
5810	65
5811	57
5812	53
5813	33
5814	66
5815	56
5816	65
5817	73
5818	59
5819	55
5820	36
5821	59
5822	48
5823	46
5824	54
5825	49
5826	50
5827	53
5828	51
5829	55
5830	55
5831	62
5832	49
5833	56
5834	50
5835	56
5836	50
5837	50
5838	50
5839	45
5840	47
5841	49
5842	44
5843	38
5844	60
5845	45
5846	57
5847	40
5848	38
5849	60
5850	38
5851	39
5852	47
5853	46
5854	49
5855	44
5856	44
5857	52
5858	37
5859	45
5860	44
5861	52
5862	42
5863	45
5864	49
5865	36
5866	42
5867	56
5868	43
5869	30
5870	57
5871	63
5872	55
5873	47
5874	39
5875	37
5876	50
5877	49
5878	42
5879	47
5880	45
5881	41
5882	47
5883	55
5884	46
5885	49
5886	32
5887	45
5888	51
5889	56
5890	54
5891	43
5892	48
5893	35
5894	40
5895	41
5896	35
5897	39
5898	48
5899	36
5900	41
5901	44
5902	39
5903	49
5904	38
5905	37
5906	38
5907	40
5908	55
5909	52
5910	38
5911	42
5912	41
5913	50
5914	50
5915	49
5916	37
5917	33
5918	41
5919	35
5920	41
5921	42
5922	40
5923	45
5924	41
5925	39
5926	42
5927	35
5928	34
5929	41
5930	30
5931	37
5932	48
5933	40
5934	39
5935	51
5936	55
5937	41
5938	29
5939	39
5940	47
5941	35
5942	48
5943	46
5944	44
5945	41
5946	41
5947	53
5948	33
5949	42
5950	41
5951	26
5952	36
5953	47
5954	29
5955	46
5956	31
5957	34
5958	31
5959	29
5960	38
5961	44
5962	36
5963	36
5964	36
5965	26
5966	39
5967	48
5968	41
5969	30
5970	54
5971	39
5972	44
5973	34
5974	36
5975	41
5976	30
5977	30
5978	27
5979	38
5980	41
5981	42
5982	38
5983	34
5984	33
5985	36
5986	35
5987	43
5988	42
5989	39
5990	36
5991	35
5992	34
5993	20
5994	30
5995	38
5996	38
5997	35
5998	43
5999	46
6000	35
6001	29
6002	55
6003	43
6004	37
6005	40
6006	39
6007	37
6008	35
6009	31
6010	37
6011	37
6012	27
6013	46
6014	31
6015	36
6016	29
6017	38
6018	38
6019	34
6020	45
6021	38
6022	24
6023	38
6024	36
6025	32
6026	42
6027	39
6028	36
6029	34
6030	26
6031	42
6032	29
6033	33
6034	23
6035	38
6036	28
6037	34
6038	26
6039	33
6040	40
6041	31
6042	31
6043	32
6044	38
6045	32
6046	31
6047	23
6048	32
6049	34
6050	36
6051	36
6052	25
6053	32
6054	33
6055	38
6056	34
6057	37
6058	25
6059	27
6060	28
6061	29
6062	30
6063	33
6064	36
6065	31
6066	35
6067	32
6068	28
6069	34
6070	30
6071	31
6072	34
6073	30
6074	34
6075	32
6076	22
6077	22
6078	26
6079	29
6080	19
6081	30
6082	32
6083	15
6084	21
6085	24
6086	18
6087	22
6088	32
6089	27
6090	31
6091	31
6092	35
6093	26
6094	33
6095	31
6096	21
6097	29
6098	27
6099	23
6100	29
6101	30
6102	25
6103	19
6104	21
6105	23
6106	28
6107	34
6108	30
6109	36
6110	32
6111	26
6112	16
6113	22
6114	16
6115	29
6116	30
6117	24
6118	22
6119	22
6120	21
6121	17
6122	26
6123	26
6124	37
6125	25
6126	33
6127	28
6128	25
6129	38
6130	26
6131	24
6132	23
6133	25
6134	28
6135	25
6136	34
6137	26
6138	23
6139	28
6140	25
6141	30
6142	23
6143	12
6144	23
6145	26
6146	23
6147	23
6148	20
6149	29
6150	17
6151	24
6152	35
6153	21
6154	18
6155	24
6156	33
6157	36
6158	27
6159	19
6160	24
6161	26
6162	11
6163	24
6164	19
6165	31
6166	19
6167	20
6168	21
6169	19
6170	18
6171	22
6172	37
6173	19
6174	33
6175	27
6176	21
6177	15
6178	18
6179	13
6180	21
6181	33
6182	16
6183	21
6184	19
6185	18
6186	28
6187	20
6188	24
6189	17
6190	32
6191	20
6192	24
6193	27
6194	20
6195	18
6196	20
6197	19
6198	27
6199	20
6200	24
6201	24
6202	28
6203	19
6204	19
6205	18
6206	15
6207	15
6208	33
6209	19
6210	24
6211	31
6212	32
6213	24
6214	22
6215	19
6216	24
6217	26
6218	23
6219	21
6220	32
6221	20
6222	22
6223	15
6224	21
6225	14
6226	26
6227	19
6228	25
6229	23
6230	16
6231	32
6232	20
6233	19
6234	20
6235	27
6236	24
6237	11
6238	23
6239	16
6240	21
6241	22
6242	17
6243	28
6244	13
6245	28
6246	18
6247	16
6248	12
6249	15
6250	22
6251	18
6252	23
6253	18
6254	17
6255	14
6256	30
6257	28
6258	17
6259	20
6260	20
6261	21
6262	26
6263	23
6264	14
6265	22
6266	22
6267	18
6268	12
6269	17
6270	20
6271	16
6272	20
6273	18
6274	17
6275	39
6276	19
6277	14
6278	18
6279	27
6280	20
6281	15
6282	23
6283	20
6284	23
6285	23
6286	15
6287	11
6288	20
6289	21
6290	18
6291	16
6292	22
6293	27
6294	19
6295	14
6296	16
6297	12
6298	22
6299	21
6300	19
6301	17
6302	10
6303	22
6304	26
6305	19
6306	15
6307	18
6308	17
6309	26
6310	19
6311	17
6312	24
6313	11
6314	8
6315	13
6316	19
6317	19
6318	8
6319	21
6320	20
6321	16
6322	17
6323	22
6324	11
6325	14
6326	19
6327	24
6328	16
6329	15
6330	19
6331	25
6332	21
6333	17
6334	13
6335	15
6336	10
6337	24
6338	19
6339	24
6340	13
6341	17
6342	21
6343	15
6344	15
6345	14
6346	20
6347	15
6348	21
6349	22
6350	20
6351	17
6352	20
6353	10
6354	18
6355	18
6356	14
6357	20
6358	17
6359	18
6360	16
6361	13
6362	13
6363	19
6364	10
6365	12
6366	9
6367	20
6368	18
6369	23
6370	15
6371	13
6372	18
6373	19
6374	17
6375	17
6376	19
6377	19
6378	18
6379	17
6380	15
6381	10
6382	19
6383	20
6384	20
6385	17
6386	17
6387	18
6388	18
6389	15
6390	10
6391	14
6392	19
6393	17
6394	21
6395	9
6396	18
6397	20
6398	18
6399	22
6400	14
6401	16
6402	13
6403	12
6404	24
6405	17
6406	15
6407	16
6408	12
6409	14
6410	19
6411	14
6412	19
6413	17
6414	13
6415	19
6416	15
6417	13
6418	18
6419	19
6420	14
6421	16
6422	11
6423	20
6424	12
6425	14
6426	14
6427	19
6428	20
6429	18
6430	17
6431	21
6432	13
6433	10
6434	15
6435	22
6436	15
6437	27
6438	19
6439	17
6440	20
6441	14
6442	15
6443	14
6444	13
6445	13
6446	20
6447	15
6448	16
6449	14
6450	12
6451	17
6452	21
6453	16
6454	21
6455	15
6456	21
6457	19
6458	17
6459	16
6460	7
6461	12
6462	18
6463	21
6464	14
6465	13
6466	16
6467	16
6468	15
6469	9
6470	8
6471	17
6472	16
6473	13
6474	19
6475	16
6476	17
6477	24
6478	16
6479	13
6480	24
6481	11
6482	16
6483	11
6484	17
6485	17
6486	13
6487	9
6488	24
6489	22
6490	20
6491	22
6492	16
6493	18
6494	15
6495	13
6496	9
6497	23
6498	20
6499	15
6500	14
6501	13
6502	18
6503	14
6504	20
6505	15
6506	18
6507	25
6508	10
6509	13
6510	13
6511	17
6512	13
6513	17
6514	18
6515	12
6516	17
6517	19
6518	14
6519	16
6520	8
6521	16
6522	13
6523	13
6524	19
6525	16
6526	23
6527	25
6528	14
6529	15
6530	17
6531	14
6532	18
6533	22
6534	14
6535	12
6536	20
6537	15
6538	13
6539	15
6540	9
6541	6
6542	9
6543	14
6544	16
6545	17
6546	13
6547	20
6548	18
6549	11
6550	10
6551	18
6552	18
6553	8
6554	19
6555	12
6556	18
6557	15
6558	19
6559	18
6560	16
6561	19
6562	17
6563	14
6564	20
6565	20
6566	9
6567	14
6568	15
6569	9
6570	18
6571	9
6572	13
6573	16
6574	14
6575	14
6576	17
6577	20
6578	10
6579	16
6580	14
6581	16
6582	16
6583	16
6584	20
6585	19
6586	12
6587	19
6588	20
6589	21
6590	13
6591	10
6592	12
6593	18
6594	16
6595	20
6596	17
6597	13
6598	17
6599	16
6600	9
6601	13
6602	24
6603	15
6604	17
6605	16
6606	12
6607	23
6608	12
6609	22
6610	16
6611	19
6612	21
6613	21
6614	11
6615	16
6616	19
6617	17
6618	17
6619	18
6620	19
6621	9
6622	30
6623	16
6624	25
6625	17
6626	17
6627	14
6628	17
6629	23
6630	20
6631	28
6632	12
6633	13
6634	24
6635	20
6636	16
6637	20
6638	23
6639	20
6640	14
6641	19
6642	19
6643	21
6644	18
6645	18
6646	16
6647	20
6648	17
6649	17
6650	12
6651	19
6652	12
6653	17
6654	14
6655	9
6656	16
6657	20
6658	12
6659	14
6660	19
6661	16
6662	21
6663	21
6664	18
6665	21
6666	20
6667	12
6668	19
6669	22
6670	19
6671	21
6672	14
6673	12
6674	16
6675	17
6676	11
6677	17
6678	25
6679	14
6680	21
6681	15
6682	25
6683	12
6684	17
6685	20
6686	11
6687	19
6688	18
6689	17
6690	22
6691	15
6692	19
6693	23
6694	18
6695	22
6696	16
6697	11
6698	17
6699	21
6700	16
6701	19
6702	15
6703	18
6704	13
6705	22
6706	27
6707	11
6708	19
6709	19
6710	14
6711	19
6712	15
6713	10
6714	19
6715	18
6716	14
6717	8
6718	8
6719	21
6720	15
6721	11
6722	19
6723	18
6724	10
6725	23
6726	14
6727	15
6728	16
6729	17
6730	11
6731	19
6732	16
6733	13
6734	20
6735	12
6736	12
6737	16
6738	19
6739	17
6740	6
6741	12
6742	18
6743	15
6744	20
6745	23
6746	18
6747	19
6748	20
6749	11
6750	18
6751	14
6752	26
6753	18
6754	12
6755	13
6756	11
6757	12
6758	19
6759	14
6760	15
6761	15
6762	20
6763	11
6764	17
6765	7
6766	17
6767	19
6768	16
6769	12
6770	16
6771	14
6772	16
6773	11
6774	20
6775	15
6776	11
6777	16
6778	15
6779	19
6780	19
6781	10
6782	9
6783	15
6784	14
6785	16
6786	8
6787	7
6788	14
6789	10
6790	22
6791	15
6792	18
6793	16
6794	20
6795	14
6796	26
6797	21
6798	20
6799	16
6800	15
6801	22
6802	9
6803	18
6804	14
6805	23
6806	14
6807	11
6808	12
6809	18
6810	9
6811	15
6812	16
6813	17
6814	15
6815	14
6816	17
6817	12
6818	18
6819	15
6820	13
6821	16
6822	18
6823	13
6824	18
6825	12
6826	14
6827	13
6828	10
6829	16
6830	11
6831	14
6832	21
6833	17
6834	13
6835	26
6836	10
6837	16
6838	15
6839	14
6840	16
6841	17
6842	12
6843	15
6844	6
6845	11
6846	11
6847	17
6848	14
6849	9
6850	15
6851	9
6852	8
6853	10
6854	10
6855	20
6856	17
6857	13
6858	9
6859	23
6860	9
6861	17
6862	12
6863	3
6864	12
6865	12
6866	11
6867	14
6868	8
6869	12
6870	13
6871	9
6872	7
6873	13
6874	10
6875	9
6876	18
6877	13
6878	12
6879	11
6880	13
6881	13
6882	8
6883	11
6884	8
6885	16
6886	9
6887	10
6888	12
6889	12
6890	11
6891	14
6892	11
6893	8
6894	4
6895	7
6896	10
6897	6
6898	5
6899	9
6900	10
6901	8
6902	12
6903	8
6904	13
6905	7
6906	8
6907	16
6908	6
6909	10
6910	12
6911	10
6912	12
6913	9
6914	9
6915	9
6916	8
6917	10
6918	12
6919	11
6920	8
6921	9
6922	9
6923	14
6924	5
6925	11
6926	10
6927	12
6928	10
6929	14
6930	4
6931	10
6932	7
6933	7
6934	7
6935	8
6936	9
6937	11
6938	12
6939	7
6940	10
6941	11
6942	12
6943	8
6944	9
6945	15
6946	13
6947	11
6948	6
6949	9
6950	6
6951	7
6952	14
6953	11
6954	14
6955	5
6956	8
6957	11
6958	3
6959	11
6960	3
6961	8
6962	9
6963	7
6964	10
6965	5
6966	10
6967	8
6968	5
6969	7
6970	6
6971	4
6972	3
6973	11
6974	7
6975	14
6976	9
6977	5
6978	8
6979	4
6980	11
6981	5
6982	9
6983	4
6984	9
6985	4
6986	6
6987	9
6988	8
6989	7
6990	11
6991	7
6992	6
6993	6
6994	5
6995	8
6996	3
6997	8
6998	4
6999	4
7000	5
7001	3
7002	9
7003	7
7004	3
7005	11
7006	7
7007	6
7008	7
7009	6
7010	4
7011	8
7012	5
7013	6
7014	4
7015	10
7016	6
7017	5
7018	9
7019	13
7020	10
7021	4
7022	3
7023	3
7024	10
7025	4
7026	4
7027	6
7028	8
7029	4
7030	4
7031	2
7032	4
7033	4
7034	4
7035	5
7036	7
7037	8
7038	7
7039	7
7040	6
7041	3
7042	2
7043	3
7044	4
7045	4
7046	2
7047	5
7048	1
7049	3
7050	8
7051	12
7052	7
7053	8
7054	3
7055	3
7056	6
7057	7
7058	2
7059	6
7060	6
7061	6
7062	3
7063	3
7064	6
7065	5
7066	4
7067	4
7068	5
7069	3
7070	2
7071	4
7072	4
7073	7
7074	2
7075	3
7076	5
7077	3
7078	1
7079	4
7080	4
7081	3
7082	3
7083	3
7084	1
7085	6
7086	3
7087	2
7088	4
7089	3
7090	2
7091	1
7092	2
7093	0
7094	3
7095	2
7096	4
7097	1
7098	5
7099	2
7100	1
7101	3
7102	2
7103	2
7104	3
7105	1
7106	4
7107	3
7108	0
7109	2
7110	2
7111	4
7112	4
7113	5
7114	4
7115	3
7116	2
7117	0
7118	5
7119	2
7120	1
7121	2
7122	4
7123	2
7124	2
7125	2
7126	2
7127	1
7128	4
7129	3
7130	4
7131	1
7132	0
7133	2
7134	2
7135	4
7136	5
7137	1
7138	2
7139	3
7140	2
7141	0
7142	2
7143	1
7144	0
7145	3
7146	2
7147	3
7148	3
7149	3
7150	1
7151	1
7152	2
7153	1
7154	1
7155	0
7156	4
7157	1
7158	2
7159	2
7160	2
7161	3
7162	4
7163	4
7164	2
7165	5
7166	2
7167	0
7168	4
7169	7
7170	2
7171	1
7172	4
7173	1
7174	3
7175	2
7176	1
7177	1
7178	2
7179	2
7180	0
7181	2
7182	1
7183	3
7184	1
7185	1
7186	1
7187	2
7188	2
7189	0
7190	1
7191	1
7192	0
7193	0
7194	2
7195	1
7196	0
7197	2
7198	1
7199	1
7200	0
7201	4
7202	2
7203	2
7204	2
7205	1
7206	1
7207	1
7208	1
7209	0
7210	0
7211	1
7212	0
7213	2
7214	2
7215	3
7216	0
7217	3
7218	1
7219	2
7220	0
7221	0
7222	3
7223	4
7224	1
7225	1
7226	2
7227	0
7228	0
7229	0
7230	4
7231	0
7232	1
7233	2
7234	1
7235	1
7236	1
7237	1
7238	0
7239	1
7240	2
7241	4
7242	0
7243	0
7244	1
7245	0
7246	3
7247	2
7248	2
7249	0
7250	0
7251	2
7252	0
7253	3
7254	3
7255	0
7256	1
7257	0
7258	4
7259	4
7260	0
7261	1
7262	1
7263	1
7264	0
7265	0
7266	3
7267	2
7268	1
7269	1
7270	0
7271	0
7272	0
7273	1
7274	1
7275	1
7276	1
7277	4
7278	2
7279	1
7280	0
7281	2
7282	0
7283	0
7284	2
7285	0
7286	0
7287	0
7288	0
7289	0
7290	1
7291	1
7292	0
7293	1
7294	1
7295	0
7296	2
7297	3
7298	2
7299	1
7300	0
7301	1
7302	1
7303	2
7304	0
7305	1
7306	3
7307	0
7308	2
7309	1
7310	1
7311	0
7312	5
7313	1
7314	2
7315	1
7316	0
7317	1
7318	0
7319	2
7320	0
7321	0
7322	1
7323	4
7324	1
7325	0
7326	0
7327	2
7328	0
7329	0
7330	1
7331	1
7332	1
7333	2
7334	0
7335	1
7336	0
7337	2
7338	0
7339	0
7340	1
7341	2
7342	0
7343	0
7344	0
7345	0
7346	0
7347	2
7348	1
7349	1
7350	1
7351	2
7352	1
7353	1
7354	1
7355	0
7356	1
7357	1
7358	1
7359	4
7360	0
7361	2
7362	1
7363	0
7364	0
7365	0
7366	1
7367	0
7368	0
7369	2
7370	1
7371	1
7372	1
7373	1
7374	1
7375	1
7376	1
7377	1
7378	0
7379	2
7380	1
7381	2
7382	0
7383	1
7384	1
7385	0
7386	1
7387	1
7388	2
7389	1
7390	1
7391	0
7392	2
7393	0
7394	1
7395	0
7396	0
7397	0
7398	1
7399	0
7400	0
7401	3
7402	0
7403	1
7404	1
7405	0
7406	0
7407	0
7408	3
7409	2
7410	1
7411	0
7412	2
7413	0
7414	0
7415	1
7416	0
7417	0
7418	2
7419	0
7420	2
7421	0
7422	0
7423	0
7424	0
7425	0
7426	0
7427	0
7428	2
7429	1
7430	1
7431	2
7432	1
7433	0
7434	2
7435	0
7436	0
7437	0
7438	1
7439	3
7440	1
7441	0
7442	0
7443	0
7444	0
7445	1
7446	0
7447	0
7448	1
7449	0
7450	1
7451	0
7452	1
7453	0
7454	1
7455	0
7456	2
7457	1
7458	2
7459	2
7460	3
7461	3
7462	0
7463	2
7464	2
7465	3
7466	1
7467	2
7468	0
7469	0
7470	1
7471	0
7472	0
7473	2
7474	0
7475	0
7476	1
7477	1
7478	0
7479	1
7480	0
7481	1
7482	0
7483	1
7484	0
7485	1
7486	0
7487	0
7488	0
7489	1
7490	2
7491	0
7492	1
7493	0
7494	2
7495	2
7496	1
7497	0
7498	2
7499	0
7500	0
7501	1
7502	1
7503	0
7504	2
7505	3
7506	1
7507	2
7508	1
7509	0
7510	1
7511	0
7512	1
7513	0
7514	0
7515	3
7516	1
7517	1
7518	2
7519	0
7520	0
7521	0
7522	0
7523	0
7524	0
7525	0
7526	1
7527	2
7528	1
7529	0
7530	0
7531	1
7532	3
7533	1
7534	0
7535	1
7536	3
7537	0
7538	0
7539	0
7540	1
7541	0
7542	0
7543	1
7544	1
7545	1
7546	0
7547	0
7548	0
7549	1
7550	0
7551	0
7552	0
7553	1
7554	1
7555	1
7556	1
7557	0
7558	2
7559	0
7560	1
7561	1
7562	1
7563	0
7564	1
7565	0
7566	0
7567	1
7568	0
7569	1
7570	1
7571	1
7572	0
7573	1
7574	0
7575	0
7576	0
7577	2
7578	0
7579	0
7580	0
7581	2
7582	0
7583	0
7584	2
7585	1
7586	0
7587	0
7588	0
7589	1
7590	1
7591	0
7592	0
7593	1
7594	1
7595	0
7596	0
7597	0
7598	2
7599	0
7600	2
7601	1
7602	3
7603	1
7604	0
7605	1
7606	0
7607	0
7608	0
7609	0
7610	1
7611	2
7612	1
7613	0
7614	0
7615	2
7616	3
7617	3
7618	1
7619	0
7620	0
7621	0
7622	0
7623	1
7624	2
7625	0
7626	0
7627	2
7628	1
7629	1
7630	0
7631	3
7632	0
7633	1
7634	1
7635	0
7636	1
7637	1
7638	0
7639	0
7640	1
7641	1
7642	0
7643	0
7644	2
7645	0
7646	0
7647	0
7648	1
7649	0
7650	1
7651	1
7652	0
7653	0
7654	1
7655	0
7656	0
7657	0
7658	0
7659	3
7660	0
7661	1
7662	1
7663	0
7664	1
7665	1
7666	0
7667	1
7668	0
7669	2
7670	0
7671	3
7672	0
7673	0
7674	0
7675	1
7676	1
7677	3
7678	0
7679	0
7680	1
7681	0
7682	0
7683	0
7684	0
7685	1
7686	0
7687	0
7688	0
7689	1
7690	0
7691	0
7692	1
7693	1
7694	0
7695	1
7696	0
7697	1
7698	0
7699	0
7700	1
7701	0
7702	1
7703	0
7704	0
7705	2
7706	1
7707	2
7708	0
7709	0
7710	0
7711	1
7712	0
7713	3
7714	1
7715	2
7716	0
7717	2
7718	1
7719	0
7720	0
7721	0
7722	0
7723	0
7724	0
7725	0
7726	1
7727	1
7728	3
7729	2
7730	1
7731	0
7732	0
7733	1
7734	0
7735	0
7736	0
7737	1
7738	0
7739	1
7740	0
7741	0
7742	0
7743	2
7744	1
7745	0
7746	2
7747	1
7748	0
7749	2
7750	0
7751	1
7752	0
7753	0
7754	1
7755	0
7756	1
7757	0
7758	1
7759	1
7760	0
7761	0
7762	0
7763	1
7764	0
7765	1
7766	0
7767	1
7768	0
7769	0
7770	1
7771	1
7772	1
7773	0
7774	1
7775	0
7776	0
7777	0
7778	1
7779	1
7780	2
7781	2
7782	0
7783	0
7784	2
7785	1
7786	0
7787	0
7788	2
7789	1
7790	0
7791	0
7792	1
7793	0
7794	0
7795	1
7796	1
7797	0
7798	2
7799	0
7800	1
7801	0
7802	1
7803	1
7804	0
7805	0
7806	1
7807	1
7808	0
7809	1
7810	3
7811	1
7812	2
7813	0
7814	2
7815	0
7816	0
7817	2
7818	0
7819	0
7820	1
7821	1
7822	4
7823	0
7824	0
7825	0
7826	0
7827	0
7828	0
7829	1
7830	2
7831	0
7832	0
7833	0
7834	0
7835	1
7836	1
7837	0
7838	1
7839	0
7840	0
7841	0
7842	1
7843	2
7844	1
7845	1
7846	0
7847	0
7848	0
7849	0
7850	0
7851	1
7852	0
7853	3
7854	0
7855	0
7856	0
7857	0
7858	0
7859	0
7860	1
7861	2
7862	2
7863	0
7864	1
7865	2
7866	0
7867	0
7868	0
7869	1
7870	0
7871	0
7872	1
7873	1
7874	0
7875	0
7876	0
7877	0
7878	2
7879	0
7880	1
7881	0
7882	1
7883	1
7884	1
7885	0
7886	1
7887	0
7888	0
7889	0
7890	1
7891	0
7892	1
7893	0
7894	0
7895	0
7896	0
7897	0
7898	0
7899	0
7900	1
7901	1
7902	0
7903	1
7904	0
7905	1
7906	1
7907	0
7908	1
7909	1
7910	1
7911	0
7912	0
7913	1
7914	1
7915	0
7916	0
7917	2
7918	1
7919	0
7920	0
7921	2
7922	0
7923	0
7924	1
7925	0
7926	0
7927	1
7928	1
7929	1
7930	2
7931	0
7932	0
7933	2
7934	0
7935	0
7936	0
7937	1
7938	1
7939	0
7940	0
7941	0
7942	3
7943	0
7944	0
7945	0
7946	0
7947	1
7948	0
7949	0
7950	1
7951	0
7952	1
7953	0
7954	0
7955	0
7956	1
7957	3
7958	0
7959	0
7960	0
7961	0
7962	0
7963	3
7964	1
7965	1
7966	1
7967	0
7968	0
7969	0
7970	1
7971	1
7972	0
7973	0
7974	2
7975	1
7976	0
7977	0
7978	1
7979	2
7980	0
7981	1
7982	0
7983	1
7984	0
7985	1
7986	1
7987	1
7988	0
7989	0
7990	1
7991	0
7992	0
7993	0
7994	1
7995	0
7996	0
7997	0
7998	1
7999	0
8000	0
8001	0
8002	0
8003	0
8004	1
8005	1
8006	1
8007	1
8008	0
8009	1
8010	1
8011	0
8012	1
8013	2
8014	0
8015	0
8016	0
8017	1
8018	0
8019	1
8020	0
8021	0
8022	1
8023	1
8024	1
8025	0
8026	1
8027	1
8028	1
8029	0
8030	1
8031	1
8032	1
8033	0
8034	0
8035	0
8036	0
8037	0
8038	1
8039	1
8040	2
8041	0
8042	1
8043	0
8044	0
8045	1
8046	1
8047	1
8048	0
8049	0
8050	1
8051	0
8052	1
8053	0
8054	0
8055	1
8056	0
8057	0
8058	1
8059	2
8060	1
8061	0
8062	1
8063	3
8064	1
8065	1
8066	0
8067	0
8068	0
8069	0
8070	1
8071	0
8072	3
8073	1
8074	2
8075	1
8076	1
8077	0
8078	0
8079	0
8080	0
8081	0
8082	0
8083	1
8084	1
8085	0
8086	0
8087	0
8088	0
8089	1
8090	0
8091	2
8092	1
8093	0
8094	1
8095	0
8096	0
8097	0
8098	1
8099	0
8100	0
8101	0
8102	0
8103	0
8104	0
8105	0
8106	0
8107	0
8108	0
8109	0
8110	0
8111	0
8112	0
8113	0
8114	0
8115	0
8116	0
8117	0
8118	0
8119	0
8120	0
8121	0
8122	0
8123	0
8124	0
8125	0
8126	0
8127	0
8128	0
8129	0
8130	0
8131	0
8132	0
8133	0
8134	0
8135	0
8136	0
8137	0
8138	0
8139	0
8140	0
8141	0
8142	0
8143	0
8144	0
8145	0
8146	0
8147	0
8148	0
8149	0
8150	0
8151	0
8152	0
8153	0
8154	0
8155	0
8156	0
8157	0
8158	0
8159	0
8160	0
8161	0
8162	0
8163	0
8164	0
8165	0
8166	0
8167	0
8168	0
8169	0
8170	0
8171	0
8172	0
8173	0
8174	0
8175	0
8176	0
8177	0
8178	0
8179	0
8180	0
8181	0
8182	0
8183	0
8184	0
8185	0
8186	0
8187	0
8188	0
8189	0
8190	0
8191	0
