0	0
1	0
2	0
3	0
4	0
5	0
6	0
7	0
8	0
9	0
10	0
11	0
12	0
13	0
14	0
15	0
16	0
17	0
18	0
19	0
20	0
21	0
22	0
23	0
24	0
25	0
26	0
27	0
28	0
29	0
30	0
31	0
32	0
33	0
34	0
35	0
36	0
37	0
38	0
39	0
40	0
41	0
42	0
43	0
44	0
45	0
46	0
47	0
48	0
49	0
50	0
51	0
52	0
53	0
54	0
55	0
56	0
57	0
58	0
59	0
60	0
61	0
62	0
63	0
64	0
65	0
66	0
67	0
68	0
69	0
70	0
71	0
72	0
73	0
74	0
75	0
76	0
77	0
78	0
79	0
80	0
81	0
82	0
83	0
84	0
85	0
86	0
87	0
88	0
89	0
90	0
91	0
92	0
93	0
94	0
95	0
96	0
97	0
98	0
99	0
100	0
101	0
102	0
103	0
104	0
105	0
106	0
107	0
108	0
109	0
110	0
111	0
112	0
113	0
114	0
115	0
116	0
117	0
118	0
119	0
120	0
121	0
122	0
123	0
124	0
125	0
126	0
127	0
128	0
129	0
130	0
131	0
132	0
133	0
134	0
135	0
136	0
137	0
138	0
139	0
140	0
141	0
142	0
143	0
144	0
145	0
146	0
147	0
148	0
149	0
150	0
151	0
152	0
153	0
154	0
155	0
156	0
157	0
158	0
159	0
160	0
161	0
162	0
163	0
164	0
165	0
166	0
167	0
168	0
169	0
170	0
171	0
172	0
173	0
174	0
175	0
176	0
177	0
178	5
179	8
180	17
181	35
182	73
183	105
184	106
185	100
186	101
187	105
188	82
189	121
190	105
191	120
192	94
193	106
194	97
195	111
196	85
197	76
198	92
199	87
200	99
201	87
202	83
203	87
204	84
205	84
206	77
207	88
208	89
209	98
210	93
211	86
212	68
213	88
214	89
215	81
216	88
217	100
218	112
219	89
220	101
221	95
222	98
223	84
224	75
225	91
226	99
227	99
228	96
229	79
230	91
231	82
232	82
233	79
234	86
235	85
236	92
237	77
238	87
239	84
240	98
241	92
242	86
243	77
244	89
245	78
246	88
247	95
248	95
249	87
250	84
251	80
252	72
253	85
254	81
255	93
256	95
257	98
258	83
259	84
260	95
261	92
262	105
263	95
264	83
265	103
266	89
267	92
268	102
269	92
270	79
271	95
272	86
273	94
274	107
275	89
276	88
277	96
278	82
279	99
280	81
281	98
282	91
283	89
284	88
285	87
286	78
287	78
288	93
289	101
290	107
291	96
292	100
293	95
294	97
295	86
296	99
297	96
298	90
299	86
300	74
301	106
302	90
303	106
304	78
305	91
306	104
307	93
308	90
309	96
310	97
311	86
312	102
313	101
314	84
315	78
316	98
317	81
318	86
319	93
320	114
321	84
322	82
323	92
324	107
325	93
326	106
327	88
328	83
329	96
330	83
331	102
332	94
333	98
334	93
335	86
336	89
337	93
338	76
339	89
340	102
341	80
342	97
343	89
344	81
345	87
346	96
347	97
348	95
349	108
350	107
351	101
352	98
353	91
354	92
355	90
356	113
357	108
358	110
359	106
360	96
361	93
362	89
363	97
364	99
365	86
366	90
367	90
368	97
369	94
370	82
371	97
372	78
373	105
374	92
375	93
376	93
377	93
378	91
379	107
380	108
381	85
382	100
383	103
384	99
385	118
386	106
387	80
388	104
389	83
390	101
391	93
392	97
393	105
394	110
395	97
396	106
397	84
398	70
399	93
400	88
401	117
402	87
403	104
404	105
405	100
406	100
407	93
408	86
409	87
410	92
411	95
412	90
413	100
414	101
415	93
416	94
417	105
418	92
419	95
420	99
421	104
422	90
423	104
424	90
425	91
426	94
427	102
428	100
429	62
430	93
431	100
432	89
433	90
434	106
435	95
436	99
437	91
438	114
439	88
440	84
441	100
442	90
443	93
444	93
445	95
446	91
447	101
448	91
449	77
450	79
451	115
452	108
453	105
454	120
455	117
456	94
457	97
458	100
459	100
460	107
461	96
462	94
463	111
464	87
465	81
466	93
467	94
468	110
469	92
470	119
471	99
472	98
473	108
474	112
475	102
476	109
477	108
478	107
479	97
480	96
481	82
482	107
483	106
484	105
485	100
486	108
487	100
488	94
489	85
490	98
491	113
492	106
493	111
494	99
495	101
496	104
497	109
498	110
499	106
500	100
501	110
502	109
503	122
504	110
505	109
506	118
507	112
508	118
509	100
510	95
511	80
512	119
513	100
514	102
515	95
516	118
517	89
518	102
519	92
520	89
521	93
522	95
523	98
524	74
525	96
526	100
527	109
528	115
529	84
530	101
531	83
532	104
533	108
534	115
535	91
536	109
537	111
538	110
539	119
540	96
541	112
542	83
543	104
544	110
545	91
546	108
547	94
548	104
549	113
550	91
551	91
552	102
553	92
554	113
555	105
556	100
557	103
558	83
559	81
560	104
561	101
562	99
563	103
564	83
565	98
566	86
567	88
568	105
569	101
570	92
571	111
572	96
573	97
574	122
575	81
576	103
577	101
578	100
579	114
580	90
581	93
582	101
583	119
584	104
585	124
586	86
587	94
588	103
589	97
590	125
591	103
592	97
593	98
594	98
595	83
596	96
597	108
598	110
599	90
600	98
601	99
602	102
603	102
604	86
605	99
606	118
607	94
608	108
609	100
610	105
611	113
612	98
613	96
614	121
615	111
616	114
617	100
618	93
619	93
620	109
621	112
622	104
623	101
624	76
625	100
626	110
627	89
628	104
629	106
630	111
631	91
632	102
633	99
634	105
635	100
636	115
637	105
638	98
639	109
640	112
641	92
642	107
643	109
644	99
645	101
646	124
647	86
648	91
649	93
650	104
651	112
652	126
653	93
654	96
655	118
656	97
657	122
658	104
659	114
660	104
661	99
662	110
663	96
664	105
665	116
666	96
667	100
668	110
669	96
670	100
671	109
672	113
673	100
674	119
675	113
676	106
677	105
678	108
679	95
680	102
681	104
682	110
683	106
684	115
685	101
686	100
687	81
688	113
689	91
690	112
691	105
692	112
693	121
694	100
695	110
696	99
697	106
698	98
699	110
700	108
701	104
702	102
703	102
704	110
705	102
706	118
707	120
708	121
709	124
710	112
711	124
712	101
713	112
714	92
715	109
716	104
717	138
718	104
719	100
720	113
721	104
722	100
723	116
724	98
725	109
726	99
727	98
728	100
729	102
730	98
731	125
732	113
733	107
734	138
735	105
736	113
737	116
738	109
739	106
740	93
741	97
742	127
743	112
744	117
745	125
746	120
747	110
748	120
749	109
750	133
751	126
752	126
753	104
754	122
755	108
756	102
757	125
758	133
759	114
760	110
761	117
762	128
763	121
764	106
765	124
766	111
767	140
768	126
769	124
770	103
771	120
772	131
773	142
774	130
775	131
776	117
777	112
778	125
779	124
780	123
781	121
782	124
783	117
784	146
785	147
786	134
787	133
788	130
789	134
790	132
791	137
792	118
793	135
794	125
795	135
796	113
797	141
798	119
799	141
800	115
801	144
802	135
803	128
804	122
805	144
806	137
807	145
808	137
809	155
810	138
811	155
812	154
813	121
814	139
815	145
816	147
817	153
818	129
819	162
820	135
821	160
822	138
823	161
824	140
825	146
826	144
827	156
828	169
829	158
830	161
831	142
832	193
833	142
834	167
835	153
836	176
837	162
838	150
839	165
840	172
841	162
842	181
843	157
844	159
845	156
846	164
847	155
848	166
849	150
850	169
851	166
852	193
853	174
854	179
855	172
856	169
857	190
858	174
859	205
860	156
861	177
862	178
863	166
864	173
865	193
866	165
867	182
868	189
869	173
870	149
871	177
872	192
873	187
874	171
875	195
876	164
877	162
878	172
879	171
880	155
881	177
882	171
883	166
884	160
885	154
886	167
887	181
888	159
889	156
890	172
891	183
892	157
893	164
894	160
895	171
896	160
897	152
898	175
899	163
900	141
901	149
902	150
903	140
904	163
905	139
906	155
907	153
908	153
909	148
910	151
911	152
912	165
913	149
914	158
915	133
916	145
917	145
918	111
919	124
920	140
921	137
922	123
923	163
924	122
925	126
926	123
927	120
928	130
929	138
930	137
931	123
932	144
933	120
934	122
935	136
936	128
937	145
938	138
939	99
940	133
941	125
942	141
943	123
944	117
945	121
946	123
947	144
948	133
949	121
950	138
951	137
952	133
953	128
954	125
955	118
956	121
957	126
958	147
959	134
960	149
961	129
962	108
963	133
964	139
965	148
966	142
967	142
968	133
969	138
970	106
971	126
972	134
973	125
974	114
975	133
976	127
977	124
978	114
979	126
980	131
981	135
982	109
983	132
984	127
985	136
986	126
987	136
988	128
989	131
990	131
991	136
992	127
993	125
994	140
995	136
996	127
997	137
998	120
999	121
1000	155
1001	104
1002	130
1003	152
1004	131
1005	110
1006	127
1007	123
1008	120
1009	130
1010	143
1011	134
1012	132
1013	125
1014	105
1015	104
1016	118
1017	117
1018	123
1019	123
1020	109
1021	133
1022	111
1023	143
1024	116
1025	122
1026	131
1027	112
1028	129
1029	118
1030	120
1031	110
1032	133
1033	106
1034	119
1035	121
1036	116
1037	132
1038	120
1039	119
1040	131
1041	123
1042	106
1043	122
1044	127
1045	112
1046	118
1047	106
1048	113
1049	109
1050	116
1051	109
1052	105
1053	110
1054	120
1055	121
1056	110
1057	112
1058	112
1059	124
1060	125
1061	107
1062	114
1063	109
1064	129
1065	106
1066	125
1067	97
1068	107
1069	112
1070	119
1071	108
1072	124
1073	135
1074	93
1075	100
1076	137
1077	131
1078	113
1079	81
1080	109
1081	122
1082	99
1083	114
1084	103
1085	118
1086	122
1087	124
1088	99
1089	98
1090	100
1091	104
1092	111
1093	97
1094	140
1095	121
1096	132
1097	91
1098	99
1099	104
1100	115
1101	100
1102	128
1103	114
1104	114
1105	126
1106	121
1107	112
1108	117
1109	115
1110	113
1111	115
1112	125
1113	118
1114	125
1115	111
1116	121
1117	126
1118	126
1119	124
1120	102
1121	112
1122	119
1123	115
1124	112
1125	97
1126	115
1127	125
1128	113
1129	109
1130	98
1131	124
1132	103
1133	106
1134	117
1135	107
1136	100
1137	111
1138	111
1139	94
1140	118
1141	113
1142	101
1143	115
1144	116
1145	106
1146	117
1147	110
1148	131
1149	113
1150	110
1151	119
1152	128
1153	122
1154	109
1155	125
1156	110
1157	107
1158	121
1159	134
1160	102
1161	104
1162	128
1163	112
1164	116
1165	115
1166	114
1167	125
1168	122
1169	141
1170	120
1171	104
1172	130
1173	116
1174	107
1175	110
1176	116
1177	134
1178	116
1179	114
1180	143
1181	129
1182	137
1183	122
1184	120
1185	132
1186	130
1187	128
1188	112
1189	136
1190	108
1191	126
1192	110
1193	122
1194	117
1195	146
1196	131
1197	121
1198	131
1199	140
1200	146
1201	121
1202	114
1203	111
1204	120
1205	115
1206	116
1207	120
1208	122
1209	102
1210	112
1211	131
1212	140
1213	123
1214	127
1215	133
1216	130
1217	149
1218	144
1219	124
1220	132
1221	116
1222	95
1223	131
1224	145
1225	130
1226	132
1227	153
1228	122
1229	150
1230	118
1231	124
1232	119
1233	120
1234	121
1235	134
1236	105
1237	128
1238	127
1239	159
1240	113
1241	136
1242	124
1243	125
1244	128
1245	145
1246	120
1247	152
1248	163
1249	130
1250	127
1251	116
1252	139
1253	140
1254	129
1255	127
1256	120
1257	134
1258	128
1259	122
1260	119
1261	145
1262	149
1263	124
1264	125
1265	149
1266	152
1267	134
1268	149
1269	126
1270	138
1271	149
1272	128
1273	131
1274	128
1275	122
1276	155
1277	114
1278	132
1279	131
1280	141
1281	129
1282	139
1283	151
1284	124
1285	109
1286	145
1287	128
1288	136
1289	130
1290	139
1291	135
1292	129
1293	148
1294	128
1295	139
1296	118
1297	151
1298	131
1299	149
1300	148
1301	112
1302	128
1303	127
1304	114
1305	138
1306	136
1307	130
1308	127
1309	141
1310	142
1311	140
1312	129
1313	139
1314	143
1315	141
1316	141
1317	143
1318	164
1319	120
1320	134
1321	151
1322	152
1323	130
1324	139
1325	147
1326	128
1327	130
1328	125
1329	146
1330	146
1331	131
1332	136
1333	139
1334	154
1335	128
1336	138
1337	144
1338	138
1339	121
1340	132
1341	130
1342	143
1343	127
1344	148
1345	144
1346	146
1347	149
1348	159
1349	145
1350	138
1351	133
1352	142
1353	132
1354	134
1355	107
1356	144
1357	141
1358	127
1359	132
1360	160
1361	143
1362	131
1363	138
1364	129
1365	144
1366	140
1367	156
1368	147
1369	147
1370	133
1371	164
1372	121
1373	131
1374	140
1375	147
1376	130
1377	134
1378	147
1379	152
1380	170
1381	150
1382	138
1383	145
1384	130
1385	149
1386	145
1387	122
1388	146
1389	142
1390	160
1391	166
1392	127
1393	142
1394	143
1395	154
1396	133
1397	142
1398	149
1399	143
1400	158
1401	145
1402	157
1403	137
1404	162
1405	135
1406	181
1407	163
1408	146
1409	156
1410	137
1411	147
1412	145
1413	144
1414	121
1415	150
1416	145
1417	155
1418	150
1419	142
1420	136
1421	151
1422	141
1423	168
1424	148
1425	130
1426	157
1427	144
1428	144
1429	150
1430	136
1431	119
1432	141
1433	161
1434	140
1435	144
1436	157
1437	135
1438	157
1439	140
1440	139
1441	137
1442	152
1443	143
1444	146
1445	136
1446	160
1447	163
1448	134
1449	138
1450	144
1451	145
1452	138
1453	129
1454	135
1455	151
1456	154
1457	164
1458	147
1459	147
1460	167
1461	149
1462	157
1463	139
1464	142
1465	157
1466	144
1467	156
1468	137
1469	146
1470	146
1471	146
1472	143
1473	151
1474	155
1475	158
1476	158
1477	145
1478	148
1479	153
1480	154
1481	155
1482	163
1483	166
1484	157
1485	162
1486	164
1487	166
1488	148
1489	168
1490	142
1491	127
1492	151
1493	159
1494	131
1495	137
1496	151
1497	157
1498	147
1499	144
1500	144
1501	170
1502	164
1503	162
1504	153
1505	151
1506	150
1507	157
1508	153
1509	154
1510	151
1511	155
1512	155
1513	174
1514	154
1515	163
1516	140
1517	168
1518	160
1519	153
1520	178
1521	147
1522	132
1523	140
1524	148
1525	188
1526	167
1527	152
1528	145
1529	135
1530	149
1531	154
1532	152
1533	141
1534	137
1535	158
1536	136
1537	148
1538	125
1539	157
1540	153
1541	160
1542	152
1543	149
1544	139
1545	161
1546	140
1547	133
1548	152
1549	163
1550	149
1551	175
1552	166
1553	145
1554	148
1555	149
1556	162
1557	149
1558	166
1559	151
1560	149
1561	138
1562	151
1563	158
1564	147
1565	165
1566	146
1567	168
1568	152
1569	146
1570	143
1571	154
1572	173
1573	174
1574	161
1575	169
1576	158
1577	150
1578	151
1579	147
1580	133
1581	144
1582	166
1583	129
1584	147
1585	162
1586	171
1587	160
1588	152
1589	154
1590	172
1591	146
1592	175
1593	138
1594	159
1595	153
1596	143
1597	183
1598	159
1599	160
1600	154
1601	158
1602	163
1603	148
1604	133
1605	165
1606	154
1607	149
1608	148
1609	133
1610	149
1611	149
1612	136
1613	155
1614	163
1615	156
1616	176
1617	182
1618	144
1619	192
1620	161
1621	146
1622	150
1623	149
1624	154
1625	139
1626	186
1627	149
1628	155
1629	145
1630	150
1631	137
1632	156
1633	172
1634	148
1635	164
1636	177
1637	132
1638	140
1639	145
1640	163
1641	163
1642	145
1643	161
1644	182
1645	165
1646	169
1647	148
1648	184
1649	151
1650	155
1651	154
1652	185
1653	163
1654	158
1655	167
1656	152
1657	166
1658	178
1659	170
1660	161
1661	168
1662	180
1663	160
1664	163
1665	177
1666	162
1667	152
1668	146
1669	155
1670	150
1671	161
1672	147
1673	156
1674	155
1675	164
1676	154
1677	162
1678	145
1679	175
1680	173
1681	152
1682	163
1683	191
1684	154
1685	146
1686	171
1687	172
1688	165
1689	144
1690	165
1691	177
1692	161
1693	178
1694	193
1695	172
1696	151
1697	152
1698	157
1699	156
1700	159
1701	168
1702	154
1703	157
1704	168
1705	166
1706	156
1707	163
1708	167
1709	164
1710	156
1711	162
1712	165
1713	169
1714	189
1715	163
1716	173
1717	144
1718	128
1719	151
1720	177
1721	164
1722	156
1723	168
1724	150
1725	173
1726	161
1727	161
1728	172
1729	174
1730	160
1731	168
1732	178
1733	168
1734	171
1735	163
1736	165
1737	180
1738	156
1739	191
1740	181
1741	177
1742	180
1743	186
1744	173
1745	165
1746	161
1747	177
1748	171
1749	162
1750	177
1751	156
1752	185
1753	158
1754	162
1755	177
1756	143
1757	163
1758	181
1759	156
1760	180
1761	193
1762	188
1763	191
1764	169
1765	183
1766	180
1767	160
1768	176
1769	178
1770	161
1771	151
1772	160
1773	154
1774	170
1775	170
1776	159
1777	169
1778	150
1779	181
1780	165
1781	179
1782	177
1783	177
1784	155
1785	181
1786	177
1787	186
1788	173
1789	170
1790	168
1791	153
1792	178
1793	144
1794	188
1795	172
1796	165
1797	193
1798	160
1799	179
1800	166
1801	178
1802	168
1803	164
1804	181
1805	155
1806	178
1807	199
1808	166
1809	157
1810	186
1811	171
1812	197
1813	172
1814	172
1815	168
1816	196
1817	181
1818	195
1819	179
1820	185
1821	166
1822	194
1823	188
1824	188
1825	170
1826	167
1827	167
1828	197
1829	194
1830	160
1831	171
1832	185
1833	190
1834	173
1835	207
1836	162
1837	183
1838	181
1839	176
1840	177
1841	163
1842	160
1843	191
1844	154
1845	171
1846	199
1847	180
1848	176
1849	172
1850	195
1851	208
1852	161
1853	170
1854	170
1855	217
1856	174
1857	188
1858	166
1859	181
1860	192
1861	165
1862	193
1863	202
1864	158
1865	173
1866	179
1867	188
1868	174
1869	170
1870	184
1871	163
1872	194
1873	180
1874	169
1875	188
1876	183
1877	173
1878	165
1879	179
1880	191
1881	173
1882	176
1883	182
1884	167
1885	210
1886	197
1887	215
1888	176
1889	171
1890	170
1891	174
1892	187
1893	179
1894	170
1895	211
1896	169
1897	184
1898	168
1899	188
1900	183
1901	191
1902	170
1903	215
1904	170
1905	203
1906	188
1907	183
1908	169
1909	210
1910	166
1911	181
1912	184
1913	186
1914	163
1915	183
1916	173
1917	179
1918	198
1919	182
1920	178
1921	182
1922	183
1923	183
1924	164
1925	179
1926	165
1927	188
1928	183
1929	170
1930	191
1931	164
1932	174
1933	170
1934	160
1935	173
1936	195
1937	177
1938	197
1939	164
1940	209
1941	164
1942	182
1943	173
1944	170
1945	145
1946	186
1947	189
1948	206
1949	186
1950	191
1951	208
1952	200
1953	174
1954	202
1955	185
1956	158
1957	181
1958	169
1959	161
1960	171
1961	200
1962	185
1963	183
1964	194
1965	192
1966	183
1967	197
1968	162
1969	182
1970	161
1971	191
1972	182
1973	186
1974	211
1975	188
1976	182
1977	201
1978	200
1979	169
1980	183
1981	171
1982	199
1983	175
1984	191
1985	192
1986	181
1987	197
1988	216
1989	209
1990	192
1991	175
1992	170
1993	173
1994	221
1995	179
1996	167
1997	179
1998	169
1999	202
2000	193
2001	228
2002	193
2003	177
2004	157
2005	186
2006	159
2007	201
2008	178
2009	165
2010	179
2011	185
2012	170
2013	186
2014	169
2015	184
2016	186
2017	196
2018	200
2019	226
2020	167
2021	203
2022	189
2023	183
2024	189
2025	175
2026	172
2027	165
2028	176
2029	173
2030	158
2031	189
2032	187
2033	180
2034	155
2035	179
2036	198
2037	201
2038	187
2039	203
2040	184
2041	173
2042	186
2043	187
2044	174
2045	200
2046	168
2047	162
2048	193
2049	180
2050	144
2051	169
2052	189
2053	194
2054	171
2055	165
2056	195
2057	192
2058	173
2059	175
2060	196
2061	163
2062	190
2063	176
2064	158
2065	180
2066	162
2067	192
2068	169
2069	177
2070	189
2071	169
2072	162
2073	179
2074	208
2075	178
2076	194
2077	196
2078	139
2079	172
2080	201
2081	168
2082	186
2083	168
2084	172
2085	204
2086	199
2087	170
2088	203
2089	180
2090	203
2091	184
2092	173
2093	174
2094	187
2095	188
2096	156
2097	168
2098	153
2099	182
2100	185
2101	168
2102	192
2103	171
2104	206
2105	196
2106	198
2107	184
2108	163
2109	181
2110	186
2111	194
2112	191
2113	163
2114	186
2115	199
2116	176
2117	173
2118	171
2119	182
2120	171
2121	189
2122	180
2123	170
2124	181
2125	163
2126	179
2127	182
2128	186
2129	170
2130	181
2131	172
2132	179
2133	177
2134	191
2135	158
2136	174
2137	178
2138	170
2139	186
2140	190
2141	160
2142	170
2143	185
2144	187
2145	193
2146	187
2147	194
2148	187
2149	161
2150	196
2151	176
2152	183
2153	156
2154	169
2155	172
2156	193
2157	193
2158	181
2159	197
2160	163
2161	175
2162	192
2163	204
2164	193
2165	170
2166	160
2167	182
2168	162
2169	151
2170	172
2171	158
2172	177
2173	188
2174	179
2175	176
2176	157
2177	193
2178	188
2179	175
2180	195
2181	188
2182	173
2183	183
2184	183
2185	182
2186	159
2187	185
2188	180
2189	178
2190	175
2191	188
2192	177
2193	187
2194	173
2195	167
2196	172
2197	189
2198	167
2199	202
2200	197
2201	180
2202	176
2203	184
2204	188
2205	198
2206	187
2207	166
2208	180
2209	189
2210	197
2211	181
2212	192
2213	181
2214	187
2215	157
2216	162
2217	184
2218	152
2219	188
2220	165
2221	175
2222	177
2223	183
2224	166
2225	175
2226	180
2227	179
2228	163
2229	147
2230	142
2231	195
2232	178
2233	173
2234	178
2235	164
2236	155
2237	179
2238	186
2239	170
2240	204
2241	176
2242	180
2243	183
2244	167
2245	170
2246	189
2247	208
2248	148
2249	170
2250	180
2251	181
2252	167
2253	186
2254	167
2255	182
2256	166
2257	180
2258	161
2259	171
2260	141
2261	173
2262	193
2263	181
2264	180
2265	194
2266	162
2267	175
2268	166
2269	199
2270	173
2271	165
2272	181
2273	180
2274	164
2275	182
2276	178
2277	174
2278	188
2279	178
2280	197
2281	183
2282	156
2283	207
2284	210
2285	182
2286	155
2287	162
2288	199
2289	184
2290	182
2291	183
2292	180
2293	170
2294	202
2295	177
2296	168
2297	174
2298	185
2299	147
2300	176
2301	181
2302	201
2303	193
2304	138
2305	171
2306	188
2307	165
2308	170
2309	173
2310	193
2311	187
2312	183
2313	170
2314	184
2315	190
2316	156
2317	160
2318	196
2319	176
2320	176
2321	192
2322	186
2323	157
2324	183
2325	169
2326	208
2327	172
2328	165
2329	195
2330	153
2331	190
2332	170
2333	170
2334	189
2335	164
2336	196
2337	192
2338	152
2339	182
2340	189
2341	180
2342	176
2343	184
2344	198
2345	175
2346	206
2347	195
2348	175
2349	180
2350	154
2351	174
2352	173
2353	158
2354	166
2355	181
2356	165
2357	181
2358	186
2359	175
2360	164
2361	184
2362	165
2363	193
2364	168
2365	163
2366	167
2367	177
2368	190
2369	186
2370	193
2371	185
2372	198
2373	190
2374	179
2375	182
2376	167
2377	200
2378	158
2379	161
2380	187
2381	160
2382	159
2383	182
2384	197
2385	146
2386	165
2387	187
2388	185
2389	178
2390	165
2391	181
2392	166
2393	170
2394	179
2395	176
2396	169
2397	167
2398	169
2399	193
2400	161
2401	169
2402	181
2403	209
2404	175
2405	183
2406	151
2407	190
2408	171
2409	174
2410	170
2411	185
2412	141
2413	196
2414	178
2415	173
2416	162
2417	172
2418	179
2419	174
2420	177
2421	169
2422	188
2423	156
2424	191
2425	181
2426	160
2427	172
2428	181
2429	183
2430	177
2431	196
2432	174
2433	192
2434	193
2435	181
2436	160
2437	188
2438	188
2439	156
2440	180
2441	184
2442	176
2443	178
2444	159
2445	163
2446	154
2447	186
2448	168
2449	168
2450	171
2451	156
2452	144
2453	162
2454	175
2455	181
2456	173
2457	189
2458	167
2459	155
2460	166
2461	168
2462	171
2463	166
2464	160
2465	160
2466	173
2467	171
2468	171
2469	184
2470	184
2471	173
2472	167
2473	179
2474	160
2475	197
2476	176
2477	136
2478	160
2479	164
2480	176
2481	175
2482	179
2483	160
2484	173
2485	178
2486	165
2487	187
2488	185
2489	163
2490	183
2491	188
2492	174
2493	163
2494	151
2495	175
2496	159
2497	177
2498	178
2499	196
2500	172
2501	183
2502	169
2503	163
2504	180
2505	172
2506	157
2507	161
2508	171
2509	165
2510	153
2511	147
2512	172
2513	170
2514	175
2515	182
2516	167
2517	159
2518	154
2519	169
2520	160
2521	174
2522	152
2523	183
2524	202
2525	163
2526	166
2527	158
2528	181
2529	166
2530	159
2531	163
2532	161
2533	169
2534	169
2535	147
2536	162
2537	164
2538	162
2539	165
2540	154
2541	175
2542	139
2543	185
2544	147
2545	143
2546	146
2547	157
2548	159
2549	148
2550	171
2551	150
2552	185
2553	158
2554	177
2555	148
2556	140
2557	165
2558	172
2559	172
2560	166
2561	190
2562	167
2563	157
2564	160
2565	165
2566	160
2567	193
2568	165
2569	144
2570	171
2571	146
2572	150
2573	170
2574	159
2575	162
2576	166
2577	154
2578	153
2579	145
2580	159
2581	150
2582	149
2583	143
2584	148
2585	148
2586	144
2587	157
2588	167
2589	148
2590	128
2591	168
2592	141
2593	132
2594	180
2595	167
2596	151
2597	155
2598	125
2599	155
2600	150
2601	148
2602	155
2603	150
2604	171
2605	164
2606	163
2607	147
2608	159
2609	157
2610	147
2611	153
2612	164
2613	144
2614	150
2615	144
2616	143
2617	170
2618	145
2619	135
2620	155
2621	155
2622	163
2623	150
2624	159
2625	147
2626	165
2627	148
2628	147
2629	145
2630	152
2631	149
2632	152
2633	128
2634	154
2635	144
2636	140
2637	142
2638	132
2639	156
2640	165
2641	123
2642	155
2643	154
2644	154
2645	126
2646	146
2647	158
2648	161
2649	147
2650	151
2651	129
2652	145
2653	145
2654	159
2655	149
2656	164
2657	142
2658	157
2659	148
2660	162
2661	131
2662	153
2663	134
2664	161
2665	157
2666	159
2667	137
2668	129
2669	130
2670	137
2671	152
2672	153
2673	137
2674	149
2675	142
2676	164
2677	142
2678	137
2679	169
2680	147
2681	153
2682	166
2683	161
2684	154
2685	152
2686	150
2687	133
2688	160
2689	117
2690	146
2691	144
2692	146
2693	147
2694	131
2695	118
2696	139
2697	136
2698	173
2699	146
2700	154
2701	143
2702	139
2703	137
2704	164
2705	135
2706	159
2707	137
2708	121
2709	153
2710	151
2711	155
2712	156
2713	144
2714	138
2715	145
2716	135
2717	165
2718	152
2719	150
2720	159
2721	160
2722	134
2723	143
2724	144
2725	149
2726	140
2727	140
2728	123
2729	143
2730	137
2731	142
2732	121
2733	142
2734	146
2735	161
2736	160
2737	153
2738	134
2739	139
2740	134
2741	162
2742	160
2743	152
2744	150
2745	138
2746	125
2747	135
2748	147
2749	154
2750	126
2751	127
2752	150
2753	124
2754	147
2755	138
2756	127
2757	131
2758	122
2759	110
2760	145
2761	147
2762	157
2763	153
2764	143
2765	135
2766	124
2767	142
2768	143
2769	142
2770	157
2771	150
2772	150
2773	122
2774	141
2775	129
2776	141
2777	141
2778	149
2779	143
2780	131
2781	160
2782	160
2783	135
2784	121
2785	147
2786	120
2787	126
2788	121
2789	140
2790	136
2791	138
2792	131
2793	165
2794	143
2795	133
2796	120
2797	131
2798	153
2799	127
2800	169
2801	130
2802	139
2803	128
2804	135
2805	143
2806	145
2807	135
2808	128
2809	128
2810	134
2811	128
2812	136
2813	152
2814	128
2815	144
2816	138
2817	138
2818	117
2819	141
2820	128
2821	155
2822	144
2823	160
2824	134
2825	130
2826	140
2827	121
2828	135
2829	152
2830	128
2831	122
2832	123
2833	132
2834	135
2835	164
2836	132
2837	133
2838	137
2839	129
2840	145
2841	139
2842	132
2843	136
2844	131
2845	137
2846	151
2847	138
2848	141
2849	112
2850	129
2851	114
2852	129
2853	156
2854	135
2855	151
2856	141
2857	141
2858	134
2859	125
2860	130
2861	115
2862	136
2863	136
2864	145
2865	141
2866	111
2867	133
2868	123
2869	157
2870	122
2871	127
2872	138
2873	124
2874	134
2875	137
2876	148
2877	122
2878	137
2879	121
2880	117
2881	157
2882	108
2883	156
2884	113
2885	131
2886	128
2887	156
2888	129
2889	110
2890	135
2891	135
2892	133
2893	134
2894	141
2895	141
2896	136
2897	142
2898	141
2899	141
2900	137
2901	146
2902	138
2903	131
2904	128
2905	142
2906	130
2907	135
2908	143
2909	153
2910	145
2911	129
2912	140
2913	117
2914	134
2915	132
2916	122
2917	136
2918	126
2919	139
2920	116
2921	119
2922	134
2923	152
2924	124
2925	119
2926	134
2927	125
2928	119
2929	134
2930	130
2931	120
2932	127
2933	120
2934	124
2935	131
2936	122
2937	134
2938	135
2939	147
2940	132
2941	129
2942	144
2943	131
2944	137
2945	153
2946	143
2947	105
2948	133
2949	124
2950	145
2951	127
2952	112
2953	129
2954	131
2955	134
2956	145
2957	139
2958	151
2959	106
2960	136
2961	130
2962	129
2963	114
2964	119
2965	141
2966	113
2967	127
2968	119
2969	143
2970	123
2971	125
2972	134
2973	119
2974	128
2975	133
2976	127
2977	124
2978	132
2979	128
2980	152
2981	126
2982	132
2983	136
2984	119
2985	122
2986	112
2987	137
2988	124
2989	145
2990	131
2991	115
2992	130
2993	137
2994	131
2995	131
2996	121
2997	132
2998	133
2999	123
3000	130
3001	122
3002	136
3003	126
3004	144
3005	132
3006	138
3007	142
3008	133
3009	132
3010	118
3011	118
3012	123
3013	124
3014	132
3015	115
3016	115
3017	125
3018	109
3019	142
3020	125
3021	111
3022	123
3023	138
3024	157
3025	125
3026	122
3027	131
3028	117
3029	140
3030	132
3031	132
3032	112
3033	114
3034	125
3035	122
3036	113
3037	120
3038	139
3039	103
3040	125
3041	116
3042	110
3043	120
3044	120
3045	130
3046	102
3047	129
3048	119
3049	113
3050	117
3051	127
3052	129
3053	140
3054	114
3055	138
3056	99
3057	130
3058	120
3059	119
3060	121
3061	126
3062	118
3063	126
3064	121
3065	105
3066	119
3067	121
3068	111
3069	137
3070	136
3071	128
3072	110
3073	132
3074	116
3075	135
3076	112
3077	117
3078	120
3079	134
3080	127
3081	130
3082	130
3083	123
3084	112
3085	111
3086	119
3087	120
3088	113
3089	112
3090	115
3091	120
3092	117
3093	126
3094	104
3095	144
3096	96
3097	97
3098	122
3099	143
3100	124
3101	148
3102	119
3103	134
3104	138
3105	136
3106	128
3107	131
3108	143
3109	125
3110	124
3111	124
3112	115
3113	111
3114	144
3115	128
3116	133
3117	140
3118	120
3119	111
3120	132
3121	112
3122	143
3123	115
3124	112
3125	125
3126	115
3127	136
3128	131
3129	123
3130	131
3131	139
3132	121
3133	131
3134	151
3135	124
3136	126
3137	117
3138	123
3139	101
3140	127
3141	110
3142	130
3143	113
3144	128
3145	130
3146	136
3147	128
3148	130
3149	129
3150	132
3151	134
3152	99
3153	132
3154	118
3155	119
3156	116
3157	117
3158	126
3159	133
3160	131
3161	112
3162	126
3163	109
3164	113
3165	105
3166	134
3167	126
3168	106
3169	120
3170	106
3171	114
3172	109
3173	119
3174	109
3175	125
3176	127
3177	123
3178	123
3179	119
3180	120
3181	116
3182	123
3183	134
3184	121
3185	126
3186	123
3187	121
3188	113
3189	113
3190	115
3191	115
3192	127
3193	114
3194	126
3195	144
3196	114
3197	129
3198	107
3199	122
3200	122
3201	133
3202	124
3203	130
3204	116
3205	115
3206	105
3207	115
3208	112
3209	124
3210	133
3211	108
3212	114
3213	116
3214	130
3215	124
3216	114
3217	106
3218	121
3219	120
3220	117
3221	108
3222	123
3223	126
3224	143
3225	123
3226	104
3227	118
3228	136
3229	109
3230	125
3231	112
3232	103
3233	121
3234	115
3235	111
3236	119
3237	123
3238	118
3239	131
3240	111
3241	120
3242	111
3243	119
3244	106
3245	111
3246	102
3247	128
3248	107
3249	113
3250	132
3251	105
3252	122
3253	108
3254	116
3255	123
3256	116
3257	100
3258	114
3259	115
3260	130
3261	110
3262	121
3263	108
3264	118
3265	121
3266	110
3267	117
3268	135
3269	117
3270	113
3271	132
3272	117
3273	110
3274	136
3275	114
3276	116
3277	111
3278	110
3279	122
3280	122
3281	114
3282	115
3283	111
3284	105
3285	136
3286	108
3287	132
3288	121
3289	128
3290	113
3291	115
3292	113
3293	114
3294	118
3295	123
3296	122
3297	91
3298	94
3299	124
3300	122
3301	92
3302	113
3303	126
3304	125
3305	90
3306	121
3307	112
3308	109
3309	130
3310	122
3311	102
3312	121
3313	116
3314	104
3315	112
3316	107
3317	130
3318	113
3319	150
3320	118
3321	120
3322	103
3323	147
3324	117
3325	125
3326	144
3327	116
3328	124
3329	111
3330	131
3331	115
3332	119
3333	101
3334	125
3335	119
3336	115
3337	118
3338	96
3339	97
3340	113
3341	116
3342	100
3343	126
3344	120
3345	153
3346	109
3347	113
3348	104
3349	86
3350	120
3351	117
3352	108
3353	106
3354	116
3355	122
3356	119
3357	112
3358	118
3359	114
3360	93
3361	122
3362	118
3363	119
3364	122
3365	129
3366	100
3367	120
3368	109
3369	124
3370	125
3371	110
3372	106
3373	123
3374	96
3375	112
3376	117
3377	125
3378	129
3379	115
3380	119
3381	113
3382	91
3383	125
3384	112
3385	108
3386	107
3387	90
3388	106
3389	127
3390	116
3391	106
3392	126
3393	118
3394	120
3395	133
3396	105
3397	133
3398	107
3399	120
3400	91
3401	121
3402	94
3403	129
3404	114
3405	104
3406	104
3407	107
3408	124
3409	128
3410	102
3411	111
3412	108
3413	114
3414	120
3415	119
3416	104
3417	119
3418	129
3419	109
3420	101
3421	103
3422	98
3423	100
3424	118
3425	106
3426	106
3427	97
3428	128
3429	126
3430	101
3431	108
3432	105
3433	112
3434	111
3435	91
3436	94
3437	118
3438	105
3439	126
3440	114
3441	119
3442	110
3443	118
3444	130
3445	115
3446	104
3447	121
3448	101
3449	112
3450	96
3451	115
3452	113
3453	109
3454	102
3455	111
3456	107
3457	117
3458	106
3459	98
3460	134
3461	101
3462	109
3463	111
3464	118
3465	135
3466	111
3467	99
3468	101
3469	121
3470	123
3471	101
3472	119
3473	96
3474	95
3475	119
3476	106
3477	89
3478	131
3479	90
3480	110
3481	110
3482	117
3483	127
3484	113
3485	95
3486	108
3487	105
3488	113
3489	107
3490	109
3491	113
3492	104
3493	87
3494	107
3495	113
3496	101
3497	100
3498	114
3499	105
3500	93
3501	117
3502	98
3503	112
3504	108
3505	111
3506	113
3507	114
3508	109
3509	114
3510	101
3511	106
3512	126
3513	121
3514	91
3515	123
3516	108
3517	111
3518	117
3519	112
3520	107
3521	103
3522	118
3523	113
3524	110
3525	136
3526	99
3527	106
3528	94
3529	102
3530	124
3531	89
3532	110
3533	105
3534	105
3535	102
3536	103
3537	95
3538	107
3539	119
3540	92
3541	103
3542	108
3543	86
3544	97
3545	115
3546	119
3547	125
3548	104
3549	117
3550	112
3551	102
3552	124
3553	117
3554	100
3555	84
3556	105
3557	116
3558	115
3559	110
3560	113
3561	105
3562	110
3563	117
3564	115
3565	118
3566	99
3567	126
3568	104
3569	89
3570	128
3571	105
3572	114
3573	106
3574	127
3575	96
3576	89
3577	115
3578	113
3579	120
3580	114
3581	108
3582	110
3583	104
3584	124
3585	108
3586	107
3587	126
3588	114
3589	132
3590	110
3591	116
3592	108
3593	141
3594	102
3595	119
3596	125
3597	102
3598	107
3599	107
3600	94
3601	107
3602	126
3603	107
3604	131
3605	102
3606	102
3607	99
3608	95
3609	106
3610	107
3611	100
3612	117
3613	101
3614	92
3615	111
3616	92
3617	82
3618	107
3619	103
3620	111
3621	88
3622	96
3623	127
3624	102
3625	98
3626	103
3627	110
3628	99
3629	91
3630	89
3631	107
3632	100
3633	104
3634	105
3635	88
3636	92
3637	97
3638	90
3639	105
3640	116
3641	118
3642	94
3643	110
3644	107
3645	95
3646	82
3647	115
3648	111
3649	97
3650	90
3651	104
3652	93
3653	94
3654	91
3655	111
3656	108
3657	116
3658	97
3659	99
3660	104
3661	102
3662	110
3663	109
3664	102
3665	112
3666	104
3667	85
3668	88
3669	116
3670	109
3671	99
3672	97
3673	97
3674	102
3675	104
3676	102
3677	83
3678	121
3679	85
3680	107
3681	95
3682	103
3683	122
3684	123
3685	106
3686	106
3687	113
3688	89
3689	103
3690	108
3691	98
3692	106
3693	88
3694	107
3695	111
3696	101
3697	106
3698	101
3699	95
3700	112
3701	92
3702	113
3703	96
3704	99
3705	112
3706	110
3707	108
3708	118
3709	112
3710	89
3711	97
3712	96
3713	98
3714	120
3715	102
3716	107
3717	87
3718	114
3719	110
3720	99
3721	116
3722	100
3723	82
3724	112
3725	120
3726	96
3727	102
3728	103
3729	111
3730	103
3731	106
3732	103
3733	73
3734	107
3735	109
3736	89
3737	110
3738	102
3739	88
3740	112
3741	103
3742	117
3743	107
3744	118
3745	127
3746	105
3747	107
3748	99
3749	117
3750	99
3751	93
3752	97
3753	115
3754	100
3755	112
3756	87
3757	104
3758	81
3759	120
3760	111
3761	108
3762	84
3763	106
3764	85
3765	97
3766	84
3767	106
3768	124
3769	94
3770	104
3771	100
3772	88
3773	97
3774	95
3775	88
3776	105
3777	116
3778	87
3779	103
3780	96
3781	90
3782	104
3783	112
3784	99
3785	109
3786	75
3787	90
3788	110
3789	116
3790	110
3791	106
3792	100
3793	94
3794	106
3795	92
3796	111
3797	101
3798	108
3799	103
3800	99
3801	92
3802	94
3803	103
3804	100
3805	115
3806	113
3807	94
3808	110
3809	104
3810	93
3811	95
3812	109
3813	91
3814	84
3815	96
3816	97
3817	108
3818	113
3819	108
3820	109
3821	103
3822	94
3823	104
3824	110
3825	109
3826	100
3827	95
3828	104
3829	100
3830	93
3831	115
3832	92
3833	100
3834	94
3835	89
3836	85
3837	96
3838	101
3839	86
3840	85
3841	105
3842	98
3843	93
3844	108
3845	112
3846	83
3847	93
3848	108
3849	98
3850	89
3851	111
3852	105
3853	100
3854	92
3855	93
3856	103
3857	101
3858	118
3859	104
3860	90
3861	100
3862	90
3863	93
3864	109
3865	109
3866	107
3867	94
3868	86
3869	92
3870	88
3871	92
3872	108
3873	100
3874	102
3875	93
3876	114
3877	117
3878	96
3879	88
3880	100
3881	90
3882	117
3883	99
3884	93
3885	96
3886	114
3887	95
3888	107
3889	113
3890	103
3891	102
3892	103
3893	89
3894	94
3895	105
3896	96
3897	98
3898	101
3899	96
3900	100
3901	93
3902	98
3903	77
3904	104
3905	98
3906	87
3907	97
3908	112
3909	92
3910	101
3911	90
3912	99
3913	110
3914	91
3915	108
3916	89
3917	93
3918	110
3919	100
3920	100
3921	103
3922	90
3923	94
3924	102
3925	111
3926	83
3927	100
3928	79
3929	88
3930	107
3931	134
3932	83
3933	102
3934	85
3935	99
3936	103
3937	108
3938	100
3939	96
3940	117
3941	101
3942	93
3943	85
3944	100
3945	88
3946	110
3947	93
3948	93
3949	105
3950	78
3951	86
3952	129
3953	93
3954	100
3955	78
3956	98
3957	78
3958	82
3959	102
3960	107
3961	96
3962	94
3963	82
3964	81
3965	86
3966	84
3967	95
3968	106
3969	102
3970	89
3971	106
3972	100
3973	110
3974	86
3975	101
3976	83
3977	100
3978	89
3979	96
3980	94
3981	90
3982	103
3983	86
3984	99
3985	121
3986	99
3987	94
3988	90
3989	109
3990	97
3991	96
3992	114
3993	123
3994	71
3995	95
3996	98
3997	98
3998	91
3999	100
4000	105
4001	92
4002	89
4003	99
4004	92
4005	101
4006	90
4007	94
4008	92
4009	98
4010	92
4011	102
4012	106
4013	102
4014	99
4015	86
4016	97
4017	92
4018	83
4019	86
4020	105
4021	82
4022	118
4023	89
4024	94
4025	93
4026	90
4027	96
4028	98
4029	94
4030	86
4031	109
4032	114
4033	89
4034	94
4035	99
4036	93
4037	124
4038	78
4039	95
4040	107
4041	93
4042	105
4043	95
4044	88
4045	106
4046	94
4047	83
4048	86
4049	77
4050	102
4051	90
4052	82
4053	105
4054	107
4055	94
4056	88
4057	104
4058	80
4059	96
4060	85
4061	107
4062	92
4063	95
4064	91
4065	86
4066	94
4067	79
4068	85
4069	81
4070	92
4071	88
4072	94
4073	99
4074	101
4075	97
4076	87
4077	103
4078	93
4079	93
4080	94
4081	90
4082	102
4083	104
4084	96
4085	89
4086	104
4087	95
4088	101
4089	93
4090	96
4091	114
4092	105
4093	97
4094	79
4095	90
4096	97
4097	91
4098	88
4099	86
4100	90
4101	102
4102	82
4103	105
4104	103
4105	77
4106	95
4107	107
4108	110
4109	87
4110	98
4111	94
4112	103
4113	92
4114	102
4115	98
4116	90
4117	105
4118	91
4119	89
4120	97
4121	101
4122	101
4123	119
4124	85
4125	101
4126	87
4127	102
4128	97
4129	89
4130	112
4131	120
4132	89
4133	107
4134	116
4135	104
4136	110
4137	96
4138	97
4139	95
4140	94
4141	102
4142	90
4143	104
4144	97
4145	94
4146	88
4147	91
4148	102
4149	108
4150	88
4151	112
4152	100
4153	107
4154	128
4155	109
4156	96
4157	109
4158	103
4159	108
4160	85
4161	103
4162	95
4163	103
4164	91
4165	94
4166	97
4167	93
4168	100
4169	112
4170	104
4171	81
4172	109
4173	81
4174	110
4175	91
4176	89
4177	97
4178	98
4179	81
4180	94
4181	115
4182	89
4183	95
4184	95
4185	99
4186	90
4187	97
4188	102
4189	97
4190	95
4191	115
4192	98
4193	100
4194	91
4195	112
4196	116
4197	101
4198	90
4199	106
4200	101
4201	78
4202	95
4203	102
4204	95
4205	110
4206	108
4207	101
4208	117
4209	99
4210	96
4211	113
4212	102
4213	101
4214	106
4215	103
4216	99
4217	99
4218	91
4219	112
4220	116
4221	116
4222	106
4223	100
4224	123
4225	98
4226	97
4227	108
4228	104
4229	85
4230	95
4231	97
4232	109
4233	110
4234	99
4235	110
4236	109
4237	102
4238	110
4239	96
4240	91
4241	84
4242	98
4243	118
4244	98
4245	99
4246	103
4247	117
4248	95
4249	103
4250	84
4251	96
4252	119
4253	111
4254	103
4255	101
4256	111
4257	127
4258	100
4259	100
4260	125
4261	117
4262	99
4263	110
4264	107
4265	113
4266	114
4267	98
4268	109
4269	135
4270	114
4271	115
4272	120
4273	109
4274	96
4275	104
4276	107
4277	96
4278	117
4279	117
4280	110
4281	110
4282	113
4283	95
4284	117
4285	106
4286	93
4287	106
4288	104
4289	109
4290	102
4291	123
4292	125
4293	116
4294	84
4295	106
4296	112
4297	110
4298	126
4299	110
4300	112
4301	116
4302	111
4303	112
4304	117
4305	103
4306	123
4307	108
4308	110
4309	121
4310	106
4311	109
4312	111
4313	108
4314	94
4315	126
4316	122
4317	100
4318	113
4319	112
4320	122
4321	103
4322	127
4323	106
4324	127
4325	126
4326	113
4327	101
4328	133
4329	109
4330	115
4331	130
4332	120
4333	110
4334	101
4335	114
4336	131
4337	114
4338	107
4339	118
4340	119
4341	121
4342	134
4343	110
4344	124
4345	110
4346	106
4347	111
4348	122
4349	132
4350	106
4351	117
4352	128
4353	109
4354	124
4355	126
4356	124
4357	110
4358	122
4359	125
4360	111
4361	101
4362	127
4363	128
4364	148
4365	108
4366	139
4367	129
4368	121
4369	138
4370	130
4371	123
4372	115
4373	152
4374	103
4375	112
4376	114
4377	112
4378	119
4379	112
4380	150
4381	128
4382	139
4383	149
4384	107
4385	114
4386	123
4387	137
4388	130
4389	114
4390	129
4391	117
4392	138
4393	108
4394	139
4395	139
4396	120
4397	119
4398	126
4399	127
4400	121
4401	144
4402	137
4403	119
4404	142
4405	138
4406	124
4407	147
4408	146
4409	122
4410	118
4411	125
4412	119
4413	128
4414	151
4415	130
4416	130
4417	139
4418	138
4419	130
4420	126
4421	161
4422	117
4423	141
4424	147
4425	146
4426	117
4427	148
4428	132
4429	128
4430	141
4431	154
4432	135
4433	143
4434	136
4435	127
4436	144
4437	135
4438	131
4439	150
4440	141
4441	161
4442	137
4443	132
4444	147
4445	140
4446	136
4447	144
4448	141
4449	132
4450	148
4451	144
4452	139
4453	123
4454	128
4455	144
4456	145
4457	127
4458	149
4459	143
4460	127
4461	152
4462	131
4463	143
4464	121
4465	148
4466	110
4467	116
4468	141
4469	139
4470	138
4471	138
4472	148
4473	157
4474	134
4475	151
4476	158
4477	138
4478	127
4479	138
4480	147
4481	147
4482	147
4483	140
4484	136
4485	144
4486	131
4487	153
4488	147
4489	145
4490	168
4491	150
4492	151
4493	139
4494	144
4495	143
4496	163
4497	140
4498	172
4499	148
4500	152
4501	139
4502	141
4503	138
4504	155
4505	151
4506	160
4507	137
4508	154
4509	138
4510	160
4511	143
4512	149
4513	161
4514	205
4515	143
4516	160
4517	133
4518	177
4519	159
4520	144
4521	137
4522	162
4523	177
4524	171
4525	165
4526	128
4527	160
4528	148
4529	167
4530	170
4531	145
4532	138
4533	159
4534	155
4535	139
4536	156
4537	171
4538	148
4539	154
4540	162
4541	164
4542	159
4543	140
4544	153
4545	144
4546	162
4547	158
4548	171
4549	153
4550	161
4551	160
4552	173
4553	182
4554	188
4555	156
4556	164
4557	176
4558	177
4559	186
4560	188
4561	170
4562	160
4563	168
4564	160
4565	166
4566	162
4567	141
4568	167
4569	155
4570	169
4571	196
4572	173
4573	169
4574	164
4575	168
4576	169
4577	149
4578	156
4579	171
4580	169
4581	182
4582	176
4583	154
4584	169
4585	171
4586	180
4587	196
4588	195
4589	163
4590	159
4591	153
4592	188
4593	166
4594	181
4595	198
4596	178
4597	148
4598	161
4599	172
4600	150
4601	188
4602	170
4603	177
4604	164
4605	198
4606	183
4607	163
4608	177
4609	182
4610	193
4611	172
4612	198
4613	166
4614	171
4615	173
4616	164
4617	182
4618	169
4619	187
4620	180
4621	172
4622	187
4623	165
4624	183
4625	184
4626	155
4627	196
4628	202
4629	199
4630	178
4631	201
4632	207
4633	204
4634	173
4635	187
4636	182
4637	172
4638	188
4639	170
4640	200
4641	172
4642	195
4643	160
4644	172
4645	178
4646	202
4647	193
4648	168
4649	176
4650	180
4651	177
4652	185
4653	183
4654	170
4655	182
4656	172
4657	176
4658	173
4659	184
4660	183
4661	187
4662	169
4663	179
4664	206
4665	189
4666	208
4667	163
4668	182
4669	179
4670	181
4671	164
4672	199
4673	192
4674	162
4675	185
4676	199
4677	196
4678	185
4679	188
4680	168
4681	171
4682	174
4683	159
4684	207
4685	183
4686	201
4687	203
4688	190
4689	194
4690	186
4691	200
4692	195
4693	189
4694	212
4695	202
4696	194
4697	218
4698	198
4699	227
4700	202
4701	204
4702	205
4703	208
4704	206
4705	196
4706	203
4707	218
4708	199
4709	189
4710	197
4711	183
4712	180
4713	214
4714	201
4715	178
4716	204
4717	194
4718	204
4719	192
4720	234
4721	178
4722	229
4723	196
4724	196
4725	211
4726	197
4727	185
4728	190
4729	184
4730	202
4731	179
4732	183
4733	196
4734	220
4735	198
4736	187
4737	186
4738	174
4739	200
4740	214
4741	214
4742	180
4743	187
4744	191
4745	231
4746	181
4747	195
4748	185
4749	211
4750	202
4751	199
4752	228
4753	206
4754	185
4755	205
4756	191
4757	209
4758	207
4759	195
4760	175
4761	194
4762	211
4763	177
4764	220
4765	188
4766	206
4767	204
4768	201
4769	206
4770	221
4771	206
4772	196
4773	227
4774	207
4775	210
4776	186
4777	190
4778	183
4779	190
4780	206
4781	213
4782	197
4783	224
4784	184
4785	238
4786	231
4787	204
4788	211
4789	185
4790	200
4791	216
4792	216
4793	213
4794	181
4795	199
4796	216
4797	204
4798	196
4799	210
4800	204
4801	222
4802	192
4803	235
4804	223
4805	222
4806	184
4807	192
4808	206
4809	210
4810	213
4811	212
4812	217
4813	201
4814	206
4815	215
4816	202
4817	234
4818	229
4819	223
4820	208
4821	202
4822	207
4823	205
4824	215
4825	219
4826	190
4827	208
4828	206
4829	198
4830	188
4831	200
4832	194
4833	227
4834	206
4835	202
4836	215
4837	217
4838	221
4839	218
4840	204
4841	198
4842	214
4843	214
4844	228
4845	191
4846	218
4847	190
4848	209
4849	212
4850	182
4851	209
4852	223
4853	228
4854	208
4855	197
4856	205
4857	198
4858	205
4859	234
4860	206
4861	230
4862	210
4863	226
4864	218
4865	207
4866	226
4867	196
4868	200
4869	200
4870	209
4871	211
4872	210
4873	234
4874	208
4875	208
4876	217
4877	188
4878	229
4879	215
4880	210
4881	185
4882	207
4883	186
4884	235
4885	214
4886	201
4887	214
4888	209
4889	215
4890	208
4891	212
4892	205
4893	210
4894	203
4895	201
4896	206
4897	198
4898	194
4899	197
4900	199
4901	220
4902	229
4903	225
4904	192
4905	209
4906	246
4907	229
4908	212
4909	227
4910	211
4911	201
4912	205
4913	237
4914	188
4915	188
4916	192
4917	174
4918	220
4919	201
4920	219
4921	233
4922	212
4923	203
4924	202
4925	228
4926	219
4927	201
4928	206
4929	194
4930	205
4931	226
4932	217
4933	218
4934	226
4935	200
4936	218
4937	218
4938	192
4939	231
4940	221
4941	227
4942	218
4943	213
4944	169
4945	227
4946	207
4947	237
4948	213
4949	229
4950	187
4951	238
4952	205
4953	224
4954	232
4955	193
4956	192
4957	236
4958	212
4959	213
4960	221
4961	200
4962	190
4963	223
4964	251
4965	202
4966	205
4967	233
4968	212
4969	218
4970	209
4971	202
4972	205
4973	212
4974	185
4975	200
4976	188
4977	216
4978	248
4979	207
4980	191
4981	226
4982	191
4983	196
4984	214
4985	201
4986	216
4987	229
4988	201
4989	188
4990	200
4991	208
4992	210
4993	202
4994	209
4995	197
4996	207
4997	183
4998	190
4999	209
5000	193
5001	184
5002	200
5003	188
5004	237
5005	202
5006	220
5007	227
5008	196
5009	214
5010	206
5011	214
5012	205
5013	212
5014	209
5015	188
5016	241
5017	192
5018	193
5019	206
5020	210
5021	199
5022	222
5023	206
5024	191
5025	192
5026	204
5027	185
5028	221
5029	213
5030	208
5031	198
5032	203
5033	197
5034	208
5035	212
5036	210
5037	211
5038	198
5039	198
5040	199
5041	204
5042	192
5043	214
5044	196
5045	203
5046	208
5047	190
5048	201
5049	190
5050	202
5051	207
5052	227
5053	211
5054	208
5055	188
5056	211
5057	190
5058	210
5059	166
5060	215
5061	178
5062	209
5063	207
5064	203
5065	181
5066	218
5067	203
5068	193
5069	181
5070	187
5071	180
5072	180
5073	187
5074	177
5075	189
5076	207
5077	200
5078	207
5079	195
5080	189
5081	188
5082	200
5083	191
5084	191
5085	225
5086	201
5087	210
5088	198
5089	179
5090	186
5091	203
5092	198
5093	178
5094	194
5095	217
5096	204
5097	206
5098	209
5099	170
5100	180
5101	188
5102	186
5103	204
5104	195
5105	196
5106	197
5107	171
5108	187
5109	191
5110	201
5111	188
5112	183
5113	189
5114	192
5115	210
5116	202
5117	173
5118	200
5119	201
5120	197
5121	204
5122	211
5123	168
5124	223
5125	185
5126	196
5127	181
5128	196
5129	170
5130	205
5131	164
5132	188
5133	173
5134	201
5135	195
5136	187
5137	186
5138	194
5139	206
5140	165
5141	193
5142	172
5143	191
5144	181
5145	198
5146	202
5147	198
5148	200
5149	179
5150	197
5151	212
5152	182
5153	175
5154	156
5155	189
5156	208
5157	189
5158	176
5159	167
5160	181
5161	181
5162	181
5163	162
5164	155
5165	178
5166	190
5167	174
5168	179
5169	183
5170	164
5171	156
5172	182
5173	186
5174	168
5175	184
5176	193
5177	190
5178	187
5179	197
5180	201
5181	176
5182	163
5183	166
5184	158
5185	208
5186	205
5187	188
5188	165
5189	211
5190	193
5191	187
5192	174
5193	169
5194	190
5195	184
5196	196
5197	181
5198	172
5199	173
5200	185
5201	178
5202	188
5203	191
5204	195
5205	166
5206	180
5207	177
5208	203
5209	174
5210	160
5211	203
5212	158
5213	200
5214	155
5215	147
5216	175
5217	153
5218	169
5219	181
5220	187
5221	165
5222	174
5223	181
5224	176
5225	153
5226	157
5227	175
5228	181
5229	170
5230	155
5231	167
5232	168
5233	164
5234	158
5235	135
5236	163
5237	171
5238	171
5239	160
5240	145
5241	147
5242	164
5243	159
5244	151
5245	184
5246	148
5247	174
5248	157
5249	192
5250	176
5251	159
5252	163
5253	180
5254	176
5255	155
5256	151
5257	171
5258	168
5259	175
5260	168
5261	181
5262	147
5263	178
5264	165
5265	160
5266	174
5267	161
5268	156
5269	168
5270	150
5271	149
5272	171
5273	148
5274	171
5275	153
5276	174
5277	144
5278	175
5279	160
5280	158
5281	174
5282	150
5283	146
5284	159
5285	159
5286	169
5287	160
5288	168
5289	168
5290	141
5291	170
5292	150
5293	157
5294	158
5295	145
5296	151
5297	141
5298	161
5299	138
5300	160
5301	150
5302	142
5303	149
5304	170
5305	133
5306	158
5307	155
5308	139
5309	151
5310	151
5311	158
5312	183
5313	144
5314	145
5315	159
5316	144
5317	153
5318	173
5319	158
5320	147
5321	133
5322	127
5323	170
5324	165
5325	144
5326	130
5327	159
5328	166
5329	148
5330	141
5331	141
5332	142
5333	143
5334	164
5335	152
5336	149
5337	162
5338	153
5339	156
5340	144
5341	143
5342	135
5343	140
5344	145
5345	133
5346	152
5347	173
5348	144
5349	122
5350	159
5351	173
5352	153
5353	149
5354	146
5355	161
5356	146
5357	128
5358	159
5359	136
5360	154
5361	151
5362	154
5363	148
5364	156
5365	140
5366	119
5367	140
5368	136
5369	130
5370	143
5371	136
5372	141
5373	150
5374	137
5375	141
5376	120
5377	144
5378	167
5379	128
5380	148
5381	147
5382	134
5383	136
5384	157
5385	147
5386	145
5387	129
5388	136
5389	168
5390	151
5391	135
5392	146
5393	132
5394	131
5395	148
5396	128
5397	134
5398	142
5399	122
5400	149
5401	146
5402	136
5403	141
5404	143
5405	142
5406	163
5407	140
5408	113
5409	134
5410	141
5411	145
5412	156
5413	134
5414	144
5415	142
5416	141
5417	131
5418	154
5419	151
5420	132
5421	151
5422	123
5423	113
5424	123
5425	146
5426	141
5427	109
5428	143
5429	114
5430	108
5431	130
5432	128
5433	146
5434	137
5435	128
5436	132
5437	127
5438	141
5439	131
5440	129
5441	147
5442	133
5443	131
5444	141
5445	121
5446	133
5447	140
5448	143
5449	140
5450	127
5451	118
5452	141
5453	140
5454	119
5455	143
5456	154
5457	144
5458	127
5459	124
5460	126
5461	134
5462	145
5463	130
5464	137
5465	127
5466	148
5467	129
5468	128
5469	131
5470	141
5471	135
5472	142
5473	140
5474	111
5475	127
5476	133
5477	132
5478	142
5479	133
5480	135
5481	112
5482	134
5483	133
5484	137
5485	133
5486	127
5487	155
5488	132
5489	133
5490	127
5491	141
5492	131
5493	142
5494	119
5495	125
5496	119
5497	148
5498	124
5499	140
5500	107
5501	116
5502	136
5503	136
5504	141
5505	136
5506	119
5507	118
5508	137
5509	133
5510	137
5511	152
5512	121
5513	120
5514	129
5515	144
5516	106
5517	122
5518	130
5519	143
5520	138
5521	123
5522	151
5523	129
5524	118
5525	121
5526	120
5527	138
5528	120
5529	131
5530	125
5531	138
5532	123
5533	122
5534	136
5535	154
5536	144
5537	108
5538	123
5539	140
5540	142
5541	108
5542	155
5543	132
5544	129
5545	120
5546	114
5547	135
5548	141
5549	118
5550	122
5551	147
5552	121
5553	129
5554	138
5555	142
5556	127
5557	128
5558	145
5559	135
5560	135
5561	109
5562	144
5563	123
5564	149
5565	136
5566	122
5567	119
5568	151
5569	126
5570	101
5571	114
5572	130
5573	156
5574	142
5575	128
5576	133
5577	149
5578	95
5579	130
5580	140
5581	125
5582	138
5583	134
5584	135
5585	140
5586	151
5587	119
5588	110
5589	131
5590	130
5591	147
5592	119
5593	146
5594	143
5595	131
5596	156
5597	130
5598	131
5599	148
5600	105
5601	135
5602	134
5603	146
5604	141
5605	112
5606	155
5607	122
5608	118
5609	132
5610	121
5611	121
5612	141
5613	132
5614	145
5615	130
5616	112
5617	151
5618	122
5619	106
5620	148
5621	139
5622	142
5623	126
5624	129
5625	146
5626	133
5627	108
5628	131
5629	136
5630	149
5631	140
5632	129
5633	123
5634	124
5635	162
5636	130
5637	137
5638	131
5639	134
5640	137
5641	115
5642	137
5643	134
5644	139
5645	111
5646	157
5647	122
5648	134
5649	134
5650	130
5651	131
5652	147
5653	130
5654	133
5655	136
5656	136
5657	134
5658	126
5659	134
5660	135
5661	128
5662	134
5663	134
5664	126
5665	123
5666	125
5667	132
5668	120
5669	120
5670	144
5671	127
5672	120
5673	122
5674	151
5675	137
5676	154
5677	120
5678	129
5679	131
5680	117
5681	145
5682	151
5683	164
5684	142
5685	129
5686	142
5687	133
5688	119
5689	130
5690	143
5691	147
5692	147
5693	142
5694	124
5695	134
5696	137
5697	134
5698	134
5699	159
5700	146
5701	141
5702	136
5703	137
5704	153
5705	141
5706	122
5707	120
5708	133
5709	135
5710	132
5711	156
5712	134
5713	156
5714	142
5715	138
5716	133
5717	149
5718	141
5719	150
5720	149
5721	137
5722	137
5723	137
5724	150
5725	144
5726	138
5727	153
5728	156
5729	158
5730	153
5731	136
5732	139
5733	152
5734	150
5735	142
5736	163
5737	134
5738	143
5739	136
5740	131
5741	155
5742	137
5743	151
5744	135
5745	125
5746	141
5747	177
5748	153
5749	142
5750	145
5751	140
5752	148
5753	131
5754	171
5755	144
5756	142
5757	151
5758	159
5759	169
5760	137
5761	136
5762	123
5763	150
5764	133
5765	127
5766	154
5767	152
5768	138
5769	145
5770	115
5771	156
5772	147
5773	156
5774	143
5775	172
5776	152
5777	138
5778	139
5779	182
5780	153
5781	142
5782	149
5783	151
5784	148
5785	147
5786	160
5787	157
5788	123
5789	119
5790	132
5791	168
5792	139
5793	131
5794	159
5795	156
5796	170
5797	132
5798	146
5799	132
5800	167
5801	127
5802	137
5803	135
5804	146
5805	143
5806	127
5807	142
5808	147
5809	154
5810	166
5811	147
5812	162
5813	123
5814	160
5815	155
5816	148
5817	128
5818	131
5819	145
5820	153
5821	145
5822	129
5823	152
5824	142
5825	158
5826	150
5827	165
5828	148
5829	148
5830	155
5831	157
5832	142
5833	142
5834	164
5835	182
5836	147
5837	134
5838	151
5839	131
5840	142
5841	149
5842	147
5843	150
5844	161
5845	141
5846	167
5847	140
5848	163
5849	149
5850	163
5851	138
5852	146
5853	133
5854	150
5855	160
5856	159
5857	152
5858	149
5859	126
5860	164
5861	162
5862	152
5863	163
5864	161
5865	141
5866	137
5867	147
5868	128
5869	149
5870	135
5871	148
5872	135
5873	147
5874	131
5875	126
5876	149
5877	138
5878	137
5879	151
5880	149
5881	159
5882	135
5883	139
5884	157
5885	156
5886	168
5887	167
5888	139
5889	157
5890	157
5891	159
5892	151
5893	147
5894	144
5895	146
5896	144
5897	138
5898	152
5899	143
5900	154
5901	165
5902	131
5903	161
5904	146
5905	147
5906	170
5907	142
5908	135
5909	148
5910	144
5911	160
5912	163
5913	158
5914	126
5915	142
5916	136
5917	159
5918	138
5919	162
5920	163
5921	156
5922	155
5923	150
5924	148
5925	144
5926	158
5927	154
5928	151
5929	137
5930	127
5931	145
5932	163
5933	149
5934	124
5935	141
5936	154
5937	133
5938	155
5939	139
5940	151
5941	137
5942	153
5943	164
5944	156
5945	150
5946	120
5947	132
5948	160
5949	139
5950	157
5951	126
5952	124
5953	151
5954	143
5955	152
5956	145
5957	140
5958	143
5959	144
5960	156
5961	142
5962	162
5963	158
5964	160
5965	153
5966	155
5967	141
5968	132
5969	161
5970	145
5971	156
5972	160
5973	153
5974	143
5975	154
5976	144
5977	145
5978	141
5979	151
5980	141
5981	132
5982	146
5983	159
5984	140
5985	146
5986	151
5987	145
5988	146
5989	155
5990	138
5991	138
5992	138
5993	126
5994	140
5995	139
5996	139
5997	104
5998	142
5999	144
6000	133
6001	139
6002	123
6003	156
6004	133
6005	142
6006	153
6007	140
6008	122
6009	142
6010	153
6011	118
6012	158
6013	139
6014	133
6015	147
6016	127
6017	151
6018	126
6019	148
6020	115
6021	139
6022	130
6023	142
6024	136
6025	122
6026	150
6027	137
6028	139
6029	134
6030	120
6031	125
6032	138
6033	117
6034	151
6035	119
6036	117
6037	120
6038	114
6039	137
6040	136
6041	143
6042	100
6043	147
6044	140
6045	125
6046	122
6047	121
6048	119
6049	133
6050	119
6051	135
6052	133
6053	124
6054	128
6055	132
6056	148
6057	121
6058	140
6059	145
6060	107
6061	128
6062	137
6063	145
6064	123
6065	121
6066	120
6067	128
6068	131
6069	119
6070	122
6071	115
6072	116
6073	115
6074	132
6075	128
6076	132
6077	144
6078	108
6079	141
6080	126
6081	131
6082	117
6083	119
6084	118
6085	126
6086	117
6087	129
6088	131
6089	105
6090	137
6091	126
6092	122
6093	150
6094	134
6095	123
6096	123
6097	123
6098	129
6099	132
6100	117
6101	102
6102	134
6103	133
6104	109
6105	114
6106	129
6107	131
6108	122
6109	96
6110	138
6111	118
6112	110
6113	112
6114	100
6115	137
6116	107
6117	102
6118	131
6119	125
6120	124
6121	123
6122	126
6123	125
6124	106
6125	106
6126	125
6127	120
6128	110
6129	133
6130	106
6131	116
6132	112
6133	94
6134	118
6135	122
6136	106
6137	119
6138	102
6139	106
6140	111
6141	123
6142	96
6143	112
6144	103
6145	113
6146	113
6147	108
6148	115
6149	105
6150	111
6151	121
6152	99
6153	99
6154	120
6155	103
6156	115
6157	114
6158	90
6159	110
6160	120
6161	100
6162	110
6163	109
6164	115
6165	117
6166	107
6167	129
6168	115
6169	112
6170	120
6171	119
6172	116
6173	109
6174	75
6175	98
6176	100
6177	120
6178	103
6179	110
6180	95
6181	113
6182	90
6183	103
6184	101
6185	104
6186	118
6187	113
6188	98
6189	117
6190	94
6191	98
6192	96
6193	104
6194	108
6195	107
6196	97
6197	107
6198	102
6199	111
6200	93
6201	127
6202	122
6203	93
6204	109
6205	109
6206	90
6207	86
6208	105
6209	100
6210	105
6211	80
6212	91
6213	106
6214	102
6215	115
6216	100
6217	93
6218	88
6219	102
6220	95
6221	103
6222	99
6223	108
6224	103
6225	104
6226	94
6227	82
6228	101
6229	104
6230	85
6231	87
6232	102
6233	105
6234	76
6235	80
6236	97
6237	93
6238	91
6239	97
6240	104
6241	88
6242	101
6243	83
6244	73
6245	95
6246	103
6247	80
6248	97
6249	106
6250	105
6251	68
6252	93
6253	97
6254	67
6255	88
6256	82
6257	97
6258	81
6259	107
6260	83
6261	97
6262	84
6263	79
6264	73
6265	92
6266	79
6267	88
6268	89
6269	81
6270	83
6271	96
6272	79
6273	104
6274	79
6275	91
6276	68
6277	84
6278	77
6279	93
6280	92
6281	88
6282	79
6283	98
6284	94
6285	72
6286	82
6287	90
6288	83
6289	78
6290	82
6291	92
6292	93
6293	80
6294	80
6295	101
6296	60
6297	79
6298	70
6299	97
6300	74
6301	71
6302	60
6303	85
6304	84
6305	64
6306	82
6307	83
6308	84
6309	72
6310	56
6311	93
6312	97
6313	88
6314	76
6315	75
6316	81
6317	95
6318	71
6319	71
6320	66
6321	84
6322	79
6323	75
6324	75
6325	91
6326	68
6327	80
6328	86
6329	82
6330	87
6331	87
6332	84
6333	70
6334	66
6335	70
6336	76
6337	75
6338	89
6339	74
6340	70
6341	66
6342	65
6343	72
6344	70
6345	70
6346	62
6347	75
6348	61
6349	57
6350	84
6351	71
6352	66
6353	69
6354	71
6355	72
6356	74
6357	59
6358	66
6359	75
6360	73
6361	79
6362	68
6363	75
6364	69
6365	69
6366	72
6367	70
6368	80
6369	61
6370	73
6371	64
6372	63
6373	72
6374	55
6375	61
6376	70
6377	73
6378	73
6379	53
6380	84
6381	69
6382	77
6383	63
6384	68
6385	67
6386	68
6387	60
6388	50
6389	46
6390	45
6391	63
6392	67
6393	71
6394	65
6395	66
6396	59
6397	57
6398	52
6399	69
6400	66
6401	60
6402	56
6403	57
6404	62
6405	62
6406	58
6407	52
6408	54
6409	62
6410	46
6411	74
6412	64
6413	55
6414	47
6415	67
6416	58
6417	51
6418	54
6419	77
6420	71
6421	72
6422	63
6423	75
6424	53
6425	56
6426	56
6427	70
6428	62
6429	61
6430	66
6431	56
6432	43
6433	64
6434	56
6435	49
6436	66
6437	60
6438	51
6439	54
6440	63
6441	63
6442	56
6443	49
6444	60
6445	48
6446	53
6447	58
6448	58
6449	67
6450	56
6451	55
6452	39
6453	53
6454	56
6455	47
6456	55
6457	57
6458	62
6459	52
6460	61
6461	56
6462	47
6463	45
6464	68
6465	68
6466	48
6467	60
6468	55
6469	49
6470	57
6471	42
6472	47
6473	59
6474	62
6475	46
6476	53
6477	48
6478	46
6479	48
6480	56
6481	40
6482	52
6483	57
6484	57
6485	51
6486	57
6487	51
6488	57
6489	51
6490	50
6491	57
6492	50
6493	49
6494	54
6495	66
6496	44
6497	52
6498	65
6499	53
6500	64
6501	51
6502	66
6503	52
6504	43
6505	56
6506	40
6507	56
6508	44
6509	57
6510	48
6511	43
6512	44
6513	45
6514	57
6515	50
6516	50
6517	46
6518	38
6519	54
6520	43
6521	54
6522	56
6523	49
6524	37
6525	42
6526	58
6527	63
6528	50
6529	54
6530	38
6531	63
6532	42
6533	47
6534	43
6535	40
6536	40
6537	37
6538	44
6539	50
6540	53
6541	51
6542	49
6543	45
6544	45
6545	53
6546	51
6547	51
6548	49
6549	53
6550	39
6551	57
6552	39
6553	41
6554	39
6555	56
6556	50
6557	35
6558	42
6559	36
6560	46
6561	49
6562	55
6563	48
6564	47
6565	50
6566	58
6567	47
6568	44
6569	46
6570	60
6571	54
6572	40
6573	44
6574	33
6575	45
6576	64
6577	50
6578	36
6579	36
6580	36
6581	37
6582	48
6583	30
6584	33
6585	49
6586	36
6587	48
6588	51
6589	52
6590	33
6591	41
6592	51
6593	30
6594	46
6595	31
6596	46
6597	50
6598	52
6599	32
6600	59
6601	56
6602	43
6603	64
6604	46
6605	49
6606	41
6607	49
6608	62
6609	52
6610	44
6611	55
6612	50
6613	36
6614	50
6615	37
6616	48
6617	40
6618	38
6619	44
6620	36
6621	35
6622	43
6623	41
6624	39
6625	40
6626	45
6627	42
6628	37
6629	34
6630	48
6631	38
6632	31
6633	40
6634	56
6635	40
6636	48
6637	46
6638	39
6639	45
6640	52
6641	34
6642	37
6643	41
6644	30
6645	40
6646	39
6647	49
6648	33
6649	38
6650	39
6651	43
6652	38
6653	36
6654	44
6655	43
6656	32
6657	40
6658	43
6659	42
6660	35
6661	22
6662	45
6663	57
6664	40
6665	37
6666	41
6667	34
6668	47
6669	55
6670	49
6671	35
6672	40
6673	46
6674	40
6675	43
6676	38
6677	44
6678	38
6679	39
6680	46
6681	42
6682	37
6683	40
6684	42
6685	44
6686	36
6687	53
6688	33
6689	32
6690	43
6691	32
6692	42
6693	46
6694	21
6695	46
6696	45
6697	41
6698	36
6699	41
6700	42
6701	37
6702	36
6703	38
6704	22
6705	38
6706	30
6707	50
6708	44
6709	39
6710	51
6711	32
6712	42
6713	39
6714	31
6715	45
6716	41
6717	35
6718	36
6719	23
6720	40
6721	37
6722	40
6723	27
6724	51
6725	53
6726	34
6727	37
6728	34
6729	34
6730	52
6731	26
6732	35
6733	41
6734	45
6735	52
6736	37
6737	52
6738	37
6739	47
6740	42
6741	42
6742	42
6743	47
6744	44
6745	31
6746	41
6747	46
6748	30
6749	36
6750	51
6751	38
6752	34
6753	44
6754	42
6755	35
6756	28
6757	31
6758	41
6759	33
6760	34
6761	28
6762	47
6763	35
6764	57
6765	40
6766	32
6767	35
6768	38
6769	36
6770	37
6771	43
6772	48
6773	31
6774	34
6775	27
6776	36
6777	31
6778	27
6779	34
6780	33
6781	35
6782	30
6783	28
6784	39
6785	29
6786	38
6787	41
6788	37
6789	36
6790	33
6791	22
6792	25
6793	38
6794	31
6795	37
6796	35
6797	36
6798	31
6799	34
6800	33
6801	44
6802	37
6803	33
6804	29
6805	28
6806	24
6807	31
6808	29
6809	28
6810	38
6811	27
6812	29
6813	30
6814	26
6815	27
6816	21
6817	37
6818	26
6819	31
6820	34
6821	39
6822	18
6823	32
6824	39
6825	39
6826	28
6827	33
6828	31
6829	32
6830	24
6831	24
6832	31
6833	39
6834	36
6835	35
6836	24
6837	34
6838	30
6839	19
6840	23
6841	27
6842	28
6843	30
6844	37
6845	24
6846	22
6847	25
6848	36
6849	23
6850	31
6851	26
6852	32
6853	38
6854	20
6855	30
6856	33
6857	35
6858	27
6859	27
6860	37
6861	30
6862	26
6863	31
6864	24
6865	27
6866	23
6867	31
6868	29
6869	33
6870	22
6871	25
6872	34
6873	28
6874	29
6875	30
6876	25
6877	42
6878	36
6879	32
6880	32
6881	33
6882	26
6883	40
6884	31
6885	29
6886	27
6887	27
6888	29
6889	29
6890	31
6891	24
6892	25
6893	28
6894	31
6895	32
6896	26
6897	29
6898	17
6899	25
6900	21
6901	20
6902	22
6903	32
6904	21
6905	29
6906	28
6907	19
6908	27
6909	23
6910	24
6911	22
6912	18
6913	24
6914	18
6915	22
6916	16
6917	21
6918	28
6919	19
6920	30
6921	21
6922	18
6923	23
6924	29
6925	24
6926	22
6927	24
6928	30
6929	27
6930	18
6931	29
6932	23
6933	19
6934	21
6935	24
6936	19
6937	23
6938	13
6939	20
6940	22
6941	20
6942	14
6943	19
6944	17
6945	17
6946	20
6947	16
6948	16
6949	17
6950	25
6951	19
6952	21
6953	21
6954	19
6955	15
6956	14
6957	16
6958	21
6959	17
6960	23
6961	11
6962	25
6963	14
6964	29
6965	12
6966	19
6967	17
6968	10
6969	14
6970	19
6971	23
6972	14
6973	17
6974	14
6975	18
6976	18
6977	15
6978	22
6979	10
6980	16
6981	14
6982	15
6983	20
6984	19
6985	15
6986	18
6987	17
6988	24
6989	13
6990	17
6991	17
6992	17
6993	21
6994	11
6995	12
6996	9
6997	12
6998	7
6999	8
7000	16
7001	17
7002	10
7003	16
7004	9
7005	13
7006	9
7007	8
7008	16
7009	5
7010	15
7011	11
7012	9
7013	16
7014	21
7015	17
7016	11
7017	19
7018	14
7019	14
7020	12
7021	21
7022	9
7023	9
7024	9
7025	14
7026	17
7027	9
7028	5
7029	7
7030	14
7031	11
7032	11
7033	22
7034	16
7035	12
7036	16
7037	10
7038	14
7039	11
7040	9
7041	12
7042	10
7043	12
7044	16
7045	6
7046	8
7047	12
7048	10
7049	12
7050	7
7051	14
7052	8
7053	11
7054	4
7055	15
7056	7
7057	16
7058	11
7059	7
7060	8
7061	14
7062	4
7063	18
7064	10
7065	11
7066	6
7067	9
7068	12
7069	10
7070	5
7071	10
7072	6
7073	7
7074	5
7075	8
7076	7
7077	8
7078	6
7079	7
7080	9
7081	7
7082	7
7083	6
7084	8
7085	6
7086	9
7087	6
7088	11
7089	5
7090	5
7091	10
7092	12
7093	5
7094	13
7095	5
7096	11
7097	6
7098	8
7099	7
7100	9
7101	9
7102	4
7103	9
7104	5
7105	5
7106	8
7107	4
7108	13
7109	2
7110	11
7111	8
7112	7
7113	7
7114	6
7115	2
7116	2
7117	5
7118	4
7119	2
7120	4
7121	8
7122	7
7123	9
7124	4
7125	5
7126	6
7127	8
7128	8
7129	6
7130	10
7131	1
7132	2
7133	4
7134	7
7135	3
7136	4
7137	2
7138	3
7139	6
7140	5
7141	5
7142	5
7143	7
7144	5
7145	8
7146	2
7147	2
7148	2
7149	1
7150	8
7151	3
7152	4
7153	2
7154	3
7155	6
7156	4
7157	7
7158	5
7159	3
7160	6
7161	2
7162	2
7163	5
7164	6
7165	7
7166	3
7167	4
7168	3
7169	10
7170	4
7171	2
7172	10
7173	4
7174	3
7175	4
7176	6
7177	5
7178	5
7179	0
7180	2
7181	8
7182	2
7183	3
7184	3
7185	5
7186	2
7187	2
7188	0
7189	5
7190	4
7191	8
7192	1
7193	3
7194	1
7195	2
7196	3
7197	1
7198	3
7199	1
7200	2
7201	2
7202	2
7203	1
7204	2
7205	4
7206	1
7207	6
7208	2
7209	4
7210	0
7211	1
7212	3
7213	2
7214	4
7215	7
7216	7
7217	2
7218	2
7219	2
7220	5
7221	2
7222	3
7223	1
7224	2
7225	2
7226	1
7227	1
7228	5
7229	2
7230	3
7231	1
7232	4
7233	2
7234	1
7235	3
7236	4
7237	0
7238	5
7239	3
7240	5
7241	6
7242	1
7243	3
7244	0
7245	1
7246	1
7247	2
7248	0
7249	1
7250	2
7251	2
7252	5
7253	4
7254	3
7255	5
7256	2
7257	2
7258	1
7259	2
7260	2
7261	3
7262	2
7263	1
7264	2
7265	1
7266	3
7267	2
7268	2
7269	2
7270	0
7271	2
7272	4
7273	0
7274	1
7275	0
7276	2
7277	1
7278	2
7279	3
7280	0
7281	3
7282	2
7283	1
7284	2
7285	0
7286	3
7287	2
7288	2
7289	2
7290	1
7291	2
7292	1
7293	1
7294	4
7295	1
7296	2
7297	0
7298	2
7299	0
7300	0
7301	0
7302	3
7303	0
7304	1
7305	1
7306	1
7307	1
7308	2
7309	1
7310	4
7311	2
7312	1
7313	2
7314	1
7315	1
7316	2
7317	1
7318	2
7319	1
7320	2
7321	1
7322	1
7323	2
7324	1
7325	1
7326	0
7327	2
7328	3
7329	1
7330	2
7331	1
7332	1
7333	1
7334	1
7335	1
7336	1
7337	1
7338	0
7339	0
7340	2
7341	2
7342	4
7343	1
7344	2
7345	5
7346	1
7347	1
7348	0
7349	3
7350	1
7351	0
7352	2
7353	1
7354	1
7355	1
7356	4
7357	0
7358	1
7359	0
7360	0
7361	3
7362	0
7363	2
7364	2
7365	1
7366	1
7367	0
7368	1
7369	2
7370	0
7371	0
7372	2
7373	1
7374	3
7375	2
7376	0
7377	2
7378	2
7379	0
7380	1
7381	2
7382	2
7383	2
7384	3
7385	1
7386	3
7387	1
7388	2
7389	0
7390	1
7391	4
7392	2
7393	0
7394	0
7395	0
7396	2
7397	0
7398	3
7399	1
7400	1
7401	1
7402	1
7403	0
7404	1
7405	2
7406	3
7407	1
7408	2
7409	1
7410	0
7411	1
7412	1
7413	1
7414	1
7415	0
7416	1
7417	1
7418	1
7419	3
7420	1
7421	3
7422	1
7423	2
7424	2
7425	2
7426	2
7427	1
7428	1
7429	2
7430	0
7431	0
7432	1
7433	0
7434	1
7435	2
7436	1
7437	2
7438	1
7439	0
7440	1
7441	0
7442	1
7443	2
7444	0
7445	1
7446	0
7447	0
7448	0
7449	1
7450	1
7451	2
7452	0
7453	2
7454	1
7455	1
7456	1
7457	1
7458	1
7459	0
7460	0
7461	1
7462	2
7463	3
7464	1
7465	1
7466	2
7467	3
7468	2
7469	2
7470	1
7471	2
7472	1
7473	4
7474	1
7475	0
7476	1
7477	0
7478	2
7479	1
7480	1
7481	1
7482	0
7483	0
7484	1
7485	0
7486	1
7487	2
7488	0
7489	1
7490	1
7491	0
7492	0
7493	3
7494	2
7495	1
7496	1
7497	2
7498	2
7499	1
7500	0
7501	1
7502	2
7503	0
7504	1
7505	2
7506	2
7507	0
7508	0
7509	1
7510	1
7511	1
7512	3
7513	1
7514	2
7515	3
7516	1
7517	1
7518	1
7519	1
7520	1
7521	1
7522	1
7523	1
7524	1
7525	0
7526	1
7527	1
7528	2
7529	1
7530	0
7531	2
7532	2
7533	0
7534	0
7535	3
7536	1
7537	1
7538	5
7539	0
7540	1
7541	0
7542	0
7543	2
7544	0
7545	3
7546	0
7547	2
7548	4
7549	1
7550	2
7551	0
7552	2
7553	0
7554	1
7555	3
7556	2
7557	1
7558	0
7559	0
7560	1
7561	1
7562	0
7563	2
7564	3
7565	0
7566	0
7567	1
7568	0
7569	1
7570	0
7571	1
7572	0
7573	3
7574	1
7575	1
7576	0
7577	1
7578	1
7579	3
7580	1
7581	3
7582	2
7583	1
7584	1
7585	2
7586	2
7587	0
7588	1
7589	1
7590	2
7591	2
7592	0
7593	0
7594	1
7595	1
7596	0
7597	1
7598	2
7599	0
7600	0
7601	2
7602	1
7603	0
7604	1
7605	6
7606	0
7607	3
7608	1
7609	3
7610	1
7611	2
7612	1
7613	1
7614	1
7615	2
7616	3
7617	0
7618	0
7619	1
7620	1
7621	1
7622	2
7623	1
7624	1
7625	1
7626	0
7627	1
7628	1
7629	1
7630	2
7631	2
7632	0
7633	1
7634	1
7635	1
7636	0
7637	0
7638	1
7639	1
7640	1
7641	1
7642	2
7643	2
7644	1
7645	0
7646	2
7647	2
7648	2
7649	1
7650	0
7651	1
7652	0
7653	2
7654	3
7655	1
7656	1
7657	1
7658	1
7659	1
7660	0
7661	0
7662	2
7663	0
7664	1
7665	3
7666	2
7667	1
7668	2
7669	0
7670	0
7671	1
7672	0
7673	0
7674	0
7675	1
7676	1
7677	1
7678	1
7679	2
7680	1
7681	1
7682	0
7683	1
7684	1
7685	1
7686	0
7687	0
7688	1
7689	0
7690	2
7691	1
7692	2
7693	1
7694	2
7695	0
7696	0
7697	0
7698	3
7699	0
7700	1
7701	1
7702	1
7703	2
7704	4
7705	0
7706	0
7707	1
7708	0
7709	2
7710	2
7711	0
7712	1
7713	2
7714	0
7715	1
7716	0
7717	0
7718	1
7719	1
7720	0
7721	1
7722	0
7723	0
7724	3
7725	1
7726	0
7727	1
7728	2
7729	2
7730	1
7731	1
7732	1
7733	0
7734	0
7735	0
7736	0
7737	0
7738	0
7739	2
7740	2
7741	1
7742	0
7743	1
7744	0
7745	0
7746	1
7747	1
7748	2
7749	2
7750	1
7751	0
7752	5
7753	1
7754	0
7755	0
7756	0
7757	2
7758	2
7759	3
7760	1
7761	2
7762	0
7763	0
7764	0
7765	0
7766	0
7767	1
7768	2
7769	1
7770	0
7771	1
7772	2
7773	4
7774	0
7775	0
7776	2
7777	1
7778	1
7779	3
7780	1
7781	0
7782	2
7783	2
7784	0
7785	0
7786	1
7787	0
7788	0
7789	1
7790	1
7791	2
7792	0
7793	0
7794	0
7795	2
7796	0
7797	1
7798	0
7799	0
7800	1
7801	2
7802	0
7803	0
7804	1
7805	1
7806	1
7807	2
7808	1
7809	1
7810	0
7811	1
7812	2
7813	2
7814	0
7815	2
7816	0
7817	3
7818	1
7819	1
7820	1
7821	0
7822	1
7823	1
7824	0
7825	4
7826	1
7827	1
7828	1
7829	1
7830	2
7831	0
7832	2
7833	0
7834	0
7835	1
7836	1
7837	1
7838	1
7839	0
7840	3
7841	0
7842	0
7843	1
7844	2
7845	0
7846	1
7847	0
7848	1
7849	2
7850	0
7851	1
7852	3
7853	0
7854	2
7855	1
7856	1
7857	0
7858	2
7859	0
7860	1
7861	1
7862	0
7863	2
7864	0
7865	2
7866	0
7867	1
7868	2
7869	1
7870	0
7871	2
7872	0
7873	2
7874	0
7875	0
7876	3
7877	1
7878	2
7879	1
7880	3
7881	0
7882	2
7883	0
7884	1
7885	1
7886	1
7887	1
7888	1
7889	2
7890	1
7891	1
7892	0
7893	1
7894	1
7895	1
7896	0
7897	1
7898	0
7899	0
7900	0
7901	0
7902	3
7903	0
7904	1
7905	0
7906	0
7907	1
7908	1
7909	1
7910	1
7911	1
7912	1
7913	0
7914	1
7915	0
7916	0
7917	2
7918	0
7919	0
7920	4
7921	2
7922	0
7923	0
7924	0
7925	3
7926	2
7927	3
7928	2
7929	1
7930	2
7931	1
7932	1
7933	2
7934	2
7935	3
7936	0
7937	0
7938	1
7939	1
7940	2
7941	0
7942	1
7943	5
7944	1
7945	0
7946	1
7947	2
7948	1
7949	1
7950	1
7951	0
7952	0
7953	0
7954	0
7955	1
7956	0
7957	0
7958	4
7959	0
7960	3
7961	3
7962	0
7963	1
7964	0
7965	0
7966	0
7967	1
7968	2
7969	2
7970	1
7971	1
7972	3
7973	0
7974	0
7975	2
7976	1
7977	3
7978	2
7979	1
7980	1
7981	0
7982	1
7983	1
7984	0
7985	0
7986	0
7987	2
7988	0
7989	0
7990	2
7991	3
7992	1
7993	0
7994	0
7995	1
7996	1
7997	0
7998	0
7999	0
8000	0
8001	1
8002	0
8003	0
8004	0
8005	0
8006	2
8007	2
8008	2
8009	0
8010	1
8011	0
8012	1
8013	1
8014	1
8015	2
8016	0
8017	2
8018	0
8019	0
8020	1
8021	1
8022	2
8023	0
8024	1
8025	1
8026	3
8027	1
8028	2
8029	2
8030	0
8031	2
8032	2
8033	1
8034	0
8035	2
8036	1
8037	0
8038	0
8039	2
8040	2
8041	0
8042	0
8043	1
8044	0
8045	0
8046	2
8047	4
8048	2
8049	2
8050	1
8051	0
8052	3
8053	3
8054	0
8055	2
8056	0
8057	1
8058	1
8059	0
8060	0
8061	1
8062	2
8063	1
8064	1
8065	0
8066	0
8067	1
8068	0
8069	3
8070	2
8071	1
8072	0
8073	1
8074	0
8075	1
8076	0
8077	1
8078	0
8079	0
8080	0
8081	0
8082	1
8083	2
8084	2
8085	1
8086	0
8087	1
8088	0
8089	1
8090	1
8091	3
8092	2
8093	1
8094	1
8095	0
8096	1
8097	1
8098	1
8099	0
8100	0
8101	0
8102	0
8103	1
8104	0
8105	0
8106	0
8107	0
8108	0
8109	0
8110	1
8111	0
8112	0
8113	0
8114	0
8115	0
8116	0
8117	0
8118	0
8119	0
8120	0
8121	0
8122	0
8123	0
8124	0
8125	0
8126	0
8127	0
8128	0
8129	0
8130	0
8131	0
8132	0
8133	0
8134	0
8135	0
8136	0
8137	0
8138	0
8139	0
8140	0
8141	0
8142	0
8143	0
8144	0
8145	0
8146	0
8147	0
8148	0
8149	0
8150	0
8151	0
8152	0
8153	0
8154	0
8155	0
8156	0
8157	0
8158	0
8159	0
8160	0
8161	0
8162	0
8163	0
8164	0
8165	0
8166	0
8167	0
8168	0
8169	0
8170	0
8171	0
8172	0
8173	0
8174	0
8175	0
8176	0
8177	0
8178	0
8179	0
8180	0
8181	0
8182	0
8183	0
8184	0
8185	0
8186	0
8187	0
8188	0
8189	0
8190	0
8191	0
