0	0
1	0
2	0
3	0
4	0
5	0
6	0
7	0
8	0
9	0
10	0
11	0
12	0
13	0
14	0
15	0
16	0
17	0
18	0
19	0
20	0
21	0
22	0
23	0
24	0
25	0
26	0
27	0
28	0
29	0
30	0
31	0
32	0
33	0
34	0
35	0
36	0
37	0
38	0
39	0
40	0
41	0
42	0
43	0
44	0
45	0
46	0
47	0
48	0
49	0
50	0
51	0
52	0
53	0
54	0
55	0
56	0
57	0
58	0
59	0
60	0
61	0
62	0
63	0
64	0
65	0
66	0
67	0
68	0
69	0
70	0
71	0
72	0
73	0
74	0
75	0
76	0
77	0
78	0
79	0
80	0
81	0
82	0
83	0
84	0
85	0
86	0
87	0
88	0
89	0
90	0
91	0
92	0
93	0
94	0
95	0
96	0
97	0
98	0
99	0
100	0
101	0
102	0
103	0
104	0
105	0
106	0
107	0
108	0
109	0
110	0
111	0
112	0
113	0
114	0
115	0
116	0
117	0
118	0
119	0
120	0
121	0
122	0
123	0
124	0
125	0
126	0
127	0
128	0
129	0
130	0
131	0
132	0
133	0
134	0
135	0
136	0
137	0
138	0
139	0
140	0
141	0
142	0
143	0
144	0
145	0
146	0
147	0
148	0
149	0
150	0
151	0
152	0
153	0
154	0
155	0
156	0
157	0
158	0
159	0
160	0
161	0
162	0
163	0
164	0
165	0
166	0
167	0
168	0
169	0
170	0
171	0
172	0
173	0
174	0
175	0
176	0
177	0
178	0
179	2
180	7
181	27
182	65
183	81
184	82
185	82
186	69
187	86
188	70
189	73
190	71
191	71
192	72
193	76
194	66
195	74
196	74
197	93
198	75
199	79
200	85
201	71
202	59
203	61
204	49
205	55
206	68
207	59
208	62
209	66
210	78
211	61
212	78
213	83
214	68
215	70
216	66
217	61
218	52
219	63
220	75
221	79
222	75
223	64
224	79
225	78
226	70
227	64
228	68
229	66
230	80
231	74
232	69
233	75
234	80
235	62
236	70
237	73
238	70
239	71
240	60
241	65
242	70
243	75
244	57
245	90
246	67
247	64
248	79
249	76
250	75
251	68
252	66
253	71
254	76
255	92
256	74
257	65
258	78
259	80
260	82
261	64
262	78
263	68
264	81
265	84
266	77
267	86
268	45
269	61
270	76
271	72
272	67
273	73
274	78
275	84
276	58
277	65
278	70
279	78
280	64
281	74
282	88
283	70
284	65
285	71
286	67
287	73
288	60
289	78
290	74
291	60
292	78
293	66
294	66
295	77
296	60
297	84
298	69
299	77
300	73
301	79
302	59
303	62
304	64
305	70
306	79
307	71
308	71
309	77
310	75
311	55
312	78
313	62
314	77
315	81
316	72
317	69
318	75
319	67
320	78
321	74
322	66
323	70
324	67
325	73
326	74
327	72
328	77
329	65
330	75
331	73
332	71
333	71
334	69
335	74
336	81
337	47
338	75
339	78
340	74
341	80
342	64
343	59
344	72
345	68
346	93
347	80
348	82
349	90
350	83
351	56
352	79
353	60
354	76
355	73
356	75
357	76
358	78
359	57
360	81
361	68
362	77
363	90
364	75
365	68
366	72
367	69
368	75
369	73
370	74
371	71
372	71
373	86
374	72
375	91
376	65
377	80
378	61
379	62
380	80
381	54
382	75
383	83
384	72
385	79
386	93
387	74
388	79
389	67
390	81
391	70
392	85
393	68
394	75
395	81
396	68
397	85
398	88
399	64
400	83
401	77
402	73
403	85
404	86
405	76
406	71
407	72
408	72
409	87
410	84
411	65
412	77
413	77
414	84
415	95
416	75
417	77
418	79
419	70
420	77
421	70
422	84
423	79
424	71
425	88
426	66
427	70
428	67
429	80
430	69
431	78
432	70
433	82
434	88
435	70
436	81
437	65
438	85
439	73
440	78
441	85
442	56
443	83
444	79
445	68
446	78
447	68
448	64
449	80
450	80
451	74
452	88
453	80
454	83
455	86
456	74
457	68
458	83
459	76
460	87
461	88
462	77
463	87
464	73
465	86
466	85
467	58
468	102
469	82
470	86
471	76
472	90
473	66
474	91
475	67
476	71
477	66
478	91
479	81
480	75
481	88
482	98
483	107
484	92
485	85
486	87
487	88
488	81
489	75
490	66
491	91
492	75
493	96
494	90
495	80
496	77
497	91
498	73
499	82
500	77
501	64
502	70
503	90
504	73
505	79
506	73
507	82
508	87
509	80
510	87
511	85
512	78
513	71
514	78
515	87
516	75
517	69
518	104
519	72
520	70
521	79
522	59
523	72
524	65
525	71
526	69
527	65
528	82
529	82
530	77
531	82
532	83
533	92
534	77
535	83
536	80
537	66
538	89
539	85
540	93
541	67
542	75
543	69
544	83
545	69
546	109
547	78
548	71
549	76
550	62
551	74
552	73
553	88
554	88
555	74
556	70
557	66
558	76
559	77
560	79
561	71
562	75
563	84
564	80
565	90
566	81
567	87
568	78
569	71
570	78
571	88
572	73
573	89
574	71
575	88
576	76
577	79
578	85
579	73
580	85
581	77
582	71
583	85
584	88
585	78
586	72
587	83
588	66
589	86
590	83
591	89
592	90
593	76
594	80
595	87
596	71
597	90
598	77
599	100
600	75
601	72
602	67
603	92
604	69
605	72
606	75
607	78
608	78
609	82
610	80
611	94
612	67
613	75
614	81
615	84
616	82
617	85
618	81
619	74
620	68
621	85
622	78
623	94
624	65
625	84
626	75
627	71
628	83
629	93
630	71
631	90
632	72
633	85
634	75
635	91
636	76
637	74
638	91
639	84
640	86
641	99
642	83
643	87
644	91
645	75
646	66
647	86
648	86
649	80
650	88
651	73
652	73
653	80
654	60
655	77
656	83
657	79
658	71
659	86
660	105
661	72
662	72
663	93
664	73
665	86
666	94
667	82
668	79
669	89
670	99
671	88
672	85
673	77
674	71
675	97
676	89
677	76
678	64
679	87
680	92
681	77
682	97
683	83
684	91
685	89
686	88
687	99
688	93
689	77
690	103
691	89
692	93
693	83
694	76
695	71
696	84
697	84
698	75
699	76
700	82
701	95
702	88
703	82
704	105
705	87
706	94
707	81
708	86
709	85
710	77
711	80
712	95
713	85
714	84
715	92
716	94
717	85
718	91
719	87
720	73
721	105
722	101
723	89
724	102
725	81
726	104
727	74
728	76
729	84
730	84
731	89
732	76
733	89
734	89
735	89
736	89
737	108
738	103
739	86
740	88
741	92
742	76
743	101
744	110
745	89
746	92
747	93
748	81
749	79
750	94
751	96
752	75
753	101
754	89
755	88
756	88
757	82
758	88
759	79
760	85
761	76
762	108
763	96
764	94
765	87
766	105
767	86
768	100
769	90
770	96
771	109
772	99
773	107
774	103
775	105
776	94
777	96
778	113
779	86
780	88
781	100
782	115
783	95
784	95
785	104
786	114
787	113
788	106
789	95
790	100
791	107
792	90
793	110
794	101
795	105
796	128
797	114
798	108
799	91
800	99
801	119
802	119
803	129
804	95
805	95
806	103
807	111
808	118
809	110
810	126
811	100
812	131
813	126
814	130
815	121
816	124
817	133
818	126
819	131
820	112
821	116
822	109
823	145
824	130
825	133
826	122
827	125
828	120
829	139
830	136
831	126
832	135
833	131
834	150
835	132
836	146
837	167
838	135
839	116
840	126
841	127
842	121
843	137
844	141
845	159
846	135
847	132
848	142
849	132
850	145
851	122
852	134
853	123
854	148
855	141
856	145
857	153
858	153
859	164
860	131
861	147
862	147
863	140
864	148
865	139
866	147
867	123
868	137
869	140
870	141
871	154
872	136
873	123
874	139
875	129
876	119
877	152
878	141
879	130
880	137
881	140
882	125
883	152
884	131
885	135
886	131
887	140
888	144
889	147
890	115
891	135
892	133
893	123
894	127
895	117
896	144
897	139
898	116
899	114
900	107
901	120
902	99
903	119
904	130
905	120
906	133
907	110
908	102
909	120
910	127
911	113
912	123
913	102
914	118
915	124
916	137
917	111
918	115
919	104
920	100
921	96
922	111
923	101
924	115
925	103
926	102
927	123
928	106
929	117
930	124
931	118
932	121
933	109
934	99
935	89
936	102
937	80
938	102
939	119
940	107
941	107
942	88
943	111
944	93
945	86
946	92
947	104
948	95
949	128
950	104
951	108
952	88
953	92
954	100
955	112
956	124
957	108
958	102
959	121
960	97
961	106
962	104
963	120
964	99
965	102
966	105
967	115
968	108
969	125
970	109
971	102
972	109
973	107
974	102
975	118
976	109
977	111
978	109
979	118
980	114
981	110
982	105
983	121
984	101
985	97
986	105
987	82
988	92
989	102
990	112
991	111
992	111
993	79
994	120
995	124
996	92
997	115
998	116
999	93
1000	92
1001	106
1002	100
1003	100
1004	104
1005	102
1006	94
1007	91
1008	93
1009	100
1010	108
1011	95
1012	118
1013	91
1014	98
1015	104
1016	109
1017	108
1018	109
1019	104
1020	103
1021	86
1022	103
1023	90
1024	101
1025	91
1026	116
1027	104
1028	103
1029	105
1030	96
1031	80
1032	93
1033	98
1034	95
1035	110
1036	97
1037	95
1038	93
1039	90
1040	96
1041	104
1042	96
1043	89
1044	104
1045	90
1046	77
1047	87
1048	105
1049	79
1050	116
1051	89
1052	91
1053	97
1054	77
1055	92
1056	93
1057	96
1058	99
1059	85
1060	105
1061	92
1062	84
1063	92
1064	86
1065	94
1066	91
1067	91
1068	89
1069	100
1070	68
1071	101
1072	93
1073	69
1074	86
1075	93
1076	95
1077	81
1078	108
1079	83
1080	100
1081	104
1082	85
1083	86
1084	78
1085	95
1086	102
1087	71
1088	96
1089	98
1090	85
1091	83
1092	91
1093	105
1094	94
1095	112
1096	85
1097	74
1098	83
1099	98
1100	99
1101	97
1102	83
1103	91
1104	103
1105	108
1106	95
1107	94
1108	77
1109	94
1110	81
1111	87
1112	101
1113	91
1114	73
1115	106
1116	89
1117	85
1118	83
1119	83
1120	103
1121	98
1122	87
1123	104
1124	88
1125	93
1126	88
1127	85
1128	90
1129	97
1130	75
1131	93
1132	101
1133	90
1134	115
1135	96
1136	103
1137	103
1138	91
1139	99
1140	75
1141	73
1142	76
1143	110
1144	89
1145	93
1146	98
1147	80
1148	95
1149	79
1150	99
1151	97
1152	79
1153	89
1154	81
1155	105
1156	110
1157	95
1158	94
1159	95
1160	94
1161	86
1162	90
1163	107
1164	92
1165	87
1166	97
1167	114
1168	86
1169	91
1170	102
1171	93
1172	99
1173	102
1174	88
1175	99
1176	97
1177	99
1178	85
1179	100
1180	95
1181	98
1182	100
1183	91
1184	99
1185	113
1186	100
1187	88
1188	115
1189	99
1190	90
1191	96
1192	102
1193	93
1194	111
1195	109
1196	98
1197	86
1198	98
1199	108
1200	92
1201	92
1202	110
1203	109
1204	105
1205	92
1206	100
1207	95
1208	94
1209	96
1210	103
1211	103
1212	91
1213	100
1214	88
1215	102
1216	87
1217	98
1218	97
1219	82
1220	106
1221	97
1222	106
1223	104
1224	100
1225	99
1226	109
1227	98
1228	113
1229	102
1230	110
1231	112
1232	87
1233	114
1234	93
1235	110
1236	106
1237	90
1238	100
1239	96
1240	97
1241	112
1242	108
1243	120
1244	106
1245	91
1246	106
1247	115
1248	113
1249	107
1250	89
1251	115
1252	107
1253	110
1254	108
1255	113
1256	95
1257	112
1258	108
1259	104
1260	94
1261	112
1262	103
1263	109
1264	103
1265	80
1266	121
1267	111
1268	97
1269	106
1270	113
1271	128
1272	118
1273	115
1274	103
1275	110
1276	116
1277	90
1278	98
1279	103
1280	95
1281	101
1282	94
1283	106
1284	126
1285	119
1286	111
1287	126
1288	107
1289	114
1290	112
1291	112
1292	102
1293	94
1294	128
1295	135
1296	118
1297	100
1298	102
1299	127
1300	129
1301	112
1302	103
1303	130
1304	116
1305	123
1306	94
1307	110
1308	127
1309	108
1310	105
1311	126
1312	110
1313	112
1314	112
1315	116
1316	109
1317	94
1318	107
1319	112
1320	110
1321	111
1322	100
1323	109
1324	105
1325	114
1326	114
1327	98
1328	127
1329	105
1330	90
1331	91
1332	121
1333	115
1334	105
1335	118
1336	117
1337	124
1338	110
1339	114
1340	117
1341	121
1342	119
1343	123
1344	101
1345	106
1346	119
1347	121
1348	146
1349	125
1350	127
1351	115
1352	126
1353	106
1354	116
1355	128
1356	110
1357	131
1358	116
1359	104
1360	115
1361	122
1362	107
1363	130
1364	99
1365	104
1366	121
1367	129
1368	118
1369	122
1370	121
1371	90
1372	126
1373	131
1374	104
1375	131
1376	126
1377	98
1378	121
1379	108
1380	139
1381	124
1382	116
1383	110
1384	121
1385	114
1386	107
1387	107
1388	115
1389	116
1390	124
1391	141
1392	96
1393	137
1394	133
1395	102
1396	115
1397	127
1398	113
1399	100
1400	133
1401	121
1402	127
1403	114
1404	126
1405	121
1406	122
1407	112
1408	127
1409	118
1410	132
1411	111
1412	118
1413	103
1414	107
1415	119
1416	135
1417	122
1418	124
1419	115
1420	94
1421	128
1422	115
1423	117
1424	120
1425	113
1426	128
1427	122
1428	131
1429	112
1430	120
1431	122
1432	118
1433	113
1434	107
1435	118
1436	107
1437	112
1438	136
1439	135
1440	116
1441	128
1442	126
1443	104
1444	123
1445	136
1446	103
1447	108
1448	114
1449	112
1450	115
1451	118
1452	123
1453	105
1454	131
1455	127
1456	125
1457	116
1458	126
1459	116
1460	122
1461	124
1462	128
1463	115
1464	101
1465	110
1466	106
1467	131
1468	116
1469	115
1470	143
1471	107
1472	133
1473	117
1474	124
1475	116
1476	136
1477	134
1478	127
1479	137
1480	127
1481	139
1482	132
1483	114
1484	123
1485	126
1486	139
1487	132
1488	120
1489	124
1490	124
1491	138
1492	126
1493	111
1494	131
1495	124
1496	136
1497	138
1498	128
1499	137
1500	128
1501	117
1502	122
1503	111
1504	135
1505	106
1506	133
1507	142
1508	118
1509	114
1510	141
1511	118
1512	127
1513	122
1514	143
1515	135
1516	130
1517	128
1518	120
1519	121
1520	112
1521	131
1522	132
1523	136
1524	107
1525	122
1526	114
1527	143
1528	118
1529	118
1530	114
1531	108
1532	122
1533	128
1534	111
1535	150
1536	132
1537	123
1538	106
1539	130
1540	105
1541	130
1542	117
1543	128
1544	102
1545	136
1546	122
1547	127
1548	124
1549	128
1550	132
1551	117
1552	147
1553	108
1554	125
1555	140
1556	117
1557	129
1558	121
1559	140
1560	137
1561	123
1562	123
1563	138
1564	133
1565	130
1566	130
1567	121
1568	93
1569	119
1570	132
1571	102
1572	124
1573	114
1574	126
1575	134
1576	104
1577	137
1578	138
1579	119
1580	116
1581	119
1582	140
1583	137
1584	147
1585	144
1586	133
1587	119
1588	118
1589	145
1590	126
1591	108
1592	127
1593	141
1594	141
1595	124
1596	133
1597	114
1598	107
1599	124
1600	122
1601	143
1602	118
1603	130
1604	126
1605	135
1606	122
1607	111
1608	137
1609	132
1610	115
1611	134
1612	121
1613	148
1614	133
1615	114
1616	120
1617	136
1618	130
1619	174
1620	129
1621	119
1622	153
1623	134
1624	125
1625	135
1626	140
1627	137
1628	111
1629	126
1630	128
1631	136
1632	133
1633	141
1634	125
1635	127
1636	133
1637	136
1638	143
1639	134
1640	139
1641	121
1642	126
1643	145
1644	129
1645	126
1646	110
1647	126
1648	141
1649	132
1650	128
1651	130
1652	149
1653	124
1654	131
1655	131
1656	128
1657	124
1658	132
1659	158
1660	128
1661	114
1662	146
1663	138
1664	148
1665	115
1666	118
1667	123
1668	119
1669	123
1670	115
1671	117
1672	117
1673	115
1674	139
1675	132
1676	136
1677	156
1678	126
1679	132
1680	136
1681	138
1682	130
1683	145
1684	142
1685	146
1686	145
1687	146
1688	152
1689	139
1690	162
1691	152
1692	146
1693	121
1694	136
1695	134
1696	150
1697	154
1698	136
1699	124
1700	112
1701	130
1702	156
1703	121
1704	159
1705	147
1706	133
1707	141
1708	143
1709	129
1710	137
1711	132
1712	142
1713	119
1714	147
1715	138
1716	139
1717	156
1718	138
1719	131
1720	158
1721	129
1722	164
1723	130
1724	151
1725	132
1726	156
1727	123
1728	159
1729	127
1730	168
1731	135
1732	137
1733	160
1734	127
1735	147
1736	137
1737	142
1738	140
1739	147
1740	117
1741	132
1742	121
1743	148
1744	151
1745	139
1746	154
1747	132
1748	152
1749	146
1750	131
1751	125
1752	123
1753	142
1754	144
1755	146
1756	149
1757	132
1758	143
1759	134
1760	140
1761	159
1762	139
1763	142
1764	138
1765	156
1766	157
1767	128
1768	147
1769	138
1770	140
1771	143
1772	132
1773	123
1774	155
1775	159
1776	163
1777	129
1778	143
1779	140
1780	155
1781	139
1782	143
1783	170
1784	131
1785	143
1786	153
1787	134
1788	159
1789	139
1790	134
1791	137
1792	153
1793	146
1794	129
1795	125
1796	131
1797	146
1798	127
1799	136
1800	148
1801	165
1802	146
1803	147
1804	136
1805	133
1806	148
1807	167
1808	151
1809	140
1810	142
1811	148
1812	146
1813	151
1814	176
1815	175
1816	150
1817	151
1818	134
1819	155
1820	162
1821	129
1822	134
1823	142
1824	141
1825	148
1826	138
1827	148
1828	141
1829	150
1830	147
1831	148
1832	144
1833	132
1834	125
1835	133
1836	157
1837	147
1838	149
1839	151
1840	151
1841	153
1842	164
1843	152
1844	114
1845	152
1846	159
1847	130
1848	138
1849	150
1850	142
1851	142
1852	139
1853	138
1854	130
1855	157
1856	136
1857	156
1858	156
1859	155
1860	131
1861	142
1862	158
1863	137
1864	144
1865	156
1866	137
1867	135
1868	150
1869	138
1870	139
1871	181
1872	137
1873	137
1874	126
1875	140
1876	127
1877	142
1878	126
1879	113
1880	143
1881	155
1882	175
1883	168
1884	141
1885	175
1886	137
1887	143
1888	140
1889	156
1890	141
1891	129
1892	136
1893	153
1894	146
1895	138
1896	129
1897	151
1898	140
1899	152
1900	140
1901	142
1902	149
1903	150
1904	153
1905	155
1906	149
1907	153
1908	131
1909	154
1910	138
1911	135
1912	171
1913	144
1914	137
1915	164
1916	156
1917	128
1918	144
1919	140
1920	136
1921	149
1922	151
1923	146
1924	144
1925	127
1926	155
1927	154
1928	140
1929	146
1930	135
1931	134
1932	159
1933	149
1934	160
1935	131
1936	145
1937	154
1938	139
1939	142
1940	149
1941	145
1942	137
1943	150
1944	162
1945	138
1946	140
1947	138
1948	156
1949	141
1950	153
1951	156
1952	163
1953	145
1954	143
1955	155
1956	134
1957	150
1958	151
1959	130
1960	150
1961	132
1962	144
1963	142
1964	151
1965	160
1966	135
1967	134
1968	125
1969	152
1970	154
1971	131
1972	144
1973	156
1974	135
1975	142
1976	147
1977	155
1978	148
1979	129
1980	140
1981	146
1982	140
1983	148
1984	160
1985	134
1986	152
1987	169
1988	139
1989	128
1990	137
1991	147
1992	125
1993	139
1994	153
1995	140
1996	157
1997	131
1998	153
1999	145
2000	142
2001	137
2002	142
2003	153
2004	143
2005	156
2006	129
2007	160
2008	157
2009	164
2010	135
2011	149
2012	148
2013	132
2014	137
2015	137
2016	144
2017	151
2018	137
2019	151
2020	168
2021	162
2022	141
2023	125
2024	153
2025	137
2026	159
2027	157
2028	144
2029	139
2030	139
2031	162
2032	138
2033	128
2034	127
2035	140
2036	138
2037	156
2038	168
2039	146
2040	157
2041	159
2042	148
2043	164
2044	147
2045	150
2046	146
2047	149
2048	148
2049	150
2050	145
2051	159
2052	150
2053	152
2054	143
2055	137
2056	135
2057	159
2058	137
2059	137
2060	142
2061	136
2062	156
2063	164
2064	138
2065	129
2066	158
2067	126
2068	149
2069	149
2070	156
2071	167
2072	133
2073	154
2074	170
2075	134
2076	147
2077	130
2078	139
2079	154
2080	153
2081	130
2082	158
2083	159
2084	131
2085	154
2086	142
2087	171
2088	142
2089	147
2090	150
2091	148
2092	153
2093	126
2094	135
2095	142
2096	148
2097	126
2098	152
2099	136
2100	144
2101	142
2102	145
2103	180
2104	153
2105	141
2106	133
2107	147
2108	118
2109	131
2110	152
2111	144
2112	155
2113	125
2114	112
2115	138
2116	156
2117	145
2118	145
2119	152
2120	133
2121	158
2122	155
2123	128
2124	128
2125	141
2126	141
2127	148
2128	131
2129	138
2130	135
2131	161
2132	161
2133	148
2134	155
2135	128
2136	138
2137	128
2138	141
2139	160
2140	128
2141	150
2142	135
2143	152
2144	160
2145	137
2146	124
2147	155
2148	181
2149	148
2150	123
2151	132
2152	138
2153	128
2154	156
2155	173
2156	135
2157	132
2158	124
2159	141
2160	144
2161	143
2162	129
2163	152
2164	146
2165	126
2166	127
2167	134
2168	157
2169	149
2170	139
2171	149
2172	140
2173	151
2174	150
2175	156
2176	156
2177	165
2178	154
2179	137
2180	142
2181	160
2182	123
2183	148
2184	147
2185	129
2186	151
2187	147
2188	160
2189	139
2190	159
2191	143
2192	143
2193	167
2194	141
2195	153
2196	119
2197	132
2198	130
2199	147
2200	170
2201	135
2202	129
2203	162
2204	141
2205	143
2206	155
2207	136
2208	149
2209	132
2210	143
2211	162
2212	146
2213	143
2214	140
2215	145
2216	143
2217	156
2218	113
2219	143
2220	158
2221	142
2222	150
2223	124
2224	148
2225	164
2226	153
2227	138
2228	137
2229	144
2230	144
2231	153
2232	141
2233	157
2234	145
2235	142
2236	116
2237	127
2238	146
2239	140
2240	145
2241	136
2242	120
2243	152
2244	140
2245	162
2246	134
2247	140
2248	125
2249	165
2250	134
2251	132
2252	143
2253	143
2254	160
2255	134
2256	139
2257	157
2258	139
2259	133
2260	141
2261	140
2262	138
2263	141
2264	157
2265	135
2266	140
2267	138
2268	144
2269	170
2270	158
2271	154
2272	139
2273	157
2274	138
2275	132
2276	148
2277	159
2278	136
2279	137
2280	177
2281	142
2282	139
2283	126
2284	153
2285	124
2286	146
2287	139
2288	159
2289	154
2290	127
2291	141
2292	125
2293	157
2294	142
2295	145
2296	132
2297	149
2298	151
2299	115
2300	145
2301	140
2302	159
2303	139
2304	161
2305	131
2306	150
2307	137
2308	136
2309	133
2310	136
2311	143
2312	126
2313	143
2314	166
2315	128
2316	148
2317	162
2318	144
2319	144
2320	129
2321	137
2322	138
2323	150
2324	150
2325	149
2326	150
2327	164
2328	139
2329	148
2330	146
2331	155
2332	144
2333	144
2334	141
2335	133
2336	153
2337	152
2338	139
2339	156
2340	124
2341	136
2342	125
2343	146
2344	142
2345	135
2346	152
2347	118
2348	130
2349	161
2350	136
2351	161
2352	154
2353	148
2354	136
2355	144
2356	163
2357	147
2358	134
2359	154
2360	129
2361	164
2362	151
2363	154
2364	151
2365	139
2366	132
2367	136
2368	143
2369	149
2370	128
2371	146
2372	140
2373	147
2374	153
2375	154
2376	143
2377	139
2378	141
2379	140
2380	151
2381	168
2382	146
2383	155
2384	136
2385	157
2386	140
2387	130
2388	149
2389	120
2390	128
2391	140
2392	141
2393	147
2394	138
2395	155
2396	136
2397	128
2398	133
2399	139
2400	137
2401	137
2402	129
2403	137
2404	121
2405	130
2406	137
2407	135
2408	153
2409	121
2410	137
2411	134
2412	133
2413	116
2414	155
2415	141
2416	121
2417	126
2418	158
2419	130
2420	139
2421	145
2422	134
2423	151
2424	157
2425	131
2426	132
2427	141
2428	130
2429	158
2430	132
2431	134
2432	142
2433	141
2434	142
2435	156
2436	118
2437	142
2438	120
2439	137
2440	126
2441	145
2442	117
2443	150
2444	125
2445	136
2446	133
2447	139
2448	144
2449	135
2450	135
2451	133
2452	131
2453	168
2454	135
2455	128
2456	147
2457	138
2458	132
2459	148
2460	158
2461	128
2462	134
2463	133
2464	130
2465	137
2466	127
2467	144
2468	135
2469	133
2470	131
2471	132
2472	132
2473	131
2474	138
2475	130
2476	120
2477	122
2478	130
2479	137
2480	120
2481	126
2482	129
2483	138
2484	136
2485	145
2486	129
2487	137
2488	131
2489	115
2490	123
2491	134
2492	135
2493	125
2494	126
2495	128
2496	122
2497	121
2498	118
2499	126
2500	127
2501	133
2502	112
2503	131
2504	127
2505	119
2506	128
2507	119
2508	152
2509	123
2510	135
2511	131
2512	132
2513	149
2514	138
2515	108
2516	122
2517	142
2518	130
2519	124
2520	126
2521	140
2522	104
2523	121
2524	135
2525	121
2526	128
2527	124
2528	124
2529	147
2530	145
2531	129
2532	119
2533	120
2534	115
2535	124
2536	121
2537	125
2538	132
2539	136
2540	121
2541	132
2542	119
2543	125
2544	123
2545	118
2546	130
2547	131
2548	140
2549	118
2550	109
2551	111
2552	128
2553	128
2554	116
2555	123
2556	117
2557	111
2558	112
2559	110
2560	121
2561	119
2562	110
2563	110
2564	113
2565	116
2566	109
2567	119
2568	132
2569	103
2570	105
2571	129
2572	124
2573	113
2574	124
2575	124
2576	116
2577	146
2578	103
2579	124
2580	105
2581	124
2582	120
2583	120
2584	123
2585	138
2586	106
2587	109
2588	134
2589	118
2590	115
2591	115
2592	113
2593	115
2594	123
2595	127
2596	115
2597	134
2598	111
2599	115
2600	105
2601	122
2602	102
2603	122
2604	123
2605	142
2606	135
2607	111
2608	122
2609	128
2610	126
2611	129
2612	115
2613	116
2614	113
2615	118
2616	105
2617	125
2618	136
2619	129
2620	114
2621	98
2622	120
2623	119
2624	120
2625	119
2626	116
2627	127
2628	124
2629	120
2630	119
2631	112
2632	125
2633	114
2634	113
2635	120
2636	120
2637	119
2638	122
2639	128
2640	107
2641	103
2642	136
2643	121
2644	118
2645	111
2646	104
2647	110
2648	122
2649	98
2650	117
2651	117
2652	107
2653	110
2654	104
2655	108
2656	121
2657	101
2658	112
2659	124
2660	119
2661	120
2662	127
2663	125
2664	114
2665	113
2666	126
2667	108
2668	126
2669	117
2670	102
2671	129
2672	125
2673	121
2674	107
2675	107
2676	122
2677	123
2678	98
2679	106
2680	127
2681	113
2682	113
2683	117
2684	115
2685	136
2686	109
2687	98
2688	127
2689	120
2690	107
2691	135
2692	111
2693	109
2694	108
2695	118
2696	95
2697	95
2698	122
2699	134
2700	116
2701	116
2702	118
2703	95
2704	108
2705	108
2706	118
2707	127
2708	101
2709	125
2710	107
2711	107
2712	119
2713	116
2714	124
2715	104
2716	105
2717	104
2718	115
2719	109
2720	105
2721	105
2722	111
2723	122
2724	106
2725	111
2726	107
2727	118
2728	110
2729	106
2730	115
2731	97
2732	107
2733	92
2734	102
2735	124
2736	114
2737	125
2738	116
2739	120
2740	100
2741	113
2742	91
2743	122
2744	105
2745	101
2746	124
2747	122
2748	70
2749	113
2750	111
2751	117
2752	93
2753	118
2754	101
2755	107
2756	121
2757	110
2758	129
2759	116
2760	105
2761	105
2762	113
2763	109
2764	125
2765	118
2766	104
2767	107
2768	93
2769	122
2770	99
2771	99
2772	106
2773	104
2774	99
2775	105
2776	119
2777	105
2778	104
2779	120
2780	108
2781	109
2782	90
2783	92
2784	100
2785	105
2786	118
2787	96
2788	121
2789	114
2790	99
2791	98
2792	106
2793	120
2794	98
2795	109
2796	123
2797	106
2798	99
2799	101
2800	99
2801	97
2802	110
2803	106
2804	110
2805	138
2806	77
2807	113
2808	112
2809	100
2810	107
2811	109
2812	97
2813	114
2814	97
2815	95
2816	104
2817	110
2818	100
2819	101
2820	115
2821	94
2822	90
2823	119
2824	112
2825	118
2826	105
2827	108
2828	111
2829	109
2830	83
2831	107
2832	89
2833	80
2834	97
2835	108
2836	114
2837	104
2838	107
2839	107
2840	109
2841	103
2842	119
2843	110
2844	109
2845	103
2846	105
2847	90
2848	107
2849	108
2850	89
2851	108
2852	98
2853	111
2854	100
2855	112
2856	104
2857	106
2858	116
2859	108
2860	93
2861	92
2862	122
2863	95
2864	115
2865	104
2866	102
2867	109
2868	111
2869	79
2870	94
2871	110
2872	113
2873	118
2874	106
2875	107
2876	99
2877	87
2878	106
2879	102
2880	112
2881	89
2882	113
2883	108
2884	93
2885	88
2886	106
2887	117
2888	111
2889	79
2890	93
2891	119
2892	91
2893	102
2894	126
2895	92
2896	123
2897	105
2898	93
2899	108
2900	88
2901	104
2902	103
2903	121
2904	118
2905	117
2906	115
2907	95
2908	87
2909	112
2910	99
2911	108
2912	120
2913	115
2914	96
2915	79
2916	86
2917	108
2918	86
2919	114
2920	83
2921	97
2922	90
2923	95
2924	103
2925	100
2926	97
2927	91
2928	82
2929	97
2930	93
2931	113
2932	97
2933	100
2934	98
2935	100
2936	106
2937	85
2938	99
2939	93
2940	104
2941	106
2942	108
2943	81
2944	99
2945	91
2946	124
2947	111
2948	103
2949	111
2950	112
2951	85
2952	106
2953	101
2954	110
2955	102
2956	95
2957	109
2958	112
2959	92
2960	93
2961	89
2962	98
2963	102
2964	109
2965	98
2966	111
2967	94
2968	107
2969	99
2970	106
2971	96
2972	94
2973	95
2974	102
2975	112
2976	94
2977	118
2978	96
2979	82
2980	98
2981	105
2982	89
2983	85
2984	109
2985	97
2986	94
2987	84
2988	105
2989	111
2990	106
2991	104
2992	100
2993	99
2994	92
2995	89
2996	107
2997	100
2998	87
2999	94
3000	105
3001	92
3002	83
3003	98
3004	103
3005	89
3006	91
3007	91
3008	105
3009	121
3010	116
3011	103
3012	102
3013	95
3014	85
3015	103
3016	89
3017	94
3018	99
3019	85
3020	82
3021	101
3022	97
3023	93
3024	108
3025	108
3026	76
3027	99
3028	95
3029	96
3030	94
3031	112
3032	100
3033	90
3034	112
3035	100
3036	93
3037	82
3038	80
3039	110
3040	106
3041	87
3042	97
3043	86
3044	90
3045	96
3046	116
3047	103
3048	88
3049	113
3050	118
3051	105
3052	91
3053	105
3054	93
3055	92
3056	80
3057	90
3058	88
3059	95
3060	102
3061	90
3062	99
3063	73
3064	106
3065	94
3066	85
3067	83
3068	110
3069	102
3070	114
3071	91
3072	89
3073	92
3074	81
3075	106
3076	107
3077	103
3078	94
3079	89
3080	98
3081	93
3082	94
3083	77
3084	96
3085	101
3086	102
3087	107
3088	91
3089	76
3090	101
3091	117
3092	101
3093	105
3094	102
3095	79
3096	79
3097	98
3098	105
3099	83
3100	99
3101	82
3102	97
3103	83
3104	109
3105	109
3106	100
3107	98
3108	91
3109	107
3110	94
3111	91
3112	73
3113	89
3114	77
3115	84
3116	90
3117	95
3118	102
3119	89
3120	96
3121	109
3122	92
3123	105
3124	80
3125	104
3126	106
3127	118
3128	106
3129	97
3130	85
3131	95
3132	97
3133	85
3134	91
3135	101
3136	92
3137	105
3138	113
3139	87
3140	93
3141	112
3142	120
3143	107
3144	95
3145	95
3146	78
3147	120
3148	125
3149	96
3150	97
3151	101
3152	104
3153	93
3154	85
3155	96
3156	76
3157	106
3158	100
3159	91
3160	100
3161	108
3162	96
3163	102
3164	99
3165	99
3166	93
3167	109
3168	100
3169	91
3170	84
3171	82
3172	100
3173	92
3174	109
3175	84
3176	98
3177	96
3178	94
3179	94
3180	100
3181	92
3182	82
3183	92
3184	92
3185	105
3186	101
3187	105
3188	94
3189	91
3190	86
3191	94
3192	72
3193	99
3194	91
3195	92
3196	79
3197	95
3198	104
3199	96
3200	86
3201	82
3202	95
3203	88
3204	99
3205	96
3206	102
3207	93
3208	109
3209	67
3210	104
3211	92
3212	81
3213	98
3214	108
3215	87
3216	87
3217	96
3218	86
3219	98
3220	86
3221	110
3222	91
3223	95
3224	74
3225	89
3226	79
3227	95
3228	93
3229	98
3230	91
3231	89
3232	91
3233	109
3234	98
3235	87
3236	84
3237	89
3238	111
3239	99
3240	85
3241	98
3242	96
3243	95
3244	92
3245	94
3246	79
3247	73
3248	90
3249	93
3250	86
3251	106
3252	108
3253	91
3254	90
3255	102
3256	85
3257	90
3258	100
3259	91
3260	87
3261	75
3262	86
3263	99
3264	85
3265	85
3266	104
3267	105
3268	111
3269	100
3270	76
3271	95
3272	80
3273	91
3274	82
3275	89
3276	77
3277	94
3278	92
3279	101
3280	99
3281	95
3282	88
3283	85
3284	96
3285	86
3286	97
3287	85
3288	97
3289	98
3290	103
3291	83
3292	104
3293	90
3294	93
3295	95
3296	85
3297	112
3298	93
3299	86
3300	97
3301	101
3302	102
3303	94
3304	92
3305	102
3306	97
3307	79
3308	93
3309	94
3310	94
3311	108
3312	93
3313	88
3314	96
3315	95
3316	88
3317	98
3318	94
3319	97
3320	106
3321	91
3322	92
3323	91
3324	92
3325	101
3326	88
3327	117
3328	81
3329	94
3330	112
3331	93
3332	102
3333	85
3334	105
3335	102
3336	85
3337	96
3338	92
3339	79
3340	108
3341	87
3342	91
3343	89
3344	109
3345	104
3346	92
3347	124
3348	84
3349	82
3350	86
3351	90
3352	79
3353	100
3354	102
3355	102
3356	87
3357	81
3358	90
3359	83
3360	87
3361	97
3362	86
3363	101
3364	109
3365	86
3366	88
3367	84
3368	78
3369	103
3370	89
3371	97
3372	81
3373	94
3374	114
3375	82
3376	85
3377	75
3378	91
3379	87
3380	78
3381	86
3382	86
3383	83
3384	99
3385	95
3386	94
3387	94
3388	90
3389	89
3390	81
3391	92
3392	83
3393	78
3394	77
3395	95
3396	94
3397	85
3398	83
3399	82
3400	87
3401	88
3402	89
3403	100
3404	95
3405	97
3406	79
3407	87
3408	72
3409	87
3410	92
3411	91
3412	90
3413	91
3414	88
3415	84
3416	78
3417	82
3418	89
3419	81
3420	111
3421	103
3422	94
3423	74
3424	83
3425	74
3426	76
3427	83
3428	85
3429	89
3430	77
3431	87
3432	90
3433	96
3434	94
3435	97
3436	97
3437	80
3438	75
3439	90
3440	98
3441	93
3442	99
3443	93
3444	98
3445	94
3446	80
3447	87
3448	93
3449	91
3450	97
3451	88
3452	96
3453	93
3454	82
3455	85
3456	108
3457	86
3458	85
3459	94
3460	92
3461	91
3462	109
3463	78
3464	97
3465	104
3466	85
3467	85
3468	89
3469	82
3470	95
3471	88
3472	86
3473	97
3474	98
3475	92
3476	92
3477	85
3478	79
3479	93
3480	91
3481	100
3482	81
3483	94
3484	97
3485	81
3486	109
3487	86
3488	74
3489	82
3490	106
3491	75
3492	82
3493	81
3494	81
3495	82
3496	80
3497	112
3498	102
3499	95
3500	95
3501	91
3502	86
3503	98
3504	90
3505	77
3506	103
3507	70
3508	90
3509	95
3510	85
3511	86
3512	99
3513	81
3514	77
3515	97
3516	86
3517	82
3518	103
3519	91
3520	91
3521	100
3522	100
3523	94
3524	80
3525	106
3526	96
3527	86
3528	90
3529	84
3530	85
3531	88
3532	82
3533	88
3534	98
3535	91
3536	87
3537	92
3538	98
3539	90
3540	92
3541	86
3542	92
3543	78
3544	89
3545	85
3546	94
3547	87
3548	93
3549	76
3550	84
3551	92
3552	79
3553	78
3554	81
3555	76
3556	96
3557	96
3558	94
3559	68
3560	94
3561	67
3562	94
3563	89
3564	97
3565	94
3566	86
3567	85
3568	76
3569	87
3570	93
3571	88
3572	80
3573	78
3574	95
3575	72
3576	80
3577	68
3578	82
3579	86
3580	106
3581	97
3582	91
3583	93
3584	77
3585	97
3586	83
3587	89
3588	78
3589	95
3590	94
3591	96
3592	102
3593	75
3594	101
3595	93
3596	81
3597	97
3598	86
3599	91
3600	88
3601	75
3602	90
3603	84
3604	63
3605	75
3606	93
3607	93
3608	76
3609	95
3610	84
3611	94
3612	79
3613	98
3614	101
3615	89
3616	112
3617	87
3618	95
3619	103
3620	68
3621	96
3622	84
3623	87
3624	88
3625	98
3626	88
3627	86
3628	76
3629	92
3630	86
3631	99
3632	99
3633	91
3634	85
3635	79
3636	79
3637	88
3638	92
3639	82
3640	82
3641	86
3642	93
3643	83
3644	76
3645	90
3646	91
3647	80
3648	79
3649	95
3650	77
3651	103
3652	80
3653	94
3654	96
3655	80
3656	82
3657	108
3658	79
3659	77
3660	88
3661	96
3662	97
3663	86
3664	78
3665	90
3666	82
3667	100
3668	80
3669	78
3670	74
3671	93
3672	88
3673	90
3674	102
3675	97
3676	78
3677	89
3678	72
3679	88
3680	103
3681	84
3682	92
3683	91
3684	100
3685	88
3686	101
3687	98
3688	103
3689	86
3690	75
3691	92
3692	105
3693	103
3694	97
3695	78
3696	76
3697	93
3698	94
3699	90
3700	100
3701	102
3702	91
3703	69
3704	93
3705	99
3706	85
3707	103
3708	108
3709	97
3710	97
3711	96
3712	114
3713	105
3714	96
3715	85
3716	92
3717	93
3718	101
3719	120
3720	107
3721	71
3722	113
3723	87
3724	79
3725	97
3726	91
3727	98
3728	93
3729	94
3730	94
3731	90
3732	102
3733	107
3734	80
3735	99
3736	109
3737	123
3738	118
3739	98
3740	91
3741	78
3742	87
3743	90
3744	99
3745	93
3746	102
3747	99
3748	98
3749	75
3750	101
3751	79
3752	95
3753	96
3754	99
3755	99
3756	96
3757	97
3758	99
3759	99
3760	101
3761	76
3762	97
3763	99
3764	89
3765	100
3766	86
3767	99
3768	96
3769	104
3770	98
3771	104
3772	85
3773	86
3774	84
3775	83
3776	93
3777	94
3778	101
3779	112
3780	122
3781	92
3782	71
3783	90
3784	91
3785	87
3786	99
3787	104
3788	99
3789	103
3790	93
3791	103
3792	113
3793	95
3794	97
3795	101
3796	103
3797	105
3798	99
3799	98
3800	97
3801	78
3802	112
3803	98
3804	112
3805	109
3806	111
3807	110
3808	87
3809	102
3810	106
3811	115
3812	104
3813	96
3814	117
3815	97
3816	103
3817	108
3818	113
3819	122
3820	91
3821	98
3822	88
3823	91
3824	92
3825	119
3826	88
3827	95
3828	105
3829	126
3830	116
3831	121
3832	93
3833	85
3834	111
3835	103
3836	101
3837	115
3838	110
3839	116
3840	107
3841	108
3842	111
3843	106
3844	96
3845	104
3846	131
3847	124
3848	105
3849	93
3850	96
3851	105
3852	113
3853	119
3854	109
3855	110
3856	99
3857	119
3858	99
3859	111
3860	102
3861	95
3862	106
3863	116
3864	117
3865	110
3866	107
3867	112
3868	112
3869	100
3870	99
3871	108
3872	106
3873	98
3874	123
3875	120
3876	111
3877	128
3878	104
3879	105
3880	105
3881	136
3882	98
3883	149
3884	97
3885	118
3886	132
3887	119
3888	106
3889	135
3890	99
3891	98
3892	102
3893	112
3894	119
3895	119
3896	137
3897	127
3898	100
3899	99
3900	114
3901	112
3902	119
3903	106
3904	108
3905	116
3906	127
3907	134
3908	128
3909	116
3910	113
3911	118
3912	127
3913	125
3914	124
3915	112
3916	127
3917	109
3918	116
3919	122
3920	117
3921	112
3922	124
3923	121
3924	112
3925	125
3926	117
3927	147
3928	114
3929	125
3930	147
3931	142
3932	109
3933	125
3934	141
3935	125
3936	108
3937	115
3938	153
3939	121
3940	143
3941	128
3942	132
3943	121
3944	136
3945	137
3946	106
3947	137
3948	131
3949	141
3950	118
3951	139
3952	109
3953	159
3954	129
3955	142
3956	126
3957	126
3958	125
3959	123
3960	133
3961	117
3962	126
3963	146
3964	124
3965	126
3966	148
3967	126
3968	125
3969	148
3970	147
3971	122
3972	144
3973	143
3974	143
3975	129
3976	165
3977	138
3978	159
3979	118
3980	130
3981	133
3982	137
3983	134
3984	139
3985	129
3986	131
3987	147
3988	111
3989	114
3990	146
3991	138
3992	151
3993	123
3994	129
3995	129
3996	144
3997	127
3998	150
3999	125
4000	136
4001	135
4002	141
4003	151
4004	156
4005	141
4006	124
4007	159
4008	148
4009	144
4010	151
4011	136
4012	135
4013	139
4014	145
4015	151
4016	159
4017	127
4018	158
4019	148
4020	145
4021	125
4022	153
4023	136
4024	140
4025	146
4026	134
4027	147
4028	165
4029	152
4030	146
4031	145
4032	140
4033	178
4034	148
4035	154
4036	166
4037	168
4038	165
4039	146
4040	135
4041	156
4042	149
4043	139
4044	148
4045	145
4046	130
4047	171
4048	132
4049	157
4050	135
4051	128
4052	172
4053	147
4054	148
4055	162
4056	156
4057	186
4058	165
4059	175
4060	141
4061	168
4062	141
4063	152
4064	143
4065	154
4066	165
4067	158
4068	161
4069	163
4070	165
4071	163
4072	157
4073	172
4074	145
4075	143
4076	132
4077	183
4078	167
4079	152
4080	166
4081	179
4082	157
4083	141
4084	159
4085	184
4086	169
4087	148
4088	168
4089	146
4090	153
4091	155
4092	163
4093	163
4094	167
4095	165
4096	185
4097	196
4098	162
4099	161
4100	143
4101	161
4102	187
4103	142
4104	149
4105	148
4106	169
4107	153
4108	154
4109	178
4110	175
4111	180
4112	159
4113	168
4114	182
4115	163
4116	149
4117	165
4118	177
4119	168
4120	195
4121	173
4122	176
4123	184
4124	187
4125	200
4126	162
4127	181
4128	155
4129	181
4130	177
4131	186
4132	189
4133	173
4134	175
4135	178
4136	172
4137	196
4138	148
4139	185
4140	171
4141	170
4142	175
4143	157
4144	193
4145	174
4146	167
4147	209
4148	171
4149	165
4150	170
4151	178
4152	173
4153	181
4154	153
4155	165
4156	167
4157	183
4158	183
4159	165
4160	172
4161	199
4162	172
4163	172
4164	175
4165	163
4166	159
4167	162
4168	185
4169	179
4170	198
4171	158
4172	195
4173	198
4174	185
4175	151
4176	206
4177	178
4178	182
4179	165
4180	195
4181	171
4182	180
4183	184
4184	177
4185	164
4186	174
4187	192
4188	185
4189	189
4190	134
4191	189
4192	180
4193	171
4194	177
4195	175
4196	179
4197	179
4198	193
4199	178
4200	182
4201	192
4202	158
4203	197
4204	169
4205	205
4206	180
4207	177
4208	200
4209	170
4210	172
4211	217
4212	158
4213	215
4214	181
4215	182
4216	180
4217	188
4218	197
4219	172
4220	202
4221	200
4222	174
4223	184
4224	170
4225	187
4226	187
4227	169
4228	175
4229	174
4230	172
4231	179
4232	203
4233	193
4234	192
4235	175
4236	161
4237	179
4238	168
4239	190
4240	230
4241	194
4242	182
4243	195
4244	185
4245	208
4246	188
4247	196
4248	182
4249	203
4250	213
4251	212
4252	198
4253	182
4254	199
4255	199
4256	207
4257	179
4258	188
4259	184
4260	190
4261	181
4262	198
4263	195
4264	180
4265	201
4266	188
4267	192
4268	162
4269	169
4270	201
4271	197
4272	178
4273	186
4274	170
4275	174
4276	151
4277	182
4278	188
4279	205
4280	201
4281	182
4282	198
4283	182
4284	185
4285	186
4286	171
4287	201
4288	244
4289	189
4290	196
4291	199
4292	191
4293	202
4294	187
4295	188
4296	212
4297	198
4298	196
4299	213
4300	181
4301	194
4302	182
4303	160
4304	178
4305	186
4306	187
4307	189
4308	191
4309	199
4310	169
4311	208
4312	199
4313	190
4314	206
4315	174
4316	194
4317	171
4318	212
4319	217
4320	204
4321	196
4322	176
4323	212
4324	180
4325	173
4326	213
4327	188
4328	232
4329	209
4330	194
4331	212
4332	210
4333	200
4334	187
4335	178
4336	211
4337	207
4338	192
4339	184
4340	208
4341	193
4342	168
4343	175
4344	173
4345	187
4346	200
4347	197
4348	209
4349	200
4350	189
4351	210
4352	173
4353	193
4354	199
4355	203
4356	200
4357	229
4358	200
4359	191
4360	194
4361	204
4362	192
4363	207
4364	193
4365	218
4366	184
4367	208
4368	214
4369	227
4370	197
4371	204
4372	188
4373	183
4374	201
4375	210
4376	181
4377	176
4378	192
4379	223
4380	172
4381	202
4382	175
4383	206
4384	203
4385	203
4386	187
4387	183
4388	231
4389	185
4390	200
4391	198
4392	196
4393	189
4394	195
4395	202
4396	208
4397	162
4398	202
4399	194
4400	185
4401	188
4402	184
4403	189
4404	218
4405	192
4406	197
4407	197
4408	188
4409	195
4410	173
4411	187
4412	180
4413	200
4414	204
4415	203
4416	186
4417	197
4418	207
4419	180
4420	181
4421	184
4422	210
4423	196
4424	185
4425	184
4426	157
4427	176
4428	173
4429	214
4430	181
4431	189
4432	179
4433	202
4434	174
4435	183
4436	183
4437	202
4438	207
4439	176
4440	182
4441	218
4442	174
4443	186
4444	208
4445	181
4446	217
4447	215
4448	193
4449	199
4450	195
4451	174
4452	183
4453	176
4454	203
4455	201
4456	195
4457	198
4458	169
4459	169
4460	200
4461	182
4462	170
4463	214
4464	188
4465	190
4466	182
4467	189
4468	197
4469	186
4470	174
4471	204
4472	185
4473	185
4474	190
4475	166
4476	178
4477	187
4478	165
4479	186
4480	177
4481	193
4482	159
4483	188
4484	190
4485	159
4486	178
4487	193
4488	180
4489	177
4490	177
4491	190
4492	181
4493	183
4494	186
4495	193
4496	171
4497	188
4498	182
4499	150
4500	186
4501	176
4502	190
4503	188
4504	186
4505	165
4506	181
4507	168
4508	190
4509	195
4510	177
4511	191
4512	203
4513	165
4514	169
4515	182
4516	194
4517	184
4518	176
4519	186
4520	169
4521	158
4522	162
4523	178
4524	179
4525	197
4526	182
4527	167
4528	173
4529	185
4530	185
4531	190
4532	185
4533	170
4534	173
4535	192
4536	179
4537	164
4538	213
4539	182
4540	183
4541	204
4542	158
4543	162
4544	169
4545	200
4546	188
4547	160
4548	190
4549	176
4550	209
4551	191
4552	164
4553	183
4554	163
4555	204
4556	191
4557	172
4558	177
4559	183
4560	173
4561	167
4562	169
4563	174
4564	203
4565	164
4566	150
4567	168
4568	171
4569	180
4570	171
4571	176
4572	167
4573	179
4574	169
4575	152
4576	188
4577	191
4578	178
4579	159
4580	161
4581	189
4582	162
4583	186
4584	172
4585	176
4586	170
4587	154
4588	163
4589	172
4590	182
4591	153
4592	174
4593	201
4594	149
4595	160
4596	146
4597	171
4598	147
4599	186
4600	143
4601	162
4602	164
4603	151
4604	176
4605	177
4606	159
4607	163
4608	189
4609	166
4610	154
4611	163
4612	151
4613	164
4614	160
4615	152
4616	156
4617	168
4618	167
4619	181
4620	148
4621	167
4622	167
4623	179
4624	169
4625	143
4626	154
4627	159
4628	166
4629	156
4630	149
4631	150
4632	147
4633	146
4634	148
4635	158
4636	167
4637	149
4638	160
4639	155
4640	166
4641	143
4642	139
4643	166
4644	162
4645	144
4646	154
4647	170
4648	168
4649	155
4650	155
4651	147
4652	153
4653	160
4654	146
4655	165
4656	152
4657	143
4658	155
4659	149
4660	155
4661	136
4662	136
4663	141
4664	150
4665	137
4666	145
4667	151
4668	142
4669	157
4670	132
4671	173
4672	159
4673	134
4674	160
4675	152
4676	130
4677	143
4678	144
4679	147
4680	147
4681	148
4682	130
4683	164
4684	137
4685	137
4686	155
4687	152
4688	125
4689	134
4690	125
4691	145
4692	147
4693	151
4694	166
4695	133
4696	128
4697	122
4698	140
4699	142
4700	147
4701	152
4702	123
4703	138
4704	114
4705	129
4706	130
4707	140
4708	144
4709	133
4710	121
4711	125
4712	126
4713	147
4714	136
4715	132
4716	130
4717	144
4718	131
4719	141
4720	121
4721	125
4722	133
4723	128
4724	121
4725	138
4726	134
4727	114
4728	117
4729	143
4730	151
4731	125
4732	144
4733	123
4734	116
4735	125
4736	136
4737	108
4738	127
4739	129
4740	111
4741	123
4742	113
4743	122
4744	128
4745	125
4746	115
4747	121
4748	115
4749	110
4750	125
4751	130
4752	108
4753	126
4754	125
4755	138
4756	126
4757	122
4758	116
4759	127
4760	122
4761	139
4762	127
4763	128
4764	116
4765	122
4766	119
4767	118
4768	123
4769	134
4770	127
4771	128
4772	125
4773	123
4774	114
4775	112
4776	122
4777	111
4778	120
4779	128
4780	95
4781	105
4782	127
4783	120
4784	117
4785	126
4786	121
4787	101
4788	123
4789	123
4790	108
4791	102
4792	110
4793	99
4794	110
4795	97
4796	120
4797	121
4798	123
4799	110
4800	123
4801	115
4802	122
4803	116
4804	113
4805	112
4806	109
4807	100
4808	95
4809	113
4810	98
4811	110
4812	98
4813	124
4814	111
4815	114
4816	95
4817	108
4818	108
4819	99
4820	123
4821	126
4822	97
4823	100
4824	101
4825	118
4826	131
4827	96
4828	99
4829	95
4830	98
4831	89
4832	126
4833	96
4834	101
4835	119
4836	110
4837	123
4838	96
4839	108
4840	103
4841	92
4842	98
4843	87
4844	101
4845	91
4846	103
4847	106
4848	106
4849	117
4850	96
4851	112
4852	92
4853	118
4854	91
4855	94
4856	101
4857	81
4858	104
4859	104
4860	81
4861	101
4862	107
4863	82
4864	99
4865	100
4866	78
4867	85
4868	88
4869	87
4870	104
4871	95
4872	82
4873	119
4874	101
4875	90
4876	97
4877	111
4878	94
4879	95
4880	101
4881	111
4882	100
4883	100
4884	100
4885	109
4886	86
4887	91
4888	76
4889	77
4890	90
4891	83
4892	97
4893	107
4894	98
4895	70
4896	76
4897	85
4898	93
4899	94
4900	102
4901	100
4902	89
4903	99
4904	99
4905	102
4906	96
4907	88
4908	77
4909	78
4910	90
4911	84
4912	99
4913	71
4914	82
4915	95
4916	100
4917	92
4918	81
4919	86
4920	99
4921	71
4922	87
4923	81
4924	91
4925	97
4926	108
4927	86
4928	79
4929	89
4930	87
4931	73
4932	81
4933	92
4934	108
4935	84
4936	72
4937	75
4938	106
4939	93
4940	97
4941	86
4942	96
4943	76
4944	83
4945	86
4946	83
4947	89
4948	93
4949	90
4950	73
4951	95
4952	89
4953	70
4954	84
4955	79
4956	103
4957	79
4958	72
4959	79
4960	74
4961	73
4962	92
4963	83
4964	76
4965	68
4966	90
4967	81
4968	82
4969	79
4970	87
4971	72
4972	71
4973	85
4974	75
4975	73
4976	84
4977	59
4978	90
4979	68
4980	76
4981	72
4982	75
4983	82
4984	80
4985	71
4986	66
4987	83
4988	74
4989	99
4990	73
4991	73
4992	82
4993	72
4994	91
4995	73
4996	86
4997	76
4998	82
4999	87
5000	86
5001	92
5002	70
5003	84
5004	82
5005	70
5006	82
5007	72
5008	77
5009	75
5010	88
5011	71
5012	67
5013	84
5014	90
5015	85
5016	72
5017	72
5018	61
5019	88
5020	72
5021	74
5022	69
5023	63
5024	82
5025	81
5026	72
5027	73
5028	77
5029	78
5030	67
5031	58
5032	63
5033	79
5034	66
5035	73
5036	63
5037	99
5038	70
5039	86
5040	84
5041	85
5042	82
5043	62
5044	87
5045	86
5046	60
5047	78
5048	81
5049	83
5050	87
5051	75
5052	79
5053	76
5054	84
5055	68
5056	82
5057	80
5058	73
5059	72
5060	70
5061	78
5062	71
5063	72
5064	85
5065	75
5066	77
5067	77
5068	71
5069	77
5070	79
5071	92
5072	68
5073	66
5074	65
5075	75
5076	58
5077	75
5078	72
5079	72
5080	91
5081	80
5082	83
5083	76
5084	83
5085	59
5086	85
5087	87
5088	59
5089	82
5090	71
5091	57
5092	59
5093	83
5094	82
5095	76
5096	86
5097	65
5098	77
5099	84
5100	76
5101	75
5102	84
5103	80
5104	79
5105	82
5106	61
5107	85
5108	71
5109	81
5110	67
5111	60
5112	77
5113	88
5114	70
5115	76
5116	65
5117	94
5118	85
5119	88
5120	77
5121	75
5122	81
5123	84
5124	80
5125	78
5126	88
5127	80
5128	68
5129	81
5130	75
5131	58
5132	101
5133	70
5134	88
5135	70
5136	87
5137	87
5138	82
5139	75
5140	72
5141	89
5142	84
5143	77
5144	79
5145	82
5146	80
5147	80
5148	90
5149	71
5150	81
5151	65
5152	75
5153	77
5154	81
5155	79
5156	74
5157	73
5158	78
5159	76
5160	83
5161	77
5162	66
5163	79
5164	80
5165	92
5166	74
5167	72
5168	78
5169	79
5170	82
5171	72
5172	91
5173	74
5174	74
5175	74
5176	90
5177	84
5178	77
5179	90
5180	92
5181	76
5182	72
5183	103
5184	69
5185	89
5186	69
5187	87
5188	79
5189	70
5190	79
5191	93
5192	95
5193	79
5194	82
5195	72
5196	88
5197	71
5198	88
5199	97
5200	79
5201	85
5202	93
5203	93
5204	92
5205	80
5206	88
5207	67
5208	87
5209	93
5210	101
5211	87
5212	79
5213	88
5214	86
5215	73
5216	80
5217	78
5218	74
5219	70
5220	77
5221	82
5222	91
5223	69
5224	85
5225	83
5226	82
5227	88
5228	105
5229	87
5230	88
5231	89
5232	83
5233	92
5234	75
5235	87
5236	71
5237	96
5238	93
5239	82
5240	71
5241	81
5242	101
5243	93
5244	99
5245	77
5246	94
5247	84
5248	85
5249	92
5250	84
5251	108
5252	93
5253	85
5254	96
5255	86
5256	103
5257	86
5258	94
5259	94
5260	85
5261	108
5262	87
5263	96
5264	82
5265	79
5266	92
5267	85
5268	76
5269	103
5270	93
5271	96
5272	88
5273	82
5274	81
5275	81
5276	85
5277	69
5278	113
5279	99
5280	98
5281	88
5282	93
5283	105
5284	92
5285	74
5286	97
5287	84
5288	93
5289	111
5290	106
5291	102
5292	101
5293	93
5294	107
5295	84
5296	89
5297	87
5298	87
5299	97
5300	104
5301	87
5302	80
5303	111
5304	95
5305	96
5306	86
5307	98
5308	102
5309	118
5310	103
5311	82
5312	106
5313	99
5314	95
5315	88
5316	76
5317	90
5318	106
5319	89
5320	95
5321	92
5322	96
5323	76
5324	100
5325	80
5326	93
5327	93
5328	90
5329	95
5330	112
5331	104
5332	113
5333	80
5334	93
5335	105
5336	98
5337	83
5338	90
5339	96
5340	88
5341	108
5342	87
5343	102
5344	93
5345	96
5346	97
5347	118
5348	93
5349	86
5350	87
5351	95
5352	88
5353	103
5354	105
5355	104
5356	107
5357	91
5358	87
5359	116
5360	101
5361	105
5362	84
5363	94
5364	97
5365	89
5366	82
5367	79
5368	92
5369	86
5370	94
5371	101
5372	82
5373	94
5374	84
5375	102
5376	101
5377	95
5378	104
5379	101
5380	101
5381	96
5382	106
5383	112
5384	100
5385	93
5386	86
5387	105
5388	114
5389	108
5390	86
5391	106
5392	95
5393	111
5394	108
5395	87
5396	97
5397	92
5398	86
5399	91
5400	102
5401	107
5402	116
5403	98
5404	103
5405	92
5406	94
5407	88
5408	125
5409	107
5410	106
5411	98
5412	98
5413	109
5414	118
5415	100
5416	107
5417	105
5418	108
5419	94
5420	108
5421	115
5422	92
5423	84
5424	93
5425	119
5426	105
5427	93
5428	103
5429	106
5430	115
5431	97
5432	101
5433	95
5434	103
5435	95
5436	101
5437	98
5438	98
5439	106
5440	91
5441	97
5442	99
5443	104
5444	103
5445	117
5446	110
5447	97
5448	102
5449	119
5450	100
5451	97
5452	104
5453	113
5454	103
5455	102
5456	104
5457	109
5458	119
5459	101
5460	115
5461	121
5462	102
5463	103
5464	85
5465	107
5466	112
5467	113
5468	109
5469	104
5470	111
5471	113
5472	94
5473	102
5474	95
5475	107
5476	126
5477	109
5478	105
5479	106
5480	108
5481	112
5482	102
5483	105
5484	96
5485	104
5486	106
5487	105
5488	100
5489	117
5490	85
5491	90
5492	100
5493	99
5494	97
5495	103
5496	108
5497	103
5498	102
5499	100
5500	93
5501	114
5502	92
5503	108
5504	94
5505	97
5506	95
5507	122
5508	100
5509	92
5510	99
5511	99
5512	117
5513	105
5514	83
5515	92
5516	118
5517	97
5518	101
5519	124
5520	94
5521	115
5522	111
5523	98
5524	108
5525	107
5526	118
5527	100
5528	94
5529	113
5530	100
5531	123
5532	93
5533	91
5534	103
5535	110
5536	116
5537	88
5538	99
5539	96
5540	115
5541	98
5542	109
5543	104
5544	98
5545	99
5546	102
5547	93
5548	99
5549	97
5550	111
5551	106
5552	79
5553	97
5554	89
5555	94
5556	106
5557	99
5558	93
5559	97
5560	92
5561	110
5562	88
5563	84
5564	110
5565	106
5566	100
5567	111
5568	99
5569	81
5570	102
5571	104
5572	112
5573	100
5574	89
5575	94
5576	123
5577	118
5578	100
5579	107
5580	118
5581	93
5582	109
5583	95
5584	108
5585	85
5586	87
5587	84
5588	102
5589	124
5590	108
5591	106
5592	103
5593	96
5594	103
5595	108
5596	100
5597	110
5598	99
5599	79
5600	99
5601	108
5602	87
5603	96
5604	87
5605	127
5606	102
5607	82
5608	98
5609	112
5610	103
5611	91
5612	108
5613	93
5614	115
5615	104
5616	78
5617	107
5618	104
5619	92
5620	95
5621	124
5622	103
5623	94
5624	115
5625	112
5626	103
5627	112
5628	98
5629	93
5630	117
5631	106
5632	98
5633	94
5634	106
5635	91
5636	110
5637	89
5638	104
5639	93
5640	96
5641	103
5642	94
5643	108
5644	99
5645	112
5646	106
5647	74
5648	94
5649	80
5650	91
5651	91
5652	85
5653	95
5654	91
5655	82
5656	90
5657	94
5658	90
5659	93
5660	106
5661	109
5662	103
5663	80
5664	103
5665	99
5666	97
5667	91
5668	89
5669	101
5670	112
5671	94
5672	108
5673	102
5674	104
5675	108
5676	95
5677	95
5678	95
5679	87
5680	103
5681	87
5682	87
5683	100
5684	94
5685	93
5686	94
5687	93
5688	95
5689	87
5690	81
5691	94
5692	90
5693	91
5694	89
5695	95
5696	103
5697	105
5698	87
5699	87
5700	92
5701	82
5702	99
5703	90
5704	95
5705	101
5706	85
5707	105
5708	93
5709	91
5710	104
5711	91
5712	77
5713	81
5714	97
5715	107
5716	94
5717	104
5718	84
5719	94
5720	95
5721	102
5722	82
5723	93
5724	104
5725	86
5726	85
5727	102
5728	87
5729	105
5730	91
5731	92
5732	107
5733	97
5734	84
5735	101
5736	95
5737	90
5738	105
5739	92
5740	85
5741	90
5742	80
5743	104
5744	86
5745	76
5746	100
5747	91
5748	83
5749	82
5750	83
5751	94
5752	75
5753	78
5754	99
5755	65
5756	93
5757	99
5758	96
5759	94
5760	89
5761	82
5762	79
5763	83
5764	84
5765	86
5766	93
5767	77
5768	77
5769	67
5770	85
5771	96
5772	70
5773	69
5774	92
5775	84
5776	84
5777	84
5778	79
5779	84
5780	84
5781	94
5782	92
5783	82
5784	93
5785	82
5786	95
5787	82
5788	86
5789	71
5790	86
5791	69
5792	101
5793	83
5794	65
5795	102
5796	79
5797	76
5798	67
5799	65
5800	79
5801	99
5802	61
5803	91
5804	91
5805	75
5806	76
5807	89
5808	90
5809	70
5810	101
5811	82
5812	62
5813	84
5814	92
5815	82
5816	68
5817	88
5818	73
5819	75
5820	91
5821	66
5822	73
5823	76
5824	85
5825	104
5826	81
5827	81
5828	76
5829	86
5830	72
5831	83
5832	79
5833	104
5834	76
5835	77
5836	75
5837	79
5838	79
5839	68
5840	63
5841	98
5842	78
5843	79
5844	81
5845	78
5846	74
5847	60
5848	71
5849	74
5850	74
5851	82
5852	74
5853	82
5854	89
5855	64
5856	73
5857	69
5858	70
5859	94
5860	77
5861	75
5862	74
5863	76
5864	62
5865	62
5866	78
5867	74
5868	77
5869	84
5870	81
5871	79
5872	76
5873	88
5874	72
5875	71
5876	72
5877	78
5878	70
5879	79
5880	77
5881	67
5882	62
5883	70
5884	79
5885	57
5886	75
5887	61
5888	69
5889	68
5890	62
5891	58
5892	70
5893	66
5894	79
5895	65
5896	61
5897	76
5898	65
5899	72
5900	73
5901	54
5902	73
5903	67
5904	62
5905	61
5906	69
5907	60
5908	69
5909	77
5910	66
5911	64
5912	83
5913	55
5914	69
5915	68
5916	67
5917	71
5918	76
5919	67
5920	77
5921	60
5922	62
5923	55
5924	58
5925	67
5926	73
5927	58
5928	75
5929	52
5930	72
5931	60
5932	70
5933	72
5934	81
5935	65
5936	61
5937	68
5938	51
5939	78
5940	71
5941	79
5942	64
5943	65
5944	69
5945	53
5946	55
5947	65
5948	60
5949	73
5950	71
5951	58
5952	66
5953	81
5954	62
5955	62
5956	66
5957	72
5958	39
5959	67
5960	67
5961	72
5962	61
5963	56
5964	68
5965	62
5966	57
5967	64
5968	66
5969	63
5970	61
5971	63
5972	52
5973	54
5974	60
5975	48
5976	69
5977	53
5978	49
5979	69
5980	64
5981	50
5982	58
5983	55
5984	52
5985	58
5986	66
5987	63
5988	68
5989	64
5990	40
5991	50
5992	60
5993	72
5994	70
5995	55
5996	49
5997	65
5998	52
5999	56
6000	45
6001	68
6002	63
6003	65
6004	42
6005	51
6006	58
6007	51
6008	57
6009	75
6010	61
6011	55
6012	60
6013	47
6014	53
6015	57
6016	52
6017	48
6018	59
6019	55
6020	62
6021	66
6022	55
6023	60
6024	59
6025	56
6026	51
6027	57
6028	65
6029	60
6030	51
6031	56
6032	67
6033	49
6034	43
6035	58
6036	51
6037	58
6038	69
6039	55
6040	43
6041	44
6042	48
6043	52
6044	58
6045	52
6046	49
6047	49
6048	61
6049	56
6050	42
6051	50
6052	53
6053	43
6054	51
6055	38
6056	62
6057	46
6058	59
6059	54
6060	44
6061	47
6062	55
6063	41
6064	49
6065	39
6066	42
6067	36
6068	45
6069	60
6070	61
6071	41
6072	58
6073	37
6074	32
6075	34
6076	66
6077	47
6078	37
6079	55
6080	43
6081	41
6082	50
6083	44
6084	52
6085	49
6086	43
6087	47
6088	58
6089	40
6090	51
6091	44
6092	44
6093	47
6094	42
6095	44
6096	46
6097	43
6098	48
6099	47
6100	51
6101	51
6102	50
6103	44
6104	45
6105	44
6106	47
6107	35
6108	42
6109	42
6110	46
6111	45
6112	51
6113	44
6114	44
6115	49
6116	41
6117	40
6118	39
6119	47
6120	43
6121	48
6122	46
6123	44
6124	46
6125	39
6126	50
6127	32
6128	43
6129	33
6130	46
6131	45
6132	35
6133	34
6134	42
6135	35
6136	46
6137	44
6138	42
6139	35
6140	29
6141	38
6142	31
6143	39
6144	51
6145	37
6146	50
6147	38
6148	32
6149	39
6150	32
6151	26
6152	41
6153	45
6154	29
6155	47
6156	51
6157	43
6158	39
6159	39
6160	47
6161	28
6162	43
6163	48
6164	27
6165	35
6166	41
6167	38
6168	26
6169	41
6170	31
6171	29
6172	28
6173	31
6174	45
6175	35
6176	40
6177	40
6178	36
6179	42
6180	44
6181	41
6182	37
6183	34
6184	49
6185	36
6186	29
6187	31
6188	23
6189	44
6190	34
6191	36
6192	47
6193	36
6194	47
6195	32
6196	33
6197	41
6198	33
6199	37
6200	34
6201	28
6202	36
6203	41
6204	33
6205	26
6206	34
6207	48
6208	38
6209	38
6210	33
6211	33
6212	33
6213	32
6214	29
6215	27
6216	38
6217	40
6218	36
6219	45
6220	25
6221	29
6222	39
6223	31
6224	41
6225	31
6226	31
6227	37
6228	37
6229	32
6230	34
6231	36
6232	32
6233	39
6234	37
6235	38
6236	29
6237	31
6238	36
6239	33
6240	29
6241	31
6242	35
6243	35
6244	25
6245	34
6246	22
6247	28
6248	29
6249	32
6250	29
6251	27
6252	29
6253	27
6254	29
6255	40
6256	28
6257	23
6258	25
6259	32
6260	34
6261	30
6262	41
6263	31
6264	42
6265	35
6266	18
6267	28
6268	25
6269	22
6270	31
6271	31
6272	27
6273	34
6274	34
6275	28
6276	27
6277	28
6278	34
6279	26
6280	24
6281	25
6282	21
6283	38
6284	31
6285	25
6286	25
6287	22
6288	28
6289	27
6290	27
6291	23
6292	32
6293	23
6294	28
6295	24
6296	32
6297	30
6298	24
6299	37
6300	30
6301	35
6302	18
6303	27
6304	26
6305	25
6306	36
6307	26
6308	29
6309	22
6310	24
6311	39
6312	25
6313	39
6314	30
6315	30
6316	40
6317	27
6318	18
6319	23
6320	24
6321	30
6322	27
6323	35
6324	27
6325	27
6326	29
6327	34
6328	23
6329	17
6330	27
6331	28
6332	24
6333	34
6334	42
6335	21
6336	22
6337	24
6338	32
6339	33
6340	22
6341	27
6342	24
6343	22
6344	23
6345	31
6346	27
6347	28
6348	28
6349	30
6350	29
6351	33
6352	23
6353	27
6354	22
6355	24
6356	29
6357	28
6358	33
6359	20
6360	23
6361	27
6362	26
6363	24
6364	22
6365	30
6366	22
6367	22
6368	20
6369	18
6370	20
6371	28
6372	20
6373	26
6374	27
6375	18
6376	22
6377	23
6378	23
6379	22
6380	29
6381	23
6382	23
6383	27
6384	26
6385	19
6386	16
6387	25
6388	15
6389	26
6390	24
6391	24
6392	26
6393	22
6394	22
6395	23
6396	21
6397	29
6398	29
6399	29
6400	23
6401	31
6402	22
6403	24
6404	21
6405	23
6406	23
6407	28
6408	21
6409	24
6410	28
6411	19
6412	24
6413	27
6414	28
6415	23
6416	11
6417	17
6418	23
6419	21
6420	24
6421	17
6422	19
6423	25
6424	24
6425	26
6426	26
6427	21
6428	28
6429	18
6430	14
6431	21
6432	26
6433	19
6434	23
6435	31
6436	13
6437	29
6438	23
6439	24
6440	23
6441	28
6442	15
6443	15
6444	25
6445	30
6446	20
6447	21
6448	22
6449	26
6450	22
6451	18
6452	20
6453	20
6454	22
6455	25
6456	27
6457	20
6458	20
6459	19
6460	26
6461	40
6462	19
6463	20
6464	28
6465	21
6466	13
6467	28
6468	21
6469	17
6470	19
6471	25
6472	12
6473	17
6474	25
6475	35
6476	23
6477	27
6478	30
6479	23
6480	21
6481	22
6482	16
6483	25
6484	21
6485	15
6486	23
6487	24
6488	24
6489	22
6490	25
6491	24
6492	18
6493	24
6494	17
6495	24
6496	17
6497	9
6498	15
6499	17
6500	27
6501	16
6502	20
6503	16
6504	18
6505	19
6506	24
6507	15
6508	20
6509	35
6510	13
6511	21
6512	24
6513	23
6514	25
6515	20
6516	25
6517	19
6518	21
6519	22
6520	15
6521	11
6522	21
6523	32
6524	22
6525	16
6526	20
6527	20
6528	23
6529	20
6530	20
6531	14
6532	19
6533	30
6534	20
6535	10
6536	24
6537	24
6538	21
6539	18
6540	22
6541	26
6542	23
6543	16
6544	27
6545	22
6546	22
6547	23
6548	21
6549	32
6550	28
6551	20
6552	18
6553	27
6554	22
6555	22
6556	25
6557	30
6558	24
6559	16
6560	31
6561	28
6562	23
6563	23
6564	19
6565	18
6566	23
6567	21
6568	16
6569	20
6570	17
6571	22
6572	17
6573	28
6574	27
6575	20
6576	20
6577	22
6578	15
6579	23
6580	22
6581	19
6582	17
6583	16
6584	16
6585	17
6586	15
6587	19
6588	17
6589	18
6590	13
6591	21
6592	34
6593	21
6594	24
6595	24
6596	13
6597	20
6598	14
6599	16
6600	20
6601	27
6602	28
6603	22
6604	20
6605	23
6606	17
6607	18
6608	23
6609	25
6610	20
6611	20
6612	26
6613	21
6614	14
6615	25
6616	19
6617	20
6618	24
6619	20
6620	20
6621	23
6622	27
6623	17
6624	12
6625	13
6626	17
6627	23
6628	27
6629	30
6630	22
6631	21
6632	18
6633	11
6634	25
6635	24
6636	26
6637	20
6638	20
6639	20
6640	21
6641	17
6642	17
6643	19
6644	25
6645	17
6646	15
6647	18
6648	28
6649	28
6650	16
6651	11
6652	22
6653	12
6654	28
6655	20
6656	29
6657	21
6658	19
6659	16
6660	26
6661	14
6662	17
6663	22
6664	23
6665	17
6666	24
6667	19
6668	18
6669	19
6670	20
6671	13
6672	20
6673	19
6674	16
6675	18
6676	29
6677	14
6678	25
6679	31
6680	19
6681	18
6682	23
6683	21
6684	25
6685	14
6686	20
6687	23
6688	18
6689	14
6690	14
6691	23
6692	23
6693	30
6694	20
6695	23
6696	20
6697	19
6698	30
6699	23
6700	20
6701	23
6702	20
6703	16
6704	26
6705	20
6706	21
6707	20
6708	21
6709	24
6710	19
6711	19
6712	18
6713	24
6714	28
6715	24
6716	14
6717	18
6718	25
6719	26
6720	24
6721	13
6722	21
6723	19
6724	16
6725	21
6726	22
6727	23
6728	26
6729	23
6730	21
6731	13
6732	20
6733	19
6734	25
6735	15
6736	15
6737	12
6738	15
6739	27
6740	21
6741	26
6742	17
6743	18
6744	24
6745	22
6746	15
6747	19
6748	15
6749	23
6750	18
6751	20
6752	17
6753	24
6754	13
6755	22
6756	32
6757	16
6758	10
6759	20
6760	20
6761	16
6762	19
6763	14
6764	20
6765	24
6766	17
6767	13
6768	27
6769	18
6770	16
6771	15
6772	26
6773	20
6774	20
6775	15
6776	15
6777	23
6778	18
6779	21
6780	20
6781	25
6782	20
6783	27
6784	15
6785	18
6786	24
6787	25
6788	29
6789	17
6790	14
6791	22
6792	17
6793	19
6794	21
6795	13
6796	19
6797	22
6798	19
6799	20
6800	14
6801	22
6802	15
6803	17
6804	20
6805	12
6806	18
6807	12
6808	19
6809	14
6810	16
6811	17
6812	22
6813	18
6814	23
6815	18
6816	18
6817	25
6818	15
6819	21
6820	15
6821	21
6822	18
6823	18
6824	17
6825	14
6826	12
6827	26
6828	20
6829	19
6830	19
6831	21
6832	14
6833	15
6834	17
6835	16
6836	17
6837	21
6838	12
6839	19
6840	16
6841	23
6842	20
6843	18
6844	11
6845	11
6846	29
6847	16
6848	11
6849	14
6850	17
6851	15
6852	16
6853	17
6854	11
6855	16
6856	20
6857	15
6858	16
6859	20
6860	14
6861	14
6862	13
6863	16
6864	15
6865	20
6866	18
6867	15
6868	19
6869	20
6870	14
6871	12
6872	16
6873	8
6874	16
6875	16
6876	13
6877	17
6878	17
6879	16
6880	13
6881	17
6882	21
6883	13
6884	17
6885	13
6886	11
6887	13
6888	17
6889	16
6890	9
6891	19
6892	15
6893	24
6894	18
6895	14
6896	19
6897	17
6898	17
6899	11
6900	6
6901	16
6902	16
6903	11
6904	10
6905	19
6906	12
6907	20
6908	10
6909	16
6910	18
6911	13
6912	10
6913	13
6914	12
6915	15
6916	9
6917	17
6918	13
6919	11
6920	19
6921	9
6922	21
6923	13
6924	14
6925	15
6926	13
6927	12
6928	12
6929	10
6930	13
6931	16
6932	16
6933	13
6934	11
6935	10
6936	9
6937	16
6938	14
6939	9
6940	9
6941	15
6942	16
6943	7
6944	11
6945	10
6946	11
6947	19
6948	11
6949	14
6950	12
6951	12
6952	16
6953	12
6954	12
6955	11
6956	8
6957	5
6958	11
6959	11
6960	7
6961	9
6962	13
6963	8
6964	12
6965	9
6966	11
6967	9
6968	9
6969	13
6970	11
6971	15
6972	9
6973	11
6974	11
6975	12
6976	14
6977	9
6978	7
6979	9
6980	9
6981	12
6982	11
6983	8
6984	7
6985	9
6986	7
6987	6
6988	9
6989	7
6990	9
6991	10
6992	11
6993	5
6994	10
6995	10
6996	10
6997	3
6998	6
6999	10
7000	8
7001	8
7002	6
7003	9
7004	5
7005	6
7006	19
7007	5
7008	11
7009	11
7010	13
7011	6
7012	16
7013	4
7014	7
7015	8
7016	9
7017	3
7018	7
7019	7
7020	11
7021	7
7022	9
7023	8
7024	4
7025	4
7026	2
7027	3
7028	9
7029	4
7030	10
7031	5
7032	10
7033	8
7034	5
7035	8
7036	12
7037	7
7038	3
7039	6
7040	6
7041	7
7042	6
7043	4
7044	11
7045	8
7046	8
7047	8
7048	7
7049	6
7050	6
7051	2
7052	7
7053	5
7054	6
7055	5
7056	1
7057	3
7058	4
7059	4
7060	4
7061	6
7062	5
7063	8
7064	6
7065	9
7066	8
7067	3
7068	3
7069	7
7070	4
7071	8
7072	7
7073	9
7074	5
7075	7
7076	4
7077	7
7078	2
7079	4
7080	3
7081	5
7082	4
7083	8
7084	5
7085	1
7086	2
7087	5
7088	4
7089	3
7090	3
7091	1
7092	5
7093	3
7094	1
7095	6
7096	3
7097	5
7098	2
7099	6
7100	6
7101	4
7102	5
7103	3
7104	3
7105	3
7106	2
7107	8
7108	2
7109	4
7110	5
7111	2
7112	6
7113	4
7114	2
7115	6
7116	8
7117	3
7118	3
7119	5
7120	3
7121	3
7122	5
7123	1
7124	2
7125	5
7126	0
7127	1
7128	5
7129	1
7130	3
7131	2
7132	4
7133	6
7134	4
7135	6
7136	3
7137	5
7138	3
7139	5
7140	1
7141	2
7142	1
7143	2
7144	3
7145	5
7146	3
7147	3
7148	2
7149	2
7150	3
7151	6
7152	3
7153	3
7154	2
7155	1
7156	1
7157	4
7158	4
7159	1
7160	3
7161	2
7162	3
7163	1
7164	5
7165	0
7166	2
7167	3
7168	2
7169	2
7170	3
7171	0
7172	2
7173	7
7174	2
7175	1
7176	1
7177	4
7178	3
7179	1
7180	2
7181	1
7182	5
7183	4
7184	2
7185	2
7186	3
7187	3
7188	2
7189	1
7190	4
7191	3
7192	2
7193	3
7194	1
7195	0
7196	1
7197	1
7198	1
7199	2
7200	2
7201	1
7202	2
7203	0
7204	1
7205	1
7206	3
7207	1
7208	1
7209	4
7210	0
7211	3
7212	2
7213	0
7214	1
7215	2
7216	1
7217	0
7218	1
7219	4
7220	0
7221	1
7222	2
7223	1
7224	2
7225	3
7226	3
7227	1
7228	1
7229	1
7230	2
7231	0
7232	1
7233	0
7234	0
7235	0
7236	4
7237	1
7238	1
7239	0
7240	3
7241	1
7242	4
7243	2
7244	0
7245	2
7246	0
7247	2
7248	2
7249	2
7250	1
7251	3
7252	1
7253	0
7254	2
7255	0
7256	1
7257	1
7258	3
7259	3
7260	1
7261	3
7262	0
7263	2
7264	1
7265	2
7266	2
7267	3
7268	1
7269	1
7270	2
7271	1
7272	0
7273	2
7274	0
7275	1
7276	1
7277	0
7278	1
7279	0
7280	1
7281	0
7282	2
7283	0
7284	3
7285	4
7286	0
7287	1
7288	0
7289	1
7290	0
7291	1
7292	0
7293	1
7294	0
7295	1
7296	2
7297	1
7298	2
7299	2
7300	0
7301	1
7302	0
7303	1
7304	0
7305	1
7306	0
7307	1
7308	3
7309	2
7310	0
7311	0
7312	0
7313	1
7314	3
7315	2
7316	1
7317	2
7318	0
7319	0
7320	1
7321	3
7322	0
7323	3
7324	0
7325	0
7326	1
7327	2
7328	0
7329	1
7330	0
7331	2
7332	0
7333	2
7334	2
7335	1
7336	2
7337	1
7338	0
7339	1
7340	2
7341	2
7342	3
7343	2
7344	0
7345	1
7346	0
7347	2
7348	2
7349	0
7350	1
7351	1
7352	1
7353	2
7354	0
7355	0
7356	2
7357	2
7358	1
7359	0
7360	2
7361	0
7362	1
7363	0
7364	1
7365	1
7366	2
7367	1
7368	0
7369	0
7370	0
7371	1
7372	2
7373	0
7374	2
7375	0
7376	1
7377	0
7378	0
7379	1
7380	0
7381	0
7382	1
7383	0
7384	2
7385	1
7386	2
7387	0
7388	3
7389	2
7390	0
7391	0
7392	1
7393	1
7394	2
7395	1
7396	0
7397	0
7398	1
7399	0
7400	0
7401	1
7402	1
7403	0
7404	1
7405	0
7406	0
7407	1
7408	1
7409	2
7410	0
7411	0
7412	0
7413	1
7414	0
7415	0
7416	0
7417	0
7418	2
7419	2
7420	1
7421	1
7422	0
7423	1
7424	1
7425	0
7426	0
7427	2
7428	0
7429	1
7430	0
7431	0
7432	1
7433	0
7434	1
7435	1
7436	2
7437	1
7438	0
7439	0
7440	2
7441	0
7442	0
7443	0
7444	0
7445	1
7446	0
7447	0
7448	3
7449	1
7450	0
7451	1
7452	1
7453	3
7454	2
7455	0
7456	0
7457	3
7458	3
7459	1
7460	0
7461	1
7462	1
7463	0
7464	2
7465	0
7466	2
7467	2
7468	0
7469	1
7470	0
7471	1
7472	1
7473	1
7474	0
7475	1
7476	0
7477	2
7478	0
7479	0
7480	2
7481	0
7482	0
7483	3
7484	0
7485	0
7486	0
7487	0
7488	1
7489	1
7490	0
7491	0
7492	0
7493	0
7494	2
7495	2
7496	0
7497	1
7498	0
7499	1
7500	0
7501	0
7502	2
7503	0
7504	0
7505	2
7506	0
7507	0
7508	1
7509	0
7510	0
7511	1
7512	1
7513	1
7514	0
7515	1
7516	0
7517	1
7518	2
7519	2
7520	0
7521	0
7522	0
7523	0
7524	1
7525	2
7526	1
7527	1
7528	0
7529	1
7530	0
7531	0
7532	1
7533	1
7534	1
7535	1
7536	1
7537	1
7538	0
7539	1
7540	0
7541	0
7542	0
7543	0
7544	1
7545	1
7546	0
7547	0
7548	0
7549	0
7550	0
7551	1
7552	2
7553	1
7554	0
7555	3
7556	0
7557	0
7558	1
7559	0
7560	1
7561	3
7562	0
7563	0
7564	0
7565	1
7566	0
7567	0
7568	0
7569	1
7570	1
7571	2
7572	1
7573	0
7574	0
7575	2
7576	0
7577	3
7578	0
7579	1
7580	0
7581	0
7582	3
7583	0
7584	2
7585	0
7586	0
7587	1
7588	3
7589	1
7590	0
7591	0
7592	1
7593	1
7594	1
7595	1
7596	2
7597	1
7598	0
7599	1
7600	0
7601	0
7602	0
7603	0
7604	0
7605	0
7606	0
7607	1
7608	0
7609	0
7610	1
7611	1
7612	2
7613	2
7614	0
7615	0
7616	0
7617	1
7618	0
7619	0
7620	0
7621	0
7622	1
7623	0
7624	0
7625	2
7626	0
7627	1
7628	0
7629	0
7630	4
7631	2
7632	1
7633	0
7634	1
7635	0
7636	3
7637	0
7638	2
7639	2
7640	2
7641	0
7642	0
7643	2
7644	3
7645	1
7646	2
7647	0
7648	1
7649	0
7650	1
7651	0
7652	3
7653	0
7654	1
7655	0
7656	0
7657	1
7658	0
7659	0
7660	1
7661	1
7662	1
7663	0
7664	1
7665	3
7666	0
7667	1
7668	2
7669	1
7670	1
7671	2
7672	1
7673	2
7674	0
7675	1
7676	1
7677	0
7678	3
7679	0
7680	1
7681	0
7682	1
7683	0
7684	0
7685	1
7686	0
7687	1
7688	1
7689	0
7690	1
7691	2
7692	0
7693	1
7694	0
7695	2
7696	2
7697	1
7698	2
7699	0
7700	1
7701	0
7702	1
7703	0
7704	2
7705	1
7706	0
7707	0
7708	0
7709	1
7710	0
7711	0
7712	1
7713	1
7714	0
7715	3
7716	0
7717	1
7718	1
7719	0
7720	1
7721	0
7722	0
7723	0
7724	0
7725	0
7726	0
7727	0
7728	2
7729	1
7730	0
7731	1
7732	3
7733	0
7734	0
7735	0
7736	0
7737	1
7738	0
7739	0
7740	0
7741	2
7742	0
7743	0
7744	1
7745	2
7746	0
7747	1
7748	1
7749	1
7750	0
7751	2
7752	0
7753	1
7754	0
7755	1
7756	3
7757	0
7758	0
7759	1
7760	0
7761	0
7762	0
7763	1
7764	0
7765	1
7766	1
7767	0
7768	0
7769	1
7770	0
7771	1
7772	1
7773	1
7774	0
7775	1
7776	1
7777	0
7778	2
7779	1
7780	1
7781	0
7782	2
7783	1
7784	1
7785	0
7786	0
7787	0
7788	1
7789	1
7790	0
7791	0
7792	0
7793	2
7794	0
7795	1
7796	0
7797	1
7798	2
7799	0
7800	0
7801	1
7802	2
7803	2
7804	2
7805	1
7806	0
7807	0
7808	0
7809	0
7810	0
7811	0
7812	2
7813	0
7814	1
7815	0
7816	0
7817	0
7818	1
7819	0
7820	1
7821	0
7822	1
7823	0
7824	2
7825	1
7826	0
7827	1
7828	1
7829	1
7830	1
7831	1
7832	2
7833	1
7834	2
7835	1
7836	2
7837	2
7838	0
7839	2
7840	1
7841	3
7842	0
7843	0
7844	0
7845	3
7846	1
7847	1
7848	0
7849	2
7850	1
7851	0
7852	0
7853	0
7854	1
7855	0
7856	0
7857	0
7858	0
7859	1
7860	2
7861	0
7862	1
7863	0
7864	1
7865	0
7866	0
7867	2
7868	0
7869	0
7870	0
7871	1
7872	4
7873	0
7874	0
7875	1
7876	0
7877	0
7878	0
7879	1
7880	0
7881	1
7882	3
7883	0
7884	1
7885	1
7886	0
7887	2
7888	1
7889	0
7890	0
7891	2
7892	0
7893	1
7894	2
7895	1
7896	2
7897	0
7898	1
7899	0
7900	0
7901	0
7902	1
7903	0
7904	2
7905	1
7906	1
7907	0
7908	0
7909	0
7910	0
7911	0
7912	1
7913	0
7914	2
7915	1
7916	0
7917	0
7918	0
7919	1
7920	0
7921	2
7922	0
7923	2
7924	1
7925	0
7926	1
7927	1
7928	1
7929	1
7930	3
7931	1
7932	0
7933	1
7934	3
7935	1
7936	0
7937	0
7938	1
7939	0
7940	0
7941	1
7942	1
7943	0
7944	0
7945	0
7946	2
7947	0
7948	0
7949	0
7950	1
7951	2
7952	0
7953	1
7954	0
7955	0
7956	1
7957	1
7958	1
7959	0
7960	2
7961	0
7962	0
7963	0
7964	1
7965	0
7966	0
7967	0
7968	1
7969	0
7970	1
7971	2
7972	0
7973	0
7974	2
7975	0
7976	1
7977	2
7978	0
7979	1
7980	0
7981	3
7982	0
7983	1
7984	0
7985	0
7986	1
7987	2
7988	1
7989	1
7990	0
7991	1
7992	1
7993	0
7994	0
7995	0
7996	0
7997	0
7998	1
7999	1
8000	1
8001	0
8002	1
8003	0
8004	3
8005	1
8006	0
8007	1
8008	1
8009	0
8010	1
8011	1
8012	1
8013	2
8014	0
8015	0
8016	0
8017	1
8018	1
8019	2
8020	0
8021	0
8022	0
8023	1
8024	3
8025	1
8026	1
8027	0
8028	0
8029	0
8030	1
8031	1
8032	0
8033	2
8034	1
8035	0
8036	0
8037	2
8038	0
8039	1
8040	1
8041	2
8042	0
8043	1
8044	2
8045	0
8046	3
8047	1
8048	1
8049	0
8050	0
8051	0
8052	1
8053	1
8054	1
8055	1
8056	2
8057	0
8058	1
8059	1
8060	0
8061	2
8062	1
8063	2
8064	0
8065	1
8066	1
8067	1
8068	1
8069	0
8070	0
8071	0
8072	1
8073	0
8074	0
8075	1
8076	0
8077	1
8078	1
8079	1
8080	2
8081	0
8082	2
8083	4
8084	3
8085	2
8086	1
8087	1
8088	0
8089	0
8090	0
8091	0
8092	2
8093	2
8094	1
8095	1
8096	0
8097	2
8098	1
8099	1
8100	0
8101	0
8102	1
8103	1
8104	0
8105	0
8106	0
8107	0
8108	0
8109	0
8110	0
8111	0
8112	0
8113	0
8114	0
8115	0
8116	0
8117	0
8118	0
8119	0
8120	0
8121	0
8122	0
8123	0
8124	0
8125	0
8126	0
8127	0
8128	0
8129	0
8130	0
8131	0
8132	0
8133	0
8134	0
8135	0
8136	0
8137	0
8138	0
8139	0
8140	0
8141	0
8142	0
8143	0
8144	0
8145	0
8146	0
8147	0
8148	0
8149	0
8150	0
8151	0
8152	0
8153	0
8154	0
8155	0
8156	0
8157	0
8158	0
8159	0
8160	0
8161	0
8162	0
8163	0
8164	0
8165	0
8166	0
8167	0
8168	0
8169	0
8170	0
8171	0
8172	0
8173	0
8174	0
8175	0
8176	0
8177	0
8178	0
8179	0
8180	0
8181	0
8182	0
8183	0
8184	0
8185	0
8186	0
8187	0
8188	0
8189	0
8190	0
8191	0
