0	0
1	0
2	0
3	0
4	0
5	0
6	0
7	0
8	0
9	0
10	0
11	0
12	0
13	0
14	0
15	0
16	0
17	0
18	0
19	0
20	0
21	0
22	0
23	0
24	0
25	0
26	0
27	0
28	0
29	0
30	0
31	0
32	0
33	0
34	0
35	0
36	0
37	0
38	0
39	0
40	0
41	0
42	0
43	0
44	0
45	0
46	0
47	0
48	0
49	0
50	0
51	0
52	0
53	0
54	0
55	0
56	0
57	0
58	0
59	0
60	0
61	0
62	0
63	0
64	0
65	0
66	0
67	0
68	0
69	0
70	0
71	0
72	0
73	0
74	0
75	0
76	0
77	0
78	0
79	0
80	0
81	0
82	0
83	0
84	0
85	0
86	0
87	0
88	0
89	0
90	0
91	0
92	0
93	0
94	0
95	0
96	0
97	0
98	0
99	0
100	0
101	0
102	0
103	0
104	0
105	0
106	0
107	0
108	0
109	0
110	0
111	0
112	0
113	0
114	0
115	0
116	0
117	0
118	0
119	0
120	0
121	0
122	0
123	0
124	0
125	0
126	0
127	0
128	0
129	0
130	0
131	0
132	0
133	0
134	0
135	0
136	0
137	0
138	0
139	0
140	0
141	0
142	0
143	0
144	0
145	0
146	0
147	0
148	0
149	0
150	0
151	0
152	0
153	0
154	0
155	0
156	0
157	0
158	0
159	0
160	0
161	0
162	0
163	0
164	0
165	0
166	0
167	0
168	0
169	0
170	0
171	0
172	0
173	0
174	0
175	0
176	0
177	0
178	1
179	2
180	9
181	25
182	42
183	70
184	53
185	64
186	63
187	62
188	46
189	61
190	63
191	55
192	65
193	64
194	67
195	61
196	69
197	55
198	53
199	64
200	68
201	51
202	53
203	57
204	68
205	51
206	68
207	51
208	49
209	63
210	61
211	50
212	54
213	57
214	53
215	58
216	58
217	43
218	51
219	50
220	60
221	73
222	58
223	58
224	58
225	51
226	49
227	41
228	56
229	59
230	52
231	54
232	54
233	55
234	63
235	65
236	58
237	71
238	55
239	49
240	49
241	48
242	49
243	61
244	44
245	49
246	60
247	57
248	53
249	58
250	57
251	67
252	48
253	60
254	37
255	51
256	55
257	53
258	47
259	53
260	65
261	67
262	51
263	70
264	54
265	64
266	58
267	72
268	58
269	61
270	65
271	53
272	63
273	57
274	67
275	49
276	49
277	77
278	53
279	57
280	66
281	65
282	66
283	65
284	57
285	52
286	61
287	56
288	45
289	64
290	64
291	60
292	47
293	67
294	54
295	60
296	59
297	46
298	66
299	58
300	61
301	55
302	54
303	68
304	59
305	54
306	56
307	57
308	53
309	50
310	44
311	49
312	55
313	58
314	55
315	58
316	63
317	67
318	55
319	67
320	61
321	66
322	32
323	50
324	52
325	55
326	56
327	51
328	44
329	69
330	51
331	60
332	59
333	63
334	50
335	65
336	66
337	51
338	44
339	57
340	51
341	61
342	50
343	59
344	55
345	78
346	49
347	60
348	48
349	53
350	73
351	56
352	53
353	60
354	49
355	55
356	63
357	64
358	63
359	63
360	57
361	60
362	62
363	68
364	56
365	58
366	62
367	60
368	62
369	61
370	53
371	68
372	61
373	62
374	60
375	56
376	70
377	55
378	57
379	67
380	56
381	57
382	56
383	62
384	51
385	54
386	68
387	70
388	60
389	63
390	60
391	70
392	41
393	67
394	67
395	69
396	65
397	48
398	66
399	64
400	65
401	59
402	64
403	55
404	49
405	57
406	61
407	63
408	64
409	55
410	65
411	67
412	67
413	53
414	69
415	58
416	56
417	58
418	55
419	64
420	82
421	55
422	65
423	50
424	52
425	48
426	51
427	66
428	59
429	64
430	62
431	67
432	59
433	55
434	54
435	64
436	66
437	77
438	41
439	63
440	55
441	61
442	67
443	54
444	55
445	60
446	64
447	57
448	52
449	53
450	65
451	58
452	63
453	68
454	73
455	78
456	69
457	73
458	63
459	55
460	48
461	50
462	64
463	63
464	70
465	63
466	65
467	62
468	75
469	59
470	62
471	67
472	63
473	65
474	61
475	48
476	52
477	64
478	73
479	67
480	76
481	70
482	63
483	65
484	71
485	84
486	68
487	56
488	58
489	66
490	56
491	47
492	41
493	64
494	56
495	66
496	84
497	52
498	74
499	63
500	66
501	64
502	52
503	61
504	77
505	63
506	66
507	78
508	75
509	61
510	69
511	61
512	57
513	82
514	67
515	60
516	67
517	63
518	68
519	53
520	59
521	69
522	61
523	68
524	73
525	75
526	62
527	52
528	64
529	80
530	60
531	57
532	76
533	86
534	50
535	60
536	67
537	61
538	69
539	45
540	57
541	63
542	68
543	66
544	62
545	70
546	68
547	66
548	64
549	73
550	44
551	70
552	55
553	53
554	76
555	63
556	60
557	44
558	50
559	56
560	62
561	58
562	80
563	50
564	66
565	72
566	59
567	60
568	58
569	70
570	57
571	61
572	55
573	75
574	61
575	52
576	60
577	67
578	60
579	50
580	68
581	67
582	57
583	55
584	67
585	68
586	69
587	66
588	64
589	49
590	55
591	51
592	71
593	75
594	69
595	69
596	59
597	56
598	54
599	51
600	58
601	67
602	59
603	61
604	51
605	76
606	51
607	54
608	45
609	70
610	64
611	58
612	73
613	70
614	57
615	46
616	54
617	58
618	76
619	52
620	61
621	73
622	55
623	75
624	45
625	68
626	65
627	68
628	58
629	62
630	65
631	58
632	66
633	68
634	57
635	65
636	68
637	72
638	77
639	65
640	61
641	72
642	69
643	67
644	58
645	76
646	62
647	76
648	55
649	60
650	61
651	76
652	67
653	61
654	66
655	62
656	70
657	68
658	60
659	67
660	65
661	65
662	59
663	56
664	68
665	61
666	54
667	71
668	69
669	88
670	55
671	64
672	61
673	58
674	52
675	69
676	63
677	61
678	64
679	62
680	69
681	62
682	62
683	78
684	68
685	51
686	60
687	55
688	78
689	74
690	69
691	75
692	52
693	67
694	65
695	66
696	56
697	59
698	84
699	71
700	60
701	76
702	64
703	75
704	72
705	54
706	56
707	63
708	71
709	70
710	60
711	64
712	74
713	62
714	68
715	68
716	64
717	65
718	65
719	73
720	59
721	69
722	66
723	52
724	66
725	67
726	73
727	81
728	79
729	72
730	53
731	61
732	79
733	58
734	74
735	63
736	85
737	75
738	60
739	85
740	78
741	76
742	69
743	68
744	77
745	69
746	72
747	66
748	71
749	63
750	74
751	68
752	75
753	56
754	75
755	69
756	84
757	59
758	79
759	72
760	67
761	71
762	87
763	68
764	73
765	76
766	75
767	64
768	81
769	80
770	69
771	63
772	78
773	83
774	81
775	77
776	73
777	62
778	70
779	71
780	84
781	77
782	65
783	90
784	89
785	93
786	85
787	90
788	76
789	91
790	76
791	79
792	89
793	63
794	92
795	87
796	89
797	107
798	104
799	97
800	99
801	66
802	96
803	103
804	89
805	75
806	82
807	109
808	84
809	99
810	88
811	87
812	88
813	82
814	116
815	101
816	93
817	101
818	113
819	97
820	108
821	116
822	93
823	105
824	143
825	96
826	107
827	90
828	111
829	116
830	115
831	112
832	127
833	126
834	116
835	108
836	114
837	103
838	113
839	107
840	108
841	110
842	133
843	92
844	128
845	111
846	104
847	110
848	116
849	110
850	126
851	136
852	129
853	131
854	120
855	127
856	126
857	113
858	140
859	131
860	121
861	117
862	133
863	137
864	138
865	149
866	126
867	131
868	126
869	119
870	111
871	128
872	135
873	124
874	108
875	118
876	133
877	111
878	128
879	120
880	126
881	120
882	121
883	135
884	134
885	124
886	134
887	105
888	117
889	121
890	119
891	117
892	129
893	124
894	116
895	116
896	113
897	117
898	93
899	116
900	115
901	108
902	117
903	117
904	107
905	81
906	109
907	88
908	95
909	106
910	104
911	111
912	94
913	83
914	108
915	96
916	85
917	94
918	103
919	90
920	89
921	95
922	88
923	98
924	96
925	107
926	101
927	74
928	81
929	95
930	75
931	82
932	96
933	72
934	85
935	78
936	87
937	80
938	99
939	107
940	79
941	69
942	96
943	77
944	91
945	95
946	83
947	95
948	84
949	98
950	83
951	75
952	78
953	98
954	97
955	112
956	88
957	85
958	79
959	89
960	83
961	99
962	95
963	78
964	90
965	80
966	78
967	91
968	95
969	91
970	91
971	87
972	87
973	103
974	96
975	90
976	92
977	92
978	86
979	90
980	79
981	76
982	96
983	85
984	80
985	102
986	95
987	73
988	99
989	83
990	89
991	102
992	95
993	79
994	85
995	82
996	92
997	85
998	86
999	89
1000	94
1001	80
1002	85
1003	82
1004	80
1005	90
1006	85
1007	89
1008	73
1009	81
1010	75
1011	82
1012	75
1013	88
1014	82
1015	67
1016	76
1017	96
1018	93
1019	80
1020	93
1021	104
1022	81
1023	86
1024	84
1025	62
1026	75
1027	79
1028	79
1029	77
1030	87
1031	84
1032	75
1033	79
1034	77
1035	71
1036	71
1037	88
1038	76
1039	86
1040	82
1041	70
1042	68
1043	82
1044	81
1045	76
1046	70
1047	92
1048	65
1049	67
1050	72
1051	68
1052	65
1053	70
1054	76
1055	76
1056	62
1057	88
1058	68
1059	90
1060	80
1061	61
1062	82
1063	77
1064	60
1065	57
1066	71
1067	64
1068	78
1069	61
1070	64
1071	74
1072	65
1073	86
1074	69
1075	69
1076	60
1077	61
1078	63
1079	68
1080	68
1081	74
1082	59
1083	73
1084	67
1085	66
1086	68
1087	76
1088	67
1089	86
1090	67
1091	73
1092	76
1093	59
1094	69
1095	71
1096	58
1097	75
1098	60
1099	68
1100	69
1101	83
1102	69
1103	55
1104	74
1105	70
1106	72
1107	60
1108	76
1109	68
1110	66
1111	72
1112	70
1113	74
1114	68
1115	81
1116	87
1117	61
1118	58
1119	74
1120	68
1121	63
1122	75
1123	74
1124	62
1125	62
1126	58
1127	69
1128	80
1129	76
1130	68
1131	62
1132	74
1133	65
1134	75
1135	73
1136	64
1137	56
1138	77
1139	55
1140	60
1141	71
1142	69
1143	80
1144	67
1145	75
1146	76
1147	56
1148	61
1149	58
1150	71
1151	57
1152	74
1153	75
1154	75
1155	63
1156	66
1157	68
1158	79
1159	60
1160	65
1161	72
1162	67
1163	69
1164	70
1165	70
1166	75
1167	77
1168	67
1169	72
1170	78
1171	71
1172	61
1173	80
1174	70
1175	84
1176	71
1177	95
1178	69
1179	71
1180	74
1181	68
1182	80
1183	69
1184	69
1185	84
1186	64
1187	81
1188	77
1189	63
1190	59
1191	98
1192	76
1193	61
1194	92
1195	69
1196	63
1197	63
1198	67
1199	73
1200	73
1201	69
1202	78
1203	78
1204	79
1205	78
1206	67
1207	74
1208	69
1209	74
1210	69
1211	70
1212	86
1213	76
1214	88
1215	85
1216	78
1217	74
1218	85
1219	69
1220	74
1221	73
1222	73
1223	68
1224	61
1225	70
1226	94
1227	64
1228	78
1229	90
1230	78
1231	85
1232	82
1233	85
1234	73
1235	69
1236	77
1237	74
1238	76
1239	90
1240	72
1241	75
1242	88
1243	76
1244	77
1245	74
1246	75
1247	81
1248	83
1249	79
1250	90
1251	82
1252	79
1253	72
1254	85
1255	73
1256	86
1257	100
1258	96
1259	67
1260	73
1261	76
1262	93
1263	83
1264	74
1265	83
1266	72
1267	67
1268	82
1269	73
1270	83
1271	87
1272	80
1273	84
1274	88
1275	77
1276	80
1277	81
1278	71
1279	84
1280	70
1281	70
1282	80
1283	105
1284	72
1285	83
1286	72
1287	74
1288	81
1289	98
1290	79
1291	88
1292	79
1293	86
1294	95
1295	75
1296	76
1297	77
1298	86
1299	82
1300	72
1301	78
1302	81
1303	89
1304	72
1305	84
1306	71
1307	93
1308	60
1309	84
1310	82
1311	90
1312	94
1313	65
1314	74
1315	92
1316	82
1317	95
1318	71
1319	77
1320	103
1321	83
1322	79
1323	73
1324	89
1325	92
1326	85
1327	83
1328	70
1329	100
1330	87
1331	81
1332	76
1333	88
1334	76
1335	85
1336	76
1337	104
1338	77
1339	79
1340	94
1341	74
1342	90
1343	93
1344	79
1345	80
1346	95
1347	70
1348	82
1349	81
1350	85
1351	86
1352	85
1353	90
1354	65
1355	80
1356	81
1357	81
1358	77
1359	76
1360	73
1361	74
1362	91
1363	96
1364	79
1365	71
1366	94
1367	109
1368	95
1369	95
1370	85
1371	91
1372	75
1373	83
1374	88
1375	83
1376	90
1377	93
1378	71
1379	89
1380	72
1381	89
1382	76
1383	92
1384	65
1385	94
1386	72
1387	69
1388	93
1389	90
1390	98
1391	92
1392	99
1393	79
1394	71
1395	77
1396	87
1397	95
1398	84
1399	75
1400	85
1401	75
1402	88
1403	101
1404	92
1405	88
1406	99
1407	86
1408	83
1409	98
1410	85
1411	93
1412	75
1413	117
1414	81
1415	96
1416	83
1417	94
1418	77
1419	87
1420	106
1421	95
1422	100
1423	78
1424	77
1425	88
1426	87
1427	78
1428	91
1429	79
1430	87
1431	90
1432	94
1433	98
1434	90
1435	83
1436	84
1437	101
1438	81
1439	93
1440	104
1441	82
1442	108
1443	93
1444	81
1445	88
1446	90
1447	104
1448	111
1449	102
1450	89
1451	90
1452	95
1453	90
1454	96
1455	96
1456	84
1457	101
1458	91
1459	81
1460	87
1461	98
1462	95
1463	85
1464	92
1465	91
1466	81
1467	96
1468	114
1469	96
1470	104
1471	91
1472	108
1473	83
1474	84
1475	95
1476	91
1477	90
1478	84
1479	86
1480	104
1481	99
1482	107
1483	86
1484	91
1485	87
1486	100
1487	88
1488	101
1489	88
1490	97
1491	94
1492	77
1493	94
1494	85
1495	78
1496	92
1497	91
1498	90
1499	82
1500	84
1501	106
1502	100
1503	87
1504	102
1505	96
1506	105
1507	85
1508	77
1509	84
1510	104
1511	88
1512	88
1513	94
1514	98
1515	100
1516	96
1517	110
1518	89
1519	108
1520	88
1521	97
1522	117
1523	84
1524	82
1525	88
1526	90
1527	93
1528	84
1529	100
1530	78
1531	95
1532	94
1533	78
1534	91
1535	104
1536	91
1537	97
1538	99
1539	117
1540	108
1541	114
1542	71
1543	100
1544	122
1545	96
1546	91
1547	112
1548	118
1549	108
1550	104
1551	88
1552	95
1553	88
1554	96
1555	97
1556	101
1557	91
1558	99
1559	102
1560	100
1561	91
1562	91
1563	102
1564	89
1565	107
1566	99
1567	104
1568	88
1569	100
1570	108
1571	91
1572	98
1573	113
1574	112
1575	86
1576	103
1577	103
1578	102
1579	106
1580	96
1581	77
1582	104
1583	107
1584	90
1585	86
1586	109
1587	108
1588	103
1589	88
1590	101
1591	101
1592	108
1593	112
1594	109
1595	84
1596	91
1597	103
1598	101
1599	91
1600	91
1601	103
1602	90
1603	113
1604	89
1605	89
1606	119
1607	104
1608	97
1609	105
1610	106
1611	74
1612	116
1613	89
1614	81
1615	104
1616	110
1617	108
1618	94
1619	101
1620	91
1621	99
1622	116
1623	103
1624	100
1625	93
1626	95
1627	101
1628	84
1629	92
1630	100
1631	112
1632	112
1633	82
1634	80
1635	107
1636	108
1637	98
1638	101
1639	110
1640	99
1641	91
1642	99
1643	98
1644	106
1645	98
1646	82
1647	95
1648	107
1649	97
1650	97
1651	95
1652	109
1653	94
1654	94
1655	99
1656	113
1657	113
1658	108
1659	96
1660	81
1661	102
1662	96
1663	108
1664	93
1665	106
1666	104
1667	118
1668	107
1669	106
1670	112
1671	99
1672	81
1673	93
1674	95
1675	87
1676	103
1677	124
1678	101
1679	112
1680	95
1681	97
1682	93
1683	89
1684	109
1685	97
1686	91
1687	105
1688	108
1689	97
1690	82
1691	109
1692	104
1693	98
1694	119
1695	112
1696	113
1697	109
1698	98
1699	124
1700	112
1701	109
1702	99
1703	124
1704	103
1705	114
1706	119
1707	92
1708	104
1709	98
1710	114
1711	110
1712	114
1713	107
1714	105
1715	102
1716	97
1717	94
1718	117
1719	107
1720	111
1721	87
1722	100
1723	121
1724	93
1725	99
1726	94
1727	107
1728	118
1729	113
1730	100
1731	120
1732	119
1733	109
1734	136
1735	100
1736	96
1737	93
1738	84
1739	111
1740	123
1741	103
1742	120
1743	130
1744	117
1745	115
1746	106
1747	92
1748	95
1749	121
1750	105
1751	120
1752	103
1753	130
1754	123
1755	91
1756	110
1757	119
1758	95
1759	112
1760	114
1761	98
1762	106
1763	127
1764	106
1765	94
1766	93
1767	102
1768	108
1769	91
1770	99
1771	116
1772	106
1773	100
1774	109
1775	94
1776	100
1777	122
1778	108
1779	102
1780	118
1781	110
1782	94
1783	103
1784	108
1785	114
1786	98
1787	103
1788	115
1789	114
1790	118
1791	105
1792	104
1793	100
1794	114
1795	109
1796	127
1797	105
1798	109
1799	112
1800	89
1801	116
1802	104
1803	112
1804	114
1805	109
1806	95
1807	97
1808	117
1809	104
1810	105
1811	111
1812	114
1813	120
1814	110
1815	109
1816	106
1817	109
1818	134
1819	113
1820	120
1821	116
1822	94
1823	99
1824	117
1825	116
1826	106
1827	125
1828	118
1829	118
1830	116
1831	112
1832	119
1833	99
1834	102
1835	117
1836	120
1837	96
1838	100
1839	120
1840	123
1841	117
1842	120
1843	136
1844	134
1845	114
1846	113
1847	110
1848	131
1849	110
1850	122
1851	104
1852	94
1853	106
1854	116
1855	120
1856	104
1857	124
1858	104
1859	98
1860	123
1861	87
1862	123
1863	105
1864	112
1865	102
1866	128
1867	137
1868	104
1869	122
1870	136
1871	101
1872	123
1873	106
1874	128
1875	106
1876	128
1877	116
1878	114
1879	105
1880	122
1881	117
1882	98
1883	108
1884	111
1885	103
1886	115
1887	117
1888	108
1889	113
1890	112
1891	114
1892	128
1893	114
1894	111
1895	121
1896	138
1897	125
1898	124
1899	124
1900	121
1901	131
1902	119
1903	101
1904	115
1905	115
1906	130
1907	116
1908	118
1909	123
1910	113
1911	108
1912	119
1913	109
1914	116
1915	115
1916	99
1917	125
1918	104
1919	103
1920	117
1921	127
1922	124
1923	115
1924	121
1925	100
1926	123
1927	124
1928	116
1929	124
1930	140
1931	120
1932	120
1933	122
1934	125
1935	130
1936	122
1937	124
1938	128
1939	121
1940	99
1941	120
1942	104
1943	106
1944	130
1945	123
1946	135
1947	112
1948	118
1949	130
1950	123
1951	129
1952	138
1953	121
1954	117
1955	123
1956	111
1957	124
1958	85
1959	124
1960	108
1961	125
1962	108
1963	121
1964	96
1965	103
1966	107
1967	117
1968	130
1969	117
1970	127
1971	137
1972	104
1973	112
1974	115
1975	121
1976	106
1977	107
1978	125
1979	119
1980	128
1981	134
1982	126
1983	109
1984	147
1985	126
1986	111
1987	93
1988	123
1989	117
1990	131
1991	100
1992	110
1993	95
1994	120
1995	122
1996	122
1997	114
1998	111
1999	138
2000	134
2001	134
2002	142
2003	125
2004	118
2005	125
2006	123
2007	107
2008	131
2009	118
2010	121
2011	144
2012	124
2013	125
2014	128
2015	134
2016	116
2017	102
2018	136
2019	124
2020	125
2021	114
2022	129
2023	119
2024	133
2025	130
2026	127
2027	108
2028	102
2029	122
2030	115
2031	120
2032	141
2033	129
2034	125
2035	124
2036	133
2037	119
2038	117
2039	107
2040	132
2041	122
2042	135
2043	119
2044	131
2045	136
2046	119
2047	125
2048	98
2049	118
2050	126
2051	124
2052	123
2053	109
2054	124
2055	126
2056	134
2057	126
2058	112
2059	113
2060	124
2061	132
2062	107
2063	111
2064	113
2065	110
2066	117
2067	131
2068	124
2069	113
2070	129
2071	132
2072	113
2073	125
2074	119
2075	115
2076	126
2077	115
2078	110
2079	119
2080	120
2081	101
2082	136
2083	114
2084	141
2085	127
2086	142
2087	113
2088	100
2089	148
2090	111
2091	119
2092	129
2093	112
2094	135
2095	133
2096	103
2097	127
2098	118
2099	131
2100	132
2101	132
2102	115
2103	114
2104	113
2105	134
2106	117
2107	129
2108	121
2109	132
2110	127
2111	118
2112	122
2113	122
2114	112
2115	102
2116	124
2117	128
2118	138
2119	127
2120	120
2121	114
2122	125
2123	130
2124	139
2125	129
2126	109
2127	136
2128	118
2129	122
2130	138
2131	116
2132	127
2133	117
2134	124
2135	118
2136	155
2137	109
2138	105
2139	121
2140	129
2141	113
2142	128
2143	134
2144	122
2145	135
2146	138
2147	127
2148	97
2149	144
2150	138
2151	118
2152	113
2153	133
2154	132
2155	127
2156	129
2157	123
2158	113
2159	139
2160	118
2161	117
2162	108
2163	123
2164	124
2165	104
2166	118
2167	150
2168	133
2169	128
2170	123
2171	125
2172	108
2173	132
2174	122
2175	135
2176	141
2177	126
2178	121
2179	127
2180	125
2181	123
2182	103
2183	138
2184	101
2185	123
2186	119
2187	128
2188	134
2189	117
2190	122
2191	130
2192	120
2193	114
2194	111
2195	124
2196	128
2197	123
2198	144
2199	120
2200	117
2201	122
2202	149
2203	146
2204	113
2205	125
2206	142
2207	128
2208	153
2209	119
2210	120
2211	117
2212	135
2213	115
2214	146
2215	121
2216	131
2217	121
2218	117
2219	131
2220	122
2221	127
2222	125
2223	117
2224	127
2225	122
2226	130
2227	126
2228	126
2229	147
2230	126
2231	130
2232	118
2233	118
2234	129
2235	118
2236	133
2237	126
2238	129
2239	127
2240	113
2241	118
2242	114
2243	111
2244	148
2245	133
2246	132
2247	141
2248	110
2249	146
2250	115
2251	134
2252	134
2253	115
2254	116
2255	147
2256	129
2257	151
2258	126
2259	132
2260	125
2261	119
2262	126
2263	156
2264	134
2265	121
2266	132
2267	123
2268	145
2269	142
2270	128
2271	116
2272	118
2273	115
2274	134
2275	139
2276	138
2277	121
2278	139
2279	130
2280	128
2281	135
2282	133
2283	147
2284	141
2285	145
2286	146
2287	138
2288	120
2289	133
2290	128
2291	126
2292	127
2293	134
2294	154
2295	155
2296	131
2297	134
2298	129
2299	123
2300	117
2301	135
2302	136
2303	142
2304	121
2305	131
2306	125
2307	132
2308	147
2309	150
2310	151
2311	118
2312	143
2313	118
2314	133
2315	135
2316	133
2317	140
2318	131
2319	132
2320	142
2321	135
2322	132
2323	120
2324	166
2325	133
2326	120
2327	121
2328	126
2329	137
2330	130
2331	123
2332	121
2333	137
2334	148
2335	121
2336	131
2337	121
2338	146
2339	151
2340	118
2341	135
2342	129
2343	127
2344	130
2345	124
2346	145
2347	132
2348	125
2349	124
2350	125
2351	149
2352	140
2353	128
2354	144
2355	121
2356	138
2357	128
2358	138
2359	140
2360	111
2361	138
2362	137
2363	123
2364	113
2365	139
2366	144
2367	125
2368	136
2369	137
2370	125
2371	130
2372	119
2373	147
2374	128
2375	131
2376	143
2377	140
2378	129
2379	121
2380	128
2381	136
2382	138
2383	146
2384	131
2385	124
2386	131
2387	135
2388	133
2389	142
2390	127
2391	138
2392	115
2393	140
2394	130
2395	129
2396	143
2397	118
2398	128
2399	119
2400	154
2401	144
2402	124
2403	122
2404	125
2405	129
2406	136
2407	130
2408	140
2409	130
2410	132
2411	140
2412	140
2413	134
2414	117
2415	116
2416	143
2417	128
2418	113
2419	114
2420	148
2421	117
2422	127
2423	119
2424	129
2425	147
2426	127
2427	138
2428	128
2429	150
2430	142
2431	102
2432	133
2433	138
2434	135
2435	139
2436	148
2437	117
2438	137
2439	122
2440	139
2441	129
2442	119
2443	149
2444	115
2445	126
2446	127
2447	137
2448	143
2449	113
2450	132
2451	150
2452	137
2453	146
2454	111
2455	135
2456	124
2457	109
2458	125
2459	128
2460	113
2461	131
2462	120
2463	113
2464	105
2465	132
2466	137
2467	124
2468	146
2469	127
2470	133
2471	136
2472	127
2473	109
2474	141
2475	104
2476	127
2477	133
2478	113
2479	158
2480	155
2481	149
2482	126
2483	109
2484	114
2485	126
2486	126
2487	118
2488	145
2489	139
2490	126
2491	141
2492	117
2493	129
2494	118
2495	127
2496	129
2497	131
2498	138
2499	122
2500	91
2501	121
2502	115
2503	115
2504	124
2505	129
2506	115
2507	116
2508	115
2509	122
2510	132
2511	117
2512	103
2513	132
2514	135
2515	112
2516	130
2517	114
2518	113
2519	118
2520	128
2521	109
2522	133
2523	118
2524	133
2525	119
2526	108
2527	95
2528	131
2529	128
2530	146
2531	112
2532	119
2533	113
2534	127
2535	139
2536	126
2537	112
2538	132
2539	111
2540	138
2541	109
2542	117
2543	124
2544	117
2545	117
2546	125
2547	123
2548	120
2549	117
2550	113
2551	121
2552	99
2553	102
2554	103
2555	89
2556	119
2557	107
2558	122
2559	132
2560	103
2561	117
2562	106
2563	117
2564	124
2565	101
2566	103
2567	129
2568	101
2569	111
2570	116
2571	120
2572	103
2573	107
2574	107
2575	120
2576	108
2577	106
2578	132
2579	110
2580	112
2581	138
2582	105
2583	115
2584	144
2585	113
2586	112
2587	102
2588	92
2589	106
2590	100
2591	92
2592	106
2593	113
2594	93
2595	104
2596	100
2597	121
2598	93
2599	100
2600	108
2601	119
2602	105
2603	125
2604	128
2605	107
2606	92
2607	107
2608	104
2609	110
2610	107
2611	126
2612	97
2613	120
2614	120
2615	114
2616	114
2617	107
2618	103
2619	100
2620	107
2621	104
2622	106
2623	107
2624	113
2625	108
2626	95
2627	120
2628	115
2629	95
2630	109
2631	106
2632	106
2633	101
2634	116
2635	94
2636	110
2637	104
2638	91
2639	92
2640	124
2641	95
2642	96
2643	104
2644	117
2645	112
2646	103
2647	89
2648	101
2649	125
2650	107
2651	99
2652	127
2653	105
2654	103
2655	90
2656	121
2657	101
2658	85
2659	102
2660	124
2661	111
2662	101
2663	100
2664	105
2665	100
2666	128
2667	93
2668	111
2669	103
2670	93
2671	82
2672	108
2673	86
2674	106
2675	114
2676	91
2677	112
2678	110
2679	108
2680	107
2681	122
2682	94
2683	95
2684	97
2685	110
2686	101
2687	89
2688	112
2689	105
2690	84
2691	100
2692	95
2693	98
2694	83
2695	86
2696	101
2697	96
2698	94
2699	98
2700	93
2701	108
2702	103
2703	99
2704	109
2705	89
2706	89
2707	99
2708	85
2709	84
2710	113
2711	108
2712	111
2713	117
2714	80
2715	100
2716	95
2717	72
2718	115
2719	110
2720	89
2721	96
2722	82
2723	95
2724	106
2725	101
2726	77
2727	81
2728	97
2729	103
2730	100
2731	103
2732	102
2733	97
2734	93
2735	95
2736	75
2737	77
2738	83
2739	112
2740	110
2741	94
2742	81
2743	103
2744	100
2745	78
2746	79
2747	90
2748	103
2749	98
2750	98
2751	89
2752	114
2753	86
2754	85
2755	103
2756	86
2757	92
2758	103
2759	90
2760	78
2761	102
2762	78
2763	99
2764	102
2765	87
2766	108
2767	98
2768	86
2769	103
2770	80
2771	105
2772	102
2773	97
2774	86
2775	85
2776	97
2777	85
2778	87
2779	95
2780	94
2781	96
2782	113
2783	106
2784	96
2785	86
2786	96
2787	90
2788	99
2789	100
2790	79
2791	113
2792	98
2793	88
2794	94
2795	85
2796	81
2797	82
2798	83
2799	90
2800	90
2801	85
2802	85
2803	84
2804	78
2805	87
2806	96
2807	93
2808	78
2809	94
2810	93
2811	81
2812	82
2813	86
2814	89
2815	104
2816	91
2817	79
2818	100
2819	76
2820	93
2821	85
2822	113
2823	99
2824	80
2825	84
2826	110
2827	83
2828	76
2829	89
2830	96
2831	76
2832	83
2833	79
2834	104
2835	80
2836	87
2837	99
2838	85
2839	74
2840	90
2841	93
2842	102
2843	79
2844	81
2845	78
2846	82
2847	95
2848	88
2849	99
2850	104
2851	87
2852	77
2853	95
2854	85
2855	91
2856	92
2857	92
2858	92
2859	81
2860	94
2861	74
2862	88
2863	92
2864	80
2865	100
2866	79
2867	75
2868	91
2869	111
2870	90
2871	85
2872	104
2873	90
2874	96
2875	83
2876	80
2877	96
2878	89
2879	91
2880	89
2881	84
2882	83
2883	89
2884	90
2885	94
2886	93
2887	91
2888	84
2889	94
2890	87
2891	88
2892	90
2893	105
2894	93
2895	82
2896	89
2897	88
2898	80
2899	75
2900	74
2901	93
2902	81
2903	96
2904	79
2905	101
2906	80
2907	79
2908	93
2909	94
2910	93
2911	89
2912	75
2913	76
2914	86
2915	100
2916	83
2917	97
2918	74
2919	83
2920	96
2921	92
2922	77
2923	76
2924	84
2925	97
2926	71
2927	94
2928	62
2929	71
2930	76
2931	79
2932	88
2933	80
2934	88
2935	73
2936	87
2937	89
2938	68
2939	69
2940	107
2941	74
2942	78
2943	71
2944	81
2945	80
2946	82
2947	103
2948	65
2949	75
2950	78
2951	96
2952	92
2953	88
2954	90
2955	90
2956	79
2957	87
2958	87
2959	91
2960	80
2961	96
2962	94
2963	83
2964	97
2965	79
2966	78
2967	93
2968	64
2969	81
2970	69
2971	81
2972	74
2973	89
2974	89
2975	94
2976	80
2977	84
2978	87
2979	100
2980	80
2981	87
2982	97
2983	79
2984	87
2985	89
2986	78
2987	86
2988	82
2989	75
2990	79
2991	81
2992	70
2993	88
2994	80
2995	77
2996	86
2997	80
2998	100
2999	95
3000	73
3001	77
3002	77
3003	88
3004	92
3005	66
3006	92
3007	93
3008	81
3009	81
3010	75
3011	81
3012	98
3013	104
3014	65
3015	102
3016	96
3017	77
3018	80
3019	93
3020	77
3021	85
3022	79
3023	98
3024	72
3025	89
3026	78
3027	86
3028	75
3029	83
3030	75
3031	95
3032	108
3033	81
3034	80
3035	86
3036	77
3037	66
3038	78
3039	81
3040	88
3041	75
3042	86
3043	88
3044	87
3045	66
3046	88
3047	77
3048	83
3049	71
3050	91
3051	94
3052	82
3053	80
3054	77
3055	74
3056	91
3057	84
3058	77
3059	73
3060	83
3061	70
3062	87
3063	94
3064	78
3065	79
3066	97
3067	72
3068	79
3069	84
3070	88
3071	69
3072	84
3073	90
3074	68
3075	78
3076	89
3077	97
3078	73
3079	91
3080	82
3081	87
3082	86
3083	79
3084	79
3085	61
3086	92
3087	81
3088	96
3089	67
3090	77
3091	100
3092	75
3093	73
3094	83
3095	90
3096	69
3097	96
3098	84
3099	92
3100	87
3101	90
3102	96
3103	82
3104	84
3105	89
3106	69
3107	98
3108	67
3109	97
3110	61
3111	72
3112	74
3113	75
3114	74
3115	78
3116	89
3117	64
3118	90
3119	65
3120	82
3121	78
3122	89
3123	85
3124	67
3125	98
3126	97
3127	67
3128	77
3129	104
3130	70
3131	84
3132	112
3133	62
3134	86
3135	88
3136	94
3137	73
3138	78
3139	81
3140	69
3141	81
3142	101
3143	79
3144	84
3145	90
3146	84
3147	79
3148	76
3149	91
3150	85
3151	83
3152	69
3153	74
3154	78
3155	73
3156	88
3157	79
3158	69
3159	74
3160	77
3161	83
3162	78
3163	83
3164	70
3165	82
3166	94
3167	81
3168	84
3169	85
3170	79
3171	86
3172	75
3173	71
3174	96
3175	68
3176	86
3177	87
3178	86
3179	77
3180	81
3181	83
3182	80
3183	68
3184	95
3185	82
3186	91
3187	86
3188	66
3189	84
3190	86
3191	67
3192	79
3193	66
3194	85
3195	90
3196	82
3197	85
3198	93
3199	82
3200	84
3201	87
3202	81
3203	80
3204	81
3205	74
3206	80
3207	78
3208	89
3209	71
3210	81
3211	92
3212	79
3213	72
3214	87
3215	75
3216	76
3217	71
3218	82
3219	75
3220	88
3221	59
3222	75
3223	95
3224	80
3225	73
3226	65
3227	90
3228	83
3229	81
3230	84
3231	78
3232	86
3233	92
3234	89
3235	86
3236	82
3237	72
3238	67
3239	68
3240	85
3241	75
3242	64
3243	90
3244	78
3245	89
3246	75
3247	70
3248	85
3249	90
3250	85
3251	85
3252	91
3253	89
3254	75
3255	72
3256	74
3257	75
3258	91
3259	71
3260	87
3261	89
3262	70
3263	75
3264	75
3265	78
3266	59
3267	75
3268	82
3269	79
3270	96
3271	78
3272	77
3273	75
3274	80
3275	85
3276	102
3277	76
3278	76
3279	76
3280	71
3281	79
3282	82
3283	65
3284	88
3285	72
3286	69
3287	78
3288	73
3289	67
3290	89
3291	82
3292	73
3293	73
3294	84
3295	83
3296	86
3297	89
3298	84
3299	76
3300	84
3301	91
3302	81
3303	84
3304	77
3305	86
3306	95
3307	67
3308	69
3309	81
3310	69
3311	92
3312	81
3313	99
3314	74
3315	92
3316	77
3317	69
3318	57
3319	78
3320	81
3321	97
3322	72
3323	83
3324	61
3325	83
3326	79
3327	86
3328	68
3329	66
3330	84
3331	80
3332	91
3333	93
3334	86
3335	86
3336	87
3337	89
3338	74
3339	79
3340	79
3341	76
3342	73
3343	74
3344	78
3345	82
3346	73
3347	87
3348	91
3349	62
3350	77
3351	68
3352	94
3353	71
3354	91
3355	93
3356	66
3357	62
3358	85
3359	67
3360	57
3361	72
3362	83
3363	75
3364	77
3365	64
3366	71
3367	87
3368	93
3369	84
3370	79
3371	83
3372	89
3373	63
3374	79
3375	73
3376	82
3377	71
3378	74
3379	75
3380	70
3381	88
3382	79
3383	80
3384	67
3385	86
3386	90
3387	83
3388	70
3389	72
3390	63
3391	97
3392	79
3393	66
3394	83
3395	66
3396	76
3397	69
3398	72
3399	76
3400	81
3401	66
3402	93
3403	79
3404	69
3405	74
3406	80
3407	85
3408	67
3409	74
3410	69
3411	62
3412	56
3413	71
3414	80
3415	83
3416	60
3417	66
3418	82
3419	89
3420	73
3421	94
3422	79
3423	102
3424	86
3425	59
3426	89
3427	79
3428	94
3429	87
3430	89
3431	75
3432	74
3433	93
3434	70
3435	71
3436	66
3437	81
3438	84
3439	86
3440	71
3441	84
3442	67
3443	77
3444	66
3445	72
3446	68
3447	81
3448	80
3449	77
3450	74
3451	80
3452	75
3453	83
3454	80
3455	89
3456	79
3457	68
3458	82
3459	83
3460	65
3461	78
3462	79
3463	80
3464	75
3465	65
3466	73
3467	68
3468	81
3469	63
3470	78
3471	78
3472	77
3473	66
3474	71
3475	84
3476	73
3477	70
3478	81
3479	88
3480	77
3481	91
3482	73
3483	71
3484	74
3485	63
3486	75
3487	83
3488	71
3489	69
3490	70
3491	86
3492	83
3493	75
3494	67
3495	78
3496	85
3497	92
3498	74
3499	78
3500	58
3501	74
3502	67
3503	82
3504	78
3505	70
3506	66
3507	71
3508	97
3509	65
3510	68
3511	92
3512	75
3513	74
3514	86
3515	69
3516	82
3517	98
3518	91
3519	83
3520	85
3521	68
3522	75
3523	68
3524	71
3525	80
3526	69
3527	61
3528	83
3529	76
3530	73
3531	81
3532	78
3533	81
3534	67
3535	75
3536	66
3537	62
3538	78
3539	71
3540	73
3541	66
3542	70
3543	74
3544	82
3545	72
3546	76
3547	100
3548	63
3549	67
3550	66
3551	61
3552	87
3553	81
3554	81
3555	91
3556	75
3557	58
3558	98
3559	74
3560	91
3561	71
3562	76
3563	77
3564	69
3565	83
3566	73
3567	88
3568	71
3569	81
3570	66
3571	66
3572	86
3573	74
3574	66
3575	74
3576	77
3577	71
3578	60
3579	80
3580	76
3581	80
3582	60
3583	67
3584	70
3585	86
3586	63
3587	90
3588	80
3589	61
3590	89
3591	77
3592	85
3593	86
3594	81
3595	84
3596	80
3597	72
3598	86
3599	73
3600	64
3601	89
3602	73
3603	94
3604	66
3605	60
3606	62
3607	67
3608	59
3609	65
3610	63
3611	62
3612	70
3613	68
3614	70
3615	82
3616	77
3617	94
3618	69
3619	92
3620	79
3621	76
3622	71
3623	86
3624	54
3625	72
3626	86
3627	71
3628	81
3629	68
3630	71
3631	66
3632	75
3633	75
3634	78
3635	84
3636	75
3637	77
3638	71
3639	68
3640	69
3641	76
3642	77
3643	81
3644	74
3645	63
3646	67
3647	74
3648	71
3649	76
3650	89
3651	85
3652	84
3653	70
3654	77
3655	78
3656	67
3657	61
3658	80
3659	78
3660	73
3661	88
3662	72
3663	75
3664	79
3665	71
3666	77
3667	67
3668	69
3669	78
3670	74
3671	68
3672	88
3673	73
3674	78
3675	82
3676	64
3677	76
3678	87
3679	78
3680	72
3681	73
3682	64
3683	73
3684	89
3685	58
3686	50
3687	76
3688	87
3689	75
3690	60
3691	76
3692	71
3693	82
3694	72
3695	68
3696	84
3697	74
3698	57
3699	70
3700	52
3701	64
3702	81
3703	59
3704	82
3705	67
3706	79
3707	83
3708	76
3709	60
3710	77
3711	63
3712	59
3713	72
3714	72
3715	73
3716	62
3717	86
3718	77
3719	69
3720	65
3721	80
3722	73
3723	86
3724	83
3725	63
3726	79
3727	85
3728	75
3729	79
3730	63
3731	78
3732	80
3733	83
3734	67
3735	70
3736	82
3737	70
3738	69
3739	69
3740	78
3741	66
3742	73
3743	56
3744	63
3745	69
3746	75
3747	71
3748	74
3749	77
3750	65
3751	66
3752	84
3753	64
3754	77
3755	78
3756	62
3757	72
3758	59
3759	70
3760	74
3761	60
3762	84
3763	72
3764	64
3765	74
3766	64
3767	67
3768	62
3769	71
3770	91
3771	59
3772	75
3773	76
3774	65
3775	66
3776	66
3777	63
3778	78
3779	85
3780	68
3781	65
3782	56
3783	67
3784	79
3785	72
3786	70
3787	81
3788	75
3789	71
3790	66
3791	63
3792	86
3793	66
3794	63
3795	76
3796	66
3797	70
3798	59
3799	80
3800	59
3801	78
3802	72
3803	77
3804	70
3805	62
3806	75
3807	70
3808	76
3809	60
3810	66
3811	71
3812	72
3813	83
3814	67
3815	79
3816	92
3817	83
3818	75
3819	63
3820	78
3821	74
3822	78
3823	77
3824	59
3825	75
3826	68
3827	65
3828	69
3829	65
3830	69
3831	67
3832	67
3833	61
3834	70
3835	75
3836	85
3837	82
3838	62
3839	69
3840	67
3841	69
3842	78
3843	76
3844	57
3845	59
3846	68
3847	60
3848	74
3849	67
3850	62
3851	76
3852	67
3853	64
3854	78
3855	70
3856	69
3857	56
3858	80
3859	67
3860	68
3861	72
3862	74
3863	65
3864	69
3865	73
3866	74
3867	76
3868	54
3869	75
3870	76
3871	69
3872	72
3873	64
3874	75
3875	64
3876	78
3877	72
3878	67
3879	63
3880	69
3881	74
3882	66
3883	59
3884	60
3885	72
3886	74
3887	74
3888	82
3889	65
3890	65
3891	69
3892	74
3893	50
3894	78
3895	89
3896	62
3897	78
3898	77
3899	69
3900	73
3901	77
3902	61
3903	60
3904	74
3905	55
3906	72
3907	68
3908	74
3909	53
3910	65
3911	64
3912	66
3913	73
3914	76
3915	77
3916	55
3917	74
3918	58
3919	82
3920	73
3921	71
3922	62
3923	59
3924	70
3925	65
3926	76
3927	70
3928	61
3929	53
3930	76
3931	76
3932	52
3933	65
3934	66
3935	58
3936	66
3937	75
3938	72
3939	61
3940	64
3941	78
3942	70
3943	74
3944	75
3945	54
3946	70
3947	74
3948	67
3949	68
3950	82
3951	58
3952	59
3953	51
3954	67
3955	56
3956	80
3957	68
3958	67
3959	77
3960	61
3961	62
3962	72
3963	85
3964	77
3965	80
3966	68
3967	80
3968	69
3969	83
3970	68
3971	66
3972	70
3973	61
3974	66
3975	36
3976	68
3977	70
3978	68
3979	68
3980	48
3981	81
3982	70
3983	66
3984	63
3985	60
3986	42
3987	73
3988	65
3989	74
3990	74
3991	91
3992	67
3993	88
3994	70
3995	73
3996	72
3997	64
3998	72
3999	51
4000	66
4001	59
4002	66
4003	68
4004	68
4005	63
4006	64
4007	83
4008	57
4009	66
4010	60
4011	62
4012	82
4013	56
4014	61
4015	58
4016	45
4017	60
4018	67
4019	74
4020	65
4021	65
4022	61
4023	64
4024	66
4025	71
4026	56
4027	63
4028	62
4029	75
4030	62
4031	68
4032	70
4033	69
4034	61
4035	50
4036	77
4037	75
4038	53
4039	62
4040	63
4041	76
4042	62
4043	57
4044	66
4045	63
4046	60
4047	66
4048	57
4049	67
4050	60
4051	60
4052	65
4053	59
4054	67
4055	66
4056	64
4057	73
4058	62
4059	63
4060	56
4061	46
4062	68
4063	63
4064	62
4065	76
4066	67
4067	57
4068	58
4069	65
4070	65
4071	43
4072	50
4073	65
4074	79
4075	55
4076	72
4077	57
4078	71
4079	59
4080	62
4081	62
4082	65
4083	73
4084	51
4085	55
4086	64
4087	58
4088	62
4089	65
4090	73
4091	51
4092	62
4093	68
4094	55
4095	65
4096	73
4097	69
4098	74
4099	67
4100	55
4101	50
4102	60
4103	67
4104	55
4105	58
4106	67
4107	65
4108	73
4109	61
4110	54
4111	61
4112	63
4113	63
4114	55
4115	63
4116	50
4117	57
4118	53
4119	55
4120	59
4121	65
4122	70
4123	58
4124	60
4125	55
4126	57
4127	66
4128	56
4129	55
4130	57
4131	72
4132	72
4133	64
4134	67
4135	50
4136	63
4137	53
4138	71
4139	52
4140	50
4141	52
4142	61
4143	73
4144	62
4145	59
4146	55
4147	68
4148	48
4149	60
4150	64
4151	64
4152	63
4153	60
4154	56
4155	56
4156	58
4157	62
4158	58
4159	63
4160	53
4161	74
4162	64
4163	60
4164	61
4165	53
4166	56
4167	62
4168	52
4169	67
4170	56
4171	55
4172	72
4173	67
4174	88
4175	49
4176	58
4177	58
4178	74
4179	63
4180	66
4181	63
4182	72
4183	55
4184	63
4185	69
4186	62
4187	63
4188	49
4189	59
4190	57
4191	61
4192	53
4193	58
4194	72
4195	55
4196	43
4197	69
4198	63
4199	61
4200	67
4201	85
4202	60
4203	62
4204	49
4205	64
4206	61
4207	53
4208	69
4209	62
4210	85
4211	50
4212	47
4213	62
4214	57
4215	55
4216	60
4217	58
4218	57
4219	56
4220	61
4221	62
4222	54
4223	52
4224	52
4225	57
4226	66
4227	49
4228	57
4229	61
4230	66
4231	60
4232	52
4233	59
4234	53
4235	52
4236	61
4237	53
4238	47
4239	50
4240	67
4241	64
4242	72
4243	58
4244	50
4245	68
4246	54
4247	51
4248	68
4249	54
4250	58
4251	56
4252	61
4253	60
4254	69
4255	58
4256	70
4257	58
4258	55
4259	53
4260	57
4261	64
4262	60
4263	61
4264	47
4265	66
4266	57
4267	60
4268	61
4269	68
4270	59
4271	76
4272	48
4273	70
4274	63
4275	58
4276	70
4277	52
4278	63
4279	53
4280	63
4281	62
4282	68
4283	51
4284	45
4285	71
4286	64
4287	67
4288	49
4289	56
4290	60
4291	47
4292	69
4293	66
4294	58
4295	44
4296	56
4297	51
4298	48
4299	51
4300	57
4301	55
4302	54
4303	63
4304	59
4305	60
4306	50
4307	60
4308	43
4309	55
4310	68
4311	73
4312	78
4313	62
4314	60
4315	62
4316	58
4317	59
4318	55
4319	60
4320	65
4321	59
4322	60
4323	52
4324	44
4325	70
4326	46
4327	60
4328	53
4329	61
4330	52
4331	52
4332	55
4333	47
4334	62
4335	69
4336	64
4337	51
4338	64
4339	65
4340	42
4341	52
4342	62
4343	53
4344	58
4345	36
4346	43
4347	54
4348	59
4349	55
4350	53
4351	57
4352	48
4353	58
4354	54
4355	67
4356	44
4357	55
4358	63
4359	65
4360	40
4361	72
4362	54
4363	40
4364	45
4365	65
4366	41
4367	56
4368	63
4369	58
4370	61
4371	59
4372	44
4373	55
4374	51
4375	57
4376	69
4377	62
4378	53
4379	50
4380	53
4381	44
4382	60
4383	48
4384	59
4385	55
4386	58
4387	60
4388	44
4389	49
4390	53
4391	60
4392	60
4393	48
4394	45
4395	65
4396	52
4397	49
4398	53
4399	45
4400	48
4401	60
4402	44
4403	64
4404	46
4405	54
4406	57
4407	42
4408	54
4409	74
4410	44
4411	60
4412	48
4413	51
4414	60
4415	62
4416	63
4417	48
4418	50
4419	53
4420	49
4421	60
4422	58
4423	68
4424	49
4425	60
4426	45
4427	53
4428	56
4429	49
4430	60
4431	57
4432	47
4433	50
4434	68
4435	55
4436	50
4437	56
4438	44
4439	50
4440	63
4441	55
4442	61
4443	57
4444	52
4445	51
4446	50
4447	55
4448	52
4449	63
4450	56
4451	61
4452	42
4453	53
4454	56
4455	55
4456	49
4457	49
4458	60
4459	48
4460	59
4461	55
4462	63
4463	61
4464	66
4465	46
4466	51
4467	46
4468	58
4469	51
4470	58
4471	44
4472	56
4473	66
4474	51
4475	45
4476	44
4477	59
4478	51
4479	64
4480	53
4481	57
4482	60
4483	54
4484	45
4485	55
4486	53
4487	64
4488	53
4489	66
4490	53
4491	54
4492	40
4493	55
4494	50
4495	39
4496	54
4497	53
4498	54
4499	57
4500	58
4501	50
4502	57
4503	53
4504	57
4505	60
4506	50
4507	53
4508	49
4509	59
4510	44
4511	52
4512	54
4513	54
4514	61
4515	59
4516	58
4517	51
4518	47
4519	47
4520	46
4521	54
4522	49
4523	52
4524	49
4525	59
4526	42
4527	40
4528	42
4529	53
4530	60
4531	55
4532	52
4533	35
4534	48
4535	57
4536	55
4537	56
4538	62
4539	59
4540	45
4541	55
4542	55
4543	36
4544	48
4545	55
4546	63
4547	39
4548	36
4549	56
4550	50
4551	52
4552	50
4553	56
4554	39
4555	46
4556	54
4557	46
4558	50
4559	56
4560	52
4561	55
4562	51
4563	50
4564	68
4565	55
4566	49
4567	56
4568	44
4569	59
4570	59
4571	44
4572	63
4573	39
4574	67
4575	51
4576	49
4577	39
4578	58
4579	54
4580	36
4581	45
4582	42
4583	57
4584	59
4585	55
4586	52
4587	47
4588	44
4589	50
4590	42
4591	54
4592	46
4593	44
4594	48
4595	55
4596	45
4597	41
4598	53
4599	58
4600	55
4601	61
4602	52
4603	53
4604	61
4605	52
4606	39
4607	38
4608	54
4609	44
4610	46
4611	46
4612	58
4613	53
4614	55
4615	47
4616	61
4617	40
4618	52
4619	59
4620	36
4621	59
4622	46
4623	62
4624	56
4625	54
4626	56
4627	57
4628	46
4629	46
4630	54
4631	47
4632	45
4633	59
4634	52
4635	53
4636	42
4637	50
4638	51
4639	40
4640	55
4641	42
4642	38
4643	50
4644	55
4645	46
4646	57
4647	45
4648	48
4649	46
4650	40
4651	45
4652	65
4653	52
4654	60
4655	46
4656	47
4657	47
4658	58
4659	44
4660	36
4661	53
4662	59
4663	54
4664	62
4665	38
4666	56
4667	54
4668	54
4669	53
4670	39
4671	51
4672	54
4673	54
4674	40
4675	53
4676	53
4677	51
4678	49
4679	55
4680	58
4681	41
4682	50
4683	51
4684	57
4685	61
4686	42
4687	54
4688	41
4689	50
4690	50
4691	54
4692	44
4693	42
4694	49
4695	55
4696	47
4697	45
4698	52
4699	37
4700	48
4701	43
4702	41
4703	41
4704	48
4705	52
4706	41
4707	46
4708	42
4709	68
4710	58
4711	54
4712	48
4713	58
4714	44
4715	43
4716	47
4717	56
4718	43
4719	52
4720	44
4721	66
4722	54
4723	50
4724	57
4725	62
4726	44
4727	46
4728	48
4729	51
4730	57
4731	55
4732	58
4733	53
4734	48
4735	53
4736	62
4737	51
4738	48
4739	54
4740	37
4741	57
4742	51
4743	54
4744	61
4745	38
4746	49
4747	38
4748	47
4749	54
4750	42
4751	54
4752	51
4753	47
4754	48
4755	49
4756	59
4757	53
4758	42
4759	62
4760	43
4761	46
4762	55
4763	47
4764	49
4765	50
4766	52
4767	53
4768	41
4769	57
4770	55
4771	43
4772	47
4773	43
4774	43
4775	58
4776	47
4777	51
4778	39
4779	36
4780	36
4781	55
4782	50
4783	52
4784	46
4785	48
4786	56
4787	38
4788	46
4789	51
4790	51
4791	45
4792	39
4793	50
4794	35
4795	56
4796	50
4797	46
4798	48
4799	56
4800	56
4801	42
4802	43
4803	40
4804	53
4805	52
4806	51
4807	43
4808	46
4809	45
4810	51
4811	53
4812	54
4813	47
4814	35
4815	42
4816	51
4817	42
4818	36
4819	41
4820	45
4821	63
4822	62
4823	42
4824	56
4825	49
4826	46
4827	54
4828	48
4829	43
4830	46
4831	42
4832	50
4833	50
4834	49
4835	48
4836	45
4837	49
4838	52
4839	37
4840	39
4841	41
4842	45
4843	43
4844	47
4845	42
4846	39
4847	46
4848	44
4849	46
4850	56
4851	42
4852	52
4853	48
4854	56
4855	63
4856	47
4857	53
4858	52
4859	43
4860	44
4861	39
4862	54
4863	52
4864	41
4865	42
4866	52
4867	45
4868	59
4869	41
4870	47
4871	48
4872	45
4873	47
4874	51
4875	56
4876	36
4877	43
4878	53
4879	59
4880	45
4881	45
4882	51
4883	56
4884	60
4885	45
4886	44
4887	62
4888	44
4889	37
4890	60
4891	46
4892	50
4893	49
4894	53
4895	48
4896	39
4897	50
4898	48
4899	34
4900	44
4901	52
4902	37
4903	51
4904	46
4905	45
4906	45
4907	51
4908	44
4909	55
4910	50
4911	47
4912	53
4913	36
4914	45
4915	41
4916	43
4917	48
4918	54
4919	51
4920	41
4921	54
4922	44
4923	46
4924	48
4925	51
4926	55
4927	48
4928	36
4929	44
4930	63
4931	49
4932	47
4933	46
4934	43
4935	51
4936	54
4937	51
4938	38
4939	51
4940	47
4941	61
4942	63
4943	43
4944	50
4945	32
4946	44
4947	53
4948	51
4949	47
4950	55
4951	61
4952	44
4953	43
4954	45
4955	51
4956	48
4957	63
4958	47
4959	44
4960	47
4961	49
4962	45
4963	46
4964	50
4965	43
4966	51
4967	49
4968	60
4969	55
4970	50
4971	50
4972	52
4973	52
4974	57
4975	57
4976	43
4977	32
4978	48
4979	51
4980	55
4981	42
4982	62
4983	53
4984	52
4985	54
4986	46
4987	61
4988	55
4989	57
4990	52
4991	61
4992	53
4993	42
4994	41
4995	34
4996	61
4997	47
4998	52
4999	51
5000	50
5001	40
5002	56
5003	54
5004	52
5005	55
5006	53
5007	58
5008	49
5009	48
5010	53
5011	53
5012	51
5013	37
5014	52
5015	46
5016	49
5017	53
5018	60
5019	45
5020	46
5021	50
5022	50
5023	44
5024	38
5025	50
5026	54
5027	54
5028	45
5029	45
5030	43
5031	59
5032	52
5033	47
5034	48
5035	55
5036	49
5037	47
5038	42
5039	62
5040	41
5041	42
5042	44
5043	61
5044	47
5045	47
5046	49
5047	50
5048	48
5049	51
5050	61
5051	46
5052	53
5053	43
5054	67
5055	54
5056	65
5057	46
5058	51
5059	52
5060	42
5061	54
5062	49
5063	50
5064	49
5065	45
5066	59
5067	47
5068	46
5069	41
5070	48
5071	54
5072	64
5073	51
5074	38
5075	49
5076	51
5077	47
5078	45
5079	54
5080	48
5081	48
5082	54
5083	50
5084	47
5085	60
5086	49
5087	61
5088	59
5089	54
5090	43
5091	54
5092	41
5093	47
5094	49
5095	50
5096	57
5097	47
5098	57
5099	61
5100	61
5101	65
5102	49
5103	38
5104	53
5105	40
5106	49
5107	59
5108	58
5109	54
5110	48
5111	46
5112	56
5113	60
5114	41
5115	54
5116	40
5117	53
5118	46
5119	57
5120	55
5121	57
5122	56
5123	60
5124	67
5125	54
5126	45
5127	50
5128	59
5129	52
5130	47
5131	56
5132	61
5133	54
5134	48
5135	69
5136	48
5137	54
5138	48
5139	54
5140	49
5141	41
5142	51
5143	50
5144	53
5145	50
5146	48
5147	59
5148	33
5149	53
5150	65
5151	64
5152	58
5153	58
5154	53
5155	49
5156	52
5157	52
5158	72
5159	53
5160	61
5161	54
5162	48
5163	56
5164	62
5165	50
5166	52
5167	55
5168	47
5169	52
5170	53
5171	44
5172	63
5173	48
5174	62
5175	54
5176	53
5177	64
5178	53
5179	45
5180	47
5181	64
5182	40
5183	48
5184	62
5185	65
5186	55
5187	61
5188	64
5189	58
5190	51
5191	52
5192	76
5193	50
5194	60
5195	56
5196	70
5197	55
5198	54
5199	60
5200	65
5201	52
5202	60
5203	48
5204	61
5205	53
5206	62
5207	53
5208	71
5209	69
5210	54
5211	62
5212	64
5213	46
5214	50
5215	66
5216	72
5217	75
5218	56
5219	56
5220	62
5221	58
5222	55
5223	71
5224	58
5225	55
5226	59
5227	69
5228	60
5229	77
5230	67
5231	68
5232	65
5233	60
5234	67
5235	45
5236	68
5237	60
5238	58
5239	62
5240	62
5241	67
5242	66
5243	66
5244	54
5245	57
5246	61
5247	56
5248	72
5249	66
5250	76
5251	54
5252	77
5253	61
5254	68
5255	60
5256	58
5257	58
5258	68
5259	68
5260	52
5261	55
5262	52
5263	76
5264	53
5265	73
5266	68
5267	58
5268	62
5269	43
5270	70
5271	69
5272	57
5273	63
5274	68
5275	75
5276	74
5277	61
5278	58
5279	73
5280	58
5281	55
5282	67
5283	68
5284	85
5285	73
5286	72
5287	64
5288	55
5289	71
5290	73
5291	66
5292	70
5293	64
5294	56
5295	66
5296	70
5297	65
5298	59
5299	77
5300	60
5301	61
5302	76
5303	87
5304	69
5305	71
5306	70
5307	69
5308	82
5309	68
5310	65
5311	90
5312	65
5313	90
5314	68
5315	56
5316	79
5317	66
5318	70
5319	61
5320	70
5321	56
5322	57
5323	77
5324	74
5325	73
5326	63
5327	67
5328	54
5329	85
5330	73
5331	74
5332	73
5333	68
5334	71
5335	60
5336	81
5337	76
5338	77
5339	71
5340	76
5341	63
5342	71
5343	59
5344	78
5345	72
5346	72
5347	73
5348	93
5349	81
5350	69
5351	76
5352	74
5353	76
5354	76
5355	76
5356	68
5357	65
5358	68
5359	80
5360	78
5361	85
5362	75
5363	59
5364	75
5365	75
5366	72
5367	84
5368	71
5369	75
5370	68
5371	77
5372	77
5373	92
5374	85
5375	84
5376	84
5377	78
5378	96
5379	93
5380	80
5381	78
5382	80
5383	93
5384	83
5385	66
5386	94
5387	67
5388	82
5389	75
5390	77
5391	78
5392	95
5393	87
5394	79
5395	76
5396	68
5397	70
5398	79
5399	86
5400	97
5401	74
5402	88
5403	88
5404	81
5405	76
5406	101
5407	84
5408	77
5409	89
5410	73
5411	91
5412	85
5413	93
5414	87
5415	93
5416	66
5417	101
5418	74
5419	84
5420	79
5421	80
5422	83
5423	94
5424	82
5425	93
5426	85
5427	86
5428	87
5429	91
5430	93
5431	99
5432	97
5433	82
5434	86
5435	95
5436	92
5437	87
5438	78
5439	101
5440	93
5441	84
5442	78
5443	102
5444	83
5445	90
5446	83
5447	96
5448	101
5449	102
5450	88
5451	90
5452	80
5453	114
5454	87
5455	91
5456	113
5457	101
5458	87
5459	93
5460	105
5461	87
5462	108
5463	98
5464	73
5465	92
5466	102
5467	86
5468	83
5469	98
5470	95
5471	93
5472	93
5473	81
5474	96
5475	82
5476	114
5477	69
5478	95
5479	94
5480	93
5481	100
5482	101
5483	79
5484	82
5485	110
5486	90
5487	104
5488	96
5489	114
5490	109
5491	86
5492	105
5493	98
5494	99
5495	91
5496	114
5497	94
5498	115
5499	106
5500	97
5501	99
5502	87
5503	110
5504	116
5505	98
5506	98
5507	109
5508	96
5509	88
5510	86
5511	108
5512	105
5513	101
5514	105
5515	79
5516	111
5517	95
5518	95
5519	87
5520	114
5521	104
5522	102
5523	98
5524	110
5525	117
5526	109
5527	112
5528	103
5529	121
5530	101
5531	106
5532	111
5533	107
5534	96
5535	112
5536	102
5537	103
5538	115
5539	127
5540	98
5541	101
5542	113
5543	101
5544	98
5545	108
5546	105
5547	103
5548	110
5549	122
5550	98
5551	88
5552	78
5553	106
5554	100
5555	100
5556	103
5557	95
5558	101
5559	124
5560	109
5561	106
5562	102
5563	122
5564	124
5565	111
5566	125
5567	121
5568	104
5569	105
5570	117
5571	98
5572	115
5573	124
5574	134
5575	120
5576	111
5577	96
5578	116
5579	100
5580	115
5581	108
5582	122
5583	102
5584	95
5585	113
5586	105
5587	130
5588	103
5589	130
5590	109
5591	129
5592	113
5593	118
5594	108
5595	131
5596	132
5597	110
5598	116
5599	124
5600	113
5601	103
5602	127
5603	119
5604	123
5605	106
5606	114
5607	110
5608	116
5609	124
5610	110
5611	116
5612	129
5613	112
5614	120
5615	126
5616	115
5617	115
5618	127
5619	118
5620	131
5621	121
5622	122
5623	121
5624	104
5625	133
5626	108
5627	127
5628	120
5629	134
5630	127
5631	103
5632	112
5633	123
5634	126
5635	123
5636	123
5637	113
5638	118
5639	141
5640	127
5641	143
5642	108
5643	115
5644	116
5645	119
5646	136
5647	128
5648	120
5649	122
5650	142
5651	129
5652	136
5653	128
5654	135
5655	117
5656	118
5657	102
5658	127
5659	135
5660	129
5661	139
5662	137
5663	133
5664	119
5665	144
5666	125
5667	129
5668	116
5669	108
5670	136
5671	137
5672	141
5673	137
5674	108
5675	133
5676	148
5677	133
5678	120
5679	123
5680	145
5681	132
5682	126
5683	122
5684	142
5685	129
5686	114
5687	115
5688	138
5689	141
5690	159
5691	149
5692	147
5693	112
5694	122
5695	149
5696	137
5697	129
5698	146
5699	131
5700	121
5701	156
5702	132
5703	151
5704	133
5705	142
5706	122
5707	144
5708	127
5709	134
5710	141
5711	132
5712	127
5713	161
5714	140
5715	153
5716	151
5717	148
5718	138
5719	139
5720	122
5721	154
5722	141
5723	125
5724	140
5725	136
5726	144
5727	149
5728	127
5729	137
5730	136
5731	125
5732	152
5733	158
5734	154
5735	125
5736	118
5737	145
5738	134
5739	137
5740	136
5741	138
5742	137
5743	131
5744	156
5745	142
5746	158
5747	148
5748	138
5749	118
5750	125
5751	162
5752	126
5753	143
5754	130
5755	148
5756	144
5757	159
5758	139
5759	165
5760	140
5761	140
5762	147
5763	122
5764	150
5765	139
5766	145
5767	141
5768	158
5769	151
5770	146
5771	138
5772	157
5773	146
5774	141
5775	142
5776	157
5777	142
5778	162
5779	154
5780	141
5781	162
5782	149
5783	116
5784	146
5785	162
5786	116
5787	165
5788	157
5789	144
5790	145
5791	173
5792	151
5793	151
5794	153
5795	139
5796	153
5797	144
5798	155
5799	135
5800	165
5801	141
5802	165
5803	149
5804	149
5805	148
5806	132
5807	137
5808	174
5809	156
5810	145
5811	160
5812	138
5813	171
5814	149
5815	147
5816	148
5817	165
5818	135
5819	167
5820	144
5821	152
5822	130
5823	153
5824	132
5825	159
5826	137
5827	158
5828	128
5829	136
5830	134
5831	149
5832	136
5833	163
5834	152
5835	145
5836	152
5837	136
5838	119
5839	143
5840	155
5841	156
5842	133
5843	158
5844	140
5845	136
5846	155
5847	133
5848	143
5849	143
5850	161
5851	134
5852	146
5853	127
5854	137
5855	145
5856	160
5857	143
5858	119
5859	125
5860	146
5861	154
5862	145
5863	132
5864	170
5865	140
5866	145
5867	155
5868	152
5869	164
5870	137
5871	129
5872	149
5873	131
5874	148
5875	162
5876	147
5877	143
5878	134
5879	142
5880	151
5881	164
5882	151
5883	162
5884	135
5885	156
5886	138
5887	156
5888	133
5889	145
5890	147
5891	155
5892	149
5893	162
5894	139
5895	149
5896	149
5897	142
5898	142
5899	140
5900	148
5901	165
5902	132
5903	147
5904	161
5905	164
5906	154
5907	164
5908	142
5909	125
5910	145
5911	166
5912	148
5913	155
5914	138
5915	128
5916	162
5917	163
5918	158
5919	132
5920	143
5921	157
5922	143
5923	130
5924	143
5925	150
5926	167
5927	142
5928	115
5929	161
5930	139
5931	139
5932	162
5933	146
5934	142
5935	128
5936	154
5937	150
5938	146
5939	164
5940	152
5941	144
5942	146
5943	150
5944	115
5945	142
5946	136
5947	146
5948	140
5949	147
5950	157
5951	142
5952	146
5953	160
5954	149
5955	129
5956	129
5957	128
5958	127
5959	142
5960	150
5961	141
5962	152
5963	144
5964	140
5965	134
5966	125
5967	136
5968	146
5969	125
5970	131
5971	154
5972	136
5973	139
5974	142
5975	136
5976	160
5977	154
5978	145
5979	170
5980	137
5981	149
5982	127
5983	149
5984	131
5985	157
5986	148
5987	147
5988	139
5989	142
5990	140
5991	131
5992	126
5993	130
5994	154
5995	148
5996	154
5997	144
5998	125
5999	139
6000	131
6001	118
6002	155
6003	164
6004	143
6005	129
6006	147
6007	152
6008	150
6009	143
6010	114
6011	122
6012	146
6013	139
6014	133
6015	137
6016	123
6017	133
6018	127
6019	148
6020	133
6021	141
6022	137
6023	126
6024	141
6025	121
6026	132
6027	152
6028	116
6029	132
6030	126
6031	124
6032	126
6033	136
6034	141
6035	143
6036	132
6037	139
6038	158
6039	123
6040	138
6041	117
6042	129
6043	137
6044	138
6045	105
6046	124
6047	108
6048	143
6049	119
6050	156
6051	132
6052	136
6053	147
6054	126
6055	122
6056	128
6057	129
6058	125
6059	111
6060	136
6061	128
6062	107
6063	126
6064	140
6065	105
6066	117
6067	136
6068	108
6069	109
6070	117
6071	131
6072	128
6073	111
6074	126
6075	132
6076	132
6077	174
6078	130
6079	138
6080	105
6081	112
6082	124
6083	117
6084	159
6085	128
6086	129
6087	122
6088	134
6089	111
6090	132
6091	109
6092	108
6093	98
6094	129
6095	129
6096	122
6097	112
6098	131
6099	104
6100	120
6101	127
6102	126
6103	105
6104	119
6105	129
6106	125
6107	111
6108	118
6109	123
6110	117
6111	114
6112	123
6113	115
6114	103
6115	124
6116	125
6117	114
6118	112
6119	120
6120	104
6121	112
6122	121
6123	113
6124	133
6125	113
6126	118
6127	137
6128	116
6129	122
6130	111
6131	136
6132	127
6133	119
6134	106
6135	116
6136	92
6137	94
6138	111
6139	133
6140	96
6141	108
6142	125
6143	143
6144	109
6145	102
6146	91
6147	104
6148	90
6149	106
6150	110
6151	111
6152	107
6153	112
6154	86
6155	111
6156	122
6157	106
6158	111
6159	90
6160	113
6161	98
6162	102
6163	122
6164	108
6165	94
6166	118
6167	105
6168	117
6169	116
6170	117
6171	102
6172	93
6173	102
6174	105
6175	99
6176	112
6177	105
6178	94
6179	82
6180	115
6181	91
6182	101
6183	94
6184	103
6185	98
6186	103
6187	75
6188	110
6189	86
6190	103
6191	89
6192	111
6193	100
6194	97
6195	98
6196	91
6197	93
6198	106
6199	97
6200	105
6201	95
6202	107
6203	92
6204	96
6205	90
6206	103
6207	92
6208	95
6209	115
6210	84
6211	72
6212	102
6213	100
6214	94
6215	94
6216	95
6217	67
6218	112
6219	85
6220	97
6221	108
6222	98
6223	91
6224	87
6225	92
6226	79
6227	90
6228	76
6229	111
6230	94
6231	98
6232	76
6233	105
6234	101
6235	82
6236	114
6237	88
6238	76
6239	90
6240	71
6241	90
6242	81
6243	84
6244	95
6245	84
6246	80
6247	90
6248	87
6249	87
6250	89
6251	77
6252	78
6253	79
6254	99
6255	80
6256	86
6257	82
6258	85
6259	103
6260	92
6261	103
6262	72
6263	75
6264	102
6265	74
6266	89
6267	96
6268	74
6269	82
6270	87
6271	75
6272	99
6273	86
6274	90
6275	84
6276	80
6277	81
6278	74
6279	77
6280	79
6281	66
6282	81
6283	65
6284	80
6285	81
6286	70
6287	89
6288	90
6289	79
6290	77
6291	76
6292	80
6293	76
6294	96
6295	87
6296	74
6297	79
6298	67
6299	89
6300	68
6301	80
6302	70
6303	71
6304	76
6305	74
6306	74
6307	91
6308	69
6309	79
6310	80
6311	78
6312	63
6313	83
6314	64
6315	77
6316	71
6317	71
6318	81
6319	86
6320	76
6321	65
6322	68
6323	65
6324	71
6325	70
6326	99
6327	79
6328	67
6329	74
6330	88
6331	48
6332	81
6333	79
6334	79
6335	69
6336	61
6337	85
6338	66
6339	64
6340	74
6341	74
6342	55
6343	66
6344	75
6345	61
6346	75
6347	60
6348	79
6349	68
6350	62
6351	60
6352	73
6353	75
6354	68
6355	63
6356	62
6357	78
6358	57
6359	48
6360	73
6361	64
6362	87
6363	63
6364	69
6365	72
6366	56
6367	70
6368	58
6369	56
6370	84
6371	63
6372	63
6373	69
6374	70
6375	68
6376	69
6377	62
6378	66
6379	65
6380	62
6381	78
6382	68
6383	62
6384	51
6385	60
6386	63
6387	61
6388	68
6389	60
6390	56
6391	68
6392	68
6393	56
6394	55
6395	62
6396	65
6397	54
6398	47
6399	56
6400	48
6401	56
6402	68
6403	66
6404	60
6405	61
6406	62
6407	54
6408	64
6409	55
6410	66
6411	60
6412	54
6413	41
6414	61
6415	64
6416	60
6417	65
6418	51
6419	65
6420	54
6421	67
6422	63
6423	60
6424	65
6425	58
6426	60
6427	62
6428	51
6429	56
6430	55
6431	58
6432	55
6433	64
6434	44
6435	58
6436	50
6437	46
6438	48
6439	47
6440	57
6441	46
6442	44
6443	55
6444	47
6445	60
6446	57
6447	68
6448	66
6449	72
6450	57
6451	51
6452	46
6453	58
6454	63
6455	57
6456	51
6457	50
6458	75
6459	42
6460	42
6461	69
6462	46
6463	54
6464	47
6465	46
6466	51
6467	62
6468	58
6469	48
6470	63
6471	50
6472	45
6473	47
6474	53
6475	56
6476	48
6477	54
6478	52
6479	56
6480	40
6481	50
6482	56
6483	41
6484	47
6485	53
6486	59
6487	47
6488	49
6489	51
6490	55
6491	52
6492	61
6493	52
6494	51
6495	51
6496	43
6497	49
6498	44
6499	47
6500	47
6501	58
6502	30
6503	48
6504	41
6505	36
6506	35
6507	44
6508	50
6509	53
6510	46
6511	36
6512	45
6513	53
6514	41
6515	36
6516	47
6517	64
6518	56
6519	47
6520	50
6521	47
6522	43
6523	50
6524	68
6525	48
6526	54
6527	53
6528	47
6529	48
6530	49
6531	49
6532	39
6533	38
6534	46
6535	39
6536	42
6537	59
6538	49
6539	47
6540	45
6541	45
6542	49
6543	50
6544	40
6545	51
6546	40
6547	48
6548	42
6549	46
6550	39
6551	53
6552	45
6553	37
6554	44
6555	39
6556	41
6557	53
6558	39
6559	36
6560	51
6561	43
6562	51
6563	57
6564	42
6565	39
6566	46
6567	42
6568	48
6569	45
6570	45
6571	48
6572	39
6573	40
6574	55
6575	40
6576	39
6577	42
6578	50
6579	46
6580	56
6581	41
6582	45
6583	41
6584	33
6585	37
6586	33
6587	46
6588	43
6589	52
6590	39
6591	44
6592	50
6593	47
6594	36
6595	40
6596	44
6597	37
6598	34
6599	51
6600	29
6601	38
6602	48
6603	37
6604	39
6605	53
6606	44
6607	43
6608	49
6609	50
6610	30
6611	37
6612	42
6613	63
6614	35
6615	47
6616	43
6617	47
6618	41
6619	42
6620	32
6621	48
6622	50
6623	43
6624	51
6625	35
6626	36
6627	43
6628	43
6629	25
6630	46
6631	40
6632	35
6633	39
6634	30
6635	51
6636	45
6637	32
6638	44
6639	41
6640	36
6641	51
6642	51
6643	56
6644	43
6645	46
6646	34
6647	32
6648	33
6649	35
6650	44
6651	37
6652	42
6653	44
6654	44
6655	46
6656	42
6657	33
6658	38
6659	42
6660	50
6661	34
6662	43
6663	42
6664	27
6665	44
6666	41
6667	42
6668	46
6669	42
6670	47
6671	37
6672	45
6673	43
6674	42
6675	37
6676	40
6677	39
6678	43
6679	36
6680	29
6681	42
6682	38
6683	47
6684	42
6685	41
6686	38
6687	43
6688	41
6689	33
6690	43
6691	40
6692	33
6693	38
6694	41
6695	31
6696	39
6697	45
6698	51
6699	43
6700	37
6701	38
6702	38
6703	36
6704	35
6705	40
6706	30
6707	37
6708	38
6709	36
6710	33
6711	39
6712	33
6713	31
6714	51
6715	38
6716	34
6717	40
6718	51
6719	41
6720	30
6721	39
6722	36
6723	31
6724	36
6725	40
6726	36
6727	31
6728	22
6729	34
6730	38
6731	29
6732	28
6733	38
6734	44
6735	37
6736	38
6737	53
6738	32
6739	36
6740	30
6741	40
6742	38
6743	42
6744	36
6745	35
6746	37
6747	41
6748	39
6749	42
6750	37
6751	43
6752	32
6753	32
6754	29
6755	29
6756	31
6757	41
6758	35
6759	31
6760	44
6761	25
6762	27
6763	44
6764	24
6765	36
6766	28
6767	29
6768	32
6769	33
6770	33
6771	32
6772	38
6773	43
6774	34
6775	33
6776	25
6777	32
6778	31
6779	25
6780	33
6781	27
6782	38
6783	35
6784	34
6785	31
6786	33
6787	32
6788	38
6789	34
6790	26
6791	34
6792	27
6793	32
6794	28
6795	35
6796	30
6797	33
6798	37
6799	31
6800	30
6801	39
6802	34
6803	45
6804	32
6805	37
6806	32
6807	35
6808	35
6809	25
6810	31
6811	33
6812	21
6813	32
6814	33
6815	44
6816	31
6817	29
6818	34
6819	23
6820	29
6821	37
6822	24
6823	25
6824	33
6825	24
6826	28
6827	28
6828	26
6829	36
6830	20
6831	47
6832	38
6833	23
6834	35
6835	23
6836	25
6837	28
6838	36
6839	21
6840	31
6841	25
6842	24
6843	34
6844	23
6845	30
6846	17
6847	27
6848	23
6849	30
6850	31
6851	26
6852	32
6853	27
6854	32
6855	27
6856	27
6857	28
6858	26
6859	23
6860	30
6861	35
6862	26
6863	18
6864	23
6865	35
6866	27
6867	36
6868	17
6869	21
6870	22
6871	27
6872	18
6873	31
6874	24
6875	26
6876	27
6877	29
6878	22
6879	20
6880	25
6881	25
6882	17
6883	21
6884	18
6885	17
6886	26
6887	25
6888	27
6889	14
6890	24
6891	17
6892	15
6893	26
6894	18
6895	26
6896	20
6897	23
6898	26
6899	19
6900	17
6901	19
6902	19
6903	21
6904	22
6905	25
6906	23
6907	26
6908	22
6909	18
6910	26
6911	25
6912	9
6913	19
6914	26
6915	28
6916	20
6917	26
6918	24
6919	22
6920	16
6921	18
6922	20
6923	23
6924	13
6925	22
6926	19
6927	12
6928	20
6929	12
6930	19
6931	23
6932	19
6933	15
6934	15
6935	23
6936	19
6937	16
6938	13
6939	25
6940	13
6941	20
6942	13
6943	13
6944	17
6945	18
6946	19
6947	19
6948	22
6949	16
6950	12
6951	21
6952	18
6953	20
6954	17
6955	15
6956	17
6957	21
6958	20
6959	18
6960	20
6961	10
6962	11
6963	16
6964	15
6965	8
6966	12
6967	14
6968	22
6969	16
6970	14
6971	15
6972	16
6973	16
6974	19
6975	17
6976	20
6977	13
6978	12
6979	12
6980	11
6981	13
6982	14
6983	12
6984	12
6985	16
6986	16
6987	13
6988	16
6989	9
6990	16
6991	11
6992	13
6993	15
6994	18
6995	8
6996	15
6997	7
6998	16
6999	14
7000	8
7001	8
7002	6
7003	13
7004	11
7005	15
7006	15
7007	11
7008	10
7009	9
7010	15
7011	7
7012	11
7013	11
7014	6
7015	12
7016	9
7017	14
7018	10
7019	8
7020	13
7021	10
7022	13
7023	10
7024	8
7025	11
7026	9
7027	11
7028	10
7029	9
7030	8
7031	9
7032	11
7033	9
7034	11
7035	10
7036	12
7037	14
7038	8
7039	10
7040	3
7041	10
7042	8
7043	8
7044	8
7045	10
7046	12
7047	7
7048	8
7049	9
7050	6
7051	14
7052	5
7053	8
7054	11
7055	8
7056	12
7057	9
7058	14
7059	10
7060	7
7061	10
7062	10
7063	10
7064	8
7065	5
7066	8
7067	5
7068	11
7069	10
7070	4
7071	5
7072	8
7073	5
7074	7
7075	3
7076	11
7077	8
7078	4
7079	4
7080	6
7081	14
7082	6
7083	10
7084	3
7085	7
7086	9
7087	8
7088	5
7089	6
7090	5
7091	6
7092	5
7093	1
7094	5
7095	6
7096	3
7097	3
7098	6
7099	5
7100	1
7101	5
7102	6
7103	8
7104	1
7105	4
7106	2
7107	5
7108	4
7109	3
7110	6
7111	6
7112	8
7113	4
7114	4
7115	0
7116	7
7117	6
7118	2
7119	5
7120	3
7121	8
7122	6
7123	7
7124	1
7125	2
7126	4
7127	9
7128	7
7129	2
7130	1
7131	7
7132	3
7133	6
7134	3
7135	3
7136	2
7137	3
7138	4
7139	4
7140	3
7141	5
7142	3
7143	5
7144	1
7145	5
7146	4
7147	5
7148	2
7149	5
7150	3
7151	4
7152	5
7153	3
7154	3
7155	3
7156	3
7157	3
7158	5
7159	1
7160	7
7161	4
7162	5
7163	1
7164	2
7165	3
7166	1
7167	3
7168	3
7169	4
7170	4
7171	3
7172	3
7173	4
7174	1
7175	2
7176	3
7177	3
7178	2
7179	4
7180	3
7181	3
7182	1
7183	1
7184	3
7185	2
7186	2
7187	1
7188	4
7189	6
7190	2
7191	1
7192	4
7193	1
7194	2
7195	2
7196	2
7197	3
7198	1
7199	1
7200	3
7201	4
7202	0
7203	2
7204	2
7205	3
7206	0
7207	0
7208	1
7209	1
7210	1
7211	2
7212	3
7213	1
7214	1
7215	2
7216	2
7217	0
7218	2
7219	2
7220	1
7221	2
7222	1
7223	1
7224	2
7225	2
7226	1
7227	0
7228	1
7229	2
7230	5
7231	0
7232	1
7233	2
7234	2
7235	2
7236	1
7237	1
7238	0
7239	4
7240	2
7241	1
7242	4
7243	2
7244	0
7245	2
7246	1
7247	3
7248	2
7249	1
7250	2
7251	0
7252	1
7253	2
7254	4
7255	2
7256	2
7257	2
7258	2
7259	0
7260	0
7261	0
7262	2
7263	1
7264	2
7265	4
7266	1
7267	1
7268	2
7269	2
7270	1
7271	1
7272	0
7273	0
7274	0
7275	1
7276	5
7277	1
7278	0
7279	3
7280	0
7281	2
7282	1
7283	2
7284	0
7285	1
7286	0
7287	4
7288	2
7289	3
7290	0
7291	0
7292	1
7293	3
7294	2
7295	0
7296	0
7297	1
7298	1
7299	3
7300	2
7301	0
7302	0
7303	0
7304	0
7305	0
7306	0
7307	2
7308	0
7309	1
7310	0
7311	2
7312	2
7313	2
7314	0
7315	2
7316	3
7317	1
7318	1
7319	1
7320	0
7321	1
7322	1
7323	0
7324	2
7325	1
7326	2
7327	0
7328	1
7329	0
7330	0
7331	0
7332	1
7333	0
7334	1
7335	1
7336	1
7337	0
7338	0
7339	0
7340	1
7341	1
7342	0
7343	1
7344	0
7345	0
7346	1
7347	1
7348	2
7349	1
7350	2
7351	3
7352	0
7353	0
7354	2
7355	0
7356	1
7357	4
7358	0
7359	0
7360	1
7361	2
7362	0
7363	2
7364	0
7365	0
7366	0
7367	0
7368	2
7369	0
7370	3
7371	0
7372	0
7373	1
7374	0
7375	1
7376	1
7377	2
7378	1
7379	0
7380	0
7381	3
7382	1
7383	1
7384	1
7385	3
7386	0
7387	1
7388	1
7389	0
7390	3
7391	0
7392	1
7393	1
7394	0
7395	2
7396	0
7397	1
7398	0
7399	1
7400	2
7401	1
7402	0
7403	0
7404	0
7405	0
7406	1
7407	1
7408	2
7409	0
7410	1
7411	1
7412	2
7413	0
7414	1
7415	1
7416	1
7417	1
7418	1
7419	1
7420	0
7421	0
7422	1
7423	0
7424	1
7425	2
7426	2
7427	0
7428	0
7429	1
7430	0
7431	1
7432	0
7433	0
7434	0
7435	0
7436	0
7437	0
7438	0
7439	1
7440	1
7441	0
7442	3
7443	0
7444	1
7445	1
7446	1
7447	1
7448	0
7449	1
7450	0
7451	0
7452	1
7453	1
7454	0
7455	1
7456	2
7457	0
7458	1
7459	0
7460	1
7461	0
7462	0
7463	0
7464	1
7465	1
7466	0
7467	0
7468	0
7469	0
7470	0
7471	0
7472	0
7473	0
7474	0
7475	0
7476	0
7477	0
7478	0
7479	0
7480	1
7481	0
7482	0
7483	3
7484	2
7485	0
7486	0
7487	0
7488	0
7489	2
7490	3
7491	1
7492	0
7493	2
7494	0
7495	2
7496	0
7497	0
7498	1
7499	0
7500	0
7501	2
7502	2
7503	0
7504	1
7505	0
7506	1
7507	1
7508	0
7509	1
7510	0
7511	1
7512	0
7513	1
7514	0
7515	0
7516	0
7517	0
7518	0
7519	3
7520	1
7521	1
7522	0
7523	1
7524	0
7525	0
7526	1
7527	0
7528	0
7529	0
7530	2
7531	1
7532	2
7533	2
7534	2
7535	1
7536	1
7537	0
7538	4
7539	0
7540	0
7541	1
7542	0
7543	0
7544	0
7545	1
7546	0
7547	1
7548	3
7549	0
7550	0
7551	1
7552	1
7553	1
7554	1
7555	0
7556	1
7557	2
7558	1
7559	0
7560	0
7561	1
7562	0
7563	0
7564	1
7565	0
7566	1
7567	0
7568	3
7569	0
7570	1
7571	0
7572	1
7573	1
7574	2
7575	0
7576	2
7577	1
7578	1
7579	0
7580	1
7581	2
7582	1
7583	1
7584	0
7585	1
7586	4
7587	1
7588	3
7589	2
7590	0
7591	0
7592	0
7593	0
7594	2
7595	1
7596	1
7597	0
7598	0
7599	3
7600	0
7601	3
7602	1
7603	0
7604	1
7605	1
7606	0
7607	2
7608	0
7609	0
7610	1
7611	1
7612	0
7613	0
7614	1
7615	1
7616	1
7617	1
7618	0
7619	2
7620	1
7621	0
7622	0
7623	0
7624	1
7625	0
7626	1
7627	1
7628	1
7629	0
7630	0
7631	1
7632	0
7633	1
7634	1
7635	0
7636	0
7637	3
7638	0
7639	0
7640	1
7641	1
7642	0
7643	1
7644	2
7645	0
7646	3
7647	2
7648	2
7649	0
7650	0
7651	1
7652	3
7653	1
7654	0
7655	1
7656	1
7657	1
7658	1
7659	1
7660	0
7661	0
7662	0
7663	0
7664	0
7665	0
7666	0
7667	0
7668	0
7669	0
7670	1
7671	1
7672	3
7673	2
7674	0
7675	1
7676	1
7677	1
7678	0
7679	1
7680	0
7681	2
7682	0
7683	0
7684	0
7685	2
7686	1
7687	1
7688	1
7689	1
7690	2
7691	2
7692	0
7693	0
7694	1
7695	0
7696	0
7697	2
7698	0
7699	0
7700	0
7701	1
7702	0
7703	0
7704	0
7705	0
7706	1
7707	1
7708	2
7709	0
7710	1
7711	1
7712	1
7713	1
7714	0
7715	1
7716	1
7717	0
7718	0
7719	0
7720	0
7721	0
7722	0
7723	0
7724	1
7725	2
7726	0
7727	1
7728	3
7729	2
7730	1
7731	0
7732	0
7733	1
7734	0
7735	0
7736	0
7737	0
7738	0
7739	1
7740	1
7741	0
7742	0
7743	0
7744	0
7745	0
7746	2
7747	1
7748	1
7749	0
7750	0
7751	1
7752	1
7753	2
7754	0
7755	0
7756	0
7757	2
7758	0
7759	0
7760	0
7761	0
7762	0
7763	0
7764	1
7765	0
7766	0
7767	0
7768	1
7769	0
7770	0
7771	0
7772	0
7773	0
7774	0
7775	0
7776	1
7777	1
7778	2
7779	2
7780	2
7781	1
7782	0
7783	0
7784	0
7785	0
7786	1
7787	1
7788	1
7789	1
7790	3
7791	0
7792	1
7793	0
7794	1
7795	0
7796	2
7797	0
7798	1
7799	1
7800	0
7801	0
7802	0
7803	2
7804	0
7805	1
7806	2
7807	1
7808	1
7809	0
7810	0
7811	1
7812	0
7813	0
7814	2
7815	0
7816	0
7817	1
7818	1
7819	1
7820	0
7821	0
7822	0
7823	0
7824	1
7825	2
7826	3
7827	0
7828	0
7829	1
7830	0
7831	0
7832	1
7833	0
7834	0
7835	0
7836	1
7837	0
7838	0
7839	1
7840	1
7841	0
7842	2
7843	2
7844	1
7845	2
7846	0
7847	1
7848	0
7849	2
7850	1
7851	0
7852	2
7853	0
7854	0
7855	0
7856	3
7857	0
7858	0
7859	1
7860	1
7861	2
7862	0
7863	1
7864	0
7865	2
7866	1
7867	0
7868	0
7869	1
7870	0
7871	0
7872	1
7873	0
7874	1
7875	1
7876	3
7877	0
7878	1
7879	1
7880	0
7881	0
7882	0
7883	0
7884	1
7885	0
7886	1
7887	0
7888	4
7889	2
7890	2
7891	1
7892	0
7893	2
7894	1
7895	0
7896	1
7897	1
7898	0
7899	0
7900	1
7901	2
7902	1
7903	0
7904	0
7905	0
7906	0
7907	1
7908	0
7909	0
7910	1
7911	1
7912	1
7913	1
7914	0
7915	0
7916	1
7917	0
7918	0
7919	2
7920	3
7921	1
7922	0
7923	2
7924	1
7925	0
7926	0
7927	1
7928	1
7929	0
7930	0
7931	1
7932	1
7933	1
7934	0
7935	2
7936	0
7937	0
7938	0
7939	1
7940	0
7941	1
7942	1
7943	1
7944	1
7945	1
7946	0
7947	1
7948	1
7949	0
7950	3
7951	2
7952	1
7953	0
7954	0
7955	1
7956	1
7957	0
7958	0
7959	1
7960	0
7961	1
7962	2
7963	2
7964	1
7965	0
7966	0
7967	0
7968	2
7969	1
7970	1
7971	1
7972	1
7973	0
7974	2
7975	2
7976	0
7977	2
7978	0
7979	3
7980	0
7981	1
7982	0
7983	2
7984	0
7985	0
7986	1
7987	1
7988	0
7989	2
7990	0
7991	1
7992	0
7993	0
7994	0
7995	1
7996	0
7997	1
7998	1
7999	1
8000	1
8001	0
8002	1
8003	1
8004	1
8005	0
8006	1
8007	0
8008	0
8009	1
8010	2
8011	0
8012	2
8013	0
8014	1
8015	2
8016	0
8017	1
8018	0
8019	1
8020	2
8021	0
8022	1
8023	0
8024	2
8025	1
8026	1
8027	0
8028	1
8029	0
8030	0
8031	0
8032	2
8033	0
8034	1
8035	0
8036	2
8037	1
8038	0
8039	2
8040	0
8041	0
8042	0
8043	0
8044	0
8045	0
8046	0
8047	1
8048	0
8049	0
8050	0
8051	0
8052	1
8053	1
8054	0
8055	1
8056	0
8057	1
8058	2
8059	0
8060	1
8061	1
8062	0
8063	0
8064	2
8065	2
8066	1
8067	2
8068	0
8069	1
8070	0
8071	1
8072	1
8073	0
8074	1
8075	0
8076	0
8077	1
8078	1
8079	1
8080	3
8081	0
8082	0
8083	3
8084	0
8085	0
8086	0
8087	0
8088	0
8089	2
8090	0
8091	0
8092	1
8093	0
8094	3
8095	0
8096	0
8097	4
8098	0
8099	1
8100	0
8101	0
8102	0
8103	0
8104	0
8105	0
8106	0
8107	0
8108	0
8109	0
8110	0
8111	0
8112	0
8113	0
8114	0
8115	0
8116	0
8117	0
8118	0
8119	0
8120	0
8121	0
8122	0
8123	0
8124	0
8125	0
8126	0
8127	0
8128	0
8129	0
8130	0
8131	0
8132	0
8133	0
8134	0
8135	0
8136	0
8137	0
8138	0
8139	0
8140	0
8141	0
8142	0
8143	0
8144	0
8145	0
8146	0
8147	0
8148	0
8149	0
8150	0
8151	0
8152	0
8153	0
8154	0
8155	0
8156	0
8157	0
8158	0
8159	0
8160	0
8161	0
8162	0
8163	0
8164	0
8165	0
8166	0
8167	0
8168	0
8169	0
8170	0
8171	0
8172	0
8173	0
8174	0
8175	0
8176	0
8177	0
8178	0
8179	0
8180	0
8181	0
8182	0
8183	0
8184	0
8185	0
8186	0
8187	0
8188	0
8189	0
8190	0
8191	0
