0	0
1	0
2	0
3	0
4	0
5	0
6	0
7	0
8	0
9	0
10	0
11	0
12	0
13	0
14	0
15	0
16	0
17	0
18	0
19	0
20	0
21	0
22	0
23	0
24	0
25	0
26	0
27	0
28	0
29	0
30	0
31	0
32	0
33	0
34	0
35	0
36	0
37	0
38	0
39	0
40	0
41	0
42	0
43	0
44	0
45	0
46	0
47	0
48	0
49	0
50	0
51	0
52	0
53	0
54	0
55	0
56	0
57	0
58	0
59	0
60	0
61	0
62	0
63	0
64	0
65	0
66	0
67	0
68	0
69	0
70	0
71	0
72	0
73	0
74	0
75	0
76	0
77	0
78	0
79	0
80	0
81	0
82	0
83	0
84	0
85	0
86	0
87	0
88	0
89	0
90	0
91	0
92	0
93	0
94	0
95	0
96	0
97	0
98	0
99	0
100	0
101	0
102	0
103	0
104	0
105	0
106	0
107	0
108	0
109	0
110	0
111	0
112	0
113	0
114	0
115	0
116	0
117	0
118	0
119	0
120	0
121	0
122	0
123	0
124	0
125	0
126	0
127	0
128	0
129	0
130	0
131	0
132	0
133	0
134	0
135	0
136	0
137	0
138	0
139	0
140	0
141	0
142	0
143	0
144	0
145	0
146	0
147	0
148	0
149	0
150	0
151	0
152	0
153	0
154	0
155	0
156	0
157	0
158	0
159	0
160	0
161	0
162	0
163	0
164	0
165	1
166	0
167	0
168	0
169	0
170	0
171	0
172	0
173	0
174	0
175	0
176	0
177	0
178	2
179	8
180	15
181	39
182	72
183	97
184	99
185	88
186	106
187	97
188	113
189	84
190	106
191	90
192	71
193	98
194	88
195	98
196	66
197	85
198	79
199	71
200	72
201	89
202	95
203	79
204	76
205	69
206	88
207	77
208	69
209	79
210	77
211	80
212	82
213	93
214	76
215	74
216	71
217	81
218	85
219	70
220	89
221	66
222	95
223	80
224	68
225	79
226	90
227	73
228	85
229	91
230	101
231	81
232	77
233	82
234	83
235	90
236	71
237	81
238	71
239	70
240	77
241	86
242	89
243	80
244	81
245	79
246	84
247	92
248	69
249	74
250	98
251	84
252	82
253	80
254	69
255	69
256	76
257	107
258	80
259	82
260	92
261	86
262	88
263	92
264	90
265	74
266	76
267	102
268	108
269	101
270	75
271	80
272	71
273	85
274	80
275	91
276	80
277	70
278	89
279	69
280	97
281	80
282	96
283	100
284	82
285	90
286	91
287	83
288	75
289	69
290	77
291	92
292	73
293	78
294	87
295	65
296	73
297	72
298	81
299	87
300	74
301	85
302	75
303	94
304	78
305	88
306	71
307	82
308	71
309	67
310	87
311	84
312	88
313	85
314	84
315	79
316	88
317	84
318	79
319	74
320	78
321	85
322	77
323	91
324	90
325	76
326	84
327	77
328	90
329	90
330	80
331	68
332	78
333	79
334	73
335	94
336	90
337	76
338	90
339	84
340	87
341	79
342	71
343	81
344	103
345	97
346	92
347	93
348	92
349	67
350	79
351	83
352	79
353	93
354	84
355	82
356	84
357	98
358	77
359	82
360	84
361	79
362	85
363	92
364	99
365	104
366	84
367	90
368	123
369	79
370	86
371	81
372	83
373	85
374	80
375	80
376	82
377	75
378	75
379	108
380	71
381	89
382	81
383	87
384	83
385	89
386	83
387	94
388	83
389	95
390	101
391	91
392	100
393	82
394	100
395	96
396	72
397	85
398	99
399	94
400	106
401	91
402	85
403	99
404	79
405	104
406	97
407	94
408	79
409	80
410	93
411	81
412	98
413	83
414	102
415	86
416	66
417	72
418	90
419	75
420	100
421	76
422	88
423	86
424	86
425	91
426	84
427	81
428	83
429	81
430	97
431	74
432	88
433	100
434	75
435	102
436	95
437	92
438	93
439	89
440	89
441	98
442	77
443	83
444	83
445	91
446	76
447	77
448	78
449	81
450	85
451	89
452	96
453	90
454	97
455	80
456	71
457	97
458	74
459	91
460	81
461	106
462	92
463	112
464	74
465	80
466	92
467	98
468	94
469	102
470	97
471	72
472	105
473	93
474	108
475	91
476	99
477	94
478	88
479	81
480	93
481	118
482	103
483	75
484	83
485	118
486	95
487	91
488	87
489	92
490	104
491	97
492	89
493	106
494	99
495	88
496	69
497	85
498	106
499	103
500	90
501	104
502	91
503	109
504	97
505	89
506	99
507	101
508	96
509	90
510	94
511	98
512	110
513	94
514	106
515	89
516	85
517	107
518	83
519	91
520	86
521	93
522	81
523	74
524	86
525	86
526	102
527	95
528	98
529	97
530	95
531	95
532	81
533	86
534	90
535	83
536	99
537	102
538	107
539	81
540	95
541	110
542	88
543	89
544	98
545	89
546	87
547	86
548	95
549	74
550	84
551	85
552	95
553	78
554	90
555	100
556	99
557	88
558	76
559	79
560	92
561	84
562	81
563	81
564	95
565	102
566	89
567	92
568	96
569	88
570	98
571	96
572	89
573	98
574	93
575	80
576	102
577	104
578	100
579	93
580	87
581	95
582	102
583	83
584	90
585	90
586	103
587	73
588	91
589	84
590	93
591	92
592	90
593	100
594	102
595	95
596	92
597	105
598	84
599	81
600	79
601	103
602	82
603	97
604	80
605	108
606	90
607	83
608	84
609	76
610	82
611	95
612	92
613	103
614	81
615	99
616	87
617	101
618	90
619	102
620	88
621	105
622	98
623	78
624	105
625	111
626	88
627	92
628	105
629	76
630	89
631	118
632	97
633	86
634	91
635	98
636	83
637	97
638	81
639	65
640	104
641	101
642	103
643	119
644	113
645	93
646	107
647	102
648	83
649	79
650	95
651	104
652	103
653	96
654	86
655	102
656	116
657	101
658	97
659	83
660	83
661	86
662	88
663	98
664	116
665	103
666	94
667	86
668	95
669	120
670	96
671	92
672	97
673	96
674	82
675	99
676	97
677	104
678	74
679	107
680	111
681	94
682	99
683	99
684	103
685	90
686	94
687	99
688	87
689	91
690	111
691	100
692	89
693	96
694	101
695	101
696	112
697	95
698	105
699	104
700	101
701	88
702	94
703	93
704	111
705	84
706	102
707	98
708	92
709	98
710	97
711	101
712	89
713	90
714	101
715	108
716	95
717	106
718	113
719	97
720	94
721	74
722	112
723	107
724	103
725	91
726	103
727	105
728	80
729	95
730	114
731	98
732	105
733	91
734	110
735	99
736	107
737	107
738	107
739	113
740	122
741	85
742	101
743	118
744	102
745	112
746	82
747	102
748	100
749	100
750	90
751	107
752	102
753	120
754	86
755	102
756	93
757	107
758	92
759	94
760	109
761	127
762	91
763	102
764	125
765	106
766	93
767	118
768	109
769	116
770	124
771	135
772	105
773	126
774	141
775	116
776	119
777	116
778	122
779	110
780	128
781	130
782	109
783	115
784	140
785	135
786	104
787	121
788	138
789	124
790	116
791	131
792	119
793	133
794	132
795	150
796	93
797	120
798	116
799	156
800	134
801	137
802	136
803	136
804	122
805	109
806	127
807	140
808	127
809	159
810	145
811	135
812	142
813	145
814	130
815	141
816	134
817	135
818	149
819	130
820	158
821	136
822	154
823	140
824	147
825	168
826	160
827	152
828	171
829	133
830	175
831	167
832	168
833	159
834	157
835	144
836	146
837	164
838	188
839	174
840	143
841	162
842	193
843	161
844	148
845	162
846	180
847	174
848	171
849	178
850	189
851	152
852	179
853	186
854	196
855	156
856	173
857	176
858	198
859	159
860	175
861	186
862	175
863	168
864	191
865	175
866	194
867	166
868	158
869	197
870	165
871	190
872	173
873	164
874	165
875	200
876	206
877	179
878	165
879	170
880	180
881	209
882	186
883	175
884	162
885	138
886	183
887	151
888	152
889	159
890	142
891	165
892	145
893	143
894	154
895	167
896	165
897	141
898	146
899	137
900	152
901	151
902	161
903	137
904	139
905	172
906	157
907	138
908	140
909	116
910	135
911	138
912	138
913	149
914	133
915	130
916	154
917	141
918	134
919	134
920	142
921	152
922	146
923	114
924	119
925	138
926	126
927	126
928	142
929	116
930	102
931	135
932	154
933	138
934	133
935	118
936	119
937	121
938	129
939	151
940	131
941	133
942	129
943	113
944	126
945	118
946	125
947	132
948	126
949	116
950	116
951	109
952	130
953	113
954	124
955	149
956	131
957	117
958	155
959	126
960	127
961	121
962	115
963	117
964	122
965	110
966	133
967	124
968	126
969	122
970	118
971	116
972	126
973	135
974	127
975	125
976	148
977	118
978	104
979	123
980	120
981	106
982	124
983	122
984	125
985	134
986	123
987	144
988	113
989	112
990	114
991	117
992	119
993	122
994	100
995	108
996	104
997	112
998	136
999	108
1000	123
1001	144
1002	123
1003	117
1004	117
1005	116
1006	117
1007	118
1008	119
1009	121
1010	130
1011	126
1012	107
1013	110
1014	110
1015	121
1016	117
1017	105
1018	117
1019	99
1020	96
1021	113
1022	103
1023	101
1024	114
1025	130
1026	115
1027	102
1028	111
1029	124
1030	96
1031	130
1032	111
1033	104
1034	103
1035	125
1036	103
1037	119
1038	117
1039	130
1040	99
1041	102
1042	104
1043	111
1044	104
1045	113
1046	112
1047	112
1048	96
1049	105
1050	97
1051	100
1052	98
1053	88
1054	117
1055	105
1056	97
1057	101
1058	89
1059	113
1060	89
1061	77
1062	117
1063	109
1064	120
1065	112
1066	93
1067	81
1068	116
1069	116
1070	105
1071	92
1072	95
1073	101
1074	107
1075	103
1076	116
1077	110
1078	105
1079	98
1080	94
1081	106
1082	111
1083	92
1084	102
1085	84
1086	100
1087	94
1088	126
1089	110
1090	106
1091	84
1092	92
1093	88
1094	101
1095	109
1096	103
1097	100
1098	80
1099	97
1100	94
1101	105
1102	104
1103	114
1104	87
1105	110
1106	96
1107	97
1108	110
1109	109
1110	100
1111	108
1112	95
1113	88
1114	103
1115	88
1116	104
1117	104
1118	94
1119	97
1120	111
1121	100
1122	89
1123	90
1124	106
1125	122
1126	119
1127	95
1128	103
1129	119
1130	112
1131	90
1132	118
1133	110
1134	103
1135	110
1136	106
1137	95
1138	116
1139	104
1140	91
1141	103
1142	105
1143	97
1144	91
1145	125
1146	84
1147	118
1148	114
1149	101
1150	107
1151	107
1152	103
1153	128
1154	93
1155	96
1156	97
1157	123
1158	111
1159	133
1160	117
1161	115
1162	116
1163	102
1164	98
1165	88
1166	116
1167	103
1168	108
1169	106
1170	116
1171	119
1172	105
1173	90
1174	96
1175	109
1176	114
1177	116
1178	113
1179	110
1180	100
1181	110
1182	117
1183	125
1184	106
1185	115
1186	94
1187	105
1188	105
1189	110
1190	110
1191	118
1192	109
1193	112
1194	95
1195	128
1196	116
1197	100
1198	104
1199	105
1200	110
1201	90
1202	116
1203	103
1204	106
1205	114
1206	95
1207	129
1208	102
1209	117
1210	102
1211	105
1212	92
1213	118
1214	119
1215	101
1216	103
1217	118
1218	99
1219	103
1220	108
1221	130
1222	97
1223	97
1224	105
1225	119
1226	108
1227	120
1228	106
1229	111
1230	116
1231	122
1232	103
1233	123
1234	103
1235	109
1236	128
1237	111
1238	123
1239	110
1240	105
1241	115
1242	93
1243	109
1244	112
1245	111
1246	139
1247	118
1248	122
1249	104
1250	126
1251	119
1252	108
1253	115
1254	115
1255	113
1256	125
1257	109
1258	103
1259	125
1260	115
1261	111
1262	117
1263	106
1264	110
1265	113
1266	91
1267	111
1268	97
1269	103
1270	127
1271	127
1272	116
1273	110
1274	118
1275	117
1276	119
1277	115
1278	115
1279	109
1280	105
1281	117
1282	126
1283	111
1284	111
1285	106
1286	106
1287	131
1288	118
1289	106
1290	121
1291	115
1292	119
1293	124
1294	113
1295	112
1296	140
1297	130
1298	112
1299	112
1300	106
1301	119
1302	106
1303	115
1304	107
1305	120
1306	116
1307	121
1308	121
1309	128
1310	135
1311	125
1312	117
1313	131
1314	109
1315	126
1316	110
1317	128
1318	139
1319	126
1320	127
1321	121
1322	102
1323	115
1324	123
1325	111
1326	117
1327	108
1328	122
1329	128
1330	115
1331	113
1332	123
1333	130
1334	115
1335	145
1336	125
1337	114
1338	122
1339	131
1340	131
1341	133
1342	125
1343	124
1344	120
1345	131
1346	102
1347	129
1348	127
1349	116
1350	144
1351	101
1352	116
1353	134
1354	128
1355	117
1356	108
1357	132
1358	121
1359	125
1360	116
1361	104
1362	115
1363	136
1364	106
1365	129
1366	124
1367	128
1368	121
1369	131
1370	119
1371	129
1372	140
1373	131
1374	113
1375	123
1376	116
1377	124
1378	115
1379	131
1380	117
1381	136
1382	123
1383	122
1384	128
1385	131
1386	121
1387	132
1388	135
1389	121
1390	126
1391	126
1392	142
1393	103
1394	105
1395	132
1396	135
1397	131
1398	136
1399	110
1400	94
1401	101
1402	121
1403	134
1404	131
1405	139
1406	147
1407	101
1408	135
1409	138
1410	133
1411	128
1412	124
1413	117
1414	148
1415	116
1416	143
1417	134
1418	120
1419	135
1420	113
1421	147
1422	117
1423	124
1424	113
1425	134
1426	110
1427	128
1428	125
1429	119
1430	124
1431	118
1432	118
1433	122
1434	135
1435	126
1436	143
1437	117
1438	137
1439	114
1440	111
1441	135
1442	126
1443	131
1444	129
1445	120
1446	125
1447	135
1448	126
1449	147
1450	156
1451	125
1452	118
1453	137
1454	153
1455	128
1456	128
1457	125
1458	134
1459	131
1460	149
1461	136
1462	130
1463	114
1464	109
1465	118
1466	138
1467	118
1468	130
1469	125
1470	133
1471	134
1472	137
1473	121
1474	144
1475	116
1476	146
1477	123
1478	135
1479	129
1480	150
1481	146
1482	137
1483	137
1484	135
1485	135
1486	132
1487	127
1488	132
1489	140
1490	151
1491	138
1492	151
1493	140
1494	139
1495	132
1496	126
1497	129
1498	133
1499	152
1500	115
1501	124
1502	134
1503	124
1504	132
1505	137
1506	129
1507	129
1508	138
1509	153
1510	136
1511	152
1512	133
1513	143
1514	130
1515	154
1516	125
1517	126
1518	156
1519	134
1520	156
1521	126
1522	142
1523	142
1524	156
1525	137
1526	115
1527	115
1528	155
1529	141
1530	130
1531	151
1532	130
1533	155
1534	127
1535	141
1536	145
1537	128
1538	145
1539	147
1540	161
1541	143
1542	140
1543	145
1544	141
1545	136
1546	126
1547	139
1548	127
1549	133
1550	126
1551	147
1552	149
1553	154
1554	137
1555	131
1556	144
1557	120
1558	144
1559	119
1560	142
1561	126
1562	127
1563	143
1564	123
1565	149
1566	160
1567	146
1568	136
1569	139
1570	134
1571	128
1572	146
1573	156
1574	138
1575	145
1576	110
1577	134
1578	146
1579	127
1580	128
1581	138
1582	140
1583	135
1584	127
1585	141
1586	134
1587	151
1588	152
1589	127
1590	154
1591	136
1592	167
1593	165
1594	145
1595	125
1596	127
1597	142
1598	143
1599	141
1600	142
1601	156
1602	145
1603	140
1604	136
1605	147
1606	125
1607	117
1608	138
1609	159
1610	147
1611	149
1612	145
1613	128
1614	116
1615	158
1616	134
1617	150
1618	140
1619	155
1620	152
1621	141
1622	173
1623	120
1624	140
1625	164
1626	149
1627	155
1628	148
1629	145
1630	113
1631	145
1632	137
1633	132
1634	132
1635	138
1636	154
1637	134
1638	162
1639	140
1640	136
1641	156
1642	152
1643	120
1644	155
1645	141
1646	136
1647	136
1648	134
1649	128
1650	155
1651	158
1652	149
1653	124
1654	140
1655	147
1656	151
1657	136
1658	148
1659	149
1660	147
1661	133
1662	124
1663	177
1664	138
1665	156
1666	150
1667	131
1668	152
1669	133
1670	164
1671	147
1672	160
1673	182
1674	129
1675	152
1676	156
1677	154
1678	131
1679	141
1680	146
1681	146
1682	143
1683	132
1684	172
1685	148
1686	151
1687	143
1688	130
1689	142
1690	143
1691	175
1692	155
1693	156
1694	126
1695	139
1696	148
1697	170
1698	113
1699	157
1700	143
1701	140
1702	131
1703	156
1704	137
1705	137
1706	168
1707	145
1708	145
1709	153
1710	161
1711	152
1712	151
1713	163
1714	154
1715	140
1716	146
1717	160
1718	143
1719	143
1720	166
1721	138
1722	152
1723	129
1724	166
1725	140
1726	164
1727	184
1728	131
1729	139
1730	126
1731	128
1732	152
1733	165
1734	160
1735	169
1736	166
1737	160
1738	150
1739	174
1740	155
1741	172
1742	162
1743	165
1744	150
1745	162
1746	144
1747	135
1748	155
1749	155
1750	124
1751	169
1752	152
1753	160
1754	159
1755	165
1756	155
1757	132
1758	157
1759	133
1760	160
1761	158
1762	163
1763	173
1764	160
1765	142
1766	136
1767	138
1768	133
1769	149
1770	145
1771	156
1772	158
1773	172
1774	144
1775	149
1776	164
1777	141
1778	139
1779	173
1780	169
1781	134
1782	145
1783	156
1784	148
1785	138
1786	171
1787	163
1788	162
1789	172
1790	140
1791	149
1792	171
1793	173
1794	159
1795	143
1796	154
1797	156
1798	164
1799	154
1800	162
1801	173
1802	154
1803	155
1804	156
1805	154
1806	148
1807	175
1808	153
1809	149
1810	154
1811	165
1812	142
1813	159
1814	153
1815	149
1816	158
1817	164
1818	150
1819	142
1820	146
1821	148
1822	163
1823	168
1824	197
1825	148
1826	162
1827	155
1828	170
1829	158
1830	175
1831	144
1832	157
1833	169
1834	165
1835	159
1836	163
1837	165
1838	179
1839	183
1840	149
1841	192
1842	161
1843	174
1844	150
1845	160
1846	147
1847	144
1848	171
1849	159
1850	186
1851	163
1852	171
1853	162
1854	168
1855	174
1856	179
1857	143
1858	165
1859	187
1860	154
1861	151
1862	186
1863	186
1864	162
1865	181
1866	156
1867	166
1868	156
1869	183
1870	154
1871	197
1872	160
1873	180
1874	142
1875	166
1876	154
1877	157
1878	157
1879	151
1880	166
1881	156
1882	170
1883	184
1884	153
1885	172
1886	170
1887	168
1888	186
1889	159
1890	185
1891	155
1892	165
1893	171
1894	188
1895	174
1896	170
1897	160
1898	161
1899	173
1900	154
1901	172
1902	180
1903	173
1904	180
1905	152
1906	147
1907	166
1908	167
1909	168
1910	173
1911	173
1912	179
1913	170
1914	170
1915	184
1916	156
1917	194
1918	168
1919	173
1920	154
1921	163
1922	172
1923	187
1924	164
1925	176
1926	184
1927	154
1928	177
1929	177
1930	154
1931	146
1932	172
1933	151
1934	159
1935	168
1936	181
1937	176
1938	180
1939	157
1940	175
1941	171
1942	155
1943	185
1944	177
1945	182
1946	175
1947	174
1948	159
1949	177
1950	155
1951	164
1952	192
1953	144
1954	163
1955	180
1956	171
1957	151
1958	154
1959	163
1960	159
1961	181
1962	179
1963	183
1964	204
1965	169
1966	146
1967	162
1968	150
1969	169
1970	187
1971	167
1972	145
1973	168
1974	190
1975	192
1976	169
1977	185
1978	185
1979	183
1980	185
1981	150
1982	184
1983	178
1984	157
1985	158
1986	152
1987	165
1988	172
1989	172
1990	174
1991	187
1992	178
1993	186
1994	184
1995	191
1996	173
1997	178
1998	169
1999	167
2000	194
2001	195
2002	198
2003	191
2004	176
2005	181
2006	187
2007	189
2008	147
2009	156
2010	191
2011	175
2012	176
2013	172
2014	193
2015	167
2016	152
2017	162
2018	174
2019	186
2020	162
2021	168
2022	174
2023	179
2024	178
2025	159
2026	161
2027	182
2028	179
2029	165
2030	164
2031	164
2032	189
2033	165
2034	165
2035	199
2036	173
2037	169
2038	180
2039	196
2040	179
2041	172
2042	182
2043	169
2044	177
2045	162
2046	186
2047	176
2048	163
2049	178
2050	186
2051	162
2052	156
2053	162
2054	187
2055	169
2056	170
2057	164
2058	185
2059	177
2060	185
2061	186
2062	193
2063	167
2064	159
2065	175
2066	186
2067	205
2068	163
2069	195
2070	162
2071	167
2072	178
2073	186
2074	192
2075	172
2076	176
2077	161
2078	180
2079	172
2080	158
2081	186
2082	178
2083	160
2084	184
2085	204
2086	180
2087	161
2088	186
2089	197
2090	185
2091	173
2092	178
2093	184
2094	169
2095	173
2096	169
2097	178
2098	173
2099	197
2100	173
2101	195
2102	180
2103	181
2104	178
2105	190
2106	193
2107	199
2108	191
2109	171
2110	184
2111	200
2112	203
2113	215
2114	193
2115	157
2116	190
2117	175
2118	178
2119	193
2120	161
2121	195
2122	167
2123	192
2124	185
2125	154
2126	176
2127	158
2128	176
2129	182
2130	167
2131	173
2132	165
2133	175
2134	163
2135	179
2136	200
2137	174
2138	162
2139	195
2140	184
2141	175
2142	180
2143	184
2144	171
2145	157
2146	182
2147	172
2148	159
2149	181
2150	174
2151	177
2152	188
2153	188
2154	193
2155	185
2156	178
2157	164
2158	166
2159	192
2160	182
2161	215
2162	193
2163	159
2164	170
2165	188
2166	180
2167	166
2168	193
2169	184
2170	178
2171	190
2172	197
2173	167
2174	162
2175	186
2176	172
2177	189
2178	185
2179	189
2180	172
2181	189
2182	185
2183	160
2184	172
2185	185
2186	169
2187	184
2188	194
2189	188
2190	172
2191	153
2192	186
2193	176
2194	178
2195	173
2196	165
2197	197
2198	193
2199	147
2200	174
2201	179
2202	188
2203	184
2204	202
2205	169
2206	183
2207	176
2208	180
2209	168
2210	215
2211	192
2212	183
2213	177
2214	179
2215	184
2216	188
2217	201
2218	163
2219	170
2220	212
2221	153
2222	170
2223	192
2224	197
2225	178
2226	166
2227	176
2228	184
2229	177
2230	187
2231	186
2232	170
2233	176
2234	200
2235	174
2236	212
2237	195
2238	180
2239	184
2240	178
2241	178
2242	213
2243	200
2244	175
2245	192
2246	193
2247	189
2248	178
2249	200
2250	210
2251	192
2252	181
2253	180
2254	182
2255	163
2256	184
2257	195
2258	182
2259	189
2260	198
2261	177
2262	194
2263	190
2264	221
2265	214
2266	176
2267	217
2268	203
2269	172
2270	201
2271	170
2272	199
2273	197
2274	199
2275	183
2276	175
2277	170
2278	187
2279	200
2280	204
2281	218
2282	185
2283	208
2284	195
2285	191
2286	190
2287	185
2288	160
2289	214
2290	211
2291	187
2292	196
2293	192
2294	194
2295	196
2296	193
2297	176
2298	229
2299	170
2300	169
2301	198
2302	186
2303	182
2304	197
2305	195
2306	202
2307	175
2308	193
2309	173
2310	177
2311	185
2312	203
2313	174
2314	203
2315	208
2316	183
2317	193
2318	199
2319	171
2320	215
2321	183
2322	157
2323	191
2324	180
2325	187
2326	186
2327	197
2328	197
2329	185
2330	211
2331	201
2332	192
2333	212
2334	210
2335	197
2336	208
2337	197
2338	179
2339	202
2340	191
2341	197
2342	186
2343	218
2344	197
2345	170
2346	188
2347	176
2348	199
2349	213
2350	200
2351	204
2352	202
2353	177
2354	190
2355	221
2356	202
2357	181
2358	212
2359	185
2360	197
2361	197
2362	237
2363	193
2364	207
2365	190
2366	204
2367	195
2368	206
2369	217
2370	191
2371	200
2372	188
2373	201
2374	204
2375	203
2376	207
2377	211
2378	203
2379	211
2380	186
2381	172
2382	191
2383	192
2384	184
2385	187
2386	203
2387	208
2388	196
2389	202
2390	168
2391	182
2392	209
2393	206
2394	207
2395	211
2396	196
2397	212
2398	188
2399	189
2400	177
2401	194
2402	176
2403	175
2404	199
2405	209
2406	181
2407	186
2408	214
2409	205
2410	177
2411	160
2412	210
2413	184
2414	205
2415	200
2416	214
2417	198
2418	186
2419	175
2420	215
2421	193
2422	189
2423	208
2424	199
2425	194
2426	205
2427	207
2428	222
2429	187
2430	195
2431	199
2432	186
2433	196
2434	187
2435	182
2436	198
2437	197
2438	196
2439	187
2440	171
2441	193
2442	209
2443	210
2444	183
2445	187
2446	202
2447	178
2448	208
2449	189
2450	208
2451	165
2452	201
2453	164
2454	194
2455	188
2456	191
2457	187
2458	208
2459	188
2460	181
2461	192
2462	189
2463	183
2464	187
2465	185
2466	183
2467	198
2468	206
2469	174
2470	203
2471	205
2472	193
2473	181
2474	178
2475	194
2476	180
2477	197
2478	181
2479	172
2480	184
2481	201
2482	192
2483	180
2484	182
2485	169
2486	171
2487	187
2488	196
2489	187
2490	208
2491	172
2492	186
2493	191
2494	191
2495	177
2496	225
2497	187
2498	170
2499	199
2500	168
2501	182
2502	159
2503	190
2504	191
2505	152
2506	179
2507	190
2508	187
2509	167
2510	182
2511	170
2512	184
2513	191
2514	189
2515	191
2516	194
2517	187
2518	170
2519	171
2520	184
2521	191
2522	160
2523	194
2524	178
2525	181
2526	163
2527	167
2528	165
2529	178
2530	189
2531	181
2532	177
2533	192
2534	183
2535	165
2536	164
2537	187
2538	163
2539	171
2540	184
2541	177
2542	165
2543	204
2544	170
2545	167
2546	180
2547	175
2548	173
2549	172
2550	200
2551	158
2552	166
2553	175
2554	183
2555	181
2556	194
2557	184
2558	174
2559	157
2560	178
2561	156
2562	199
2563	164
2564	179
2565	189
2566	180
2567	176
2568	178
2569	187
2570	185
2571	188
2572	189
2573	181
2574	149
2575	178
2576	160
2577	167
2578	146
2579	173
2580	152
2581	188
2582	140
2583	177
2584	174
2585	163
2586	172
2587	170
2588	170
2589	193
2590	176
2591	178
2592	179
2593	156
2594	149
2595	149
2596	158
2597	172
2598	168
2599	163
2600	183
2601	164
2602	147
2603	177
2604	173
2605	143
2606	183
2607	176
2608	177
2609	155
2610	178
2611	176
2612	154
2613	180
2614	168
2615	162
2616	181
2617	147
2618	161
2619	178
2620	153
2621	141
2622	176
2623	157
2624	169
2625	189
2626	161
2627	154
2628	180
2629	174
2630	164
2631	154
2632	186
2633	149
2634	171
2635	177
2636	160
2637	156
2638	143
2639	141
2640	174
2641	158
2642	159
2643	170
2644	154
2645	205
2646	173
2647	153
2648	148
2649	162
2650	164
2651	165
2652	154
2653	168
2654	150
2655	180
2656	178
2657	152
2658	159
2659	160
2660	154
2661	175
2662	177
2663	146
2664	152
2665	162
2666	138
2667	153
2668	130
2669	150
2670	149
2671	150
2672	183
2673	153
2674	166
2675	145
2676	165
2677	153
2678	149
2679	139
2680	166
2681	128
2682	146
2683	159
2684	146
2685	165
2686	164
2687	151
2688	144
2689	149
2690	147
2691	147
2692	164
2693	166
2694	137
2695	143
2696	168
2697	161
2698	156
2699	148
2700	130
2701	160
2702	153
2703	145
2704	144
2705	170
2706	145
2707	156
2708	143
2709	139
2710	167
2711	149
2712	168
2713	145
2714	140
2715	170
2716	142
2717	167
2718	159
2719	149
2720	161
2721	147
2722	121
2723	123
2724	160
2725	158
2726	144
2727	167
2728	149
2729	143
2730	128
2731	135
2732	133
2733	154
2734	148
2735	132
2736	140
2737	137
2738	176
2739	147
2740	133
2741	136
2742	143
2743	167
2744	142
2745	143
2746	144
2747	145
2748	151
2749	143
2750	146
2751	135
2752	115
2753	148
2754	178
2755	150
2756	159
2757	132
2758	154
2759	132
2760	159
2761	157
2762	130
2763	154
2764	158
2765	143
2766	142
2767	147
2768	147
2769	136
2770	132
2771	162
2772	142
2773	138
2774	143
2775	152
2776	144
2777	148
2778	139
2779	155
2780	123
2781	156
2782	135
2783	143
2784	147
2785	134
2786	146
2787	134
2788	159
2789	155
2790	156
2791	134
2792	145
2793	126
2794	107
2795	146
2796	140
2797	140
2798	132
2799	124
2800	140
2801	133
2802	150
2803	142
2804	127
2805	127
2806	131
2807	143
2808	142
2809	139
2810	125
2811	141
2812	135
2813	140
2814	146
2815	149
2816	137
2817	143
2818	120
2819	132
2820	113
2821	125
2822	148
2823	137
2824	130
2825	147
2826	132
2827	167
2828	142
2829	149
2830	138
2831	131
2832	134
2833	154
2834	142
2835	140
2836	153
2837	118
2838	132
2839	134
2840	113
2841	121
2842	116
2843	156
2844	121
2845	147
2846	145
2847	148
2848	140
2849	130
2850	119
2851	154
2852	122
2853	131
2854	128
2855	118
2856	116
2857	142
2858	121
2859	131
2860	136
2861	121
2862	111
2863	133
2864	131
2865	124
2866	133
2867	114
2868	130
2869	136
2870	147
2871	119
2872	119
2873	128
2874	125
2875	135
2876	130
2877	139
2878	134
2879	141
2880	134
2881	142
2882	131
2883	140
2884	127
2885	127
2886	127
2887	116
2888	147
2889	125
2890	124
2891	127
2892	109
2893	120
2894	162
2895	126
2896	127
2897	111
2898	141
2899	141
2900	130
2901	115
2902	130
2903	128
2904	134
2905	125
2906	137
2907	147
2908	129
2909	138
2910	123
2911	134
2912	138
2913	124
2914	129
2915	149
2916	120
2917	134
2918	133
2919	119
2920	124
2921	143
2922	129
2923	128
2924	125
2925	133
2926	114
2927	116
2928	109
2929	98
2930	123
2931	125
2932	116
2933	115
2934	127
2935	110
2936	141
2937	131
2938	127
2939	125
2940	125
2941	141
2942	123
2943	111
2944	109
2945	124
2946	126
2947	131
2948	128
2949	109
2950	146
2951	122
2952	129
2953	132
2954	150
2955	128
2956	118
2957	132
2958	130
2959	138
2960	125
2961	115
2962	126
2963	137
2964	119
2965	120
2966	113
2967	136
2968	121
2969	117
2970	124
2971	116
2972	124
2973	137
2974	137
2975	109
2976	113
2977	126
2978	121
2979	120
2980	136
2981	111
2982	137
2983	109
2984	129
2985	136
2986	117
2987	129
2988	124
2989	126
2990	131
2991	95
2992	114
2993	135
2994	141
2995	140
2996	128
2997	122
2998	113
2999	122
3000	138
3001	130
3002	109
3003	119
3004	131
3005	120
3006	115
3007	122
3008	113
3009	130
3010	124
3011	111
3012	119
3013	127
3014	102
3015	111
3016	126
3017	114
3018	111
3019	122
3020	124
3021	128
3022	132
3023	115
3024	107
3025	105
3026	130
3027	115
3028	125
3029	142
3030	109
3031	124
3032	101
3033	108
3034	115
3035	147
3036	122
3037	111
3038	121
3039	119
3040	117
3041	131
3042	127
3043	138
3044	112
3045	108
3046	115
3047	117
3048	125
3049	108
3050	106
3051	113
3052	129
3053	109
3054	130
3055	132
3056	144
3057	132
3058	120
3059	133
3060	106
3061	124
3062	112
3063	107
3064	105
3065	128
3066	104
3067	119
3068	118
3069	135
3070	120
3071	129
3072	122
3073	100
3074	108
3075	117
3076	118
3077	133
3078	116
3079	121
3080	125
3081	120
3082	108
3083	126
3084	122
3085	120
3086	117
3087	126
3088	111
3089	117
3090	131
3091	118
3092	123
3093	125
3094	131
3095	120
3096	129
3097	130
3098	129
3099	113
3100	140
3101	117
3102	112
3103	107
3104	128
3105	113
3106	116
3107	112
3108	107
3109	110
3110	126
3111	119
3112	108
3113	116
3114	132
3115	112
3116	121
3117	111
3118	132
3119	111
3120	119
3121	114
3122	115
3123	118
3124	116
3125	99
3126	109
3127	128
3128	115
3129	116
3130	124
3131	101
3132	116
3133	111
3134	127
3135	132
3136	139
3137	125
3138	138
3139	124
3140	123
3141	110
3142	109
3143	98
3144	112
3145	118
3146	126
3147	102
3148	124
3149	106
3150	105
3151	112
3152	106
3153	107
3154	119
3155	109
3156	117
3157	118
3158	113
3159	107
3160	112
3161	125
3162	126
3163	108
3164	116
3165	101
3166	105
3167	124
3168	116
3169	109
3170	116
3171	120
3172	116
3173	122
3174	119
3175	106
3176	131
3177	115
3178	120
3179	118
3180	111
3181	129
3182	114
3183	126
3184	100
3185	103
3186	93
3187	108
3188	114
3189	98
3190	105
3191	126
3192	115
3193	128
3194	111
3195	119
3196	112
3197	111
3198	114
3199	121
3200	122
3201	116
3202	104
3203	110
3204	106
3205	98
3206	126
3207	103
3208	100
3209	125
3210	124
3211	87
3212	119
3213	97
3214	105
3215	98
3216	104
3217	135
3218	115
3219	108
3220	108
3221	100
3222	108
3223	115
3224	136
3225	124
3226	118
3227	116
3228	85
3229	116
3230	113
3231	105
3232	101
3233	93
3234	120
3235	117
3236	110
3237	107
3238	109
3239	99
3240	100
3241	108
3242	118
3243	127
3244	105
3245	115
3246	106
3247	93
3248	101
3249	110
3250	115
3251	104
3252	132
3253	110
3254	117
3255	120
3256	103
3257	107
3258	103
3259	112
3260	122
3261	101
3262	83
3263	109
3264	106
3265	105
3266	116
3267	109
3268	100
3269	137
3270	113
3271	97
3272	116
3273	115
3274	102
3275	125
3276	117
3277	110
3278	111
3279	113
3280	131
3281	100
3282	138
3283	105
3284	98
3285	108
3286	125
3287	105
3288	127
3289	108
3290	89
3291	116
3292	123
3293	107
3294	119
3295	106
3296	111
3297	109
3298	110
3299	110
3300	116
3301	113
3302	129
3303	113
3304	113
3305	100
3306	123
3307	101
3308	85
3309	104
3310	105
3311	116
3312	111
3313	126
3314	123
3315	105
3316	119
3317	125
3318	114
3319	111
3320	111
3321	113
3322	122
3323	99
3324	99
3325	105
3326	123
3327	102
3328	120
3329	97
3330	104
3331	109
3332	90
3333	102
3334	99
3335	127
3336	129
3337	106
3338	105
3339	112
3340	111
3341	115
3342	120
3343	109
3344	109
3345	115
3346	114
3347	101
3348	98
3349	111
3350	119
3351	107
3352	100
3353	92
3354	93
3355	109
3356	123
3357	122
3358	96
3359	109
3360	99
3361	114
3362	127
3363	121
3364	98
3365	111
3366	112
3367	97
3368	111
3369	93
3370	115
3371	94
3372	114
3373	91
3374	116
3375	133
3376	118
3377	100
3378	117
3379	112
3380	118
3381	125
3382	100
3383	118
3384	116
3385	101
3386	105
3387	111
3388	118
3389	110
3390	111
3391	133
3392	109
3393	99
3394	104
3395	120
3396	110
3397	109
3398	119
3399	121
3400	110
3401	92
3402	133
3403	117
3404	95
3405	94
3406	136
3407	89
3408	114
3409	99
3410	89
3411	118
3412	89
3413	110
3414	141
3415	123
3416	127
3417	117
3418	103
3419	115
3420	122
3421	111
3422	113
3423	104
3424	102
3425	107
3426	100
3427	117
3428	97
3429	110
3430	113
3431	91
3432	109
3433	113
3434	96
3435	114
3436	111
3437	101
3438	124
3439	98
3440	119
3441	122
3442	115
3443	110
3444	116
3445	102
3446	113
3447	106
3448	110
3449	93
3450	98
3451	125
3452	109
3453	101
3454	116
3455	102
3456	84
3457	115
3458	115
3459	106
3460	106
3461	119
3462	117
3463	99
3464	112
3465	95
3466	119
3467	103
3468	109
3469	97
3470	113
3471	117
3472	102
3473	91
3474	115
3475	102
3476	106
3477	97
3478	111
3479	135
3480	104
3481	114
3482	101
3483	98
3484	114
3485	125
3486	117
3487	106
3488	103
3489	116
3490	110
3491	105
3492	108
3493	110
3494	97
3495	120
3496	115
3497	138
3498	118
3499	109
3500	109
3501	99
3502	106
3503	99
3504	106
3505	128
3506	98
3507	127
3508	108
3509	118
3510	113
3511	108
3512	104
3513	114
3514	101
3515	104
3516	113
3517	111
3518	103
3519	107
3520	139
3521	97
3522	111
3523	98
3524	111
3525	115
3526	89
3527	100
3528	104
3529	109
3530	95
3531	106
3532	122
3533	112
3534	92
3535	106
3536	111
3537	92
3538	122
3539	116
3540	111
3541	103
3542	103
3543	124
3544	97
3545	113
3546	117
3547	112
3548	101
3549	119
3550	122
3551	88
3552	103
3553	105
3554	95
3555	93
3556	96
3557	116
3558	113
3559	123
3560	114
3561	115
3562	116
3563	106
3564	127
3565	102
3566	110
3567	104
3568	118
3569	115
3570	124
3571	102
3572	99
3573	120
3574	102
3575	102
3576	92
3577	106
3578	110
3579	115
3580	117
3581	98
3582	90
3583	121
3584	99
3585	111
3586	113
3587	94
3588	100
3589	130
3590	98
3591	102
3592	102
3593	93
3594	114
3595	119
3596	99
3597	90
3598	113
3599	118
3600	118
3601	96
3602	106
3603	109
3604	106
3605	103
3606	109
3607	103
3608	119
3609	113
3610	115
3611	116
3612	90
3613	103
3614	92
3615	103
3616	117
3617	116
3618	98
3619	120
3620	101
3621	105
3622	98
3623	120
3624	107
3625	100
3626	98
3627	113
3628	130
3629	120
3630	109
3631	92
3632	102
3633	103
3634	97
3635	107
3636	114
3637	102
3638	110
3639	116
3640	112
3641	99
3642	111
3643	99
3644	106
3645	118
3646	116
3647	109
3648	96
3649	117
3650	100
3651	113
3652	110
3653	107
3654	119
3655	113
3656	108
3657	109
3658	108
3659	105
3660	121
3661	108
3662	108
3663	125
3664	102
3665	114
3666	112
3667	97
3668	118
3669	111
3670	106
3671	120
3672	115
3673	107
3674	103
3675	112
3676	105
3677	96
3678	103
3679	101
3680	111
3681	101
3682	111
3683	121
3684	112
3685	117
3686	106
3687	112
3688	105
3689	88
3690	120
3691	130
3692	105
3693	114
3694	107
3695	106
3696	115
3697	121
3698	118
3699	101
3700	91
3701	95
3702	121
3703	113
3704	102
3705	84
3706	107
3707	90
3708	104
3709	104
3710	111
3711	101
3712	106
3713	104
3714	95
3715	120
3716	112
3717	117
3718	104
3719	99
3720	105
3721	106
3722	103
3723	123
3724	102
3725	99
3726	93
3727	124
3728	116
3729	124
3730	124
3731	93
3732	105
3733	109
3734	128
3735	114
3736	110
3737	117
3738	106
3739	97
3740	112
3741	96
3742	123
3743	109
3744	114
3745	86
3746	101
3747	114
3748	97
3749	105
3750	99
3751	111
3752	113
3753	101
3754	96
3755	121
3756	119
3757	116
3758	139
3759	100
3760	100
3761	128
3762	120
3763	112
3764	95
3765	100
3766	114
3767	114
3768	109
3769	117
3770	106
3771	107
3772	97
3773	97
3774	106
3775	106
3776	97
3777	92
3778	105
3779	118
3780	125
3781	106
3782	105
3783	120
3784	126
3785	97
3786	124
3787	129
3788	107
3789	97
3790	113
3791	109
3792	106
3793	113
3794	117
3795	92
3796	111
3797	88
3798	102
3799	118
3800	92
3801	105
3802	108
3803	106
3804	98
3805	99
3806	108
3807	130
3808	132
3809	88
3810	105
3811	107
3812	110
3813	94
3814	115
3815	115
3816	114
3817	101
3818	124
3819	100
3820	131
3821	107
3822	117
3823	121
3824	92
3825	115
3826	104
3827	110
3828	109
3829	83
3830	95
3831	97
3832	95
3833	91
3834	107
3835	96
3836	94
3837	116
3838	97
3839	94
3840	88
3841	112
3842	111
3843	87
3844	109
3845	87
3846	91
3847	103
3848	95
3849	104
3850	114
3851	107
3852	113
3853	110
3854	118
3855	109
3856	93
3857	90
3858	105
3859	110
3860	125
3861	118
3862	97
3863	107
3864	104
3865	100
3866	113
3867	104
3868	107
3869	87
3870	101
3871	128
3872	121
3873	110
3874	103
3875	118
3876	112
3877	97
3878	109
3879	99
3880	107
3881	104
3882	105
3883	111
3884	117
3885	96
3886	108
3887	125
3888	89
3889	127
3890	99
3891	122
3892	110
3893	115
3894	117
3895	97
3896	104
3897	113
3898	112
3899	100
3900	95
3901	112
3902	114
3903	84
3904	105
3905	111
3906	89
3907	118
3908	91
3909	90
3910	116
3911	105
3912	117
3913	114
3914	86
3915	110
3916	107
3917	117
3918	109
3919	105
3920	87
3921	98
3922	128
3923	91
3924	95
3925	90
3926	111
3927	97
3928	94
3929	117
3930	95
3931	103
3932	96
3933	102
3934	101
3935	97
3936	96
3937	96
3938	102
3939	89
3940	112
3941	104
3942	106
3943	107
3944	105
3945	93
3946	103
3947	106
3948	102
3949	104
3950	98
3951	109
3952	93
3953	112
3954	107
3955	101
3956	117
3957	108
3958	94
3959	104
3960	114
3961	91
3962	95
3963	91
3964	103
3965	93
3966	92
3967	94
3968	108
3969	105
3970	99
3971	91
3972	102
3973	91
3974	96
3975	96
3976	100
3977	120
3978	105
3979	101
3980	101
3981	93
3982	108
3983	105
3984	80
3985	99
3986	102
3987	106
3988	107
3989	111
3990	114
3991	118
3992	91
3993	95
3994	98
3995	106
3996	110
3997	107
3998	101
3999	101
4000	93
4001	100
4002	95
4003	108
4004	110
4005	92
4006	119
4007	107
4008	94
4009	106
4010	97
4011	95
4012	83
4013	90
4014	117
4015	94
4016	106
4017	98
4018	105
4019	97
4020	130
4021	92
4022	100
4023	118
4024	122
4025	114
4026	100
4027	113
4028	100
4029	103
4030	89
4031	84
4032	99
4033	102
4034	90
4035	102
4036	92
4037	105
4038	97
4039	107
4040	92
4041	97
4042	90
4043	88
4044	99
4045	103
4046	101
4047	110
4048	110
4049	110
4050	112
4051	92
4052	104
4053	110
4054	115
4055	91
4056	103
4057	102
4058	111
4059	107
4060	102
4061	101
4062	106
4063	95
4064	85
4065	98
4066	92
4067	119
4068	90
4069	96
4070	102
4071	92
4072	90
4073	91
4074	114
4075	106
4076	102
4077	97
4078	94
4079	106
4080	91
4081	104
4082	102
4083	101
4084	104
4085	118
4086	106
4087	90
4088	114
4089	95
4090	97
4091	91
4092	106
4093	98
4094	99
4095	79
4096	103
4097	101
4098	115
4099	86
4100	104
4101	109
4102	90
4103	115
4104	96
4105	96
4106	103
4107	83
4108	86
4109	117
4110	101
4111	99
4112	109
4113	105
4114	91
4115	93
4116	92
4117	89
4118	95
4119	99
4120	109
4121	103
4122	99
4123	113
4124	99
4125	97
4126	86
4127	106
4128	82
4129	102
4130	94
4131	105
4132	102
4133	99
4134	109
4135	102
4136	96
4137	85
4138	101
4139	101
4140	90
4141	100
4142	94
4143	113
4144	101
4145	94
4146	102
4147	100
4148	100
4149	109
4150	106
4151	96
4152	90
4153	76
4154	99
4155	102
4156	98
4157	95
4158	96
4159	87
4160	99
4161	94
4162	91
4163	92
4164	94
4165	109
4166	99
4167	100
4168	94
4169	82
4170	98
4171	103
4172	102
4173	94
4174	97
4175	99
4176	87
4177	96
4178	100
4179	85
4180	101
4181	77
4182	108
4183	95
4184	76
4185	110
4186	103
4187	83
4188	95
4189	104
4190	115
4191	82
4192	96
4193	99
4194	103
4195	97
4196	105
4197	99
4198	84
4199	95
4200	88
4201	80
4202	83
4203	94
4204	95
4205	61
4206	93
4207	100
4208	108
4209	111
4210	105
4211	87
4212	81
4213	99
4214	101
4215	90
4216	96
4217	92
4218	87
4219	100
4220	85
4221	100
4222	95
4223	86
4224	92
4225	98
4226	95
4227	99
4228	84
4229	100
4230	92
4231	93
4232	103
4233	96
4234	92
4235	107
4236	89
4237	102
4238	94
4239	100
4240	99
4241	95
4242	69
4243	91
4244	93
4245	100
4246	87
4247	96
4248	100
4249	100
4250	76
4251	86
4252	97
4253	95
4254	87
4255	96
4256	97
4257	100
4258	86
4259	98
4260	87
4261	100
4262	99
4263	101
4264	83
4265	91
4266	92
4267	93
4268	93
4269	109
4270	105
4271	89
4272	95
4273	94
4274	95
4275	90
4276	85
4277	89
4278	95
4279	72
4280	99
4281	99
4282	80
4283	94
4284	92
4285	101
4286	106
4287	92
4288	104
4289	88
4290	84
4291	99
4292	104
4293	104
4294	94
4295	95
4296	109
4297	87
4298	97
4299	92
4300	79
4301	98
4302	94
4303	109
4304	91
4305	101
4306	93
4307	102
4308	102
4309	83
4310	92
4311	94
4312	75
4313	110
4314	87
4315	92
4316	91
4317	92
4318	85
4319	98
4320	84
4321	94
4322	111
4323	101
4324	86
4325	91
4326	86
4327	97
4328	91
4329	86
4330	93
4331	105
4332	83
4333	82
4334	89
4335	91
4336	71
4337	87
4338	87
4339	93
4340	105
4341	89
4342	76
4343	99
4344	107
4345	95
4346	88
4347	103
4348	94
4349	70
4350	94
4351	93
4352	94
4353	96
4354	76
4355	89
4356	103
4357	91
4358	95
4359	95
4360	100
4361	104
4362	114
4363	81
4364	96
4365	74
4366	80
4367	68
4368	92
4369	89
4370	84
4371	82
4372	84
4373	87
4374	90
4375	90
4376	81
4377	87
4378	91
4379	89
4380	84
4381	95
4382	86
4383	81
4384	93
4385	71
4386	89
4387	81
4388	91
4389	75
4390	85
4391	91
4392	80
4393	85
4394	82
4395	95
4396	85
4397	93
4398	76
4399	94
4400	95
4401	86
4402	92
4403	81
4404	81
4405	104
4406	90
4407	85
4408	91
4409	92
4410	69
4411	111
4412	79
4413	86
4414	91
4415	77
4416	72
4417	73
4418	90
4419	87
4420	74
4421	85
4422	75
4423	94
4424	78
4425	77
4426	98
4427	83
4428	85
4429	73
4430	74
4431	88
4432	79
4433	74
4434	97
4435	92
4436	81
4437	72
4438	82
4439	79
4440	103
4441	104
4442	89
4443	69
4444	92
4445	70
4446	79
4447	84
4448	90
4449	107
4450	82
4451	76
4452	87
4453	99
4454	87
4455	95
4456	75
4457	85
4458	63
4459	92
4460	93
4461	85
4462	79
4463	94
4464	72
4465	100
4466	84
4467	63
4468	91
4469	81
4470	100
4471	72
4472	72
4473	87
4474	97
4475	76
4476	72
4477	84
4478	76
4479	75
4480	86
4481	72
4482	82
4483	92
4484	84
4485	67
4486	94
4487	67
4488	90
4489	96
4490	82
4491	75
4492	61
4493	86
4494	98
4495	89
4496	70
4497	66
4498	63
4499	74
4500	81
4501	73
4502	76
4503	82
4504	77
4505	96
4506	61
4507	65
4508	70
4509	82
4510	76
4511	80
4512	72
4513	70
4514	80
4515	72
4516	79
4517	56
4518	73
4519	74
4520	67
4521	89
4522	86
4523	69
4524	85
4525	68
4526	79
4527	74
4528	78
4529	77
4530	85
4531	93
4532	104
4533	74
4534	65
4535	79
4536	88
4537	75
4538	70
4539	83
4540	79
4541	78
4542	92
4543	83
4544	89
4545	75
4546	98
4547	84
4548	75
4549	80
4550	87
4551	79
4552	74
4553	68
4554	81
4555	78
4556	87
4557	70
4558	77
4559	91
4560	75
4561	93
4562	75
4563	87
4564	74
4565	92
4566	90
4567	78
4568	82
4569	74
4570	66
4571	79
4572	79
4573	79
4574	80
4575	78
4576	73
4577	69
4578	68
4579	70
4580	63
4581	95
4582	74
4583	70
4584	80
4585	89
4586	60
4587	82
4588	53
4589	70
4590	92
4591	73
4592	84
4593	82
4594	77
4595	78
4596	63
4597	75
4598	58
4599	76
4600	82
4601	90
4602	77
4603	77
4604	82
4605	79
4606	71
4607	89
4608	79
4609	80
4610	81
4611	81
4612	58
4613	75
4614	99
4615	86
4616	78
4617	85
4618	76
4619	72
4620	76
4621	75
4622	63
4623	70
4624	80
4625	82
4626	75
4627	84
4628	80
4629	87
4630	82
4631	83
4632	82
4633	75
4634	69
4635	74
4636	93
4637	71
4638	62
4639	80
4640	76
4641	82
4642	77
4643	66
4644	80
4645	83
4646	66
4647	79
4648	80
4649	91
4650	60
4651	64
4652	78
4653	80
4654	70
4655	67
4656	82
4657	62
4658	62
4659	80
4660	83
4661	85
4662	70
4663	90
4664	72
4665	86
4666	72
4667	78
4668	91
4669	61
4670	75
4671	83
4672	88
4673	62
4674	73
4675	78
4676	80
4677	76
4678	69
4679	82
4680	68
4681	76
4682	63
4683	75
4684	69
4685	81
4686	68
4687	80
4688	66
4689	75
4690	66
4691	83
4692	68
4693	84
4694	72
4695	79
4696	86
4697	64
4698	63
4699	60
4700	52
4701	86
4702	85
4703	72
4704	67
4705	87
4706	81
4707	74
4708	65
4709	70
4710	70
4711	79
4712	81
4713	82
4714	67
4715	66
4716	66
4717	79
4718	86
4719	72
4720	73
4721	68
4722	66
4723	77
4724	85
4725	70
4726	73
4727	66
4728	82
4729	64
4730	61
4731	71
4732	70
4733	76
4734	85
4735	80
4736	74
4737	70
4738	75
4739	89
4740	58
4741	69
4742	77
4743	61
4744	74
4745	68
4746	77
4747	87
4748	83
4749	73
4750	72
4751	76
4752	81
4753	72
4754	76
4755	77
4756	74
4757	75
4758	65
4759	75
4760	80
4761	60
4762	72
4763	73
4764	68
4765	58
4766	81
4767	71
4768	71
4769	65
4770	81
4771	82
4772	70
4773	59
4774	71
4775	69
4776	78
4777	62
4778	62
4779	75
4780	61
4781	74
4782	80
4783	84
4784	75
4785	69
4786	84
4787	61
4788	83
4789	76
4790	77
4791	61
4792	80
4793	88
4794	52
4795	94
4796	71
4797	62
4798	58
4799	63
4800	69
4801	72
4802	66
4803	68
4804	59
4805	77
4806	63
4807	87
4808	62
4809	73
4810	66
4811	89
4812	82
4813	81
4814	78
4815	74
4816	76
4817	58
4818	66
4819	67
4820	69
4821	61
4822	57
4823	63
4824	65
4825	80
4826	75
4827	66
4828	49
4829	73
4830	79
4831	79
4832	77
4833	55
4834	64
4835	70
4836	79
4837	74
4838	69
4839	73
4840	65
4841	72
4842	77
4843	89
4844	69
4845	70
4846	65
4847	47
4848	88
4849	73
4850	89
4851	69
4852	82
4853	80
4854	79
4855	57
4856	71
4857	56
4858	73
4859	61
4860	68
4861	62
4862	69
4863	61
4864	71
4865	65
4866	63
4867	73
4868	60
4869	64
4870	59
4871	67
4872	63
4873	70
4874	70
4875	73
4876	69
4877	62
4878	76
4879	56
4880	66
4881	70
4882	86
4883	59
4884	69
4885	68
4886	70
4887	68
4888	87
4889	87
4890	80
4891	74
4892	67
4893	80
4894	65
4895	80
4896	73
4897	67
4898	70
4899	70
4900	65
4901	61
4902	63
4903	79
4904	58
4905	60
4906	61
4907	68
4908	66
4909	65
4910	63
4911	48
4912	69
4913	74
4914	72
4915	72
4916	75
4917	63
4918	67
4919	77
4920	73
4921	71
4922	63
4923	60
4924	62
4925	55
4926	66
4927	70
4928	74
4929	87
4930	97
4931	66
4932	77
4933	65
4934	85
4935	76
4936	69
4937	72
4938	64
4939	72
4940	78
4941	71
4942	52
4943	74
4944	90
4945	61
4946	73
4947	70
4948	59
4949	67
4950	72
4951	75
4952	66
4953	62
4954	77
4955	45
4956	69
4957	78
4958	69
4959	83
4960	66
4961	64
4962	75
4963	71
4964	80
4965	61
4966	69
4967	51
4968	63
4969	64
4970	64
4971	75
4972	70
4973	73
4974	72
4975	67
4976	61
4977	63
4978	74
4979	60
4980	57
4981	74
4982	68
4983	84
4984	67
4985	67
4986	66
4987	71
4988	66
4989	67
4990	66
4991	66
4992	81
4993	60
4994	61
4995	82
4996	74
4997	64
4998	51
4999	64
5000	54
5001	65
5002	62
5003	73
5004	66
5005	70
5006	64
5007	63
5008	66
5009	75
5010	67
5011	73
5012	67
5013	70
5014	69
5015	73
5016	76
5017	61
5018	57
5019	52
5020	72
5021	60
5022	67
5023	64
5024	81
5025	65
5026	59
5027	56
5028	63
5029	70
5030	55
5031	64
5032	64
5033	63
5034	65
5035	58
5036	69
5037	65
5038	78
5039	65
5040	64
5041	73
5042	64
5043	38
5044	63
5045	63
5046	67
5047	69
5048	63
5049	81
5050	60
5051	69
5052	52
5053	70
5054	87
5055	69
5056	60
5057	67
5058	60
5059	78
5060	77
5061	62
5062	71
5063	78
5064	61
5065	58
5066	62
5067	56
5068	65
5069	54
5070	61
5071	62
5072	78
5073	69
5074	70
5075	57
5076	69
5077	82
5078	67
5079	64
5080	62
5081	61
5082	58
5083	56
5084	64
5085	84
5086	62
5087	65
5088	65
5089	63
5090	67
5091	58
5092	70
5093	61
5094	59
5095	63
5096	64
5097	71
5098	63
5099	69
5100	70
5101	60
5102	66
5103	67
5104	75
5105	44
5106	72
5107	59
5108	61
5109	57
5110	72
5111	71
5112	56
5113	75
5114	81
5115	71
5116	69
5117	77
5118	57
5119	56
5120	56
5121	76
5122	68
5123	58
5124	54
5125	65
5126	71
5127	69
5128	63
5129	65
5130	79
5131	71
5132	74
5133	81
5134	67
5135	68
5136	70
5137	55
5138	77
5139	57
5140	81
5141	64
5142	69
5143	84
5144	65
5145	68
5146	75
5147	69
5148	68
5149	58
5150	78
5151	58
5152	64
5153	69
5154	64
5155	79
5156	56
5157	57
5158	80
5159	71
5160	69
5161	52
5162	73
5163	70
5164	74
5165	69
5166	69
5167	64
5168	56
5169	69
5170	73
5171	72
5172	63
5173	60
5174	60
5175	62
5176	69
5177	72
5178	68
5179	72
5180	67
5181	69
5182	60
5183	80
5184	65
5185	81
5186	61
5187	82
5188	78
5189	65
5190	63
5191	76
5192	82
5193	74
5194	63
5195	64
5196	66
5197	63
5198	64
5199	67
5200	70
5201	75
5202	52
5203	66
5204	75
5205	60
5206	58
5207	67
5208	49
5209	89
5210	66
5211	84
5212	68
5213	80
5214	66
5215	67
5216	67
5217	83
5218	85
5219	71
5220	72
5221	73
5222	76
5223	70
5224	67
5225	64
5226	73
5227	65
5228	62
5229	55
5230	71
5231	51
5232	61
5233	65
5234	68
5235	59
5236	71
5237	79
5238	64
5239	71
5240	76
5241	75
5242	78
5243	55
5244	76
5245	61
5246	81
5247	59
5248	83
5249	78
5250	73
5251	75
5252	84
5253	67
5254	66
5255	73
5256	79
5257	73
5258	77
5259	59
5260	71
5261	85
5262	68
5263	52
5264	82
5265	71
5266	73
5267	63
5268	83
5269	92
5270	68
5271	65
5272	66
5273	77
5274	77
5275	71
5276	65
5277	57
5278	66
5279	81
5280	67
5281	80
5282	72
5283	73
5284	77
5285	56
5286	79
5287	67
5288	66
5289	82
5290	74
5291	70
5292	74
5293	79
5294	68
5295	68
5296	69
5297	80
5298	63
5299	67
5300	88
5301	67
5302	63
5303	64
5304	82
5305	66
5306	61
5307	84
5308	83
5309	77
5310	90
5311	59
5312	56
5313	74
5314	79
5315	64
5316	63
5317	87
5318	79
5319	76
5320	77
5321	62
5322	54
5323	81
5324	71
5325	76
5326	67
5327	56
5328	71
5329	83
5330	66
5331	74
5332	79
5333	88
5334	85
5335	73
5336	69
5337	76
5338	75
5339	88
5340	74
5341	63
5342	69
5343	70
5344	70
5345	62
5346	63
5347	63
5348	81
5349	66
5350	71
5351	75
5352	86
5353	60
5354	63
5355	59
5356	63
5357	67
5358	74
5359	50
5360	73
5361	73
5362	74
5363	52
5364	67
5365	70
5366	76
5367	66
5368	69
5369	76
5370	83
5371	72
5372	74
5373	84
5374	65
5375	67
5376	82
5377	60
5378	75
5379	81
5380	62
5381	66
5382	90
5383	65
5384	66
5385	74
5386	69
5387	80
5388	86
5389	90
5390	71
5391	65
5392	85
5393	96
5394	67
5395	56
5396	64
5397	74
5398	69
5399	79
5400	67
5401	71
5402	82
5403	83
5404	80
5405	75
5406	65
5407	62
5408	82
5409	87
5410	70
5411	73
5412	70
5413	80
5414	68
5415	77
5416	85
5417	76
5418	82
5419	71
5420	90
5421	65
5422	93
5423	77
5424	78
5425	72
5426	70
5427	66
5428	93
5429	93
5430	76
5431	79
5432	94
5433	74
5434	74
5435	93
5436	69
5437	68
5438	84
5439	85
5440	78
5441	72
5442	81
5443	77
5444	75
5445	70
5446	77
5447	73
5448	89
5449	67
5450	69
5451	86
5452	96
5453	66
5454	69
5455	72
5456	80
5457	78
5458	86
5459	82
5460	72
5461	78
5462	83
5463	64
5464	83
5465	75
5466	84
5467	84
5468	69
5469	93
5470	87
5471	70
5472	85
5473	79
5474	81
5475	104
5476	78
5477	80
5478	64
5479	78
5480	84
5481	73
5482	100
5483	73
5484	68
5485	82
5486	70
5487	83
5488	79
5489	111
5490	92
5491	87
5492	73
5493	88
5494	70
5495	91
5496	99
5497	77
5498	88
5499	87
5500	80
5501	79
5502	82
5503	70
5504	102
5505	83
5506	87
5507	82
5508	79
5509	80
5510	70
5511	74
5512	83
5513	84
5514	80
5515	96
5516	81
5517	105
5518	94
5519	79
5520	105
5521	84
5522	92
5523	98
5524	87
5525	90
5526	83
5527	103
5528	99
5529	79
5530	97
5531	96
5532	100
5533	94
5534	95
5535	114
5536	93
5537	83
5538	83
5539	89
5540	85
5541	95
5542	88
5543	91
5544	104
5545	100
5546	93
5547	85
5548	78
5549	90
5550	89
5551	84
5552	95
5553	79
5554	99
5555	97
5556	95
5557	91
5558	91
5559	82
5560	115
5561	102
5562	71
5563	113
5564	94
5565	104
5566	110
5567	88
5568	105
5569	83
5570	96
5571	82
5572	91
5573	90
5574	77
5575	84
5576	74
5577	89
5578	84
5579	93
5580	100
5581	101
5582	97
5583	115
5584	100
5585	96
5586	98
5587	118
5588	88
5589	113
5590	113
5591	118
5592	109
5593	91
5594	91
5595	92
5596	104
5597	103
5598	115
5599	97
5600	93
5601	99
5602	102
5603	92
5604	78
5605	108
5606	105
5607	104
5608	118
5609	96
5610	118
5611	105
5612	98
5613	112
5614	109
5615	125
5616	111
5617	111
5618	114
5619	98
5620	105
5621	110
5622	115
5623	107
5624	102
5625	110
5626	96
5627	125
5628	88
5629	116
5630	121
5631	108
5632	101
5633	86
5634	94
5635	117
5636	109
5637	105
5638	127
5639	111
5640	109
5641	119
5642	107
5643	125
5644	116
5645	104
5646	115
5647	113
5648	89
5649	110
5650	114
5651	91
5652	112
5653	118
5654	95
5655	108
5656	118
5657	109
5658	103
5659	117
5660	109
5661	125
5662	122
5663	126
5664	123
5665	128
5666	121
5667	122
5668	130
5669	116
5670	91
5671	110
5672	141
5673	133
5674	99
5675	109
5676	127
5677	138
5678	111
5679	116
5680	124
5681	130
5682	116
5683	115
5684	122
5685	129
5686	107
5687	115
5688	108
5689	125
5690	119
5691	111
5692	114
5693	131
5694	114
5695	118
5696	134
5697	117
5698	102
5699	133
5700	115
5701	110
5702	123
5703	133
5704	110
5705	108
5706	140
5707	139
5708	117
5709	114
5710	139
5711	135
5712	146
5713	127
5714	127
5715	131
5716	132
5717	127
5718	120
5719	133
5720	134
5721	128
5722	106
5723	133
5724	126
5725	140
5726	125
5727	114
5728	127
5729	128
5730	155
5731	146
5732	153
5733	140
5734	116
5735	138
5736	110
5737	148
5738	151
5739	137
5740	137
5741	129
5742	142
5743	114
5744	115
5745	145
5746	161
5747	113
5748	160
5749	126
5750	130
5751	124
5752	152
5753	147
5754	149
5755	157
5756	140
5757	138
5758	149
5759	145
5760	144
5761	137
5762	152
5763	157
5764	131
5765	148
5766	131
5767	169
5768	149
5769	130
5770	140
5771	135
5772	136
5773	161
5774	153
5775	167
5776	158
5777	157
5778	139
5779	145
5780	138
5781	140
5782	127
5783	155
5784	154
5785	122
5786	145
5787	166
5788	158
5789	154
5790	154
5791	156
5792	148
5793	172
5794	152
5795	168
5796	150
5797	151
5798	167
5799	169
5800	149
5801	157
5802	183
5803	167
5804	167
5805	143
5806	160
5807	147
5808	151
5809	150
5810	163
5811	134
5812	180
5813	162
5814	159
5815	147
5816	180
5817	163
5818	166
5819	145
5820	174
5821	181
5822	153
5823	170
5824	149
5825	162
5826	160
5827	173
5828	165
5829	165
5830	154
5831	168
5832	189
5833	165
5834	176
5835	178
5836	158
5837	161
5838	170
5839	168
5840	142
5841	161
5842	175
5843	153
5844	172
5845	164
5846	166
5847	166
5848	177
5849	162
5850	153
5851	173
5852	177
5853	162
5854	162
5855	193
5856	188
5857	169
5858	173
5859	145
5860	173
5861	192
5862	177
5863	128
5864	192
5865	162
5866	180
5867	192
5868	179
5869	186
5870	183
5871	176
5872	164
5873	186
5874	176
5875	180
5876	194
5877	189
5878	170
5879	200
5880	184
5881	169
5882	189
5883	172
5884	195
5885	163
5886	199
5887	183
5888	174
5889	189
5890	183
5891	202
5892	188
5893	174
5894	181
5895	181
5896	205
5897	195
5898	192
5899	167
5900	174
5901	183
5902	175
5903	195
5904	191
5905	192
5906	167
5907	191
5908	186
5909	207
5910	183
5911	216
5912	187
5913	190
5914	188
5915	188
5916	215
5917	190
5918	192
5919	206
5920	180
5921	209
5922	183
5923	211
5924	201
5925	207
5926	223
5927	200
5928	196
5929	206
5930	198
5931	196
5932	196
5933	221
5934	194
5935	200
5936	213
5937	205
5938	181
5939	204
5940	219
5941	207
5942	204
5943	223
5944	225
5945	223
5946	191
5947	183
5948	213
5949	207
5950	201
5951	209
5952	223
5953	192
5954	219
5955	198
5956	195
5957	222
5958	196
5959	209
5960	234
5961	244
5962	228
5963	214
5964	209
5965	224
5966	212
5967	222
5968	204
5969	221
5970	201
5971	209
5972	229
5973	224
5974	199
5975	210
5976	229
5977	219
5978	234
5979	220
5980	221
5981	203
5982	223
5983	223
5984	234
5985	229
5986	222
5987	216
5988	243
5989	242
5990	214
5991	251
5992	214
5993	235
5994	218
5995	229
5996	230
5997	238
5998	220
5999	225
6000	225
6001	226
6002	229
6003	230
6004	216
6005	246
6006	232
6007	224
6008	220
6009	230
6010	219
6011	241
6012	255
6013	244
6014	217
6015	218
6016	228
6017	219
6018	210
6019	248
6020	215
6021	250
6022	241
6023	246
6024	225
6025	246
6026	263
6027	237
6028	238
6029	216
6030	218
6031	240
6032	236
6033	225
6034	232
6035	223
6036	246
6037	221
6038	238
6039	218
6040	247
6041	243
6042	228
6043	265
6044	237
6045	223
6046	234
6047	249
6048	234
6049	230
6050	227
6051	215
6052	211
6053	247
6054	226
6055	237
6056	222
6057	229
6058	250
6059	230
6060	232
6061	239
6062	260
6063	259
6064	233
6065	216
6066	245
6067	249
6068	252
6069	227
6070	275
6071	228
6072	236
6073	226
6074	242
6075	265
6076	239
6077	238
6078	238
6079	247
6080	253
6081	226
6082	243
6083	236
6084	227
6085	264
6086	238
6087	222
6088	214
6089	237
6090	219
6091	223
6092	246
6093	245
6094	234
6095	256
6096	255
6097	252
6098	244
6099	254
6100	243
6101	244
6102	251
6103	261
6104	252
6105	236
6106	238
6107	245
6108	218
6109	215
6110	236
6111	241
6112	240
6113	213
6114	254
6115	256
6116	275
6117	239
6118	208
6119	234
6120	239
6121	232
6122	230
6123	223
6124	245
6125	239
6126	239
6127	267
6128	270
6129	245
6130	252
6131	229
6132	246
6133	268
6134	256
6135	248
6136	227
6137	238
6138	221
6139	232
6140	232
6141	224
6142	243
6143	271
6144	234
6145	256
6146	248
6147	248
6148	241
6149	268
6150	257
6151	272
6152	276
6153	252
6154	255
6155	240
6156	234
6157	259
6158	236
6159	256
6160	222
6161	266
6162	253
6163	267
6164	239
6165	258
6166	244
6167	243
6168	262
6169	257
6170	217
6171	245
6172	236
6173	252
6174	259
6175	217
6176	236
6177	229
6178	268
6179	219
6180	217
6181	229
6182	242
6183	260
6184	259
6185	255
6186	254
6187	254
6188	244
6189	251
6190	235
6191	248
6192	236
6193	238
6194	219
6195	265
6196	269
6197	284
6198	236
6199	247
6200	256
6201	260
6202	244
6203	228
6204	229
6205	243
6206	232
6207	261
6208	251
6209	234
6210	234
6211	234
6212	244
6213	247
6214	252
6215	258
6216	238
6217	254
6218	241
6219	241
6220	228
6221	255
6222	236
6223	244
6224	233
6225	248
6226	240
6227	216
6228	243
6229	254
6230	247
6231	240
6232	257
6233	259
6234	263
6235	249
6236	232
6237	259
6238	250
6239	235
6240	244
6241	235
6242	258
6243	235
6244	262
6245	234
6246	237
6247	248
6248	267
6249	252
6250	259
6251	260
6252	226
6253	237
6254	226
6255	252
6256	266
6257	230
6258	247
6259	237
6260	226
6261	256
6262	198
6263	242
6264	211
6265	246
6266	244
6267	231
6268	247
6269	236
6270	235
6271	240
6272	224
6273	254
6274	224
6275	250
6276	259
6277	246
6278	229
6279	279
6280	267
6281	234
6282	221
6283	227
6284	198
6285	242
6286	249
6287	236
6288	241
6289	230
6290	239
6291	230
6292	228
6293	202
6294	212
6295	237
6296	208
6297	241
6298	214
6299	268
6300	230
6301	268
6302	255
6303	234
6304	209
6305	225
6306	211
6307	235
6308	214
6309	221
6310	242
6311	235
6312	252
6313	216
6314	222
6315	236
6316	202
6317	210
6318	239
6319	240
6320	240
6321	202
6322	180
6323	215
6324	236
6325	232
6326	222
6327	220
6328	229
6329	223
6330	211
6331	206
6332	222
6333	224
6334	205
6335	215
6336	231
6337	214
6338	223
6339	231
6340	222
6341	163
6342	171
6343	193
6344	219
6345	237
6346	207
6347	218
6348	223
6349	198
6350	199
6351	217
6352	185
6353	204
6354	228
6355	197
6356	232
6357	204
6358	217
6359	191
6360	202
6361	218
6362	204
6363	200
6364	186
6365	205
6366	188
6367	192
6368	194
6369	210
6370	188
6371	210
6372	207
6373	202
6374	195
6375	212
6376	179
6377	181
6378	199
6379	214
6380	200
6381	231
6382	206
6383	169
6384	212
6385	199
6386	201
6387	190
6388	186
6389	212
6390	166
6391	188
6392	211
6393	231
6394	181
6395	203
6396	201
6397	199
6398	182
6399	191
6400	189
6401	184
6402	177
6403	175
6404	194
6405	192
6406	176
6407	184
6408	202
6409	183
6410	211
6411	156
6412	188
6413	200
6414	174
6415	169
6416	171
6417	184
6418	191
6419	196
6420	184
6421	187
6422	185
6423	208
6424	194
6425	185
6426	167
6427	172
6428	215
6429	196
6430	202
6431	210
6432	194
6433	214
6434	172
6435	186
6436	186
6437	181
6438	192
6439	161
6440	192
6441	188
6442	196
6443	181
6444	212
6445	167
6446	180
6447	175
6448	193
6449	173
6450	178
6451	177
6452	176
6453	179
6454	198
6455	167
6456	184
6457	171
6458	175
6459	185
6460	183
6461	178
6462	170
6463	183
6464	154
6465	173
6466	153
6467	165
6468	182
6469	152
6470	180
6471	165
6472	183
6473	178
6474	161
6475	157
6476	156
6477	165
6478	173
6479	181
6480	167
6481	167
6482	175
6483	167
6484	158
6485	172
6486	139
6487	157
6488	186
6489	162
6490	155
6491	156
6492	141
6493	182
6494	153
6495	158
6496	176
6497	174
6498	137
6499	136
6500	152
6501	155
6502	194
6503	146
6504	158
6505	169
6506	182
6507	137
6508	154
6509	161
6510	153
6511	151
6512	165
6513	144
6514	141
6515	179
6516	160
6517	148
6518	142
6519	166
6520	170
6521	167
6522	143
6523	150
6524	136
6525	145
6526	153
6527	154
6528	156
6529	149
6530	153
6531	174
6532	139
6533	153
6534	149
6535	144
6536	159
6537	180
6538	155
6539	149
6540	153
6541	147
6542	152
6543	138
6544	147
6545	144
6546	147
6547	127
6548	131
6549	116
6550	165
6551	137
6552	132
6553	141
6554	140
6555	152
6556	166
6557	138
6558	160
6559	141
6560	143
6561	132
6562	122
6563	140
6564	144
6565	119
6566	137
6567	128
6568	134
6569	158
6570	125
6571	130
6572	145
6573	145
6574	110
6575	135
6576	134
6577	112
6578	119
6579	115
6580	124
6581	109
6582	118
6583	121
6584	136
6585	124
6586	129
6587	142
6588	116
6589	97
6590	131
6591	120
6592	131
6593	106
6594	118
6595	140
6596	136
6597	117
6598	134
6599	139
6600	119
6601	116
6602	104
6603	127
6604	105
6605	140
6606	141
6607	126
6608	123
6609	134
6610	138
6611	117
6612	127
6613	114
6614	121
6615	129
6616	116
6617	101
6618	123
6619	129
6620	128
6621	119
6622	121
6623	110
6624	104
6625	127
6626	114
6627	109
6628	113
6629	93
6630	122
6631	120
6632	95
6633	131
6634	113
6635	101
6636	110
6637	119
6638	112
6639	126
6640	117
6641	118
6642	118
6643	110
6644	119
6645	119
6646	102
6647	112
6648	92
6649	99
6650	103
6651	94
6652	110
6653	115
6654	110
6655	107
6656	106
6657	102
6658	114
6659	108
6660	116
6661	117
6662	119
6663	116
6664	79
6665	107
6666	100
6667	94
6668	103
6669	114
6670	96
6671	99
6672	107
6673	106
6674	84
6675	105
6676	115
6677	112
6678	101
6679	93
6680	102
6681	107
6682	117
6683	97
6684	107
6685	112
6686	115
6687	113
6688	97
6689	117
6690	91
6691	97
6692	92
6693	114
6694	96
6695	102
6696	79
6697	107
6698	111
6699	105
6700	114
6701	108
6702	103
6703	94
6704	99
6705	80
6706	90
6707	95
6708	75
6709	104
6710	104
6711	111
6712	94
6713	85
6714	69
6715	104
6716	96
6717	93
6718	92
6719	109
6720	93
6721	77
6722	87
6723	89
6724	99
6725	92
6726	101
6727	86
6728	87
6729	81
6730	106
6731	100
6732	95
6733	105
6734	95
6735	90
6736	81
6737	86
6738	97
6739	89
6740	94
6741	91
6742	86
6743	86
6744	96
6745	80
6746	86
6747	91
6748	80
6749	90
6750	80
6751	101
6752	70
6753	85
6754	75
6755	81
6756	87
6757	88
6758	83
6759	78
6760	87
6761	99
6762	82
6763	77
6764	78
6765	73
6766	74
6767	84
6768	69
6769	89
6770	90
6771	89
6772	69
6773	88
6774	81
6775	76
6776	72
6777	76
6778	82
6779	85
6780	72
6781	83
6782	66
6783	68
6784	72
6785	77
6786	59
6787	73
6788	77
6789	76
6790	77
6791	78
6792	83
6793	63
6794	71
6795	79
6796	90
6797	63
6798	65
6799	65
6800	67
6801	69
6802	68
6803	88
6804	59
6805	51
6806	79
6807	56
6808	68
6809	70
6810	64
6811	81
6812	73
6813	80
6814	79
6815	61
6816	73
6817	85
6818	57
6819	86
6820	61
6821	59
6822	68
6823	67
6824	77
6825	52
6826	86
6827	53
6828	59
6829	71
6830	65
6831	67
6832	77
6833	69
6834	57
6835	63
6836	56
6837	57
6838	53
6839	57
6840	59
6841	47
6842	63
6843	65
6844	57
6845	56
6846	64
6847	76
6848	62
6849	59
6850	39
6851	67
6852	73
6853	54
6854	50
6855	62
6856	62
6857	65
6858	40
6859	56
6860	54
6861	50
6862	53
6863	48
6864	60
6865	71
6866	52
6867	37
6868	54
6869	53
6870	57
6871	52
6872	39
6873	52
6874	42
6875	55
6876	39
6877	49
6878	51
6879	49
6880	55
6881	41
6882	62
6883	51
6884	61
6885	46
6886	48
6887	54
6888	54
6889	54
6890	44
6891	46
6892	53
6893	50
6894	40
6895	40
6896	42
6897	55
6898	42
6899	42
6900	41
6901	46
6902	44
6903	49
6904	39
6905	54
6906	61
6907	38
6908	45
6909	56
6910	38
6911	45
6912	52
6913	39
6914	51
6915	36
6916	34
6917	44
6918	54
6919	45
6920	35
6921	46
6922	46
6923	56
6924	40
6925	48
6926	49
6927	40
6928	39
6929	33
6930	33
6931	35
6932	33
6933	36
6934	40
6935	27
6936	31
6937	31
6938	33
6939	40
6940	34
6941	35
6942	32
6943	34
6944	35
6945	32
6946	36
6947	34
6948	33
6949	34
6950	31
6951	33
6952	34
6953	41
6954	36
6955	28
6956	45
6957	21
6958	43
6959	37
6960	25
6961	28
6962	32
6963	29
6964	30
6965	34
6966	36
6967	39
6968	31
6969	30
6970	27
6971	37
6972	25
6973	34
6974	32
6975	22
6976	32
6977	34
6978	35
6979	24
6980	30
6981	33
6982	25
6983	23
6984	27
6985	23
6986	27
6987	26
6988	17
6989	22
6990	37
6991	25
6992	19
6993	19
6994	26
6995	33
6996	20
6997	21
6998	30
6999	11
7000	25
7001	18
7002	15
7003	20
7004	24
7005	32
7006	25
7007	19
7008	21
7009	19
7010	24
7011	22
7012	29
7013	20
7014	17
7015	18
7016	21
7017	17
7018	25
7019	21
7020	21
7021	32
7022	20
7023	28
7024	18
7025	28
7026	17
7027	26
7028	12
7029	18
7030	26
7031	12
7032	19
7033	14
7034	15
7035	21
7036	14
7037	17
7038	16
7039	23
7040	18
7041	20
7042	17
7043	11
7044	20
7045	15
7046	16
7047	16
7048	16
7049	7
7050	10
7051	17
7052	15
7053	19
7054	16
7055	19
7056	16
7057	22
7058	11
7059	10
7060	11
7061	18
7062	12
7063	19
7064	19
7065	5
7066	14
7067	10
7068	13
7069	16
7070	13
7071	11
7072	14
7073	9
7074	17
7075	9
7076	9
7077	12
7078	10
7079	7
7080	20
7081	17
7082	9
7083	16
7084	5
7085	14
7086	10
7087	9
7088	14
7089	14
7090	22
7091	11
7092	9
7093	7
7094	17
7095	8
7096	16
7097	8
7098	13
7099	15
7100	15
7101	11
7102	11
7103	6
7104	7
7105	8
7106	13
7107	5
7108	2
7109	17
7110	11
7111	4
7112	8
7113	10
7114	10
7115	12
7116	11
7117	9
7118	10
7119	6
7120	5
7121	9
7122	12
7123	8
7124	11
7125	13
7126	6
7127	5
7128	6
7129	7
7130	10
7131	6
7132	9
7133	5
7134	5
7135	5
7136	3
7137	7
7138	4
7139	8
7140	8
7141	8
7142	5
7143	7
7144	5
7145	9
7146	6
7147	6
7148	9
7149	5
7150	5
7151	9
7152	6
7153	9
7154	6
7155	5
7156	8
7157	6
7158	2
7159	8
7160	3
7161	4
7162	2
7163	4
7164	2
7165	8
7166	5
7167	6
7168	3
7169	1
7170	6
7171	8
7172	6
7173	6
7174	4
7175	4
7176	8
7177	3
7178	10
7179	4
7180	4
7181	5
7182	4
7183	7
7184	8
7185	6
7186	2
7187	4
7188	4
7189	6
7190	2
7191	2
7192	4
7193	7
7194	3
7195	2
7196	5
7197	5
7198	6
7199	3
7200	4
7201	5
7202	1
7203	1
7204	0
7205	4
7206	5
7207	4
7208	6
7209	3
7210	7
7211	5
7212	2
7213	5
7214	3
7215	3
7216	5
7217	4
7218	7
7219	4
7220	2
7221	8
7222	3
7223	4
7224	5
7225	3
7226	4
7227	2
7228	1
7229	4
7230	2
7231	5
7232	2
7233	6
7234	0
7235	0
7236	4
7237	3
7238	5
7239	4
7240	3
7241	2
7242	6
7243	2
7244	4
7245	4
7246	3
7247	2
7248	7
7249	1
7250	4
7251	4
7252	2
7253	5
7254	1
7255	2
7256	3
7257	2
7258	0
7259	4
7260	0
7261	1
7262	1
7263	2
7264	3
7265	3
7266	6
7267	1
7268	4
7269	3
7270	1
7271	3
7272	1
7273	1
7274	3
7275	0
7276	0
7277	1
7278	1
7279	1
7280	2
7281	2
7282	0
7283	3
7284	2
7285	1
7286	2
7287	3
7288	2
7289	0
7290	2
7291	0
7292	0
7293	2
7294	1
7295	1
7296	3
7297	1
7298	2
7299	2
7300	1
7301	1
7302	1
7303	4
7304	4
7305	2
7306	1
7307	1
7308	2
7309	3
7310	0
7311	0
7312	0
7313	1
7314	0
7315	0
7316	4
7317	2
7318	0
7319	1
7320	0
7321	1
7322	0
7323	0
7324	0
7325	1
7326	0
7327	1
7328	2
7329	0
7330	0
7331	4
7332	1
7333	2
7334	2
7335	1
7336	0
7337	3
7338	0
7339	0
7340	2
7341	2
7342	0
7343	0
7344	1
7345	1
7346	2
7347	2
7348	0
7349	2
7350	3
7351	2
7352	0
7353	2
7354	0
7355	2
7356	1
7357	0
7358	1
7359	0
7360	0
7361	2
7362	1
7363	3
7364	0
7365	1
7366	6
7367	3
7368	0
7369	1
7370	1
7371	1
7372	1
7373	3
7374	4
7375	0
7376	1
7377	1
7378	0
7379	1
7380	0
7381	0
7382	0
7383	0
7384	2
7385	2
7386	1
7387	0
7388	2
7389	2
7390	1
7391	1
7392	5
7393	4
7394	0
7395	1
7396	0
7397	0
7398	1
7399	1
7400	2
7401	3
7402	0
7403	0
7404	0
7405	1
7406	0
7407	1
7408	0
7409	1
7410	1
7411	0
7412	0
7413	1
7414	0
7415	0
7416	1
7417	1
7418	0
7419	1
7420	1
7421	3
7422	2
7423	2
7424	1
7425	0
7426	2
7427	2
7428	3
7429	1
7430	1
7431	2
7432	1
7433	0
7434	2
7435	1
7436	0
7437	4
7438	1
7439	0
7440	0
7441	5
7442	1
7443	1
7444	1
7445	0
7446	0
7447	1
7448	2
7449	0
7450	2
7451	0
7452	1
7453	1
7454	2
7455	0
7456	3
7457	1
7458	3
7459	1
7460	1
7461	1
7462	1
7463	1
7464	0
7465	2
7466	1
7467	2
7468	0
7469	0
7470	0
7471	2
7472	0
7473	3
7474	0
7475	1
7476	3
7477	3
7478	2
7479	0
7480	0
7481	0
7482	1
7483	1
7484	3
7485	2
7486	1
7487	1
7488	2
7489	0
7490	1
7491	0
7492	1
7493	1
7494	1
7495	2
7496	2
7497	3
7498	2
7499	0
7500	0
7501	1
7502	2
7503	2
7504	0
7505	2
7506	2
7507	1
7508	1
7509	0
7510	1
7511	0
7512	1
7513	2
7514	1
7515	1
7516	0
7517	0
7518	2
7519	4
7520	0
7521	0
7522	0
7523	1
7524	0
7525	1
7526	0
7527	1
7528	1
7529	2
7530	1
7531	1
7532	2
7533	1
7534	1
7535	1
7536	1
7537	0
7538	1
7539	0
7540	5
7541	2
7542	0
7543	1
7544	1
7545	0
7546	3
7547	0
7548	1
7549	0
7550	3
7551	0
7552	0
7553	0
7554	0
7555	0
7556	1
7557	1
7558	0
7559	1
7560	1
7561	1
7562	0
7563	2
7564	1
7565	2
7566	0
7567	1
7568	0
7569	1
7570	1
7571	0
7572	0
7573	2
7574	2
7575	0
7576	2
7577	1
7578	1
7579	1
7580	1
7581	2
7582	1
7583	6
7584	0
7585	0
7586	1
7587	0
7588	1
7589	1
7590	0
7591	2
7592	1
7593	0
7594	0
7595	3
7596	2
7597	2
7598	1
7599	1
7600	0
7601	2
7602	2
7603	1
7604	2
7605	1
7606	0
7607	0
7608	0
7609	0
7610	2
7611	2
7612	2
7613	4
7614	1
7615	0
7616	1
7617	1
7618	0
7619	1
7620	1
7621	0
7622	2
7623	2
7624	1
7625	0
7626	3
7627	2
7628	2
7629	1
7630	0
7631	1
7632	1
7633	0
7634	2
7635	1
7636	0
7637	2
7638	0
7639	3
7640	1
7641	1
7642	1
7643	0
7644	0
7645	1
7646	2
7647	1
7648	0
7649	0
7650	1
7651	1
7652	1
7653	2
7654	0
7655	1
7656	0
7657	1
7658	2
7659	2
7660	0
7661	1
7662	1
7663	1
7664	1
7665	2
7666	1
7667	2
7668	1
7669	1
7670	0
7671	3
7672	1
7673	0
7674	0
7675	0
7676	2
7677	1
7678	0
7679	1
7680	0
7681	0
7682	1
7683	0
7684	2
7685	0
7686	0
7687	2
7688	2
7689	0
7690	0
7691	0
7692	1
7693	1
7694	0
7695	2
7696	1
7697	0
7698	1
7699	0
7700	1
7701	1
7702	1
7703	2
7704	0
7705	1
7706	0
7707	0
7708	1
7709	0
7710	1
7711	3
7712	2
7713	2
7714	0
7715	1
7716	0
7717	1
7718	3
7719	1
7720	0
7721	0
7722	0
7723	1
7724	4
7725	1
7726	1
7727	1
7728	0
7729	0
7730	0
7731	0
7732	1
7733	1
7734	1
7735	0
7736	3
7737	0
7738	1
7739	1
7740	0
7741	1
7742	1
7743	0
7744	1
7745	0
7746	1
7747	1
7748	1
7749	0
7750	0
7751	1
7752	2
7753	1
7754	0
7755	0
7756	0
7757	0
7758	1
7759	0
7760	0
7761	0
7762	1
7763	1
7764	1
7765	1
7766	0
7767	1
7768	0
7769	1
7770	2
7771	3
7772	3
7773	1
7774	0
7775	1
7776	1
7777	1
7778	0
7779	1
7780	1
7781	1
7782	1
7783	0
7784	1
7785	1
7786	0
7787	0
7788	1
7789	1
7790	0
7791	1
7792	2
7793	0
7794	2
7795	2
7796	1
7797	0
7798	1
7799	1
7800	0
7801	1
7802	1
7803	2
7804	0
7805	0
7806	1
7807	2
7808	0
7809	0
7810	0
7811	0
7812	2
7813	1
7814	0
7815	1
7816	1
7817	1
7818	3
7819	0
7820	1
7821	0
7822	0
7823	1
7824	0
7825	0
7826	1
7827	1
7828	0
7829	1
7830	1
7831	2
7832	1
7833	0
7834	0
7835	0
7836	1
7837	1
7838	0
7839	1
7840	1
7841	0
7842	0
7843	1
7844	1
7845	0
7846	2
7847	0
7848	0
7849	1
7850	2
7851	2
7852	0
7853	2
7854	0
7855	0
7856	0
7857	2
7858	0
7859	2
7860	1
7861	2
7862	0
7863	0
7864	1
7865	2
7866	0
7867	3
7868	0
7869	0
7870	1
7871	1
7872	0
7873	1
7874	4
7875	0
7876	1
7877	1
7878	0
7879	2
7880	1
7881	2
7882	1
7883	0
7884	0
7885	0
7886	1
7887	1
7888	1
7889	3
7890	2
7891	1
7892	1
7893	1
7894	2
7895	0
7896	1
7897	2
7898	0
7899	1
7900	3
7901	0
7902	3
7903	2
7904	1
7905	1
7906	2
7907	1
7908	1
7909	1
7910	0
7911	0
7912	0
7913	0
7914	0
7915	2
7916	1
7917	3
7918	3
7919	2
7920	2
7921	0
7922	0
7923	0
7924	0
7925	1
7926	2
7927	1
7928	0
7929	1
7930	0
7931	1
7932	2
7933	1
7934	1
7935	2
7936	1
7937	0
7938	1
7939	0
7940	1
7941	2
7942	1
7943	0
7944	0
7945	2
7946	0
7947	3
7948	1
7949	0
7950	2
7951	1
7952	0
7953	0
7954	2
7955	2
7956	0
7957	2
7958	0
7959	1
7960	1
7961	0
7962	1
7963	0
7964	1
7965	0
7966	0
7967	0
7968	2
7969	3
7970	0
7971	1
7972	0
7973	1
7974	1
7975	1
7976	0
7977	1
7978	0
7979	1
7980	1
7981	2
7982	3
7983	2
7984	1
7985	0
7986	0
7987	0
7988	0
7989	0
7990	1
7991	1
7992	3
7993	1
7994	3
7995	1
7996	0
7997	4
7998	0
7999	1
8000	0
8001	0
8002	0
8003	1
8004	0
8005	0
8006	1
8007	0
8008	2
8009	0
8010	0
8011	1
8012	1
8013	2
8014	0
8015	1
8016	1
8017	0
8018	2
8019	1
8020	1
8021	1
8022	0
8023	0
8024	1
8025	1
8026	0
8027	0
8028	3
8029	0
8030	0
8031	4
8032	2
8033	2
8034	1
8035	1
8036	2
8037	0
8038	1
8039	1
8040	0
8041	1
8042	1
8043	1
8044	1
8045	1
8046	5
8047	0
8048	1
8049	1
8050	1
8051	3
8052	2
8053	1
8054	0
8055	1
8056	0
8057	2
8058	2
8059	1
8060	2
8061	3
8062	1
8063	2
8064	0
8065	0
8066	1
8067	0
8068	2
8069	0
8070	2
8071	0
8072	1
8073	2
8074	1
8075	2
8076	0
8077	1
8078	2
8079	2
8080	2
8081	3
8082	2
8083	0
8084	0
8085	0
8086	1
8087	3
8088	2
8089	1
8090	3
8091	0
8092	0
8093	1
8094	0
8095	0
8096	4
8097	0
8098	2
8099	1
8100	0
8101	0
8102	1
8103	0
8104	0
8105	0
8106	0
8107	0
8108	0
8109	0
8110	0
8111	0
8112	0
8113	1
8114	0
8115	0
8116	0
8117	0
8118	0
8119	0
8120	0
8121	0
8122	0
8123	0
8124	0
8125	0
8126	0
8127	0
8128	0
8129	0
8130	0
8131	0
8132	0
8133	0
8134	0
8135	0
8136	0
8137	0
8138	0
8139	0
8140	0
8141	0
8142	0
8143	0
8144	0
8145	0
8146	0
8147	0
8148	0
8149	0
8150	0
8151	0
8152	0
8153	0
8154	0
8155	0
8156	0
8157	0
8158	0
8159	0
8160	0
8161	0
8162	0
8163	0
8164	0
8165	0
8166	0
8167	0
8168	0
8169	0
8170	0
8171	0
8172	0
8173	0
8174	0
8175	0
8176	0
8177	0
8178	0
8179	0
8180	0
8181	0
8182	0
8183	0
8184	0
8185	0
8186	0
8187	0
8188	0
8189	0
8190	0
8191	0
