0	0
1	0
2	0
3	0
4	0
5	0
6	0
7	0
8	0
9	0
10	0
11	0
12	0
13	0
14	0
15	0
16	0
17	0
18	0
19	0
20	0
21	0
22	0
23	0
24	0
25	0
26	0
27	0
28	0
29	0
30	0
31	0
32	0
33	0
34	0
35	0
36	0
37	0
38	0
39	0
40	0
41	0
42	0
43	0
44	0
45	0
46	0
47	0
48	0
49	0
50	0
51	0
52	0
53	0
54	0
55	0
56	0
57	0
58	0
59	0
60	0
61	0
62	0
63	0
64	0
65	0
66	0
67	0
68	0
69	0
70	0
71	0
72	0
73	0
74	0
75	0
76	0
77	0
78	0
79	0
80	0
81	0
82	0
83	0
84	0
85	0
86	0
87	0
88	0
89	0
90	0
91	0
92	0
93	0
94	0
95	0
96	0
97	0
98	0
99	0
100	0
101	0
102	0
103	0
104	0
105	0
106	0
107	0
108	0
109	0
110	0
111	0
112	0
113	0
114	0
115	0
116	0
117	0
118	0
119	0
120	0
121	0
122	0
123	0
124	0
125	0
126	0
127	0
128	0
129	0
130	0
131	0
132	0
133	0
134	0
135	0
136	0
137	0
138	0
139	0
140	0
141	0
142	0
143	0
144	0
145	0
146	0
147	0
148	0
149	0
150	0
151	0
152	0
153	0
154	0
155	0
156	0
157	0
158	0
159	0
160	0
161	0
162	0
163	0
164	0
165	0
166	0
167	0
168	0
169	0
170	0
171	0
172	0
173	0
174	0
175	0
176	0
177	0
178	1
179	2
180	5
181	9
182	28
183	32
184	46
185	35
186	34
187	40
188	34
189	47
190	39
191	46
192	31
193	34
194	23
195	39
196	24
197	20
198	36
199	33
200	15
201	29
202	27
203	28
204	35
205	17
206	32
207	25
208	23
209	30
210	41
211	16
212	21
213	35
214	25
215	36
216	29
217	31
218	32
219	32
220	27
221	27
222	26
223	30
224	32
225	31
226	28
227	25
228	30
229	24
230	29
231	34
232	39
233	42
234	32
235	33
236	28
237	24
238	31
239	33
240	26
241	32
242	25
243	16
244	30
245	22
246	26
247	23
248	27
249	25
250	28
251	31
252	22
253	29
254	23
255	30
256	30
257	25
258	38
259	25
260	34
261	19
262	17
263	24
264	17
265	28
266	28
267	24
268	37
269	22
270	19
271	26
272	25
273	29
274	30
275	25
276	25
277	30
278	34
279	37
280	34
281	24
282	28
283	29
284	17
285	29
286	22
287	33
288	28
289	39
290	24
291	25
292	31
293	32
294	29
295	24
296	30
297	29
298	40
299	25
300	19
301	24
302	22
303	34
304	28
305	32
306	32
307	24
308	21
309	35
310	31
311	27
312	29
313	27
314	30
315	30
316	36
317	15
318	24
319	26
320	22
321	24
322	26
323	32
324	16
325	33
326	30
327	31
328	27
329	26
330	26
331	30
332	37
333	25
334	26
335	32
336	30
337	20
338	28
339	35
340	33
341	29
342	24
343	29
344	36
345	30
346	33
347	34
348	23
349	23
350	39
351	28
352	24
353	37
354	23
355	32
356	31
357	29
358	22
359	34
360	33
361	25
362	34
363	33
364	16
365	35
366	38
367	33
368	28
369	33
370	23
371	28
372	37
373	21
374	41
375	17
376	29
377	26
378	22
379	34
380	27
381	39
382	29
383	27
384	29
385	31
386	30
387	37
388	27
389	28
390	34
391	28
392	33
393	41
394	30
395	21
396	34
397	38
398	38
399	26
400	30
401	33
402	26
403	18
404	35
405	27
406	25
407	36
408	35
409	22
410	32
411	24
412	37
413	30
414	32
415	30
416	35
417	28
418	31
419	38
420	36
421	37
422	28
423	31
424	29
425	35
426	20
427	34
428	27
429	31
430	26
431	35
432	25
433	36
434	40
435	24
436	27
437	24
438	30
439	32
440	32
441	28
442	38
443	21
444	42
445	31
446	30
447	29
448	30
449	31
450	38
451	25
452	25
453	25
454	31
455	31
456	26
457	41
458	31
459	32
460	27
461	28
462	27
463	26
464	34
465	29
466	32
467	42
468	28
469	22
470	36
471	29
472	30
473	35
474	37
475	28
476	40
477	29
478	23
479	31
480	34
481	29
482	27
483	39
484	38
485	30
486	35
487	25
488	30
489	44
490	34
491	35
492	44
493	44
494	33
495	28
496	37
497	42
498	33
499	30
500	35
501	40
502	26
503	25
504	37
505	27
506	50
507	35
508	33
509	27
510	29
511	34
512	33
513	47
514	27
515	36
516	39
517	21
518	19
519	37
520	34
521	34
522	45
523	26
524	40
525	31
526	35
527	33
528	33
529	25
530	30
531	31
532	33
533	34
534	34
535	24
536	27
537	31
538	29
539	37
540	28
541	32
542	34
543	36
544	25
545	36
546	40
547	28
548	34
549	27
550	34
551	27
552	32
553	41
554	29
555	34
556	30
557	35
558	27
559	35
560	29
561	21
562	24
563	32
564	36
565	27
566	31
567	26
568	39
569	34
570	37
571	37
572	35
573	34
574	37
575	28
576	37
577	23
578	21
579	39
580	39
581	25
582	33
583	21
584	37
585	33
586	36
587	27
588	32
589	35
590	33
591	39
592	24
593	26
594	26
595	32
596	39
597	23
598	29
599	32
600	33
601	35
602	33
603	37
604	25
605	31
606	24
607	33
608	26
609	37
610	28
611	26
612	35
613	36
614	35
615	22
616	33
617	23
618	32
619	29
620	37
621	42
622	37
623	29
624	38
625	37
626	32
627	30
628	29
629	39
630	22
631	30
632	31
633	22
634	30
635	31
636	36
637	28
638	29
639	32
640	30
641	34
642	30
643	29
644	36
645	34
646	38
647	34
648	30
649	26
650	26
651	36
652	39
653	29
654	36
655	41
656	28
657	32
658	35
659	31
660	37
661	32
662	43
663	49
664	36
665	28
666	36
667	23
668	34
669	31
670	29
671	31
672	28
673	32
674	25
675	38
676	41
677	33
678	30
679	29
680	43
681	41
682	43
683	44
684	31
685	32
686	34
687	35
688	34
689	26
690	32
691	27
692	29
693	32
694	27
695	27
696	42
697	35
698	37
699	44
700	37
701	35
702	45
703	31
704	35
705	38
706	36
707	33
708	36
709	34
710	43
711	33
712	26
713	37
714	42
715	35
716	30
717	37
718	40
719	36
720	28
721	32
722	31
723	33
724	40
725	52
726	26
727	49
728	43
729	38
730	32
731	43
732	39
733	33
734	39
735	38
736	39
737	32
738	25
739	35
740	45
741	42
742	48
743	41
744	35
745	28
746	52
747	28
748	40
749	53
750	36
751	30
752	45
753	36
754	34
755	41
756	32
757	35
758	46
759	42
760	36
761	51
762	43
763	37
764	36
765	39
766	45
767	32
768	38
769	47
770	48
771	36
772	41
773	46
774	45
775	36
776	48
777	57
778	39
779	41
780	35
781	45
782	46
783	50
784	51
785	42
786	46
787	39
788	50
789	43
790	48
791	48
792	55
793	50
794	47
795	46
796	60
797	49
798	50
799	52
800	49
801	52
802	55
803	35
804	56
805	53
806	48
807	43
808	53
809	47
810	48
811	47
812	63
813	45
814	52
815	44
816	56
817	66
818	59
819	66
820	57
821	52
822	52
823	66
824	53
825	73
826	65
827	68
828	62
829	59
830	68
831	69
832	80
833	69
834	70
835	60
836	71
837	71
838	63
839	64
840	76
841	64
842	68
843	67
844	68
845	74
846	70
847	69
848	76
849	73
850	70
851	70
852	66
853	63
854	61
855	64
856	57
857	93
858	75
859	55
860	56
861	75
862	84
863	76
864	78
865	57
866	78
867	68
868	85
869	82
870	48
871	66
872	67
873	65
874	70
875	68
876	74
877	72
878	61
879	69
880	78
881	61
882	76
883	68
884	82
885	59
886	79
887	80
888	65
889	61
890	57
891	56
892	62
893	60
894	70
895	65
896	60
897	70
898	62
899	62
900	63
901	59
902	58
903	49
904	58
905	64
906	59
907	55
908	53
909	59
910	48
911	52
912	55
913	66
914	55
915	48
916	50
917	48
918	67
919	56
920	56
921	58
922	56
923	45
924	50
925	48
926	45
927	42
928	60
929	48
930	58
931	43
932	61
933	41
934	49
935	48
936	45
937	43
938	45
939	50
940	57
941	44
942	54
943	47
944	43
945	47
946	44
947	50
948	55
949	42
950	46
951	44
952	38
953	38
954	60
955	50
956	60
957	73
958	41
959	43
960	49
961	65
962	42
963	39
964	53
965	46
966	67
967	58
968	53
969	50
970	37
971	49
972	53
973	46
974	39
975	41
976	45
977	52
978	48
979	51
980	55
981	51
982	52
983	45
984	51
985	50
986	37
987	46
988	47
989	58
990	43
991	48
992	44
993	45
994	44
995	63
996	41
997	42
998	53
999	44
1000	42
1001	48
1002	44
1003	39
1004	56
1005	39
1006	37
1007	40
1008	46
1009	52
1010	48
1011	40
1012	59
1013	41
1014	46
1015	43
1016	45
1017	44
1018	53
1019	48
1020	34
1021	51
1022	51
1023	28
1024	50
1025	37
1026	38
1027	41
1028	45
1029	45
1030	43
1031	35
1032	49
1033	51
1034	35
1035	42
1036	48
1037	48
1038	32
1039	58
1040	38
1041	36
1042	35
1043	37
1044	46
1045	35
1046	41
1047	36
1048	47
1049	46
1050	38
1051	38
1052	33
1053	42
1054	50
1055	39
1056	46
1057	36
1058	28
1059	32
1060	40
1061	33
1062	34
1063	33
1064	36
1065	41
1066	33
1067	45
1068	35
1069	43
1070	37
1071	38
1072	43
1073	29
1074	35
1075	29
1076	38
1077	40
1078	34
1079	31
1080	46
1081	33
1082	37
1083	31
1084	41
1085	29
1086	38
1087	45
1088	33
1089	38
1090	35
1091	37
1092	29
1093	35
1094	32
1095	40
1096	35
1097	38
1098	46
1099	43
1100	29
1101	33
1102	37
1103	42
1104	34
1105	36
1106	41
1107	37
1108	31
1109	31
1110	41
1111	39
1112	40
1113	40
1114	35
1115	43
1116	42
1117	32
1118	34
1119	37
1120	33
1121	34
1122	39
1123	45
1124	43
1125	50
1126	44
1127	31
1128	42
1129	34
1130	43
1131	28
1132	37
1133	41
1134	46
1135	43
1136	43
1137	30
1138	51
1139	40
1140	42
1141	45
1142	34
1143	41
1144	47
1145	41
1146	41
1147	39
1148	40
1149	31
1150	44
1151	38
1152	42
1153	42
1154	42
1155	33
1156	51
1157	37
1158	48
1159	44
1160	40
1161	38
1162	50
1163	34
1164	51
1165	39
1166	45
1167	48
1168	31
1169	50
1170	37
1171	45
1172	55
1173	40
1174	40
1175	28
1176	42
1177	28
1178	49
1179	41
1180	38
1181	42
1182	44
1183	43
1184	34
1185	37
1186	38
1187	44
1188	52
1189	33
1190	34
1191	35
1192	48
1193	53
1194	38
1195	33
1196	38
1197	54
1198	44
1199	36
1200	35
1201	44
1202	43
1203	33
1204	45
1205	44
1206	47
1207	43
1208	40
1209	29
1210	42
1211	33
1212	31
1213	35
1214	42
1215	38
1216	51
1217	54
1218	42
1219	40
1220	46
1221	39
1222	31
1223	43
1224	48
1225	41
1226	59
1227	44
1228	42
1229	45
1230	46
1231	43
1232	45
1233	48
1234	38
1235	47
1236	47
1237	46
1238	40
1239	38
1240	53
1241	38
1242	47
1243	55
1244	41
1245	40
1246	48
1247	49
1248	53
1249	59
1250	52
1251	42
1252	40
1253	55
1254	43
1255	54
1256	35
1257	49
1258	54
1259	50
1260	43
1261	52
1262	37
1263	46
1264	45
1265	40
1266	45
1267	39
1268	49
1269	55
1270	39
1271	53
1272	33
1273	46
1274	43
1275	54
1276	46
1277	46
1278	52
1279	40
1280	39
1281	42
1282	45
1283	39
1284	39
1285	37
1286	56
1287	55
1288	35
1289	41
1290	42
1291	40
1292	47
1293	49
1294	48
1295	51
1296	38
1297	42
1298	49
1299	47
1300	48
1301	53
1302	49
1303	40
1304	48
1305	46
1306	47
1307	44
1308	54
1309	39
1310	48
1311	54
1312	52
1313	28
1314	54
1315	42
1316	43
1317	45
1318	43
1319	57
1320	42
1321	57
1322	53
1323	45
1324	57
1325	43
1326	51
1327	45
1328	48
1329	49
1330	43
1331	42
1332	50
1333	50
1334	45
1335	54
1336	56
1337	57
1338	40
1339	56
1340	52
1341	45
1342	53
1343	41
1344	44
1345	52
1346	53
1347	46
1348	49
1349	51
1350	39
1351	41
1352	48
1353	48
1354	52
1355	54
1356	51
1357	58
1358	42
1359	48
1360	39
1361	54
1362	37
1363	56
1364	50
1365	50
1366	55
1367	55
1368	34
1369	39
1370	48
1371	54
1372	52
1373	41
1374	55
1375	58
1376	38
1377	33
1378	47
1379	58
1380	55
1381	39
1382	49
1383	56
1384	62
1385	43
1386	45
1387	53
1388	47
1389	54
1390	55
1391	58
1392	43
1393	49
1394	63
1395	38
1396	40
1397	57
1398	54
1399	65
1400	46
1401	64
1402	51
1403	57
1404	49
1405	56
1406	69
1407	55
1408	54
1409	47
1410	58
1411	53
1412	46
1413	43
1414	56
1415	56
1416	67
1417	51
1418	47
1419	57
1420	57
1421	44
1422	50
1423	53
1424	56
1425	66
1426	53
1427	50
1428	51
1429	56
1430	53
1431	41
1432	48
1433	45
1434	49
1435	55
1436	58
1437	45
1438	45
1439	55
1440	69
1441	52
1442	56
1443	62
1444	47
1445	45
1446	55
1447	49
1448	53
1449	43
1450	47
1451	53
1452	74
1453	63
1454	50
1455	49
1456	52
1457	47
1458	49
1459	56
1460	49
1461	56
1462	59
1463	59
1464	52
1465	53
1466	60
1467	67
1468	61
1469	57
1470	48
1471	54
1472	52
1473	52
1474	73
1475	45
1476	62
1477	57
1478	64
1479	61
1480	52
1481	57
1482	49
1483	48
1484	51
1485	45
1486	52
1487	62
1488	69
1489	43
1490	51
1491	50
1492	54
1493	62
1494	63
1495	60
1496	57
1497	52
1498	52
1499	57
1500	68
1501	66
1502	51
1503	55
1504	54
1505	62
1506	49
1507	41
1508	54
1509	64
1510	51
1511	48
1512	84
1513	48
1514	60
1515	62
1516	64
1517	39
1518	44
1519	40
1520	52
1521	51
1522	54
1523	47
1524	57
1525	56
1526	57
1527	62
1528	55
1529	61
1530	56
1531	46
1532	68
1533	60
1534	47
1535	51
1536	56
1537	54
1538	52
1539	68
1540	57
1541	62
1542	49
1543	51
1544	52
1545	54
1546	58
1547	59
1548	54
1549	54
1550	57
1551	49
1552	46
1553	48
1554	40
1555	40
1556	44
1557	44
1558	61
1559	56
1560	50
1561	59
1562	62
1563	79
1564	64
1565	65
1566	53
1567	46
1568	57
1569	52
1570	52
1571	64
1572	59
1573	65
1574	51
1575	74
1576	49
1577	57
1578	61
1579	63
1580	63
1581	61
1582	61
1583	56
1584	55
1585	68
1586	46
1587	58
1588	53
1589	64
1590	73
1591	55
1592	71
1593	61
1594	59
1595	61
1596	54
1597	58
1598	66
1599	56
1600	63
1601	50
1602	53
1603	62
1604	47
1605	61
1606	49
1607	64
1608	62
1609	70
1610	56
1611	55
1612	51
1613	48
1614	63
1615	57
1616	57
1617	57
1618	61
1619	57
1620	64
1621	60
1622	53
1623	64
1624	55
1625	53
1626	66
1627	53
1628	60
1629	53
1630	54
1631	53
1632	54
1633	60
1634	47
1635	63
1636	75
1637	60
1638	62
1639	62
1640	68
1641	61
1642	67
1643	55
1644	72
1645	64
1646	54
1647	68
1648	53
1649	66
1650	56
1651	60
1652	65
1653	47
1654	52
1655	50
1656	62
1657	82
1658	57
1659	63
1660	56
1661	51
1662	53
1663	55
1664	55
1665	75
1666	70
1667	49
1668	50
1669	70
1670	51
1671	62
1672	58
1673	65
1674	51
1675	56
1676	55
1677	67
1678	60
1679	69
1680	69
1681	46
1682	65
1683	56
1684	68
1685	77
1686	54
1687	58
1688	58
1689	57
1690	57
1691	73
1692	62
1693	53
1694	56
1695	71
1696	60
1697	63
1698	60
1699	63
1700	53
1701	68
1702	64
1703	65
1704	48
1705	50
1706	60
1707	73
1708	67
1709	79
1710	58
1711	57
1712	56
1713	61
1714	60
1715	63
1716	54
1717	79
1718	56
1719	71
1720	55
1721	72
1722	69
1723	58
1724	53
1725	65
1726	68
1727	51
1728	57
1729	68
1730	63
1731	57
1732	65
1733	66
1734	60
1735	53
1736	65
1737	60
1738	55
1739	75
1740	59
1741	62
1742	69
1743	51
1744	52
1745	53
1746	69
1747	67
1748	51
1749	51
1750	70
1751	56
1752	67
1753	64
1754	62
1755	54
1756	49
1757	57
1758	51
1759	64
1760	76
1761	58
1762	73
1763	63
1764	68
1765	63
1766	72
1767	70
1768	59
1769	63
1770	61
1771	58
1772	71
1773	68
1774	56
1775	52
1776	48
1777	61
1778	69
1779	64
1780	69
1781	52
1782	73
1783	58
1784	56
1785	75
1786	59
1787	69
1788	82
1789	66
1790	52
1791	70
1792	67
1793	65
1794	60
1795	60
1796	66
1797	67
1798	68
1799	58
1800	64
1801	80
1802	63
1803	63
1804	67
1805	72
1806	64
1807	64
1808	69
1809	62
1810	72
1811	80
1812	74
1813	56
1814	71
1815	67
1816	56
1817	57
1818	80
1819	71
1820	70
1821	79
1822	74
1823	70
1824	67
1825	71
1826	58
1827	79
1828	76
1829	69
1830	68
1831	79
1832	70
1833	67
1834	51
1835	68
1836	78
1837	73
1838	77
1839	70
1840	70
1841	77
1842	74
1843	63
1844	78
1845	83
1846	63
1847	67
1848	75
1849	67
1850	58
1851	62
1852	79
1853	68
1854	58
1855	64
1856	80
1857	72
1858	62
1859	81
1860	59
1861	59
1862	84
1863	68
1864	73
1865	70
1866	68
1867	66
1868	65
1869	78
1870	68
1871	82
1872	62
1873	73
1874	68
1875	72
1876	57
1877	47
1878	81
1879	59
1880	69
1881	84
1882	61
1883	55
1884	79
1885	68
1886	80
1887	57
1888	72
1889	52
1890	68
1891	70
1892	78
1893	64
1894	68
1895	61
1896	71
1897	82
1898	71
1899	73
1900	69
1901	74
1902	71
1903	70
1904	61
1905	70
1906	64
1907	62
1908	70
1909	46
1910	58
1911	83
1912	56
1913	80
1914	75
1915	64
1916	63
1917	67
1918	76
1919	83
1920	69
1921	67
1922	55
1923	72
1924	70
1925	74
1926	73
1927	74
1928	69
1929	68
1930	59
1931	67
1932	63
1933	75
1934	56
1935	74
1936	74
1937	67
1938	69
1939	77
1940	58
1941	64
1942	77
1943	79
1944	74
1945	66
1946	59
1947	70
1948	71
1949	81
1950	66
1951	67
1952	60
1953	71
1954	59
1955	80
1956	63
1957	72
1958	76
1959	68
1960	81
1961	76
1962	67
1963	67
1964	72
1965	57
1966	63
1967	65
1968	69
1969	70
1970	73
1971	64
1972	76
1973	64
1974	73
1975	53
1976	81
1977	63
1978	65
1979	72
1980	80
1981	74
1982	91
1983	86
1984	73
1985	86
1986	100
1987	65
1988	77
1989	78
1990	56
1991	62
1992	70
1993	66
1994	65
1995	66
1996	73
1997	77
1998	74
1999	74
2000	62
2001	67
2002	71
2003	65
2004	88
2005	60
2006	67
2007	74
2008	66
2009	68
2010	51
2011	75
2012	77
2013	74
2014	73
2015	61
2016	83
2017	63
2018	63
2019	89
2020	79
2021	72
2022	78
2023	72
2024	58
2025	71
2026	69
2027	74
2028	55
2029	65
2030	77
2031	56
2032	56
2033	74
2034	62
2035	58
2036	61
2037	70
2038	54
2039	56
2040	64
2041	76
2042	61
2043	70
2044	66
2045	74
2046	67
2047	91
2048	63
2049	73
2050	61
2051	67
2052	61
2053	68
2054	68
2055	71
2056	62
2057	85
2058	81
2059	67
2060	64
2061	76
2062	76
2063	59
2064	68
2065	63
2066	91
2067	75
2068	64
2069	84
2070	65
2071	72
2072	61
2073	62
2074	69
2075	71
2076	66
2077	81
2078	79
2079	84
2080	61
2081	67
2082	68
2083	77
2084	57
2085	64
2086	71
2087	76
2088	62
2089	72
2090	62
2091	68
2092	75
2093	60
2094	76
2095	70
2096	67
2097	63
2098	75
2099	80
2100	72
2101	70
2102	72
2103	82
2104	77
2105	71
2106	83
2107	64
2108	58
2109	70
2110	68
2111	76
2112	70
2113	64
2114	67
2115	68
2116	72
2117	82
2118	63
2119	61
2120	74
2121	57
2122	68
2123	60
2124	86
2125	76
2126	60
2127	70
2128	67
2129	58
2130	67
2131	62
2132	70
2133	85
2134	75
2135	76
2136	63
2137	86
2138	85
2139	57
2140	77
2141	61
2142	72
2143	66
2144	87
2145	67
2146	68
2147	63
2148	47
2149	59
2150	82
2151	57
2152	66
2153	67
2154	71
2155	65
2156	69
2157	70
2158	64
2159	60
2160	72
2161	69
2162	82
2163	88
2164	81
2165	78
2166	71
2167	69
2168	62
2169	71
2170	85
2171	78
2172	72
2173	61
2174	58
2175	82
2176	58
2177	61
2178	81
2179	69
2180	83
2181	66
2182	77
2183	73
2184	68
2185	70
2186	56
2187	74
2188	66
2189	62
2190	62
2191	56
2192	66
2193	55
2194	79
2195	80
2196	91
2197	76
2198	75
2199	82
2200	56
2201	79
2202	77
2203	80
2204	92
2205	80
2206	80
2207	66
2208	69
2209	71
2210	86
2211	78
2212	75
2213	69
2214	63
2215	75
2216	71
2217	79
2218	58
2219	85
2220	67
2221	78
2222	69
2223	70
2224	71
2225	67
2226	86
2227	77
2228	65
2229	80
2230	80
2231	60
2232	64
2233	75
2234	85
2235	73
2236	67
2237	78
2238	81
2239	85
2240	66
2241	80
2242	55
2243	68
2244	68
2245	73
2246	70
2247	73
2248	66
2249	88
2250	68
2251	70
2252	88
2253	76
2254	77
2255	79
2256	77
2257	74
2258	74
2259	69
2260	63
2261	75
2262	72
2263	68
2264	87
2265	78
2266	67
2267	69
2268	81
2269	68
2270	73
2271	70
2272	78
2273	68
2274	83
2275	70
2276	68
2277	65
2278	63
2279	70
2280	71
2281	64
2282	72
2283	73
2284	70
2285	62
2286	63
2287	74
2288	78
2289	69
2290	61
2291	65
2292	83
2293	72
2294	73
2295	83
2296	72
2297	74
2298	62
2299	72
2300	69
2301	70
2302	71
2303	67
2304	74
2305	80
2306	79
2307	67
2308	53
2309	65
2310	62
2311	77
2312	65
2313	70
2314	68
2315	71
2316	57
2317	71
2318	73
2319	69
2320	57
2321	57
2322	99
2323	89
2324	67
2325	74
2326	65
2327	68
2328	63
2329	77
2330	58
2331	59
2332	78
2333	69
2334	72
2335	74
2336	69
2337	64
2338	80
2339	72
2340	70
2341	69
2342	55
2343	63
2344	75
2345	55
2346	63
2347	75
2348	57
2349	64
2350	76
2351	62
2352	73
2353	62
2354	62
2355	59
2356	60
2357	66
2358	54
2359	89
2360	57
2361	61
2362	75
2363	54
2364	47
2365	61
2366	72
2367	76
2368	69
2369	74
2370	75
2371	66
2372	67
2373	57
2374	63
2375	77
2376	67
2377	75
2378	57
2379	55
2380	76
2381	84
2382	72
2383	73
2384	72
2385	50
2386	68
2387	73
2388	58
2389	68
2390	57
2391	70
2392	48
2393	53
2394	64
2395	51
2396	62
2397	62
2398	67
2399	77
2400	61
2401	67
2402	72
2403	65
2404	54
2405	54
2406	67
2407	50
2408	66
2409	54
2410	65
2411	69
2412	83
2413	77
2414	66
2415	62
2416	61
2417	71
2418	71
2419	66
2420	60
2421	51
2422	60
2423	62
2424	60
2425	71
2426	71
2427	69
2428	61
2429	67
2430	79
2431	58
2432	69
2433	59
2434	67
2435	61
2436	82
2437	59
2438	71
2439	75
2440	60
2441	66
2442	65
2443	60
2444	60
2445	69
2446	54
2447	64
2448	63
2449	59
2450	54
2451	56
2452	77
2453	55
2454	61
2455	64
2456	61
2457	69
2458	55
2459	48
2460	54
2461	62
2462	55
2463	48
2464	56
2465	58
2466	55
2467	57
2468	58
2469	60
2470	62
2471	66
2472	55
2473	61
2474	58
2475	65
2476	53
2477	54
2478	56
2479	65
2480	58
2481	53
2482	47
2483	63
2484	67
2485	58
2486	76
2487	63
2488	63
2489	67
2490	59
2491	49
2492	58
2493	68
2494	50
2495	61
2496	51
2497	72
2498	56
2499	69
2500	69
2501	56
2502	54
2503	58
2504	57
2505	59
2506	65
2507	74
2508	60
2509	51
2510	58
2511	59
2512	51
2513	53
2514	61
2515	67
2516	54
2517	65
2518	52
2519	41
2520	68
2521	54
2522	49
2523	51
2524	61
2525	42
2526	55
2527	51
2528	47
2529	47
2530	55
2531	59
2532	43
2533	62
2534	49
2535	56
2536	49
2537	64
2538	63
2539	58
2540	60
2541	60
2542	44
2543	40
2544	70
2545	55
2546	57
2547	54
2548	59
2549	67
2550	56
2551	57
2552	58
2553	49
2554	67
2555	46
2556	65
2557	62
2558	69
2559	52
2560	56
2561	59
2562	60
2563	52
2564	59
2565	49
2566	61
2567	59
2568	50
2569	62
2570	63
2571	52
2572	74
2573	55
2574	39
2575	44
2576	62
2577	53
2578	50
2579	55
2580	59
2581	65
2582	59
2583	62
2584	59
2585	75
2586	60
2587	54
2588	46
2589	41
2590	55
2591	50
2592	46
2593	54
2594	58
2595	69
2596	54
2597	52
2598	54
2599	51
2600	64
2601	57
2602	55
2603	42
2604	57
2605	55
2606	53
2607	47
2608	41
2609	72
2610	58
2611	52
2612	52
2613	41
2614	61
2615	47
2616	70
2617	56
2618	56
2619	47
2620	56
2621	53
2622	37
2623	41
2624	51
2625	62
2626	49
2627	61
2628	45
2629	66
2630	58
2631	51
2632	51
2633	50
2634	47
2635	54
2636	37
2637	57
2638	67
2639	56
2640	65
2641	55
2642	66
2643	52
2644	41
2645	60
2646	58
2647	58
2648	57
2649	38
2650	57
2651	61
2652	53
2653	71
2654	46
2655	48
2656	57
2657	62
2658	44
2659	53
2660	63
2661	73
2662	48
2663	42
2664	54
2665	51
2666	47
2667	36
2668	64
2669	63
2670	48
2671	62
2672	57
2673	59
2674	56
2675	52
2676	57
2677	46
2678	58
2679	59
2680	44
2681	48
2682	48
2683	49
2684	65
2685	50
2686	57
2687	44
2688	50
2689	50
2690	50
2691	40
2692	47
2693	45
2694	52
2695	51
2696	55
2697	61
2698	65
2699	50
2700	52
2701	64
2702	47
2703	49
2704	64
2705	51
2706	44
2707	59
2708	52
2709	53
2710	55
2711	54
2712	53
2713	48
2714	60
2715	58
2716	45
2717	60
2718	42
2719	40
2720	41
2721	66
2722	53
2723	56
2724	53
2725	50
2726	63
2727	53
2728	51
2729	65
2730	50
2731	59
2732	63
2733	53
2734	47
2735	54
2736	43
2737	60
2738	48
2739	57
2740	59
2741	43
2742	29
2743	54
2744	53
2745	46
2746	48
2747	47
2748	65
2749	49
2750	50
2751	61
2752	55
2753	49
2754	52
2755	49
2756	48
2757	52
2758	41
2759	56
2760	47
2761	62
2762	54
2763	61
2764	46
2765	63
2766	64
2767	40
2768	59
2769	43
2770	46
2771	57
2772	58
2773	55
2774	54
2775	48
2776	55
2777	44
2778	35
2779	54
2780	44
2781	48
2782	44
2783	57
2784	59
2785	50
2786	46
2787	54
2788	52
2789	59
2790	57
2791	42
2792	50
2793	53
2794	44
2795	53
2796	62
2797	60
2798	38
2799	48
2800	59
2801	47
2802	40
2803	47
2804	48
2805	43
2806	41
2807	61
2808	58
2809	50
2810	50
2811	72
2812	35
2813	56
2814	57
2815	46
2816	50
2817	45
2818	59
2819	54
2820	43
2821	47
2822	47
2823	36
2824	44
2825	57
2826	50
2827	55
2828	53
2829	42
2830	50
2831	49
2832	54
2833	61
2834	42
2835	41
2836	39
2837	55
2838	53
2839	56
2840	67
2841	58
2842	41
2843	48
2844	49
2845	40
2846	52
2847	49
2848	43
2849	51
2850	37
2851	49
2852	46
2853	45
2854	49
2855	52
2856	51
2857	52
2858	58
2859	32
2860	48
2861	51
2862	51
2863	46
2864	55
2865	67
2866	50
2867	52
2868	47
2869	54
2870	46
2871	40
2872	41
2873	50
2874	48
2875	59
2876	67
2877	41
2878	53
2879	48
2880	64
2881	50
2882	54
2883	47
2884	60
2885	53
2886	46
2887	46
2888	48
2889	50
2890	67
2891	61
2892	54
2893	59
2894	48
2895	45
2896	37
2897	56
2898	46
2899	51
2900	45
2901	49
2902	39
2903	53
2904	66
2905	43
2906	33
2907	46
2908	43
2909	56
2910	55
2911	46
2912	54
2913	44
2914	62
2915	39
2916	50
2917	58
2918	52
2919	47
2920	53
2921	44
2922	32
2923	51
2924	43
2925	47
2926	56
2927	47
2928	40
2929	49
2930	41
2931	47
2932	46
2933	36
2934	49
2935	50
2936	39
2937	49
2938	56
2939	41
2940	50
2941	49
2942	44
2943	60
2944	46
2945	48
2946	49
2947	43
2948	48
2949	36
2950	52
2951	50
2952	48
2953	39
2954	51
2955	42
2956	49
2957	51
2958	45
2959	40
2960	46
2961	55
2962	55
2963	42
2964	60
2965	46
2966	52
2967	41
2968	52
2969	49
2970	49
2971	50
2972	45
2973	44
2974	51
2975	46
2976	47
2977	46
2978	53
2979	36
2980	47
2981	35
2982	50
2983	45
2984	51
2985	39
2986	55
2987	46
2988	51
2989	39
2990	44
2991	47
2992	51
2993	48
2994	45
2995	37
2996	45
2997	49
2998	32
2999	59
3000	42
3001	42
3002	46
3003	45
3004	33
3005	48
3006	39
3007	29
3008	45
3009	45
3010	56
3011	48
3012	40
3013	41
3014	37
3015	41
3016	39
3017	42
3018	31
3019	43
3020	38
3021	44
3022	51
3023	45
3024	48
3025	41
3026	41
3027	48
3028	46
3029	31
3030	39
3031	54
3032	56
3033	50
3034	59
3035	38
3036	47
3037	55
3038	44
3039	48
3040	46
3041	43
3042	45
3043	43
3044	43
3045	59
3046	63
3047	55
3048	45
3049	44
3050	54
3051	40
3052	47
3053	43
3054	45
3055	45
3056	39
3057	48
3058	41
3059	45
3060	49
3061	38
3062	49
3063	48
3064	53
3065	49
3066	28
3067	41
3068	46
3069	43
3070	44
3071	38
3072	39
3073	47
3074	62
3075	45
3076	51
3077	49
3078	41
3079	62
3080	47
3081	40
3082	42
3083	43
3084	50
3085	38
3086	46
3087	47
3088	46
3089	41
3090	47
3091	54
3092	44
3093	39
3094	39
3095	52
3096	54
3097	46
3098	54
3099	49
3100	49
3101	45
3102	43
3103	48
3104	39
3105	45
3106	48
3107	51
3108	39
3109	52
3110	44
3111	46
3112	41
3113	52
3114	30
3115	37
3116	36
3117	49
3118	38
3119	49
3120	40
3121	35
3122	37
3123	49
3124	46
3125	62
3126	48
3127	45
3128	50
3129	44
3130	47
3131	45
3132	58
3133	45
3134	53
3135	45
3136	55
3137	34
3138	41
3139	34
3140	39
3141	50
3142	61
3143	53
3144	40
3145	41
3146	39
3147	45
3148	42
3149	35
3150	43
3151	55
3152	49
3153	39
3154	46
3155	64
3156	53
3157	38
3158	36
3159	42
3160	48
3161	37
3162	36
3163	45
3164	37
3165	40
3166	54
3167	40
3168	55
3169	51
3170	44
3171	65
3172	45
3173	42
3174	44
3175	44
3176	41
3177	47
3178	49
3179	40
3180	41
3181	42
3182	37
3183	42
3184	40
3185	38
3186	43
3187	42
3188	46
3189	33
3190	35
3191	47
3192	46
3193	37
3194	56
3195	39
3196	46
3197	41
3198	44
3199	55
3200	33
3201	34
3202	34
3203	46
3204	42
3205	56
3206	37
3207	49
3208	36
3209	44
3210	48
3211	52
3212	48
3213	51
3214	53
3215	47
3216	46
3217	34
3218	38
3219	45
3220	48
3221	39
3222	46
3223	48
3224	44
3225	34
3226	44
3227	35
3228	38
3229	48
3230	36
3231	39
3232	49
3233	38
3234	39
3235	49
3236	48
3237	50
3238	40
3239	37
3240	40
3241	43
3242	38
3243	46
3244	50
3245	38
3246	35
3247	43
3248	43
3249	35
3250	45
3251	36
3252	40
3253	44
3254	50
3255	32
3256	48
3257	41
3258	36
3259	37
3260	46
3261	42
3262	41
3263	48
3264	52
3265	52
3266	45
3267	38
3268	32
3269	44
3270	37
3271	42
3272	38
3273	40
3274	45
3275	41
3276	36
3277	42
3278	38
3279	35
3280	38
3281	40
3282	43
3283	49
3284	42
3285	32
3286	43
3287	42
3288	48
3289	40
3290	30
3291	49
3292	47
3293	54
3294	39
3295	55
3296	41
3297	53
3298	55
3299	39
3300	46
3301	48
3302	51
3303	42
3304	53
3305	45
3306	38
3307	30
3308	44
3309	45
3310	48
3311	41
3312	35
3313	33
3314	40
3315	35
3316	43
3317	34
3318	32
3319	45
3320	41
3321	53
3322	41
3323	36
3324	46
3325	36
3326	30
3327	49
3328	36
3329	44
3330	44
3331	26
3332	52
3333	30
3334	45
3335	41
3336	43
3337	28
3338	39
3339	33
3340	50
3341	40
3342	46
3343	32
3344	30
3345	49
3346	45
3347	36
3348	29
3349	41
3350	44
3351	49
3352	40
3353	43
3354	47
3355	37
3356	38
3357	26
3358	46
3359	50
3360	44
3361	30
3362	32
3363	35
3364	48
3365	43
3366	31
3367	39
3368	41
3369	46
3370	41
3371	49
3372	32
3373	33
3374	43
3375	40
3376	37
3377	44
3378	51
3379	46
3380	39
3381	41
3382	44
3383	40
3384	41
3385	45
3386	38
3387	38
3388	44
3389	36
3390	29
3391	57
3392	40
3393	45
3394	41
3395	44
3396	34
3397	35
3398	41
3399	38
3400	27
3401	26
3402	34
3403	39
3404	63
3405	47
3406	43
3407	32
3408	42
3409	39
3410	33
3411	44
3412	39
3413	40
3414	35
3415	48
3416	41
3417	39
3418	31
3419	41
3420	41
3421	33
3422	38
3423	44
3424	47
3425	44
3426	44
3427	36
3428	31
3429	37
3430	52
3431	37
3432	33
3433	37
3434	46
3435	36
3436	33
3437	36
3438	40
3439	29
3440	34
3441	42
3442	48
3443	37
3444	37
3445	37
3446	40
3447	47
3448	36
3449	40
3450	43
3451	40
3452	35
3453	38
3454	31
3455	27
3456	37
3457	38
3458	41
3459	38
3460	34
3461	52
3462	34
3463	37
3464	41
3465	46
3466	32
3467	45
3468	35
3469	34
3470	25
3471	40
3472	36
3473	29
3474	38
3475	48
3476	34
3477	44
3478	43
3479	44
3480	35
3481	38
3482	39
3483	38
3484	29
3485	35
3486	39
3487	35
3488	32
3489	46
3490	33
3491	32
3492	34
3493	32
3494	46
3495	34
3496	33
3497	31
3498	36
3499	41
3500	35
3501	42
3502	34
3503	41
3504	45
3505	30
3506	48
3507	35
3508	42
3509	38
3510	39
3511	32
3512	25
3513	44
3514	44
3515	40
3516	41
3517	39
3518	39
3519	34
3520	34
3521	39
3522	55
3523	37
3524	38
3525	36
3526	26
3527	44
3528	39
3529	47
3530	40
3531	25
3532	37
3533	40
3534	45
3535	40
3536	38
3537	36
3538	38
3539	37
3540	39
3541	40
3542	38
3543	42
3544	34
3545	35
3546	33
3547	39
3548	40
3549	30
3550	35
3551	41
3552	44
3553	37
3554	44
3555	39
3556	42
3557	25
3558	30
3559	36
3560	34
3561	34
3562	35
3563	35
3564	42
3565	36
3566	28
3567	38
3568	38
3569	37
3570	32
3571	38
3572	31
3573	35
3574	35
3575	29
3576	34
3577	31
3578	36
3579	35
3580	29
3581	35
3582	27
3583	34
3584	28
3585	41
3586	42
3587	37
3588	41
3589	45
3590	40
3591	39
3592	43
3593	38
3594	31
3595	44
3596	37
3597	30
3598	49
3599	42
3600	47
3601	34
3602	36
3603	35
3604	46
3605	31
3606	29
3607	40
3608	29
3609	45
3610	31
3611	33
3612	39
3613	36
3614	40
3615	39
3616	46
3617	32
3618	42
3619	34
3620	34
3621	38
3622	36
3623	34
3624	43
3625	39
3626	35
3627	28
3628	42
3629	37
3630	38
3631	37
3632	30
3633	41
3634	38
3635	36
3636	40
3637	38
3638	28
3639	40
3640	41
3641	42
3642	31
3643	34
3644	40
3645	38
3646	39
3647	30
3648	46
3649	32
3650	44
3651	33
3652	39
3653	39
3654	34
3655	37
3656	35
3657	39
3658	49
3659	31
3660	47
3661	37
3662	41
3663	34
3664	27
3665	38
3666	38
3667	29
3668	46
3669	31
3670	38
3671	38
3672	34
3673	35
3674	40
3675	36
3676	34
3677	37
3678	34
3679	35
3680	39
3681	38
3682	29
3683	34
3684	35
3685	33
3686	26
3687	28
3688	33
3689	28
3690	24
3691	35
3692	29
3693	34
3694	28
3695	34
3696	15
3697	41
3698	32
3699	37
3700	34
3701	31
3702	43
3703	39
3704	32
3705	30
3706	39
3707	41
3708	43
3709	32
3710	29
3711	35
3712	35
3713	38
3714	42
3715	48
3716	30
3717	25
3718	44
3719	36
3720	36
3721	33
3722	37
3723	29
3724	27
3725	28
3726	40
3727	34
3728	35
3729	35
3730	31
3731	24
3732	32
3733	36
3734	41
3735	39
3736	33
3737	33
3738	37
3739	31
3740	37
3741	44
3742	32
3743	36
3744	37
3745	31
3746	36
3747	43
3748	36
3749	36
3750	47
3751	24
3752	36
3753	42
3754	38
3755	37
3756	37
3757	38
3758	38
3759	42
3760	28
3761	34
3762	32
3763	27
3764	27
3765	32
3766	34
3767	46
3768	31
3769	38
3770	29
3771	30
3772	46
3773	36
3774	39
3775	37
3776	35
3777	30
3778	30
3779	32
3780	28
3781	33
3782	39
3783	42
3784	27
3785	31
3786	28
3787	36
3788	37
3789	48
3790	26
3791	31
3792	39
3793	26
3794	31
3795	34
3796	34
3797	49
3798	39
3799	22
3800	42
3801	39
3802	43
3803	34
3804	39
3805	33
3806	41
3807	31
3808	26
3809	37
3810	29
3811	34
3812	38
3813	37
3814	39
3815	43
3816	30
3817	37
3818	33
3819	36
3820	42
3821	38
3822	33
3823	44
3824	34
3825	31
3826	41
3827	22
3828	26
3829	24
3830	36
3831	43
3832	30
3833	42
3834	32
3835	31
3836	28
3837	43
3838	29
3839	35
3840	38
3841	29
3842	35
3843	33
3844	29
3845	23
3846	23
3847	32
3848	44
3849	28
3850	37
3851	37
3852	36
3853	42
3854	52
3855	32
3856	44
3857	35
3858	29
3859	35
3860	26
3861	37
3862	30
3863	34
3864	37
3865	32
3866	32
3867	33
3868	32
3869	37
3870	40
3871	27
3872	32
3873	33
3874	30
3875	28
3876	47
3877	32
3878	25
3879	32
3880	33
3881	31
3882	35
3883	29
3884	38
3885	31
3886	31
3887	38
3888	44
3889	32
3890	30
3891	37
3892	37
3893	42
3894	22
3895	37
3896	33
3897	34
3898	27
3899	34
3900	32
3901	28
3902	36
3903	41
3904	38
3905	47
3906	37
3907	38
3908	34
3909	39
3910	40
3911	35
3912	39
3913	35
3914	45
3915	41
3916	28
3917	49
3918	27
3919	34
3920	38
3921	42
3922	35
3923	32
3924	37
3925	38
3926	38
3927	39
3928	42
3929	30
3930	36
3931	45
3932	40
3933	31
3934	30
3935	38
3936	34
3937	34
3938	36
3939	33
3940	36
3941	35
3942	32
3943	33
3944	32
3945	32
3946	40
3947	45
3948	35
3949	42
3950	33
3951	38
3952	38
3953	20
3954	36
3955	27
3956	47
3957	45
3958	41
3959	30
3960	37
3961	44
3962	37
3963	39
3964	42
3965	29
3966	33
3967	33
3968	45
3969	43
3970	32
3971	35
3972	22
3973	36
3974	35
3975	38
3976	34
3977	44
3978	22
3979	35
3980	37
3981	38
3982	43
3983	31
3984	32
3985	27
3986	22
3987	39
3988	35
3989	46
3990	36
3991	39
3992	32
3993	28
3994	33
3995	40
3996	37
3997	30
3998	33
3999	40
4000	38
4001	35
4002	29
4003	31
4004	37
4005	30
4006	24
4007	33
4008	34
4009	41
4010	40
4011	43
4012	33
4013	32
4014	28
4015	33
4016	29
4017	37
4018	34
4019	39
4020	31
4021	33
4022	33
4023	25
4024	33
4025	34
4026	36
4027	34
4028	36
4029	40
4030	37
4031	31
4032	28
4033	35
4034	39
4035	30
4036	30
4037	38
4038	40
4039	42
4040	37
4041	32
4042	20
4043	38
4044	30
4045	29
4046	46
4047	43
4048	23
4049	34
4050	29
4051	38
4052	40
4053	40
4054	38
4055	38
4056	36
4057	35
4058	33
4059	37
4060	30
4061	33
4062	39
4063	32
4064	35
4065	39
4066	43
4067	41
4068	26
4069	39
4070	35
4071	39
4072	41
4073	37
4074	25
4075	34
4076	32
4077	39
4078	26
4079	36
4080	32
4081	40
4082	41
4083	41
4084	39
4085	19
4086	36
4087	50
4088	37
4089	35
4090	35
4091	31
4092	36
4093	34
4094	36
4095	37
4096	44
4097	31
4098	41
4099	31
4100	29
4101	23
4102	43
4103	44
4104	37
4105	39
4106	31
4107	46
4108	45
4109	31
4110	28
4111	40
4112	30
4113	37
4114	25
4115	28
4116	34
4117	39
4118	45
4119	35
4120	40
4121	42
4122	30
4123	39
4124	37
4125	38
4126	35
4127	34
4128	39
4129	39
4130	44
4131	39
4132	34
4133	33
4134	24
4135	36
4136	40
4137	28
4138	31
4139	43
4140	29
4141	33
4142	41
4143	39
4144	43
4145	36
4146	34
4147	32
4148	48
4149	40
4150	39
4151	34
4152	38
4153	28
4154	41
4155	35
4156	31
4157	31
4158	32
4159	33
4160	39
4161	36
4162	42
4163	39
4164	43
4165	41
4166	45
4167	37
4168	27
4169	33
4170	31
4171	40
4172	40
4173	35
4174	43
4175	35
4176	35
4177	45
4178	47
4179	41
4180	30
4181	45
4182	44
4183	41
4184	38
4185	39
4186	39
4187	37
4188	36
4189	36
4190	34
4191	41
4192	27
4193	36
4194	34
4195	28
4196	37
4197	29
4198	35
4199	40
4200	40
4201	35
4202	37
4203	32
4204	32
4205	24
4206	31
4207	38
4208	33
4209	37
4210	30
4211	26
4212	38
4213	35
4214	42
4215	41
4216	40
4217	31
4218	35
4219	33
4220	39
4221	26
4222	40
4223	55
4224	37
4225	40
4226	44
4227	38
4228	46
4229	36
4230	34
4231	39
4232	37
4233	29
4234	27
4235	42
4236	28
4237	51
4238	35
4239	38
4240	42
4241	31
4242	33
4243	38
4244	41
4245	43
4246	40
4247	54
4248	47
4249	32
4250	46
4251	34
4252	38
4253	46
4254	38
4255	43
4256	38
4257	42
4258	34
4259	49
4260	49
4261	45
4262	46
4263	35
4264	49
4265	39
4266	43
4267	34
4268	40
4269	48
4270	48
4271	38
4272	37
4273	37
4274	43
4275	45
4276	39
4277	46
4278	47
4279	45
4280	39
4281	49
4282	36
4283	50
4284	43
4285	31
4286	31
4287	40
4288	44
4289	40
4290	45
4291	49
4292	39
4293	36
4294	37
4295	40
4296	50
4297	43
4298	42
4299	30
4300	41
4301	41
4302	42
4303	49
4304	33
4305	31
4306	41
4307	42
4308	49
4309	36
4310	39
4311	41
4312	45
4313	47
4314	44
4315	35
4316	47
4317	44
4318	46
4319	38
4320	46
4321	48
4322	54
4323	38
4324	35
4325	43
4326	42
4327	40
4328	42
4329	36
4330	33
4331	36
4332	41
4333	47
4334	44
4335	38
4336	52
4337	25
4338	50
4339	38
4340	47
4341	40
4342	41
4343	49
4344	41
4345	47
4346	37
4347	32
4348	43
4349	43
4350	35
4351	42
4352	41
4353	35
4354	36
4355	50
4356	53
4357	38
4358	45
4359	47
4360	37
4361	54
4362	41
4363	43
4364	27
4365	47
4366	43
4367	42
4368	44
4369	40
4370	34
4371	35
4372	51
4373	56
4374	53
4375	50
4376	42
4377	40
4378	38
4379	45
4380	39
4381	46
4382	50
4383	38
4384	43
4385	52
4386	38
4387	41
4388	49
4389	46
4390	42
4391	54
4392	43
4393	49
4394	45
4395	48
4396	49
4397	46
4398	56
4399	46
4400	44
4401	38
4402	51
4403	51
4404	32
4405	44
4406	52
4407	40
4408	40
4409	50
4410	46
4411	45
4412	45
4413	52
4414	48
4415	44
4416	38
4417	46
4418	38
4419	52
4420	44
4421	54
4422	44
4423	60
4424	39
4425	46
4426	38
4427	34
4428	45
4429	43
4430	42
4431	50
4432	41
4433	34
4434	51
4435	41
4436	56
4437	43
4438	37
4439	44
4440	40
4441	52
4442	43
4443	43
4444	54
4445	44
4446	47
4447	39
4448	44
4449	44
4450	39
4451	41
4452	57
4453	48
4454	49
4455	46
4456	46
4457	54
4458	41
4459	57
4460	61
4461	47
4462	68
4463	41
4464	23
4465	49
4466	64
4467	53
4468	37
4469	54
4470	55
4471	55
4472	59
4473	44
4474	44
4475	40
4476	52
4477	48
4478	55
4479	38
4480	45
4481	46
4482	51
4483	46
4484	60
4485	51
4486	44
4487	48
4488	66
4489	35
4490	49
4491	50
4492	52
4493	46
4494	45
4495	44
4496	51
4497	46
4498	43
4499	54
4500	47
4501	51
4502	62
4503	44
4504	54
4505	45
4506	49
4507	37
4508	56
4509	40
4510	61
4511	50
4512	40
4513	44
4514	41
4515	69
4516	51
4517	53
4518	39
4519	46
4520	43
4521	47
4522	42
4523	50
4524	48
4525	49
4526	40
4527	44
4528	45
4529	53
4530	52
4531	45
4532	43
4533	52
4534	38
4535	57
4536	54
4537	39
4538	63
4539	33
4540	65
4541	55
4542	50
4543	53
4544	50
4545	58
4546	57
4547	49
4548	49
4549	50
4550	56
4551	58
4552	36
4553	47
4554	63
4555	77
4556	63
4557	58
4558	41
4559	54
4560	54
4561	58
4562	52
4563	52
4564	58
4565	54
4566	61
4567	53
4568	54
4569	47
4570	70
4571	66
4572	52
4573	47
4574	52
4575	53
4576	57
4577	52
4578	52
4579	48
4580	48
4581	53
4582	50
4583	47
4584	60
4585	52
4586	64
4587	48
4588	44
4589	43
4590	52
4591	52
4592	51
4593	56
4594	56
4595	57
4596	63
4597	47
4598	51
4599	55
4600	41
4601	57
4602	56
4603	49
4604	45
4605	47
4606	34
4607	51
4608	57
4609	67
4610	65
4611	51
4612	38
4613	45
4614	46
4615	54
4616	50
4617	62
4618	56
4619	57
4620	51
4621	53
4622	48
4623	49
4624	59
4625	64
4626	49
4627	62
4628	49
4629	61
4630	56
4631	44
4632	60
4633	58
4634	53
4635	55
4636	46
4637	58
4638	60
4639	59
4640	74
4641	42
4642	48
4643	53
4644	54
4645	40
4646	54
4647	62
4648	56
4649	68
4650	56
4651	63
4652	44
4653	68
4654	52
4655	54
4656	53
4657	51
4658	50
4659	59
4660	57
4661	72
4662	63
4663	51
4664	66
4665	57
4666	49
4667	55
4668	50
4669	63
4670	51
4671	62
4672	41
4673	56
4674	46
4675	51
4676	60
4677	49
4678	74
4679	50
4680	50
4681	67
4682	60
4683	69
4684	58
4685	60
4686	51
4687	70
4688	45
4689	49
4690	60
4691	62
4692	61
4693	38
4694	61
4695	48
4696	52
4697	59
4698	46
4699	61
4700	49
4701	66
4702	57
4703	59
4704	57
4705	54
4706	47
4707	54
4708	54
4709	55
4710	62
4711	69
4712	57
4713	52
4714	45
4715	69
4716	48
4717	55
4718	46
4719	49
4720	60
4721	48
4722	59
4723	63
4724	59
4725	63
4726	60
4727	55
4728	53
4729	44
4730	63
4731	62
4732	60
4733	46
4734	54
4735	56
4736	63
4737	69
4738	44
4739	66
4740	56
4741	63
4742	53
4743	62
4744	64
4745	73
4746	58
4747	50
4748	57
4749	69
4750	50
4751	77
4752	50
4753	51
4754	63
4755	59
4756	60
4757	52
4758	64
4759	47
4760	66
4761	45
4762	52
4763	64
4764	51
4765	68
4766	60
4767	48
4768	52
4769	58
4770	59
4771	61
4772	57
4773	63
4774	59
4775	48
4776	60
4777	59
4778	58
4779	52
4780	57
4781	63
4782	58
4783	59
4784	52
4785	58
4786	52
4787	64
4788	61
4789	60
4790	58
4791	60
4792	63
4793	56
4794	68
4795	59
4796	54
4797	61
4798	36
4799	52
4800	42
4801	64
4802	62
4803	42
4804	51
4805	54
4806	52
4807	53
4808	58
4809	48
4810	51
4811	51
4812	53
4813	55
4814	53
4815	49
4816	70
4817	65
4818	53
4819	58
4820	55
4821	47
4822	45
4823	62
4824	53
4825	52
4826	47
4827	61
4828	49
4829	61
4830	65
4831	61
4832	53
4833	62
4834	58
4835	45
4836	52
4837	64
4838	47
4839	55
4840	58
4841	55
4842	56
4843	55
4844	48
4845	50
4846	49
4847	50
4848	68
4849	52
4850	62
4851	58
4852	46
4853	51
4854	49
4855	54
4856	61
4857	45
4858	59
4859	68
4860	52
4861	48
4862	52
4863	51
4864	41
4865	63
4866	48
4867	50
4868	60
4869	54
4870	53
4871	50
4872	51
4873	50
4874	44
4875	47
4876	52
4877	68
4878	46
4879	52
4880	58
4881	60
4882	66
4883	55
4884	55
4885	46
4886	62
4887	58
4888	66
4889	49
4890	55
4891	50
4892	63
4893	54
4894	51
4895	51
4896	56
4897	52
4898	62
4899	41
4900	51
4901	54
4902	44
4903	44
4904	58
4905	42
4906	63
4907	54
4908	45
4909	64
4910	51
4911	52
4912	60
4913	55
4914	59
4915	47
4916	51
4917	52
4918	58
4919	49
4920	52
4921	33
4922	53
4923	54
4924	62
4925	56
4926	50
4927	53
4928	49
4929	57
4930	45
4931	55
4932	65
4933	48
4934	46
4935	57
4936	44
4937	55
4938	48
4939	59
4940	57
4941	61
4942	46
4943	47
4944	61
4945	46
4946	48
4947	39
4948	49
4949	36
4950	62
4951	49
4952	50
4953	54
4954	51
4955	56
4956	38
4957	46
4958	42
4959	61
4960	50
4961	56
4962	62
4963	48
4964	47
4965	50
4966	41
4967	56
4968	52
4969	44
4970	52
4971	54
4972	50
4973	45
4974	50
4975	42
4976	43
4977	46
4978	51
4979	44
4980	45
4981	59
4982	47
4983	51
4984	38
4985	48
4986	39
4987	44
4988	59
4989	49
4990	51
4991	58
4992	49
4993	52
4994	57
4995	46
4996	42
4997	52
4998	43
4999	57
5000	49
5001	56
5002	41
5003	51
5004	44
5005	44
5006	45
5007	53
5008	51
5009	45
5010	49
5011	52
5012	46
5013	54
5014	49
5015	43
5016	49
5017	61
5018	54
5019	53
5020	54
5021	45
5022	43
5023	41
5024	45
5025	46
5026	40
5027	49
5028	52
5029	44
5030	46
5031	36
5032	35
5033	33
5034	54
5035	47
5036	52
5037	39
5038	50
5039	36
5040	50
5041	47
5042	46
5043	41
5044	43
5045	54
5046	43
5047	39
5048	52
5049	42
5050	41
5051	54
5052	44
5053	46
5054	48
5055	29
5056	46
5057	39
5058	52
5059	37
5060	33
5061	33
5062	45
5063	45
5064	47
5065	40
5066	38
5067	44
5068	50
5069	43
5070	48
5071	44
5072	40
5073	43
5074	39
5075	51
5076	42
5077	42
5078	48
5079	49
5080	47
5081	44
5082	44
5083	61
5084	48
5085	39
5086	46
5087	34
5088	35
5089	51
5090	42
5091	40
5092	46
5093	45
5094	57
5095	51
5096	42
5097	53
5098	34
5099	51
5100	41
5101	51
5102	41
5103	48
5104	48
5105	45
5106	35
5107	41
5108	46
5109	38
5110	48
5111	42
5112	45
5113	47
5114	47
5115	39
5116	43
5117	35
5118	45
5119	43
5120	38
5121	48
5122	33
5123	48
5124	38
5125	41
5126	28
5127	26
5128	41
5129	49
5130	44
5131	32
5132	36
5133	42
5134	42
5135	50
5136	46
5137	41
5138	39
5139	41
5140	34
5141	41
5142	40
5143	53
5144	36
5145	52
5146	42
5147	35
5148	40
5149	38
5150	38
5151	38
5152	43
5153	46
5154	47
5155	40
5156	41
5157	40
5158	42
5159	44
5160	49
5161	38
5162	40
5163	42
5164	42
5165	35
5166	37
5167	36
5168	41
5169	29
5170	34
5171	37
5172	44
5173	33
5174	34
5175	49
5176	34
5177	32
5178	34
5179	35
5180	40
5181	42
5182	35
5183	37
5184	34
5185	38
5186	34
5187	28
5188	41
5189	34
5190	43
5191	30
5192	45
5193	45
5194	58
5195	35
5196	35
5197	48
5198	41
5199	43
5200	37
5201	32
5202	37
5203	41
5204	35
5205	49
5206	34
5207	41
5208	32
5209	34
5210	34
5211	40
5212	33
5213	32
5214	34
5215	40
5216	33
5217	39
5218	39
5219	38
5220	31
5221	37
5222	34
5223	36
5224	37
5225	28
5226	37
5227	39
5228	35
5229	34
5230	28
5231	34
5232	44
5233	41
5234	42
5235	34
5236	42
5237	40
5238	34
5239	28
5240	35
5241	34
5242	38
5243	33
5244	26
5245	33
5246	40
5247	36
5248	35
5249	39
5250	22
5251	28
5252	29
5253	38
5254	33
5255	52
5256	34
5257	43
5258	38
5259	31
5260	32
5261	38
5262	25
5263	50
5264	26
5265	40
5266	38
5267	30
5268	34
5269	29
5270	21
5271	41
5272	32
5273	19
5274	22
5275	37
5276	30
5277	21
5278	46
5279	26
5280	32
5281	39
5282	35
5283	26
5284	33
5285	33
5286	32
5287	24
5288	31
5289	22
5290	20
5291	34
5292	40
5293	31
5294	26
5295	22
5296	28
5297	32
5298	34
5299	35
5300	31
5301	37
5302	24
5303	38
5304	50
5305	34
5306	41
5307	32
5308	25
5309	27
5310	31
5311	32
5312	27
5313	35
5314	31
5315	30
5316	34
5317	35
5318	27
5319	41
5320	35
5321	41
5322	36
5323	33
5324	29
5325	31
5326	25
5327	25
5328	30
5329	24
5330	34
5331	22
5332	38
5333	24
5334	29
5335	30
5336	33
5337	27
5338	25
5339	19
5340	22
5341	30
5342	25
5343	34
5344	32
5345	36
5346	41
5347	32
5348	35
5349	35
5350	20
5351	24
5352	32
5353	44
5354	40
5355	24
5356	27
5357	30
5358	30
5359	28
5360	34
5361	36
5362	36
5363	31
5364	35
5365	24
5366	35
5367	27
5368	32
5369	33
5370	38
5371	38
5372	30
5373	27
5374	19
5375	39
5376	35
5377	32
5378	30
5379	20
5380	39
5381	35
5382	25
5383	33
5384	26
5385	25
5386	27
5387	26
5388	29
5389	24
5390	32
5391	33
5392	23
5393	23
5394	29
5395	27
5396	34
5397	26
5398	27
5399	21
5400	32
5401	23
5402	25
5403	29
5404	23
5405	36
5406	26
5407	28
5408	28
5409	21
5410	27
5411	23
5412	22
5413	27
5414	26
5415	25
5416	23
5417	16
5418	36
5419	26
5420	39
5421	41
5422	23
5423	23
5424	30
5425	31
5426	29
5427	26
5428	32
5429	24
5430	22
5431	32
5432	28
5433	21
5434	33
5435	33
5436	29
5437	28
5438	30
5439	21
5440	16
5441	33
5442	26
5443	22
5444	22
5445	27
5446	17
5447	24
5448	19
5449	17
5450	22
5451	27
5452	31
5453	22
5454	26
5455	27
5456	25
5457	24
5458	37
5459	25
5460	32
5461	28
5462	20
5463	23
5464	23
5465	25
5466	28
5467	17
5468	32
5469	19
5470	24
5471	33
5472	27
5473	32
5474	27
5475	20
5476	25
5477	26
5478	27
5479	24
5480	21
5481	22
5482	32
5483	22
5484	21
5485	25
5486	28
5487	21
5488	25
5489	21
5490	15
5491	20
5492	21
5493	30
5494	19
5495	21
5496	25
5497	37
5498	24
5499	29
5500	25
5501	25
5502	12
5503	30
5504	23
5505	28
5506	22
5507	22
5508	33
5509	20
5510	28
5511	29
5512	21
5513	30
5514	31
5515	27
5516	19
5517	21
5518	20
5519	28
5520	27
5521	23
5522	17
5523	21
5524	31
5525	13
5526	23
5527	27
5528	27
5529	19
5530	24
5531	29
5532	23
5533	36
5534	24
5535	25
5536	25
5537	24
5538	31
5539	27
5540	30
5541	26
5542	21
5543	26
5544	26
5545	17
5546	14
5547	25
5548	12
5549	13
5550	18
5551	16
5552	29
5553	26
5554	21
5555	22
5556	16
5557	14
5558	19
5559	30
5560	27
5561	17
5562	26
5563	23
5564	26
5565	20
5566	25
5567	28
5568	26
5569	21
5570	22
5571	24
5572	25
5573	21
5574	21
5575	23
5576	22
5577	18
5578	21
5579	20
5580	23
5581	28
5582	20
5583	27
5584	15
5585	28
5586	18
5587	26
5588	16
5589	29
5590	24
5591	25
5592	24
5593	30
5594	21
5595	22
5596	21
5597	23
5598	20
5599	20
5600	21
5601	17
5602	25
5603	23
5604	37
5605	14
5606	20
5607	18
5608	18
5609	17
5610	18
5611	30
5612	25
5613	19
5614	18
5615	16
5616	28
5617	20
5618	23
5619	18
5620	12
5621	22
5622	24
5623	19
5624	19
5625	25
5626	21
5627	22
5628	19
5629	24
5630	26
5631	22
5632	15
5633	20
5634	31
5635	28
5636	25
5637	20
5638	24
5639	28
5640	24
5641	25
5642	20
5643	20
5644	25
5645	27
5646	22
5647	11
5648	12
5649	17
5650	12
5651	21
5652	15
5653	26
5654	13
5655	23
5656	22
5657	16
5658	24
5659	17
5660	17
5661	26
5662	19
5663	21
5664	14
5665	25
5666	21
5667	20
5668	12
5669	15
5670	17
5671	18
5672	25
5673	17
5674	21
5675	16
5676	12
5677	17
5678	15
5679	20
5680	22
5681	18
5682	21
5683	20
5684	17
5685	17
5686	18
5687	15
5688	17
5689	27
5690	17
5691	12
5692	19
5693	25
5694	18
5695	14
5696	15
5697	22
5698	14
5699	16
5700	12
5701	13
5702	18
5703	19
5704	18
5705	25
5706	14
5707	12
5708	15
5709	21
5710	22
5711	20
5712	12
5713	12
5714	14
5715	14
5716	27
5717	23
5718	27
5719	18
5720	22
5721	11
5722	13
5723	17
5724	11
5725	25
5726	16
5727	22
5728	12
5729	9
5730	20
5731	13
5732	16
5733	18
5734	16
5735	20
5736	21
5737	17
5738	14
5739	14
5740	20
5741	19
5742	14
5743	9
5744	19
5745	16
5746	18
5747	14
5748	16
5749	14
5750	15
5751	22
5752	23
5753	15
5754	16
5755	15
5756	24
5757	18
5758	12
5759	13
5760	16
5761	15
5762	21
5763	24
5764	18
5765	17
5766	17
5767	20
5768	17
5769	15
5770	10
5771	12
5772	26
5773	17
5774	10
5775	12
5776	15
5777	17
5778	20
5779	24
5780	21
5781	23
5782	10
5783	10
5784	15
5785	13
5786	13
5787	19
5788	9
5789	20
5790	10
5791	16
5792	21
5793	21
5794	18
5795	17
5796	16
5797	14
5798	15
5799	19
5800	10
5801	15
5802	15
5803	10
5804	15
5805	15
5806	21
5807	13
5808	19
5809	18
5810	16
5811	11
5812	15
5813	10
5814	19
5815	12
5816	7
5817	19
5818	11
5819	12
5820	15
5821	17
5822	19
5823	18
5824	13
5825	11
5826	15
5827	19
5828	11
5829	16
5830	14
5831	23
5832	22
5833	14
5834	11
5835	21
5836	14
5837	10
5838	18
5839	10
5840	13
5841	20
5842	15
5843	14
5844	8
5845	24
5846	15
5847	8
5848	16
5849	21
5850	13
5851	12
5852	14
5853	24
5854	14
5855	16
5856	22
5857	11
5858	14
5859	10
5860	9
5861	12
5862	18
5863	9
5864	18
5865	16
5866	13
5867	12
5868	10
5869	16
5870	17
5871	7
5872	16
5873	12
5874	18
5875	7
5876	12
5877	11
5878	19
5879	7
5880	19
5881	11
5882	14
5883	15
5884	16
5885	18
5886	13
5887	14
5888	9
5889	15
5890	9
5891	14
5892	19
5893	15
5894	14
5895	11
5896	15
5897	16
5898	18
5899	12
5900	10
5901	13
5902	8
5903	18
5904	15
5905	19
5906	11
5907	11
5908	16
5909	18
5910	14
5911	23
5912	9
5913	17
5914	19
5915	17
5916	11
5917	16
5918	12
5919	18
5920	11
5921	6
5922	13
5923	14
5924	11
5925	11
5926	12
5927	12
5928	10
5929	17
5930	8
5931	13
5932	14
5933	18
5934	6
5935	16
5936	14
5937	17
5938	7
5939	9
5940	10
5941	15
5942	12
5943	8
5944	14
5945	16
5946	12
5947	19
5948	18
5949	11
5950	16
5951	11
5952	13
5953	10
5954	11
5955	16
5956	15
5957	13
5958	9
5959	11
5960	16
5961	14
5962	12
5963	13
5964	16
5965	17
5966	10
5967	19
5968	21
5969	12
5970	14
5971	11
5972	13
5973	15
5974	10
5975	24
5976	13
5977	12
5978	15
5979	21
5980	15
5981	16
5982	11
5983	15
5984	10
5985	8
5986	17
5987	8
5988	14
5989	12
5990	12
5991	6
5992	15
5993	10
5994	10
5995	9
5996	11
5997	12
5998	7
5999	13
6000	11
6001	9
6002	5
6003	11
6004	14
6005	17
6006	9
6007	10
6008	9
6009	14
6010	9
6011	8
6012	18
6013	11
6014	19
6015	10
6016	8
6017	11
6018	17
6019	15
6020	11
6021	22
6022	12
6023	9
6024	14
6025	15
6026	16
6027	8
6028	17
6029	11
6030	15
6031	12
6032	13
6033	21
6034	7
6035	7
6036	3
6037	6
6038	14
6039	19
6040	10
6041	9
6042	21
6043	22
6044	9
6045	10
6046	20
6047	11
6048	10
6049	7
6050	11
6051	6
6052	13
6053	9
6054	10
6055	10
6056	12
6057	11
6058	21
6059	8
6060	13
6061	14
6062	12
6063	9
6064	12
6065	12
6066	8
6067	10
6068	11
6069	12
6070	13
6071	10
6072	6
6073	14
6074	17
6075	10
6076	8
6077	12
6078	11
6079	18
6080	13
6081	14
6082	10
6083	7
6084	9
6085	10
6086	17
6087	8
6088	7
6089	7
6090	15
6091	15
6092	13
6093	15
6094	11
6095	12
6096	9
6097	6
6098	13
6099	10
6100	2
6101	15
6102	8
6103	11
6104	10
6105	16
6106	14
6107	17
6108	18
6109	10
6110	14
6111	10
6112	7
6113	8
6114	9
6115	10
6116	15
6117	8
6118	12
6119	15
6120	8
6121	14
6122	15
6123	16
6124	10
6125	8
6126	6
6127	10
6128	7
6129	15
6130	8
6131	8
6132	6
6133	11
6134	11
6135	9
6136	12
6137	11
6138	12
6139	17
6140	10
6141	10
6142	8
6143	10
6144	15
6145	11
6146	12
6147	12
6148	13
6149	10
6150	9
6151	9
6152	5
6153	8
6154	8
6155	14
6156	13
6157	9
6158	10
6159	10
6160	10
6161	9
6162	10
6163	13
6164	9
6165	11
6166	11
6167	12
6168	5
6169	18
6170	11
6171	10
6172	7
6173	16
6174	9
6175	21
6176	18
6177	14
6178	14
6179	9
6180	9
6181	7
6182	9
6183	10
6184	12
6185	12
6186	11
6187	9
6188	8
6189	9
6190	14
6191	11
6192	8
6193	13
6194	9
6195	6
6196	6
6197	6
6198	16
6199	14
6200	15
6201	8
6202	7
6203	12
6204	11
6205	17
6206	16
6207	6
6208	7
6209	10
6210	9
6211	9
6212	16
6213	8
6214	9
6215	14
6216	11
6217	7
6218	3
6219	8
6220	10
6221	11
6222	15
6223	9
6224	13
6225	10
6226	12
6227	18
6228	11
6229	14
6230	13
6231	10
6232	15
6233	8
6234	7
6235	7
6236	10
6237	11
6238	12
6239	7
6240	11
6241	16
6242	13
6243	14
6244	2
6245	8
6246	11
6247	13
6248	6
6249	14
6250	9
6251	14
6252	11
6253	8
6254	12
6255	11
6256	17
6257	7
6258	11
6259	11
6260	12
6261	11
6262	13
6263	12
6264	15
6265	14
6266	9
6267	12
6268	15
6269	13
6270	11
6271	7
6272	8
6273	11
6274	14
6275	3
6276	8
6277	7
6278	13
6279	8
6280	6
6281	9
6282	4
6283	10
6284	8
6285	12
6286	8
6287	10
6288	11
6289	9
6290	10
6291	5
6292	11
6293	9
6294	10
6295	13
6296	5
6297	17
6298	6
6299	11
6300	13
6301	16
6302	7
6303	13
6304	15
6305	13
6306	12
6307	12
6308	10
6309	17
6310	7
6311	9
6312	12
6313	14
6314	9
6315	11
6316	10
6317	9
6318	12
6319	7
6320	4
6321	11
6322	15
6323	13
6324	8
6325	10
6326	9
6327	10
6328	16
6329	6
6330	13
6331	8
6332	15
6333	15
6334	9
6335	12
6336	9
6337	10
6338	10
6339	9
6340	16
6341	10
6342	11
6343	14
6344	11
6345	10
6346	9
6347	12
6348	15
6349	6
6350	12
6351	9
6352	11
6353	11
6354	11
6355	14
6356	14
6357	8
6358	10
6359	10
6360	12
6361	14
6362	11
6363	17
6364	16
6365	12
6366	12
6367	9
6368	10
6369	10
6370	12
6371	12
6372	8
6373	14
6374	16
6375	14
6376	10
6377	10
6378	12
6379	11
6380	10
6381	10
6382	8
6383	11
6384	6
6385	12
6386	8
6387	10
6388	6
6389	14
6390	11
6391	11
6392	14
6393	5
6394	8
6395	7
6396	15
6397	12
6398	17
6399	10
6400	7
6401	13
6402	15
6403	7
6404	8
6405	12
6406	10
6407	13
6408	14
6409	7
6410	13
6411	9
6412	10
6413	16
6414	12
6415	9
6416	11
6417	12
6418	11
6419	16
6420	14
6421	9
6422	15
6423	19
6424	9
6425	13
6426	10
6427	10
6428	14
6429	11
6430	11
6431	11
6432	12
6433	3
6434	14
6435	8
6436	13
6437	11
6438	17
6439	16
6440	17
6441	9
6442	8
6443	12
6444	11
6445	12
6446	14
6447	13
6448	8
6449	9
6450	10
6451	12
6452	13
6453	5
6454	16
6455	13
6456	15
6457	12
6458	15
6459	11
6460	8
6461	10
6462	9
6463	11
6464	15
6465	11
6466	16
6467	13
6468	11
6469	12
6470	14
6471	12
6472	14
6473	14
6474	18
6475	11
6476	12
6477	12
6478	14
6479	13
6480	6
6481	14
6482	17
6483	9
6484	21
6485	9
6486	17
6487	11
6488	17
6489	14
6490	16
6491	11
6492	12
6493	21
6494	13
6495	9
6496	9
6497	9
6498	8
6499	13
6500	17
6501	11
6502	15
6503	12
6504	17
6505	16
6506	19
6507	9
6508	17
6509	10
6510	18
6511	16
6512	22
6513	9
6514	12
6515	16
6516	8
6517	12
6518	10
6519	14
6520	11
6521	17
6522	12
6523	17
6524	17
6525	18
6526	9
6527	13
6528	16
6529	13
6530	7
6531	10
6532	15
6533	9
6534	11
6535	17
6536	8
6537	19
6538	15
6539	17
6540	17
6541	8
6542	14
6543	10
6544	16
6545	18
6546	15
6547	12
6548	15
6549	21
6550	12
6551	11
6552	26
6553	13
6554	10
6555	22
6556	12
6557	14
6558	16
6559	16
6560	21
6561	11
6562	19
6563	15
6564	11
6565	18
6566	15
6567	12
6568	9
6569	14
6570	22
6571	8
6572	7
6573	16
6574	14
6575	14
6576	6
6577	15
6578	18
6579	13
6580	18
6581	13
6582	14
6583	8
6584	12
6585	9
6586	12
6587	16
6588	12
6589	10
6590	14
6591	19
6592	7
6593	15
6594	14
6595	16
6596	13
6597	14
6598	12
6599	10
6600	15
6601	14
6602	17
6603	6
6604	17
6605	15
6606	13
6607	20
6608	19
6609	14
6610	16
6611	9
6612	17
6613	10
6614	11
6615	10
6616	12
6617	20
6618	16
6619	14
6620	18
6621	17
6622	18
6623	17
6624	15
6625	14
6626	14
6627	11
6628	12
6629	8
6630	19
6631	13
6632	12
6633	14
6634	12
6635	9
6636	10
6637	14
6638	18
6639	17
6640	13
6641	23
6642	12
6643	6
6644	16
6645	15
6646	11
6647	16
6648	21
6649	11
6650	17
6651	13
6652	21
6653	14
6654	11
6655	12
6656	11
6657	13
6658	16
6659	9
6660	19
6661	6
6662	15
6663	18
6664	19
6665	17
6666	20
6667	16
6668	21
6669	14
6670	7
6671	22
6672	6
6673	13
6674	11
6675	14
6676	11
6677	17
6678	19
6679	15
6680	16
6681	14
6682	12
6683	19
6684	14
6685	13
6686	14
6687	8
6688	17
6689	19
6690	20
6691	10
6692	12
6693	12
6694	10
6695	9
6696	18
6697	9
6698	20
6699	15
6700	7
6701	14
6702	16
6703	13
6704	19
6705	15
6706	12
6707	14
6708	8
6709	20
6710	19
6711	8
6712	23
6713	13
6714	8
6715	12
6716	12
6717	13
6718	11
6719	16
6720	9
6721	13
6722	21
6723	17
6724	12
6725	16
6726	13
6727	14
6728	12
6729	17
6730	16
6731	14
6732	18
6733	8
6734	13
6735	10
6736	11
6737	13
6738	11
6739	15
6740	8
6741	8
6742	18
6743	9
6744	13
6745	15
6746	10
6747	13
6748	13
6749	19
6750	13
6751	7
6752	14
6753	13
6754	8
6755	17
6756	14
6757	12
6758	8
6759	8
6760	19
6761	15
6762	15
6763	8
6764	17
6765	12
6766	16
6767	11
6768	14
6769	8
6770	8
6771	17
6772	10
6773	13
6774	7
6775	14
6776	13
6777	21
6778	14
6779	9
6780	10
6781	8
6782	12
6783	16
6784	13
6785	12
6786	12
6787	11
6788	18
6789	10
6790	14
6791	10
6792	18
6793	11
6794	9
6795	13
6796	9
6797	16
6798	11
6799	10
6800	8
6801	14
6802	9
6803	9
6804	8
6805	12
6806	9
6807	11
6808	8
6809	12
6810	8
6811	9
6812	12
6813	22
6814	6
6815	15
6816	14
6817	9
6818	17
6819	12
6820	15
6821	13
6822	9
6823	12
6824	10
6825	13
6826	15
6827	9
6828	17
6829	6
6830	9
6831	17
6832	11
6833	11
6834	7
6835	17
6836	10
6837	12
6838	9
6839	17
6840	8
6841	7
6842	8
6843	9
6844	9
6845	13
6846	6
6847	7
6848	8
6849	5
6850	11
6851	13
6852	11
6853	12
6854	10
6855	12
6856	4
6857	7
6858	13
6859	7
6860	9
6861	8
6862	4
6863	13
6864	4
6865	14
6866	10
6867	12
6868	12
6869	9
6870	6
6871	10
6872	12
6873	15
6874	11
6875	9
6876	7
6877	8
6878	13
6879	9
6880	4
6881	7
6882	9
6883	11
6884	9
6885	10
6886	9
6887	9
6888	8
6889	5
6890	8
6891	10
6892	13
6893	15
6894	10
6895	12
6896	11
6897	6
6898	9
6899	7
6900	13
6901	9
6902	5
6903	13
6904	8
6905	9
6906	4
6907	12
6908	6
6909	10
6910	8
6911	8
6912	7
6913	5
6914	7
6915	5
6916	4
6917	4
6918	4
6919	6
6920	16
6921	8
6922	6
6923	9
6924	8
6925	11
6926	8
6927	4
6928	8
6929	9
6930	8
6931	4
6932	8
6933	10
6934	5
6935	4
6936	6
6937	11
6938	4
6939	6
6940	10
6941	10
6942	8
6943	5
6944	9
6945	3
6946	8
6947	5
6948	4
6949	6
6950	10
6951	8
6952	7
6953	3
6954	7
6955	4
6956	2
6957	11
6958	4
6959	5
6960	6
6961	7
6962	8
6963	6
6964	8
6965	9
6966	5
6967	6
6968	8
6969	8
6970	6
6971	7
6972	7
6973	6
6974	2
6975	5
6976	8
6977	3
6978	8
6979	5
6980	9
6981	6
6982	7
6983	1
6984	5
6985	5
6986	6
6987	4
6988	4
6989	5
6990	6
6991	6
6992	5
6993	5
6994	3
6995	4
6996	3
6997	4
6998	6
6999	6
7000	5
7001	3
7002	3
7003	4
7004	3
7005	6
7006	10
7007	3
7008	3
7009	7
7010	8
7011	3
7012	6
7013	7
7014	6
7015	7
7016	3
7017	5
7018	5
7019	0
7020	1
7021	4
7022	2
7023	5
7024	3
7025	5
7026	1
7027	2
7028	4
7029	0
7030	1
7031	2
7032	3
7033	2
7034	2
7035	5
7036	8
7037	5
7038	4
7039	4
7040	0
7041	4
7042	5
7043	3
7044	4
7045	5
7046	3
7047	3
7048	2
7049	2
7050	3
7051	3
7052	1
7053	6
7054	2
7055	3
7056	7
7057	3
7058	4
7059	2
7060	4
7061	2
7062	2
7063	2
7064	4
7065	3
7066	5
7067	3
7068	2
7069	3
7070	4
7071	8
7072	0
7073	3
7074	1
7075	2
7076	2
7077	0
7078	2
7079	2
7080	4
7081	3
7082	1
7083	4
7084	3
7085	2
7086	2
7087	4
7088	4
7089	0
7090	2
7091	3
7092	3
7093	3
7094	2
7095	2
7096	2
7097	2
7098	3
7099	1
7100	7
7101	1
7102	7
7103	2
7104	3
7105	2
7106	2
7107	0
7108	3
7109	3
7110	2
7111	2
7112	4
7113	3
7114	4
7115	1
7116	1
7117	1
7118	3
7119	0
7120	2
7121	2
7122	1
7123	2
7124	2
7125	3
7126	2
7127	1
7128	2
7129	1
7130	1
7131	4
7132	0
7133	3
7134	4
7135	1
7136	3
7137	2
7138	1
7139	1
7140	1
7141	0
7142	0
7143	1
7144	1
7145	2
7146	1
7147	1
7148	1
7149	1
7150	1
7151	3
7152	0
7153	1
7154	1
7155	3
7156	0
7157	1
7158	2
7159	2
7160	0
7161	0
7162	1
7163	1
7164	4
7165	2
7166	0
7167	1
7168	1
7169	4
7170	1
7171	1
7172	4
7173	1
7174	1
7175	0
7176	3
7177	1
7178	1
7179	1
7180	1
7181	2
7182	2
7183	2
7184	1
7185	1
7186	1
7187	1
7188	0
7189	2
7190	1
7191	1
7192	1
7193	1
7194	1
7195	2
7196	1
7197	0
7198	0
7199	2
7200	0
7201	0
7202	0
7203	0
7204	0
7205	0
7206	3
7207	0
7208	1
7209	2
7210	2
7211	3
7212	1
7213	0
7214	2
7215	2
7216	0
7217	3
7218	2
7219	0
7220	0
7221	1
7222	0
7223	1
7224	0
7225	0
7226	0
7227	0
7228	2
7229	1
7230	1
7231	0
7232	1
7233	0
7234	1
7235	2
7236	3
7237	0
7238	1
7239	2
7240	2
7241	0
7242	0
7243	2
7244	2
7245	0
7246	1
7247	2
7248	1
7249	0
7250	0
7251	1
7252	0
7253	1
7254	0
7255	1
7256	1
7257	0
7258	1
7259	0
7260	0
7261	0
7262	0
7263	1
7264	0
7265	0
7266	0
7267	0
7268	1
7269	1
7270	0
7271	1
7272	3
7273	0
7274	1
7275	0
7276	1
7277	0
7278	0
7279	0
7280	0
7281	1
7282	0
7283	1
7284	0
7285	1
7286	1
7287	2
7288	0
7289	1
7290	1
7291	1
7292	0
7293	0
7294	0
7295	0
7296	0
7297	0
7298	1
7299	1
7300	1
7301	0
7302	2
7303	0
7304	0
7305	1
7306	0
7307	0
7308	0
7309	2
7310	0
7311	3
7312	1
7313	1
7314	0
7315	2
7316	0
7317	0
7318	0
7319	0
7320	1
7321	0
7322	1
7323	1
7324	0
7325	2
7326	1
7327	1
7328	4
7329	0
7330	0
7331	1
7332	1
7333	2
7334	0
7335	0
7336	2
7337	1
7338	2
7339	2
7340	0
7341	2
7342	0
7343	1
7344	0
7345	1
7346	0
7347	1
7348	1
7349	1
7350	0
7351	0
7352	0
7353	0
7354	1
7355	0
7356	2
7357	0
7358	0
7359	0
7360	1
7361	0
7362	0
7363	2
7364	0
7365	1
7366	0
7367	0
7368	1
7369	1
7370	1
7371	0
7372	0
7373	0
7374	0
7375	1
7376	1
7377	0
7378	1
7379	0
7380	0
7381	0
7382	1
7383	0
7384	0
7385	1
7386	0
7387	0
7388	0
7389	0
7390	0
7391	0
7392	0
7393	0
7394	2
7395	0
7396	0
7397	1
7398	0
7399	0
7400	1
7401	0
7402	0
7403	1
7404	0
7405	1
7406	0
7407	1
7408	0
7409	0
7410	0
7411	0
7412	3
7413	0
7414	2
7415	1
7416	0
7417	1
7418	0
7419	0
7420	0
7421	1
7422	0
7423	0
7424	0
7425	0
7426	1
7427	2
7428	0
7429	0
7430	0
7431	2
7432	1
7433	0
7434	1
7435	0
7436	0
7437	0
7438	0
7439	0
7440	0
7441	3
7442	1
7443	3
7444	0
7445	1
7446	1
7447	0
7448	0
7449	0
7450	1
7451	0
7452	0
7453	0
7454	0
7455	0
7456	2
7457	0
7458	0
7459	0
7460	0
7461	0
7462	1
7463	0
7464	0
7465	0
7466	0
7467	0
7468	0
7469	2
7470	1
7471	0
7472	3
7473	1
7474	0
7475	3
7476	0
7477	1
7478	1
7479	0
7480	0
7481	0
7482	0
7483	0
7484	0
7485	0
7486	1
7487	0
7488	1
7489	0
7490	1
7491	0
7492	0
7493	1
7494	1
7495	0
7496	0
7497	0
7498	1
7499	0
7500	2
7501	0
7502	3
7503	0
7504	0
7505	0
7506	1
7507	0
7508	2
7509	0
7510	1
7511	0
7512	0
7513	0
7514	0
7515	0
7516	0
7517	1
7518	0
7519	0
7520	0
7521	0
7522	0
7523	0
7524	0
7525	0
7526	0
7527	0
7528	1
7529	1
7530	0
7531	0
7532	0
7533	0
7534	1
7535	1
7536	0
7537	0
7538	0
7539	0
7540	1
7541	0
7542	0
7543	0
7544	0
7545	0
7546	1
7547	0
7548	0
7549	0
7550	1
7551	0
7552	2
7553	0
7554	0
7555	0
7556	0
7557	0
7558	1
7559	0
7560	1
7561	0
7562	0
7563	0
7564	2
7565	0
7566	0
7567	0
7568	0
7569	1
7570	0
7571	1
7572	1
7573	0
7574	1
7575	2
7576	0
7577	1
7578	0
7579	0
7580	0
7581	1
7582	2
7583	0
7584	1
7585	0
7586	1
7587	1
7588	1
7589	0
7590	1
7591	2
7592	1
7593	0
7594	0
7595	1
7596	1
7597	0
7598	1
7599	2
7600	0
7601	0
7602	0
7603	0
7604	0
7605	0
7606	0
7607	0
7608	0
7609	1
7610	0
7611	0
7612	2
7613	0
7614	0
7615	0
7616	0
7617	0
7618	0
7619	0
7620	0
7621	0
7622	0
7623	1
7624	1
7625	2
7626	1
7627	1
7628	0
7629	0
7630	1
7631	2
7632	0
7633	1
7634	1
7635	0
7636	0
7637	0
7638	1
7639	2
7640	0
7641	0
7642	0
7643	0
7644	0
7645	0
7646	1
7647	0
7648	0
7649	0
7650	1
7651	0
7652	1
7653	0
7654	1
7655	1
7656	0
7657	2
7658	1
7659	0
7660	0
7661	1
7662	0
7663	0
7664	1
7665	1
7666	1
7667	0
7668	0
7669	1
7670	1
7671	1
7672	1
7673	0
7674	1
7675	0
7676	2
7677	0
7678	1
7679	0
7680	1
7681	0
7682	1
7683	0
7684	1
7685	3
7686	1
7687	1
7688	0
7689	0
7690	0
7691	1
7692	0
7693	0
7694	1
7695	1
7696	1
7697	0
7698	1
7699	0
7700	0
7701	2
7702	0
7703	0
7704	0
7705	0
7706	2
7707	1
7708	0
7709	1
7710	0
7711	0
7712	2
7713	0
7714	0
7715	1
7716	1
7717	1
7718	0
7719	0
7720	1
7721	2
7722	0
7723	0
7724	0
7725	0
7726	0
7727	0
7728	0
7729	0
7730	1
7731	0
7732	0
7733	0
7734	0
7735	0
7736	0
7737	0
7738	0
7739	0
7740	0
7741	1
7742	2
7743	0
7744	1
7745	0
7746	0
7747	0
7748	0
7749	0
7750	0
7751	0
7752	2
7753	0
7754	0
7755	0
7756	0
7757	2
7758	0
7759	1
7760	0
7761	2
7762	1
7763	1
7764	0
7765	0
7766	0
7767	0
7768	0
7769	0
7770	0
7771	0
7772	1
7773	2
7774	0
7775	0
7776	0
7777	1
7778	0
7779	0
7780	1
7781	1
7782	2
7783	0
7784	1
7785	0
7786	0
7787	0
7788	1
7789	1
7790	1
7791	1
7792	2
7793	0
7794	0
7795	2
7796	0
7797	0
7798	1
7799	0
7800	1
7801	0
7802	0
7803	0
7804	1
7805	0
7806	1
7807	1
7808	0
7809	0
7810	0
7811	0
7812	1
7813	0
7814	1
7815	1
7816	1
7817	0
7818	3
7819	0
7820	0
7821	1
7822	0
7823	0
7824	0
7825	0
7826	0
7827	0
7828	0
7829	0
7830	1
7831	0
7832	0
7833	0
7834	0
7835	0
7836	0
7837	0
7838	1
7839	3
7840	1
7841	1
7842	1
7843	0
7844	0
7845	0
7846	0
7847	2
7848	0
7849	1
7850	0
7851	1
7852	0
7853	1
7854	0
7855	1
7856	0
7857	1
7858	0
7859	0
7860	0
7861	0
7862	0
7863	1
7864	0
7865	1
7866	1
7867	1
7868	0
7869	0
7870	0
7871	1
7872	0
7873	0
7874	1
7875	1
7876	0
7877	1
7878	1
7879	0
7880	1
7881	1
7882	1
7883	0
7884	0
7885	1
7886	0
7887	1
7888	2
7889	0
7890	0
7891	0
7892	0
7893	0
7894	0
7895	0
7896	0
7897	1
7898	0
7899	1
7900	0
7901	0
7902	0
7903	0
7904	0
7905	0
7906	0
7907	0
7908	1
7909	1
7910	0
7911	0
7912	0
7913	0
7914	3
7915	0
7916	0
7917	0
7918	1
7919	1
7920	0
7921	1
7922	0
7923	0
7924	0
7925	1
7926	0
7927	0
7928	0
7929	3
7930	1
7931	1
7932	1
7933	1
7934	1
7935	1
7936	1
7937	0
7938	0
7939	1
7940	0
7941	3
7942	0
7943	0
7944	0
7945	1
7946	1
7947	0
7948	0
7949	0
7950	1
7951	0
7952	0
7953	0
7954	1
7955	0
7956	0
7957	0
7958	1
7959	0
7960	0
7961	2
7962	0
7963	0
7964	0
7965	0
7966	1
7967	1
7968	0
7969	2
7970	1
7971	0
7972	0
7973	0
7974	1
7975	1
7976	0
7977	0
7978	0
7979	1
7980	0
7981	0
7982	0
7983	1
7984	1
7985	1
7986	0
7987	0
7988	0
7989	3
7990	0
7991	1
7992	0
7993	0
7994	2
7995	1
7996	0
7997	0
7998	0
7999	1
8000	0
8001	0
8002	0
8003	0
8004	0
8005	1
8006	0
8007	0
8008	2
8009	1
8010	1
8011	0
8012	1
8013	2
8014	0
8015	0
8016	1
8017	0
8018	1
8019	0
8020	0
8021	0
8022	1
8023	0
8024	0
8025	0
8026	1
8027	0
8028	0
8029	0
8030	1
8031	1
8032	0
8033	1
8034	1
8035	1
8036	1
8037	0
8038	2
8039	0
8040	0
8041	0
8042	0
8043	0
8044	0
8045	0
8046	0
8047	0
8048	0
8049	0
8050	1
8051	0
8052	1
8053	0
8054	1
8055	2
8056	1
8057	0
8058	0
8059	0
8060	0
8061	1
8062	0
8063	2
8064	1
8065	2
8066	0
8067	1
8068	0
8069	0
8070	0
8071	0
8072	0
8073	0
8074	0
8075	0
8076	2
8077	1
8078	0
8079	0
8080	2
8081	0
8082	0
8083	0
8084	0
8085	0
8086	1
8087	1
8088	1
8089	2
8090	1
8091	0
8092	0
8093	0
8094	2
8095	0
8096	1
8097	0
8098	0
8099	0
8100	0
8101	1
8102	0
8103	0
8104	0
8105	0
8106	0
8107	0
8108	0
8109	0
8110	0
8111	0
8112	0
8113	0
8114	0
8115	0
8116	0
8117	0
8118	0
8119	0
8120	0
8121	0
8122	0
8123	0
8124	0
8125	0
8126	0
8127	0
8128	0
8129	0
8130	0
8131	0
8132	0
8133	0
8134	0
8135	0
8136	0
8137	0
8138	0
8139	0
8140	0
8141	0
8142	0
8143	0
8144	0
8145	0
8146	0
8147	0
8148	0
8149	0
8150	0
8151	0
8152	0
8153	0
8154	0
8155	0
8156	0
8157	0
8158	0
8159	0
8160	0
8161	0
8162	0
8163	0
8164	0
8165	0
8166	0
8167	0
8168	0
8169	0
8170	0
8171	0
8172	0
8173	0
8174	0
8175	0
8176	0
8177	0
8178	0
8179	0
8180	0
8181	0
8182	0
8183	0
8184	0
8185	0
8186	0
8187	0
8188	0
8189	0
8190	0
8191	0
