0	0
1	0
2	0
3	0
4	0
5	0
6	0
7	0
8	0
9	0
10	0
11	0
12	0
13	0
14	0
15	0
16	0
17	0
18	0
19	0
20	0
21	0
22	0
23	0
24	0
25	0
26	0
27	0
28	0
29	0
30	0
31	0
32	0
33	0
34	0
35	0
36	0
37	0
38	0
39	0
40	0
41	0
42	0
43	0
44	0
45	0
46	0
47	0
48	0
49	0
50	0
51	0
52	0
53	0
54	0
55	0
56	0
57	0
58	0
59	0
60	0
61	0
62	0
63	0
64	0
65	0
66	0
67	0
68	0
69	0
70	0
71	0
72	0
73	0
74	0
75	0
76	0
77	0
78	0
79	0
80	0
81	0
82	0
83	0
84	0
85	0
86	0
87	0
88	0
89	0
90	0
91	0
92	0
93	0
94	0
95	0
96	0
97	0
98	0
99	0
100	0
101	0
102	0
103	0
104	0
105	0
106	0
107	0
108	0
109	0
110	0
111	0
112	0
113	0
114	0
115	0
116	0
117	0
118	0
119	0
120	0
121	0
122	0
123	0
124	0
125	0
126	0
127	0
128	0
129	0
130	0
131	0
132	0
133	0
134	0
135	0
136	0
137	0
138	0
139	0
140	0
141	0
142	0
143	0
144	0
145	0
146	0
147	0
148	0
149	0
150	0
151	0
152	0
153	0
154	0
155	0
156	0
157	0
158	0
159	0
160	0
161	0
162	0
163	0
164	0
165	0
166	0
167	0
168	0
169	0
170	0
171	0
172	0
173	0
174	0
175	0
176	0
177	0
178	0
179	0
180	2
181	6
182	20
183	23
184	32
185	30
186	36
187	27
188	24
189	20
190	30
191	29
192	26
193	17
194	19
195	24
196	28
197	22
198	14
199	31
200	22
201	23
202	26
203	11
204	29
205	32
206	20
207	24
208	22
209	24
210	23
211	21
212	26
213	27
214	12
215	18
216	24
217	16
218	20
219	17
220	18
221	16
222	22
223	23
224	17
225	22
226	25
227	20
228	16
229	21
230	26
231	21
232	19
233	16
234	17
235	24
236	33
237	20
238	31
239	18
240	10
241	21
242	25
243	21
244	18
245	19
246	13
247	20
248	25
249	18
250	21
251	29
252	14
253	20
254	16
255	24
256	19
257	24
258	15
259	24
260	17
261	17
262	26
263	27
264	20
265	18
266	23
267	20
268	16
269	14
270	8
271	22
272	26
273	24
274	14
275	20
276	13
277	19
278	24
279	29
280	18
281	23
282	25
283	14
284	19
285	16
286	22
287	19
288	14
289	20
290	17
291	25
292	20
293	17
294	28
295	15
296	18
297	17
298	13
299	20
300	27
301	23
302	23
303	21
304	22
305	23
306	24
307	26
308	28
309	18
310	16
311	19
312	28
313	17
314	19
315	28
316	16
317	26
318	23
319	22
320	27
321	22
322	25
323	19
324	21
325	18
326	17
327	14
328	13
329	25
330	24
331	18
332	20
333	17
334	21
335	28
336	28
337	19
338	27
339	16
340	18
341	26
342	21
343	21
344	14
345	24
346	17
347	28
348	18
349	23
350	21
351	13
352	22
353	15
354	20
355	28
356	26
357	26
358	18
359	22
360	15
361	23
362	24
363	27
364	19
365	26
366	17
367	18
368	15
369	17
370	26
371	27
372	25
373	30
374	16
375	20
376	23
377	12
378	16
379	22
380	21
381	21
382	30
383	20
384	16
385	22
386	24
387	19
388	11
389	21
390	23
391	17
392	15
393	14
394	24
395	18
396	22
397	17
398	18
399	24
400	29
401	26
402	16
403	22
404	21
405	24
406	29
407	14
408	19
409	14
410	22
411	18
412	18
413	20
414	23
415	23
416	18
417	22
418	20
419	20
420	29
421	20
422	19
423	18
424	19
425	26
426	16
427	25
428	31
429	23
430	18
431	23
432	20
433	23
434	19
435	22
436	22
437	19
438	22
439	17
440	23
441	24
442	15
443	27
444	22
445	25
446	25
447	23
448	24
449	22
450	18
451	33
452	18
453	23
454	35
455	24
456	26
457	24
458	29
459	15
460	27
461	22
462	18
463	31
464	15
465	27
466	19
467	17
468	15
469	29
470	26
471	22
472	22
473	25
474	28
475	23
476	12
477	20
478	20
479	22
480	27
481	27
482	26
483	28
484	22
485	18
486	26
487	24
488	21
489	22
490	19
491	21
492	21
493	25
494	20
495	24
496	23
497	19
498	20
499	29
500	27
501	35
502	32
503	20
504	28
505	26
506	15
507	20
508	20
509	24
510	19
511	27
512	22
513	20
514	24
515	34
516	32
517	17
518	18
519	17
520	32
521	23
522	26
523	22
524	23
525	28
526	25
527	25
528	16
529	24
530	29
531	26
532	27
533	24
534	27
535	32
536	23
537	30
538	17
539	27
540	20
541	22
542	15
543	24
544	24
545	26
546	23
547	15
548	34
549	22
550	32
551	13
552	25
553	21
554	22
555	18
556	26
557	28
558	18
559	23
560	29
561	26
562	15
563	16
564	25
565	32
566	22
567	21
568	21
569	25
570	17
571	16
572	26
573	26
574	18
575	23
576	24
577	15
578	25
579	31
580	15
581	15
582	16
583	23
584	19
585	24
586	21
587	20
588	17
589	19
590	24
591	25
592	33
593	32
594	26
595	19
596	25
597	15
598	13
599	22
600	24
601	18
602	26
603	16
604	19
605	26
606	22
607	27
608	29
609	23
610	14
611	14
612	24
613	25
614	31
615	22
616	25
617	15
618	18
619	20
620	27
621	26
622	23
623	12
624	21
625	23
626	26
627	24
628	26
629	29
630	21
631	23
632	20
633	22
634	34
635	28
636	28
637	21
638	16
639	26
640	22
641	19
642	24
643	22
644	20
645	29
646	24
647	17
648	21
649	24
650	17
651	24
652	24
653	14
654	33
655	22
656	30
657	24
658	23
659	28
660	28
661	32
662	22
663	15
664	22
665	30
666	24
667	30
668	15
669	18
670	34
671	28
672	21
673	20
674	17
675	18
676	23
677	22
678	27
679	23
680	20
681	24
682	19
683	20
684	20
685	27
686	29
687	25
688	33
689	23
690	18
691	16
692	22
693	15
694	23
695	17
696	21
697	14
698	28
699	25
700	29
701	23
702	25
703	23
704	20
705	30
706	24
707	25
708	22
709	17
710	26
711	22
712	33
713	31
714	22
715	16
716	19
717	22
718	37
719	27
720	23
721	23
722	32
723	30
724	22
725	27
726	27
727	25
728	23
729	23
730	26
731	22
732	24
733	28
734	23
735	34
736	25
737	28
738	24
739	23
740	19
741	15
742	19
743	22
744	24
745	32
746	33
747	31
748	24
749	24
750	27
751	28
752	38
753	47
754	23
755	24
756	28
757	36
758	30
759	30
760	24
761	40
762	22
763	29
764	24
765	30
766	27
767	34
768	21
769	26
770	41
771	28
772	24
773	18
774	31
775	30
776	28
777	27
778	34
779	25
780	24
781	28
782	22
783	35
784	25
785	26
786	31
787	34
788	27
789	27
790	34
791	37
792	38
793	35
794	37
795	34
796	38
797	40
798	28
799	44
800	46
801	33
802	35
803	41
804	41
805	28
806	42
807	50
808	37
809	34
810	49
811	47
812	41
813	38
814	43
815	42
816	45
817	38
818	42
819	39
820	47
821	50
822	43
823	38
824	39
825	44
826	35
827	41
828	45
829	42
830	48
831	44
832	40
833	45
834	54
835	57
836	55
837	42
838	48
839	68
840	52
841	52
842	37
843	56
844	40
845	47
846	48
847	40
848	52
849	63
850	56
851	43
852	54
853	57
854	56
855	58
856	51
857	43
858	63
859	40
860	63
861	64
862	50
863	59
864	53
865	56
866	54
867	41
868	46
869	48
870	52
871	50
872	58
873	48
874	62
875	71
876	39
877	44
878	48
879	51
880	53
881	46
882	53
883	56
884	56
885	49
886	40
887	46
888	45
889	49
890	45
891	39
892	39
893	42
894	41
895	58
896	48
897	45
898	47
899	39
900	49
901	50
902	28
903	44
904	36
905	41
906	33
907	33
908	44
909	40
910	37
911	44
912	47
913	39
914	36
915	37
916	34
917	40
918	34
919	46
920	27
921	41
922	44
923	41
924	32
925	25
926	35
927	41
928	31
929	21
930	36
931	31
932	29
933	38
934	32
935	38
936	35
937	31
938	30
939	21
940	38
941	37
942	24
943	42
944	31
945	51
946	29
947	41
948	33
949	37
950	35
951	43
952	37
953	36
954	27
955	47
956	35
957	34
958	50
959	43
960	39
961	37
962	43
963	40
964	29
965	28
966	34
967	26
968	43
969	38
970	37
971	35
972	41
973	40
974	31
975	29
976	28
977	39
978	37
979	35
980	45
981	24
982	32
983	42
984	32
985	32
986	35
987	41
988	43
989	28
990	39
991	28
992	41
993	28
994	35
995	31
996	45
997	43
998	35
999	22
1000	45
1001	37
1002	33
1003	26
1004	33
1005	28
1006	28
1007	25
1008	44
1009	37
1010	32
1011	34
1012	40
1013	45
1014	42
1015	36
1016	33
1017	21
1018	30
1019	42
1020	22
1021	54
1022	41
1023	24
1024	33
1025	28
1026	37
1027	28
1028	30
1029	27
1030	32
1031	35
1032	39
1033	25
1034	28
1035	30
1036	25
1037	28
1038	24
1039	29
1040	29
1041	35
1042	37
1043	23
1044	47
1045	39
1046	32
1047	36
1048	25
1049	32
1050	29
1051	29
1052	25
1053	20
1054	25
1055	25
1056	44
1057	25
1058	33
1059	28
1060	29
1061	33
1062	29
1063	39
1064	21
1065	34
1066	29
1067	25
1068	19
1069	36
1070	32
1071	30
1072	32
1073	25
1074	21
1075	30
1076	22
1077	27
1078	31
1079	36
1080	28
1081	27
1082	31
1083	31
1084	31
1085	24
1086	24
1087	25
1088	25
1089	24
1090	23
1091	25
1092	34
1093	31
1094	20
1095	33
1096	19
1097	21
1098	30
1099	35
1100	23
1101	27
1102	18
1103	35
1104	23
1105	27
1106	28
1107	26
1108	29
1109	29
1110	26
1111	25
1112	30
1113	23
1114	24
1115	30
1116	29
1117	33
1118	28
1119	25
1120	28
1121	35
1122	28
1123	34
1124	32
1125	25
1126	34
1127	25
1128	25
1129	23
1130	37
1131	28
1132	20
1133	32
1134	20
1135	24
1136	24
1137	27
1138	28
1139	30
1140	37
1141	29
1142	20
1143	33
1144	32
1145	32
1146	29
1147	28
1148	32
1149	33
1150	30
1151	37
1152	35
1153	35
1154	35
1155	23
1156	39
1157	22
1158	31
1159	33
1160	39
1161	27
1162	32
1163	28
1164	25
1165	23
1166	24
1167	36
1168	36
1169	38
1170	42
1171	45
1172	32
1173	30
1174	33
1175	37
1176	25
1177	33
1178	31
1179	37
1180	22
1181	34
1182	37
1183	24
1184	36
1185	32
1186	42
1187	32
1188	26
1189	25
1190	38
1191	34
1192	30
1193	28
1194	33
1195	36
1196	37
1197	29
1198	32
1199	29
1200	28
1201	29
1202	24
1203	26
1204	30
1205	20
1206	29
1207	35
1208	33
1209	39
1210	25
1211	32
1212	46
1213	39
1214	34
1215	28
1216	27
1217	28
1218	30
1219	34
1220	28
1221	34
1222	36
1223	34
1224	30
1225	28
1226	31
1227	29
1228	27
1229	29
1230	25
1231	37
1232	39
1233	28
1234	36
1235	34
1236	27
1237	30
1238	27
1239	41
1240	33
1241	43
1242	36
1243	36
1244	34
1245	41
1246	32
1247	30
1248	33
1249	39
1250	38
1251	39
1252	34
1253	31
1254	29
1255	29
1256	33
1257	36
1258	34
1259	32
1260	30
1261	27
1262	47
1263	29
1264	37
1265	38
1266	33
1267	37
1268	25
1269	27
1270	34
1271	40
1272	36
1273	43
1274	28
1275	38
1276	45
1277	33
1278	32
1279	36
1280	28
1281	31
1282	36
1283	40
1284	33
1285	30
1286	35
1287	36
1288	31
1289	32
1290	28
1291	37
1292	41
1293	37
1294	29
1295	41
1296	45
1297	47
1298	33
1299	43
1300	23
1301	35
1302	37
1303	37
1304	33
1305	38
1306	34
1307	37
1308	42
1309	36
1310	38
1311	37
1312	32
1313	49
1314	27
1315	42
1316	33
1317	49
1318	28
1319	33
1320	34
1321	41
1322	34
1323	33
1324	30
1325	29
1326	47
1327	43
1328	24
1329	39
1330	38
1331	31
1332	40
1333	30
1334	39
1335	52
1336	41
1337	42
1338	42
1339	39
1340	22
1341	42
1342	35
1343	34
1344	39
1345	38
1346	30
1347	30
1348	33
1349	42
1350	39
1351	29
1352	34
1353	41
1354	44
1355	45
1356	36
1357	43
1358	53
1359	41
1360	35
1361	34
1362	35
1363	40
1364	50
1365	39
1366	47
1367	37
1368	46
1369	33
1370	39
1371	45
1372	47
1373	32
1374	31
1375	32
1376	21
1377	30
1378	46
1379	42
1380	40
1381	43
1382	29
1383	24
1384	28
1385	51
1386	41
1387	34
1388	29
1389	41
1390	40
1391	40
1392	42
1393	42
1394	29
1395	44
1396	43
1397	49
1398	38
1399	45
1400	34
1401	38
1402	51
1403	48
1404	35
1405	28
1406	44
1407	45
1408	31
1409	48
1410	36
1411	47
1412	38
1413	44
1414	32
1415	31
1416	40
1417	39
1418	31
1419	53
1420	37
1421	35
1422	37
1423	37
1424	36
1425	34
1426	37
1427	42
1428	43
1429	39
1430	54
1431	33
1432	32
1433	37
1434	36
1435	43
1436	49
1437	34
1438	43
1439	34
1440	33
1441	38
1442	44
1443	39
1444	47
1445	41
1446	56
1447	39
1448	36
1449	55
1450	50
1451	56
1452	48
1453	43
1454	33
1455	37
1456	43
1457	47
1458	34
1459	39
1460	40
1461	37
1462	32
1463	35
1464	56
1465	41
1466	40
1467	35
1468	40
1469	43
1470	45
1471	35
1472	54
1473	37
1474	35
1475	40
1476	40
1477	39
1478	44
1479	36
1480	29
1481	48
1482	36
1483	36
1484	47
1485	28
1486	38
1487	42
1488	32
1489	41
1490	50
1491	34
1492	49
1493	41
1494	32
1495	43
1496	35
1497	45
1498	49
1499	46
1500	35
1501	40
1502	36
1503	56
1504	39
1505	40
1506	36
1507	49
1508	47
1509	45
1510	44
1511	47
1512	50
1513	47
1514	46
1515	37
1516	31
1517	39
1518	52
1519	41
1520	38
1521	40
1522	43
1523	25
1524	35
1525	42
1526	48
1527	35
1528	50
1529	50
1530	44
1531	44
1532	60
1533	43
1534	43
1535	49
1536	47
1537	44
1538	56
1539	33
1540	29
1541	47
1542	49
1543	55
1544	53
1545	38
1546	38
1547	34
1548	59
1549	40
1550	50
1551	45
1552	41
1553	55
1554	42
1555	41
1556	42
1557	45
1558	34
1559	39
1560	51
1561	62
1562	47
1563	50
1564	44
1565	36
1566	57
1567	48
1568	52
1569	37
1570	55
1571	59
1572	40
1573	50
1574	57
1575	35
1576	36
1577	49
1578	40
1579	48
1580	42
1581	47
1582	51
1583	41
1584	35
1585	39
1586	57
1587	41
1588	43
1589	52
1590	46
1591	43
1592	34
1593	45
1594	48
1595	53
1596	48
1597	49
1598	45
1599	40
1600	50
1601	47
1602	42
1603	50
1604	39
1605	45
1606	58
1607	59
1608	54
1609	56
1610	57
1611	58
1612	56
1613	38
1614	49
1615	43
1616	44
1617	46
1618	44
1619	56
1620	58
1621	41
1622	48
1623	35
1624	42
1625	43
1626	51
1627	46
1628	43
1629	50
1630	50
1631	48
1632	36
1633	39
1634	44
1635	68
1636	47
1637	46
1638	47
1639	42
1640	43
1641	47
1642	47
1643	38
1644	38
1645	57
1646	56
1647	50
1648	46
1649	62
1650	52
1651	51
1652	45
1653	46
1654	34
1655	53
1656	58
1657	50
1658	35
1659	43
1660	43
1661	43
1662	48
1663	41
1664	48
1665	47
1666	42
1667	53
1668	53
1669	45
1670	50
1671	46
1672	37
1673	38
1674	41
1675	33
1676	48
1677	54
1678	44
1679	42
1680	47
1681	45
1682	56
1683	68
1684	55
1685	48
1686	62
1687	56
1688	50
1689	50
1690	57
1691	51
1692	37
1693	43
1694	38
1695	51
1696	47
1697	47
1698	42
1699	55
1700	55
1701	46
1702	49
1703	33
1704	43
1705	54
1706	53
1707	51
1708	54
1709	50
1710	48
1711	45
1712	47
1713	55
1714	54
1715	53
1716	47
1717	57
1718	51
1719	41
1720	41
1721	37
1722	39
1723	45
1724	39
1725	51
1726	52
1727	40
1728	56
1729	48
1730	46
1731	37
1732	44
1733	44
1734	48
1735	49
1736	49
1737	56
1738	45
1739	50
1740	40
1741	44
1742	51
1743	53
1744	55
1745	43
1746	41
1747	53
1748	55
1749	43
1750	46
1751	50
1752	42
1753	45
1754	60
1755	46
1756	53
1757	35
1758	51
1759	45
1760	46
1761	55
1762	60
1763	48
1764	39
1765	67
1766	50
1767	50
1768	41
1769	36
1770	49
1771	49
1772	49
1773	50
1774	61
1775	45
1776	53
1777	66
1778	54
1779	37
1780	38
1781	63
1782	62
1783	52
1784	44
1785	51
1786	39
1787	43
1788	58
1789	58
1790	41
1791	49
1792	55
1793	50
1794	52
1795	44
1796	50
1797	35
1798	45
1799	65
1800	43
1801	49
1802	59
1803	49
1804	56
1805	52
1806	55
1807	53
1808	53
1809	45
1810	43
1811	62
1812	52
1813	58
1814	49
1815	56
1816	60
1817	50
1818	44
1819	45
1820	53
1821	57
1822	47
1823	54
1824	57
1825	56
1826	46
1827	41
1828	66
1829	52
1830	46
1831	57
1832	41
1833	52
1834	54
1835	43
1836	37
1837	53
1838	52
1839	58
1840	45
1841	52
1842	50
1843	45
1844	55
1845	45
1846	49
1847	43
1848	49
1849	50
1850	48
1851	48
1852	47
1853	60
1854	49
1855	50
1856	57
1857	59
1858	53
1859	56
1860	40
1861	40
1862	42
1863	60
1864	61
1865	59
1866	56
1867	64
1868	51
1869	43
1870	60
1871	53
1872	54
1873	47
1874	55
1875	60
1876	52
1877	57
1878	52
1879	51
1880	51
1881	55
1882	65
1883	60
1884	36
1885	44
1886	62
1887	49
1888	39
1889	58
1890	46
1891	43
1892	53
1893	52
1894	50
1895	44
1896	57
1897	49
1898	47
1899	58
1900	46
1901	45
1902	51
1903	50
1904	54
1905	65
1906	48
1907	48
1908	59
1909	39
1910	48
1911	55
1912	50
1913	44
1914	62
1915	51
1916	55
1917	54
1918	58
1919	50
1920	35
1921	51
1922	59
1923	52
1924	57
1925	53
1926	56
1927	55
1928	46
1929	57
1930	38
1931	50
1932	56
1933	55
1934	52
1935	62
1936	49
1937	65
1938	48
1939	43
1940	42
1941	58
1942	57
1943	51
1944	59
1945	60
1946	42
1947	54
1948	64
1949	53
1950	51
1951	51
1952	58
1953	46
1954	47
1955	67
1956	64
1957	55
1958	57
1959	38
1960	53
1961	67
1962	49
1963	56
1964	44
1965	55
1966	55
1967	43
1968	41
1969	43
1970	53
1971	58
1972	50
1973	55
1974	52
1975	59
1976	50
1977	55
1978	44
1979	50
1980	53
1981	57
1982	57
1983	57
1984	61
1985	59
1986	61
1987	39
1988	45
1989	69
1990	63
1991	56
1992	57
1993	56
1994	51
1995	48
1996	54
1997	43
1998	49
1999	57
2000	55
2001	62
2002	70
2003	38
2004	50
2005	60
2006	56
2007	52
2008	47
2009	41
2010	60
2011	48
2012	63
2013	55
2014	55
2015	52
2016	54
2017	61
2018	65
2019	50
2020	42
2021	46
2022	56
2023	48
2024	56
2025	67
2026	41
2027	45
2028	64
2029	67
2030	67
2031	56
2032	61
2033	49
2034	54
2035	50
2036	54
2037	60
2038	66
2039	55
2040	52
2041	63
2042	53
2043	45
2044	67
2045	54
2046	65
2047	53
2048	54
2049	65
2050	55
2051	51
2052	48
2053	60
2054	54
2055	43
2056	61
2057	64
2058	59
2059	48
2060	53
2061	67
2062	48
2063	55
2064	60
2065	51
2066	44
2067	59
2068	51
2069	65
2070	64
2071	56
2072	65
2073	58
2074	40
2075	58
2076	55
2077	45
2078	56
2079	54
2080	59
2081	58
2082	49
2083	54
2084	60
2085	39
2086	43
2087	53
2088	53
2089	58
2090	54
2091	54
2092	69
2093	72
2094	59
2095	43
2096	47
2097	64
2098	64
2099	45
2100	44
2101	62
2102	53
2103	39
2104	61
2105	63
2106	62
2107	54
2108	68
2109	57
2110	66
2111	60
2112	57
2113	44
2114	58
2115	48
2116	39
2117	56
2118	45
2119	50
2120	47
2121	52
2122	54
2123	59
2124	60
2125	51
2126	48
2127	44
2128	52
2129	49
2130	52
2131	52
2132	45
2133	58
2134	61
2135	48
2136	55
2137	42
2138	44
2139	44
2140	55
2141	53
2142	46
2143	66
2144	49
2145	45
2146	54
2147	62
2148	64
2149	56
2150	58
2151	61
2152	63
2153	47
2154	56
2155	50
2156	55
2157	57
2158	47
2159	54
2160	63
2161	45
2162	40
2163	51
2164	50
2165	48
2166	50
2167	54
2168	49
2169	62
2170	51
2171	65
2172	53
2173	53
2174	59
2175	44
2176	57
2177	59
2178	59
2179	58
2180	58
2181	53
2182	46
2183	46
2184	61
2185	67
2186	58
2187	52
2188	39
2189	43
2190	51
2191	44
2192	45
2193	47
2194	57
2195	46
2196	59
2197	53
2198	49
2199	52
2200	60
2201	50
2202	68
2203	56
2204	54
2205	40
2206	46
2207	54
2208	49
2209	60
2210	57
2211	74
2212	52
2213	59
2214	54
2215	49
2216	55
2217	56
2218	43
2219	53
2220	56
2221	59
2222	51
2223	54
2224	45
2225	39
2226	60
2227	50
2228	47
2229	65
2230	53
2231	48
2232	58
2233	62
2234	54
2235	45
2236	41
2237	60
2238	46
2239	51
2240	51
2241	42
2242	48
2243	61
2244	40
2245	63
2246	48
2247	48
2248	52
2249	50
2250	48
2251	54
2252	55
2253	56
2254	59
2255	59
2256	49
2257	47
2258	57
2259	50
2260	44
2261	56
2262	41
2263	42
2264	46
2265	50
2266	46
2267	51
2268	45
2269	53
2270	56
2271	50
2272	61
2273	42
2274	44
2275	57
2276	55
2277	51
2278	69
2279	33
2280	51
2281	57
2282	45
2283	47
2284	48
2285	52
2286	48
2287	45
2288	53
2289	57
2290	40
2291	51
2292	48
2293	50
2294	51
2295	54
2296	47
2297	52
2298	45
2299	51
2300	49
2301	47
2302	47
2303	45
2304	47
2305	42
2306	56
2307	50
2308	62
2309	62
2310	41
2311	51
2312	47
2313	56
2314	66
2315	47
2316	49
2317	47
2318	44
2319	46
2320	41
2321	44
2322	43
2323	49
2324	50
2325	42
2326	35
2327	47
2328	43
2329	37
2330	42
2331	57
2332	53
2333	50
2334	49
2335	44
2336	47
2337	61
2338	34
2339	50
2340	38
2341	47
2342	52
2343	53
2344	53
2345	43
2346	44
2347	47
2348	43
2349	58
2350	43
2351	50
2352	40
2353	51
2354	45
2355	48
2356	46
2357	44
2358	58
2359	50
2360	43
2361	45
2362	41
2363	45
2364	31
2365	40
2366	48
2367	38
2368	50
2369	53
2370	33
2371	51
2372	49
2373	43
2374	35
2375	35
2376	43
2377	44
2378	43
2379	43
2380	63
2381	41
2382	42
2383	58
2384	42
2385	50
2386	50
2387	52
2388	35
2389	35
2390	53
2391	37
2392	36
2393	53
2394	59
2395	43
2396	38
2397	49
2398	42
2399	45
2400	45
2401	44
2402	39
2403	51
2404	41
2405	33
2406	54
2407	49
2408	49
2409	55
2410	52
2411	44
2412	54
2413	48
2414	40
2415	43
2416	50
2417	43
2418	41
2419	47
2420	39
2421	45
2422	64
2423	53
2424	51
2425	37
2426	39
2427	46
2428	59
2429	35
2430	41
2431	43
2432	66
2433	38
2434	38
2435	39
2436	40
2437	43
2438	38
2439	38
2440	51
2441	38
2442	46
2443	45
2444	41
2445	50
2446	44
2447	43
2448	50
2449	41
2450	54
2451	34
2452	58
2453	34
2454	49
2455	48
2456	42
2457	39
2458	43
2459	50
2460	46
2461	56
2462	46
2463	49
2464	41
2465	45
2466	40
2467	38
2468	37
2469	41
2470	41
2471	41
2472	37
2473	31
2474	50
2475	34
2476	33
2477	38
2478	39
2479	37
2480	39
2481	38
2482	47
2483	42
2484	38
2485	28
2486	39
2487	47
2488	52
2489	40
2490	63
2491	37
2492	47
2493	46
2494	31
2495	30
2496	43
2497	43
2498	45
2499	43
2500	45
2501	42
2502	56
2503	39
2504	43
2505	38
2506	35
2507	55
2508	42
2509	39
2510	38
2511	35
2512	35
2513	30
2514	50
2515	43
2516	53
2517	52
2518	45
2519	47
2520	41
2521	49
2522	44
2523	47
2524	49
2525	44
2526	30
2527	44
2528	41
2529	44
2530	48
2531	46
2532	51
2533	39
2534	51
2535	40
2536	40
2537	43
2538	52
2539	52
2540	42
2541	44
2542	37
2543	47
2544	42
2545	35
2546	44
2547	50
2548	42
2549	30
2550	31
2551	56
2552	45
2553	36
2554	39
2555	50
2556	29
2557	38
2558	43
2559	57
2560	34
2561	40
2562	51
2563	67
2564	53
2565	41
2566	45
2567	33
2568	58
2569	42
2570	45
2571	47
2572	60
2573	39
2574	41
2575	34
2576	53
2577	32
2578	36
2579	50
2580	50
2581	36
2582	45
2583	40
2584	40
2585	39
2586	39
2587	33
2588	37
2589	33
2590	51
2591	36
2592	28
2593	36
2594	43
2595	49
2596	32
2597	35
2598	43
2599	37
2600	40
2601	51
2602	37
2603	35
2604	32
2605	33
2606	39
2607	42
2608	36
2609	37
2610	36
2611	35
2612	47
2613	42
2614	53
2615	46
2616	36
2617	47
2618	33
2619	39
2620	46
2621	40
2622	43
2623	32
2624	49
2625	37
2626	50
2627	36
2628	37
2629	53
2630	41
2631	27
2632	32
2633	30
2634	35
2635	43
2636	49
2637	41
2638	37
2639	36
2640	32
2641	37
2642	53
2643	42
2644	53
2645	38
2646	48
2647	34
2648	48
2649	39
2650	43
2651	35
2652	41
2653	41
2654	48
2655	38
2656	47
2657	29
2658	40
2659	41
2660	40
2661	42
2662	43
2663	35
2664	37
2665	50
2666	42
2667	45
2668	34
2669	49
2670	42
2671	42
2672	61
2673	44
2674	41
2675	42
2676	45
2677	43
2678	42
2679	37
2680	33
2681	48
2682	33
2683	36
2684	27
2685	32
2686	52
2687	49
2688	37
2689	44
2690	39
2691	48
2692	38
2693	37
2694	46
2695	43
2696	44
2697	35
2698	47
2699	30
2700	29
2701	40
2702	30
2703	43
2704	35
2705	43
2706	35
2707	33
2708	47
2709	47
2710	37
2711	45
2712	33
2713	32
2714	41
2715	40
2716	30
2717	35
2718	42
2719	48
2720	37
2721	37
2722	38
2723	36
2724	41
2725	34
2726	31
2727	37
2728	34
2729	37
2730	44
2731	51
2732	33
2733	39
2734	38
2735	33
2736	31
2737	39
2738	38
2739	32
2740	44
2741	41
2742	31
2743	42
2744	39
2745	38
2746	25
2747	34
2748	41
2749	43
2750	41
2751	27
2752	39
2753	48
2754	42
2755	35
2756	53
2757	46
2758	35
2759	47
2760	31
2761	41
2762	40
2763	31
2764	44
2765	50
2766	47
2767	39
2768	43
2769	39
2770	41
2771	41
2772	35
2773	40
2774	50
2775	36
2776	43
2777	27
2778	41
2779	40
2780	40
2781	40
2782	51
2783	36
2784	39
2785	31
2786	47
2787	47
2788	36
2789	38
2790	44
2791	32
2792	29
2793	31
2794	47
2795	40
2796	33
2797	39
2798	50
2799	36
2800	32
2801	37
2802	41
2803	34
2804	31
2805	30
2806	52
2807	41
2808	36
2809	38
2810	32
2811	37
2812	39
2813	31
2814	49
2815	45
2816	44
2817	48
2818	36
2819	43
2820	42
2821	39
2822	39
2823	31
2824	24
2825	42
2826	28
2827	35
2828	38
2829	42
2830	55
2831	41
2832	38
2833	42
2834	28
2835	35
2836	41
2837	40
2838	38
2839	39
2840	37
2841	45
2842	32
2843	35
2844	30
2845	40
2846	44
2847	43
2848	35
2849	41
2850	39
2851	28
2852	26
2853	32
2854	41
2855	34
2856	40
2857	42
2858	52
2859	36
2860	36
2861	40
2862	42
2863	45
2864	37
2865	47
2866	33
2867	32
2868	25
2869	34
2870	47
2871	34
2872	44
2873	43
2874	39
2875	42
2876	37
2877	41
2878	34
2879	40
2880	34
2881	33
2882	45
2883	39
2884	34
2885	36
2886	39
2887	25
2888	35
2889	37
2890	28
2891	41
2892	36
2893	41
2894	38
2895	29
2896	31
2897	50
2898	45
2899	30
2900	30
2901	32
2902	43
2903	53
2904	31
2905	41
2906	30
2907	38
2908	35
2909	43
2910	41
2911	38
2912	37
2913	45
2914	40
2915	28
2916	27
2917	36
2918	34
2919	35
2920	31
2921	32
2922	38
2923	38
2924	34
2925	30
2926	36
2927	41
2928	46
2929	32
2930	45
2931	29
2932	31
2933	29
2934	33
2935	40
2936	46
2937	33
2938	39
2939	38
2940	31
2941	40
2942	28
2943	40
2944	40
2945	43
2946	34
2947	33
2948	44
2949	44
2950	39
2951	28
2952	31
2953	49
2954	29
2955	34
2956	37
2957	44
2958	37
2959	32
2960	39
2961	31
2962	37
2963	42
2964	37
2965	32
2966	33
2967	37
2968	37
2969	48
2970	40
2971	34
2972	31
2973	45
2974	27
2975	37
2976	32
2977	34
2978	35
2979	34
2980	36
2981	43
2982	42
2983	29
2984	29
2985	47
2986	35
2987	34
2988	46
2989	33
2990	26
2991	30
2992	41
2993	37
2994	33
2995	31
2996	51
2997	34
2998	35
2999	31
3000	43
3001	39
3002	29
3003	31
3004	42
3005	29
3006	35
3007	34
3008	31
3009	31
3010	33
3011	35
3012	38
3013	41
3014	30
3015	28
3016	42
3017	31
3018	29
3019	31
3020	34
3021	34
3022	39
3023	40
3024	35
3025	38
3026	29
3027	45
3028	32
3029	32
3030	36
3031	44
3032	37
3033	31
3034	44
3035	42
3036	36
3037	34
3038	40
3039	30
3040	43
3041	32
3042	29
3043	27
3044	38
3045	37
3046	33
3047	24
3048	41
3049	39
3050	36
3051	37
3052	31
3053	35
3054	25
3055	29
3056	26
3057	30
3058	30
3059	37
3060	35
3061	38
3062	34
3063	34
3064	41
3065	27
3066	36
3067	29
3068	42
3069	24
3070	30
3071	33
3072	24
3073	35
3074	37
3075	47
3076	35
3077	34
3078	32
3079	41
3080	36
3081	32
3082	42
3083	45
3084	27
3085	38
3086	33
3087	31
3088	47
3089	31
3090	41
3091	44
3092	32
3093	28
3094	35
3095	40
3096	40
3097	38
3098	41
3099	30
3100	30
3101	30
3102	30
3103	30
3104	37
3105	23
3106	29
3107	37
3108	38
3109	37
3110	45
3111	28
3112	32
3113	40
3114	31
3115	27
3116	29
3117	36
3118	23
3119	34
3120	27
3121	31
3122	33
3123	27
3124	22
3125	37
3126	41
3127	37
3128	44
3129	32
3130	36
3131	25
3132	42
3133	31
3134	42
3135	27
3136	53
3137	29
3138	34
3139	40
3140	25
3141	38
3142	18
3143	28
3144	29
3145	30
3146	28
3147	47
3148	32
3149	22
3150	32
3151	34
3152	43
3153	27
3154	33
3155	29
3156	40
3157	33
3158	37
3159	37
3160	37
3161	31
3162	42
3163	25
3164	37
3165	35
3166	28
3167	44
3168	27
3169	33
3170	30
3171	27
3172	27
3173	33
3174	38
3175	30
3176	28
3177	26
3178	33
3179	36
3180	26
3181	29
3182	29
3183	33
3184	28
3185	23
3186	35
3187	38
3188	31
3189	36
3190	41
3191	34
3192	44
3193	34
3194	35
3195	25
3196	26
3197	37
3198	32
3199	38
3200	25
3201	25
3202	31
3203	31
3204	30
3205	22
3206	39
3207	34
3208	33
3209	24
3210	22
3211	43
3212	36
3213	41
3214	29
3215	38
3216	32
3217	34
3218	43
3219	34
3220	23
3221	27
3222	27
3223	29
3224	31
3225	26
3226	24
3227	21
3228	34
3229	26
3230	32
3231	45
3232	29
3233	33
3234	35
3235	33
3236	26
3237	30
3238	34
3239	42
3240	31
3241	33
3242	33
3243	25
3244	35
3245	39
3246	41
3247	28
3248	46
3249	34
3250	38
3251	33
3252	39
3253	27
3254	33
3255	28
3256	30
3257	33
3258	23
3259	28
3260	21
3261	30
3262	31
3263	28
3264	32
3265	23
3266	44
3267	36
3268	30
3269	41
3270	22
3271	41
3272	30
3273	23
3274	23
3275	37
3276	35
3277	39
3278	34
3279	32
3280	29
3281	29
3282	28
3283	35
3284	30
3285	30
3286	29
3287	42
3288	26
3289	30
3290	27
3291	20
3292	22
3293	33
3294	27
3295	30
3296	39
3297	23
3298	30
3299	32
3300	40
3301	34
3302	35
3303	32
3304	26
3305	28
3306	24
3307	21
3308	34
3309	30
3310	40
3311	35
3312	36
3313	30
3314	35
3315	25
3316	26
3317	37
3318	24
3319	31
3320	26
3321	31
3322	34
3323	24
3324	30
3325	28
3326	28
3327	34
3328	41
3329	41
3330	39
3331	31
3332	26
3333	17
3334	25
3335	29
3336	37
3337	34
3338	36
3339	53
3340	34
3341	36
3342	29
3343	29
3344	24
3345	37
3346	29
3347	33
3348	37
3349	33
3350	28
3351	29
3352	34
3353	51
3354	34
3355	31
3356	37
3357	20
3358	41
3359	27
3360	36
3361	31
3362	38
3363	34
3364	35
3365	24
3366	31
3367	30
3368	36
3369	32
3370	38
3371	39
3372	34
3373	27
3374	30
3375	25
3376	22
3377	34
3378	40
3379	36
3380	36
3381	41
3382	34
3383	40
3384	25
3385	38
3386	36
3387	27
3388	30
3389	32
3390	28
3391	32
3392	26
3393	28
3394	35
3395	24
3396	31
3397	34
3398	33
3399	38
3400	21
3401	24
3402	29
3403	25
3404	39
3405	26
3406	41
3407	38
3408	34
3409	31
3410	29
3411	30
3412	36
3413	31
3414	30
3415	24
3416	39
3417	33
3418	28
3419	30
3420	42
3421	45
3422	37
3423	36
3424	36
3425	40
3426	41
3427	31
3428	35
3429	33
3430	30
3431	19
3432	42
3433	24
3434	28
3435	32
3436	28
3437	21
3438	32
3439	31
3440	27
3441	29
3442	48
3443	21
3444	31
3445	36
3446	44
3447	40
3448	48
3449	27
3450	35
3451	29
3452	41
3453	21
3454	25
3455	24
3456	32
3457	26
3458	15
3459	27
3460	25
3461	29
3462	36
3463	30
3464	26
3465	26
3466	40
3467	40
3468	28
3469	39
3470	34
3471	34
3472	28
3473	24
3474	36
3475	40
3476	32
3477	32
3478	30
3479	25
3480	32
3481	39
3482	23
3483	27
3484	29
3485	31
3486	35
3487	41
3488	25
3489	35
3490	38
3491	40
3492	32
3493	33
3494	37
3495	28
3496	31
3497	27
3498	25
3499	35
3500	29
3501	35
3502	32
3503	32
3504	37
3505	43
3506	38
3507	43
3508	23
3509	30
3510	33
3511	17
3512	32
3513	32
3514	26
3515	25
3516	31
3517	29
3518	41
3519	26
3520	39
3521	37
3522	27
3523	33
3524	34
3525	31
3526	47
3527	28
3528	36
3529	40
3530	30
3531	34
3532	20
3533	30
3534	37
3535	25
3536	31
3537	32
3538	33
3539	29
3540	30
3541	36
3542	37
3543	27
3544	36
3545	22
3546	35
3547	25
3548	43
3549	29
3550	25
3551	38
3552	37
3553	31
3554	29
3555	29
3556	29
3557	30
3558	28
3559	29
3560	48
3561	34
3562	38
3563	23
3564	26
3565	22
3566	32
3567	33
3568	34
3569	31
3570	33
3571	34
3572	26
3573	28
3574	29
3575	40
3576	33
3577	29
3578	35
3579	37
3580	43
3581	32
3582	39
3583	32
3584	36
3585	28
3586	39
3587	26
3588	32
3589	37
3590	33
3591	31
3592	42
3593	22
3594	40
3595	36
3596	26
3597	35
3598	34
3599	28
3600	36
3601	36
3602	30
3603	32
3604	26
3605	36
3606	28
3607	28
3608	27
3609	39
3610	36
3611	43
3612	30
3613	40
3614	32
3615	29
3616	19
3617	30
3618	36
3619	31
3620	33
3621	30
3622	22
3623	36
3624	37
3625	18
3626	31
3627	44
3628	33
3629	27
3630	25
3631	40
3632	29
3633	38
3634	36
3635	30
3636	37
3637	41
3638	27
3639	39
3640	30
3641	41
3642	27
3643	30
3644	36
3645	46
3646	28
3647	39
3648	30
3649	22
3650	30
3651	40
3652	23
3653	34
3654	41
3655	33
3656	30
3657	47
3658	32
3659	32
3660	34
3661	27
3662	36
3663	42
3664	31
3665	52
3666	38
3667	32
3668	32
3669	36
3670	35
3671	25
3672	42
3673	35
3674	40
3675	35
3676	37
3677	34
3678	35
3679	21
3680	35
3681	40
3682	32
3683	37
3684	37
3685	22
3686	29
3687	42
3688	39
3689	26
3690	43
3691	29
3692	30
3693	33
3694	27
3695	32
3696	42
3697	31
3698	30
3699	41
3700	38
3701	31
3702	32
3703	33
3704	33
3705	36
3706	38
3707	37
3708	27
3709	25
3710	23
3711	33
3712	40
3713	31
3714	32
3715	26
3716	29
3717	37
3718	38
3719	40
3720	36
3721	27
3722	31
3723	49
3724	34
3725	37
3726	46
3727	34
3728	24
3729	40
3730	34
3731	29
3732	33
3733	35
3734	31
3735	28
3736	30
3737	39
3738	36
3739	33
3740	38
3741	36
3742	26
3743	30
3744	34
3745	50
3746	38
3747	47
3748	45
3749	33
3750	41
3751	35
3752	36
3753	50
3754	45
3755	39
3756	39
3757	40
3758	27
3759	37
3760	35
3761	49
3762	32
3763	37
3764	36
3765	29
3766	29
3767	34
3768	41
3769	30
3770	33
3771	27
3772	30
3773	23
3774	36
3775	47
3776	36
3777	42
3778	27
3779	29
3780	42
3781	44
3782	35
3783	40
3784	33
3785	45
3786	35
3787	33
3788	28
3789	38
3790	43
3791	33
3792	36
3793	38
3794	41
3795	46
3796	30
3797	44
3798	30
3799	31
3800	24
3801	40
3802	39
3803	42
3804	37
3805	37
3806	47
3807	33
3808	39
3809	28
3810	24
3811	37
3812	36
3813	39
3814	44
3815	41
3816	36
3817	52
3818	36
3819	38
3820	33
3821	40
3822	41
3823	34
3824	38
3825	55
3826	33
3827	39
3828	36
3829	32
3830	21
3831	30
3832	39
3833	44
3834	39
3835	35
3836	31
3837	30
3838	44
3839	47
3840	43
3841	39
3842	36
3843	51
3844	38
3845	40
3846	29
3847	33
3848	45
3849	36
3850	25
3851	44
3852	45
3853	41
3854	29
3855	42
3856	40
3857	39
3858	40
3859	38
3860	39
3861	35
3862	34
3863	32
3864	23
3865	32
3866	44
3867	38
3868	36
3869	33
3870	40
3871	28
3872	46
3873	38
3874	39
3875	41
3876	30
3877	34
3878	37
3879	40
3880	34
3881	38
3882	39
3883	42
3884	35
3885	33
3886	40
3887	53
3888	44
3889	47
3890	31
3891	28
3892	34
3893	38
3894	44
3895	35
3896	34
3897	38
3898	31
3899	37
3900	40
3901	36
3902	44
3903	43
3904	44
3905	46
3906	42
3907	36
3908	36
3909	31
3910	32
3911	43
3912	36
3913	46
3914	47
3915	34
3916	34
3917	39
3918	33
3919	43
3920	35
3921	35
3922	34
3923	33
3924	31
3925	41
3926	42
3927	40
3928	40
3929	37
3930	29
3931	31
3932	49
3933	41
3934	40
3935	31
3936	33
3937	41
3938	32
3939	39
3940	41
3941	41
3942	29
3943	37
3944	35
3945	26
3946	33
3947	37
3948	46
3949	42
3950	48
3951	37
3952	50
3953	39
3954	35
3955	33
3956	36
3957	49
3958	46
3959	31
3960	37
3961	38
3962	31
3963	45
3964	52
3965	40
3966	27
3967	41
3968	33
3969	34
3970	47
3971	45
3972	45
3973	39
3974	44
3975	30
3976	37
3977	45
3978	39
3979	36
3980	36
3981	29
3982	40
3983	40
3984	39
3985	50
3986	45
3987	35
3988	39
3989	42
3990	36
3991	33
3992	39
3993	42
3994	37
3995	36
3996	36
3997	34
3998	59
3999	39
4000	39
4001	32
4002	38
4003	40
4004	43
4005	33
4006	24
4007	41
4008	45
4009	40
4010	42
4011	45
4012	29
4013	44
4014	41
4015	35
4016	48
4017	34
4018	40
4019	32
4020	43
4021	34
4022	39
4023	39
4024	40
4025	34
4026	39
4027	34
4028	39
4029	34
4030	33
4031	41
4032	39
4033	33
4034	41
4035	43
4036	42
4037	44
4038	37
4039	48
4040	33
4041	27
4042	50
4043	39
4044	39
4045	49
4046	54
4047	25
4048	28
4049	36
4050	36
4051	43
4052	32
4053	39
4054	46
4055	38
4056	55
4057	29
4058	34
4059	38
4060	33
4061	35
4062	42
4063	32
4064	37
4065	51
4066	45
4067	35
4068	35
4069	35
4070	30
4071	43
4072	44
4073	38
4074	41
4075	43
4076	43
4077	42
4078	44
4079	35
4080	39
4081	35
4082	36
4083	34
4084	36
4085	46
4086	34
4087	35
4088	40
4089	42
4090	42
4091	39
4092	29
4093	38
4094	34
4095	37
4096	37
4097	39
4098	37
4099	42
4100	44
4101	39
4102	32
4103	47
4104	36
4105	36
4106	34
4107	34
4108	34
4109	38
4110	38
4111	40
4112	37
4113	42
4114	41
4115	30
4116	39
4117	34
4118	40
4119	40
4120	53
4121	34
4122	52
4123	35
4124	37
4125	48
4126	39
4127	34
4128	40
4129	34
4130	40
4131	32
4132	37
4133	37
4134	29
4135	34
4136	28
4137	43
4138	37
4139	35
4140	35
4141	33
4142	36
4143	32
4144	42
4145	41
4146	38
4147	35
4148	48
4149	37
4150	39
4151	37
4152	31
4153	40
4154	41
4155	39
4156	41
4157	37
4158	31
4159	38
4160	42
4161	39
4162	36
4163	37
4164	35
4165	32
4166	27
4167	27
4168	44
4169	34
4170	34
4171	31
4172	50
4173	34
4174	39
4175	40
4176	33
4177	36
4178	38
4179	41
4180	39
4181	31
4182	28
4183	46
4184	43
4185	36
4186	25
4187	30
4188	43
4189	37
4190	42
4191	34
4192	29
4193	39
4194	47
4195	42
4196	40
4197	27
4198	26
4199	24
4200	33
4201	36
4202	29
4203	25
4204	32
4205	34
4206	36
4207	30
4208	33
4209	38
4210	29
4211	34
4212	31
4213	37
4214	30
4215	40
4216	35
4217	24
4218	35
4219	30
4220	27
4221	40
4222	37
4223	28
4224	33
4225	44
4226	29
4227	27
4228	38
4229	37
4230	32
4231	30
4232	29
4233	36
4234	36
4235	36
4236	30
4237	36
4238	33
4239	50
4240	27
4241	32
4242	29
4243	36
4244	25
4245	32
4246	32
4247	37
4248	42
4249	35
4250	34
4251	33
4252	32
4253	27
4254	42
4255	36
4256	35
4257	47
4258	44
4259	26
4260	22
4261	29
4262	30
4263	41
4264	34
4265	32
4266	29
4267	33
4268	37
4269	27
4270	36
4271	34
4272	33
4273	30
4274	32
4275	37
4276	39
4277	27
4278	39
4279	36
4280	29
4281	39
4282	37
4283	25
4284	27
4285	37
4286	44
4287	30
4288	25
4289	34
4290	38
4291	50
4292	33
4293	27
4294	24
4295	35
4296	34
4297	28
4298	32
4299	29
4300	25
4301	26
4302	46
4303	30
4304	40
4305	31
4306	49
4307	34
4308	29
4309	35
4310	29
4311	29
4312	27
4313	32
4314	41
4315	29
4316	29
4317	24
4318	36
4319	31
4320	31
4321	33
4322	43
4323	32
4324	25
4325	39
4326	25
4327	40
4328	27
4329	30
4330	37
4331	27
4332	29
4333	39
4334	22
4335	20
4336	41
4337	29
4338	25
4339	24
4340	37
4341	30
4342	34
4343	35
4344	36
4345	29
4346	39
4347	35
4348	32
4349	32
4350	35
4351	32
4352	27
4353	27
4354	38
4355	24
4356	29
4357	22
4358	21
4359	39
4360	31
4361	40
4362	30
4363	37
4364	24
4365	31
4366	26
4367	35
4368	34
4369	38
4370	41
4371	33
4372	29
4373	29
4374	20
4375	26
4376	35
4377	28
4378	31
4379	34
4380	30
4381	35
4382	29
4383	31
4384	20
4385	28
4386	33
4387	16
4388	20
4389	30
4390	36
4391	26
4392	22
4393	25
4394	39
4395	33
4396	26
4397	34
4398	34
4399	31
4400	23
4401	30
4402	30
4403	18
4404	23
4405	24
4406	34
4407	21
4408	29
4409	30
4410	28
4411	38
4412	35
4413	26
4414	36
4415	27
4416	17
4417	27
4418	21
4419	22
4420	21
4421	26
4422	24
4423	25
4424	27
4425	26
4426	33
4427	27
4428	32
4429	29
4430	29
4431	32
4432	28
4433	36
4434	27
4435	25
4436	24
4437	27
4438	29
4439	27
4440	32
4441	32
4442	18
4443	22
4444	26
4445	28
4446	27
4447	34
4448	27
4449	25
4450	23
4451	24
4452	26
4453	30
4454	31
4455	25
4456	17
4457	21
4458	12
4459	23
4460	33
4461	28
4462	30
4463	24
4464	27
4465	21
4466	27
4467	12
4468	31
4469	30
4470	19
4471	30
4472	24
4473	23
4474	27
4475	28
4476	33
4477	32
4478	28
4479	20
4480	21
4481	30
4482	22
4483	30
4484	30
4485	23
4486	24
4487	20
4488	25
4489	33
4490	29
4491	28
4492	26
4493	28
4494	24
4495	30
4496	33
4497	24
4498	29
4499	37
4500	33
4501	24
4502	20
4503	27
4504	24
4505	27
4506	17
4507	23
4508	30
4509	25
4510	23
4511	28
4512	24
4513	35
4514	28
4515	25
4516	15
4517	22
4518	25
4519	24
4520	28
4521	27
4522	14
4523	25
4524	23
4525	28
4526	24
4527	26
4528	26
4529	27
4530	24
4531	12
4532	16
4533	23
4534	23
4535	20
4536	23
4537	25
4538	32
4539	30
4540	25
4541	22
4542	27
4543	27
4544	26
4545	27
4546	35
4547	23
4548	19
4549	20
4550	26
4551	16
4552	28
4553	25
4554	19
4555	21
4556	25
4557	23
4558	23
4559	25
4560	33
4561	25
4562	18
4563	26
4564	18
4565	28
4566	28
4567	25
4568	25
4569	33
4570	20
4571	16
4572	30
4573	29
4574	26
4575	25
4576	21
4577	31
4578	13
4579	28
4580	21
4581	18
4582	22
4583	25
4584	28
4585	27
4586	23
4587	36
4588	22
4589	24
4590	28
4591	28
4592	32
4593	18
4594	29
4595	38
4596	26
4597	20
4598	21
4599	25
4600	22
4601	23
4602	16
4603	20
4604	22
4605	29
4606	26
4607	22
4608	22
4609	25
4610	26
4611	24
4612	21
4613	27
4614	27
4615	29
4616	24
4617	19
4618	22
4619	24
4620	25
4621	20
4622	23
4623	18
4624	23
4625	28
4626	31
4627	22
4628	25
4629	22
4630	21
4631	21
4632	23
4633	28
4634	18
4635	31
4636	17
4637	21
4638	22
4639	29
4640	24
4641	19
4642	27
4643	26
4644	23
4645	24
4646	22
4647	24
4648	26
4649	23
4650	19
4651	22
4652	16
4653	15
4654	18
4655	28
4656	24
4657	27
4658	25
4659	19
4660	23
4661	23
4662	18
4663	21
4664	26
4665	19
4666	23
4667	20
4668	26
4669	19
4670	27
4671	17
4672	11
4673	22
4674	21
4675	19
4676	22
4677	18
4678	18
4679	29
4680	18
4681	24
4682	23
4683	20
4684	23
4685	16
4686	20
4687	22
4688	23
4689	13
4690	20
4691	26
4692	27
4693	23
4694	19
4695	19
4696	23
4697	20
4698	14
4699	22
4700	12
4701	20
4702	18
4703	19
4704	19
4705	18
4706	21
4707	19
4708	14
4709	22
4710	20
4711	19
4712	27
4713	25
4714	22
4715	19
4716	21
4717	24
4718	25
4719	23
4720	19
4721	17
4722	24
4723	12
4724	23
4725	20
4726	16
4727	24
4728	23
4729	21
4730	24
4731	19
4732	20
4733	14
4734	20
4735	21
4736	14
4737	21
4738	18
4739	24
4740	28
4741	18
4742	26
4743	18
4744	28
4745	18
4746	15
4747	17
4748	17
4749	14
4750	15
4751	17
4752	18
4753	15
4754	22
4755	17
4756	26
4757	13
4758	21
4759	15
4760	19
4761	23
4762	18
4763	18
4764	22
4765	21
4766	26
4767	18
4768	21
4769	21
4770	21
4771	19
4772	24
4773	31
4774	22
4775	22
4776	17
4777	16
4778	15
4779	19
4780	31
4781	15
4782	25
4783	20
4784	17
4785	24
4786	12
4787	20
4788	12
4789	18
4790	18
4791	17
4792	24
4793	19
4794	13
4795	15
4796	15
4797	19
4798	17
4799	21
4800	18
4801	22
4802	21
4803	23
4804	19
4805	15
4806	13
4807	18
4808	16
4809	25
4810	24
4811	20
4812	23
4813	17
4814	19
4815	20
4816	16
4817	19
4818	26
4819	14
4820	12
4821	20
4822	20
4823	23
4824	27
4825	20
4826	26
4827	21
4828	17
4829	23
4830	13
4831	20
4832	16
4833	26
4834	19
4835	15
4836	25
4837	19
4838	20
4839	12
4840	21
4841	17
4842	19
4843	7
4844	22
4845	21
4846	15
4847	20
4848	26
4849	19
4850	12
4851	21
4852	14
4853	16
4854	20
4855	21
4856	20
4857	12
4858	21
4859	20
4860	21
4861	19
4862	15
4863	15
4864	14
4865	24
4866	17
4867	15
4868	22
4869	13
4870	20
4871	16
4872	14
4873	19
4874	16
4875	16
4876	17
4877	22
4878	21
4879	22
4880	15
4881	18
4882	16
4883	16
4884	16
4885	10
4886	20
4887	21
4888	15
4889	24
4890	19
4891	18
4892	15
4893	23
4894	17
4895	22
4896	20
4897	20
4898	18
4899	14
4900	17
4901	11
4902	24
4903	17
4904	18
4905	17
4906	18
4907	18
4908	17
4909	12
4910	11
4911	17
4912	18
4913	24
4914	17
4915	13
4916	18
4917	25
4918	18
4919	14
4920	20
4921	19
4922	15
4923	15
4924	17
4925	9
4926	15
4927	17
4928	16
4929	18
4930	23
4931	8
4932	22
4933	18
4934	21
4935	19
4936	18
4937	21
4938	17
4939	16
4940	22
4941	8
4942	18
4943	13
4944	12
4945	16
4946	10
4947	15
4948	20
4949	12
4950	14
4951	15
4952	11
4953	14
4954	15
4955	22
4956	16
4957	9
4958	13
4959	14
4960	18
4961	15
4962	13
4963	19
4964	17
4965	15
4966	20
4967	16
4968	20
4969	16
4970	18
4971	18
4972	14
4973	15
4974	18
4975	22
4976	16
4977	18
4978	17
4979	19
4980	10
4981	15
4982	20
4983	15
4984	17
4985	21
4986	15
4987	20
4988	16
4989	13
4990	18
4991	10
4992	20
4993	17
4994	14
4995	20
4996	18
4997	18
4998	22
4999	22
5000	20
5001	19
5002	16
5003	16
5004	6
5005	15
5006	13
5007	6
5008	13
5009	16
5010	14
5011	15
5012	14
5013	16
5014	21
5015	16
5016	19
5017	10
5018	10
5019	16
5020	16
5021	18
5022	21
5023	12
5024	9
5025	20
5026	15
5027	18
5028	17
5029	22
5030	13
5031	18
5032	15
5033	23
5034	16
5035	14
5036	10
5037	25
5038	14
5039	11
5040	9
5041	23
5042	15
5043	20
5044	11
5045	25
5046	17
5047	7
5048	21
5049	10
5050	16
5051	13
5052	6
5053	22
5054	12
5055	16
5056	20
5057	13
5058	29
5059	20
5060	17
5061	17
5062	16
5063	14
5064	22
5065	12
5066	15
5067	16
5068	13
5069	11
5070	18
5071	14
5072	18
5073	20
5074	10
5075	15
5076	23
5077	17
5078	10
5079	16
5080	20
5081	9
5082	16
5083	12
5084	14
5085	15
5086	13
5087	18
5088	9
5089	8
5090	16
5091	19
5092	12
5093	13
5094	16
5095	14
5096	19
5097	16
5098	12
5099	14
5100	14
5101	17
5102	19
5103	12
5104	9
5105	14
5106	18
5107	11
5108	20
5109	15
5110	16
5111	9
5112	8
5113	16
5114	13
5115	14
5116	17
5117	15
5118	12
5119	20
5120	12
5121	14
5122	16
5123	10
5124	19
5125	12
5126	11
5127	21
5128	17
5129	18
5130	11
5131	12
5132	16
5133	12
5134	11
5135	10
5136	20
5137	12
5138	12
5139	20
5140	18
5141	15
5142	15
5143	14
5144	9
5145	8
5146	11
5147	17
5148	13
5149	22
5150	18
5151	9
5152	21
5153	11
5154	18
5155	16
5156	9
5157	13
5158	18
5159	12
5160	18
5161	10
5162	15
5163	19
5164	10
5165	10
5166	7
5167	12
5168	15
5169	12
5170	15
5171	10
5172	13
5173	9
5174	13
5175	11
5176	15
5177	13
5178	14
5179	8
5180	11
5181	19
5182	20
5183	17
5184	17
5185	7
5186	12
5187	11
5188	5
5189	17
5190	16
5191	13
5192	13
5193	13
5194	15
5195	13
5196	10
5197	14
5198	16
5199	10
5200	14
5201	17
5202	20
5203	12
5204	12
5205	17
5206	13
5207	18
5208	10
5209	11
5210	15
5211	12
5212	16
5213	12
5214	8
5215	12
5216	12
5217	6
5218	18
5219	18
5220	14
5221	15
5222	19
5223	17
5224	7
5225	7
5226	18
5227	10
5228	19
5229	9
5230	17
5231	13
5232	17
5233	14
5234	9
5235	15
5236	15
5237	11
5238	14
5239	10
5240	10
5241	17
5242	13
5243	10
5244	9
5245	19
5246	15
5247	13
5248	8
5249	9
5250	13
5251	15
5252	15
5253	8
5254	9
5255	19
5256	19
5257	11
5258	6
5259	10
5260	13
5261	14
5262	11
5263	12
5264	12
5265	8
5266	11
5267	20
5268	11
5269	14
5270	13
5271	14
5272	13
5273	14
5274	12
5275	10
5276	5
5277	8
5278	15
5279	11
5280	16
5281	19
5282	13
5283	11
5284	21
5285	10
5286	14
5287	13
5288	13
5289	12
5290	18
5291	12
5292	10
5293	11
5294	16
5295	11
5296	14
5297	8
5298	6
5299	19
5300	10
5301	7
5302	15
5303	12
5304	6
5305	12
5306	16
5307	16
5308	13
5309	12
5310	11
5311	16
5312	11
5313	15
5314	10
5315	12
5316	7
5317	17
5318	15
5319	17
5320	13
5321	13
5322	12
5323	12
5324	13
5325	11
5326	15
5327	11
5328	18
5329	10
5330	9
5331	17
5332	15
5333	13
5334	11
5335	12
5336	13
5337	11
5338	15
5339	14
5340	18
5341	16
5342	18
5343	14
5344	15
5345	16
5346	10
5347	11
5348	16
5349	6
5350	17
5351	12
5352	12
5353	14
5354	8
5355	15
5356	8
5357	14
5358	20
5359	12
5360	13
5361	11
5362	10
5363	24
5364	10
5365	13
5366	12
5367	14
5368	8
5369	11
5370	7
5371	17
5372	15
5373	13
5374	14
5375	12
5376	9
5377	12
5378	10
5379	19
5380	12
5381	11
5382	9
5383	17
5384	13
5385	10
5386	8
5387	14
5388	13
5389	19
5390	14
5391	12
5392	11
5393	14
5394	10
5395	17
5396	8
5397	14
5398	7
5399	16
5400	12
5401	13
5402	13
5403	14
5404	10
5405	9
5406	14
5407	9
5408	11
5409	15
5410	12
5411	4
5412	10
5413	8
5414	11
5415	11
5416	11
5417	17
5418	9
5419	10
5420	13
5421	17
5422	12
5423	7
5424	18
5425	8
5426	13
5427	10
5428	15
5429	8
5430	12
5431	11
5432	11
5433	10
5434	11
5435	13
5436	9
5437	9
5438	12
5439	6
5440	16
5441	9
5442	12
5443	11
5444	9
5445	8
5446	15
5447	7
5448	17
5449	11
5450	16
5451	9
5452	12
5453	10
5454	8
5455	13
5456	17
5457	6
5458	15
5459	10
5460	5
5461	13
5462	21
5463	9
5464	11
5465	12
5466	6
5467	10
5468	12
5469	8
5470	19
5471	10
5472	14
5473	12
5474	10
5475	11
5476	9
5477	9
5478	14
5479	8
5480	6
5481	18
5482	8
5483	16
5484	11
5485	9
5486	13
5487	11
5488	14
5489	11
5490	11
5491	11
5492	9
5493	8
5494	12
5495	7
5496	12
5497	13
5498	13
5499	6
5500	15
5501	12
5502	7
5503	10
5504	12
5505	12
5506	13
5507	9
5508	17
5509	21
5510	12
5511	15
5512	12
5513	15
5514	6
5515	14
5516	9
5517	12
5518	9
5519	11
5520	6
5521	13
5522	6
5523	12
5524	11
5525	18
5526	11
5527	10
5528	9
5529	15
5530	10
5531	12
5532	7
5533	13
5534	8
5535	8
5536	10
5537	13
5538	18
5539	6
5540	6
5541	11
5542	15
5543	16
5544	6
5545	10
5546	8
5547	10
5548	11
5549	10
5550	11
5551	8
5552	14
5553	14
5554	13
5555	12
5556	10
5557	6
5558	7
5559	14
5560	16
5561	9
5562	6
5563	12
5564	13
5565	7
5566	11
5567	4
5568	9
5569	8
5570	9
5571	11
5572	8
5573	8
5574	9
5575	9
5576	17
5577	12
5578	16
5579	14
5580	13
5581	14
5582	7
5583	11
5584	10
5585	14
5586	11
5587	5
5588	9
5589	8
5590	11
5591	13
5592	11
5593	12
5594	10
5595	4
5596	12
5597	13
5598	10
5599	9
5600	9
5601	10
5602	10
5603	9
5604	11
5605	12
5606	13
5607	10
5608	12
5609	7
5610	10
5611	8
5612	13
5613	16
5614	7
5615	14
5616	14
5617	11
5618	8
5619	12
5620	12
5621	5
5622	7
5623	5
5624	11
5625	10
5626	11
5627	12
5628	14
5629	11
5630	11
5631	6
5632	7
5633	7
5634	16
5635	6
5636	9
5637	14
5638	6
5639	7
5640	7
5641	6
5642	11
5643	14
5644	10
5645	12
5646	19
5647	17
5648	14
5649	13
5650	8
5651	14
5652	7
5653	15
5654	13
5655	8
5656	15
5657	14
5658	16
5659	11
5660	12
5661	9
5662	13
5663	7
5664	14
5665	4
5666	5
5667	10
5668	13
5669	6
5670	15
5671	15
5672	9
5673	13
5674	17
5675	8
5676	10
5677	13
5678	9
5679	9
5680	9
5681	7
5682	17
5683	14
5684	10
5685	11
5686	10
5687	6
5688	8
5689	7
5690	4
5691	9
5692	12
5693	12
5694	11
5695	10
5696	10
5697	14
5698	12
5699	9
5700	7
5701	10
5702	13
5703	11
5704	6
5705	14
5706	9
5707	4
5708	11
5709	10
5710	14
5711	12
5712	11
5713	8
5714	8
5715	18
5716	8
5717	10
5718	13
5719	9
5720	9
5721	19
5722	12
5723	11
5724	12
5725	9
5726	9
5727	10
5728	13
5729	14
5730	5
5731	14
5732	5
5733	10
5734	10
5735	12
5736	10
5737	12
5738	14
5739	12
5740	8
5741	6
5742	12
5743	16
5744	9
5745	10
5746	11
5747	6
5748	14
5749	11
5750	7
5751	8
5752	12
5753	10
5754	11
5755	13
5756	7
5757	9
5758	10
5759	12
5760	7
5761	11
5762	7
5763	14
5764	5
5765	12
5766	16
5767	8
5768	6
5769	13
5770	11
5771	13
5772	11
5773	15
5774	4
5775	8
5776	5
5777	10
5778	12
5779	16
5780	5
5781	9
5782	14
5783	11
5784	8
5785	11
5786	14
5787	9
5788	10
5789	20
5790	5
5791	11
5792	12
5793	7
5794	11
5795	8
5796	15
5797	12
5798	13
5799	13
5800	10
5801	14
5802	8
5803	7
5804	15
5805	4
5806	15
5807	10
5808	10
5809	10
5810	15
5811	8
5812	13
5813	14
5814	15
5815	14
5816	10
5817	11
5818	11
5819	12
5820	8
5821	14
5822	11
5823	6
5824	10
5825	7
5826	12
5827	8
5828	13
5829	13
5830	8
5831	12
5832	12
5833	14
5834	15
5835	11
5836	6
5837	9
5838	4
5839	10
5840	6
5841	11
5842	9
5843	6
5844	11
5845	6
5846	12
5847	11
5848	14
5849	8
5850	9
5851	9
5852	8
5853	8
5854	10
5855	10
5856	7
5857	15
5858	7
5859	9
5860	13
5861	8
5862	7
5863	9
5864	16
5865	15
5866	12
5867	8
5868	9
5869	8
5870	14
5871	9
5872	17
5873	16
5874	13
5875	15
5876	15
5877	13
5878	10
5879	13
5880	15
5881	13
5882	7
5883	13
5884	14
5885	11
5886	16
5887	2
5888	15
5889	11
5890	8
5891	14
5892	9
5893	10
5894	11
5895	8
5896	16
5897	10
5898	7
5899	6
5900	10
5901	9
5902	7
5903	15
5904	15
5905	9
5906	12
5907	12
5908	12
5909	16
5910	11
5911	16
5912	11
5913	13
5914	9
5915	10
5916	8
5917	13
5918	16
5919	12
5920	13
5921	6
5922	11
5923	4
5924	6
5925	7
5926	8
5927	10
5928	8
5929	20
5930	9
5931	9
5932	12
5933	13
5934	14
5935	16
5936	16
5937	8
5938	12
5939	8
5940	13
5941	9
5942	15
5943	12
5944	6
5945	10
5946	11
5947	4
5948	8
5949	10
5950	8
5951	20
5952	13
5953	10
5954	5
5955	11
5956	8
5957	9
5958	12
5959	11
5960	5
5961	10
5962	12
5963	9
5964	13
5965	8
5966	10
5967	10
5968	9
5969	10
5970	10
5971	7
5972	10
5973	16
5974	9
5975	11
5976	11
5977	7
5978	10
5979	6
5980	16
5981	13
5982	12
5983	8
5984	9
5985	12
5986	8
5987	6
5988	8
5989	8
5990	11
5991	12
5992	17
5993	9
5994	17
5995	9
5996	8
5997	13
5998	8
5999	13
6000	14
6001	11
6002	14
6003	4
6004	13
6005	13
6006	12
6007	7
6008	8
6009	19
6010	12
6011	8
6012	11
6013	4
6014	10
6015	13
6016	4
6017	9
6018	12
6019	16
6020	11
6021	11
6022	7
6023	14
6024	10
6025	14
6026	11
6027	15
6028	9
6029	15
6030	8
6031	15
6032	11
6033	9
6034	7
6035	15
6036	6
6037	13
6038	10
6039	8
6040	16
6041	12
6042	12
6043	12
6044	7
6045	15
6046	6
6047	12
6048	10
6049	9
6050	11
6051	6
6052	8
6053	12
6054	14
6055	15
6056	11
6057	7
6058	6
6059	9
6060	7
6061	20
6062	11
6063	12
6064	9
6065	10
6066	10
6067	13
6068	10
6069	7
6070	7
6071	11
6072	10
6073	9
6074	11
6075	8
6076	13
6077	11
6078	10
6079	13
6080	9
6081	13
6082	6
6083	11
6084	9
6085	10
6086	12
6087	9
6088	6
6089	7
6090	15
6091	16
6092	5
6093	9
6094	11
6095	7
6096	10
6097	11
6098	15
6099	8
6100	6
6101	14
6102	10
6103	11
6104	11
6105	11
6106	5
6107	12
6108	14
6109	7
6110	9
6111	8
6112	17
6113	15
6114	12
6115	9
6116	10
6117	10
6118	6
6119	12
6120	10
6121	16
6122	8
6123	8
6124	12
6125	7
6126	16
6127	14
6128	10
6129	9
6130	11
6131	18
6132	14
6133	10
6134	10
6135	13
6136	6
6137	9
6138	13
6139	5
6140	16
6141	9
6142	13
6143	11
6144	10
6145	7
6146	8
6147	11
6148	15
6149	5
6150	9
6151	10
6152	13
6153	14
6154	6
6155	9
6156	6
6157	12
6158	14
6159	15
6160	8
6161	12
6162	9
6163	15
6164	14
6165	13
6166	9
6167	11
6168	6
6169	11
6170	5
6171	11
6172	9
6173	11
6174	14
6175	8
6176	15
6177	6
6178	8
6179	11
6180	11
6181	11
6182	12
6183	8
6184	10
6185	8
6186	15
6187	16
6188	9
6189	14
6190	9
6191	20
6192	16
6193	11
6194	11
6195	8
6196	11
6197	10
6198	10
6199	8
6200	9
6201	5
6202	12
6203	14
6204	6
6205	10
6206	9
6207	10
6208	7
6209	17
6210	7
6211	10
6212	13
6213	8
6214	10
6215	14
6216	14
6217	14
6218	7
6219	11
6220	15
6221	14
6222	13
6223	9
6224	8
6225	18
6226	15
6227	13
6228	10
6229	11
6230	7
6231	14
6232	10
6233	10
6234	14
6235	13
6236	9
6237	4
6238	8
6239	10
6240	12
6241	5
6242	15
6243	12
6244	4
6245	2
6246	8
6247	10
6248	11
6249	19
6250	9
6251	11
6252	8
6253	9
6254	9
6255	10
6256	14
6257	8
6258	11
6259	8
6260	14
6261	5
6262	12
6263	8
6264	15
6265	10
6266	13
6267	16
6268	9
6269	13
6270	14
6271	8
6272	8
6273	16
6274	18
6275	15
6276	10
6277	16
6278	7
6279	12
6280	19
6281	3
6282	8
6283	10
6284	11
6285	11
6286	11
6287	15
6288	11
6289	9
6290	10
6291	9
6292	10
6293	13
6294	13
6295	8
6296	8
6297	15
6298	15
6299	8
6300	11
6301	10
6302	7
6303	10
6304	11
6305	12
6306	12
6307	12
6308	11
6309	11
6310	11
6311	7
6312	10
6313	5
6314	4
6315	8
6316	10
6317	10
6318	16
6319	14
6320	8
6321	13
6322	10
6323	15
6324	12
6325	6
6326	12
6327	11
6328	6
6329	13
6330	6
6331	16
6332	14
6333	23
6334	12
6335	14
6336	10
6337	15
6338	13
6339	17
6340	12
6341	12
6342	12
6343	14
6344	9
6345	11
6346	14
6347	13
6348	9
6349	6
6350	14
6351	12
6352	8
6353	13
6354	10
6355	17
6356	18
6357	11
6358	12
6359	13
6360	7
6361	17
6362	12
6363	15
6364	14
6365	11
6366	14
6367	10
6368	15
6369	18
6370	16
6371	11
6372	19
6373	12
6374	10
6375	7
6376	9
6377	13
6378	11
6379	15
6380	14
6381	11
6382	12
6383	18
6384	10
6385	8
6386	9
6387	17
6388	2
6389	10
6390	7
6391	16
6392	9
6393	13
6394	11
6395	13
6396	16
6397	11
6398	7
6399	12
6400	13
6401	11
6402	7
6403	20
6404	12
6405	13
6406	12
6407	9
6408	12
6409	18
6410	14
6411	12
6412	9
6413	11
6414	8
6415	11
6416	15
6417	18
6418	8
6419	17
6420	11
6421	20
6422	7
6423	23
6424	8
6425	14
6426	5
6427	17
6428	12
6429	14
6430	16
6431	19
6432	10
6433	13
6434	10
6435	11
6436	12
6437	15
6438	16
6439	12
6440	6
6441	11
6442	18
6443	14
6444	12
6445	10
6446	17
6447	20
6448	12
6449	16
6450	20
6451	12
6452	10
6453	17
6454	11
6455	14
6456	20
6457	15
6458	15
6459	19
6460	17
6461	18
6462	9
6463	12
6464	12
6465	13
6466	16
6467	15
6468	15
6469	12
6470	22
6471	10
6472	18
6473	11
6474	14
6475	12
6476	10
6477	19
6478	13
6479	18
6480	15
6481	11
6482	14
6483	14
6484	18
6485	12
6486	8
6487	17
6488	18
6489	17
6490	16
6491	12
6492	13
6493	15
6494	8
6495	21
6496	10
6497	15
6498	12
6499	15
6500	18
6501	20
6502	17
6503	16
6504	28
6505	15
6506	18
6507	13
6508	20
6509	19
6510	18
6511	21
6512	10
6513	14
6514	21
6515	22
6516	12
6517	20
6518	13
6519	23
6520	12
6521	10
6522	15
6523	14
6524	13
6525	14
6526	10
6527	14
6528	16
6529	15
6530	20
6531	13
6532	19
6533	14
6534	15
6535	19
6536	21
6537	16
6538	14
6539	21
6540	13
6541	20
6542	16
6543	15
6544	10
6545	10
6546	13
6547	11
6548	18
6549	13
6550	25
6551	12
6552	16
6553	10
6554	19
6555	19
6556	18
6557	19
6558	21
6559	22
6560	13
6561	9
6562	24
6563	20
6564	15
6565	18
6566	15
6567	24
6568	19
6569	16
6570	20
6571	19
6572	11
6573	21
6574	16
6575	17
6576	10
6577	16
6578	11
6579	13
6580	14
6581	21
6582	19
6583	14
6584	19
6585	18
6586	14
6587	17
6588	15
6589	11
6590	18
6591	21
6592	23
6593	13
6594	23
6595	16
6596	20
6597	16
6598	17
6599	22
6600	20
6601	23
6602	16
6603	16
6604	18
6605	16
6606	12
6607	13
6608	21
6609	14
6610	17
6611	13
6612	23
6613	20
6614	16
6615	13
6616	20
6617	16
6618	19
6619	16
6620	20
6621	21
6622	19
6623	18
6624	3
6625	16
6626	24
6627	23
6628	15
6629	19
6630	24
6631	15
6632	20
6633	13
6634	27
6635	23
6636	20
6637	16
6638	18
6639	24
6640	16
6641	18
6642	17
6643	22
6644	20
6645	19
6646	19
6647	16
6648	15
6649	26
6650	11
6651	16
6652	24
6653	23
6654	22
6655	20
6656	19
6657	18
6658	16
6659	16
6660	22
6661	9
6662	15
6663	12
6664	13
6665	20
6666	27
6667	18
6668	21
6669	9
6670	13
6671	16
6672	18
6673	15
6674	12
6675	22
6676	20
6677	14
6678	14
6679	19
6680	22
6681	12
6682	15
6683	18
6684	13
6685	19
6686	21
6687	21
6688	14
6689	15
6690	21
6691	11
6692	14
6693	23
6694	29
6695	18
6696	27
6697	18
6698	13
6699	28
6700	14
6701	15
6702	19
6703	28
6704	16
6705	13
6706	21
6707	20
6708	18
6709	16
6710	18
6711	13
6712	13
6713	21
6714	20
6715	16
6716	20
6717	24
6718	16
6719	21
6720	19
6721	16
6722	18
6723	12
6724	21
6725	18
6726	21
6727	28
6728	20
6729	17
6730	16
6731	15
6732	16
6733	20
6734	25
6735	27
6736	16
6737	19
6738	21
6739	13
6740	25
6741	13
6742	11
6743	21
6744	8
6745	19
6746	17
6747	22
6748	21
6749	10
6750	17
6751	11
6752	13
6753	17
6754	15
6755	17
6756	11
6757	20
6758	22
6759	10
6760	14
6761	17
6762	24
6763	13
6764	21
6765	18
6766	19
6767	15
6768	17
6769	22
6770	23
6771	12
6772	16
6773	25
6774	21
6775	17
6776	18
6777	13
6778	10
6779	14
6780	17
6781	14
6782	14
6783	21
6784	15
6785	14
6786	19
6787	17
6788	20
6789	16
6790	10
6791	14
6792	8
6793	19
6794	18
6795	17
6796	15
6797	15
6798	12
6799	19
6800	17
6801	22
6802	14
6803	18
6804	19
6805	17
6806	18
6807	14
6808	15
6809	18
6810	13
6811	19
6812	14
6813	19
6814	18
6815	19
6816	17
6817	19
6818	14
6819	10
6820	17
6821	15
6822	21
6823	20
6824	14
6825	19
6826	17
6827	14
6828	16
6829	12
6830	12
6831	15
6832	21
6833	13
6834	13
6835	8
6836	24
6837	8
6838	19
6839	12
6840	14
6841	10
6842	13
6843	14
6844	13
6845	7
6846	11
6847	7
6848	12
6849	14
6850	14
6851	11
6852	12
6853	12
6854	15
6855	13
6856	4
6857	8
6858	11
6859	16
6860	11
6861	7
6862	16
6863	16
6864	16
6865	12
6866	14
6867	22
6868	12
6869	12
6870	14
6871	15
6872	15
6873	10
6874	7
6875	13
6876	12
6877	17
6878	10
6879	20
6880	13
6881	12
6882	8
6883	14
6884	9
6885	12
6886	11
6887	15
6888	12
6889	15
6890	15
6891	11
6892	14
6893	11
6894	12
6895	14
6896	13
6897	11
6898	7
6899	22
6900	17
6901	10
6902	8
6903	17
6904	10
6905	11
6906	15
6907	12
6908	7
6909	13
6910	8
6911	9
6912	13
6913	13
6914	12
6915	7
6916	12
6917	12
6918	5
6919	10
6920	7
6921	8
6922	8
6923	11
6924	8
6925	11
6926	6
6927	6
6928	9
6929	10
6930	9
6931	3
6932	12
6933	6
6934	11
6935	7
6936	13
6937	13
6938	14
6939	7
6940	12
6941	10
6942	9
6943	12
6944	9
6945	8
6946	7
6947	13
6948	8
6949	11
6950	5
6951	12
6952	8
6953	5
6954	8
6955	8
6956	6
6957	3
6958	7
6959	8
6960	7
6961	12
6962	8
6963	10
6964	5
6965	7
6966	7
6967	7
6968	11
6969	10
6970	8
6971	10
6972	5
6973	8
6974	5
6975	5
6976	6
6977	13
6978	5
6979	11
6980	6
6981	7
6982	5
6983	9
6984	5
6985	7
6986	4
6987	5
6988	7
6989	3
6990	8
6991	6
6992	4
6993	5
6994	5
6995	6
6996	5
6997	8
6998	6
6999	7
7000	10
7001	4
7002	3
7003	4
7004	4
7005	6
7006	9
7007	7
7008	3
7009	4
7010	3
7011	3
7012	5
7013	3
7014	5
7015	2
7016	5
7017	6
7018	6
7019	2
7020	10
7021	6
7022	11
7023	8
7024	2
7025	3
7026	5
7027	3
7028	4
7029	5
7030	3
7031	6
7032	2
7033	6
7034	6
7035	5
7036	6
7037	7
7038	4
7039	2
7040	3
7041	5
7042	4
7043	3
7044	3
7045	7
7046	3
7047	4
7048	6
7049	3
7050	2
7051	3
7052	5
7053	1
7054	6
7055	4
7056	6
7057	3
7058	5
7059	3
7060	4
7061	5
7062	3
7063	4
7064	2
7065	6
7066	2
7067	2
7068	5
7069	5
7070	2
7071	2
7072	1
7073	1
7074	4
7075	2
7076	4
7077	4
7078	3
7079	2
7080	3
7081	3
7082	7
7083	2
7084	2
7085	4
7086	2
7087	2
7088	6
7089	3
7090	2
7091	1
7092	1
7093	3
7094	4
7095	6
7096	1
7097	0
7098	2
7099	2
7100	4
7101	4
7102	1
7103	2
7104	1
7105	2
7106	1
7107	2
7108	2
7109	4
7110	1
7111	0
7112	2
7113	0
7114	2
7115	4
7116	1
7117	3
7118	4
7119	2
7120	2
7121	4
7122	2
7123	2
7124	2
7125	3
7126	3
7127	6
7128	1
7129	2
7130	4
7131	3
7132	3
7133	0
7134	2
7135	8
7136	1
7137	2
7138	3
7139	1
7140	2
7141	2
7142	5
7143	2
7144	0
7145	1
7146	2
7147	1
7148	2
7149	3
7150	1
7151	2
7152	3
7153	2
7154	2
7155	1
7156	1
7157	1
7158	3
7159	0
7160	1
7161	1
7162	4
7163	2
7164	1
7165	3
7166	3
7167	0
7168	5
7169	2
7170	3
7171	1
7172	3
7173	1
7174	2
7175	1
7176	2
7177	2
7178	2
7179	2
7180	0
7181	0
7182	1
7183	0
7184	2
7185	1
7186	0
7187	2
7188	1
7189	4
7190	3
7191	3
7192	0
7193	2
7194	1
7195	0
7196	0
7197	1
7198	1
7199	0
7200	2
7201	1
7202	1
7203	0
7204	0
7205	2
7206	2
7207	0
7208	4
7209	1
7210	2
7211	1
7212	0
7213	1
7214	2
7215	0
7216	3
7217	0
7218	0
7219	0
7220	0
7221	2
7222	2
7223	1
7224	4
7225	1
7226	3
7227	0
7228	1
7229	0
7230	2
7231	2
7232	4
7233	0
7234	1
7235	1
7236	1
7237	3
7238	0
7239	0
7240	0
7241	1
7242	1
7243	0
7244	1
7245	3
7246	0
7247	2
7248	0
7249	2
7250	0
7251	0
7252	1
7253	0
7254	1
7255	0
7256	0
7257	2
7258	0
7259	1
7260	1
7261	0
7262	1
7263	1
7264	0
7265	2
7266	0
7267	0
7268	0
7269	0
7270	0
7271	0
7272	0
7273	0
7274	0
7275	0
7276	1
7277	3
7278	0
7279	3
7280	1
7281	0
7282	0
7283	1
7284	1
7285	2
7286	0
7287	1
7288	2
7289	1
7290	2
7291	0
7292	1
7293	0
7294	0
7295	0
7296	4
7297	1
7298	0
7299	0
7300	0
7301	1
7302	0
7303	1
7304	0
7305	1
7306	0
7307	2
7308	1
7309	0
7310	0
7311	1
7312	1
7313	0
7314	1
7315	0
7316	2
7317	1
7318	1
7319	0
7320	0
7321	1
7322	2
7323	0
7324	0
7325	0
7326	0
7327	0
7328	0
7329	1
7330	0
7331	0
7332	2
7333	0
7334	0
7335	0
7336	0
7337	0
7338	0
7339	0
7340	1
7341	0
7342	0
7343	1
7344	0
7345	0
7346	0
7347	0
7348	0
7349	1
7350	0
7351	0
7352	0
7353	2
7354	1
7355	0
7356	0
7357	0
7358	0
7359	0
7360	2
7361	0
7362	1
7363	1
7364	2
7365	1
7366	0
7367	0
7368	0
7369	0
7370	1
7371	0
7372	0
7373	2
7374	1
7375	0
7376	1
7377	0
7378	1
7379	0
7380	0
7381	1
7382	1
7383	0
7384	0
7385	0
7386	0
7387	0
7388	0
7389	1
7390	1
7391	0
7392	1
7393	0
7394	1
7395	0
7396	1
7397	0
7398	2
7399	0
7400	0
7401	0
7402	0
7403	0
7404	1
7405	0
7406	0
7407	0
7408	0
7409	0
7410	0
7411	0
7412	1
7413	0
7414	0
7415	0
7416	0
7417	0
7418	0
7419	1
7420	0
7421	1
7422	0
7423	0
7424	1
7425	2
7426	0
7427	0
7428	0
7429	0
7430	1
7431	0
7432	0
7433	2
7434	0
7435	0
7436	1
7437	0
7438	0
7439	1
7440	2
7441	1
7442	0
7443	0
7444	0
7445	0
7446	1
7447	0
7448	0
7449	1
7450	1
7451	0
7452	0
7453	0
7454	0
7455	0
7456	0
7457	0
7458	1
7459	0
7460	0
7461	1
7462	1
7463	0
7464	1
7465	0
7466	0
7467	0
7468	0
7469	0
7470	0
7471	0
7472	0
7473	2
7474	0
7475	1
7476	0
7477	0
7478	0
7479	0
7480	3
7481	0
7482	0
7483	0
7484	0
7485	0
7486	1
7487	0
7488	3
7489	0
7490	0
7491	0
7492	0
7493	0
7494	2
7495	1
7496	2
7497	2
7498	1
7499	0
7500	1
7501	0
7502	1
7503	0
7504	0
7505	0
7506	0
7507	0
7508	0
7509	0
7510	0
7511	1
7512	0
7513	1
7514	1
7515	0
7516	0
7517	1
7518	0
7519	0
7520	0
7521	2
7522	0
7523	0
7524	2
7525	1
7526	0
7527	3
7528	1
7529	2
7530	0
7531	1
7532	0
7533	0
7534	0
7535	0
7536	0
7537	0
7538	0
7539	0
7540	0
7541	1
7542	1
7543	1
7544	3
7545	0
7546	0
7547	0
7548	0
7549	2
7550	1
7551	1
7552	0
7553	0
7554	2
7555	1
7556	1
7557	1
7558	0
7559	1
7560	1
7561	0
7562	0
7563	0
7564	0
7565	0
7566	0
7567	0
7568	0
7569	1
7570	0
7571	0
7572	0
7573	1
7574	0
7575	0
7576	0
7577	1
7578	2
7579	1
7580	0
7581	1
7582	0
7583	0
7584	0
7585	1
7586	1
7587	0
7588	0
7589	1
7590	0
7591	1
7592	0
7593	0
7594	1
7595	0
7596	0
7597	2
7598	0
7599	1
7600	0
7601	0
7602	1
7603	1
7604	0
7605	0
7606	0
7607	1
7608	0
7609	0
7610	0
7611	0
7612	0
7613	0
7614	0
7615	1
7616	0
7617	0
7618	0
7619	3
7620	0
7621	0
7622	0
7623	1
7624	1
7625	1
7626	1
7627	0
7628	0
7629	0
7630	1
7631	0
7632	0
7633	0
7634	1
7635	0
7636	0
7637	0
7638	0
7639	0
7640	0
7641	0
7642	0
7643	1
7644	0
7645	0
7646	0
7647	2
7648	0
7649	0
7650	1
7651	0
7652	0
7653	0
7654	0
7655	0
7656	0
7657	1
7658	1
7659	0
7660	1
7661	0
7662	0
7663	1
7664	1
7665	0
7666	1
7667	2
7668	0
7669	0
7670	0
7671	1
7672	0
7673	2
7674	0
7675	0
7676	0
7677	2
7678	0
7679	1
7680	0
7681	1
7682	2
7683	0
7684	1
7685	1
7686	0
7687	0
7688	0
7689	1
7690	1
7691	3
7692	0
7693	0
7694	0
7695	0
7696	0
7697	0
7698	0
7699	1
7700	0
7701	1
7702	0
7703	1
7704	0
7705	0
7706	0
7707	0
7708	1
7709	0
7710	1
7711	1
7712	0
7713	0
7714	1
7715	0
7716	0
7717	0
7718	1
7719	1
7720	0
7721	4
7722	0
7723	0
7724	0
7725	1
7726	1
7727	2
7728	0
7729	0
7730	2
7731	1
7732	0
7733	0
7734	2
7735	1
7736	0
7737	0
7738	1
7739	1
7740	0
7741	0
7742	1
7743	0
7744	0
7745	0
7746	0
7747	0
7748	0
7749	1
7750	0
7751	0
7752	1
7753	0
7754	0
7755	2
7756	0
7757	1
7758	0
7759	1
7760	0
7761	0
7762	1
7763	1
7764	1
7765	0
7766	2
7767	0
7768	2
7769	0
7770	0
7771	0
7772	1
7773	1
7774	0
7775	0
7776	0
7777	0
7778	0
7779	0
7780	2
7781	0
7782	1
7783	1
7784	0
7785	2
7786	0
7787	0
7788	1
7789	0
7790	0
7791	0
7792	0
7793	0
7794	0
7795	1
7796	0
7797	0
7798	0
7799	1
7800	2
7801	1
7802	0
7803	0
7804	0
7805	1
7806	0
7807	0
7808	0
7809	0
7810	1
7811	2
7812	0
7813	0
7814	0
7815	1
7816	0
7817	1
7818	0
7819	1
7820	0
7821	1
7822	0
7823	0
7824	0
7825	0
7826	1
7827	1
7828	0
7829	2
7830	0
7831	0
7832	1
7833	0
7834	0
7835	1
7836	0
7837	0
7838	0
7839	0
7840	2
7841	0
7842	0
7843	0
7844	1
7845	1
7846	0
7847	0
7848	0
7849	1
7850	0
7851	0
7852	0
7853	1
7854	2
7855	1
7856	1
7857	0
7858	0
7859	1
7860	0
7861	1
7862	0
7863	2
7864	0
7865	0
7866	0
7867	2
7868	0
7869	0
7870	0
7871	1
7872	0
7873	1
7874	0
7875	1
7876	0
7877	0
7878	1
7879	0
7880	0
7881	0
7882	0
7883	0
7884	0
7885	0
7886	2
7887	0
7888	1
7889	0
7890	0
7891	0
7892	0
7893	0
7894	0
7895	0
7896	2
7897	0
7898	1
7899	1
7900	0
7901	1
7902	0
7903	0
7904	0
7905	0
7906	0
7907	0
7908	1
7909	0
7910	0
7911	1
7912	1
7913	0
7914	2
7915	0
7916	3
7917	3
7918	0
7919	0
7920	1
7921	0
7922	1
7923	0
7924	0
7925	0
7926	0
7927	1
7928	0
7929	0
7930	1
7931	0
7932	0
7933	2
7934	0
7935	2
7936	1
7937	1
7938	0
7939	0
7940	0
7941	0
7942	0
7943	1
7944	0
7945	1
7946	0
7947	0
7948	0
7949	0
7950	0
7951	0
7952	0
7953	3
7954	0
7955	1
7956	1
7957	0
7958	0
7959	1
7960	0
7961	1
7962	2
7963	0
7964	1
7965	0
7966	0
7967	1
7968	1
7969	0
7970	1
7971	0
7972	0
7973	1
7974	2
7975	1
7976	0
7977	1
7978	0
7979	0
7980	1
7981	0
7982	3
7983	2
7984	0
7985	0
7986	0
7987	0
7988	0
7989	1
7990	0
7991	1
7992	0
7993	0
7994	0
7995	1
7996	1
7997	1
7998	1
7999	0
8000	1
8001	0
8002	0
8003	0
8004	1
8005	0
8006	0
8007	2
8008	0
8009	0
8010	0
8011	1
8012	0
8013	1
8014	2
8015	1
8016	0
8017	1
8018	1
8019	0
8020	1
8021	0
8022	0
8023	1
8024	0
8025	2
8026	0
8027	1
8028	0
8029	0
8030	0
8031	0
8032	1
8033	0
8034	0
8035	0
8036	0
8037	1
8038	0
8039	3
8040	0
8041	1
8042	1
8043	0
8044	0
8045	0
8046	1
8047	2
8048	1
8049	0
8050	1
8051	0
8052	0
8053	0
8054	0
8055	0
8056	0
8057	1
8058	0
8059	1
8060	2
8061	0
8062	1
8063	0
8064	1
8065	0
8066	2
8067	0
8068	1
8069	0
8070	0
8071	0
8072	0
8073	0
8074	1
8075	1
8076	0
8077	1
8078	2
8079	0
8080	1
8081	0
8082	0
8083	0
8084	0
8085	1
8086	0
8087	1
8088	0
8089	0
8090	1
8091	1
8092	0
8093	0
8094	0
8095	0
8096	0
8097	0
8098	0
8099	0
8100	0
8101	0
8102	0
8103	0
8104	0
8105	0
8106	0
8107	0
8108	0
8109	0
8110	0
8111	0
8112	0
8113	0
8114	0
8115	0
8116	0
8117	0
8118	0
8119	0
8120	0
8121	0
8122	0
8123	0
8124	0
8125	0
8126	0
8127	0
8128	0
8129	0
8130	0
8131	0
8132	0
8133	0
8134	0
8135	0
8136	0
8137	0
8138	0
8139	0
8140	0
8141	0
8142	0
8143	0
8144	0
8145	0
8146	0
8147	0
8148	0
8149	0
8150	0
8151	0
8152	0
8153	0
8154	0
8155	0
8156	0
8157	0
8158	0
8159	0
8160	0
8161	0
8162	0
8163	0
8164	0
8165	0
8166	0
8167	0
8168	0
8169	0
8170	0
8171	0
8172	0
8173	0
8174	0
8175	0
8176	0
8177	0
8178	0
8179	0
8180	0
8181	0
8182	0
8183	0
8184	0
8185	0
8186	0
8187	0
8188	0
8189	0
8190	0
8191	0
