0	0
1	0
2	0
3	0
4	0
5	0
6	0
7	0
8	0
9	0
10	0
11	0
12	0
13	0
14	0
15	0
16	0
17	0
18	0
19	0
20	0
21	0
22	0
23	0
24	0
25	0
26	0
27	0
28	0
29	0
30	0
31	0
32	0
33	0
34	0
35	0
36	0
37	0
38	0
39	0
40	0
41	0
42	0
43	0
44	0
45	0
46	0
47	0
48	0
49	0
50	0
51	0
52	0
53	0
54	0
55	0
56	0
57	0
58	0
59	0
60	0
61	0
62	0
63	0
64	0
65	0
66	0
67	0
68	0
69	0
70	0
71	0
72	0
73	0
74	0
75	0
76	0
77	0
78	0
79	0
80	0
81	0
82	0
83	0
84	0
85	0
86	0
87	0
88	0
89	0
90	0
91	0
92	0
93	0
94	0
95	0
96	0
97	0
98	0
99	0
100	0
101	0
102	0
103	0
104	0
105	0
106	0
107	0
108	0
109	0
110	0
111	0
112	0
113	0
114	0
115	0
116	0
117	0
118	0
119	0
120	0
121	0
122	0
123	0
124	0
125	0
126	0
127	0
128	0
129	0
130	0
131	0
132	0
133	0
134	0
135	0
136	0
137	0
138	0
139	0
140	0
141	0
142	0
143	0
144	0
145	0
146	0
147	0
148	0
149	0
150	0
151	0
152	0
153	0
154	0
155	0
156	0
157	0
158	0
159	0
160	0
161	0
162	0
163	0
164	0
165	0
166	0
167	0
168	0
169	0
170	0
171	0
172	0
173	0
174	0
175	0
176	0
177	0
178	0
179	0
180	7
181	15
182	38
183	51
184	54
185	67
186	66
187	50
188	41
189	49
190	44
191	43
192	53
193	51
194	37
195	42
196	42
197	44
198	51
199	46
200	50
201	40
202	40
203	33
204	44
205	35
206	42
207	34
208	47
209	41
210	28
211	32
212	38
213	28
214	44
215	43
216	39
217	36
218	39
219	52
220	43
221	41
222	46
223	46
224	49
225	30
226	40
227	30
228	36
229	55
230	40
231	45
232	43
233	39
234	40
235	42
236	43
237	39
238	42
239	32
240	44
241	36
242	45
243	40
244	38
245	42
246	28
247	53
248	44
249	34
250	37
251	38
252	45
253	36
254	38
255	40
256	32
257	44
258	43
259	40
260	37
261	43
262	47
263	35
264	36
265	46
266	34
267	39
268	42
269	44
270	49
271	33
272	41
273	35
274	44
275	34
276	45
277	41
278	42
279	37
280	52
281	36
282	40
283	59
284	41
285	55
286	49
287	38
288	33
289	38
290	50
291	41
292	40
293	50
294	48
295	41
296	43
297	47
298	42
299	34
300	40
301	37
302	36
303	56
304	47
305	44
306	38
307	41
308	31
309	37
310	37
311	46
312	39
313	30
314	37
315	36
316	46
317	51
318	36
319	33
320	53
321	38
322	25
323	41
324	33
325	38
326	49
327	43
328	35
329	40
330	42
331	51
332	37
333	41
334	47
335	40
336	44
337	41
338	50
339	34
340	48
341	32
342	55
343	43
344	51
345	48
346	41
347	37
348	43
349	34
350	36
351	35
352	36
353	48
354	46
355	49
356	54
357	51
358	45
359	44
360	49
361	45
362	51
363	40
364	36
365	44
366	37
367	36
368	45
369	44
370	36
371	38
372	46
373	34
374	52
375	40
376	50
377	50
378	46
379	48
380	49
381	32
382	41
383	30
384	32
385	39
386	52
387	39
388	36
389	38
390	47
391	47
392	52
393	36
394	39
395	42
396	63
397	39
398	41
399	43
400	58
401	43
402	45
403	45
404	48
405	44
406	43
407	40
408	58
409	47
410	50
411	46
412	49
413	34
414	50
415	47
416	48
417	42
418	44
419	38
420	51
421	42
422	55
423	45
424	35
425	53
426	65
427	45
428	44
429	43
430	40
431	48
432	44
433	50
434	42
435	41
436	40
437	43
438	46
439	51
440	53
441	40
442	46
443	42
444	42
445	41
446	52
447	42
448	41
449	52
450	50
451	47
452	40
453	39
454	45
455	43
456	47
457	38
458	40
459	47
460	52
461	51
462	44
463	50
464	39
465	51
466	40
467	40
468	40
469	54
470	44
471	53
472	48
473	57
474	42
475	48
476	44
477	51
478	50
479	48
480	49
481	43
482	54
483	51
484	42
485	48
486	34
487	50
488	45
489	40
490	45
491	45
492	46
493	49
494	42
495	39
496	50
497	42
498	40
499	51
500	45
501	48
502	41
503	39
504	42
505	46
506	49
507	37
508	47
509	43
510	42
511	43
512	49
513	48
514	46
515	49
516	40
517	49
518	39
519	48
520	38
521	46
522	32
523	46
524	60
525	43
526	49
527	51
528	55
529	42
530	49
531	41
532	44
533	43
534	47
535	41
536	49
537	50
538	48
539	37
540	34
541	40
542	38
543	49
544	38
545	38
546	47
547	42
548	43
549	51
550	49
551	54
552	38
553	45
554	45
555	44
556	51
557	38
558	45
559	45
560	40
561	48
562	43
563	50
564	28
565	36
566	52
567	48
568	44
569	50
570	50
571	47
572	35
573	44
574	38
575	46
576	35
577	47
578	53
579	34
580	47
581	52
582	36
583	41
584	35
585	43
586	44
587	46
588	39
589	62
590	43
591	47
592	66
593	41
594	48
595	49
596	46
597	47
598	60
599	53
600	41
601	48
602	44
603	44
604	45
605	38
606	41
607	57
608	49
609	48
610	47
611	54
612	38
613	46
614	42
615	42
616	42
617	42
618	40
619	51
620	56
621	45
622	54
623	29
624	42
625	37
626	39
627	37
628	45
629	52
630	56
631	39
632	55
633	56
634	38
635	45
636	40
637	36
638	47
639	45
640	37
641	42
642	47
643	48
644	47
645	54
646	45
647	45
648	49
649	45
650	51
651	41
652	67
653	47
654	56
655	51
656	55
657	44
658	42
659	43
660	43
661	36
662	51
663	42
664	41
665	46
666	39
667	40
668	41
669	41
670	39
671	45
672	42
673	45
674	56
675	51
676	53
677	46
678	52
679	46
680	44
681	46
682	43
683	50
684	49
685	52
686	52
687	43
688	49
689	44
690	59
691	46
692	54
693	38
694	54
695	44
696	52
697	43
698	41
699	57
700	55
701	56
702	62
703	55
704	42
705	55
706	48
707	51
708	55
709	54
710	60
711	55
712	38
713	46
714	59
715	51
716	53
717	41
718	54
719	50
720	51
721	46
722	44
723	38
724	52
725	44
726	40
727	50
728	44
729	48
730	47
731	50
732	57
733	55
734	54
735	45
736	53
737	41
738	60
739	44
740	45
741	48
742	45
743	45
744	59
745	53
746	53
747	64
748	44
749	45
750	39
751	54
752	46
753	51
754	61
755	61
756	39
757	53
758	58
759	46
760	63
761	43
762	53
763	58
764	58
765	56
766	56
767	53
768	53
769	55
770	62
771	62
772	43
773	55
774	55
775	50
776	65
777	69
778	59
779	65
780	58
781	58
782	59
783	56
784	52
785	63
786	60
787	48
788	59
789	45
790	72
791	42
792	66
793	56
794	56
795	65
796	66
797	59
798	54
799	64
800	76
801	49
802	48
803	68
804	58
805	61
806	71
807	59
808	79
809	68
810	62
811	73
812	81
813	75
814	71
815	72
816	62
817	78
818	75
819	78
820	67
821	75
822	70
823	83
824	69
825	73
826	79
827	85
828	79
829	84
830	76
831	65
832	91
833	71
834	72
835	77
836	81
837	74
838	78
839	88
840	82
841	88
842	85
843	96
844	71
845	86
846	74
847	73
848	95
849	93
850	92
851	85
852	87
853	80
854	79
855	79
856	91
857	86
858	112
859	78
860	101
861	88
862	107
863	84
864	99
865	74
866	84
867	91
868	82
869	86
870	84
871	84
872	74
873	107
874	73
875	89
876	71
877	77
878	95
879	73
880	90
881	95
882	85
883	82
884	63
885	89
886	90
887	98
888	70
889	87
890	73
891	78
892	81
893	80
894	74
895	81
896	69
897	74
898	74
899	82
900	74
901	67
902	86
903	65
904	84
905	63
906	48
907	80
908	70
909	77
910	79
911	72
912	71
913	76
914	61
915	58
916	50
917	66
918	65
919	76
920	69
921	71
922	69
923	64
924	54
925	44
926	62
927	62
928	66
929	61
930	78
931	67
932	52
933	70
934	68
935	69
936	58
937	60
938	64
939	60
940	64
941	68
942	64
943	71
944	79
945	66
946	70
947	68
948	65
949	72
950	48
951	62
952	65
953	63
954	69
955	60
956	56
957	71
958	59
959	60
960	61
961	73
962	69
963	70
964	61
965	86
966	68
967	69
968	85
969	70
970	66
971	58
972	64
973	59
974	52
975	64
976	51
977	70
978	65
979	63
980	68
981	71
982	75
983	83
984	61
985	55
986	48
987	68
988	70
989	87
990	83
991	60
992	68
993	55
994	73
995	67
996	59
997	72
998	65
999	55
1000	81
1001	79
1002	73
1003	59
1004	72
1005	68
1006	60
1007	69
1008	78
1009	81
1010	68
1011	60
1012	58
1013	58
1014	65
1015	48
1016	71
1017	70
1018	68
1019	74
1020	57
1021	74
1022	70
1023	51
1024	73
1025	50
1026	59
1027	69
1028	60
1029	52
1030	57
1031	56
1032	51
1033	53
1034	60
1035	61
1036	56
1037	52
1038	71
1039	71
1040	48
1041	46
1042	50
1043	53
1044	63
1045	63
1046	59
1047	53
1048	51
1049	60
1050	64
1051	54
1052	47
1053	58
1054	47
1055	58
1056	54
1057	49
1058	55
1059	36
1060	54
1061	59
1062	52
1063	54
1064	48
1065	56
1066	47
1067	60
1068	49
1069	48
1070	50
1071	60
1072	41
1073	54
1074	48
1075	52
1076	64
1077	51
1078	54
1079	57
1080	53
1081	38
1082	53
1083	64
1084	49
1085	44
1086	59
1087	52
1088	60
1089	61
1090	57
1091	65
1092	48
1093	45
1094	57
1095	56
1096	54
1097	66
1098	44
1099	44
1100	48
1101	47
1102	39
1103	65
1104	55
1105	50
1106	48
1107	62
1108	61
1109	48
1110	56
1111	39
1112	53
1113	63
1114	57
1115	67
1116	63
1117	55
1118	58
1119	48
1120	53
1121	54
1122	51
1123	40
1124	56
1125	56
1126	53
1127	60
1128	54
1129	46
1130	37
1131	56
1132	70
1133	48
1134	57
1135	67
1136	55
1137	42
1138	41
1139	60
1140	62
1141	55
1142	59
1143	54
1144	73
1145	48
1146	54
1147	49
1148	36
1149	45
1150	66
1151	55
1152	55
1153	49
1154	46
1155	57
1156	56
1157	64
1158	70
1159	57
1160	52
1161	54
1162	61
1163	48
1164	56
1165	52
1166	70
1167	46
1168	62
1169	49
1170	59
1171	59
1172	54
1173	52
1174	75
1175	61
1176	62
1177	52
1178	65
1179	54
1180	50
1181	52
1182	54
1183	73
1184	60
1185	56
1186	65
1187	70
1188	61
1189	59
1190	55
1191	64
1192	55
1193	63
1194	67
1195	69
1196	50
1197	44
1198	55
1199	64
1200	63
1201	63
1202	57
1203	65
1204	75
1205	53
1206	53
1207	43
1208	60
1209	65
1210	59
1211	58
1212	52
1213	63
1214	61
1215	61
1216	57
1217	62
1218	50
1219	59
1220	48
1221	56
1222	65
1223	64
1224	63
1225	53
1226	54
1227	45
1228	60
1229	69
1230	70
1231	55
1232	62
1233	68
1234	51
1235	67
1236	52
1237	74
1238	61
1239	62
1240	61
1241	52
1242	51
1243	64
1244	66
1245	61
1246	49
1247	54
1248	73
1249	63
1250	56
1251	57
1252	62
1253	61
1254	65
1255	69
1256	64
1257	70
1258	69
1259	91
1260	66
1261	64
1262	63
1263	81
1264	56
1265	61
1266	58
1267	60
1268	61
1269	68
1270	62
1271	57
1272	65
1273	62
1274	76
1275	76
1276	60
1277	67
1278	65
1279	58
1280	69
1281	51
1282	76
1283	61
1284	61
1285	72
1286	66
1287	51
1288	81
1289	66
1290	79
1291	70
1292	73
1293	72
1294	73
1295	60
1296	68
1297	68
1298	78
1299	57
1300	60
1301	76
1302	53
1303	62
1304	73
1305	76
1306	67
1307	62
1308	67
1309	54
1310	67
1311	72
1312	75
1313	54
1314	57
1315	72
1316	69
1317	72
1318	65
1319	74
1320	75
1321	78
1322	59
1323	74
1324	77
1325	59
1326	66
1327	80
1328	70
1329	71
1330	85
1331	99
1332	65
1333	66
1334	65
1335	81
1336	59
1337	74
1338	61
1339	76
1340	70
1341	76
1342	78
1343	68
1344	71
1345	72
1346	81
1347	67
1348	91
1349	82
1350	57
1351	79
1352	66
1353	88
1354	61
1355	80
1356	73
1357	68
1358	81
1359	90
1360	70
1361	75
1362	71
1363	71
1364	80
1365	57
1366	62
1367	74
1368	76
1369	73
1370	77
1371	88
1372	82
1373	91
1374	76
1375	80
1376	80
1377	67
1378	68
1379	87
1380	82
1381	94
1382	59
1383	86
1384	79
1385	75
1386	70
1387	69
1388	75
1389	79
1390	80
1391	73
1392	70
1393	72
1394	73
1395	72
1396	75
1397	71
1398	76
1399	76
1400	86
1401	64
1402	96
1403	89
1404	81
1405	69
1406	83
1407	84
1408	77
1409	76
1410	80
1411	73
1412	72
1413	98
1414	63
1415	76
1416	96
1417	70
1418	79
1419	85
1420	71
1421	86
1422	67
1423	73
1424	82
1425	88
1426	80
1427	78
1428	77
1429	86
1430	95
1431	71
1432	76
1433	79
1434	74
1435	91
1436	100
1437	91
1438	82
1439	85
1440	91
1441	69
1442	72
1443	87
1444	88
1445	92
1446	78
1447	66
1448	60
1449	83
1450	90
1451	84
1452	85
1453	68
1454	87
1455	93
1456	77
1457	91
1458	85
1459	89
1460	74
1461	76
1462	75
1463	79
1464	74
1465	74
1466	103
1467	85
1468	93
1469	81
1470	88
1471	73
1472	63
1473	80
1474	86
1475	74
1476	87
1477	100
1478	75
1479	94
1480	91
1481	76
1482	82
1483	77
1484	85
1485	87
1486	100
1487	96
1488	59
1489	80
1490	102
1491	75
1492	105
1493	81
1494	75
1495	88
1496	99
1497	90
1498	77
1499	79
1500	74
1501	71
1502	80
1503	94
1504	92
1505	88
1506	88
1507	90
1508	96
1509	80
1510	93
1511	87
1512	82
1513	80
1514	71
1515	88
1516	76
1517	84
1518	89
1519	75
1520	79
1521	94
1522	77
1523	77
1524	76
1525	93
1526	84
1527	86
1528	89
1529	84
1530	78
1531	75
1532	87
1533	95
1534	78
1535	75
1536	97
1537	75
1538	100
1539	92
1540	82
1541	78
1542	85
1543	83
1544	107
1545	85
1546	94
1547	74
1548	78
1549	85
1550	88
1551	99
1552	95
1553	86
1554	82
1555	93
1556	92
1557	83
1558	97
1559	83
1560	95
1561	74
1562	103
1563	100
1564	70
1565	88
1566	88
1567	84
1568	99
1569	93
1570	78
1571	79
1572	111
1573	90
1574	88
1575	83
1576	94
1577	88
1578	104
1579	80
1580	82
1581	77
1582	87
1583	90
1584	90
1585	78
1586	87
1587	103
1588	93
1589	80
1590	76
1591	93
1592	72
1593	71
1594	102
1595	79
1596	75
1597	86
1598	89
1599	94
1600	86
1601	85
1602	97
1603	96
1604	98
1605	99
1606	102
1607	83
1608	117
1609	104
1610	99
1611	103
1612	93
1613	101
1614	96
1615	93
1616	78
1617	102
1618	95
1619	92
1620	93
1621	108
1622	108
1623	101
1624	77
1625	86
1626	94
1627	104
1628	97
1629	77
1630	94
1631	97
1632	75
1633	86
1634	82
1635	106
1636	87
1637	75
1638	93
1639	78
1640	94
1641	94
1642	91
1643	99
1644	105
1645	81
1646	95
1647	83
1648	79
1649	121
1650	113
1651	105
1652	115
1653	87
1654	88
1655	101
1656	87
1657	95
1658	89
1659	90
1660	106
1661	94
1662	92
1663	81
1664	91
1665	96
1666	96
1667	94
1668	106
1669	95
1670	104
1671	101
1672	78
1673	85
1674	89
1675	98
1676	96
1677	93
1678	91
1679	86
1680	93
1681	105
1682	101
1683	74
1684	79
1685	93
1686	82
1687	84
1688	99
1689	83
1690	111
1691	98
1692	114
1693	88
1694	89
1695	95
1696	94
1697	98
1698	80
1699	101
1700	88
1701	108
1702	96
1703	85
1704	90
1705	95
1706	84
1707	86
1708	101
1709	73
1710	80
1711	87
1712	96
1713	104
1714	85
1715	84
1716	91
1717	85
1718	85
1719	82
1720	88
1721	90
1722	85
1723	95
1724	86
1725	103
1726	86
1727	91
1728	97
1729	87
1730	81
1731	88
1732	110
1733	87
1734	96
1735	88
1736	85
1737	94
1738	101
1739	95
1740	102
1741	87
1742	77
1743	77
1744	92
1745	83
1746	80
1747	93
1748	89
1749	83
1750	85
1751	99
1752	72
1753	90
1754	97
1755	85
1756	101
1757	96
1758	91
1759	102
1760	98
1761	88
1762	85
1763	89
1764	89
1765	95
1766	84
1767	84
1768	104
1769	103
1770	92
1771	90
1772	79
1773	100
1774	95
1775	88
1776	88
1777	91
1778	76
1779	108
1780	83
1781	95
1782	93
1783	83
1784	120
1785	108
1786	83
1787	81
1788	93
1789	101
1790	100
1791	89
1792	91
1793	103
1794	82
1795	77
1796	92
1797	108
1798	91
1799	95
1800	99
1801	78
1802	98
1803	76
1804	79
1805	91
1806	82
1807	90
1808	89
1809	104
1810	92
1811	94
1812	92
1813	90
1814	93
1815	98
1816	103
1817	90
1818	84
1819	100
1820	91
1821	79
1822	84
1823	99
1824	109
1825	83
1826	105
1827	79
1828	93
1829	84
1830	101
1831	87
1832	90
1833	82
1834	93
1835	78
1836	86
1837	76
1838	74
1839	106
1840	103
1841	100
1842	86
1843	94
1844	87
1845	97
1846	87
1847	95
1848	80
1849	65
1850	102
1851	103
1852	96
1853	80
1854	96
1855	78
1856	86
1857	93
1858	91
1859	73
1860	78
1861	85
1862	109
1863	110
1864	88
1865	96
1866	87
1867	77
1868	87
1869	87
1870	94
1871	96
1872	83
1873	87
1874	94
1875	75
1876	77
1877	79
1878	91
1879	80
1880	102
1881	85
1882	66
1883	99
1884	86
1885	86
1886	102
1887	82
1888	101
1889	93
1890	85
1891	97
1892	91
1893	81
1894	88
1895	103
1896	89
1897	108
1898	81
1899	93
1900	100
1901	83
1902	84
1903	78
1904	105
1905	90
1906	87
1907	72
1908	99
1909	89
1910	81
1911	105
1912	96
1913	113
1914	92
1915	92
1916	86
1917	98
1918	114
1919	81
1920	91
1921	103
1922	65
1923	84
1924	82
1925	83
1926	75
1927	75
1928	98
1929	91
1930	99
1931	81
1932	70
1933	113
1934	93
1935	86
1936	97
1937	109
1938	97
1939	80
1940	91
1941	73
1942	103
1943	82
1944	93
1945	106
1946	106
1947	94
1948	69
1949	85
1950	65
1951	89
1952	101
1953	102
1954	82
1955	94
1956	91
1957	74
1958	99
1959	85
1960	88
1961	99
1962	94
1963	93
1964	101
1965	106
1966	107
1967	87
1968	94
1969	85
1970	87
1971	80
1972	87
1973	77
1974	85
1975	81
1976	86
1977	70
1978	92
1979	98
1980	89
1981	96
1982	88
1983	91
1984	95
1985	82
1986	99
1987	97
1988	82
1989	90
1990	92
1991	92
1992	80
1993	77
1994	98
1995	101
1996	90
1997	74
1998	91
1999	88
2000	95
2001	87
2002	86
2003	81
2004	71
2005	97
2006	91
2007	74
2008	70
2009	84
2010	88
2011	103
2012	84
2013	88
2014	96
2015	86
2016	82
2017	80
2018	91
2019	82
2020	88
2021	78
2022	101
2023	89
2024	82
2025	105
2026	81
2027	74
2028	80
2029	94
2030	82
2031	86
2032	85
2033	89
2034	86
2035	83
2036	77
2037	95
2038	88
2039	106
2040	95
2041	90
2042	95
2043	85
2044	84
2045	81
2046	86
2047	96
2048	89
2049	80
2050	84
2051	82
2052	70
2053	104
2054	75
2055	87
2056	74
2057	67
2058	77
2059	88
2060	90
2061	79
2062	103
2063	73
2064	86
2065	72
2066	84
2067	86
2068	90
2069	73
2070	90
2071	102
2072	91
2073	94
2074	91
2075	96
2076	101
2077	69
2078	93
2079	64
2080	77
2081	79
2082	102
2083	69
2084	95
2085	81
2086	91
2087	91
2088	89
2089	103
2090	97
2091	82
2092	87
2093	73
2094	98
2095	107
2096	84
2097	89
2098	99
2099	79
2100	79
2101	97
2102	65
2103	73
2104	85
2105	100
2106	81
2107	92
2108	84
2109	72
2110	83
2111	69
2112	78
2113	96
2114	73
2115	90
2116	74
2117	88
2118	96
2119	69
2120	69
2121	90
2122	77
2123	91
2124	92
2125	72
2126	76
2127	85
2128	87
2129	85
2130	94
2131	102
2132	76
2133	73
2134	80
2135	73
2136	81
2137	80
2138	90
2139	95
2140	107
2141	85
2142	91
2143	79
2144	92
2145	66
2146	87
2147	99
2148	100
2149	101
2150	93
2151	91
2152	85
2153	90
2154	74
2155	77
2156	91
2157	78
2158	110
2159	88
2160	76
2161	82
2162	102
2163	90
2164	97
2165	87
2166	82
2167	102
2168	88
2169	87
2170	93
2171	76
2172	92
2173	78
2174	84
2175	78
2176	76
2177	73
2178	88
2179	90
2180	96
2181	91
2182	95
2183	88
2184	96
2185	88
2186	87
2187	90
2188	90
2189	90
2190	83
2191	87
2192	89
2193	92
2194	80
2195	102
2196	90
2197	83
2198	85
2199	84
2200	73
2201	88
2202	88
2203	92
2204	97
2205	67
2206	81
2207	72
2208	76
2209	92
2210	74
2211	85
2212	86
2213	80
2214	83
2215	80
2216	84
2217	86
2218	97
2219	81
2220	101
2221	98
2222	99
2223	83
2224	100
2225	81
2226	93
2227	88
2228	73
2229	96
2230	90
2231	75
2232	83
2233	84
2234	94
2235	96
2236	74
2237	85
2238	84
2239	79
2240	75
2241	100
2242	79
2243	84
2244	77
2245	92
2246	77
2247	100
2248	70
2249	86
2250	91
2251	109
2252	85
2253	84
2254	92
2255	86
2256	92
2257	95
2258	82
2259	78
2260	86
2261	93
2262	101
2263	84
2264	96
2265	84
2266	98
2267	94
2268	80
2269	92
2270	86
2271	91
2272	88
2273	82
2274	113
2275	74
2276	101
2277	84
2278	86
2279	96
2280	70
2281	83
2282	94
2283	80
2284	92
2285	93
2286	85
2287	83
2288	82
2289	89
2290	82
2291	91
2292	89
2293	88
2294	81
2295	93
2296	73
2297	86
2298	80
2299	94
2300	81
2301	77
2302	67
2303	79
2304	101
2305	81
2306	81
2307	76
2308	80
2309	86
2310	87
2311	97
2312	92
2313	97
2314	94
2315	66
2316	82
2317	74
2318	92
2319	90
2320	76
2321	78
2322	87
2323	94
2324	82
2325	79
2326	77
2327	86
2328	70
2329	78
2330	95
2331	90
2332	71
2333	77
2334	85
2335	77
2336	72
2337	86
2338	97
2339	105
2340	84
2341	63
2342	90
2343	81
2344	89
2345	90
2346	79
2347	85
2348	72
2349	82
2350	96
2351	75
2352	87
2353	79
2354	99
2355	63
2356	68
2357	85
2358	83
2359	94
2360	86
2361	78
2362	103
2363	81
2364	74
2365	71
2366	89
2367	80
2368	91
2369	70
2370	89
2371	76
2372	80
2373	96
2374	79
2375	104
2376	77
2377	85
2378	98
2379	85
2380	102
2381	70
2382	91
2383	74
2384	102
2385	79
2386	71
2387	70
2388	84
2389	85
2390	93
2391	71
2392	67
2393	87
2394	72
2395	85
2396	90
2397	72
2398	77
2399	79
2400	65
2401	77
2402	79
2403	90
2404	72
2405	95
2406	74
2407	87
2408	98
2409	72
2410	91
2411	73
2412	93
2413	83
2414	93
2415	87
2416	85
2417	80
2418	96
2419	97
2420	88
2421	75
2422	75
2423	91
2424	80
2425	82
2426	81
2427	90
2428	60
2429	68
2430	85
2431	70
2432	75
2433	84
2434	89
2435	65
2436	86
2437	71
2438	69
2439	89
2440	66
2441	75
2442	88
2443	79
2444	67
2445	80
2446	74
2447	62
2448	74
2449	78
2450	80
2451	78
2452	85
2453	88
2454	80
2455	82
2456	74
2457	72
2458	89
2459	70
2460	79
2461	72
2462	78
2463	68
2464	91
2465	78
2466	78
2467	101
2468	89
2469	81
2470	86
2471	72
2472	72
2473	81
2474	74
2475	79
2476	75
2477	62
2478	76
2479	82
2480	86
2481	64
2482	82
2483	85
2484	77
2485	75
2486	69
2487	81
2488	77
2489	72
2490	86
2491	74
2492	65
2493	77
2494	74
2495	98
2496	86
2497	75
2498	66
2499	83
2500	73
2501	69
2502	90
2503	70
2504	87
2505	79
2506	75
2507	83
2508	78
2509	77
2510	83
2511	82
2512	85
2513	85
2514	70
2515	83
2516	70
2517	84
2518	76
2519	77
2520	88
2521	55
2522	97
2523	78
2524	73
2525	67
2526	96
2527	62
2528	67
2529	76
2530	75
2531	72
2532	89
2533	90
2534	81
2535	85
2536	66
2537	73
2538	72
2539	79
2540	83
2541	73
2542	74
2543	60
2544	79
2545	63
2546	65
2547	80
2548	80
2549	86
2550	64
2551	83
2552	79
2553	74
2554	78
2555	82
2556	85
2557	74
2558	84
2559	102
2560	85
2561	88
2562	59
2563	72
2564	72
2565	80
2566	77
2567	83
2568	70
2569	95
2570	73
2571	74
2572	77
2573	69
2574	69
2575	77
2576	72
2577	75
2578	74
2579	84
2580	70
2581	81
2582	80
2583	64
2584	80
2585	76
2586	81
2587	67
2588	77
2589	73
2590	85
2591	78
2592	83
2593	73
2594	71
2595	74
2596	58
2597	70
2598	68
2599	64
2600	77
2601	75
2602	69
2603	63
2604	69
2605	83
2606	91
2607	83
2608	80
2609	82
2610	73
2611	84
2612	71
2613	91
2614	79
2615	87
2616	79
2617	81
2618	86
2619	80
2620	77
2621	49
2622	66
2623	79
2624	72
2625	91
2626	89
2627	84
2628	90
2629	88
2630	83
2631	85
2632	66
2633	74
2634	89
2635	69
2636	63
2637	75
2638	68
2639	83
2640	77
2641	74
2642	70
2643	89
2644	69
2645	68
2646	78
2647	95
2648	79
2649	68
2650	85
2651	77
2652	89
2653	77
2654	62
2655	70
2656	73
2657	74
2658	95
2659	61
2660	83
2661	83
2662	74
2663	76
2664	82
2665	80
2666	80
2667	67
2668	84
2669	80
2670	80
2671	69
2672	70
2673	64
2674	74
2675	85
2676	73
2677	77
2678	80
2679	75
2680	66
2681	66
2682	94
2683	77
2684	79
2685	76
2686	68
2687	76
2688	70
2689	85
2690	91
2691	64
2692	83
2693	84
2694	80
2695	65
2696	78
2697	77
2698	77
2699	65
2700	99
2701	77
2702	85
2703	87
2704	72
2705	83
2706	75
2707	83
2708	84
2709	71
2710	66
2711	74
2712	85
2713	79
2714	94
2715	78
2716	71
2717	75
2718	72
2719	80
2720	76
2721	67
2722	86
2723	64
2724	68
2725	68
2726	86
2727	68
2728	82
2729	76
2730	81
2731	69
2732	74
2733	76
2734	64
2735	80
2736	62
2737	76
2738	77
2739	82
2740	83
2741	96
2742	72
2743	83
2744	78
2745	74
2746	72
2747	90
2748	78
2749	72
2750	75
2751	79
2752	69
2753	72
2754	74
2755	67
2756	67
2757	88
2758	79
2759	79
2760	64
2761	75
2762	60
2763	75
2764	84
2765	73
2766	79
2767	77
2768	79
2769	72
2770	74
2771	82
2772	52
2773	78
2774	70
2775	79
2776	77
2777	73
2778	67
2779	77
2780	84
2781	83
2782	73
2783	93
2784	80
2785	64
2786	67
2787	80
2788	61
2789	81
2790	99
2791	69
2792	100
2793	79
2794	64
2795	86
2796	93
2797	82
2798	73
2799	69
2800	72
2801	72
2802	89
2803	76
2804	75
2805	84
2806	83
2807	99
2808	80
2809	62
2810	80
2811	77
2812	84
2813	78
2814	74
2815	75
2816	76
2817	76
2818	83
2819	87
2820	82
2821	83
2822	76
2823	80
2824	65
2825	90
2826	81
2827	66
2828	72
2829	86
2830	85
2831	90
2832	91
2833	75
2834	89
2835	87
2836	74
2837	74
2838	101
2839	94
2840	103
2841	92
2842	81
2843	77
2844	79
2845	73
2846	86
2847	64
2848	105
2849	71
2850	84
2851	83
2852	86
2853	97
2854	96
2855	92
2856	82
2857	78
2858	84
2859	89
2860	85
2861	82
2862	92
2863	69
2864	75
2865	77
2866	84
2867	97
2868	71
2869	90
2870	75
2871	84
2872	79
2873	79
2874	92
2875	82
2876	89
2877	80
2878	97
2879	79
2880	92
2881	75
2882	93
2883	91
2884	87
2885	89
2886	85
2887	79
2888	92
2889	104
2890	85
2891	73
2892	88
2893	94
2894	103
2895	72
2896	90
2897	97
2898	81
2899	92
2900	86
2901	88
2902	99
2903	91
2904	104
2905	91
2906	92
2907	93
2908	96
2909	83
2910	96
2911	94
2912	86
2913	91
2914	90
2915	103
2916	86
2917	92
2918	92
2919	97
2920	91
2921	89
2922	91
2923	104
2924	100
2925	104
2926	94
2927	113
2928	87
2929	100
2930	91
2931	91
2932	92
2933	80
2934	103
2935	96
2936	87
2937	86
2938	100
2939	101
2940	93
2941	87
2942	93
2943	87
2944	102
2945	96
2946	107
2947	96
2948	104
2949	91
2950	85
2951	101
2952	96
2953	82
2954	110
2955	93
2956	131
2957	98
2958	102
2959	101
2960	95
2961	89
2962	106
2963	120
2964	112
2965	118
2966	117
2967	118
2968	114
2969	112
2970	105
2971	101
2972	108
2973	104
2974	95
2975	106
2976	120
2977	106
2978	109
2979	96
2980	94
2981	124
2982	112
2983	100
2984	88
2985	123
2986	112
2987	118
2988	105
2989	108
2990	109
2991	107
2992	138
2993	129
2994	95
2995	107
2996	109
2997	123
2998	125
2999	99
3000	108
3001	110
3002	140
3003	139
3004	120
3005	120
3006	111
3007	125
3008	111
3009	120
3010	115
3011	118
3012	117
3013	125
3014	139
3015	125
3016	118
3017	104
3018	120
3019	114
3020	135
3021	141
3022	123
3023	118
3024	123
3025	136
3026	114
3027	119
3028	128
3029	122
3030	121
3031	123
3032	141
3033	126
3034	107
3035	120
3036	122
3037	133
3038	141
3039	157
3040	127
3041	134
3042	137
3043	147
3044	121
3045	143
3046	139
3047	126
3048	120
3049	152
3050	134
3051	138
3052	144
3053	129
3054	134
3055	138
3056	152
3057	143
3058	135
3059	134
3060	128
3061	141
3062	145
3063	134
3064	150
3065	108
3066	154
3067	159
3068	138
3069	123
3070	157
3071	135
3072	120
3073	141
3074	143
3075	141
3076	161
3077	129
3078	120
3079	147
3080	132
3081	138
3082	142
3083	139
3084	132
3085	152
3086	170
3087	166
3088	131
3089	147
3090	157
3091	146
3092	159
3093	156
3094	146
3095	160
3096	151
3097	168
3098	160
3099	156
3100	161
3101	137
3102	152
3103	168
3104	169
3105	135
3106	158
3107	150
3108	155
3109	165
3110	163
3111	172
3112	117
3113	152
3114	153
3115	151
3116	145
3117	143
3118	168
3119	187
3120	161
3121	167
3122	171
3123	174
3124	132
3125	172
3126	178
3127	153
3128	179
3129	155
3130	155
3131	157
3132	155
3133	173
3134	178
3135	176
3136	169
3137	158
3138	162
3139	162
3140	175
3141	174
3142	178
3143	173
3144	144
3145	153
3146	152
3147	166
3148	154
3149	168
3150	187
3151	179
3152	172
3153	167
3154	161
3155	146
3156	182
3157	167
3158	184
3159	180
3160	151
3161	158
3162	189
3163	164
3164	184
3165	208
3166	178
3167	186
3168	154
3169	179
3170	163
3171	173
3172	168
3173	166
3174	198
3175	168
3176	164
3177	182
3178	200
3179	187
3180	185
3181	193
3182	153
3183	167
3184	191
3185	185
3186	153
3187	196
3188	167
3189	169
3190	151
3191	183
3192	174
3193	185
3194	163
3195	178
3196	195
3197	208
3198	181
3199	168
3200	174
3201	197
3202	185
3203	189
3204	146
3205	190
3206	149
3207	188
3208	174
3209	186
3210	184
3211	191
3212	190
3213	185
3214	190
3215	203
3216	163
3217	185
3218	210
3219	193
3220	187
3221	182
3222	185
3223	177
3224	198
3225	197
3226	180
3227	197
3228	183
3229	195
3230	187
3231	191
3232	180
3233	202
3234	160
3235	199
3236	205
3237	199
3238	207
3239	186
3240	190
3241	217
3242	214
3243	181
3244	184
3245	205
3246	198
3247	194
3248	204
3249	172
3250	214
3251	203
3252	187
3253	202
3254	195
3255	162
3256	184
3257	196
3258	194
3259	231
3260	200
3261	200
3262	205
3263	197
3264	193
3265	194
3266	211
3267	176
3268	171
3269	202
3270	190
3271	185
3272	192
3273	211
3274	191
3275	174
3276	239
3277	204
3278	183
3279	191
3280	210
3281	192
3282	195
3283	195
3284	212
3285	202
3286	216
3287	218
3288	195
3289	188
3290	197
3291	201
3292	203
3293	207
3294	206
3295	197
3296	202
3297	177
3298	189
3299	246
3300	206
3301	196
3302	185
3303	187
3304	207
3305	182
3306	196
3307	199
3308	199
3309	213
3310	199
3311	200
3312	194
3313	217
3314	193
3315	230
3316	215
3317	194
3318	207
3319	217
3320	198
3321	193
3322	179
3323	184
3324	177
3325	176
3326	197
3327	222
3328	198
3329	211
3330	202
3331	194
3332	196
3333	197
3334	224
3335	183
3336	190
3337	200
3338	199
3339	187
3340	211
3341	197
3342	202
3343	236
3344	178
3345	209
3346	186
3347	192
3348	204
3349	191
3350	182
3351	196
3352	171
3353	219
3354	177
3355	206
3356	190
3357	175
3358	191
3359	229
3360	216
3361	182
3362	194
3363	198
3364	186
3365	174
3366	183
3367	226
3368	199
3369	211
3370	178
3371	198
3372	206
3373	204
3374	212
3375	172
3376	192
3377	201
3378	190
3379	188
3380	188
3381	165
3382	192
3383	214
3384	225
3385	174
3386	197
3387	159
3388	210
3389	218
3390	177
3391	211
3392	193
3393	201
3394	195
3395	189
3396	208
3397	190
3398	172
3399	182
3400	202
3401	166
3402	197
3403	181
3404	189
3405	189
3406	165
3407	193
3408	209
3409	208
3410	198
3411	171
3412	173
3413	193
3414	198
3415	190
3416	179
3417	217
3418	185
3419	188
3420	186
3421	177
3422	196
3423	181
3424	184
3425	178
3426	185
3427	184
3428	193
3429	175
3430	173
3431	171
3432	183
3433	182
3434	165
3435	190
3436	199
3437	156
3438	175
3439	180
3440	158
3441	170
3442	180
3443	176
3444	179
3445	182
3446	208
3447	182
3448	177
3449	158
3450	165
3451	176
3452	217
3453	177
3454	199
3455	177
3456	184
3457	195
3458	169
3459	176
3460	181
3461	162
3462	168
3463	211
3464	160
3465	179
3466	187
3467	173
3468	172
3469	152
3470	163
3471	177
3472	166
3473	154
3474	173
3475	168
3476	185
3477	178
3478	154
3479	170
3480	174
3481	168
3482	174
3483	184
3484	170
3485	193
3486	184
3487	151
3488	164
3489	176
3490	153
3491	163
3492	159
3493	162
3494	159
3495	155
3496	187
3497	162
3498	181
3499	158
3500	157
3501	146
3502	176
3503	157
3504	145
3505	188
3506	167
3507	166
3508	149
3509	164
3510	157
3511	165
3512	204
3513	192
3514	164
3515	163
3516	131
3517	167
3518	151
3519	166
3520	170
3521	169
3522	142
3523	153
3524	144
3525	154
3526	158
3527	156
3528	166
3529	151
3530	140
3531	129
3532	146
3533	157
3534	167
3535	125
3536	155
3537	152
3538	129
3539	145
3540	152
3541	145
3542	120
3543	156
3544	162
3545	157
3546	145
3547	133
3548	149
3549	149
3550	130
3551	142
3552	147
3553	137
3554	135
3555	135
3556	132
3557	134
3558	153
3559	138
3560	147
3561	129
3562	154
3563	129
3564	131
3565	126
3566	133
3567	144
3568	158
3569	128
3570	144
3571	132
3572	148
3573	150
3574	135
3575	131
3576	124
3577	141
3578	122
3579	123
3580	147
3581	143
3582	145
3583	111
3584	122
3585	116
3586	121
3587	134
3588	119
3589	127
3590	128
3591	145
3592	124
3593	134
3594	121
3595	119
3596	107
3597	121
3598	134
3599	117
3600	126
3601	128
3602	116
3603	120
3604	115
3605	130
3606	138
3607	115
3608	124
3609	125
3610	102
3611	113
3612	121
3613	130
3614	119
3615	140
3616	120
3617	119
3618	128
3619	120
3620	117
3621	106
3622	103
3623	116
3624	85
3625	114
3626	103
3627	99
3628	130
3629	107
3630	107
3631	116
3632	110
3633	105
3634	109
3635	108
3636	105
3637	116
3638	121
3639	98
3640	125
3641	107
3642	118
3643	95
3644	117
3645	108
3646	94
3647	101
3648	97
3649	117
3650	108
3651	126
3652	106
3653	85
3654	91
3655	112
3656	116
3657	95
3658	109
3659	94
3660	88
3661	95
3662	111
3663	101
3664	105
3665	99
3666	98
3667	88
3668	85
3669	95
3670	110
3671	93
3672	100
3673	103
3674	100
3675	92
3676	117
3677	93
3678	85
3679	82
3680	74
3681	87
3682	94
3683	79
3684	77
3685	83
3686	93
3687	104
3688	96
3689	110
3690	85
3691	91
3692	99
3693	86
3694	101
3695	93
3696	81
3697	80
3698	109
3699	99
3700	105
3701	75
3702	86
3703	81
3704	94
3705	83
3706	73
3707	100
3708	83
3709	94
3710	80
3711	80
3712	89
3713	70
3714	72
3715	87
3716	87
3717	89
3718	62
3719	78
3720	91
3721	75
3722	74
3723	58
3724	71
3725	62
3726	78
3727	77
3728	62
3729	81
3730	80
3731	74
3732	68
3733	55
3734	81
3735	68
3736	68
3737	77
3738	68
3739	76
3740	87
3741	77
3742	79
3743	75
3744	78
3745	76
3746	71
3747	60
3748	83
3749	68
3750	69
3751	65
3752	53
3753	77
3754	73
3755	59
3756	54
3757	60
3758	64
3759	64
3760	71
3761	79
3762	69
3763	69
3764	65
3765	71
3766	65
3767	57
3768	64
3769	66
3770	73
3771	68
3772	72
3773	49
3774	68
3775	55
3776	66
3777	65
3778	56
3779	63
3780	53
3781	60
3782	55
3783	61
3784	54
3785	66
3786	60
3787	67
3788	67
3789	53
3790	58
3791	61
3792	77
3793	63
3794	69
3795	63
3796	55
3797	69
3798	45
3799	66
3800	56
3801	62
3802	51
3803	61
3804	55
3805	41
3806	51
3807	60
3808	52
3809	51
3810	46
3811	56
3812	62
3813	52
3814	61
3815	50
3816	60
3817	63
3818	59
3819	63
3820	47
3821	56
3822	55
3823	50
3824	45
3825	62
3826	50
3827	58
3828	50
3829	53
3830	65
3831	50
3832	55
3833	52
3834	49
3835	59
3836	51
3837	43
3838	69
3839	49
3840	48
3841	60
3842	59
3843	49
3844	53
3845	53
3846	62
3847	68
3848	42
3849	48
3850	53
3851	52
3852	55
3853	40
3854	39
3855	50
3856	59
3857	52
3858	43
3859	50
3860	40
3861	45
3862	40
3863	43
3864	42
3865	40
3866	46
3867	45
3868	46
3869	47
3870	52
3871	41
3872	35
3873	51
3874	45
3875	43
3876	45
3877	42
3878	44
3879	47
3880	39
3881	46
3882	55
3883	46
3884	48
3885	48
3886	52
3887	54
3888	30
3889	44
3890	42
3891	42
3892	46
3893	41
3894	53
3895	35
3896	38
3897	48
3898	43
3899	37
3900	31
3901	52
3902	42
3903	34
3904	55
3905	52
3906	41
3907	48
3908	35
3909	40
3910	46
3911	36
3912	49
3913	56
3914	52
3915	47
3916	48
3917	52
3918	35
3919	43
3920	55
3921	47
3922	43
3923	37
3924	36
3925	48
3926	56
3927	36
3928	57
3929	52
3930	49
3931	43
3932	46
3933	47
3934	38
3935	44
3936	38
3937	45
3938	43
3939	40
3940	45
3941	30
3942	36
3943	45
3944	43
3945	46
3946	38
3947	42
3948	42
3949	30
3950	49
3951	30
3952	45
3953	45
3954	41
3955	49
3956	36
3957	38
3958	40
3959	39
3960	40
3961	31
3962	45
3963	36
3964	39
3965	38
3966	44
3967	38
3968	44
3969	47
3970	39
3971	34
3972	50
3973	47
3974	43
3975	33
3976	34
3977	50
3978	41
3979	39
3980	37
3981	45
3982	44
3983	42
3984	42
3985	37
3986	35
3987	36
3988	40
3989	45
3990	51
3991	40
3992	47
3993	32
3994	38
3995	37
3996	44
3997	48
3998	28
3999	38
4000	39
4001	47
4002	40
4003	39
4004	48
4005	45
4006	51
4007	34
4008	35
4009	34
4010	37
4011	32
4012	43
4013	46
4014	48
4015	52
4016	40
4017	38
4018	36
4019	36
4020	32
4021	30
4022	39
4023	37
4024	55
4025	41
4026	35
4027	40
4028	35
4029	49
4030	35
4031	35
4032	40
4033	38
4034	39
4035	29
4036	55
4037	22
4038	44
4039	33
4040	42
4041	40
4042	42
4043	31
4044	36
4045	50
4046	40
4047	37
4048	51
4049	40
4050	32
4051	43
4052	38
4053	49
4054	38
4055	36
4056	55
4057	42
4058	32
4059	44
4060	43
4061	30
4062	42
4063	39
4064	43
4065	51
4066	35
4067	44
4068	35
4069	38
4070	43
4071	32
4072	44
4073	35
4074	34
4075	34
4076	51
4077	47
4078	46
4079	48
4080	34
4081	35
4082	29
4083	35
4084	47
4085	22
4086	28
4087	42
4088	52
4089	39
4090	44
4091	43
4092	39
4093	30
4094	31
4095	34
4096	49
4097	45
4098	29
4099	40
4100	40
4101	39
4102	44
4103	42
4104	41
4105	44
4106	49
4107	45
4108	39
4109	42
4110	45
4111	42
4112	31
4113	31
4114	52
4115	34
4116	41
4117	35
4118	36
4119	44
4120	40
4121	40
4122	45
4123	38
4124	38
4125	31
4126	48
4127	42
4128	42
4129	32
4130	37
4131	39
4132	37
4133	45
4134	43
4135	34
4136	46
4137	40
4138	37
4139	48
4140	39
4141	54
4142	42
4143	57
4144	32
4145	41
4146	36
4147	37
4148	41
4149	28
4150	39
4151	47
4152	42
4153	44
4154	31
4155	36
4156	46
4157	38
4158	36
4159	42
4160	41
4161	44
4162	40
4163	47
4164	41
4165	50
4166	44
4167	44
4168	38
4169	53
4170	44
4171	39
4172	40
4173	48
4174	43
4175	50
4176	40
4177	50
4178	43
4179	40
4180	45
4181	42
4182	37
4183	56
4184	48
4185	32
4186	39
4187	37
4188	43
4189	46
4190	37
4191	37
4192	50
4193	45
4194	38
4195	43
4196	38
4197	35
4198	48
4199	47
4200	42
4201	39
4202	31
4203	43
4204	46
4205	46
4206	46
4207	48
4208	41
4209	45
4210	39
4211	43
4212	40
4213	43
4214	44
4215	33
4216	51
4217	46
4218	53
4219	49
4220	33
4221	46
4222	60
4223	33
4224	30
4225	44
4226	36
4227	36
4228	40
4229	49
4230	44
4231	38
4232	46
4233	34
4234	40
4235	44
4236	38
4237	46
4238	39
4239	45
4240	53
4241	50
4242	44
4243	40
4244	48
4245	38
4246	45
4247	45
4248	46
4249	30
4250	38
4251	44
4252	50
4253	44
4254	46
4255	43
4256	51
4257	47
4258	56
4259	44
4260	45
4261	37
4262	41
4263	47
4264	40
4265	40
4266	58
4267	40
4268	47
4269	47
4270	36
4271	51
4272	45
4273	55
4274	36
4275	44
4276	43
4277	46
4278	55
4279	41
4280	44
4281	38
4282	43
4283	55
4284	47
4285	44
4286	44
4287	43
4288	45
4289	57
4290	55
4291	53
4292	48
4293	51
4294	49
4295	46
4296	50
4297	48
4298	50
4299	39
4300	44
4301	48
4302	43
4303	50
4304	52
4305	57
4306	38
4307	49
4308	50
4309	42
4310	41
4311	49
4312	54
4313	49
4314	36
4315	52
4316	41
4317	47
4318	42
4319	42
4320	42
4321	51
4322	48
4323	50
4324	39
4325	31
4326	47
4327	43
4328	46
4329	55
4330	52
4331	42
4332	51
4333	48
4334	49
4335	41
4336	55
4337	43
4338	44
4339	50
4340	40
4341	46
4342	45
4343	44
4344	40
4345	45
4346	50
4347	49
4348	46
4349	52
4350	46
4351	41
4352	36
4353	49
4354	42
4355	51
4356	53
4357	46
4358	51
4359	54
4360	57
4361	34
4362	52
4363	43
4364	46
4365	46
4366	42
4367	51
4368	43
4369	48
4370	41
4371	49
4372	44
4373	46
4374	53
4375	51
4376	50
4377	57
4378	56
4379	55
4380	45
4381	39
4382	38
4383	47
4384	52
4385	53
4386	56
4387	56
4388	45
4389	55
4390	45
4391	47
4392	40
4393	46
4394	50
4395	39
4396	50
4397	54
4398	51
4399	52
4400	43
4401	40
4402	41
4403	31
4404	46
4405	43
4406	50
4407	48
4408	43
4409	59
4410	41
4411	40
4412	49
4413	48
4414	47
4415	44
4416	60
4417	48
4418	50
4419	47
4420	46
4421	43
4422	49
4423	51
4424	43
4425	46
4426	58
4427	48
4428	65
4429	65
4430	60
4431	53
4432	32
4433	49
4434	66
4435	57
4436	45
4437	38
4438	48
4439	51
4440	56
4441	57
4442	39
4443	57
4444	55
4445	50
4446	58
4447	56
4448	48
4449	58
4450	53
4451	37
4452	52
4453	55
4454	55
4455	49
4456	56
4457	44
4458	60
4459	52
4460	44
4461	51
4462	36
4463	49
4464	47
4465	45
4466	52
4467	52
4468	50
4469	43
4470	50
4471	49
4472	49
4473	54
4474	52
4475	49
4476	49
4477	65
4478	47
4479	50
4480	45
4481	52
4482	50
4483	51
4484	50
4485	58
4486	52
4487	63
4488	49
4489	44
4490	57
4491	51
4492	45
4493	53
4494	53
4495	47
4496	48
4497	61
4498	49
4499	60
4500	40
4501	53
4502	59
4503	32
4504	55
4505	48
4506	68
4507	47
4508	55
4509	49
4510	61
4511	49
4512	74
4513	59
4514	53
4515	56
4516	53
4517	50
4518	53
4519	49
4520	42
4521	55
4522	46
4523	46
4524	47
4525	57
4526	41
4527	46
4528	46
4529	52
4530	55
4531	48
4532	56
4533	63
4534	48
4535	61
4536	32
4537	45
4538	34
4539	55
4540	54
4541	52
4542	58
4543	55
4544	51
4545	60
4546	50
4547	49
4548	50
4549	38
4550	58
4551	48
4552	53
4553	41
4554	60
4555	61
4556	37
4557	47
4558	66
4559	49
4560	52
4561	57
4562	39
4563	55
4564	61
4565	48
4566	55
4567	53
4568	45
4569	56
4570	38
4571	60
4572	56
4573	59
4574	57
4575	53
4576	60
4577	51
4578	56
4579	55
4580	56
4581	44
4582	47
4583	45
4584	47
4585	44
4586	56
4587	58
4588	59
4589	48
4590	51
4591	58
4592	54
4593	52
4594	44
4595	63
4596	44
4597	57
4598	58
4599	54
4600	49
4601	66
4602	65
4603	60
4604	59
4605	51
4606	50
4607	52
4608	44
4609	49
4610	41
4611	49
4612	51
4613	54
4614	48
4615	50
4616	49
4617	54
4618	48
4619	60
4620	51
4621	46
4622	52
4623	54
4624	52
4625	50
4626	48
4627	44
4628	51
4629	47
4630	51
4631	58
4632	58
4633	54
4634	46
4635	58
4636	50
4637	56
4638	48
4639	45
4640	34
4641	52
4642	42
4643	47
4644	45
4645	53
4646	48
4647	44
4648	51
4649	47
4650	53
4651	37
4652	54
4653	50
4654	53
4655	54
4656	73
4657	45
4658	39
4659	41
4660	47
4661	49
4662	41
4663	55
4664	47
4665	63
4666	44
4667	43
4668	56
4669	48
4670	52
4671	40
4672	48
4673	47
4674	44
4675	63
4676	37
4677	47
4678	52
4679	33
4680	41
4681	44
4682	49
4683	40
4684	46
4685	44
4686	59
4687	40
4688	59
4689	57
4690	37
4691	47
4692	39
4693	43
4694	45
4695	37
4696	44
4697	63
4698	53
4699	44
4700	43
4701	38
4702	54
4703	38
4704	47
4705	57
4706	39
4707	52
4708	43
4709	51
4710	47
4711	52
4712	42
4713	53
4714	39
4715	29
4716	49
4717	29
4718	57
4719	48
4720	47
4721	45
4722	52
4723	46
4724	63
4725	46
4726	34
4727	52
4728	56
4729	48
4730	39
4731	49
4732	44
4733	49
4734	42
4735	49
4736	57
4737	46
4738	54
4739	43
4740	52
4741	44
4742	44
4743	51
4744	42
4745	45
4746	54
4747	45
4748	48
4749	42
4750	45
4751	41
4752	52
4753	49
4754	56
4755	43
4756	42
4757	46
4758	45
4759	41
4760	39
4761	36
4762	45
4763	41
4764	48
4765	44
4766	41
4767	38
4768	46
4769	38
4770	43
4771	47
4772	40
4773	42
4774	31
4775	50
4776	39
4777	39
4778	45
4779	48
4780	37
4781	41
4782	60
4783	43
4784	38
4785	41
4786	37
4787	46
4788	48
4789	44
4790	47
4791	44
4792	45
4793	57
4794	40
4795	40
4796	47
4797	42
4798	47
4799	43
4800	43
4801	33
4802	39
4803	49
4804	44
4805	50
4806	48
4807	49
4808	40
4809	40
4810	42
4811	42
4812	52
4813	36
4814	42
4815	35
4816	41
4817	50
4818	38
4819	47
4820	38
4821	41
4822	47
4823	52
4824	47
4825	35
4826	43
4827	28
4828	32
4829	33
4830	40
4831	36
4832	34
4833	46
4834	35
4835	45
4836	36
4837	39
4838	45
4839	33
4840	39
4841	43
4842	39
4843	45
4844	36
4845	43
4846	35
4847	37
4848	25
4849	37
4850	33
4851	35
4852	48
4853	45
4854	36
4855	39
4856	42
4857	46
4858	42
4859	30
4860	40
4861	40
4862	28
4863	44
4864	30
4865	41
4866	42
4867	40
4868	40
4869	27
4870	32
4871	40
4872	49
4873	47
4874	31
4875	48
4876	42
4877	41
4878	41
4879	46
4880	37
4881	34
4882	37
4883	45
4884	34
4885	39
4886	32
4887	37
4888	45
4889	46
4890	45
4891	32
4892	42
4893	38
4894	52
4895	36
4896	38
4897	37
4898	28
4899	43
4900	41
4901	42
4902	42
4903	46
4904	29
4905	37
4906	32
4907	42
4908	35
4909	44
4910	42
4911	30
4912	34
4913	36
4914	33
4915	45
4916	35
4917	34
4918	47
4919	31
4920	46
4921	39
4922	37
4923	43
4924	31
4925	46
4926	38
4927	29
4928	33
4929	29
4930	38
4931	36
4932	48
4933	25
4934	29
4935	33
4936	45
4937	39
4938	23
4939	46
4940	33
4941	39
4942	42
4943	35
4944	32
4945	30
4946	35
4947	39
4948	38
4949	39
4950	28
4951	36
4952	38
4953	36
4954	37
4955	35
4956	36
4957	35
4958	30
4959	33
4960	30
4961	32
4962	43
4963	33
4964	36
4965	35
4966	46
4967	40
4968	37
4969	34
4970	36
4971	34
4972	31
4973	30
4974	30
4975	37
4976	35
4977	29
4978	28
4979	43
4980	19
4981	31
4982	34
4983	44
4984	27
4985	30
4986	41
4987	35
4988	28
4989	34
4990	45
4991	33
4992	35
4993	36
4994	31
4995	35
4996	39
4997	33
4998	35
4999	32
5000	25
5001	33
5002	28
5003	37
5004	33
5005	42
5006	32
5007	33
5008	33
5009	33
5010	41
5011	46
5012	35
5013	25
5014	40
5015	35
5016	33
5017	32
5018	24
5019	33
5020	36
5021	34
5022	35
5023	36
5024	26
5025	35
5026	27
5027	32
5028	31
5029	50
5030	33
5031	30
5032	36
5033	24
5034	27
5035	35
5036	33
5037	38
5038	24
5039	32
5040	26
5041	27
5042	30
5043	21
5044	29
5045	35
5046	32
5047	44
5048	35
5049	37
5050	28
5051	47
5052	32
5053	36
5054	26
5055	33
5056	26
5057	31
5058	31
5059	37
5060	23
5061	34
5062	22
5063	36
5064	32
5065	39
5066	34
5067	24
5068	32
5069	31
5070	41
5071	32
5072	44
5073	28
5074	34
5075	22
5076	28
5077	31
5078	29
5079	27
5080	18
5081	33
5082	35
5083	27
5084	32
5085	30
5086	36
5087	31
5088	33
5089	19
5090	34
5091	31
5092	41
5093	32
5094	38
5095	31
5096	35
5097	31
5098	46
5099	30
5100	31
5101	27
5102	31
5103	37
5104	26
5105	29
5106	32
5107	38
5108	35
5109	24
5110	25
5111	23
5112	22
5113	27
5114	29
5115	33
5116	24
5117	27
5118	34
5119	20
5120	31
5121	24
5122	30
5123	38
5124	21
5125	23
5126	36
5127	26
5128	27
5129	23
5130	15
5131	36
5132	34
5133	32
5134	26
5135	30
5136	20
5137	38
5138	20
5139	25
5140	34
5141	26
5142	36
5143	31
5144	26
5145	23
5146	30
5147	25
5148	37
5149	40
5150	29
5151	27
5152	37
5153	31
5154	31
5155	29
5156	28
5157	29
5158	25
5159	29
5160	32
5161	23
5162	23
5163	34
5164	27
5165	32
5166	36
5167	28
5168	21
5169	23
5170	28
5171	38
5172	18
5173	23
5174	28
5175	22
5176	29
5177	31
5178	31
5179	29
5180	31
5181	27
5182	22
5183	30
5184	29
5185	24
5186	24
5187	36
5188	28
5189	23
5190	28
5191	24
5192	26
5193	30
5194	24
5195	25
5196	28
5197	30
5198	30
5199	21
5200	26
5201	24
5202	34
5203	26
5204	26
5205	21
5206	31
5207	20
5208	27
5209	24
5210	24
5211	26
5212	24
5213	33
5214	29
5215	18
5216	26
5217	33
5218	24
5219	23
5220	22
5221	28
5222	25
5223	22
5224	16
5225	27
5226	21
5227	27
5228	24
5229	24
5230	24
5231	30
5232	32
5233	23
5234	28
5235	13
5236	30
5237	22
5238	21
5239	25
5240	28
5241	21
5242	30
5243	26
5244	24
5245	21
5246	31
5247	29
5248	26
5249	32
5250	26
5251	15
5252	20
5253	25
5254	24
5255	20
5256	26
5257	21
5258	28
5259	30
5260	16
5261	31
5262	30
5263	29
5264	29
5265	20
5266	29
5267	27
5268	21
5269	19
5270	24
5271	21
5272	29
5273	25
5274	18
5275	24
5276	26
5277	23
5278	20
5279	23
5280	26
5281	21
5282	18
5283	27
5284	15
5285	26
5286	24
5287	12
5288	25
5289	20
5290	22
5291	23
5292	28
5293	22
5294	23
5295	19
5296	28
5297	23
5298	16
5299	29
5300	16
5301	21
5302	24
5303	25
5304	20
5305	19
5306	25
5307	28
5308	22
5309	24
5310	16
5311	19
5312	18
5313	21
5314	19
5315	22
5316	25
5317	19
5318	24
5319	15
5320	34
5321	23
5322	18
5323	19
5324	22
5325	24
5326	16
5327	25
5328	22
5329	25
5330	18
5331	25
5332	17
5333	14
5334	19
5335	25
5336	26
5337	25
5338	17
5339	11
5340	27
5341	24
5342	27
5343	25
5344	23
5345	19
5346	21
5347	15
5348	26
5349	16
5350	18
5351	17
5352	17
5353	19
5354	16
5355	26
5356	19
5357	24
5358	20
5359	24
5360	25
5361	32
5362	28
5363	22
5364	14
5365	23
5366	15
5367	20
5368	13
5369	20
5370	18
5371	18
5372	22
5373	20
5374	13
5375	17
5376	20
5377	26
5378	22
5379	18
5380	20
5381	26
5382	27
5383	16
5384	26
5385	20
5386	23
5387	20
5388	29
5389	19
5390	20
5391	29
5392	18
5393	32
5394	18
5395	15
5396	21
5397	18
5398	16
5399	27
5400	11
5401	17
5402	26
5403	26
5404	22
5405	22
5406	16
5407	24
5408	20
5409	17
5410	22
5411	20
5412	22
5413	19
5414	28
5415	36
5416	22
5417	23
5418	20
5419	24
5420	24
5421	21
5422	17
5423	18
5424	23
5425	21
5426	22
5427	12
5428	16
5429	22
5430	21
5431	19
5432	18
5433	23
5434	21
5435	19
5436	25
5437	27
5438	8
5439	15
5440	23
5441	20
5442	22
5443	22
5444	16
5445	20
5446	20
5447	18
5448	29
5449	25
5450	22
5451	16
5452	11
5453	13
5454	24
5455	24
5456	17
5457	21
5458	15
5459	17
5460	17
5461	17
5462	18
5463	17
5464	13
5465	16
5466	25
5467	27
5468	22
5469	17
5470	13
5471	23
5472	20
5473	21
5474	18
5475	26
5476	16
5477	20
5478	22
5479	19
5480	22
5481	17
5482	18
5483	17
5484	13
5485	16
5486	14
5487	17
5488	17
5489	16
5490	19
5491	21
5492	17
5493	10
5494	22
5495	21
5496	22
5497	17
5498	21
5499	15
5500	18
5501	16
5502	13
5503	15
5504	17
5505	29
5506	24
5507	15
5508	13
5509	18
5510	18
5511	13
5512	19
5513	14
5514	20
5515	14
5516	14
5517	17
5518	11
5519	18
5520	15
5521	17
5522	19
5523	17
5524	20
5525	15
5526	19
5527	19
5528	20
5529	9
5530	20
5531	17
5532	19
5533	27
5534	19
5535	16
5536	18
5537	11
5538	17
5539	14
5540	16
5541	10
5542	18
5543	23
5544	16
5545	16
5546	15
5547	23
5548	7
5549	18
5550	15
5551	19
5552	16
5553	15
5554	19
5555	18
5556	17
5557	19
5558	11
5559	21
5560	18
5561	13
5562	18
5563	16
5564	17
5565	18
5566	6
5567	13
5568	19
5569	15
5570	14
5571	18
5572	17
5573	20
5574	20
5575	19
5576	14
5577	15
5578	7
5579	17
5580	19
5581	21
5582	13
5583	17
5584	14
5585	15
5586	14
5587	14
5588	17
5589	16
5590	12
5591	15
5592	23
5593	17
5594	17
5595	17
5596	12
5597	18
5598	16
5599	18
5600	18
5601	16
5602	17
5603	18
5604	25
5605	14
5606	17
5607	18
5608	15
5609	21
5610	22
5611	17
5612	20
5613	21
5614	18
5615	22
5616	11
5617	14
5618	16
5619	11
5620	11
5621	17
5622	19
5623	16
5624	17
5625	10
5626	21
5627	15
5628	21
5629	14
5630	20
5631	17
5632	17
5633	15
5634	27
5635	10
5636	13
5637	13
5638	14
5639	12
5640	18
5641	7
5642	12
5643	23
5644	17
5645	16
5646	6
5647	26
5648	13
5649	16
5650	13
5651	12
5652	18
5653	11
5654	16
5655	12
5656	10
5657	14
5658	10
5659	7
5660	14
5661	22
5662	21
5663	8
5664	17
5665	12
5666	14
5667	16
5668	11
5669	22
5670	13
5671	7
5672	24
5673	17
5674	8
5675	19
5676	21
5677	15
5678	14
5679	15
5680	15
5681	18
5682	11
5683	13
5684	12
5685	20
5686	15
5687	10
5688	12
5689	11
5690	14
5691	11
5692	9
5693	13
5694	17
5695	22
5696	17
5697	18
5698	18
5699	20
5700	14
5701	18
5702	12
5703	16
5704	9
5705	9
5706	22
5707	15
5708	14
5709	11
5710	11
5711	16
5712	18
5713	8
5714	11
5715	19
5716	12
5717	13
5718	10
5719	14
5720	15
5721	13
5722	7
5723	15
5724	12
5725	6
5726	17
5727	16
5728	11
5729	21
5730	14
5731	10
5732	11
5733	16
5734	9
5735	10
5736	15
5737	14
5738	14
5739	14
5740	22
5741	20
5742	11
5743	13
5744	17
5745	17
5746	13
5747	12
5748	20
5749	9
5750	12
5751	9
5752	12
5753	14
5754	12
5755	15
5756	14
5757	16
5758	14
5759	15
5760	14
5761	17
5762	16
5763	11
5764	4
5765	7
5766	20
5767	15
5768	13
5769	7
5770	9
5771	14
5772	13
5773	15
5774	14
5775	19
5776	13
5777	21
5778	13
5779	13
5780	19
5781	10
5782	9
5783	12
5784	18
5785	12
5786	9
5787	12
5788	13
5789	14
5790	10
5791	11
5792	12
5793	11
5794	13
5795	14
5796	17
5797	13
5798	13
5799	15
5800	12
5801	10
5802	10
5803	15
5804	12
5805	11
5806	8
5807	11
5808	10
5809	11
5810	12
5811	12
5812	10
5813	9
5814	12
5815	14
5816	17
5817	13
5818	21
5819	12
5820	9
5821	8
5822	13
5823	11
5824	8
5825	17
5826	7
5827	14
5828	8
5829	18
5830	13
5831	13
5832	15
5833	8
5834	9
5835	14
5836	11
5837	7
5838	11
5839	13
5840	11
5841	13
5842	17
5843	12
5844	12
5845	13
5846	7
5847	18
5848	19
5849	14
5850	13
5851	12
5852	13
5853	9
5854	14
5855	10
5856	11
5857	11
5858	10
5859	14
5860	13
5861	11
5862	10
5863	13
5864	13
5865	8
5866	14
5867	15
5868	7
5869	7
5870	9
5871	14
5872	12
5873	12
5874	9
5875	8
5876	12
5877	12
5878	14
5879	10
5880	15
5881	13
5882	12
5883	14
5884	11
5885	16
5886	12
5887	11
5888	14
5889	16
5890	21
5891	12
5892	17
5893	13
5894	14
5895	7
5896	12
5897	9
5898	13
5899	7
5900	11
5901	19
5902	16
5903	14
5904	11
5905	9
5906	9
5907	16
5908	17
5909	13
5910	7
5911	7
5912	13
5913	8
5914	9
5915	5
5916	7
5917	12
5918	14
5919	8
5920	9
5921	9
5922	9
5923	9
5924	7
5925	8
5926	13
5927	7
5928	12
5929	17
5930	8
5931	14
5932	7
5933	11
5934	12
5935	11
5936	16
5937	10
5938	10
5939	10
5940	11
5941	9
5942	13
5943	13
5944	12
5945	6
5946	18
5947	11
5948	11
5949	11
5950	11
5951	15
5952	8
5953	11
5954	8
5955	8
5956	9
5957	10
5958	9
5959	15
5960	18
5961	12
5962	8
5963	13
5964	11
5965	15
5966	14
5967	5
5968	10
5969	15
5970	11
5971	11
5972	17
5973	12
5974	12
5975	13
5976	9
5977	11
5978	9
5979	9
5980	9
5981	6
5982	14
5983	8
5984	13
5985	15
5986	12
5987	14
5988	10
5989	11
5990	9
5991	8
5992	12
5993	9
5994	12
5995	16
5996	13
5997	9
5998	11
5999	8
6000	11
6001	5
6002	12
6003	15
6004	6
6005	15
6006	15
6007	9
6008	11
6009	13
6010	16
6011	6
6012	13
6013	12
6014	14
6015	14
6016	7
6017	10
6018	8
6019	13
6020	10
6021	9
6022	17
6023	13
6024	12
6025	9
6026	4
6027	13
6028	10
6029	9
6030	10
6031	13
6032	8
6033	14
6034	10
6035	6
6036	8
6037	6
6038	13
6039	8
6040	12
6041	14
6042	14
6043	13
6044	14
6045	12
6046	13
6047	20
6048	6
6049	4
6050	12
6051	9
6052	10
6053	12
6054	15
6055	5
6056	7
6057	11
6058	17
6059	6
6060	10
6061	9
6062	12
6063	10
6064	12
6065	8
6066	10
6067	8
6068	14
6069	7
6070	6
6071	12
6072	15
6073	9
6074	11
6075	7
6076	16
6077	12
6078	17
6079	15
6080	17
6081	6
6082	12
6083	10
6084	12
6085	10
6086	12
6087	5
6088	10
6089	12
6090	8
6091	10
6092	4
6093	11
6094	9
6095	12
6096	15
6097	5
6098	9
6099	7
6100	8
6101	11
6102	13
6103	6
6104	12
6105	7
6106	9
6107	7
6108	13
6109	16
6110	8
6111	5
6112	11
6113	11
6114	4
6115	12
6116	11
6117	9
6118	11
6119	12
6120	8
6121	8
6122	15
6123	9
6124	11
6125	7
6126	20
6127	8
6128	9
6129	5
6130	8
6131	9
6132	10
6133	8
6134	11
6135	6
6136	11
6137	13
6138	13
6139	4
6140	10
6141	8
6142	13
6143	14
6144	18
6145	10
6146	12
6147	11
6148	13
6149	9
6150	8
6151	11
6152	12
6153	7
6154	11
6155	8
6156	10
6157	14
6158	10
6159	11
6160	10
6161	9
6162	9
6163	12
6164	6
6165	13
6166	10
6167	8
6168	9
6169	17
6170	11
6171	16
6172	19
6173	4
6174	12
6175	7
6176	11
6177	15
6178	16
6179	8
6180	8
6181	9
6182	11
6183	15
6184	11
6185	6
6186	11
6187	13
6188	9
6189	12
6190	18
6191	6
6192	10
6193	7
6194	13
6195	3
6196	16
6197	13
6198	8
6199	6
6200	10
6201	4
6202	14
6203	8
6204	6
6205	11
6206	13
6207	10
6208	7
6209	11
6210	6
6211	12
6212	6
6213	9
6214	11
6215	14
6216	9
6217	9
6218	15
6219	10
6220	12
6221	14
6222	8
6223	11
6224	14
6225	13
6226	11
6227	9
6228	8
6229	12
6230	13
6231	14
6232	6
6233	7
6234	14
6235	12
6236	11
6237	11
6238	14
6239	7
6240	7
6241	12
6242	11
6243	13
6244	9
6245	10
6246	12
6247	13
6248	7
6249	7
6250	8
6251	18
6252	13
6253	10
6254	8
6255	17
6256	15
6257	11
6258	12
6259	5
6260	8
6261	9
6262	14
6263	15
6264	8
6265	11
6266	14
6267	9
6268	6
6269	12
6270	14
6271	15
6272	13
6273	6
6274	12
6275	11
6276	7
6277	13
6278	14
6279	8
6280	12
6281	10
6282	10
6283	9
6284	9
6285	12
6286	17
6287	16
6288	12
6289	9
6290	10
6291	9
6292	8
6293	16
6294	12
6295	10
6296	19
6297	9
6298	16
6299	7
6300	15
6301	13
6302	6
6303	14
6304	13
6305	8
6306	11
6307	12
6308	10
6309	7
6310	6
6311	12
6312	5
6313	11
6314	9
6315	11
6316	8
6317	12
6318	6
6319	7
6320	13
6321	10
6322	13
6323	9
6324	16
6325	11
6326	7
6327	11
6328	12
6329	18
6330	10
6331	17
6332	19
6333	12
6334	5
6335	12
6336	7
6337	5
6338	12
6339	3
6340	10
6341	11
6342	11
6343	16
6344	7
6345	5
6346	6
6347	12
6348	14
6349	11
6350	9
6351	6
6352	15
6353	8
6354	8
6355	10
6356	14
6357	14
6358	13
6359	13
6360	11
6361	10
6362	11
6363	13
6364	14
6365	8
6366	20
6367	12
6368	14
6369	13
6370	12
6371	10
6372	6
6373	8
6374	7
6375	17
6376	10
6377	17
6378	8
6379	10
6380	10
6381	10
6382	12
6383	18
6384	8
6385	8
6386	10
6387	14
6388	12
6389	17
6390	9
6391	12
6392	6
6393	12
6394	9
6395	16
6396	13
6397	14
6398	11
6399	16
6400	11
6401	10
6402	12
6403	16
6404	16
6405	13
6406	9
6407	9
6408	13
6409	10
6410	12
6411	15
6412	9
6413	7
6414	14
6415	16
6416	9
6417	21
6418	15
6419	10
6420	13
6421	12
6422	12
6423	10
6424	13
6425	12
6426	11
6427	13
6428	9
6429	9
6430	11
6431	11
6432	14
6433	11
6434	11
6435	11
6436	7
6437	10
6438	14
6439	15
6440	12
6441	9
6442	8
6443	10
6444	14
6445	12
6446	13
6447	13
6448	13
6449	13
6450	9
6451	11
6452	7
6453	6
6454	13
6455	10
6456	13
6457	11
6458	8
6459	14
6460	11
6461	12
6462	8
6463	8
6464	14
6465	13
6466	14
6467	7
6468	6
6469	13
6470	16
6471	16
6472	17
6473	6
6474	10
6475	14
6476	5
6477	22
6478	10
6479	15
6480	13
6481	9
6482	12
6483	5
6484	20
6485	11
6486	14
6487	10
6488	13
6489	12
6490	12
6491	8
6492	11
6493	12
6494	13
6495	6
6496	10
6497	12
6498	14
6499	13
6500	14
6501	15
6502	15
6503	15
6504	18
6505	19
6506	14
6507	11
6508	19
6509	13
6510	12
6511	17
6512	11
6513	14
6514	14
6515	13
6516	14
6517	5
6518	13
6519	16
6520	14
6521	12
6522	17
6523	13
6524	12
6525	14
6526	18
6527	21
6528	13
6529	17
6530	14
6531	8
6532	9
6533	15
6534	13
6535	13
6536	13
6537	9
6538	18
6539	13
6540	17
6541	7
6542	18
6543	9
6544	15
6545	12
6546	17
6547	11
6548	15
6549	7
6550	14
6551	8
6552	16
6553	17
6554	11
6555	18
6556	8
6557	12
6558	21
6559	14
6560	11
6561	20
6562	14
6563	14
6564	17
6565	10
6566	16
6567	10
6568	17
6569	20
6570	6
6571	19
6572	20
6573	15
6574	7
6575	19
6576	9
6577	14
6578	17
6579	17
6580	13
6581	11
6582	18
6583	26
6584	18
6585	9
6586	15
6587	11
6588	16
6589	18
6590	12
6591	19
6592	9
6593	15
6594	11
6595	13
6596	18
6597	11
6598	15
6599	11
6600	22
6601	16
6602	12
6603	20
6604	12
6605	15
6606	10
6607	10
6608	21
6609	11
6610	13
6611	17
6612	12
6613	15
6614	12
6615	13
6616	14
6617	16
6618	19
6619	12
6620	11
6621	18
6622	19
6623	20
6624	15
6625	13
6626	13
6627	13
6628	12
6629	11
6630	12
6631	14
6632	20
6633	21
6634	11
6635	15
6636	9
6637	7
6638	14
6639	13
6640	14
6641	19
6642	10
6643	16
6644	16
6645	15
6646	12
6647	13
6648	15
6649	14
6650	16
6651	11
6652	20
6653	17
6654	19
6655	18
6656	15
6657	11
6658	21
6659	17
6660	18
6661	20
6662	19
6663	21
6664	16
6665	14
6666	24
6667	18
6668	14
6669	17
6670	20
6671	16
6672	16
6673	16
6674	18
6675	5
6676	18
6677	9
6678	19
6679	11
6680	13
6681	10
6682	6
6683	10
6684	13
6685	15
6686	15
6687	19
6688	18
6689	15
6690	17
6691	17
6692	11
6693	7
6694	17
6695	13
6696	15
6697	20
6698	23
6699	9
6700	15
6701	18
6702	14
6703	15
6704	13
6705	17
6706	9
6707	20
6708	17
6709	10
6710	11
6711	18
6712	14
6713	13
6714	9
6715	15
6716	6
6717	21
6718	19
6719	20
6720	16
6721	9
6722	24
6723	21
6724	10
6725	11
6726	12
6727	10
6728	17
6729	10
6730	15
6731	16
6732	13
6733	18
6734	16
6735	10
6736	17
6737	17
6738	14
6739	12
6740	17
6741	17
6742	15
6743	11
6744	19
6745	10
6746	17
6747	15
6748	11
6749	19
6750	15
6751	13
6752	14
6753	18
6754	13
6755	15
6756	14
6757	8
6758	15
6759	13
6760	17
6761	15
6762	14
6763	12
6764	16
6765	6
6766	18
6767	7
6768	12
6769	17
6770	13
6771	9
6772	18
6773	11
6774	7
6775	9
6776	12
6777	7
6778	9
6779	10
6780	13
6781	11
6782	12
6783	22
6784	15
6785	14
6786	13
6787	15
6788	10
6789	12
6790	15
6791	9
6792	17
6793	14
6794	10
6795	15
6796	14
6797	7
6798	11
6799	17
6800	11
6801	15
6802	10
6803	15
6804	12
6805	12
6806	19
6807	13
6808	12
6809	12
6810	12
6811	14
6812	9
6813	12
6814	15
6815	21
6816	12
6817	13
6818	9
6819	11
6820	11
6821	19
6822	14
6823	13
6824	14
6825	13
6826	10
6827	13
6828	14
6829	17
6830	11
6831	8
6832	7
6833	15
6834	8
6835	9
6836	10
6837	18
6838	19
6839	6
6840	7
6841	13
6842	11
6843	18
6844	10
6845	9
6846	12
6847	7
6848	13
6849	10
6850	9
6851	12
6852	13
6853	7
6854	12
6855	11
6856	11
6857	12
6858	16
6859	16
6860	10
6861	6
6862	13
6863	9
6864	12
6865	13
6866	10
6867	8
6868	9
6869	6
6870	8
6871	7
6872	8
6873	10
6874	8
6875	12
6876	11
6877	8
6878	12
6879	6
6880	12
6881	14
6882	12
6883	14
6884	8
6885	13
6886	7
6887	8
6888	8
6889	5
6890	9
6891	10
6892	6
6893	12
6894	8
6895	8
6896	9
6897	9
6898	12
6899	16
6900	8
6901	9
6902	15
6903	8
6904	10
6905	11
6906	10
6907	10
6908	7
6909	11
6910	8
6911	7
6912	11
6913	11
6914	8
6915	10
6916	11
6917	11
6918	6
6919	8
6920	9
6921	10
6922	7
6923	8
6924	10
6925	11
6926	8
6927	5
6928	10
6929	6
6930	6
6931	4
6932	10
6933	4
6934	4
6935	12
6936	12
6937	5
6938	7
6939	6
6940	6
6941	6
6942	9
6943	9
6944	5
6945	10
6946	4
6947	9
6948	8
6949	10
6950	8
6951	7
6952	5
6953	8
6954	8
6955	8
6956	8
6957	6
6958	4
6959	9
6960	6
6961	7
6962	8
6963	7
6964	12
6965	7
6966	5
6967	8
6968	8
6969	6
6970	10
6971	11
6972	7
6973	11
6974	7
6975	11
6976	5
6977	13
6978	5
6979	7
6980	9
6981	2
6982	5
6983	2
6984	9
6985	4
6986	5
6987	10
6988	8
6989	5
6990	5
6991	5
6992	8
6993	5
6994	5
6995	2
6996	2
6997	10
6998	5
6999	5
7000	2
7001	3
7002	5
7003	9
7004	3
7005	4
7006	2
7007	4
7008	8
7009	6
7010	1
7011	6
7012	3
7013	2
7014	8
7015	5
7016	8
7017	7
7018	3
7019	1
7020	1
7021	1
7022	3
7023	6
7024	1
7025	2
7026	3
7027	4
7028	11
7029	8
7030	5
7031	6
7032	6
7033	3
7034	1
7035	5
7036	5
7037	2
7038	4
7039	6
7040	5
7041	6
7042	5
7043	6
7044	2
7045	4
7046	5
7047	2
7048	0
7049	1
7050	5
7051	3
7052	4
7053	2
7054	2
7055	9
7056	4
7057	3
7058	3
7059	1
7060	5
7061	3
7062	1
7063	2
7064	5
7065	3
7066	6
7067	2
7068	4
7069	2
7070	4
7071	3
7072	2
7073	4
7074	4
7075	3
7076	2
7077	5
7078	7
7079	3
7080	0
7081	3
7082	3
7083	0
7084	4
7085	3
7086	2
7087	1
7088	0
7089	5
7090	4
7091	2
7092	3
7093	5
7094	3
7095	1
7096	3
7097	2
7098	1
7099	4
7100	3
7101	3
7102	3
7103	0
7104	3
7105	0
7106	2
7107	1
7108	3
7109	4
7110	2
7111	4
7112	3
7113	2
7114	2
7115	2
7116	2
7117	4
7118	3
7119	3
7120	6
7121	1
7122	2
7123	2
7124	3
7125	1
7126	1
7127	1
7128	4
7129	5
7130	1
7131	1
7132	3
7133	1
7134	3
7135	1
7136	1
7137	0
7138	1
7139	1
7140	1
7141	3
7142	3
7143	1
7144	3
7145	4
7146	2
7147	4
7148	3
7149	3
7150	1
7151	1
7152	3
7153	0
7154	0
7155	0
7156	0
7157	0
7158	1
7159	2
7160	2
7161	0
7162	2
7163	3
7164	3
7165	0
7166	4
7167	2
7168	0
7169	3
7170	5
7171	0
7172	0
7173	1
7174	1
7175	0
7176	0
7177	0
7178	2
7179	0
7180	1
7181	1
7182	2
7183	2
7184	2
7185	0
7186	2
7187	1
7188	1
7189	2
7190	2
7191	1
7192	1
7193	0
7194	0
7195	2
7196	0
7197	0
7198	0
7199	2
7200	1
7201	0
7202	0
7203	3
7204	0
7205	2
7206	1
7207	1
7208	0
7209	2
7210	0
7211	3
7212	1
7213	2
7214	1
7215	1
7216	1
7217	3
7218	1
7219	3
7220	1
7221	0
7222	3
7223	1
7224	0
7225	0
7226	0
7227	1
7228	1
7229	1
7230	2
7231	0
7232	1
7233	0
7234	1
7235	2
7236	0
7237	1
7238	3
7239	1
7240	2
7241	1
7242	1
7243	1
7244	0
7245	4
7246	0
7247	1
7248	2
7249	0
7250	1
7251	1
7252	0
7253	0
7254	0
7255	0
7256	2
7257	1
7258	1
7259	0
7260	2
7261	2
7262	0
7263	0
7264	2
7265	0
7266	1
7267	1
7268	0
7269	1
7270	0
7271	1
7272	1
7273	0
7274	0
7275	2
7276	0
7277	0
7278	0
7279	0
7280	0
7281	1
7282	0
7283	1
7284	1
7285	2
7286	0
7287	0
7288	1
7289	1
7290	0
7291	0
7292	1
7293	0
7294	0
7295	0
7296	0
7297	0
7298	1
7299	1
7300	0
7301	1
7302	0
7303	0
7304	1
7305	0
7306	2
7307	0
7308	0
7309	0
7310	1
7311	0
7312	0
7313	0
7314	1
7315	1
7316	0
7317	0
7318	0
7319	0
7320	0
7321	0
7322	0
7323	1
7324	2
7325	1
7326	0
7327	1
7328	0
7329	1
7330	1
7331	1
7332	1
7333	1
7334	1
7335	0
7336	1
7337	1
7338	1
7339	0
7340	0
7341	2
7342	1
7343	0
7344	0
7345	0
7346	1
7347	0
7348	0
7349	0
7350	0
7351	0
7352	2
7353	0
7354	0
7355	0
7356	0
7357	0
7358	2
7359	0
7360	1
7361	3
7362	0
7363	0
7364	1
7365	1
7366	0
7367	1
7368	1
7369	0
7370	2
7371	1
7372	0
7373	0
7374	3
7375	0
7376	0
7377	0
7378	2
7379	0
7380	2
7381	1
7382	1
7383	1
7384	1
7385	0
7386	2
7387	0
7388	0
7389	0
7390	1
7391	0
7392	1
7393	1
7394	0
7395	2
7396	0
7397	1
7398	0
7399	0
7400	0
7401	0
7402	1
7403	0
7404	0
7405	0
7406	0
7407	0
7408	4
7409	0
7410	2
7411	1
7412	1
7413	0
7414	0
7415	1
7416	2
7417	0
7418	0
7419	0
7420	0
7421	1
7422	0
7423	0
7424	0
7425	0
7426	2
7427	1
7428	0
7429	0
7430	0
7431	0
7432	2
7433	0
7434	1
7435	0
7436	0
7437	0
7438	3
7439	1
7440	1
7441	0
7442	0
7443	1
7444	0
7445	2
7446	0
7447	0
7448	0
7449	0
7450	0
7451	1
7452	2
7453	3
7454	1
7455	1
7456	1
7457	2
7458	0
7459	0
7460	0
7461	1
7462	1
7463	1
7464	0
7465	0
7466	0
7467	0
7468	2
7469	1
7470	2
7471	1
7472	1
7473	2
7474	0
7475	0
7476	1
7477	1
7478	1
7479	2
7480	0
7481	1
7482	0
7483	0
7484	1
7485	1
7486	1
7487	2
7488	2
7489	1
7490	0
7491	0
7492	1
7493	0
7494	0
7495	0
7496	0
7497	1
7498	0
7499	0
7500	0
7501	0
7502	0
7503	1
7504	1
7505	1
7506	2
7507	1
7508	1
7509	1
7510	1
7511	1
7512	1
7513	0
7514	0
7515	0
7516	0
7517	0
7518	0
7519	1
7520	0
7521	1
7522	1
7523	3
7524	0
7525	1
7526	1
7527	0
7528	0
7529	0
7530	0
7531	1
7532	0
7533	2
7534	1
7535	0
7536	1
7537	0
7538	0
7539	0
7540	1
7541	0
7542	0
7543	1
7544	0
7545	1
7546	2
7547	0
7548	1
7549	1
7550	0
7551	1
7552	0
7553	0
7554	0
7555	0
7556	0
7557	1
7558	1
7559	0
7560	0
7561	0
7562	0
7563	0
7564	0
7565	0
7566	0
7567	1
7568	0
7569	0
7570	0
7571	0
7572	1
7573	2
7574	0
7575	1
7576	3
7577	1
7578	0
7579	0
7580	1
7581	1
7582	0
7583	0
7584	0
7585	0
7586	0
7587	3
7588	0
7589	1
7590	2
7591	1
7592	0
7593	1
7594	0
7595	0
7596	1
7597	0
7598	1
7599	1
7600	1
7601	0
7602	0
7603	1
7604	1
7605	2
7606	0
7607	1
7608	0
7609	0
7610	0
7611	2
7612	1
7613	0
7614	1
7615	0
7616	1
7617	0
7618	1
7619	0
7620	0
7621	0
7622	2
7623	2
7624	1
7625	3
7626	0
7627	1
7628	1
7629	0
7630	1
7631	0
7632	0
7633	0
7634	1
7635	0
7636	2
7637	1
7638	0
7639	0
7640	0
7641	1
7642	1
7643	1
7644	0
7645	1
7646	0
7647	2
7648	0
7649	0
7650	0
7651	0
7652	1
7653	1
7654	2
7655	0
7656	0
7657	0
7658	1
7659	1
7660	0
7661	0
7662	1
7663	1
7664	0
7665	0
7666	0
7667	0
7668	0
7669	0
7670	0
7671	1
7672	1
7673	0
7674	0
7675	1
7676	0
7677	0
7678	0
7679	3
7680	1
7681	0
7682	0
7683	0
7684	0
7685	0
7686	1
7687	0
7688	1
7689	0
7690	0
7691	3
7692	0
7693	0
7694	0
7695	0
7696	1
7697	1
7698	1
7699	0
7700	0
7701	2
7702	0
7703	0
7704	0
7705	1
7706	0
7707	0
7708	1
7709	1
7710	1
7711	2
7712	0
7713	0
7714	0
7715	0
7716	2
7717	0
7718	0
7719	2
7720	0
7721	0
7722	1
7723	0
7724	0
7725	0
7726	0
7727	1
7728	0
7729	1
7730	0
7731	0
7732	1
7733	1
7734	0
7735	0
7736	2
7737	0
7738	2
7739	1
7740	0
7741	0
7742	0
7743	0
7744	1
7745	0
7746	0
7747	1
7748	3
7749	0
7750	1
7751	0
7752	1
7753	0
7754	1
7755	1
7756	1
7757	0
7758	0
7759	0
7760	0
7761	1
7762	2
7763	0
7764	0
7765	0
7766	2
7767	0
7768	0
7769	0
7770	0
7771	1
7772	0
7773	0
7774	2
7775	0
7776	1
7777	0
7778	0
7779	0
7780	1
7781	0
7782	1
7783	0
7784	0
7785	0
7786	0
7787	2
7788	1
7789	1
7790	0
7791	0
7792	0
7793	0
7794	1
7795	2
7796	1
7797	1
7798	1
7799	0
7800	0
7801	0
7802	0
7803	1
7804	0
7805	2
7806	0
7807	0
7808	1
7809	1
7810	1
7811	2
7812	0
7813	0
7814	1
7815	0
7816	0
7817	2
7818	0
7819	0
7820	3
7821	0
7822	0
7823	0
7824	0
7825	1
7826	0
7827	0
7828	0
7829	1
7830	0
7831	1
7832	0
7833	1
7834	1
7835	0
7836	0
7837	1
7838	2
7839	1
7840	0
7841	1
7842	0
7843	0
7844	0
7845	0
7846	0
7847	0
7848	1
7849	0
7850	2
7851	0
7852	0
7853	1
7854	1
7855	0
7856	0
7857	1
7858	2
7859	0
7860	0
7861	1
7862	0
7863	0
7864	0
7865	0
7866	2
7867	0
7868	1
7869	2
7870	0
7871	0
7872	0
7873	2
7874	2
7875	1
7876	0
7877	0
7878	0
7879	0
7880	0
7881	0
7882	0
7883	0
7884	0
7885	0
7886	1
7887	0
7888	0
7889	0
7890	0
7891	1
7892	0
7893	0
7894	1
7895	0
7896	0
7897	2
7898	1
7899	1
7900	2
7901	1
7902	0
7903	0
7904	0
7905	0
7906	0
7907	1
7908	1
7909	0
7910	0
7911	0
7912	0
7913	0
7914	0
7915	0
7916	1
7917	0
7918	0
7919	0
7920	0
7921	1
7922	0
7923	1
7924	0
7925	1
7926	1
7927	0
7928	0
7929	1
7930	1
7931	0
7932	0
7933	1
7934	0
7935	1
7936	0
7937	1
7938	0
7939	2
7940	0
7941	1
7942	2
7943	1
7944	0
7945	2
7946	1
7947	0
7948	0
7949	0
7950	0
7951	0
7952	0
7953	0
7954	2
7955	1
7956	0
7957	0
7958	0
7959	2
7960	1
7961	0
7962	1
7963	0
7964	0
7965	1
7966	0
7967	0
7968	0
7969	0
7970	1
7971	0
7972	1
7973	0
7974	1
7975	1
7976	1
7977	0
7978	1
7979	1
7980	0
7981	0
7982	1
7983	0
7984	3
7985	0
7986	0
7987	0
7988	0
7989	1
7990	1
7991	1
7992	0
7993	0
7994	0
7995	0
7996	0
7997	1
7998	0
7999	0
8000	0
8001	0
8002	1
8003	0
8004	1
8005	2
8006	1
8007	2
8008	0
8009	0
8010	2
8011	0
8012	0
8013	1
8014	0
8015	0
8016	0
8017	1
8018	0
8019	0
8020	1
8021	1
8022	0
8023	1
8024	1
8025	0
8026	1
8027	1
8028	1
8029	1
8030	0
8031	0
8032	0
8033	0
8034	0
8035	0
8036	1
8037	0
8038	0
8039	0
8040	0
8041	0
8042	0
8043	1
8044	0
8045	0
8046	1
8047	1
8048	0
8049	0
8050	1
8051	1
8052	0
8053	0
8054	0
8055	0
8056	0
8057	0
8058	0
8059	0
8060	0
8061	0
8062	1
8063	1
8064	0
8065	0
8066	2
8067	1
8068	1
8069	1
8070	0
8071	0
8072	1
8073	0
8074	1
8075	0
8076	0
8077	0
8078	0
8079	1
8080	1
8081	0
8082	0
8083	0
8084	0
8085	1
8086	0
8087	0
8088	0
8089	0
8090	0
8091	0
8092	1
8093	0
8094	1
8095	0
8096	1
8097	1
8098	0
8099	0
8100	0
8101	0
8102	0
8103	0
8104	0
8105	0
8106	0
8107	0
8108	0
8109	0
8110	0
8111	0
8112	0
8113	0
8114	0
8115	0
8116	0
8117	0
8118	0
8119	0
8120	0
8121	0
8122	0
8123	0
8124	0
8125	0
8126	0
8127	0
8128	0
8129	0
8130	0
8131	0
8132	0
8133	0
8134	0
8135	0
8136	0
8137	0
8138	0
8139	0
8140	0
8141	0
8142	0
8143	0
8144	0
8145	0
8146	0
8147	0
8148	0
8149	0
8150	0
8151	0
8152	0
8153	0
8154	0
8155	0
8156	0
8157	0
8158	0
8159	0
8160	0
8161	0
8162	0
8163	0
8164	0
8165	0
8166	0
8167	0
8168	0
8169	0
8170	0
8171	0
8172	0
8173	0
8174	0
8175	0
8176	0
8177	0
8178	0
8179	0
8180	0
8181	0
8182	0
8183	0
8184	0
8185	0
8186	0
8187	0
8188	0
8189	0
8190	0
8191	0
