0	0
1	0
2	0
3	0
4	0
5	0
6	0
7	0
8	0
9	0
10	0
11	0
12	0
13	0
14	0
15	0
16	0
17	0
18	0
19	0
20	0
21	0
22	0
23	0
24	0
25	0
26	0
27	0
28	0
29	0
30	0
31	0
32	0
33	0
34	0
35	0
36	0
37	0
38	0
39	0
40	0
41	0
42	0
43	0
44	0
45	0
46	0
47	0
48	0
49	0
50	0
51	0
52	0
53	0
54	0
55	0
56	0
57	0
58	0
59	0
60	0
61	0
62	0
63	0
64	0
65	0
66	0
67	0
68	0
69	0
70	0
71	0
72	0
73	0
74	0
75	0
76	0
77	0
78	0
79	0
80	0
81	0
82	0
83	0
84	0
85	0
86	0
87	0
88	0
89	0
90	0
91	0
92	0
93	0
94	0
95	0
96	0
97	0
98	0
99	0
100	0
101	0
102	0
103	0
104	0
105	0
106	0
107	0
108	0
109	0
110	0
111	0
112	0
113	0
114	0
115	0
116	0
117	0
118	0
119	0
120	0
121	0
122	0
123	0
124	0
125	0
126	0
127	0
128	0
129	0
130	0
131	0
132	0
133	0
134	0
135	0
136	0
137	0
138	0
139	0
140	0
141	0
142	0
143	0
144	0
145	0
146	0
147	0
148	0
149	0
150	0
151	0
152	0
153	0
154	0
155	0
156	0
157	0
158	0
159	0
160	0
161	0
162	0
163	0
164	0
165	0
166	0
167	0
168	0
169	0
170	0
171	0
172	0
173	0
174	0
175	0
176	0
177	0
178	0
179	0
180	2
181	21
182	30
183	45
184	42
185	46
186	49
187	52
188	33
189	34
190	38
191	39
192	40
193	43
194	32
195	33
196	39
197	46
198	33
199	50
200	29
201	30
202	35
203	28
204	42
205	33
206	26
207	38
208	33
209	42
210	39
211	34
212	41
213	40
214	25
215	34
216	38
217	38
218	19
219	44
220	28
221	35
222	36
223	32
224	30
225	36
226	28
227	39
228	43
229	38
230	33
231	40
232	44
233	32
234	28
235	33
236	36
237	45
238	28
239	35
240	39
241	36
242	28
243	34
244	26
245	35
246	23
247	36
248	30
249	41
250	35
251	28
252	27
253	35
254	34
255	41
256	38
257	37
258	30
259	41
260	32
261	25
262	33
263	42
264	34
265	21
266	35
267	51
268	29
269	39
270	38
271	31
272	28
273	32
274	35
275	32
276	36
277	32
278	28
279	43
280	29
281	40
282	30
283	37
284	41
285	36
286	45
287	30
288	33
289	36
290	31
291	46
292	33
293	34
294	29
295	31
296	35
297	33
298	35
299	30
300	37
301	33
302	30
303	30
304	26
305	36
306	56
307	31
308	39
309	31
310	36
311	38
312	32
313	44
314	26
315	27
316	30
317	49
318	31
319	34
320	32
321	31
322	40
323	36
324	39
325	23
326	36
327	28
328	30
329	31
330	42
331	38
332	32
333	24
334	28
335	34
336	33
337	34
338	26
339	36
340	40
341	34
342	37
343	42
344	47
345	35
346	36
347	43
348	39
349	32
350	35
351	41
352	52
353	32
354	23
355	37
356	30
357	38
358	33
359	33
360	29
361	30
362	32
363	31
364	46
365	41
366	34
367	29
368	30
369	37
370	39
371	43
372	29
373	34
374	42
375	40
376	39
377	39
378	38
379	32
380	45
381	42
382	29
383	33
384	52
385	37
386	43
387	33
388	32
389	43
390	39
391	35
392	37
393	34
394	43
395	41
396	25
397	49
398	39
399	40
400	35
401	40
402	39
403	32
404	34
405	27
406	25
407	42
408	44
409	27
410	29
411	27
412	32
413	41
414	34
415	29
416	35
417	35
418	43
419	45
420	26
421	27
422	33
423	43
424	29
425	33
426	39
427	31
428	30
429	44
430	30
431	43
432	35
433	39
434	29
435	31
436	32
437	48
438	39
439	39
440	39
441	38
442	31
443	34
444	41
445	35
446	32
447	31
448	34
449	43
450	46
451	46
452	37
453	41
454	41
455	38
456	54
457	51
458	30
459	33
460	38
461	34
462	36
463	38
464	32
465	38
466	36
467	39
468	32
469	36
470	39
471	28
472	43
473	34
474	36
475	53
476	36
477	40
478	39
479	30
480	51
481	43
482	32
483	45
484	28
485	35
486	44
487	29
488	26
489	40
490	43
491	46
492	40
493	35
494	34
495	36
496	43
497	40
498	36
499	38
500	42
501	48
502	34
503	43
504	33
505	35
506	42
507	35
508	40
509	41
510	33
511	41
512	33
513	27
514	24
515	50
516	48
517	30
518	38
519	40
520	36
521	33
522	41
523	42
524	37
525	35
526	30
527	44
528	42
529	25
530	36
531	42
532	29
533	31
534	29
535	34
536	25
537	48
538	41
539	42
540	39
541	39
542	42
543	32
544	37
545	41
546	47
547	37
548	33
549	39
550	34
551	16
552	39
553	26
554	42
555	35
556	52
557	42
558	39
559	38
560	35
561	31
562	26
563	44
564	57
565	30
566	41
567	31
568	41
569	25
570	43
571	33
572	44
573	42
574	40
575	39
576	23
577	36
578	39
579	37
580	29
581	28
582	33
583	35
584	50
585	30
586	46
587	32
588	40
589	40
590	38
591	31
592	34
593	43
594	34
595	40
596	34
597	45
598	33
599	37
600	36
601	35
602	36
603	44
604	42
605	38
606	33
607	39
608	25
609	42
610	34
611	42
612	31
613	42
614	38
615	38
616	32
617	37
618	39
619	43
620	34
621	40
622	42
623	35
624	39
625	46
626	42
627	45
628	37
629	40
630	39
631	44
632	35
633	37
634	31
635	43
636	43
637	43
638	40
639	50
640	39
641	35
642	36
643	31
644	32
645	47
646	32
647	40
648	38
649	40
650	29
651	40
652	50
653	31
654	40
655	41
656	43
657	40
658	25
659	33
660	38
661	37
662	39
663	41
664	41
665	42
666	46
667	44
668	42
669	45
670	41
671	46
672	48
673	35
674	35
675	35
676	42
677	47
678	41
679	35
680	44
681	49
682	55
683	48
684	28
685	46
686	33
687	41
688	30
689	47
690	30
691	44
692	39
693	49
694	32
695	33
696	51
697	47
698	48
699	47
700	39
701	48
702	41
703	42
704	34
705	45
706	37
707	36
708	42
709	46
710	26
711	46
712	48
713	37
714	43
715	33
716	34
717	47
718	35
719	51
720	37
721	42
722	31
723	38
724	51
725	46
726	45
727	55
728	48
729	53
730	55
731	36
732	55
733	35
734	44
735	49
736	47
737	36
738	47
739	26
740	61
741	36
742	50
743	37
744	39
745	42
746	56
747	57
748	32
749	49
750	50
751	42
752	47
753	45
754	46
755	48
756	46
757	33
758	58
759	51
760	34
761	40
762	53
763	39
764	50
765	33
766	53
767	48
768	44
769	42
770	37
771	44
772	46
773	48
774	53
775	45
776	34
777	48
778	39
779	47
780	58
781	56
782	52
783	39
784	52
785	53
786	53
787	57
788	35
789	53
790	42
791	67
792	55
793	49
794	59
795	62
796	54
797	42
798	44
799	66
800	57
801	60
802	57
803	52
804	53
805	57
806	59
807	50
808	56
809	56
810	53
811	54
812	58
813	66
814	61
815	57
816	59
817	46
818	52
819	70
820	69
821	59
822	66
823	48
824	63
825	58
826	75
827	59
828	64
829	67
830	82
831	49
832	63
833	63
834	78
835	60
836	69
837	69
838	71
839	70
840	58
841	68
842	76
843	64
844	82
845	97
846	48
847	72
848	86
849	80
850	67
851	53
852	78
853	82
854	88
855	68
856	64
857	66
858	58
859	83
860	77
861	71
862	81
863	68
864	84
865	78
866	58
867	81
868	85
869	83
870	77
871	78
872	75
873	69
874	76
875	66
876	67
877	72
878	87
879	53
880	66
881	86
882	68
883	66
884	76
885	62
886	89
887	87
888	70
889	59
890	59
891	64
892	63
893	60
894	70
895	61
896	83
897	59
898	61
899	62
900	63
901	61
902	60
903	65
904	71
905	61
906	46
907	57
908	76
909	59
910	62
911	54
912	50
913	67
914	61
915	62
916	44
917	62
918	60
919	43
920	62
921	46
922	62
923	48
924	40
925	62
926	64
927	40
928	48
929	45
930	62
931	47
932	46
933	52
934	48
935	76
936	52
937	50
938	46
939	55
940	54
941	52
942	62
943	48
944	46
945	42
946	42
947	51
948	49
949	58
950	52
951	61
952	70
953	59
954	57
955	66
956	47
957	45
958	65
959	62
960	51
961	55
962	32
963	63
964	55
965	70
966	59
967	63
968	51
969	66
970	62
971	57
972	60
973	45
974	44
975	43
976	65
977	47
978	59
979	51
980	53
981	58
982	57
983	48
984	56
985	56
986	46
987	58
988	65
989	61
990	50
991	67
992	53
993	43
994	53
995	62
996	53
997	46
998	61
999	57
1000	49
1001	36
1002	72
1003	55
1004	48
1005	48
1006	60
1007	50
1008	59
1009	67
1010	64
1011	55
1012	61
1013	56
1014	54
1015	43
1016	52
1017	58
1018	49
1019	60
1020	47
1021	42
1022	55
1023	52
1024	59
1025	58
1026	57
1027	39
1028	36
1029	44
1030	44
1031	41
1032	40
1033	43
1034	40
1035	70
1036	44
1037	65
1038	31
1039	46
1040	50
1041	39
1042	44
1043	49
1044	51
1045	54
1046	53
1047	51
1048	41
1049	38
1050	54
1051	54
1052	52
1053	46
1054	44
1055	49
1056	52
1057	55
1058	44
1059	41
1060	38
1061	46
1062	52
1063	33
1064	48
1065	50
1066	52
1067	51
1068	38
1069	50
1070	55
1071	52
1072	40
1073	45
1074	52
1075	50
1076	41
1077	43
1078	53
1079	38
1080	41
1081	52
1082	28
1083	43
1084	36
1085	42
1086	34
1087	41
1088	27
1089	37
1090	46
1091	47
1092	51
1093	58
1094	43
1095	54
1096	43
1097	41
1098	46
1099	36
1100	37
1101	48
1102	40
1103	46
1104	43
1105	52
1106	49
1107	46
1108	42
1109	44
1110	46
1111	55
1112	47
1113	58
1114	44
1115	58
1116	44
1117	37
1118	42
1119	41
1120	41
1121	44
1122	48
1123	49
1124	45
1125	47
1126	48
1127	45
1128	38
1129	52
1130	58
1131	50
1132	47
1133	42
1134	38
1135	45
1136	54
1137	51
1138	49
1139	39
1140	38
1141	51
1142	49
1143	46
1144	48
1145	50
1146	41
1147	46
1148	48
1149	37
1150	57
1151	49
1152	45
1153	43
1154	61
1155	55
1156	64
1157	53
1158	51
1159	52
1160	52
1161	52
1162	48
1163	51
1164	47
1165	63
1166	49
1167	49
1168	51
1169	52
1170	56
1171	48
1172	48
1173	57
1174	50
1175	55
1176	44
1177	46
1178	53
1179	47
1180	54
1181	52
1182	48
1183	60
1184	65
1185	46
1186	62
1187	65
1188	47
1189	45
1190	46
1191	51
1192	47
1193	54
1194	49
1195	56
1196	54
1197	51
1198	63
1199	56
1200	56
1201	45
1202	53
1203	53
1204	47
1205	55
1206	49
1207	52
1208	64
1209	53
1210	59
1211	65
1212	42
1213	49
1214	53
1215	75
1216	53
1217	49
1218	51
1219	53
1220	60
1221	43
1222	46
1223	49
1224	54
1225	59
1226	58
1227	57
1228	48
1229	67
1230	58
1231	53
1232	44
1233	55
1234	59
1235	45
1236	47
1237	55
1238	55
1239	59
1240	55
1241	71
1242	49
1243	61
1244	49
1245	53
1246	46
1247	62
1248	64
1249	67
1250	62
1251	54
1252	56
1253	58
1254	59
1255	44
1256	53
1257	52
1258	56
1259	48
1260	58
1261	46
1262	62
1263	56
1264	61
1265	58
1266	65
1267	55
1268	54
1269	57
1270	56
1271	65
1272	58
1273	46
1274	47
1275	67
1276	65
1277	49
1278	73
1279	57
1280	64
1281	66
1282	55
1283	74
1284	64
1285	60
1286	62
1287	57
1288	55
1289	54
1290	52
1291	59
1292	60
1293	52
1294	74
1295	55
1296	75
1297	55
1298	62
1299	56
1300	60
1301	63
1302	59
1303	43
1304	61
1305	56
1306	66
1307	66
1308	55
1309	67
1310	62
1311	41
1312	63
1313	66
1314	62
1315	51
1316	52
1317	67
1318	56
1319	70
1320	65
1321	53
1322	49
1323	52
1324	57
1325	70
1326	52
1327	66
1328	58
1329	68
1330	63
1331	67
1332	65
1333	52
1334	43
1335	72
1336	74
1337	70
1338	80
1339	74
1340	79
1341	63
1342	64
1343	57
1344	59
1345	52
1346	62
1347	67
1348	59
1349	83
1350	58
1351	70
1352	65
1353	63
1354	61
1355	63
1356	76
1357	56
1358	73
1359	73
1360	73
1361	67
1362	65
1363	68
1364	60
1365	65
1366	78
1367	71
1368	54
1369	71
1370	70
1371	68
1372	63
1373	78
1374	75
1375	74
1376	65
1377	63
1378	61
1379	63
1380	73
1381	69
1382	77
1383	75
1384	73
1385	65
1386	78
1387	77
1388	60
1389	63
1390	73
1391	61
1392	75
1393	79
1394	59
1395	66
1396	76
1397	75
1398	67
1399	68
1400	76
1401	77
1402	60
1403	76
1404	58
1405	71
1406	81
1407	71
1408	68
1409	67
1410	87
1411	62
1412	83
1413	81
1414	67
1415	76
1416	71
1417	82
1418	73
1419	64
1420	72
1421	74
1422	69
1423	90
1424	73
1425	72
1426	79
1427	85
1428	66
1429	86
1430	73
1431	71
1432	72
1433	70
1434	81
1435	67
1436	78
1437	62
1438	83
1439	66
1440	76
1441	71
1442	80
1443	76
1444	76
1445	79
1446	71
1447	73
1448	74
1449	74
1450	84
1451	69
1452	88
1453	74
1454	72
1455	72
1456	59
1457	71
1458	71
1459	71
1460	92
1461	81
1462	81
1463	80
1464	53
1465	77
1466	73
1467	75
1468	72
1469	66
1470	62
1471	92
1472	60
1473	77
1474	79
1475	85
1476	71
1477	82
1478	78
1479	68
1480	91
1481	80
1482	66
1483	80
1484	88
1485	69
1486	66
1487	88
1488	74
1489	90
1490	79
1491	73
1492	76
1493	77
1494	75
1495	68
1496	66
1497	73
1498	94
1499	73
1500	86
1501	83
1502	70
1503	76
1504	80
1505	63
1506	72
1507	90
1508	74
1509	85
1510	64
1511	78
1512	70
1513	72
1514	80
1515	67
1516	73
1517	74
1518	65
1519	65
1520	83
1521	97
1522	74
1523	75
1524	74
1525	72
1526	69
1527	68
1528	75
1529	61
1530	77
1531	76
1532	84
1533	83
1534	58
1535	85
1536	95
1537	97
1538	88
1539	73
1540	65
1541	53
1542	68
1543	70
1544	94
1545	74
1546	88
1547	64
1548	95
1549	71
1550	93
1551	69
1552	64
1553	80
1554	66
1555	63
1556	71
1557	81
1558	71
1559	74
1560	98
1561	82
1562	91
1563	88
1564	65
1565	81
1566	90
1567	90
1568	76
1569	64
1570	76
1571	68
1572	85
1573	86
1574	84
1575	80
1576	92
1577	87
1578	72
1579	79
1580	69
1581	80
1582	73
1583	86
1584	75
1585	74
1586	75
1587	82
1588	77
1589	91
1590	70
1591	75
1592	75
1593	101
1594	77
1595	77
1596	85
1597	66
1598	83
1599	62
1600	90
1601	66
1602	77
1603	67
1604	73
1605	85
1606	86
1607	70
1608	97
1609	89
1610	74
1611	68
1612	82
1613	84
1614	82
1615	57
1616	82
1617	69
1618	84
1619	74
1620	93
1621	69
1622	80
1623	69
1624	76
1625	76
1626	61
1627	65
1628	75
1629	76
1630	84
1631	89
1632	80
1633	63
1634	91
1635	70
1636	77
1637	78
1638	81
1639	90
1640	73
1641	65
1642	77
1643	62
1644	77
1645	69
1646	57
1647	73
1648	87
1649	83
1650	68
1651	78
1652	79
1653	76
1654	92
1655	71
1656	83
1657	73
1658	69
1659	77
1660	72
1661	83
1662	78
1663	73
1664	101
1665	76
1666	62
1667	69
1668	84
1669	74
1670	86
1671	70
1672	67
1673	91
1674	66
1675	60
1676	72
1677	70
1678	71
1679	84
1680	71
1681	83
1682	82
1683	99
1684	80
1685	75
1686	85
1687	85
1688	78
1689	85
1690	84
1691	76
1692	60
1693	82
1694	63
1695	81
1696	78
1697	82
1698	83
1699	75
1700	69
1701	78
1702	73
1703	95
1704	83
1705	78
1706	79
1707	78
1708	70
1709	81
1710	63
1711	56
1712	66
1713	77
1714	74
1715	81
1716	71
1717	84
1718	70
1719	82
1720	67
1721	77
1722	83
1723	80
1724	86
1725	75
1726	75
1727	70
1728	87
1729	65
1730	80
1731	90
1732	85
1733	87
1734	60
1735	66
1736	71
1737	78
1738	88
1739	84
1740	78
1741	74
1742	63
1743	87
1744	64
1745	80
1746	73
1747	89
1748	68
1749	75
1750	84
1751	90
1752	69
1753	85
1754	79
1755	67
1756	72
1757	64
1758	81
1759	82
1760	96
1761	82
1762	64
1763	88
1764	71
1765	73
1766	79
1767	82
1768	74
1769	65
1770	85
1771	78
1772	71
1773	91
1774	72
1775	82
1776	78
1777	75
1778	92
1779	69
1780	76
1781	67
1782	88
1783	77
1784	65
1785	86
1786	83
1787	73
1788	77
1789	65
1790	66
1791	80
1792	80
1793	81
1794	73
1795	81
1796	61
1797	74
1798	88
1799	81
1800	73
1801	65
1802	82
1803	73
1804	79
1805	81
1806	89
1807	61
1808	67
1809	79
1810	77
1811	75
1812	76
1813	69
1814	77
1815	86
1816	93
1817	74
1818	99
1819	79
1820	81
1821	74
1822	77
1823	91
1824	77
1825	62
1826	70
1827	82
1828	85
1829	74
1830	77
1831	70
1832	88
1833	76
1834	72
1835	80
1836	75
1837	85
1838	83
1839	99
1840	82
1841	77
1842	82
1843	66
1844	71
1845	74
1846	88
1847	67
1848	87
1849	64
1850	94
1851	81
1852	68
1853	71
1854	78
1855	71
1856	81
1857	69
1858	81
1859	85
1860	68
1861	75
1862	85
1863	74
1864	78
1865	71
1866	90
1867	84
1868	71
1869	81
1870	66
1871	90
1872	73
1873	100
1874	82
1875	64
1876	89
1877	68
1878	72
1879	88
1880	86
1881	65
1882	91
1883	72
1884	77
1885	86
1886	83
1887	68
1888	69
1889	70
1890	63
1891	87
1892	76
1893	52
1894	57
1895	83
1896	92
1897	92
1898	90
1899	76
1900	62
1901	90
1902	84
1903	80
1904	66
1905	75
1906	62
1907	70
1908	77
1909	79
1910	69
1911	82
1912	75
1913	77
1914	87
1915	75
1916	83
1917	99
1918	72
1919	88
1920	76
1921	72
1922	78
1923	73
1924	78
1925	87
1926	78
1927	75
1928	66
1929	73
1930	82
1931	94
1932	77
1933	81
1934	67
1935	78
1936	74
1937	79
1938	80
1939	82
1940	70
1941	90
1942	83
1943	61
1944	96
1945	77
1946	79
1947	85
1948	59
1949	81
1950	76
1951	79
1952	79
1953	71
1954	79
1955	92
1956	84
1957	75
1958	75
1959	87
1960	73
1961	63
1962	72
1963	64
1964	77
1965	75
1966	86
1967	80
1968	88
1969	81
1970	81
1971	80
1972	80
1973	83
1974	64
1975	83
1976	77
1977	66
1978	71
1979	76
1980	80
1981	84
1982	70
1983	67
1984	90
1985	61
1986	76
1987	79
1988	78
1989	76
1990	72
1991	74
1992	80
1993	75
1994	76
1995	84
1996	79
1997	77
1998	74
1999	99
2000	79
2001	82
2002	88
2003	76
2004	75
2005	69
2006	84
2007	98
2008	66
2009	77
2010	65
2011	81
2012	89
2013	74
2014	69
2015	72
2016	68
2017	73
2018	81
2019	86
2020	83
2021	86
2022	90
2023	81
2024	85
2025	64
2026	64
2027	80
2028	78
2029	69
2030	70
2031	93
2032	77
2033	98
2034	78
2035	88
2036	85
2037	78
2038	75
2039	63
2040	70
2041	74
2042	85
2043	73
2044	86
2045	90
2046	75
2047	78
2048	76
2049	89
2050	89
2051	74
2052	92
2053	90
2054	101
2055	69
2056	64
2057	75
2058	73
2059	97
2060	68
2061	67
2062	77
2063	66
2064	91
2065	73
2066	80
2067	74
2068	72
2069	80
2070	68
2071	79
2072	80
2073	85
2074	79
2075	72
2076	80
2077	86
2078	85
2079	74
2080	86
2081	87
2082	85
2083	90
2084	96
2085	82
2086	69
2087	64
2088	76
2089	71
2090	79
2091	80
2092	81
2093	72
2094	104
2095	69
2096	86
2097	96
2098	91
2099	73
2100	73
2101	84
2102	80
2103	76
2104	68
2105	69
2106	80
2107	92
2108	82
2109	63
2110	77
2111	67
2112	79
2113	93
2114	68
2115	69
2116	82
2117	74
2118	82
2119	71
2120	80
2121	74
2122	77
2123	81
2124	88
2125	87
2126	72
2127	86
2128	75
2129	74
2130	76
2131	74
2132	81
2133	77
2134	74
2135	68
2136	71
2137	86
2138	76
2139	72
2140	79
2141	78
2142	74
2143	86
2144	68
2145	76
2146	79
2147	76
2148	80
2149	72
2150	73
2151	85
2152	80
2153	72
2154	87
2155	67
2156	80
2157	74
2158	74
2159	70
2160	76
2161	74
2162	82
2163	66
2164	83
2165	80
2166	81
2167	83
2168	81
2169	60
2170	76
2171	81
2172	86
2173	78
2174	86
2175	78
2176	96
2177	75
2178	82
2179	79
2180	84
2181	75
2182	67
2183	79
2184	69
2185	75
2186	88
2187	75
2188	94
2189	90
2190	74
2191	75
2192	81
2193	81
2194	96
2195	75
2196	72
2197	80
2198	75
2199	62
2200	71
2201	102
2202	84
2203	84
2204	76
2205	69
2206	80
2207	95
2208	87
2209	71
2210	84
2211	75
2212	84
2213	81
2214	79
2215	80
2216	79
2217	65
2218	79
2219	87
2220	86
2221	77
2222	65
2223	76
2224	90
2225	71
2226	73
2227	90
2228	94
2229	80
2230	94
2231	80
2232	91
2233	69
2234	90
2235	67
2236	65
2237	82
2238	89
2239	81
2240	78
2241	74
2242	83
2243	78
2244	85
2245	87
2246	78
2247	77
2248	82
2249	85
2250	84
2251	69
2252	76
2253	70
2254	72
2255	82
2256	71
2257	70
2258	71
2259	67
2260	88
2261	96
2262	71
2263	91
2264	67
2265	74
2266	79
2267	77
2268	64
2269	66
2270	63
2271	67
2272	70
2273	64
2274	94
2275	85
2276	94
2277	77
2278	74
2279	88
2280	87
2281	87
2282	93
2283	61
2284	93
2285	71
2286	87
2287	100
2288	71
2289	66
2290	78
2291	84
2292	80
2293	84
2294	105
2295	63
2296	76
2297	71
2298	71
2299	77
2300	77
2301	67
2302	61
2303	69
2304	86
2305	75
2306	73
2307	82
2308	85
2309	72
2310	79
2311	75
2312	84
2313	59
2314	69
2315	80
2316	91
2317	81
2318	73
2319	86
2320	76
2321	75
2322	77
2323	65
2324	91
2325	66
2326	72
2327	64
2328	70
2329	75
2330	82
2331	75
2332	82
2333	75
2334	78
2335	89
2336	72
2337	77
2338	74
2339	73
2340	81
2341	83
2342	69
2343	76
2344	87
2345	69
2346	74
2347	69
2348	70
2349	83
2350	82
2351	96
2352	70
2353	79
2354	85
2355	69
2356	82
2357	70
2358	80
2359	85
2360	91
2361	73
2362	90
2363	68
2364	80
2365	63
2366	62
2367	82
2368	69
2369	73
2370	75
2371	71
2372	96
2373	65
2374	67
2375	75
2376	63
2377	66
2378	68
2379	79
2380	74
2381	66
2382	73
2383	72
2384	68
2385	74
2386	55
2387	78
2388	63
2389	74
2390	84
2391	78
2392	70
2393	91
2394	69
2395	71
2396	95
2397	76
2398	100
2399	67
2400	69
2401	70
2402	82
2403	80
2404	73
2405	73
2406	75
2407	83
2408	67
2409	74
2410	75
2411	83
2412	90
2413	79
2414	85
2415	73
2416	81
2417	79
2418	74
2419	87
2420	80
2421	71
2422	82
2423	77
2424	85
2425	83
2426	101
2427	83
2428	80
2429	81
2430	85
2431	70
2432	84
2433	61
2434	81
2435	72
2436	77
2437	70
2438	72
2439	97
2440	74
2441	84
2442	68
2443	70
2444	77
2445	71
2446	76
2447	92
2448	100
2449	77
2450	79
2451	62
2452	90
2453	74
2454	88
2455	66
2456	90
2457	81
2458	95
2459	81
2460	74
2461	85
2462	69
2463	80
2464	83
2465	79
2466	78
2467	78
2468	77
2469	80
2470	95
2471	73
2472	84
2473	75
2474	74
2475	77
2476	81
2477	74
2478	64
2479	77
2480	81
2481	90
2482	68
2483	90
2484	80
2485	77
2486	80
2487	87
2488	79
2489	85
2490	85
2491	72
2492	79
2493	76
2494	80
2495	80
2496	77
2497	77
2498	82
2499	76
2500	70
2501	65
2502	76
2503	68
2504	76
2505	94
2506	89
2507	83
2508	66
2509	71
2510	81
2511	74
2512	73
2513	75
2514	72
2515	66
2516	97
2517	73
2518	86
2519	69
2520	64
2521	63
2522	73
2523	76
2524	76
2525	72
2526	80
2527	85
2528	83
2529	87
2530	73
2531	80
2532	73
2533	75
2534	82
2535	68
2536	80
2537	87
2538	81
2539	82
2540	65
2541	67
2542	74
2543	59
2544	73
2545	74
2546	64
2547	95
2548	69
2549	80
2550	67
2551	65
2552	78
2553	60
2554	94
2555	73
2556	82
2557	92
2558	71
2559	79
2560	73
2561	63
2562	67
2563	81
2564	88
2565	83
2566	81
2567	85
2568	75
2569	89
2570	83
2571	99
2572	80
2573	73
2574	73
2575	97
2576	81
2577	76
2578	78
2579	73
2580	86
2581	95
2582	77
2583	90
2584	79
2585	75
2586	84
2587	88
2588	89
2589	85
2590	82
2591	74
2592	80
2593	92
2594	85
2595	91
2596	96
2597	92
2598	79
2599	104
2600	83
2601	93
2602	65
2603	94
2604	77
2605	76
2606	69
2607	91
2608	66
2609	85
2610	81
2611	72
2612	81
2613	80
2614	70
2615	87
2616	93
2617	83
2618	94
2619	82
2620	74
2621	68
2622	94
2623	92
2624	85
2625	78
2626	83
2627	65
2628	93
2629	90
2630	78
2631	96
2632	97
2633	102
2634	73
2635	77
2636	92
2637	92
2638	97
2639	77
2640	89
2641	94
2642	88
2643	90
2644	97
2645	95
2646	72
2647	107
2648	94
2649	81
2650	82
2651	92
2652	91
2653	91
2654	84
2655	71
2656	86
2657	102
2658	81
2659	107
2660	89
2661	91
2662	106
2663	84
2664	92
2665	109
2666	116
2667	79
2668	104
2669	85
2670	94
2671	86
2672	85
2673	85
2674	87
2675	98
2676	99
2677	119
2678	97
2679	108
2680	102
2681	111
2682	107
2683	104
2684	99
2685	105
2686	79
2687	92
2688	96
2689	98
2690	103
2691	100
2692	119
2693	102
2694	102
2695	104
2696	99
2697	101
2698	105
2699	106
2700	112
2701	101
2702	108
2703	95
2704	117
2705	106
2706	100
2707	91
2708	109
2709	106
2710	99
2711	110
2712	125
2713	114
2714	87
2715	116
2716	90
2717	100
2718	113
2719	130
2720	106
2721	107
2722	104
2723	113
2724	115
2725	117
2726	121
2727	109
2728	103
2729	111
2730	115
2731	107
2732	122
2733	120
2734	112
2735	108
2736	118
2737	120
2738	102
2739	124
2740	115
2741	139
2742	119
2743	119
2744	142
2745	130
2746	127
2747	119
2748	118
2749	141
2750	149
2751	120
2752	132
2753	139
2754	124
2755	116
2756	121
2757	133
2758	137
2759	136
2760	138
2761	131
2762	132
2763	130
2764	134
2765	138
2766	148
2767	132
2768	138
2769	124
2770	124
2771	136
2772	129
2773	124
2774	123
2775	142
2776	121
2777	139
2778	154
2779	117
2780	155
2781	128
2782	152
2783	124
2784	123
2785	148
2786	151
2787	151
2788	153
2789	137
2790	145
2791	143
2792	167
2793	142
2794	156
2795	151
2796	151
2797	157
2798	154
2799	149
2800	145
2801	157
2802	144
2803	142
2804	144
2805	157
2806	166
2807	159
2808	153
2809	141
2810	164
2811	170
2812	145
2813	170
2814	152
2815	170
2816	186
2817	142
2818	160
2819	170
2820	180
2821	153
2822	166
2823	172
2824	163
2825	148
2826	177
2827	149
2828	160
2829	154
2830	159
2831	190
2832	162
2833	189
2834	167
2835	160
2836	171
2837	170
2838	188
2839	168
2840	180
2841	173
2842	165
2843	188
2844	195
2845	159
2846	197
2847	160
2848	194
2849	166
2850	171
2851	174
2852	175
2853	195
2854	194
2855	187
2856	174
2857	189
2858	172
2859	194
2860	192
2861	161
2862	167
2863	194
2864	193
2865	188
2866	203
2867	166
2868	199
2869	192
2870	182
2871	198
2872	188
2873	170
2874	188
2875	193
2876	191
2877	177
2878	167
2879	168
2880	184
2881	171
2882	180
2883	195
2884	204
2885	202
2886	195
2887	172
2888	199
2889	202
2890	188
2891	204
2892	194
2893	194
2894	222
2895	179
2896	190
2897	220
2898	200
2899	193
2900	190
2901	189
2902	190
2903	190
2904	201
2905	206
2906	212
2907	176
2908	213
2909	204
2910	193
2911	206
2912	207
2913	198
2914	219
2915	178
2916	222
2917	209
2918	192
2919	200
2920	199
2921	209
2922	201
2923	212
2924	208
2925	213
2926	198
2927	192
2928	209
2929	208
2930	179
2931	195
2932	227
2933	197
2934	209
2935	215
2936	202
2937	196
2938	221
2939	210
2940	206
2941	199
2942	192
2943	210
2944	217
2945	210
2946	201
2947	226
2948	198
2949	194
2950	217
2951	215
2952	215
2953	214
2954	224
2955	185
2956	239
2957	235
2958	181
2959	226
2960	212
2961	219
2962	239
2963	223
2964	202
2965	215
2966	196
2967	189
2968	208
2969	204
2970	217
2971	205
2972	196
2973	209
2974	215
2975	217
2976	223
2977	229
2978	230
2979	224
2980	199
2981	234
2982	210
2983	229
2984	229
2985	226
2986	222
2987	215
2988	235
2989	227
2990	209
2991	218
2992	236
2993	202
2994	224
2995	216
2996	214
2997	218
2998	215
2999	221
3000	246
3001	226
3002	218
3003	232
3004	195
3005	246
3006	229
3007	213
3008	234
3009	227
3010	219
3011	228
3012	243
3013	232
3014	215
3015	228
3016	208
3017	220
3018	209
3019	213
3020	207
3021	201
3022	202
3023	200
3024	224
3025	219
3026	221
3027	229
3028	211
3029	185
3030	211
3031	200
3032	238
3033	227
3034	225
3035	219
3036	223
3037	209
3038	218
3039	214
3040	202
3041	232
3042	214
3043	217
3044	217
3045	187
3046	193
3047	241
3048	244
3049	213
3050	208
3051	201
3052	213
3053	206
3054	198
3055	200
3056	214
3057	222
3058	226
3059	216
3060	201
3061	207
3062	215
3063	212
3064	192
3065	182
3066	197
3067	196
3068	237
3069	218
3070	214
3071	194
3072	216
3073	201
3074	254
3075	220
3076	227
3077	213
3078	207
3079	203
3080	197
3081	204
3082	213
3083	226
3084	213
3085	213
3086	194
3087	213
3088	215
3089	203
3090	217
3091	205
3092	207
3093	213
3094	185
3095	193
3096	217
3097	219
3098	233
3099	190
3100	190
3101	203
3102	209
3103	187
3104	198
3105	228
3106	196
3107	180
3108	201
3109	191
3110	193
3111	202
3112	190
3113	216
3114	206
3115	202
3116	189
3117	233
3118	203
3119	181
3120	199
3121	173
3122	200
3123	182
3124	198
3125	207
3126	203
3127	178
3128	195
3129	199
3130	221
3131	178
3132	192
3133	196
3134	194
3135	177
3136	150
3137	191
3138	162
3139	161
3140	159
3141	186
3142	188
3143	172
3144	196
3145	187
3146	196
3147	180
3148	165
3149	198
3150	191
3151	187
3152	186
3153	188
3154	159
3155	164
3156	184
3157	161
3158	199
3159	180
3160	198
3161	167
3162	187
3163	191
3164	168
3165	197
3166	175
3167	195
3168	164
3169	184
3170	188
3171	159
3172	154
3173	170
3174	176
3175	169
3176	170
3177	181
3178	144
3179	165
3180	154
3181	161
3182	187
3183	156
3184	161
3185	172
3186	178
3187	188
3188	160
3189	169
3190	166
3191	187
3192	177
3193	162
3194	167
3195	170
3196	158
3197	153
3198	157
3199	186
3200	162
3201	152
3202	160
3203	181
3204	157
3205	159
3206	161
3207	137
3208	145
3209	148
3210	157
3211	149
3212	157
3213	154
3214	151
3215	173
3216	149
3217	157
3218	152
3219	148
3220	140
3221	150
3222	167
3223	143
3224	162
3225	120
3226	133
3227	157
3228	121
3229	142
3230	157
3231	124
3232	129
3233	154
3234	127
3235	124
3236	139
3237	138
3238	151
3239	146
3240	125
3241	142
3242	113
3243	151
3244	138
3245	139
3246	154
3247	111
3248	113
3249	121
3250	129
3251	144
3252	145
3253	123
3254	125
3255	138
3256	128
3257	137
3258	115
3259	127
3260	114
3261	132
3262	109
3263	136
3264	116
3265	132
3266	125
3267	139
3268	117
3269	127
3270	122
3271	115
3272	120
3273	105
3274	126
3275	124
3276	115
3277	134
3278	117
3279	104
3280	128
3281	128
3282	118
3283	112
3284	100
3285	96
3286	112
3287	126
3288	112
3289	122
3290	125
3291	122
3292	102
3293	112
3294	132
3295	124
3296	110
3297	113
3298	111
3299	128
3300	111
3301	122
3302	106
3303	105
3304	110
3305	111
3306	118
3307	109
3308	96
3309	107
3310	106
3311	106
3312	103
3313	114
3314	106
3315	106
3316	118
3317	109
3318	114
3319	97
3320	88
3321	93
3322	92
3323	75
3324	85
3325	97
3326	98
3327	94
3328	98
3329	103
3330	104
3331	80
3332	102
3333	86
3334	100
3335	93
3336	93
3337	84
3338	91
3339	96
3340	99
3341	88
3342	97
3343	64
3344	82
3345	107
3346	97
3347	82
3348	74
3349	71
3350	85
3351	81
3352	67
3353	85
3354	70
3355	96
3356	89
3357	96
3358	87
3359	87
3360	72
3361	79
3362	70
3363	93
3364	90
3365	77
3366	90
3367	89
3368	76
3369	92
3370	73
3371	81
3372	86
3373	66
3374	82
3375	74
3376	80
3377	89
3378	73
3379	80
3380	74
3381	86
3382	68
3383	76
3384	78
3385	66
3386	65
3387	68
3388	76
3389	76
3390	77
3391	61
3392	91
3393	78
3394	68
3395	63
3396	62
3397	56
3398	56
3399	68
3400	65
3401	70
3402	77
3403	56
3404	69
3405	69
3406	55
3407	70
3408	54
3409	66
3410	59
3411	63
3412	70
3413	64
3414	56
3415	56
3416	67
3417	59
3418	68
3419	50
3420	69
3421	59
3422	64
3423	70
3424	61
3425	64
3426	67
3427	58
3428	54
3429	46
3430	68
3431	60
3432	47
3433	62
3434	55
3435	64
3436	61
3437	55
3438	44
3439	57
3440	57
3441	65
3442	53
3443	58
3444	46
3445	54
3446	44
3447	54
3448	48
3449	54
3450	64
3451	43
3452	64
3453	57
3454	56
3455	61
3456	47
3457	60
3458	58
3459	48
3460	49
3461	61
3462	55
3463	63
3464	50
3465	53
3466	59
3467	51
3468	48
3469	46
3470	32
3471	59
3472	63
3473	54
3474	37
3475	50
3476	60
3477	48
3478	59
3479	51
3480	53
3481	53
3482	52
3483	45
3484	48
3485	52
3486	59
3487	48
3488	49
3489	50
3490	47
3491	40
3492	59
3493	39
3494	52
3495	58
3496	52
3497	45
3498	47
3499	36
3500	49
3501	56
3502	47
3503	51
3504	40
3505	36
3506	47
3507	54
3508	40
3509	39
3510	34
3511	46
3512	26
3513	38
3514	48
3515	40
3516	40
3517	42
3518	40
3519	39
3520	36
3521	37
3522	50
3523	44
3524	46
3525	46
3526	45
3527	49
3528	55
3529	37
3530	52
3531	40
3532	34
3533	36
3534	35
3535	33
3536	41
3537	35
3538	49
3539	45
3540	43
3541	62
3542	35
3543	32
3544	40
3545	44
3546	42
3547	44
3548	37
3549	36
3550	31
3551	40
3552	31
3553	45
3554	51
3555	40
3556	46
3557	38
3558	48
3559	46
3560	42
3561	41
3562	36
3563	47
3564	39
3565	27
3566	49
3567	34
3568	46
3569	41
3570	38
3571	36
3572	38
3573	44
3574	40
3575	48
3576	45
3577	39
3578	42
3579	45
3580	43
3581	39
3582	41
3583	38
3584	40
3585	43
3586	43
3587	42
3588	43
3589	30
3590	30
3591	40
3592	43
3593	33
3594	35
3595	33
3596	31
3597	27
3598	42
3599	37
3600	32
3601	33
3602	50
3603	47
3604	35
3605	37
3606	35
3607	43
3608	33
3609	30
3610	45
3611	38
3612	39
3613	44
3614	42
3615	41
3616	43
3617	35
3618	33
3619	40
3620	43
3621	45
3622	42
3623	37
3624	35
3625	33
3626	35
3627	46
3628	37
3629	36
3630	29
3631	39
3632	28
3633	35
3634	36
3635	25
3636	44
3637	28
3638	32
3639	33
3640	35
3641	43
3642	39
3643	43
3644	39
3645	38
3646	40
3647	33
3648	41
3649	41
3650	43
3651	33
3652	41
3653	34
3654	32
3655	56
3656	41
3657	41
3658	45
3659	24
3660	38
3661	45
3662	42
3663	38
3664	31
3665	39
3666	40
3667	40
3668	44
3669	31
3670	28
3671	45
3672	32
3673	40
3674	44
3675	36
3676	33
3677	46
3678	33
3679	48
3680	49
3681	29
3682	34
3683	35
3684	21
3685	38
3686	32
3687	42
3688	26
3689	40
3690	35
3691	33
3692	30
3693	29
3694	45
3695	30
3696	44
3697	30
3698	41
3699	33
3700	45
3701	48
3702	45
3703	31
3704	35
3705	36
3706	22
3707	32
3708	46
3709	35
3710	44
3711	36
3712	39
3713	33
3714	38
3715	31
3716	35
3717	32
3718	44
3719	41
3720	34
3721	33
3722	44
3723	36
3724	43
3725	27
3726	37
3727	36
3728	48
3729	32
3730	31
3731	27
3732	31
3733	35
3734	43
3735	25
3736	35
3737	30
3738	43
3739	29
3740	33
3741	32
3742	28
3743	34
3744	55
3745	37
3746	36
3747	45
3748	41
3749	39
3750	50
3751	38
3752	40
3753	47
3754	37
3755	35
3756	32
3757	35
3758	37
3759	27
3760	32
3761	36
3762	32
3763	34
3764	41
3765	41
3766	38
3767	37
3768	44
3769	42
3770	48
3771	31
3772	39
3773	38
3774	25
3775	24
3776	30
3777	31
3778	40
3779	36
3780	34
3781	37
3782	35
3783	39
3784	32
3785	31
3786	33
3787	38
3788	33
3789	31
3790	37
3791	42
3792	42
3793	32
3794	35
3795	30
3796	31
3797	37
3798	36
3799	40
3800	45
3801	36
3802	34
3803	39
3804	40
3805	28
3806	40
3807	23
3808	39
3809	34
3810	35
3811	35
3812	42
3813	31
3814	46
3815	41
3816	32
3817	35
3818	38
3819	44
3820	38
3821	37
3822	40
3823	41
3824	42
3825	43
3826	38
3827	28
3828	42
3829	35
3830	35
3831	43
3832	34
3833	46
3834	40
3835	32
3836	43
3837	39
3838	37
3839	31
3840	46
3841	36
3842	32
3843	39
3844	30
3845	48
3846	33
3847	34
3848	33
3849	48
3850	32
3851	43
3852	34
3853	38
3854	28
3855	29
3856	36
3857	48
3858	39
3859	36
3860	50
3861	44
3862	34
3863	33
3864	35
3865	52
3866	38
3867	50
3868	45
3869	31
3870	44
3871	25
3872	42
3873	39
3874	52
3875	35
3876	42
3877	47
3878	36
3879	36
3880	29
3881	42
3882	43
3883	38
3884	45
3885	45
3886	38
3887	42
3888	30
3889	34
3890	37
3891	44
3892	41
3893	49
3894	28
3895	40
3896	38
3897	42
3898	41
3899	37
3900	47
3901	29
3902	39
3903	45
3904	40
3905	44
3906	39
3907	45
3908	29
3909	37
3910	40
3911	35
3912	36
3913	35
3914	33
3915	35
3916	37
3917	38
3918	39
3919	47
3920	40
3921	25
3922	27
3923	36
3924	29
3925	39
3926	46
3927	33
3928	46
3929	38
3930	37
3931	40
3932	36
3933	51
3934	50
3935	41
3936	33
3937	37
3938	35
3939	45
3940	39
3941	50
3942	41
3943	31
3944	44
3945	46
3946	39
3947	55
3948	44
3949	31
3950	39
3951	31
3952	35
3953	31
3954	36
3955	36
3956	40
3957	48
3958	40
3959	36
3960	34
3961	38
3962	43
3963	42
3964	54
3965	45
3966	29
3967	40
3968	35
3969	42
3970	49
3971	55
3972	56
3973	37
3974	39
3975	37
3976	26
3977	46
3978	41
3979	34
3980	48
3981	56
3982	32
3983	35
3984	42
3985	40
3986	39
3987	46
3988	36
3989	37
3990	34
3991	50
3992	36
3993	35
3994	46
3995	46
3996	42
3997	33
3998	38
3999	55
4000	42
4001	35
4002	41
4003	46
4004	42
4005	46
4006	45
4007	38
4008	31
4009	41
4010	50
4011	37
4012	38
4013	47
4014	40
4015	39
4016	43
4017	42
4018	45
4019	43
4020	45
4021	40
4022	37
4023	45
4024	32
4025	54
4026	36
4027	39
4028	44
4029	43
4030	43
4031	46
4032	40
4033	46
4034	32
4035	35
4036	40
4037	37
4038	32
4039	37
4040	38
4041	43
4042	43
4043	41
4044	49
4045	33
4046	45
4047	42
4048	40
4049	42
4050	47
4051	34
4052	50
4053	48
4054	45
4055	46
4056	47
4057	33
4058	35
4059	46
4060	56
4061	36
4062	37
4063	48
4064	39
4065	33
4066	44
4067	39
4068	41
4069	44
4070	42
4071	49
4072	40
4073	47
4074	45
4075	51
4076	52
4077	42
4078	24
4079	40
4080	42
4081	57
4082	34
4083	39
4084	55
4085	47
4086	42
4087	45
4088	51
4089	49
4090	46
4091	28
4092	42
4093	42
4094	40
4095	52
4096	35
4097	32
4098	44
4099	35
4100	51
4101	53
4102	41
4103	44
4104	50
4105	64
4106	51
4107	36
4108	42
4109	51
4110	35
4111	27
4112	32
4113	41
4114	37
4115	46
4116	51
4117	55
4118	43
4119	46
4120	51
4121	42
4122	58
4123	44
4124	42
4125	45
4126	39
4127	35
4128	22
4129	41
4130	43
4131	58
4132	52
4133	57
4134	36
4135	45
4136	39
4137	41
4138	49
4139	52
4140	41
4141	38
4142	36
4143	37
4144	34
4145	41
4146	47
4147	50
4148	44
4149	25
4150	49
4151	40
4152	36
4153	40
4154	47
4155	41
4156	35
4157	49
4158	42
4159	40
4160	49
4161	49
4162	47
4163	37
4164	55
4165	51
4166	37
4167	30
4168	48
4169	47
4170	37
4171	43
4172	35
4173	33
4174	54
4175	40
4176	39
4177	49
4178	59
4179	42
4180	50
4181	39
4182	31
4183	45
4184	45
4185	44
4186	51
4187	39
4188	41
4189	51
4190	48
4191	53
4192	40
4193	45
4194	34
4195	42
4196	38
4197	36
4198	47
4199	35
4200	47
4201	46
4202	46
4203	47
4204	47
4205	36
4206	42
4207	55
4208	37
4209	45
4210	47
4211	34
4212	41
4213	46
4214	39
4215	49
4216	32
4217	36
4218	28
4219	40
4220	46
4221	45
4222	46
4223	45
4224	51
4225	45
4226	51
4227	45
4228	46
4229	49
4230	49
4231	35
4232	39
4233	53
4234	26
4235	49
4236	36
4237	33
4238	40
4239	50
4240	37
4241	45
4242	40
4243	39
4244	41
4245	49
4246	38
4247	36
4248	38
4249	35
4250	43
4251	38
4252	49
4253	47
4254	42
4255	39
4256	41
4257	40
4258	42
4259	40
4260	49
4261	34
4262	33
4263	49
4264	41
4265	46
4266	40
4267	38
4268	46
4269	39
4270	38
4271	38
4272	48
4273	38
4274	48
4275	45
4276	45
4277	48
4278	39
4279	42
4280	38
4281	31
4282	52
4283	39
4284	35
4285	32
4286	37
4287	44
4288	34
4289	47
4290	37
4291	49
4292	45
4293	36
4294	50
4295	37
4296	42
4297	41
4298	39
4299	44
4300	33
4301	30
4302	29
4303	42
4304	40
4305	31
4306	19
4307	42
4308	38
4309	43
4310	40
4311	40
4312	43
4313	42
4314	36
4315	33
4316	44
4317	46
4318	40
4319	43
4320	46
4321	23
4322	40
4323	36
4324	37
4325	47
4326	42
4327	35
4328	34
4329	41
4330	32
4331	39
4332	46
4333	43
4334	45
4335	36
4336	36
4337	47
4338	42
4339	40
4340	37
4341	30
4342	35
4343	45
4344	45
4345	44
4346	37
4347	32
4348	44
4349	37
4350	37
4351	42
4352	38
4353	41
4354	40
4355	33
4356	31
4357	50
4358	42
4359	41
4360	46
4361	32
4362	33
4363	34
4364	38
4365	31
4366	52
4367	30
4368	41
4369	30
4370	33
4371	39
4372	41
4373	42
4374	40
4375	41
4376	40
4377	35
4378	35
4379	34
4380	29
4381	46
4382	31
4383	41
4384	36
4385	39
4386	33
4387	37
4388	44
4389	35
4390	33
4391	43
4392	30
4393	33
4394	31
4395	44
4396	38
4397	39
4398	32
4399	44
4400	40
4401	43
4402	34
4403	43
4404	39
4405	28
4406	33
4407	31
4408	27
4409	35
4410	28
4411	32
4412	40
4413	30
4414	28
4415	34
4416	47
4417	35
4418	36
4419	42
4420	32
4421	35
4422	34
4423	41
4424	39
4425	34
4426	32
4427	38
4428	32
4429	28
4430	24
4431	30
4432	36
4433	27
4434	39
4435	40
4436	39
4437	35
4438	31
4439	36
4440	29
4441	38
4442	31
4443	33
4444	37
4445	42
4446	31
4447	32
4448	38
4449	44
4450	27
4451	43
4452	37
4453	31
4454	28
4455	31
4456	27
4457	41
4458	23
4459	32
4460	30
4461	39
4462	35
4463	28
4464	37
4465	35
4466	32
4467	39
4468	35
4469	40
4470	40
4471	41
4472	25
4473	33
4474	35
4475	42
4476	35
4477	41
4478	43
4479	42
4480	27
4481	34
4482	41
4483	37
4484	32
4485	37
4486	28
4487	39
4488	42
4489	29
4490	25
4491	28
4492	28
4493	40
4494	38
4495	31
4496	36
4497	28
4498	41
4499	32
4500	31
4501	27
4502	44
4503	33
4504	34
4505	35
4506	38
4507	22
4508	33
4509	38
4510	34
4511	33
4512	34
4513	44
4514	24
4515	30
4516	33
4517	41
4518	35
4519	28
4520	24
4521	34
4522	23
4523	39
4524	41
4525	30
4526	32
4527	25
4528	30
4529	37
4530	20
4531	31
4532	36
4533	40
4534	37
4535	39
4536	34
4537	42
4538	38
4539	32
4540	28
4541	30
4542	35
4543	26
4544	36
4545	28
4546	31
4547	39
4548	28
4549	23
4550	36
4551	33
4552	41
4553	33
4554	31
4555	28
4556	37
4557	30
4558	28
4559	27
4560	26
4561	23
4562	31
4563	40
4564	31
4565	36
4566	37
4567	27
4568	38
4569	32
4570	30
4571	37
4572	34
4573	26
4574	26
4575	36
4576	37
4577	31
4578	31
4579	29
4580	28
4581	34
4582	28
4583	30
4584	28
4585	22
4586	29
4587	39
4588	27
4589	25
4590	28
4591	18
4592	24
4593	34
4594	30
4595	38
4596	32
4597	31
4598	28
4599	20
4600	28
4601	29
4602	35
4603	24
4604	40
4605	26
4606	34
4607	37
4608	45
4609	34
4610	24
4611	21
4612	36
4613	30
4614	33
4615	18
4616	30
4617	24
4618	24
4619	27
4620	26
4621	37
4622	22
4623	23
4624	26
4625	32
4626	26
4627	29
4628	30
4629	28
4630	29
4631	19
4632	29
4633	28
4634	28
4635	32
4636	22
4637	31
4638	37
4639	27
4640	38
4641	33
4642	24
4643	28
4644	28
4645	30
4646	37
4647	26
4648	36
4649	23
4650	35
4651	28
4652	23
4653	22
4654	26
4655	28
4656	33
4657	32
4658	35
4659	23
4660	25
4661	22
4662	23
4663	24
4664	30
4665	20
4666	24
4667	24
4668	27
4669	31
4670	23
4671	31
4672	33
4673	30
4674	34
4675	28
4676	25
4677	26
4678	20
4679	34
4680	30
4681	23
4682	29
4683	23
4684	25
4685	27
4686	26
4687	31
4688	30
4689	26
4690	25
4691	24
4692	25
4693	29
4694	36
4695	25
4696	26
4697	22
4698	19
4699	30
4700	27
4701	30
4702	26
4703	28
4704	20
4705	22
4706	23
4707	24
4708	24
4709	29
4710	18
4711	23
4712	31
4713	22
4714	26
4715	25
4716	24
4717	18
4718	24
4719	22
4720	27
4721	24
4722	25
4723	23
4724	28
4725	19
4726	21
4727	25
4728	18
4729	38
4730	23
4731	29
4732	35
4733	24
4734	24
4735	25
4736	18
4737	19
4738	24
4739	20
4740	24
4741	20
4742	13
4743	26
4744	23
4745	33
4746	30
4747	24
4748	25
4749	30
4750	22
4751	30
4752	24
4753	20
4754	28
4755	26
4756	22
4757	23
4758	20
4759	20
4760	24
4761	23
4762	24
4763	29
4764	27
4765	22
4766	23
4767	23
4768	26
4769	30
4770	23
4771	30
4772	20
4773	22
4774	20
4775	27
4776	26
4777	21
4778	15
4779	25
4780	27
4781	16
4782	25
4783	33
4784	33
4785	23
4786	21
4787	23
4788	26
4789	33
4790	23
4791	22
4792	20
4793	25
4794	30
4795	20
4796	26
4797	22
4798	22
4799	9
4800	31
4801	22
4802	29
4803	32
4804	32
4805	16
4806	30
4807	18
4808	22
4809	18
4810	27
4811	26
4812	32
4813	27
4814	18
4815	18
4816	29
4817	15
4818	23
4819	25
4820	30
4821	32
4822	31
4823	26
4824	22
4825	24
4826	24
4827	21
4828	29
4829	16
4830	18
4831	19
4832	26
4833	27
4834	17
4835	21
4836	19
4837	22
4838	15
4839	19
4840	25
4841	21
4842	23
4843	25
4844	21
4845	29
4846	21
4847	24
4848	20
4849	17
4850	17
4851	28
4852	29
4853	26
4854	27
4855	23
4856	18
4857	21
4858	25
4859	20
4860	25
4861	25
4862	17
4863	16
4864	18
4865	17
4866	22
4867	28
4868	34
4869	22
4870	14
4871	21
4872	18
4873	15
4874	23
4875	19
4876	14
4877	17
4878	17
4879	28
4880	22
4881	21
4882	21
4883	23
4884	25
4885	27
4886	15
4887	23
4888	22
4889	24
4890	30
4891	18
4892	24
4893	15
4894	21
4895	17
4896	23
4897	19
4898	28
4899	25
4900	19
4901	18
4902	19
4903	34
4904	20
4905	10
4906	26
4907	21
4908	20
4909	14
4910	22
4911	25
4912	25
4913	23
4914	21
4915	17
4916	24
4917	21
4918	24
4919	16
4920	17
4921	19
4922	14
4923	28
4924	26
4925	27
4926	17
4927	23
4928	24
4929	14
4930	34
4931	20
4932	17
4933	14
4934	24
4935	18
4936	33
4937	20
4938	17
4939	24
4940	12
4941	18
4942	23
4943	29
4944	23
4945	17
4946	26
4947	17
4948	17
4949	26
4950	17
4951	20
4952	27
4953	15
4954	15
4955	17
4956	27
4957	24
4958	20
4959	21
4960	15
4961	26
4962	17
4963	19
4964	14
4965	18
4966	20
4967	13
4968	10
4969	10
4970	20
4971	9
4972	18
4973	25
4974	18
4975	17
4976	20
4977	16
4978	28
4979	13
4980	23
4981	25
4982	15
4983	22
4984	22
4985	12
4986	16
4987	21
4988	25
4989	25
4990	17
4991	19
4992	24
4993	29
4994	18
4995	18
4996	22
4997	18
4998	18
4999	19
5000	13
5001	13
5002	15
5003	27
5004	15
5005	16
5006	16
5007	18
5008	21
5009	16
5010	21
5011	19
5012	19
5013	15
5014	19
5015	10
5016	17
5017	17
5018	30
5019	22
5020	13
5021	26
5022	17
5023	11
5024	14
5025	15
5026	17
5027	16
5028	15
5029	15
5030	19
5031	16
5032	22
5033	24
5034	15
5035	16
5036	19
5037	18
5038	18
5039	15
5040	18
5041	17
5042	12
5043	21
5044	17
5045	24
5046	27
5047	21
5048	17
5049	21
5050	16
5051	20
5052	13
5053	16
5054	18
5055	18
5056	18
5057	14
5058	13
5059	19
5060	16
5061	22
5062	18
5063	19
5064	23
5065	18
5066	19
5067	17
5068	16
5069	25
5070	14
5071	12
5072	15
5073	16
5074	31
5075	15
5076	16
5077	13
5078	20
5079	20
5080	18
5081	19
5082	22
5083	15
5084	18
5085	22
5086	16
5087	19
5088	23
5089	19
5090	14
5091	21
5092	14
5093	16
5094	16
5095	17
5096	12
5097	15
5098	25
5099	20
5100	18
5101	17
5102	18
5103	23
5104	12
5105	15
5106	12
5107	19
5108	21
5109	22
5110	17
5111	24
5112	16
5113	20
5114	22
5115	15
5116	18
5117	11
5118	12
5119	26
5120	15
5121	13
5122	16
5123	22
5124	17
5125	18
5126	21
5127	12
5128	12
5129	16
5130	14
5131	19
5132	13
5133	19
5134	16
5135	18
5136	20
5137	21
5138	25
5139	15
5140	13
5141	9
5142	14
5143	16
5144	21
5145	11
5146	15
5147	14
5148	15
5149	18
5150	18
5151	25
5152	17
5153	23
5154	20
5155	16
5156	23
5157	18
5158	19
5159	22
5160	16
5161	17
5162	10
5163	18
5164	16
5165	25
5166	14
5167	10
5168	20
5169	18
5170	18
5171	15
5172	13
5173	14
5174	15
5175	12
5176	18
5177	15
5178	15
5179	10
5180	17
5181	17
5182	11
5183	21
5184	15
5185	21
5186	7
5187	12
5188	10
5189	19
5190	15
5191	27
5192	11
5193	20
5194	19
5195	18
5196	19
5197	10
5198	12
5199	21
5200	27
5201	13
5202	20
5203	17
5204	17
5205	13
5206	14
5207	18
5208	10
5209	11
5210	15
5211	16
5212	19
5213	22
5214	15
5215	21
5216	17
5217	10
5218	12
5219	14
5220	18
5221	21
5222	9
5223	12
5224	15
5225	16
5226	13
5227	18
5228	14
5229	9
5230	14
5231	26
5232	16
5233	12
5234	19
5235	17
5236	23
5237	15
5238	16
5239	13
5240	8
5241	9
5242	19
5243	18
5244	16
5245	11
5246	18
5247	13
5248	13
5249	13
5250	18
5251	12
5252	14
5253	11
5254	12
5255	12
5256	9
5257	22
5258	15
5259	17
5260	18
5261	17
5262	11
5263	17
5264	16
5265	17
5266	13
5267	11
5268	19
5269	17
5270	13
5271	16
5272	12
5273	16
5274	13
5275	12
5276	14
5277	17
5278	16
5279	9
5280	13
5281	9
5282	13
5283	21
5284	19
5285	13
5286	13
5287	14
5288	7
5289	18
5290	16
5291	10
5292	14
5293	10
5294	22
5295	11
5296	13
5297	17
5298	18
5299	17
5300	13
5301	16
5302	15
5303	20
5304	13
5305	8
5306	17
5307	15
5308	14
5309	13
5310	14
5311	16
5312	15
5313	12
5314	13
5315	12
5316	14
5317	9
5318	19
5319	18
5320	16
5321	14
5322	15
5323	6
5324	15
5325	15
5326	12
5327	19
5328	13
5329	15
5330	20
5331	12
5332	16
5333	11
5334	9
5335	16
5336	20
5337	8
5338	20
5339	9
5340	20
5341	12
5342	11
5343	8
5344	12
5345	15
5346	14
5347	19
5348	11
5349	8
5350	14
5351	16
5352	11
5353	8
5354	15
5355	13
5356	16
5357	12
5358	22
5359	17
5360	17
5361	17
5362	15
5363	12
5364	16
5365	17
5366	13
5367	14
5368	15
5369	15
5370	10
5371	12
5372	15
5373	14
5374	15
5375	10
5376	17
5377	15
5378	6
5379	14
5380	12
5381	8
5382	12
5383	9
5384	19
5385	8
5386	12
5387	17
5388	11
5389	14
5390	12
5391	11
5392	13
5393	6
5394	9
5395	14
5396	13
5397	11
5398	12
5399	10
5400	10
5401	10
5402	13
5403	8
5404	13
5405	11
5406	16
5407	14
5408	14
5409	13
5410	16
5411	15
5412	16
5413	22
5414	17
5415	11
5416	13
5417	10
5418	16
5419	14
5420	12
5421	9
5422	11
5423	10
5424	6
5425	9
5426	13
5427	15
5428	11
5429	11
5430	9
5431	12
5432	8
5433	18
5434	12
5435	9
5436	15
5437	11
5438	14
5439	11
5440	13
5441	10
5442	17
5443	12
5444	10
5445	11
5446	14
5447	12
5448	13
5449	9
5450	9
5451	16
5452	9
5453	13
5454	19
5455	11
5456	9
5457	13
5458	19
5459	12
5460	14
5461	11
5462	6
5463	18
5464	11
5465	12
5466	7
5467	24
5468	14
5469	11
5470	11
5471	13
5472	12
5473	15
5474	8
5475	11
5476	14
5477	16
5478	14
5479	11
5480	11
5481	17
5482	6
5483	11
5484	15
5485	9
5486	13
5487	12
5488	11
5489	15
5490	14
5491	12
5492	10
5493	14
5494	13
5495	8
5496	13
5497	13
5498	12
5499	13
5500	8
5501	14
5502	13
5503	15
5504	15
5505	12
5506	14
5507	12
5508	12
5509	12
5510	10
5511	12
5512	15
5513	12
5514	11
5515	10
5516	8
5517	11
5518	7
5519	8
5520	11
5521	17
5522	8
5523	14
5524	14
5525	12
5526	12
5527	12
5528	12
5529	16
5530	17
5531	16
5532	12
5533	7
5534	13
5535	15
5536	18
5537	12
5538	13
5539	13
5540	8
5541	10
5542	19
5543	11
5544	19
5545	10
5546	14
5547	13
5548	10
5549	19
5550	8
5551	10
5552	10
5553	7
5554	18
5555	11
5556	6
5557	15
5558	14
5559	7
5560	17
5561	16
5562	13
5563	10
5564	15
5565	19
5566	13
5567	13
5568	18
5569	12
5570	22
5571	9
5572	15
5573	18
5574	18
5575	11
5576	11
5577	11
5578	10
5579	11
5580	6
5581	14
5582	7
5583	13
5584	20
5585	10
5586	13
5587	13
5588	8
5589	10
5590	13
5591	12
5592	9
5593	10
5594	20
5595	10
5596	11
5597	15
5598	17
5599	9
5600	5
5601	10
5602	11
5603	13
5604	8
5605	9
5606	9
5607	11
5608	12
5609	18
5610	10
5611	4
5612	12
5613	8
5614	13
5615	13
5616	16
5617	7
5618	12
5619	11
5620	12
5621	12
5622	11
5623	10
5624	12
5625	11
5626	10
5627	11
5628	7
5629	8
5630	4
5631	14
5632	10
5633	11
5634	13
5635	12
5636	9
5637	14
5638	11
5639	11
5640	11
5641	15
5642	16
5643	13
5644	7
5645	9
5646	7
5647	13
5648	13
5649	4
5650	12
5651	7
5652	11
5653	15
5654	15
5655	13
5656	7
5657	14
5658	16
5659	9
5660	13
5661	12
5662	11
5663	14
5664	7
5665	14
5666	15
5667	18
5668	16
5669	15
5670	13
5671	17
5672	10
5673	10
5674	14
5675	16
5676	12
5677	10
5678	8
5679	13
5680	16
5681	13
5682	12
5683	9
5684	12
5685	15
5686	13
5687	10
5688	9
5689	16
5690	12
5691	15
5692	17
5693	16
5694	13
5695	11
5696	5
5697	7
5698	5
5699	11
5700	14
5701	10
5702	6
5703	6
5704	6
5705	8
5706	4
5707	8
5708	6
5709	10
5710	17
5711	17
5712	13
5713	12
5714	12
5715	6
5716	10
5717	17
5718	7
5719	15
5720	7
5721	8
5722	7
5723	11
5724	7
5725	11
5726	11
5727	14
5728	7
5729	11
5730	14
5731	19
5732	8
5733	12
5734	11
5735	6
5736	10
5737	14
5738	12
5739	7
5740	13
5741	13
5742	8
5743	20
5744	9
5745	16
5746	10
5747	5
5748	16
5749	17
5750	10
5751	15
5752	13
5753	16
5754	17
5755	16
5756	18
5757	8
5758	10
5759	14
5760	13
5761	12
5762	9
5763	12
5764	6
5765	10
5766	6
5767	14
5768	16
5769	6
5770	11
5771	6
5772	9
5773	10
5774	14
5775	11
5776	9
5777	7
5778	8
5779	12
5780	10
5781	14
5782	11
5783	3
5784	9
5785	2
5786	10
5787	8
5788	18
5789	6
5790	7
5791	13
5792	5
5793	11
5794	14
5795	10
5796	10
5797	8
5798	12
5799	4
5800	15
5801	11
5802	12
5803	7
5804	10
5805	12
5806	12
5807	9
5808	9
5809	10
5810	9
5811	10
5812	7
5813	13
5814	8
5815	12
5816	13
5817	9
5818	9
5819	11
5820	8
5821	13
5822	9
5823	10
5824	9
5825	15
5826	7
5827	11
5828	15
5829	13
5830	10
5831	9
5832	6
5833	21
5834	13
5835	4
5836	10
5837	15
5838	8
5839	8
5840	11
5841	11
5842	5
5843	12
5844	11
5845	8
5846	8
5847	13
5848	12
5849	15
5850	15
5851	7
5852	8
5853	8
5854	16
5855	14
5856	7
5857	12
5858	9
5859	11
5860	3
5861	12
5862	5
5863	9
5864	8
5865	8
5866	9
5867	7
5868	13
5869	12
5870	13
5871	10
5872	12
5873	11
5874	7
5875	11
5876	13
5877	16
5878	9
5879	14
5880	11
5881	7
5882	8
5883	13
5884	11
5885	9
5886	8
5887	13
5888	5
5889	8
5890	7
5891	14
5892	13
5893	14
5894	10
5895	10
5896	10
5897	10
5898	6
5899	8
5900	16
5901	12
5902	12
5903	4
5904	3
5905	14
5906	9
5907	10
5908	8
5909	15
5910	12
5911	10
5912	9
5913	6
5914	8
5915	8
5916	12
5917	10
5918	10
5919	7
5920	7
5921	8
5922	6
5923	9
5924	12
5925	12
5926	8
5927	15
5928	10
5929	5
5930	12
5931	8
5932	9
5933	14
5934	15
5935	13
5936	12
5937	10
5938	8
5939	12
5940	11
5941	19
5942	7
5943	12
5944	11
5945	7
5946	13
5947	15
5948	4
5949	6
5950	10
5951	11
5952	14
5953	14
5954	13
5955	8
5956	12
5957	12
5958	15
5959	9
5960	5
5961	12
5962	11
5963	8
5964	12
5965	11
5966	9
5967	9
5968	7
5969	15
5970	12
5971	9
5972	7
5973	13
5974	10
5975	12
5976	9
5977	12
5978	5
5979	6
5980	15
5981	8
5982	17
5983	8
5984	9
5985	8
5986	10
5987	5
5988	12
5989	12
5990	12
5991	12
5992	8
5993	13
5994	6
5995	6
5996	9
5997	11
5998	8
5999	8
6000	7
6001	14
6002	16
6003	7
6004	12
6005	9
6006	8
6007	8
6008	5
6009	13
6010	6
6011	16
6012	8
6013	12
6014	12
6015	11
6016	12
6017	11
6018	12
6019	7
6020	5
6021	15
6022	9
6023	5
6024	14
6025	13
6026	10
6027	9
6028	12
6029	9
6030	8
6031	9
6032	13
6033	7
6034	9
6035	11
6036	8
6037	14
6038	11
6039	9
6040	7
6041	9
6042	14
6043	6
6044	9
6045	9
6046	10
6047	11
6048	14
6049	10
6050	12
6051	8
6052	10
6053	11
6054	9
6055	10
6056	4
6057	9
6058	8
6059	13
6060	9
6061	8
6062	9
6063	7
6064	5
6065	13
6066	9
6067	12
6068	18
6069	5
6070	10
6071	6
6072	8
6073	9
6074	4
6075	11
6076	9
6077	8
6078	9
6079	16
6080	11
6081	10
6082	15
6083	12
6084	6
6085	7
6086	18
6087	14
6088	10
6089	7
6090	15
6091	7
6092	14
6093	14
6094	8
6095	14
6096	7
6097	9
6098	9
6099	9
6100	10
6101	8
6102	13
6103	9
6104	11
6105	12
6106	9
6107	11
6108	9
6109	9
6110	8
6111	10
6112	9
6113	13
6114	10
6115	8
6116	12
6117	13
6118	12
6119	8
6120	11
6121	12
6122	5
6123	9
6124	8
6125	11
6126	12
6127	5
6128	7
6129	6
6130	10
6131	15
6132	6
6133	11
6134	6
6135	10
6136	13
6137	9
6138	17
6139	9
6140	13
6141	13
6142	13
6143	5
6144	5
6145	11
6146	4
6147	9
6148	13
6149	16
6150	3
6151	10
6152	11
6153	6
6154	7
6155	12
6156	11
6157	7
6158	7
6159	6
6160	11
6161	8
6162	7
6163	13
6164	14
6165	12
6166	9
6167	12
6168	10
6169	8
6170	7
6171	12
6172	10
6173	8
6174	12
6175	12
6176	13
6177	17
6178	7
6179	15
6180	12
6181	10
6182	10
6183	8
6184	10
6185	9
6186	13
6187	7
6188	10
6189	12
6190	6
6191	14
6192	13
6193	11
6194	8
6195	8
6196	12
6197	11
6198	16
6199	10
6200	6
6201	13
6202	13
6203	8
6204	10
6205	8
6206	11
6207	13
6208	6
6209	7
6210	13
6211	14
6212	10
6213	9
6214	17
6215	7
6216	22
6217	12
6218	8
6219	12
6220	11
6221	4
6222	9
6223	11
6224	8
6225	12
6226	6
6227	10
6228	8
6229	9
6230	12
6231	13
6232	13
6233	13
6234	10
6235	14
6236	12
6237	18
6238	13
6239	9
6240	14
6241	14
6242	7
6243	14
6244	8
6245	10
6246	16
6247	13
6248	13
6249	6
6250	15
6251	13
6252	7
6253	11
6254	9
6255	6
6256	12
6257	6
6258	8
6259	13
6260	9
6261	10
6262	13
6263	16
6264	10
6265	11
6266	7
6267	12
6268	12
6269	16
6270	11
6271	11
6272	9
6273	15
6274	11
6275	5
6276	12
6277	10
6278	17
6279	7
6280	13
6281	9
6282	14
6283	12
6284	10
6285	9
6286	8
6287	10
6288	12
6289	4
6290	8
6291	15
6292	8
6293	8
6294	11
6295	7
6296	7
6297	11
6298	5
6299	9
6300	16
6301	9
6302	10
6303	9
6304	10
6305	9
6306	9
6307	12
6308	13
6309	17
6310	11
6311	8
6312	8
6313	16
6314	12
6315	21
6316	16
6317	15
6318	16
6319	15
6320	8
6321	4
6322	8
6323	11
6324	13
6325	14
6326	11
6327	9
6328	8
6329	7
6330	9
6331	13
6332	10
6333	11
6334	14
6335	8
6336	12
6337	10
6338	8
6339	14
6340	11
6341	16
6342	12
6343	12
6344	10
6345	11
6346	10
6347	9
6348	9
6349	14
6350	9
6351	10
6352	12
6353	22
6354	15
6355	10
6356	11
6357	14
6358	13
6359	14
6360	15
6361	12
6362	11
6363	13
6364	10
6365	13
6366	8
6367	13
6368	7
6369	10
6370	10
6371	15
6372	21
6373	10
6374	13
6375	15
6376	11
6377	17
6378	10
6379	12
6380	7
6381	12
6382	8
6383	9
6384	16
6385	13
6386	10
6387	10
6388	8
6389	8
6390	15
6391	13
6392	12
6393	11
6394	6
6395	15
6396	16
6397	15
6398	13
6399	7
6400	11
6401	21
6402	16
6403	18
6404	13
6405	14
6406	9
6407	15
6408	10
6409	17
6410	13
6411	8
6412	11
6413	6
6414	16
6415	17
6416	13
6417	17
6418	6
6419	9
6420	14
6421	11
6422	18
6423	19
6424	12
6425	12
6426	20
6427	7
6428	12
6429	14
6430	9
6431	11
6432	16
6433	18
6434	18
6435	12
6436	21
6437	12
6438	15
6439	13
6440	15
6441	19
6442	12
6443	15
6444	15
6445	17
6446	19
6447	16
6448	12
6449	10
6450	11
6451	12
6452	12
6453	15
6454	14
6455	16
6456	10
6457	19
6458	14
6459	9
6460	10
6461	13
6462	13
6463	12
6464	6
6465	15
6466	12
6467	21
6468	18
6469	15
6470	18
6471	11
6472	17
6473	13
6474	13
6475	7
6476	19
6477	13
6478	21
6479	13
6480	15
6481	14
6482	12
6483	11
6484	8
6485	14
6486	13
6487	11
6488	18
6489	9
6490	14
6491	10
6492	14
6493	10
6494	17
6495	15
6496	14
6497	12
6498	10
6499	9
6500	22
6501	16
6502	15
6503	9
6504	13
6505	17
6506	11
6507	18
6508	14
6509	16
6510	10
6511	7
6512	14
6513	16
6514	15
6515	16
6516	20
6517	13
6518	10
6519	19
6520	13
6521	16
6522	9
6523	18
6524	12
6525	11
6526	17
6527	14
6528	15
6529	6
6530	22
6531	12
6532	8
6533	14
6534	20
6535	9
6536	13
6537	15
6538	20
6539	17
6540	10
6541	12
6542	17
6543	20
6544	16
6545	14
6546	15
6547	20
6548	20
6549	16
6550	14
6551	11
6552	9
6553	16
6554	17
6555	14
6556	14
6557	18
6558	15
6559	20
6560	18
6561	22
6562	16
6563	19
6564	15
6565	16
6566	22
6567	18
6568	13
6569	14
6570	18
6571	12
6572	19
6573	23
6574	17
6575	12
6576	13
6577	18
6578	21
6579	16
6580	17
6581	22
6582	14
6583	19
6584	17
6585	9
6586	11
6587	23
6588	18
6589	21
6590	19
6591	17
6592	18
6593	14
6594	18
6595	15
6596	18
6597	12
6598	16
6599	23
6600	27
6601	17
6602	13
6603	13
6604	8
6605	18
6606	13
6607	19
6608	17
6609	16
6610	15
6611	15
6612	14
6613	18
6614	9
6615	11
6616	15
6617	16
6618	21
6619	14
6620	14
6621	15
6622	9
6623	19
6624	21
6625	7
6626	23
6627	11
6628	22
6629	12
6630	14
6631	17
6632	18
6633	16
6634	20
6635	17
6636	14
6637	21
6638	16
6639	25
6640	17
6641	14
6642	14
6643	15
6644	27
6645	19
6646	11
6647	22
6648	17
6649	16
6650	12
6651	17
6652	17
6653	20
6654	17
6655	16
6656	19
6657	18
6658	17
6659	15
6660	20
6661	28
6662	22
6663	17
6664	17
6665	17
6666	10
6667	18
6668	17
6669	10
6670	17
6671	15
6672	25
6673	17
6674	16
6675	12
6676	10
6677	14
6678	14
6679	16
6680	12
6681	20
6682	16
6683	14
6684	15
6685	13
6686	17
6687	18
6688	15
6689	15
6690	14
6691	17
6692	19
6693	11
6694	16
6695	20
6696	17
6697	18
6698	17
6699	18
6700	16
6701	15
6702	14
6703	21
6704	18
6705	18
6706	20
6707	21
6708	21
6709	18
6710	18
6711	13
6712	21
6713	14
6714	18
6715	15
6716	15
6717	18
6718	17
6719	13
6720	16
6721	14
6722	19
6723	15
6724	17
6725	15
6726	14
6727	22
6728	12
6729	16
6730	17
6731	18
6732	10
6733	20
6734	23
6735	25
6736	24
6737	19
6738	21
6739	7
6740	11
6741	19
6742	14
6743	18
6744	9
6745	14
6746	21
6747	17
6748	9
6749	12
6750	18
6751	10
6752	7
6753	11
6754	20
6755	17
6756	20
6757	22
6758	17
6759	16
6760	15
6761	16
6762	15
6763	9
6764	13
6765	20
6766	11
6767	17
6768	18
6769	20
6770	23
6771	13
6772	12
6773	18
6774	21
6775	17
6776	18
6777	18
6778	12
6779	13
6780	14
6781	21
6782	10
6783	14
6784	16
6785	15
6786	23
6787	15
6788	19
6789	14
6790	18
6791	20
6792	11
6793	15
6794	19
6795	12
6796	10
6797	13
6798	14
6799	21
6800	13
6801	10
6802	18
6803	11
6804	21
6805	19
6806	12
6807	12
6808	17
6809	12
6810	17
6811	13
6812	13
6813	13
6814	10
6815	14
6816	10
6817	11
6818	15
6819	15
6820	20
6821	14
6822	12
6823	15
6824	14
6825	11
6826	12
6827	12
6828	18
6829	20
6830	13
6831	12
6832	14
6833	16
6834	15
6835	18
6836	7
6837	13
6838	12
6839	15
6840	17
6841	15
6842	13
6843	15
6844	14
6845	9
6846	9
6847	10
6848	15
6849	11
6850	11
6851	17
6852	3
6853	11
6854	19
6855	9
6856	13
6857	7
6858	9
6859	8
6860	17
6861	9
6862	12
6863	11
6864	11
6865	13
6866	13
6867	10
6868	7
6869	11
6870	12
6871	11
6872	12
6873	8
6874	11
6875	9
6876	17
6877	17
6878	9
6879	11
6880	10
6881	11
6882	10
6883	8
6884	16
6885	11
6886	7
6887	16
6888	12
6889	9
6890	13
6891	8
6892	15
6893	11
6894	14
6895	15
6896	8
6897	13
6898	6
6899	13
6900	13
6901	10
6902	10
6903	11
6904	7
6905	11
6906	9
6907	14
6908	8
6909	15
6910	12
6911	9
6912	10
6913	13
6914	12
6915	9
6916	14
6917	17
6918	10
6919	10
6920	9
6921	9
6922	10
6923	14
6924	8
6925	14
6926	11
6927	6
6928	14
6929	12
6930	7
6931	8
6932	13
6933	6
6934	10
6935	7
6936	8
6937	14
6938	11
6939	8
6940	9
6941	11
6942	13
6943	6
6944	13
6945	16
6946	11
6947	7
6948	7
6949	10
6950	7
6951	0
6952	4
6953	10
6954	7
6955	7
6956	11
6957	12
6958	6
6959	5
6960	9
6961	7
6962	14
6963	10
6964	4
6965	7
6966	4
6967	8
6968	4
6969	12
6970	4
6971	8
6972	7
6973	5
6974	6
6975	4
6976	9
6977	4
6978	10
6979	5
6980	3
6981	11
6982	5
6983	6
6984	8
6985	6
6986	6
6987	6
6988	3
6989	8
6990	6
6991	5
6992	5
6993	4
6994	8
6995	6
6996	9
6997	7
6998	2
6999	8
7000	10
7001	3
7002	6
7003	6
7004	6
7005	3
7006	9
7007	5
7008	2
7009	7
7010	4
7011	5
7012	7
7013	3
7014	4
7015	6
7016	10
7017	7
7018	2
7019	5
7020	3
7021	5
7022	2
7023	5
7024	4
7025	4
7026	6
7027	3
7028	7
7029	4
7030	3
7031	1
7032	6
7033	5
7034	3
7035	3
7036	8
7037	5
7038	3
7039	4
7040	2
7041	1
7042	9
7043	6
7044	2
7045	4
7046	4
7047	9
7048	7
7049	3
7050	6
7051	7
7052	4
7053	4
7054	4
7055	3
7056	4
7057	5
7058	4
7059	3
7060	2
7061	3
7062	6
7063	0
7064	3
7065	3
7066	5
7067	3
7068	4
7069	1
7070	1
7071	6
7072	4
7073	3
7074	6
7075	3
7076	0
7077	2
7078	6
7079	5
7080	2
7081	2
7082	0
7083	3
7084	2
7085	1
7086	1
7087	3
7088	1
7089	2
7090	5
7091	4
7092	1
7093	6
7094	2
7095	2
7096	2
7097	4
7098	1
7099	3
7100	4
7101	3
7102	1
7103	0
7104	2
7105	5
7106	1
7107	3
7108	0
7109	3
7110	3
7111	2
7112	1
7113	3
7114	0
7115	3
7116	2
7117	2
7118	4
7119	2
7120	3
7121	1
7122	4
7123	1
7124	1
7125	2
7126	1
7127	1
7128	2
7129	5
7130	1
7131	2
7132	3
7133	0
7134	4
7135	0
7136	2
7137	4
7138	0
7139	4
7140	3
7141	5
7142	3
7143	3
7144	1
7145	3
7146	1
7147	1
7148	1
7149	2
7150	2
7151	2
7152	0
7153	2
7154	2
7155	6
7156	0
7157	2
7158	0
7159	3
7160	0
7161	3
7162	2
7163	2
7164	4
7165	4
7166	4
7167	2
7168	4
7169	3
7170	1
7171	1
7172	3
7173	1
7174	1
7175	1
7176	0
7177	1
7178	0
7179	2
7180	1
7181	4
7182	3
7183	2
7184	2
7185	1
7186	1
7187	0
7188	1
7189	1
7190	0
7191	1
7192	1
7193	2
7194	0
7195	0
7196	0
7197	1
7198	2
7199	0
7200	1
7201	0
7202	1
7203	0
7204	0
7205	1
7206	1
7207	1
7208	1
7209	0
7210	0
7211	1
7212	0
7213	0
7214	0
7215	1
7216	2
7217	0
7218	1
7219	1
7220	2
7221	0
7222	3
7223	2
7224	0
7225	1
7226	0
7227	1
7228	1
7229	1
7230	2
7231	0
7232	1
7233	1
7234	2
7235	1
7236	1
7237	0
7238	1
7239	0
7240	2
7241	0
7242	1
7243	0
7244	0
7245	3
7246	2
7247	1
7248	3
7249	1
7250	0
7251	2
7252	2
7253	1
7254	0
7255	4
7256	1
7257	0
7258	0
7259	1
7260	1
7261	1
7262	0
7263	0
7264	0
7265	1
7266	2
7267	1
7268	1
7269	1
7270	0
7271	0
7272	0
7273	1
7274	2
7275	1
7276	1
7277	0
7278	1
7279	0
7280	1
7281	1
7282	0
7283	3
7284	0
7285	0
7286	0
7287	2
7288	0
7289	0
7290	1
7291	1
7292	0
7293	1
7294	0
7295	1
7296	1
7297	0
7298	0
7299	0
7300	1
7301	1
7302	0
7303	1
7304	0
7305	0
7306	0
7307	2
7308	0
7309	0
7310	4
7311	0
7312	1
7313	1
7314	0
7315	1
7316	0
7317	0
7318	0
7319	2
7320	0
7321	0
7322	0
7323	0
7324	0
7325	0
7326	2
7327	0
7328	0
7329	0
7330	1
7331	1
7332	0
7333	1
7334	1
7335	1
7336	4
7337	3
7338	1
7339	0
7340	0
7341	0
7342	1
7343	0
7344	0
7345	0
7346	0
7347	1
7348	0
7349	1
7350	1
7351	0
7352	0
7353	1
7354	1
7355	1
7356	2
7357	0
7358	0
7359	1
7360	1
7361	1
7362	1
7363	0
7364	0
7365	0
7366	1
7367	0
7368	1
7369	0
7370	0
7371	1
7372	0
7373	0
7374	0
7375	0
7376	0
7377	0
7378	0
7379	0
7380	1
7381	0
7382	0
7383	3
7384	2
7385	0
7386	0
7387	1
7388	0
7389	2
7390	0
7391	2
7392	0
7393	1
7394	0
7395	0
7396	1
7397	1
7398	0
7399	1
7400	1
7401	1
7402	1
7403	1
7404	0
7405	0
7406	0
7407	1
7408	0
7409	3
7410	1
7411	0
7412	1
7413	0
7414	0
7415	0
7416	0
7417	0
7418	0
7419	1
7420	0
7421	0
7422	0
7423	1
7424	1
7425	0
7426	1
7427	0
7428	0
7429	2
7430	0
7431	0
7432	1
7433	1
7434	3
7435	1
7436	1
7437	0
7438	0
7439	1
7440	0
7441	0
7442	1
7443	1
7444	1
7445	1
7446	2
7447	1
7448	1
7449	1
7450	1
7451	0
7452	0
7453	0
7454	2
7455	0
7456	0
7457	0
7458	1
7459	1
7460	0
7461	0
7462	0
7463	0
7464	0
7465	1
7466	1
7467	2
7468	1
7469	0
7470	0
7471	0
7472	0
7473	3
7474	1
7475	0
7476	3
7477	0
7478	0
7479	0
7480	1
7481	2
7482	1
7483	0
7484	0
7485	0
7486	0
7487	0
7488	1
7489	0
7490	0
7491	0
7492	0
7493	0
7494	4
7495	1
7496	2
7497	0
7498	1
7499	0
7500	1
7501	2
7502	2
7503	0
7504	2
7505	1
7506	0
7507	4
7508	1
7509	0
7510	1
7511	0
7512	0
7513	2
7514	0
7515	2
7516	0
7517	0
7518	0
7519	1
7520	0
7521	0
7522	1
7523	1
7524	0
7525	0
7526	0
7527	0
7528	1
7529	0
7530	0
7531	0
7532	0
7533	1
7534	1
7535	0
7536	1
7537	0
7538	1
7539	0
7540	0
7541	3
7542	0
7543	0
7544	0
7545	2
7546	1
7547	1
7548	2
7549	1
7550	0
7551	0
7552	0
7553	0
7554	1
7555	0
7556	0
7557	1
7558	0
7559	0
7560	0
7561	1
7562	1
7563	0
7564	0
7565	1
7566	0
7567	0
7568	1
7569	0
7570	0
7571	0
7572	1
7573	0
7574	2
7575	0
7576	1
7577	0
7578	0
7579	1
7580	0
7581	0
7582	0
7583	0
7584	1
7585	0
7586	1
7587	1
7588	0
7589	1
7590	0
7591	0
7592	0
7593	2
7594	1
7595	1
7596	1
7597	0
7598	1
7599	1
7600	1
7601	0
7602	2
7603	0
7604	1
7605	2
7606	1
7607	0
7608	0
7609	0
7610	0
7611	2
7612	0
7613	0
7614	0
7615	1
7616	0
7617	2
7618	0
7619	0
7620	0
7621	0
7622	1
7623	0
7624	0
7625	0
7626	1
7627	1
7628	1
7629	0
7630	0
7631	1
7632	1
7633	1
7634	2
7635	0
7636	0
7637	0
7638	0
7639	0
7640	1
7641	0
7642	0
7643	0
7644	0
7645	0
7646	1
7647	2
7648	2
7649	0
7650	1
7651	0
7652	0
7653	1
7654	0
7655	0
7656	1
7657	0
7658	1
7659	0
7660	0
7661	0
7662	2
7663	0
7664	0
7665	0
7666	0
7667	0
7668	1
7669	1
7670	0
7671	2
7672	0
7673	0
7674	1
7675	1
7676	0
7677	0
7678	0
7679	0
7680	1
7681	0
7682	0
7683	1
7684	0
7685	1
7686	1
7687	0
7688	0
7689	0
7690	0
7691	0
7692	3
7693	0
7694	0
7695	0
7696	2
7697	0
7698	0
7699	0
7700	0
7701	0
7702	2
7703	1
7704	0
7705	0
7706	0
7707	0
7708	0
7709	0
7710	0
7711	0
7712	0
7713	0
7714	0
7715	0
7716	2
7717	0
7718	2
7719	1
7720	0
7721	0
7722	0
7723	0
7724	0
7725	0
7726	1
7727	0
7728	0
7729	0
7730	0
7731	1
7732	0
7733	1
7734	4
7735	0
7736	0
7737	0
7738	1
7739	0
7740	2
7741	0
7742	0
7743	1
7744	0
7745	0
7746	1
7747	0
7748	0
7749	0
7750	0
7751	0
7752	0
7753	0
7754	0
7755	1
7756	0
7757	0
7758	0
7759	0
7760	0
7761	1
7762	0
7763	0
7764	0
7765	1
7766	0
7767	0
7768	1
7769	1
7770	1
7771	2
7772	0
7773	1
7774	1
7775	0
7776	0
7777	0
7778	0
7779	1
7780	0
7781	1
7782	1
7783	1
7784	1
7785	1
7786	1
7787	0
7788	0
7789	1
7790	0
7791	0
7792	0
7793	1
7794	1
7795	0
7796	1
7797	1
7798	1
7799	1
7800	2
7801	0
7802	0
7803	0
7804	1
7805	0
7806	0
7807	0
7808	0
7809	0
7810	0
7811	1
7812	0
7813	0
7814	2
7815	0
7816	0
7817	0
7818	0
7819	1
7820	1
7821	0
7822	1
7823	0
7824	0
7825	0
7826	1
7827	0
7828	2
7829	3
7830	1
7831	0
7832	1
7833	2
7834	1
7835	0
7836	1
7837	1
7838	0
7839	1
7840	0
7841	0
7842	0
7843	2
7844	1
7845	2
7846	1
7847	1
7848	0
7849	0
7850	0
7851	1
7852	1
7853	0
7854	0
7855	1
7856	0
7857	1
7858	1
7859	0
7860	0
7861	0
7862	1
7863	0
7864	0
7865	0
7866	0
7867	1
7868	0
7869	1
7870	0
7871	2
7872	0
7873	0
7874	0
7875	0
7876	1
7877	0
7878	0
7879	2
7880	1
7881	0
7882	1
7883	1
7884	1
7885	0
7886	0
7887	0
7888	0
7889	2
7890	0
7891	0
7892	1
7893	0
7894	0
7895	0
7896	0
7897	0
7898	1
7899	0
7900	1
7901	0
7902	0
7903	0
7904	2
7905	1
7906	2
7907	0
7908	0
7909	1
7910	1
7911	2
7912	2
7913	1
7914	0
7915	0
7916	1
7917	0
7918	0
7919	3
7920	2
7921	0
7922	1
7923	1
7924	1
7925	0
7926	1
7927	1
7928	1
7929	0
7930	0
7931	2
7932	0
7933	0
7934	1
7935	2
7936	1
7937	0
7938	0
7939	1
7940	0
7941	0
7942	0
7943	1
7944	0
7945	0
7946	0
7947	0
7948	1
7949	0
7950	0
7951	0
7952	0
7953	0
7954	0
7955	1
7956	0
7957	2
7958	0
7959	1
7960	0
7961	0
7962	0
7963	0
7964	0
7965	1
7966	2
7967	0
7968	0
7969	0
7970	2
7971	0
7972	0
7973	0
7974	1
7975	1
7976	0
7977	0
7978	0
7979	0
7980	1
7981	1
7982	1
7983	1
7984	0
7985	1
7986	1
7987	0
7988	1
7989	1
7990	0
7991	0
7992	0
7993	1
7994	1
7995	1
7996	0
7997	0
7998	0
7999	0
8000	0
8001	1
8002	0
8003	0
8004	1
8005	1
8006	1
8007	0
8008	0
8009	0
8010	1
8011	0
8012	0
8013	0
8014	0
8015	1
8016	1
8017	2
8018	3
8019	0
8020	0
8021	0
8022	0
8023	0
8024	0
8025	0
8026	0
8027	0
8028	0
8029	0
8030	0
8031	0
8032	1
8033	0
8034	0
8035	1
8036	0
8037	0
8038	1
8039	0
8040	0
8041	1
8042	1
8043	0
8044	0
8045	1
8046	0
8047	0
8048	1
8049	0
8050	0
8051	0
8052	1
8053	1
8054	2
8055	0
8056	0
8057	0
8058	0
8059	0
8060	1
8061	0
8062	0
8063	0
8064	0
8065	1
8066	0
8067	0
8068	0
8069	0
8070	2
8071	1
8072	1
8073	1
8074	0
8075	1
8076	1
8077	0
8078	3
8079	1
8080	0
8081	0
8082	1
8083	0
8084	0
8085	1
8086	1
8087	1
8088	0
8089	0
8090	1
8091	0
8092	0
8093	0
8094	0
8095	0
8096	0
8097	0
8098	0
8099	0
8100	0
8101	0
8102	0
8103	0
8104	0
8105	0
8106	0
8107	0
8108	0
8109	0
8110	0
8111	0
8112	0
8113	0
8114	0
8115	0
8116	0
8117	0
8118	0
8119	0
8120	0
8121	0
8122	0
8123	0
8124	0
8125	0
8126	0
8127	0
8128	0
8129	0
8130	0
8131	0
8132	0
8133	0
8134	0
8135	0
8136	0
8137	0
8138	0
8139	0
8140	0
8141	0
8142	0
8143	0
8144	0
8145	0
8146	0
8147	0
8148	0
8149	0
8150	0
8151	0
8152	0
8153	0
8154	0
8155	0
8156	0
8157	0
8158	0
8159	0
8160	0
8161	0
8162	0
8163	0
8164	0
8165	0
8166	0
8167	0
8168	0
8169	0
8170	0
8171	0
8172	0
8173	0
8174	0
8175	0
8176	0
8177	0
8178	0
8179	0
8180	0
8181	0
8182	0
8183	0
8184	0
8185	0
8186	0
8187	0
8188	0
8189	0
8190	0
8191	0
