0	0
1	0
2	0
3	0
4	0
5	0
6	0
7	0
8	0
9	0
10	0
11	0
12	0
13	0
14	0
15	0
16	0
17	0
18	0
19	0
20	0
21	0
22	0
23	0
24	0
25	0
26	0
27	0
28	0
29	0
30	0
31	0
32	0
33	0
34	0
35	0
36	0
37	0
38	0
39	0
40	0
41	0
42	0
43	0
44	0
45	0
46	0
47	0
48	0
49	0
50	0
51	0
52	0
53	0
54	0
55	0
56	0
57	0
58	0
59	0
60	0
61	0
62	0
63	0
64	0
65	0
66	0
67	0
68	0
69	0
70	0
71	0
72	0
73	0
74	0
75	0
76	0
77	0
78	0
79	0
80	0
81	0
82	0
83	0
84	0
85	0
86	0
87	0
88	0
89	0
90	0
91	0
92	0
93	0
94	0
95	0
96	0
97	0
98	0
99	0
100	0
101	0
102	0
103	0
104	0
105	0
106	0
107	0
108	0
109	0
110	0
111	0
112	0
113	1
114	0
115	0
116	1
117	0
118	0
119	1
120	0
121	0
122	0
123	2
124	0
125	0
126	0
127	2
128	0
129	1
130	1
131	0
132	0
133	0
134	1
135	0
136	0
137	1
138	0
139	1
140	1
141	0
142	0
143	1
144	0
145	0
146	0
147	0
148	0
149	1
150	1
151	0
152	0
153	0
154	0
155	0
156	0
157	0
158	2
159	1
160	1
161	1
162	0
163	0
164	0
165	0
166	1
167	0
168	0
169	0
170	0
171	0
172	0
173	1
174	0
175	0
176	0
177	0
178	1
179	0
180	2
181	11
182	36
183	36
184	41
185	39
186	42
187	40
188	39
189	39
190	31
191	37
192	40
193	41
194	39
195	37
196	31
197	37
198	29
199	43
200	36
201	41
202	41
203	40
204	32
205	39
206	31
207	28
208	31
209	32
210	40
211	42
212	30
213	27
214	40
215	36
216	46
217	27
218	25
219	37
220	33
221	35
222	30
223	27
224	36
225	27
226	28
227	34
228	43
229	25
230	26
231	40
232	36
233	33
234	36
235	31
236	33
237	36
238	20
239	25
240	37
241	38
242	30
243	25
244	26
245	34
246	30
247	30
248	27
249	40
250	30
251	44
252	33
253	26
254	37
255	33
256	30
257	34
258	34
259	35
260	23
261	42
262	31
263	31
264	21
265	31
266	36
267	28
268	41
269	40
270	26
271	30
272	31
273	38
274	27
275	34
276	28
277	23
278	33
279	39
280	29
281	37
282	40
283	22
284	34
285	29
286	32
287	26
288	29
289	28
290	34
291	36
292	29
293	37
294	33
295	24
296	32
297	31
298	29
299	40
300	39
301	44
302	29
303	39
304	36
305	27
306	35
307	41
308	35
309	37
310	28
311	28
312	33
313	27
314	31
315	45
316	55
317	38
318	30
319	37
320	34
321	38
322	38
323	31
324	22
325	32
326	27
327	36
328	27
329	39
330	42
331	32
332	41
333	23
334	32
335	45
336	30
337	29
338	32
339	30
340	31
341	35
342	41
343	33
344	33
345	36
346	24
347	33
348	31
349	36
350	30
351	35
352	28
353	36
354	32
355	39
356	24
357	34
358	33
359	35
360	44
361	41
362	34
363	40
364	27
365	48
366	29
367	31
368	30
369	38
370	35
371	23
372	35
373	33
374	21
375	27
376	34
377	37
378	33
379	35
380	37
381	30
382	25
383	36
384	37
385	31
386	45
387	37
388	29
389	27
390	43
391	35
392	34
393	45
394	37
395	25
396	29
397	44
398	32
399	41
400	23
401	31
402	39
403	42
404	33
405	35
406	39
407	34
408	41
409	38
410	45
411	35
412	34
413	37
414	30
415	30
416	25
417	34
418	29
419	40
420	31
421	32
422	39
423	21
424	43
425	37
426	38
427	36
428	29
429	34
430	34
431	31
432	26
433	31
434	45
435	40
436	29
437	40
438	44
439	28
440	29
441	41
442	23
443	32
444	20
445	37
446	29
447	47
448	28
449	34
450	38
451	30
452	37
453	34
454	43
455	28
456	41
457	36
458	39
459	29
460	27
461	28
462	28
463	31
464	42
465	43
466	36
467	23
468	25
469	32
470	45
471	32
472	37
473	42
474	36
475	30
476	38
477	40
478	36
479	28
480	38
481	43
482	32
483	30
484	35
485	32
486	35
487	31
488	43
489	33
490	35
491	34
492	43
493	32
494	29
495	31
496	37
497	50
498	44
499	38
500	47
501	23
502	29
503	29
504	36
505	41
506	32
507	40
508	35
509	35
510	31
511	33
512	36
513	47
514	39
515	38
516	33
517	45
518	43
519	31
520	35
521	35
522	38
523	25
524	40
525	29
526	31
527	37
528	36
529	39
530	42
531	35
532	36
533	48
534	43
535	34
536	28
537	31
538	38
539	41
540	31
541	30
542	39
543	49
544	39
545	32
546	31
547	39
548	36
549	35
550	38
551	25
552	41
553	33
554	30
555	35
556	36
557	30
558	40
559	34
560	30
561	30
562	26
563	34
564	32
565	32
566	23
567	37
568	41
569	35
570	30
571	32
572	35
573	30
574	32
575	35
576	29
577	42
578	47
579	34
580	32
581	27
582	31
583	39
584	33
585	31
586	29
587	44
588	29
589	32
590	44
591	35
592	33
593	29
594	40
595	36
596	29
597	44
598	31
599	32
600	36
601	33
602	36
603	35
604	29
605	32
606	37
607	30
608	45
609	38
610	41
611	39
612	35
613	34
614	35
615	21
616	31
617	31
618	25
619	33
620	41
621	26
622	37
623	40
624	22
625	34
626	34
627	42
628	34
629	46
630	38
631	26
632	36
633	20
634	33
635	32
636	34
637	29
638	29
639	39
640	36
641	28
642	31
643	42
644	33
645	41
646	36
647	37
648	37
649	38
650	41
651	39
652	37
653	28
654	40
655	35
656	45
657	33
658	28
659	36
660	32
661	42
662	40
663	39
664	33
665	43
666	31
667	35
668	45
669	40
670	42
671	32
672	33
673	35
674	33
675	34
676	42
677	34
678	30
679	45
680	48
681	31
682	38
683	43
684	38
685	37
686	47
687	36
688	44
689	41
690	34
691	39
692	30
693	27
694	34
695	38
696	37
697	29
698	28
699	33
700	37
701	46
702	31
703	35
704	26
705	33
706	31
707	40
708	35
709	31
710	46
711	39
712	38
713	29
714	40
715	29
716	37
717	31
718	51
719	41
720	50
721	28
722	51
723	38
724	36
725	44
726	38
727	30
728	39
729	43
730	42
731	38
732	40
733	40
734	32
735	37
736	43
737	40
738	39
739	35
740	50
741	30
742	30
743	40
744	45
745	46
746	48
747	39
748	51
749	28
750	37
751	43
752	37
753	37
754	45
755	45
756	31
757	41
758	29
759	40
760	43
761	47
762	35
763	57
764	44
765	24
766	41
767	41
768	39
769	31
770	46
771	30
772	30
773	45
774	48
775	51
776	41
777	43
778	53
779	59
780	50
781	41
782	37
783	45
784	42
785	51
786	38
787	46
788	45
789	42
790	40
791	54
792	54
793	51
794	48
795	56
796	58
797	55
798	43
799	71
800	62
801	40
802	59
803	39
804	58
805	47
806	43
807	47
808	54
809	52
810	53
811	63
812	67
813	54
814	51
815	59
816	53
817	65
818	58
819	64
820	44
821	56
822	62
823	60
824	58
825	54
826	65
827	53
828	54
829	62
830	65
831	61
832	52
833	67
834	56
835	67
836	68
837	70
838	56
839	58
840	68
841	61
842	79
843	70
844	63
845	82
846	69
847	81
848	65
849	79
850	73
851	72
852	60
853	70
854	77
855	63
856	81
857	67
858	84
859	57
860	76
861	57
862	67
863	66
864	64
865	71
866	74
867	80
868	65
869	63
870	69
871	84
872	60
873	70
874	57
875	61
876	71
877	79
878	74
879	67
880	69
881	68
882	73
883	72
884	61
885	60
886	76
887	72
888	65
889	62
890	59
891	61
892	54
893	75
894	73
895	56
896	62
897	70
898	60
899	67
900	59
901	69
902	57
903	57
904	53
905	64
906	44
907	59
908	54
909	46
910	54
911	54
912	54
913	54
914	60
915	53
916	57
917	50
918	54
919	46
920	59
921	50
922	56
923	60
924	42
925	56
926	60
927	54
928	59
929	49
930	50
931	43
932	56
933	62
934	45
935	45
936	49
937	39
938	58
939	37
940	50
941	46
942	47
943	49
944	40
945	52
946	54
947	51
948	49
949	59
950	46
951	46
952	48
953	44
954	37
955	43
956	41
957	55
958	61
959	40
960	57
961	46
962	62
963	43
964	44
965	58
966	43
967	48
968	65
969	53
970	40
971	53
972	40
973	61
974	40
975	62
976	50
977	55
978	58
979	41
980	49
981	50
982	63
983	41
984	56
985	54
986	48
987	55
988	70
989	52
990	48
991	56
992	49
993	55
994	64
995	48
996	43
997	60
998	62
999	43
1000	56
1001	48
1002	45
1003	53
1004	45
1005	56
1006	67
1007	46
1008	50
1009	51
1010	42
1011	52
1012	47
1013	50
1014	47
1015	42
1016	48
1017	42
1018	51
1019	40
1020	48
1021	46
1022	50
1023	45
1024	40
1025	46
1026	60
1027	46
1028	64
1029	45
1030	46
1031	45
1032	48
1033	42
1034	33
1035	51
1036	41
1037	53
1038	33
1039	46
1040	63
1041	47
1042	41
1043	35
1044	40
1045	44
1046	47
1047	31
1048	47
1049	40
1050	48
1051	46
1052	46
1053	37
1054	50
1055	34
1056	43
1057	44
1058	51
1059	52
1060	55
1061	42
1062	39
1063	38
1064	48
1065	47
1066	54
1067	40
1068	51
1069	39
1070	55
1071	31
1072	52
1073	46
1074	42
1075	45
1076	48
1077	47
1078	47
1079	38
1080	46
1081	28
1082	58
1083	48
1084	44
1085	42
1086	40
1087	50
1088	51
1089	45
1090	43
1091	46
1092	41
1093	41
1094	39
1095	40
1096	36
1097	44
1098	50
1099	43
1100	52
1101	41
1102	54
1103	47
1104	39
1105	44
1106	47
1107	51
1108	57
1109	46
1110	40
1111	42
1112	33
1113	35
1114	39
1115	48
1116	38
1117	47
1118	41
1119	41
1120	46
1121	44
1122	43
1123	45
1124	32
1125	45
1126	39
1127	58
1128	53
1129	40
1130	45
1131	41
1132	52
1133	41
1134	47
1135	42
1136	47
1137	39
1138	49
1139	52
1140	51
1141	32
1142	47
1143	46
1144	48
1145	45
1146	52
1147	39
1148	44
1149	51
1150	53
1151	40
1152	44
1153	53
1154	47
1155	41
1156	53
1157	40
1158	55
1159	49
1160	63
1161	45
1162	60
1163	58
1164	58
1165	40
1166	53
1167	39
1168	49
1169	36
1170	43
1171	53
1172	46
1173	57
1174	49
1175	41
1176	57
1177	47
1178	57
1179	56
1180	42
1181	32
1182	50
1183	52
1184	42
1185	51
1186	50
1187	46
1188	48
1189	53
1190	36
1191	51
1192	57
1193	52
1194	40
1195	53
1196	52
1197	42
1198	55
1199	53
1200	56
1201	55
1202	52
1203	48
1204	53
1205	53
1206	61
1207	48
1208	41
1209	66
1210	41
1211	44
1212	40
1213	53
1214	59
1215	50
1216	55
1217	49
1218	54
1219	41
1220	38
1221	61
1222	41
1223	44
1224	58
1225	49
1226	62
1227	55
1228	48
1229	40
1230	49
1231	65
1232	52
1233	52
1234	61
1235	61
1236	52
1237	48
1238	60
1239	49
1240	46
1241	50
1242	54
1243	47
1244	59
1245	54
1246	41
1247	53
1248	49
1249	59
1250	60
1251	52
1252	49
1253	50
1254	47
1255	64
1256	61
1257	46
1258	56
1259	51
1260	50
1261	47
1262	66
1263	66
1264	61
1265	52
1266	55
1267	59
1268	50
1269	55
1270	43
1271	63
1272	54
1273	55
1274	59
1275	47
1276	64
1277	53
1278	50
1279	56
1280	58
1281	61
1282	57
1283	60
1284	54
1285	59
1286	39
1287	65
1288	49
1289	46
1290	68
1291	60
1292	60
1293	49
1294	57
1295	59
1296	55
1297	51
1298	50
1299	64
1300	48
1301	61
1302	55
1303	51
1304	55
1305	66
1306	65
1307	64
1308	55
1309	69
1310	51
1311	67
1312	58
1313	63
1314	58
1315	69
1316	55
1317	54
1318	49
1319	60
1320	65
1321	55
1322	71
1323	56
1324	55
1325	68
1326	53
1327	66
1328	72
1329	50
1330	60
1331	66
1332	68
1333	77
1334	68
1335	71
1336	65
1337	63
1338	60
1339	54
1340	63
1341	64
1342	59
1343	65
1344	74
1345	68
1346	68
1347	61
1348	60
1349	58
1350	66
1351	65
1352	65
1353	67
1354	56
1355	55
1356	48
1357	55
1358	61
1359	69
1360	65
1361	49
1362	60
1363	74
1364	77
1365	55
1366	60
1367	60
1368	74
1369	68
1370	64
1371	51
1372	72
1373	68
1374	58
1375	57
1376	62
1377	58
1378	62
1379	54
1380	60
1381	64
1382	74
1383	78
1384	75
1385	61
1386	60
1387	63
1388	56
1389	69
1390	68
1391	74
1392	66
1393	77
1394	70
1395	62
1396	71
1397	69
1398	53
1399	52
1400	60
1401	60
1402	64
1403	61
1404	60
1405	63
1406	54
1407	61
1408	61
1409	75
1410	71
1411	73
1412	76
1413	64
1414	49
1415	69
1416	75
1417	85
1418	62
1419	77
1420	61
1421	66
1422	72
1423	72
1424	60
1425	68
1426	69
1427	85
1428	69
1429	43
1430	52
1431	69
1432	67
1433	66
1434	56
1435	74
1436	58
1437	56
1438	76
1439	67
1440	75
1441	66
1442	75
1443	73
1444	63
1445	67
1446	64
1447	72
1448	72
1449	80
1450	67
1451	76
1452	94
1453	83
1454	80
1455	70
1456	69
1457	80
1458	81
1459	81
1460	76
1461	68
1462	63
1463	82
1464	76
1465	76
1466	67
1467	88
1468	75
1469	67
1470	63
1471	56
1472	73
1473	85
1474	75
1475	79
1476	79
1477	62
1478	79
1479	67
1480	76
1481	91
1482	84
1483	74
1484	88
1485	76
1486	68
1487	69
1488	67
1489	67
1490	98
1491	96
1492	80
1493	70
1494	76
1495	80
1496	67
1497	65
1498	77
1499	66
1500	65
1501	76
1502	73
1503	67
1504	59
1505	67
1506	78
1507	86
1508	66
1509	72
1510	73
1511	77
1512	79
1513	63
1514	83
1515	90
1516	74
1517	68
1518	84
1519	74
1520	74
1521	77
1522	68
1523	77
1524	84
1525	77
1526	80
1527	68
1528	73
1529	93
1530	74
1531	74
1532	70
1533	91
1534	77
1535	74
1536	88
1537	65
1538	78
1539	73
1540	84
1541	66
1542	74
1543	70
1544	60
1545	65
1546	75
1547	83
1548	76
1549	65
1550	62
1551	65
1552	76
1553	75
1554	69
1555	79
1556	77
1557	63
1558	68
1559	66
1560	87
1561	71
1562	89
1563	78
1564	79
1565	86
1566	77
1567	70
1568	69
1569	82
1570	75
1571	73
1572	64
1573	67
1574	86
1575	77
1576	75
1577	80
1578	92
1579	79
1580	79
1581	68
1582	73
1583	65
1584	68
1585	68
1586	67
1587	76
1588	60
1589	54
1590	72
1591	91
1592	60
1593	75
1594	72
1595	72
1596	90
1597	80
1598	79
1599	72
1600	77
1601	74
1602	70
1603	67
1604	88
1605	58
1606	76
1607	60
1608	77
1609	56
1610	87
1611	80
1612	58
1613	79
1614	65
1615	72
1616	62
1617	79
1618	76
1619	74
1620	68
1621	73
1622	72
1623	71
1624	80
1625	89
1626	79
1627	65
1628	78
1629	71
1630	67
1631	70
1632	75
1633	82
1634	75
1635	64
1636	90
1637	79
1638	62
1639	75
1640	90
1641	83
1642	78
1643	65
1644	68
1645	73
1646	89
1647	74
1648	64
1649	75
1650	88
1651	92
1652	76
1653	86
1654	75
1655	64
1656	66
1657	86
1658	71
1659	76
1660	75
1661	68
1662	66
1663	78
1664	64
1665	77
1666	69
1667	81
1668	80
1669	52
1670	68
1671	85
1672	69
1673	61
1674	73
1675	70
1676	70
1677	79
1678	64
1679	67
1680	61
1681	63
1682	64
1683	71
1684	74
1685	63
1686	80
1687	71
1688	65
1689	76
1690	65
1691	81
1692	57
1693	75
1694	86
1695	70
1696	72
1697	77
1698	71
1699	55
1700	63
1701	73
1702	74
1703	61
1704	61
1705	74
1706	63
1707	78
1708	65
1709	65
1710	63
1711	69
1712	88
1713	78
1714	59
1715	55
1716	99
1717	68
1718	63
1719	62
1720	75
1721	93
1722	71
1723	68
1724	69
1725	81
1726	71
1727	77
1728	64
1729	69
1730	75
1731	91
1732	74
1733	79
1734	84
1735	64
1736	81
1737	78
1738	70
1739	85
1740	92
1741	78
1742	62
1743	62
1744	81
1745	68
1746	74
1747	80
1748	75
1749	77
1750	66
1751	74
1752	72
1753	71
1754	74
1755	80
1756	77
1757	72
1758	79
1759	69
1760	49
1761	76
1762	66
1763	78
1764	62
1765	55
1766	82
1767	73
1768	88
1769	67
1770	64
1771	75
1772	69
1773	65
1774	86
1775	62
1776	64
1777	75
1778	84
1779	69
1780	79
1781	81
1782	75
1783	77
1784	88
1785	66
1786	72
1787	63
1788	66
1789	69
1790	81
1791	68
1792	77
1793	78
1794	61
1795	68
1796	72
1797	70
1798	71
1799	99
1800	65
1801	64
1802	69
1803	61
1804	77
1805	72
1806	80
1807	76
1808	69
1809	88
1810	84
1811	77
1812	71
1813	78
1814	67
1815	74
1816	70
1817	79
1818	74
1819	71
1820	82
1821	59
1822	77
1823	67
1824	65
1825	75
1826	62
1827	86
1828	70
1829	79
1830	78
1831	84
1832	72
1833	82
1834	73
1835	75
1836	72
1837	71
1838	93
1839	80
1840	74
1841	91
1842	83
1843	82
1844	65
1845	83
1846	77
1847	72
1848	74
1849	61
1850	58
1851	69
1852	65
1853	68
1854	73
1855	71
1856	85
1857	67
1858	68
1859	78
1860	55
1861	81
1862	65
1863	55
1864	76
1865	74
1866	74
1867	78
1868	77
1869	81
1870	93
1871	71
1872	68
1873	69
1874	72
1875	92
1876	75
1877	77
1878	70
1879	67
1880	81
1881	76
1882	69
1883	70
1884	42
1885	68
1886	82
1887	89
1888	69
1889	78
1890	72
1891	87
1892	60
1893	67
1894	68
1895	75
1896	74
1897	77
1898	58
1899	71
1900	70
1901	86
1902	71
1903	64
1904	78
1905	72
1906	72
1907	79
1908	66
1909	60
1910	74
1911	84
1912	63
1913	67
1914	85
1915	80
1916	83
1917	66
1918	64
1919	74
1920	79
1921	78
1922	75
1923	78
1924	74
1925	70
1926	67
1927	74
1928	80
1929	73
1930	71
1931	73
1932	76
1933	77
1934	76
1935	82
1936	66
1937	70
1938	61
1939	89
1940	81
1941	49
1942	71
1943	77
1944	84
1945	72
1946	70
1947	72
1948	71
1949	84
1950	80
1951	85
1952	69
1953	78
1954	96
1955	64
1956	84
1957	70
1958	58
1959	66
1960	75
1961	62
1962	67
1963	74
1964	71
1965	67
1966	77
1967	80
1968	71
1969	79
1970	88
1971	82
1972	77
1973	73
1974	72
1975	79
1976	74
1977	88
1978	71
1979	73
1980	70
1981	78
1982	79
1983	83
1984	81
1985	83
1986	69
1987	66
1988	79
1989	84
1990	77
1991	58
1992	63
1993	69
1994	85
1995	62
1996	81
1997	78
1998	71
1999	71
2000	78
2001	79
2002	63
2003	72
2004	78
2005	72
2006	72
2007	65
2008	71
2009	74
2010	82
2011	79
2012	68
2013	72
2014	78
2015	94
2016	71
2017	85
2018	87
2019	75
2020	80
2021	66
2022	69
2023	71
2024	80
2025	86
2026	77
2027	58
2028	77
2029	75
2030	59
2031	82
2032	68
2033	71
2034	72
2035	79
2036	70
2037	68
2038	77
2039	70
2040	81
2041	72
2042	90
2043	84
2044	78
2045	79
2046	84
2047	64
2048	69
2049	64
2050	93
2051	66
2052	78
2053	83
2054	79
2055	91
2056	58
2057	78
2058	72
2059	79
2060	83
2061	70
2062	75
2063	87
2064	87
2065	88
2066	82
2067	84
2068	80
2069	73
2070	86
2071	80
2072	76
2073	89
2074	91
2075	86
2076	75
2077	80
2078	89
2079	81
2080	72
2081	94
2082	67
2083	80
2084	74
2085	86
2086	71
2087	78
2088	69
2089	66
2090	65
2091	83
2092	86
2093	94
2094	81
2095	82
2096	87
2097	75
2098	78
2099	72
2100	69
2101	87
2102	72
2103	66
2104	74
2105	63
2106	87
2107	80
2108	94
2109	76
2110	71
2111	87
2112	92
2113	80
2114	81
2115	77
2116	79
2117	81
2118	67
2119	84
2120	79
2121	86
2122	77
2123	86
2124	75
2125	79
2126	68
2127	72
2128	87
2129	85
2130	86
2131	70
2132	87
2133	69
2134	85
2135	87
2136	89
2137	95
2138	67
2139	78
2140	83
2141	78
2142	67
2143	57
2144	86
2145	66
2146	64
2147	74
2148	71
2149	65
2150	71
2151	88
2152	79
2153	80
2154	78
2155	76
2156	74
2157	76
2158	84
2159	75
2160	75
2161	82
2162	77
2163	85
2164	77
2165	98
2166	90
2167	77
2168	78
2169	81
2170	82
2171	68
2172	68
2173	87
2174	68
2175	76
2176	80
2177	70
2178	77
2179	77
2180	85
2181	85
2182	102
2183	80
2184	77
2185	99
2186	70
2187	71
2188	75
2189	94
2190	76
2191	78
2192	85
2193	80
2194	83
2195	103
2196	97
2197	71
2198	82
2199	77
2200	74
2201	80
2202	68
2203	76
2204	74
2205	77
2206	84
2207	74
2208	76
2209	79
2210	73
2211	73
2212	87
2213	80
2214	74
2215	90
2216	94
2217	77
2218	82
2219	100
2220	64
2221	82
2222	87
2223	85
2224	78
2225	68
2226	66
2227	81
2228	75
2229	85
2230	81
2231	87
2232	64
2233	63
2234	78
2235	87
2236	79
2237	59
2238	79
2239	72
2240	83
2241	81
2242	84
2243	71
2244	68
2245	72
2246	72
2247	68
2248	77
2249	80
2250	80
2251	73
2252	70
2253	82
2254	86
2255	88
2256	66
2257	74
2258	79
2259	86
2260	85
2261	76
2262	83
2263	85
2264	81
2265	73
2266	85
2267	83
2268	78
2269	79
2270	75
2271	67
2272	88
2273	86
2274	63
2275	63
2276	72
2277	80
2278	90
2279	80
2280	73
2281	85
2282	73
2283	94
2284	63
2285	70
2286	72
2287	77
2288	68
2289	83
2290	80
2291	66
2292	67
2293	84
2294	85
2295	79
2296	72
2297	84
2298	70
2299	79
2300	87
2301	74
2302	77
2303	92
2304	74
2305	75
2306	74
2307	81
2308	77
2309	75
2310	91
2311	64
2312	69
2313	65
2314	72
2315	75
2316	84
2317	75
2318	85
2319	91
2320	69
2321	80
2322	76
2323	66
2324	72
2325	68
2326	77
2327	66
2328	83
2329	81
2330	83
2331	80
2332	66
2333	62
2334	72
2335	75
2336	88
2337	79
2338	86
2339	69
2340	75
2341	96
2342	71
2343	73
2344	80
2345	79
2346	66
2347	76
2348	70
2349	87
2350	67
2351	71
2352	70
2353	76
2354	82
2355	73
2356	80
2357	86
2358	80
2359	75
2360	80
2361	84
2362	72
2363	57
2364	71
2365	78
2366	75
2367	93
2368	76
2369	83
2370	76
2371	84
2372	80
2373	76
2374	70
2375	87
2376	76
2377	87
2378	70
2379	70
2380	99
2381	90
2382	71
2383	78
2384	67
2385	75
2386	69
2387	78
2388	69
2389	64
2390	63
2391	78
2392	79
2393	72
2394	74
2395	77
2396	82
2397	88
2398	80
2399	77
2400	87
2401	82
2402	83
2403	72
2404	67
2405	85
2406	65
2407	72
2408	99
2409	81
2410	77
2411	77
2412	74
2413	82
2414	81
2415	73
2416	87
2417	66
2418	84
2419	77
2420	72
2421	71
2422	79
2423	60
2424	93
2425	74
2426	86
2427	88
2428	82
2429	98
2430	81
2431	73
2432	63
2433	80
2434	101
2435	90
2436	79
2437	73
2438	78
2439	75
2440	80
2441	92
2442	65
2443	74
2444	83
2445	89
2446	77
2447	72
2448	73
2449	73
2450	97
2451	74
2452	73
2453	69
2454	82
2455	81
2456	86
2457	78
2458	76
2459	82
2460	80
2461	83
2462	69
2463	78
2464	88
2465	86
2466	73
2467	88
2468	67
2469	82
2470	97
2471	88
2472	75
2473	74
2474	77
2475	80
2476	74
2477	101
2478	78
2479	86
2480	77
2481	74
2482	78
2483	68
2484	87
2485	79
2486	85
2487	80
2488	84
2489	81
2490	78
2491	112
2492	89
2493	86
2494	88
2495	94
2496	89
2497	83
2498	85
2499	89
2500	96
2501	87
2502	82
2503	90
2504	93
2505	92
2506	67
2507	85
2508	81
2509	78
2510	90
2511	86
2512	92
2513	85
2514	74
2515	87
2516	78
2517	94
2518	80
2519	83
2520	89
2521	101
2522	85
2523	92
2524	78
2525	77
2526	91
2527	88
2528	83
2529	99
2530	96
2531	90
2532	98
2533	81
2534	84
2535	84
2536	86
2537	82
2538	89
2539	89
2540	81
2541	85
2542	102
2543	113
2544	99
2545	83
2546	91
2547	97
2548	96
2549	87
2550	99
2551	94
2552	99
2553	80
2554	101
2555	94
2556	95
2557	106
2558	105
2559	109
2560	91
2561	98
2562	95
2563	114
2564	102
2565	96
2566	91
2567	95
2568	93
2569	110
2570	94
2571	95
2572	97
2573	108
2574	95
2575	96
2576	103
2577	87
2578	113
2579	121
2580	112
2581	115
2582	97
2583	93
2584	123
2585	110
2586	110
2587	117
2588	93
2589	118
2590	102
2591	120
2592	103
2593	106
2594	113
2595	132
2596	98
2597	113
2598	99
2599	99
2600	116
2601	127
2602	96
2603	121
2604	110
2605	112
2606	123
2607	108
2608	116
2609	117
2610	136
2611	113
2612	128
2613	107
2614	126
2615	109
2616	111
2617	117
2618	121
2619	127
2620	116
2621	121
2622	138
2623	119
2624	120
2625	133
2626	129
2627	133
2628	123
2629	130
2630	129
2631	123
2632	141
2633	120
2634	133
2635	126
2636	136
2637	143
2638	139
2639	120
2640	128
2641	119
2642	136
2643	124
2644	132
2645	135
2646	143
2647	131
2648	138
2649	119
2650	142
2651	143
2652	117
2653	120
2654	138
2655	155
2656	112
2657	153
2658	168
2659	145
2660	115
2661	125
2662	141
2663	170
2664	151
2665	140
2666	127
2667	142
2668	147
2669	153
2670	118
2671	146
2672	156
2673	135
2674	147
2675	147
2676	154
2677	154
2678	142
2679	163
2680	155
2681	156
2682	174
2683	172
2684	158
2685	154
2686	183
2687	133
2688	151
2689	167
2690	137
2691	170
2692	155
2693	161
2694	158
2695	179
2696	168
2697	166
2698	175
2699	179
2700	154
2701	157
2702	161
2703	161
2704	154
2705	159
2706	169
2707	153
2708	174
2709	175
2710	170
2711	186
2712	181
2713	178
2714	200
2715	162
2716	189
2717	195
2718	190
2719	183
2720	163
2721	182
2722	175
2723	176
2724	183
2725	189
2726	162
2727	154
2728	192
2729	176
2730	178
2731	200
2732	167
2733	171
2734	172
2735	186
2736	195
2737	193
2738	197
2739	195
2740	188
2741	184
2742	193
2743	167
2744	192
2745	180
2746	186
2747	180
2748	191
2749	196
2750	201
2751	227
2752	178
2753	212
2754	194
2755	203
2756	196
2757	189
2758	209
2759	175
2760	187
2761	217
2762	207
2763	191
2764	196
2765	172
2766	203
2767	195
2768	185
2769	198
2770	211
2771	202
2772	195
2773	176
2774	212
2775	192
2776	189
2777	218
2778	218
2779	221
2780	201
2781	199
2782	195
2783	227
2784	221
2785	224
2786	205
2787	224
2788	177
2789	220
2790	208
2791	201
2792	212
2793	224
2794	201
2795	198
2796	227
2797	225
2798	217
2799	211
2800	207
2801	197
2802	228
2803	223
2804	221
2805	211
2806	234
2807	208
2808	237
2809	197
2810	191
2811	216
2812	198
2813	192
2814	219
2815	200
2816	213
2817	203
2818	232
2819	236
2820	235
2821	216
2822	203
2823	209
2824	242
2825	238
2826	233
2827	211
2828	241
2829	225
2830	235
2831	220
2832	235
2833	260
2834	242
2835	241
2836	212
2837	217
2838	222
2839	223
2840	233
2841	237
2842	236
2843	222
2844	218
2845	222
2846	242
2847	236
2848	226
2849	244
2850	224
2851	227
2852	264
2853	231
2854	227
2855	208
2856	239
2857	212
2858	223
2859	236
2860	216
2861	236
2862	208
2863	235
2864	253
2865	230
2866	237
2867	228
2868	194
2869	222
2870	232
2871	227
2872	210
2873	219
2874	236
2875	221
2876	223
2877	227
2878	236
2879	215
2880	226
2881	211
2882	264
2883	240
2884	218
2885	213
2886	218
2887	226
2888	233
2889	241
2890	231
2891	240
2892	205
2893	228
2894	255
2895	249
2896	221
2897	247
2898	235
2899	234
2900	227
2901	226
2902	226
2903	230
2904	232
2905	219
2906	227
2907	230
2908	213
2909	221
2910	236
2911	240
2912	219
2913	233
2914	215
2915	253
2916	236
2917	218
2918	247
2919	242
2920	239
2921	224
2922	237
2923	229
2924	223
2925	233
2926	214
2927	235
2928	196
2929	230
2930	270
2931	214
2932	233
2933	202
2934	223
2935	233
2936	210
2937	215
2938	226
2939	254
2940	238
2941	250
2942	220
2943	228
2944	226
2945	212
2946	192
2947	242
2948	229
2949	188
2950	172
2951	227
2952	197
2953	223
2954	208
2955	219
2956	194
2957	223
2958	225
2959	241
2960	220
2961	229
2962	200
2963	212
2964	209
2965	223
2966	217
2967	202
2968	193
2969	217
2970	204
2971	223
2972	188
2973	217
2974	219
2975	207
2976	203
2977	231
2978	209
2979	189
2980	214
2981	227
2982	191
2983	202
2984	201
2985	204
2986	210
2987	228
2988	192
2989	191
2990	185
2991	183
2992	185
2993	191
2994	202
2995	218
2996	208
2997	218
2998	201
2999	236
3000	215
3001	192
3002	209
3003	203
3004	206
3005	225
3006	205
3007	195
3008	206
3009	204
3010	173
3011	191
3012	188
3013	178
3014	190
3015	192
3016	196
3017	179
3018	181
3019	202
3020	172
3021	179
3022	183
3023	189
3024	206
3025	206
3026	192
3027	174
3028	209
3029	180
3030	196
3031	165
3032	178
3033	179
3034	180
3035	170
3036	188
3037	194
3038	191
3039	174
3040	196
3041	186
3042	179
3043	182
3044	184
3045	185
3046	163
3047	178
3048	209
3049	161
3050	146
3051	165
3052	180
3053	180
3054	172
3055	167
3056	168
3057	209
3058	176
3059	154
3060	157
3061	144
3062	188
3063	169
3064	164
3065	173
3066	152
3067	181
3068	157
3069	148
3070	160
3071	145
3072	159
3073	147
3074	149
3075	169
3076	175
3077	162
3078	157
3079	169
3080	145
3081	150
3082	141
3083	156
3084	154
3085	160
3086	156
3087	163
3088	158
3089	140
3090	158
3091	148
3092	151
3093	130
3094	158
3095	177
3096	136
3097	149
3098	143
3099	132
3100	145
3101	137
3102	145
3103	117
3104	118
3105	156
3106	146
3107	139
3108	136
3109	135
3110	124
3111	124
3112	140
3113	158
3114	144
3115	137
3116	139
3117	141
3118	119
3119	129
3120	155
3121	110
3122	133
3123	125
3124	133
3125	119
3126	139
3127	110
3128	124
3129	144
3130	115
3131	125
3132	125
3133	117
3134	105
3135	128
3136	141
3137	125
3138	123
3139	131
3140	117
3141	117
3142	127
3143	99
3144	118
3145	123
3146	145
3147	107
3148	129
3149	118
3150	103
3151	98
3152	125
3153	124
3154	102
3155	130
3156	123
3157	90
3158	105
3159	126
3160	107
3161	117
3162	102
3163	101
3164	112
3165	113
3166	104
3167	123
3168	88
3169	111
3170	116
3171	88
3172	90
3173	95
3174	96
3175	102
3176	129
3177	95
3178	98
3179	106
3180	93
3181	114
3182	105
3183	103
3184	95
3185	91
3186	95
3187	86
3188	93
3189	79
3190	89
3191	83
3192	100
3193	89
3194	88
3195	109
3196	99
3197	95
3198	89
3199	77
3200	88
3201	85
3202	80
3203	80
3204	91
3205	81
3206	92
3207	76
3208	84
3209	91
3210	96
3211	71
3212	86
3213	91
3214	86
3215	85
3216	72
3217	72
3218	80
3219	56
3220	62
3221	92
3222	90
3223	87
3224	62
3225	74
3226	69
3227	62
3228	75
3229	71
3230	76
3231	80
3232	64
3233	70
3234	60
3235	88
3236	76
3237	75
3238	72
3239	77
3240	80
3241	72
3242	70
3243	84
3244	70
3245	61
3246	65
3247	47
3248	76
3249	69
3250	75
3251	57
3252	89
3253	67
3254	71
3255	62
3256	55
3257	71
3258	54
3259	59
3260	67
3261	67
3262	57
3263	67
3264	51
3265	62
3266	55
3267	77
3268	62
3269	68
3270	63
3271	57
3272	60
3273	59
3274	59
3275	69
3276	68
3277	61
3278	57
3279	56
3280	50
3281	53
3282	68
3283	74
3284	50
3285	70
3286	57
3287	64
3288	62
3289	61
3290	63
3291	74
3292	62
3293	67
3294	58
3295	64
3296	54
3297	52
3298	60
3299	59
3300	55
3301	46
3302	50
3303	48
3304	81
3305	53
3306	45
3307	59
3308	54
3309	45
3310	56
3311	59
3312	52
3313	40
3314	50
3315	50
3316	61
3317	37
3318	46
3319	49
3320	57
3321	44
3322	58
3323	44
3324	43
3325	62
3326	44
3327	46
3328	54
3329	50
3330	44
3331	61
3332	47
3333	46
3334	46
3335	40
3336	51
3337	49
3338	50
3339	47
3340	58
3341	43
3342	39
3343	36
3344	51
3345	46
3346	42
3347	57
3348	51
3349	46
3350	41
3351	45
3352	51
3353	46
3354	40
3355	51
3356	35
3357	47
3358	45
3359	34
3360	44
3361	44
3362	52
3363	41
3364	39
3365	42
3366	41
3367	38
3368	42
3369	50
3370	40
3371	42
3372	46
3373	39
3374	38
3375	41
3376	40
3377	44
3378	48
3379	47
3380	39
3381	42
3382	47
3383	51
3384	53
3385	49
3386	45
3387	37
3388	43
3389	47
3390	43
3391	50
3392	41
3393	48
3394	32
3395	46
3396	41
3397	40
3398	41
3399	53
3400	42
3401	38
3402	36
3403	32
3404	40
3405	33
3406	41
3407	37
3408	42
3409	41
3410	44
3411	42
3412	46
3413	29
3414	47
3415	40
3416	31
3417	47
3418	41
3419	41
3420	37
3421	43
3422	34
3423	49
3424	42
3425	44
3426	39
3427	39
3428	37
3429	46
3430	41
3431	25
3432	49
3433	43
3434	49
3435	36
3436	38
3437	39
3438	41
3439	44
3440	33
3441	59
3442	36
3443	40
3444	52
3445	40
3446	37
3447	38
3448	40
3449	33
3450	30
3451	37
3452	40
3453	40
3454	38
3455	41
3456	40
3457	41
3458	49
3459	35
3460	47
3461	35
3462	27
3463	35
3464	45
3465	39
3466	33
3467	47
3468	35
3469	37
3470	37
3471	29
3472	36
3473	38
3474	51
3475	39
3476	38
3477	30
3478	46
3479	34
3480	31
3481	29
3482	34
3483	34
3484	34
3485	46
3486	24
3487	36
3488	52
3489	38
3490	33
3491	48
3492	34
3493	34
3494	42
3495	45
3496	36
3497	36
3498	49
3499	38
3500	46
3501	46
3502	44
3503	34
3504	36
3505	28
3506	41
3507	33
3508	46
3509	43
3510	29
3511	42
3512	42
3513	35
3514	31
3515	47
3516	41
3517	27
3518	33
3519	42
3520	44
3521	29
3522	33
3523	31
3524	45
3525	40
3526	29
3527	54
3528	37
3529	38
3530	40
3531	36
3532	32
3533	47
3534	33
3535	33
3536	26
3537	40
3538	28
3539	47
3540	44
3541	38
3542	37
3543	31
3544	34
3545	48
3546	36
3547	34
3548	33
3549	34
3550	46
3551	44
3552	29
3553	35
3554	48
3555	36
3556	37
3557	43
3558	41
3559	31
3560	46
3561	32
3562	34
3563	41
3564	32
3565	46
3566	34
3567	24
3568	36
3569	45
3570	38
3571	36
3572	33
3573	34
3574	31
3575	51
3576	38
3577	31
3578	42
3579	30
3580	44
3581	27
3582	43
3583	31
3584	44
3585	39
3586	32
3587	42
3588	38
3589	41
3590	35
3591	25
3592	34
3593	42
3594	31
3595	40
3596	38
3597	36
3598	45
3599	42
3600	36
3601	35
3602	28
3603	25
3604	37
3605	37
3606	35
3607	36
3608	36
3609	48
3610	33
3611	39
3612	40
3613	34
3614	33
3615	41
3616	30
3617	26
3618	26
3619	39
3620	43
3621	35
3622	43
3623	31
3624	33
3625	31
3626	44
3627	38
3628	37
3629	35
3630	41
3631	41
3632	36
3633	38
3634	29
3635	31
3636	37
3637	37
3638	47
3639	40
3640	41
3641	36
3642	30
3643	30
3644	37
3645	36
3646	36
3647	30
3648	34
3649	40
3650	28
3651	40
3652	33
3653	39
3654	38
3655	43
3656	42
3657	44
3658	36
3659	34
3660	54
3661	40
3662	35
3663	44
3664	35
3665	37
3666	21
3667	45
3668	40
3669	37
3670	36
3671	36
3672	35
3673	33
3674	36
3675	40
3676	49
3677	32
3678	50
3679	44
3680	37
3681	47
3682	38
3683	26
3684	40
3685	34
3686	36
3687	39
3688	42
3689	33
3690	27
3691	43
3692	37
3693	44
3694	25
3695	41
3696	34
3697	59
3698	43
3699	46
3700	40
3701	30
3702	35
3703	41
3704	50
3705	40
3706	41
3707	38
3708	39
3709	44
3710	57
3711	36
3712	35
3713	33
3714	36
3715	36
3716	29
3717	38
3718	38
3719	30
3720	34
3721	44
3722	42
3723	36
3724	37
3725	43
3726	36
3727	29
3728	31
3729	39
3730	37
3731	33
3732	36
3733	45
3734	32
3735	34
3736	39
3737	37
3738	31
3739	45
3740	45
3741	36
3742	41
3743	36
3744	43
3745	43
3746	57
3747	31
3748	45
3749	33
3750	45
3751	31
3752	33
3753	40
3754	38
3755	36
3756	45
3757	42
3758	42
3759	38
3760	34
3761	37
3762	33
3763	40
3764	32
3765	33
3766	44
3767	45
3768	45
3769	42
3770	37
3771	35
3772	34
3773	36
3774	47
3775	35
3776	49
3777	45
3778	38
3779	36
3780	40
3781	41
3782	34
3783	37
3784	34
3785	48
3786	38
3787	55
3788	38
3789	35
3790	31
3791	40
3792	38
3793	28
3794	32
3795	36
3796	32
3797	48
3798	43
3799	39
3800	41
3801	37
3802	36
3803	28
3804	35
3805	42
3806	41
3807	37
3808	33
3809	53
3810	34
3811	34
3812	37
3813	38
3814	43
3815	48
3816	46
3817	53
3818	47
3819	45
3820	38
3821	37
3822	41
3823	50
3824	38
3825	32
3826	36
3827	47
3828	37
3829	33
3830	44
3831	45
3832	41
3833	46
3834	27
3835	44
3836	32
3837	34
3838	41
3839	41
3840	41
3841	46
3842	35
3843	39
3844	42
3845	36
3846	44
3847	39
3848	49
3849	37
3850	37
3851	36
3852	39
3853	38
3854	40
3855	49
3856	33
3857	50
3858	48
3859	37
3860	39
3861	42
3862	35
3863	48
3864	36
3865	36
3866	35
3867	47
3868	45
3869	47
3870	49
3871	37
3872	35
3873	37
3874	28
3875	49
3876	46
3877	44
3878	37
3879	35
3880	36
3881	35
3882	42
3883	42
3884	44
3885	37
3886	50
3887	41
3888	33
3889	49
3890	45
3891	36
3892	39
3893	45
3894	39
3895	42
3896	40
3897	40
3898	29
3899	33
3900	38
3901	31
3902	38
3903	43
3904	49
3905	44
3906	40
3907	42
3908	50
3909	42
3910	34
3911	41
3912	38
3913	34
3914	42
3915	35
3916	45
3917	34
3918	38
3919	42
3920	37
3921	41
3922	43
3923	38
3924	46
3925	39
3926	39
3927	38
3928	41
3929	36
3930	47
3931	35
3932	31
3933	39
3934	38
3935	47
3936	34
3937	28
3938	41
3939	47
3940	44
3941	37
3942	37
3943	36
3944	49
3945	43
3946	37
3947	40
3948	32
3949	42
3950	37
3951	46
3952	36
3953	38
3954	46
3955	35
3956	40
3957	32
3958	48
3959	35
3960	36
3961	42
3962	50
3963	41
3964	39
3965	37
3966	35
3967	26
3968	33
3969	36
3970	28
3971	43
3972	43
3973	35
3974	36
3975	44
3976	42
3977	41
3978	37
3979	39
3980	52
3981	36
3982	42
3983	52
3984	40
3985	46
3986	38
3987	39
3988	30
3989	29
3990	36
3991	40
3992	37
3993	33
3994	36
3995	47
3996	40
3997	38
3998	24
3999	40
4000	39
4001	46
4002	39
4003	37
4004	35
4005	49
4006	44
4007	29
4008	42
4009	38
4010	53
4011	41
4012	35
4013	37
4014	31
4015	50
4016	39
4017	51
4018	37
4019	41
4020	29
4021	31
4022	48
4023	29
4024	36
4025	35
4026	32
4027	54
4028	33
4029	41
4030	39
4031	26
4032	33
4033	38
4034	30
4035	33
4036	35
4037	49
4038	40
4039	46
4040	39
4041	41
4042	44
4043	34
4044	45
4045	40
4046	44
4047	44
4048	30
4049	21
4050	32
4051	42
4052	45
4053	45
4054	46
4055	32
4056	36
4057	50
4058	47
4059	43
4060	35
4061	44
4062	43
4063	36
4064	52
4065	47
4066	33
4067	27
4068	34
4069	30
4070	32
4071	41
4072	30
4073	41
4074	29
4075	41
4076	42
4077	40
4078	45
4079	47
4080	44
4081	27
4082	49
4083	52
4084	37
4085	54
4086	45
4087	45
4088	35
4089	45
4090	40
4091	35
4092	43
4093	35
4094	29
4095	35
4096	33
4097	42
4098	51
4099	31
4100	36
4101	28
4102	47
4103	40
4104	41
4105	38
4106	35
4107	44
4108	41
4109	43
4110	33
4111	40
4112	39
4113	37
4114	38
4115	48
4116	32
4117	33
4118	46
4119	50
4120	43
4121	53
4122	40
4123	35
4124	44
4125	42
4126	36
4127	39
4128	41
4129	33
4130	35
4131	46
4132	28
4133	32
4134	45
4135	39
4136	34
4137	37
4138	32
4139	45
4140	29
4141	34
4142	39
4143	32
4144	40
4145	44
4146	37
4147	35
4148	37
4149	38
4150	42
4151	39
4152	34
4153	44
4154	32
4155	40
4156	39
4157	32
4158	34
4159	49
4160	37
4161	40
4162	43
4163	27
4164	38
4165	41
4166	33
4167	35
4168	32
4169	40
4170	43
4171	40
4172	35
4173	31
4174	42
4175	28
4176	35
4177	31
4178	30
4179	31
4180	36
4181	38
4182	35
4183	38
4184	28
4185	44
4186	34
4187	43
4188	30
4189	41
4190	49
4191	35
4192	37
4193	38
4194	35
4195	38
4196	38
4197	41
4198	39
4199	43
4200	43
4201	44
4202	33
4203	25
4204	39
4205	31
4206	31
4207	37
4208	38
4209	34
4210	38
4211	32
4212	33
4213	30
4214	31
4215	37
4216	28
4217	41
4218	22
4219	36
4220	32
4221	37
4222	37
4223	27
4224	28
4225	44
4226	31
4227	42
4228	41
4229	32
4230	32
4231	23
4232	36
4233	22
4234	33
4235	27
4236	35
4237	35
4238	36
4239	38
4240	37
4241	30
4242	35
4243	38
4244	40
4245	44
4246	28
4247	32
4248	32
4249	24
4250	29
4251	28
4252	36
4253	35
4254	28
4255	25
4256	31
4257	23
4258	39
4259	37
4260	34
4261	35
4262	33
4263	27
4264	36
4265	33
4266	37
4267	24
4268	31
4269	32
4270	34
4271	24
4272	31
4273	30
4274	39
4275	43
4276	19
4277	31
4278	24
4279	26
4280	42
4281	30
4282	28
4283	26
4284	35
4285	43
4286	28
4287	44
4288	32
4289	40
4290	31
4291	34
4292	36
4293	27
4294	33
4295	41
4296	30
4297	36
4298	29
4299	29
4300	25
4301	43
4302	36
4303	36
4304	28
4305	38
4306	35
4307	30
4308	34
4309	29
4310	37
4311	33
4312	35
4313	46
4314	35
4315	28
4316	35
4317	36
4318	21
4319	31
4320	34
4321	28
4322	23
4323	27
4324	30
4325	26
4326	17
4327	32
4328	24
4329	30
4330	30
4331	37
4332	27
4333	39
4334	30
4335	30
4336	35
4337	41
4338	22
4339	41
4340	32
4341	34
4342	30
4343	25
4344	26
4345	25
4346	30
4347	33
4348	32
4349	29
4350	29
4351	33
4352	31
4353	31
4354	33
4355	33
4356	27
4357	26
4358	22
4359	30
4360	31
4361	36
4362	24
4363	29
4364	40
4365	28
4366	29
4367	39
4368	36
4369	34
4370	37
4371	31
4372	21
4373	30
4374	26
4375	38
4376	28
4377	30
4378	24
4379	42
4380	25
4381	27
4382	30
4383	26
4384	27
4385	31
4386	32
4387	39
4388	22
4389	35
4390	26
4391	28
4392	32
4393	26
4394	27
4395	30
4396	23
4397	38
4398	27
4399	23
4400	32
4401	21
4402	18
4403	26
4404	31
4405	27
4406	33
4407	26
4408	26
4409	21
4410	35
4411	26
4412	26
4413	37
4414	31
4415	24
4416	23
4417	37
4418	32
4419	31
4420	30
4421	31
4422	24
4423	27
4424	30
4425	31
4426	29
4427	21
4428	20
4429	25
4430	28
4431	27
4432	32
4433	26
4434	24
4435	31
4436	37
4437	24
4438	33
4439	21
4440	38
4441	26
4442	43
4443	17
4444	26
4445	33
4446	33
4447	31
4448	33
4449	22
4450	28
4451	31
4452	30
4453	14
4454	26
4455	21
4456	26
4457	29
4458	17
4459	26
4460	27
4461	34
4462	16
4463	35
4464	27
4465	20
4466	29
4467	24
4468	30
4469	23
4470	21
4471	31
4472	21
4473	33
4474	31
4475	30
4476	26
4477	24
4478	30
4479	21
4480	25
4481	22
4482	31
4483	26
4484	20
4485	33
4486	21
4487	37
4488	28
4489	25
4490	26
4491	29
4492	24
4493	34
4494	17
4495	29
4496	28
4497	22
4498	31
4499	22
4500	33
4501	30
4502	26
4503	24
4504	22
4505	31
4506	29
4507	31
4508	22
4509	26
4510	31
4511	30
4512	25
4513	30
4514	21
4515	24
4516	24
4517	32
4518	25
4519	32
4520	34
4521	18
4522	21
4523	32
4524	24
4525	24
4526	32
4527	25
4528	20
4529	20
4530	17
4531	26
4532	26
4533	39
4534	25
4535	30
4536	26
4537	15
4538	19
4539	18
4540	31
4541	25
4542	21
4543	18
4544	20
4545	24
4546	23
4547	26
4548	24
4549	20
4550	23
4551	28
4552	27
4553	19
4554	25
4555	23
4556	20
4557	23
4558	21
4559	23
4560	25
4561	35
4562	29
4563	33
4564	25
4565	17
4566	18
4567	25
4568	22
4569	24
4570	26
4571	29
4572	24
4573	23
4574	19
4575	21
4576	22
4577	26
4578	24
4579	28
4580	19
4581	23
4582	24
4583	24
4584	24
4585	27
4586	29
4587	25
4588	37
4589	20
4590	27
4591	32
4592	23
4593	17
4594	18
4595	27
4596	32
4597	22
4598	26
4599	38
4600	21
4601	14
4602	23
4603	17
4604	24
4605	19
4606	23
4607	20
4608	27
4609	33
4610	31
4611	25
4612	21
4613	23
4614	17
4615	26
4616	27
4617	21
4618	28
4619	16
4620	17
4621	26
4622	26
4623	23
4624	21
4625	20
4626	21
4627	14
4628	20
4629	21
4630	21
4631	24
4632	27
4633	21
4634	24
4635	32
4636	26
4637	15
4638	27
4639	24
4640	15
4641	24
4642	21
4643	19
4644	27
4645	31
4646	25
4647	30
4648	23
4649	24
4650	19
4651	23
4652	17
4653	24
4654	27
4655	21
4656	21
4657	28
4658	27
4659	19
4660	28
4661	14
4662	26
4663	24
4664	15
4665	18
4666	17
4667	28
4668	21
4669	19
4670	28
4671	24
4672	32
4673	22
4674	26
4675	25
4676	23
4677	31
4678	20
4679	19
4680	34
4681	19
4682	28
4683	19
4684	23
4685	14
4686	17
4687	24
4688	16
4689	21
4690	21
4691	23
4692	20
4693	22
4694	35
4695	18
4696	25
4697	23
4698	19
4699	26
4700	17
4701	23
4702	13
4703	28
4704	17
4705	20
4706	26
4707	21
4708	19
4709	16
4710	22
4711	18
4712	18
4713	29
4714	20
4715	24
4716	19
4717	11
4718	21
4719	21
4720	16
4721	29
4722	22
4723	17
4724	16
4725	24
4726	18
4727	19
4728	22
4729	22
4730	19
4731	15
4732	22
4733	20
4734	14
4735	13
4736	26
4737	19
4738	23
4739	23
4740	17
4741	15
4742	20
4743	17
4744	17
4745	16
4746	19
4747	18
4748	23
4749	20
4750	19
4751	11
4752	27
4753	27
4754	23
4755	21
4756	16
4757	29
4758	24
4759	24
4760	20
4761	16
4762	31
4763	21
4764	16
4765	21
4766	17
4767	20
4768	23
4769	21
4770	25
4771	23
4772	16
4773	23
4774	21
4775	22
4776	14
4777	20
4778	33
4779	19
4780	24
4781	18
4782	21
4783	18
4784	20
4785	26
4786	9
4787	24
4788	19
4789	13
4790	19
4791	17
4792	16
4793	22
4794	18
4795	21
4796	16
4797	26
4798	21
4799	20
4800	22
4801	16
4802	26
4803	21
4804	21
4805	17
4806	20
4807	19
4808	18
4809	19
4810	24
4811	11
4812	13
4813	20
4814	23
4815	18
4816	31
4817	27
4818	23
4819	21
4820	18
4821	18
4822	16
4823	24
4824	15
4825	12
4826	10
4827	18
4828	14
4829	18
4830	19
4831	24
4832	13
4833	21
4834	24
4835	21
4836	26
4837	19
4838	12
4839	15
4840	14
4841	19
4842	20
4843	23
4844	22
4845	22
4846	15
4847	8
4848	27
4849	17
4850	26
4851	24
4852	15
4853	15
4854	28
4855	17
4856	15
4857	18
4858	20
4859	23
4860	16
4861	22
4862	23
4863	20
4864	16
4865	14
4866	10
4867	17
4868	16
4869	17
4870	14
4871	19
4872	15
4873	18
4874	17
4875	16
4876	19
4877	19
4878	14
4879	16
4880	14
4881	16
4882	20
4883	17
4884	15
4885	13
4886	22
4887	22
4888	11
4889	21
4890	14
4891	18
4892	13
4893	19
4894	19
4895	25
4896	21
4897	18
4898	15
4899	20
4900	12
4901	13
4902	25
4903	22
4904	16
4905	10
4906	17
4907	17
4908	21
4909	20
4910	14
4911	13
4912	20
4913	15
4914	17
4915	17
4916	17
4917	10
4918	11
4919	27
4920	20
4921	7
4922	7
4923	23
4924	19
4925	16
4926	21
4927	14
4928	16
4929	11
4930	12
4931	16
4932	22
4933	13
4934	9
4935	19
4936	19
4937	20
4938	24
4939	14
4940	14
4941	15
4942	16
4943	10
4944	13
4945	16
4946	21
4947	19
4948	26
4949	14
4950	10
4951	19
4952	21
4953	14
4954	22
4955	10
4956	14
4957	14
4958	18
4959	19
4960	13
4961	21
4962	16
4963	16
4964	19
4965	18
4966	14
4967	10
4968	20
4969	20
4970	17
4971	18
4972	9
4973	19
4974	18
4975	21
4976	20
4977	8
4978	18
4979	21
4980	21
4981	23
4982	12
4983	11
4984	23
4985	17
4986	15
4987	18
4988	9
4989	12
4990	25
4991	14
4992	15
4993	16
4994	23
4995	18
4996	19
4997	17
4998	18
4999	15
5000	22
5001	13
5002	23
5003	12
5004	13
5005	15
5006	24
5007	11
5008	15
5009	17
5010	14
5011	11
5012	22
5013	15
5014	11
5015	15
5016	15
5017	25
5018	14
5019	17
5020	13
5021	10
5022	11
5023	8
5024	19
5025	16
5026	15
5027	17
5028	12
5029	20
5030	13
5031	23
5032	26
5033	20
5034	14
5035	25
5036	16
5037	19
5038	18
5039	17
5040	17
5041	19
5042	26
5043	16
5044	20
5045	19
5046	10
5047	14
5048	21
5049	12
5050	11
5051	14
5052	14
5053	15
5054	11
5055	12
5056	10
5057	14
5058	8
5059	17
5060	21
5061	14
5062	16
5063	10
5064	8
5065	14
5066	11
5067	13
5068	14
5069	17
5070	14
5071	16
5072	21
5073	19
5074	16
5075	12
5076	19
5077	16
5078	9
5079	17
5080	12
5081	8
5082	15
5083	16
5084	16
5085	10
5086	20
5087	19
5088	19
5089	12
5090	13
5091	12
5092	14
5093	15
5094	14
5095	14
5096	12
5097	15
5098	14
5099	15
5100	15
5101	10
5102	18
5103	21
5104	22
5105	16
5106	11
5107	10
5108	15
5109	10
5110	23
5111	13
5112	16
5113	13
5114	17
5115	15
5116	9
5117	20
5118	15
5119	16
5120	15
5121	15
5122	12
5123	12
5124	14
5125	13
5126	18
5127	13
5128	19
5129	21
5130	14
5131	13
5132	15
5133	13
5134	13
5135	18
5136	10
5137	11
5138	15
5139	13
5140	10
5141	11
5142	16
5143	14
5144	9
5145	12
5146	18
5147	20
5148	8
5149	8
5150	9
5151	17
5152	10
5153	14
5154	14
5155	9
5156	22
5157	6
5158	17
5159	11
5160	11
5161	19
5162	10
5163	21
5164	13
5165	17
5166	12
5167	11
5168	13
5169	18
5170	21
5171	14
5172	15
5173	5
5174	16
5175	17
5176	4
5177	11
5178	11
5179	13
5180	12
5181	15
5182	6
5183	15
5184	17
5185	20
5186	9
5187	14
5188	9
5189	25
5190	12
5191	15
5192	11
5193	15
5194	14
5195	18
5196	12
5197	8
5198	10
5199	14
5200	15
5201	15
5202	21
5203	16
5204	19
5205	13
5206	17
5207	5
5208	15
5209	14
5210	13
5211	16
5212	10
5213	14
5214	14
5215	14
5216	10
5217	15
5218	15
5219	21
5220	17
5221	21
5222	16
5223	4
5224	13
5225	9
5226	13
5227	14
5228	9
5229	6
5230	10
5231	14
5232	14
5233	10
5234	10
5235	15
5236	17
5237	21
5238	3
5239	10
5240	16
5241	21
5242	15
5243	14
5244	12
5245	16
5246	11
5247	19
5248	14
5249	13
5250	10
5251	14
5252	10
5253	18
5254	17
5255	19
5256	13
5257	16
5258	8
5259	17
5260	11
5261	11
5262	18
5263	13
5264	13
5265	12
5266	11
5267	10
5268	10
5269	14
5270	7
5271	14
5272	14
5273	13
5274	12
5275	18
5276	13
5277	9
5278	12
5279	6
5280	5
5281	9
5282	13
5283	16
5284	12
5285	13
5286	10
5287	14
5288	16
5289	13
5290	15
5291	15
5292	12
5293	13
5294	10
5295	15
5296	10
5297	13
5298	14
5299	11
5300	15
5301	13
5302	13
5303	14
5304	9
5305	19
5306	20
5307	13
5308	8
5309	12
5310	11
5311	15
5312	15
5313	14
5314	10
5315	14
5316	14
5317	20
5318	9
5319	8
5320	10
5321	15
5322	14
5323	15
5324	14
5325	16
5326	10
5327	8
5328	15
5329	14
5330	17
5331	7
5332	12
5333	8
5334	10
5335	13
5336	11
5337	11
5338	12
5339	11
5340	17
5341	11
5342	15
5343	15
5344	7
5345	7
5346	17
5347	12
5348	14
5349	18
5350	11
5351	11
5352	14
5353	10
5354	11
5355	17
5356	10
5357	14
5358	8
5359	13
5360	11
5361	9
5362	12
5363	9
5364	9
5365	12
5366	14
5367	14
5368	8
5369	12
5370	10
5371	13
5372	16
5373	12
5374	8
5375	13
5376	11
5377	14
5378	11
5379	12
5380	15
5381	13
5382	16
5383	18
5384	14
5385	14
5386	13
5387	14
5388	14
5389	20
5390	5
5391	15
5392	11
5393	8
5394	13
5395	9
5396	15
5397	14
5398	10
5399	9
5400	15
5401	17
5402	14
5403	13
5404	6
5405	11
5406	14
5407	9
5408	8
5409	16
5410	10
5411	10
5412	11
5413	8
5414	11
5415	5
5416	15
5417	9
5418	13
5419	9
5420	6
5421	12
5422	11
5423	10
5424	12
5425	14
5426	11
5427	11
5428	18
5429	9
5430	12
5431	8
5432	8
5433	11
5434	13
5435	11
5436	13
5437	13
5438	3
5439	7
5440	17
5441	16
5442	10
5443	8
5444	11
5445	16
5446	7
5447	8
5448	10
5449	13
5450	9
5451	14
5452	14
5453	10
5454	7
5455	7
5456	6
5457	15
5458	14
5459	10
5460	12
5461	14
5462	6
5463	12
5464	12
5465	16
5466	14
5467	6
5468	8
5469	8
5470	12
5471	14
5472	11
5473	10
5474	11
5475	11
5476	11
5477	11
5478	15
5479	12
5480	16
5481	13
5482	8
5483	13
5484	12
5485	14
5486	10
5487	6
5488	9
5489	11
5490	15
5491	12
5492	6
5493	12
5494	11
5495	11
5496	14
5497	9
5498	17
5499	11
5500	10
5501	11
5502	16
5503	14
5504	10
5505	12
5506	11
5507	8
5508	12
5509	10
5510	12
5511	8
5512	10
5513	10
5514	8
5515	14
5516	8
5517	14
5518	7
5519	10
5520	10
5521	9
5522	8
5523	5
5524	8
5525	10
5526	13
5527	13
5528	14
5529	12
5530	11
5531	8
5532	10
5533	12
5534	15
5535	9
5536	8
5537	12
5538	11
5539	16
5540	10
5541	8
5542	4
5543	12
5544	12
5545	7
5546	10
5547	6
5548	6
5549	14
5550	23
5551	19
5552	10
5553	13
5554	15
5555	15
5556	14
5557	16
5558	13
5559	11
5560	10
5561	10
5562	15
5563	13
5564	11
5565	10
5566	9
5567	14
5568	7
5569	9
5570	9
5571	16
5572	10
5573	14
5574	12
5575	12
5576	9
5577	8
5578	11
5579	7
5580	7
5581	11
5582	10
5583	5
5584	7
5585	10
5586	12
5587	7
5588	11
5589	13
5590	19
5591	10
5592	11
5593	13
5594	13
5595	9
5596	4
5597	13
5598	11
5599	15
5600	16
5601	13
5602	10
5603	14
5604	10
5605	9
5606	12
5607	10
5608	5
5609	9
5610	9
5611	17
5612	8
5613	11
5614	12
5615	14
5616	14
5617	13
5618	14
5619	12
5620	13
5621	7
5622	10
5623	13
5624	10
5625	8
5626	13
5627	10
5628	11
5629	7
5630	8
5631	10
5632	14
5633	8
5634	10
5635	5
5636	9
5637	13
5638	13
5639	11
5640	9
5641	14
5642	9
5643	11
5644	15
5645	7
5646	15
5647	14
5648	11
5649	9
5650	15
5651	11
5652	21
5653	10
5654	16
5655	8
5656	9
5657	12
5658	20
5659	12
5660	9
5661	11
5662	13
5663	14
5664	12
5665	10
5666	13
5667	12
5668	14
5669	12
5670	12
5671	13
5672	10
5673	13
5674	10
5675	4
5676	11
5677	9
5678	15
5679	10
5680	8
5681	9
5682	7
5683	7
5684	7
5685	7
5686	11
5687	12
5688	17
5689	14
5690	11
5691	15
5692	7
5693	13
5694	10
5695	9
5696	10
5697	16
5698	10
5699	14
5700	10
5701	6
5702	14
5703	13
5704	7
5705	10
5706	9
5707	7
5708	17
5709	17
5710	7
5711	12
5712	11
5713	8
5714	9
5715	9
5716	14
5717	13
5718	7
5719	9
5720	9
5721	8
5722	13
5723	12
5724	10
5725	12
5726	9
5727	10
5728	6
5729	11
5730	8
5731	8
5732	10
5733	12
5734	10
5735	11
5736	14
5737	6
5738	10
5739	13
5740	10
5741	10
5742	10
5743	10
5744	13
5745	16
5746	9
5747	12
5748	9
5749	9
5750	12
5751	9
5752	12
5753	11
5754	10
5755	13
5756	11
5757	11
5758	12
5759	8
5760	16
5761	9
5762	9
5763	11
5764	6
5765	8
5766	17
5767	9
5768	14
5769	10
5770	14
5771	11
5772	5
5773	16
5774	14
5775	10
5776	7
5777	12
5778	11
5779	12
5780	9
5781	9
5782	12
5783	9
5784	6
5785	7
5786	12
5787	12
5788	15
5789	11
5790	9
5791	11
5792	17
5793	12
5794	14
5795	9
5796	12
5797	6
5798	7
5799	17
5800	12
5801	8
5802	11
5803	16
5804	7
5805	10
5806	8
5807	5
5808	19
5809	12
5810	8
5811	12
5812	7
5813	13
5814	9
5815	15
5816	12
5817	15
5818	14
5819	11
5820	13
5821	13
5822	14
5823	11
5824	14
5825	10
5826	13
5827	9
5828	8
5829	4
5830	11
5831	12
5832	10
5833	7
5834	11
5835	7
5836	7
5837	5
5838	5
5839	13
5840	6
5841	11
5842	10
5843	15
5844	9
5845	11
5846	12
5847	12
5848	7
5849	9
5850	16
5851	12
5852	12
5853	14
5854	11
5855	11
5856	6
5857	7
5858	9
5859	11
5860	9
5861	11
5862	8
5863	12
5864	6
5865	8
5866	14
5867	12
5868	9
5869	9
5870	8
5871	7
5872	17
5873	13
5874	14
5875	10
5876	8
5877	13
5878	8
5879	16
5880	16
5881	12
5882	10
5883	11
5884	7
5885	12
5886	9
5887	8
5888	13
5889	7
5890	6
5891	6
5892	13
5893	8
5894	15
5895	21
5896	10
5897	8
5898	6
5899	9
5900	9
5901	10
5902	12
5903	15
5904	7
5905	8
5906	4
5907	12
5908	18
5909	10
5910	12
5911	15
5912	8
5913	10
5914	5
5915	11
5916	11
5917	9
5918	10
5919	11
5920	8
5921	9
5922	13
5923	6
5924	7
5925	11
5926	11
5927	9
5928	9
5929	17
5930	8
5931	12
5932	7
5933	13
5934	11
5935	8
5936	13
5937	18
5938	14
5939	13
5940	3
5941	9
5942	16
5943	13
5944	14
5945	17
5946	16
5947	16
5948	13
5949	9
5950	8
5951	17
5952	12
5953	10
5954	2
5955	8
5956	4
5957	11
5958	10
5959	8
5960	10
5961	8
5962	14
5963	9
5964	6
5965	13
5966	10
5967	15
5968	16
5969	12
5970	11
5971	11
5972	5
5973	12
5974	8
5975	14
5976	14
5977	10
5978	10
5979	14
5980	11
5981	9
5982	14
5983	4
5984	16
5985	10
5986	13
5987	13
5988	13
5989	11
5990	7
5991	7
5992	10
5993	17
5994	10
5995	7
5996	5
5997	7
5998	6
5999	10
6000	12
6001	8
6002	7
6003	9
6004	8
6005	9
6006	17
6007	7
6008	11
6009	9
6010	10
6011	9
6012	6
6013	11
6014	11
6015	15
6016	10
6017	8
6018	10
6019	8
6020	14
6021	10
6022	6
6023	7
6024	11
6025	11
6026	10
6027	14
6028	10
6029	8
6030	12
6031	4
6032	9
6033	10
6034	6
6035	9
6036	6
6037	11
6038	21
6039	17
6040	8
6041	7
6042	9
6043	10
6044	13
6045	16
6046	14
6047	14
6048	15
6049	11
6050	13
6051	8
6052	9
6053	8
6054	15
6055	15
6056	7
6057	16
6058	18
6059	10
6060	11
6061	11
6062	13
6063	16
6064	10
6065	11
6066	8
6067	11
6068	16
6069	7
6070	7
6071	19
6072	14
6073	16
6074	13
6075	10
6076	9
6077	13
6078	10
6079	10
6080	10
6081	8
6082	7
6083	12
6084	10
6085	10
6086	9
6087	18
6088	9
6089	9
6090	8
6091	14
6092	14
6093	13
6094	6
6095	10
6096	13
6097	12
6098	20
6099	12
6100	13
6101	14
6102	11
6103	6
6104	6
6105	13
6106	11
6107	14
6108	16
6109	11
6110	11
6111	10
6112	7
6113	14
6114	10
6115	12
6116	9
6117	10
6118	12
6119	12
6120	5
6121	6
6122	13
6123	10
6124	7
6125	15
6126	5
6127	12
6128	14
6129	17
6130	11
6131	3
6132	14
6133	12
6134	15
6135	13
6136	13
6137	10
6138	12
6139	13
6140	9
6141	11
6142	8
6143	9
6144	9
6145	17
6146	11
6147	8
6148	13
6149	11
6150	10
6151	8
6152	9
6153	13
6154	12
6155	7
6156	8
6157	8
6158	8
6159	12
6160	8
6161	11
6162	8
6163	7
6164	6
6165	13
6166	9
6167	13
6168	10
6169	10
6170	7
6171	17
6172	2
6173	12
6174	14
6175	11
6176	6
6177	7
6178	8
6179	8
6180	10
6181	7
6182	12
6183	10
6184	11
6185	11
6186	8
6187	11
6188	9
6189	7
6190	12
6191	15
6192	8
6193	8
6194	11
6195	16
6196	15
6197	10
6198	6
6199	15
6200	7
6201	11
6202	11
6203	13
6204	14
6205	14
6206	13
6207	14
6208	12
6209	7
6210	11
6211	13
6212	11
6213	6
6214	12
6215	8
6216	14
6217	10
6218	13
6219	11
6220	9
6221	15
6222	10
6223	11
6224	10
6225	3
6226	8
6227	14
6228	13
6229	14
6230	12
6231	6
6232	14
6233	9
6234	8
6235	8
6236	4
6237	12
6238	8
6239	18
6240	9
6241	10
6242	8
6243	14
6244	15
6245	9
6246	11
6247	9
6248	8
6249	14
6250	14
6251	17
6252	11
6253	15
6254	13
6255	15
6256	9
6257	7
6258	10
6259	8
6260	13
6261	10
6262	15
6263	10
6264	12
6265	10
6266	5
6267	13
6268	11
6269	7
6270	14
6271	4
6272	11
6273	10
6274	10
6275	19
6276	17
6277	5
6278	9
6279	12
6280	14
6281	14
6282	4
6283	10
6284	18
6285	15
6286	10
6287	10
6288	11
6289	12
6290	15
6291	11
6292	12
6293	14
6294	10
6295	6
6296	6
6297	12
6298	9
6299	9
6300	16
6301	12
6302	10
6303	12
6304	10
6305	13
6306	11
6307	12
6308	15
6309	10
6310	15
6311	15
6312	15
6313	10
6314	17
6315	12
6316	15
6317	14
6318	9
6319	13
6320	9
6321	15
6322	7
6323	11
6324	13
6325	10
6326	8
6327	12
6328	17
6329	13
6330	18
6331	10
6332	19
6333	12
6334	8
6335	13
6336	10
6337	8
6338	16
6339	10
6340	17
6341	10
6342	13
6343	11
6344	8
6345	13
6346	14
6347	7
6348	8
6349	5
6350	14
6351	18
6352	14
6353	11
6354	13
6355	9
6356	8
6357	8
6358	8
6359	16
6360	16
6361	12
6362	11
6363	14
6364	16
6365	10
6366	11
6367	8
6368	11
6369	10
6370	15
6371	9
6372	9
6373	18
6374	5
6375	12
6376	20
6377	8
6378	13
6379	12
6380	14
6381	24
6382	13
6383	10
6384	7
6385	10
6386	13
6387	17
6388	15
6389	13
6390	11
6391	15
6392	16
6393	8
6394	10
6395	13
6396	6
6397	14
6398	20
6399	27
6400	16
6401	12
6402	12
6403	12
6404	18
6405	12
6406	8
6407	13
6408	17
6409	23
6410	12
6411	16
6412	18
6413	16
6414	17
6415	13
6416	6
6417	11
6418	13
6419	15
6420	12
6421	11
6422	15
6423	14
6424	21
6425	15
6426	15
6427	12
6428	14
6429	10
6430	11
6431	7
6432	12
6433	20
6434	12
6435	17
6436	7
6437	15
6438	13
6439	17
6440	16
6441	15
6442	15
6443	13
6444	20
6445	8
6446	12
6447	13
6448	10
6449	15
6450	16
6451	7
6452	12
6453	16
6454	11
6455	16
6456	12
6457	14
6458	11
6459	13
6460	25
6461	17
6462	15
6463	13
6464	18
6465	13
6466	14
6467	12
6468	16
6469	17
6470	14
6471	13
6472	12
6473	17
6474	14
6475	12
6476	9
6477	14
6478	14
6479	16
6480	13
6481	17
6482	17
6483	4
6484	13
6485	17
6486	12
6487	18
6488	20
6489	18
6490	20
6491	19
6492	14
6493	16
6494	17
6495	15
6496	16
6497	14
6498	12
6499	15
6500	10
6501	18
6502	21
6503	16
6504	19
6505	13
6506	21
6507	19
6508	20
6509	18
6510	16
6511	11
6512	17
6513	12
6514	13
6515	16
6516	17
6517	21
6518	15
6519	14
6520	19
6521	11
6522	21
6523	14
6524	12
6525	17
6526	15
6527	13
6528	28
6529	25
6530	15
6531	16
6532	17
6533	18
6534	18
6535	24
6536	11
6537	16
6538	19
6539	16
6540	13
6541	9
6542	17
6543	10
6544	18
6545	11
6546	14
6547	11
6548	18
6549	10
6550	18
6551	15
6552	11
6553	8
6554	22
6555	19
6556	21
6557	14
6558	16
6559	10
6560	6
6561	22
6562	14
6563	14
6564	27
6565	17
6566	19
6567	15
6568	17
6569	20
6570	20
6571	17
6572	20
6573	24
6574	19
6575	24
6576	14
6577	20
6578	13
6579	14
6580	13
6581	18
6582	19
6583	27
6584	14
6585	15
6586	16
6587	11
6588	23
6589	15
6590	14
6591	12
6592	16
6593	21
6594	18
6595	16
6596	16
6597	13
6598	19
6599	13
6600	21
6601	14
6602	16
6603	16
6604	8
6605	19
6606	18
6607	13
6608	13
6609	24
6610	13
6611	12
6612	12
6613	12
6614	16
6615	31
6616	12
6617	15
6618	17
6619	21
6620	18
6621	19
6622	16
6623	8
6624	20
6625	18
6626	10
6627	16
6628	26
6629	21
6630	19
6631	20
6632	19
6633	19
6634	21
6635	15
6636	24
6637	20
6638	20
6639	28
6640	16
6641	20
6642	23
6643	13
6644	18
6645	15
6646	21
6647	18
6648	21
6649	21
6650	17
6651	13
6652	12
6653	27
6654	11
6655	17
6656	17
6657	22
6658	18
6659	20
6660	17
6661	18
6662	22
6663	17
6664	17
6665	18
6666	13
6667	22
6668	22
6669	22
6670	20
6671	20
6672	14
6673	20
6674	13
6675	22
6676	13
6677	11
6678	20
6679	18
6680	17
6681	16
6682	18
6683	24
6684	14
6685	19
6686	25
6687	13
6688	27
6689	15
6690	24
6691	25
6692	18
6693	20
6694	14
6695	16
6696	15
6697	20
6698	25
6699	16
6700	16
6701	26
6702	23
6703	11
6704	11
6705	19
6706	19
6707	18
6708	22
6709	18
6710	16
6711	19
6712	24
6713	14
6714	17
6715	20
6716	15
6717	19
6718	22
6719	18
6720	15
6721	17
6722	12
6723	18
6724	11
6725	21
6726	13
6727	16
6728	20
6729	12
6730	19
6731	14
6732	18
6733	14
6734	19
6735	17
6736	12
6737	22
6738	15
6739	21
6740	16
6741	19
6742	13
6743	13
6744	16
6745	14
6746	22
6747	14
6748	18
6749	12
6750	19
6751	12
6752	12
6753	18
6754	17
6755	23
6756	16
6757	19
6758	27
6759	15
6760	14
6761	16
6762	22
6763	24
6764	24
6765	17
6766	17
6767	15
6768	13
6769	10
6770	19
6771	14
6772	12
6773	11
6774	10
6775	18
6776	15
6777	12
6778	20
6779	9
6780	18
6781	13
6782	25
6783	16
6784	12
6785	22
6786	17
6787	18
6788	16
6789	15
6790	8
6791	18
6792	20
6793	22
6794	24
6795	15
6796	19
6797	13
6798	17
6799	18
6800	19
6801	17
6802	12
6803	17
6804	22
6805	10
6806	17
6807	13
6808	13
6809	17
6810	14
6811	15
6812	10
6813	17
6814	22
6815	17
6816	15
6817	16
6818	19
6819	14
6820	13
6821	12
6822	19
6823	15
6824	17
6825	15
6826	15
6827	12
6828	18
6829	10
6830	13
6831	18
6832	21
6833	12
6834	9
6835	12
6836	24
6837	18
6838	15
6839	15
6840	15
6841	12
6842	17
6843	11
6844	15
6845	13
6846	19
6847	16
6848	11
6849	16
6850	20
6851	11
6852	13
6853	10
6854	11
6855	8
6856	13
6857	17
6858	11
6859	11
6860	17
6861	17
6862	14
6863	6
6864	14
6865	16
6866	17
6867	11
6868	19
6869	19
6870	9
6871	15
6872	8
6873	20
6874	4
6875	14
6876	14
6877	8
6878	16
6879	10
6880	17
6881	11
6882	11
6883	11
6884	11
6885	17
6886	12
6887	14
6888	12
6889	12
6890	8
6891	9
6892	12
6893	13
6894	16
6895	15
6896	11
6897	15
6898	14
6899	13
6900	19
6901	8
6902	7
6903	17
6904	10
6905	9
6906	8
6907	13
6908	10
6909	9
6910	8
6911	11
6912	15
6913	14
6914	10
6915	9
6916	11
6917	10
6918	12
6919	11
6920	18
6921	8
6922	10
6923	14
6924	14
6925	11
6926	10
6927	12
6928	8
6929	4
6930	12
6931	13
6932	8
6933	6
6934	15
6935	6
6936	12
6937	9
6938	6
6939	5
6940	11
6941	6
6942	8
6943	13
6944	6
6945	9
6946	4
6947	5
6948	16
6949	9
6950	8
6951	11
6952	12
6953	10
6954	4
6955	6
6956	6
6957	9
6958	12
6959	12
6960	7
6961	7
6962	9
6963	6
6964	12
6965	8
6966	8
6967	8
6968	7
6969	4
6970	5
6971	7
6972	6
6973	4
6974	8
6975	9
6976	2
6977	3
6978	7
6979	7
6980	10
6981	8
6982	6
6983	6
6984	13
6985	7
6986	6
6987	5
6988	1
6989	11
6990	4
6991	7
6992	8
6993	12
6994	8
6995	5
6996	3
6997	8
6998	8
6999	5
7000	10
7001	8
7002	4
7003	6
7004	6
7005	6
7006	3
7007	9
7008	6
7009	11
7010	2
7011	5
7012	7
7013	4
7014	6
7015	4
7016	3
7017	6
7018	7
7019	7
7020	1
7021	6
7022	6
7023	5
7024	7
7025	4
7026	9
7027	5
7028	5
7029	5
7030	4
7031	3
7032	4
7033	5
7034	3
7035	7
7036	4
7037	2
7038	8
7039	1
7040	5
7041	5
7042	4
7043	3
7044	7
7045	7
7046	6
7047	4
7048	6
7049	5
7050	3
7051	2
7052	5
7053	1
7054	6
7055	4
7056	2
7057	0
7058	6
7059	3
7060	2
7061	6
7062	2
7063	1
7064	2
7065	5
7066	2
7067	4
7068	2
7069	5
7070	2
7071	6
7072	0
7073	0
7074	6
7075	4
7076	3
7077	2
7078	7
7079	2
7080	3
7081	5
7082	4
7083	3
7084	4
7085	3
7086	7
7087	4
7088	4
7089	6
7090	1
7091	9
7092	5
7093	1
7094	6
7095	6
7096	1
7097	5
7098	2
7099	2
7100	5
7101	3
7102	1
7103	1
7104	1
7105	1
7106	3
7107	5
7108	0
7109	3
7110	3
7111	0
7112	3
7113	1
7114	2
7115	2
7116	3
7117	3
7118	1
7119	3
7120	5
7121	2
7122	4
7123	0
7124	3
7125	4
7126	2
7127	2
7128	2
7129	1
7130	1
7131	0
7132	1
7133	1
7134	2
7135	0
7136	2
7137	3
7138	1
7139	2
7140	1
7141	2
7142	0
7143	4
7144	0
7145	4
7146	1
7147	1
7148	1
7149	1
7150	0
7151	3
7152	1
7153	2
7154	0
7155	1
7156	4
7157	1
7158	4
7159	1
7160	1
7161	1
7162	2
7163	1
7164	0
7165	1
7166	2
7167	2
7168	1
7169	1
7170	0
7171	1
7172	2
7173	1
7174	1
7175	4
7176	1
7177	1
7178	2
7179	2
7180	4
7181	1
7182	3
7183	0
7184	3
7185	2
7186	2
7187	0
7188	2
7189	0
7190	0
7191	2
7192	1
7193	1
7194	0
7195	1
7196	2
7197	0
7198	3
7199	1
7200	0
7201	2
7202	3
7203	1
7204	0
7205	1
7206	0
7207	0
7208	2
7209	2
7210	4
7211	1
7212	1
7213	1
7214	5
7215	2
7216	4
7217	3
7218	1
7219	1
7220	2
7221	3
7222	4
7223	1
7224	0
7225	1
7226	1
7227	0
7228	0
7229	1
7230	0
7231	2
7232	0
7233	0
7234	3
7235	1
7236	1
7237	0
7238	0
7239	2
7240	1
7241	2
7242	1
7243	0
7244	0
7245	1
7246	1
7247	0
7248	0
7249	0
7250	1
7251	0
7252	0
7253	1
7254	1
7255	0
7256	0
7257	2
7258	0
7259	0
7260	1
7261	1
7262	0
7263	1
7264	1
7265	0
7266	2
7267	0
7268	1
7269	1
7270	0
7271	0
7272	1
7273	1
7274	1
7275	0
7276	1
7277	0
7278	0
7279	1
7280	1
7281	2
7282	2
7283	0
7284	0
7285	3
7286	1
7287	0
7288	0
7289	0
7290	0
7291	0
7292	0
7293	2
7294	0
7295	1
7296	1
7297	3
7298	0
7299	1
7300	1
7301	0
7302	1
7303	0
7304	0
7305	0
7306	0
7307	0
7308	1
7309	0
7310	0
7311	0
7312	1
7313	0
7314	3
7315	0
7316	2
7317	0
7318	1
7319	0
7320	1
7321	3
7322	1
7323	0
7324	0
7325	0
7326	0
7327	0
7328	2
7329	1
7330	1
7331	0
7332	0
7333	2
7334	0
7335	1
7336	0
7337	1
7338	0
7339	0
7340	1
7341	0
7342	0
7343	0
7344	0
7345	0
7346	1
7347	2
7348	1
7349	1
7350	0
7351	0
7352	1
7353	1
7354	0
7355	1
7356	1
7357	1
7358	1
7359	1
7360	1
7361	0
7362	0
7363	0
7364	1
7365	1
7366	0
7367	0
7368	1
7369	0
7370	0
7371	0
7372	1
7373	0
7374	1
7375	2
7376	3
7377	1
7378	0
7379	0
7380	1
7381	1
7382	2
7383	0
7384	0
7385	0
7386	0
7387	0
7388	2
7389	0
7390	0
7391	1
7392	0
7393	0
7394	2
7395	0
7396	0
7397	2
7398	0
7399	0
7400	0
7401	0
7402	0
7403	0
7404	0
7405	0
7406	0
7407	0
7408	1
7409	1
7410	0
7411	2
7412	0
7413	0
7414	0
7415	0
7416	0
7417	0
7418	0
7419	2
7420	0
7421	0
7422	0
7423	3
7424	1
7425	1
7426	0
7427	0
7428	1
7429	1
7430	1
7431	0
7432	0
7433	1
7434	0
7435	0
7436	1
7437	0
7438	1
7439	1
7440	0
7441	1
7442	0
7443	1
7444	0
7445	0
7446	1
7447	1
7448	0
7449	0
7450	0
7451	1
7452	0
7453	1
7454	1
7455	0
7456	0
7457	1
7458	0
7459	0
7460	0
7461	0
7462	0
7463	2
7464	0
7465	1
7466	1
7467	1
7468	1
7469	1
7470	0
7471	1
7472	1
7473	0
7474	0
7475	0
7476	0
7477	0
7478	0
7479	0
7480	0
7481	0
7482	0
7483	1
7484	0
7485	1
7486	0
7487	0
7488	1
7489	0
7490	0
7491	0
7492	0
7493	1
7494	2
7495	1
7496	0
7497	1
7498	0
7499	0
7500	0
7501	1
7502	1
7503	0
7504	0
7505	0
7506	0
7507	2
7508	0
7509	1
7510	1
7511	0
7512	1
7513	1
7514	0
7515	1
7516	0
7517	0
7518	0
7519	1
7520	1
7521	1
7522	0
7523	1
7524	0
7525	0
7526	1
7527	0
7528	1
7529	2
7530	0
7531	1
7532	0
7533	0
7534	0
7535	0
7536	1
7537	0
7538	0
7539	0
7540	0
7541	2
7542	0
7543	0
7544	0
7545	1
7546	0
7547	2
7548	0
7549	0
7550	1
7551	0
7552	1
7553	0
7554	0
7555	1
7556	1
7557	0
7558	0
7559	1
7560	0
7561	0
7562	0
7563	1
7564	0
7565	0
7566	1
7567	1
7568	1
7569	0
7570	0
7571	1
7572	0
7573	1
7574	0
7575	0
7576	3
7577	0
7578	1
7579	1
7580	1
7581	0
7582	0
7583	1
7584	1
7585	2
7586	0
7587	2
7588	1
7589	0
7590	0
7591	0
7592	0
7593	1
7594	0
7595	1
7596	0
7597	2
7598	1
7599	1
7600	0
7601	0
7602	1
7603	1
7604	1
7605	0
7606	0
7607	0
7608	1
7609	0
7610	0
7611	1
7612	0
7613	1
7614	0
7615	1
7616	1
7617	0
7618	1
7619	1
7620	0
7621	0
7622	0
7623	2
7624	1
7625	0
7626	0
7627	0
7628	0
7629	0
7630	1
7631	2
7632	0
7633	0
7634	0
7635	0
7636	2
7637	1
7638	0
7639	1
7640	1
7641	1
7642	0
7643	3
7644	1
7645	0
7646	1
7647	1
7648	0
7649	1
7650	0
7651	0
7652	0
7653	0
7654	0
7655	0
7656	0
7657	0
7658	1
7659	2
7660	0
7661	0
7662	0
7663	0
7664	1
7665	2
7666	1
7667	0
7668	0
7669	0
7670	0
7671	0
7672	0
7673	0
7674	0
7675	0
7676	1
7677	1
7678	0
7679	0
7680	1
7681	1
7682	0
7683	0
7684	1
7685	0
7686	0
7687	1
7688	0
7689	0
7690	0
7691	0
7692	1
7693	0
7694	0
7695	0
7696	0
7697	0
7698	0
7699	1
7700	0
7701	0
7702	0
7703	1
7704	3
7705	0
7706	0
7707	0
7708	1
7709	1
7710	1
7711	2
7712	3
7713	0
7714	0
7715	0
7716	1
7717	1
7718	0
7719	1
7720	0
7721	1
7722	1
7723	0
7724	0
7725	1
7726	0
7727	0
7728	2
7729	1
7730	1
7731	0
7732	0
7733	1
7734	2
7735	2
7736	0
7737	0
7738	1
7739	1
7740	0
7741	1
7742	1
7743	0
7744	0
7745	0
7746	0
7747	0
7748	0
7749	0
7750	0
7751	0
7752	0
7753	0
7754	0
7755	0
7756	0
7757	0
7758	0
7759	0
7760	0
7761	0
7762	0
7763	1
7764	0
7765	0
7766	0
7767	1
7768	0
7769	0
7770	0
7771	1
7772	1
7773	0
7774	0
7775	0
7776	0
7777	0
7778	1
7779	1
7780	0
7781	1
7782	0
7783	0
7784	1
7785	2
7786	2
7787	1
7788	2
7789	0
7790	0
7791	1
7792	0
7793	0
7794	2
7795	1
7796	1
7797	0
7798	0
7799	0
7800	1
7801	0
7802	0
7803	1
7804	0
7805	1
7806	0
7807	0
7808	0
7809	1
7810	1
7811	1
7812	0
7813	1
7814	1
7815	0
7816	1
7817	0
7818	1
7819	0
7820	1
7821	1
7822	1
7823	1
7824	0
7825	1
7826	0
7827	1
7828	0
7829	2
7830	0
7831	1
7832	1
7833	2
7834	0
7835	0
7836	2
7837	1
7838	0
7839	0
7840	0
7841	0
7842	0
7843	3
7844	0
7845	0
7846	0
7847	0
7848	1
7849	0
7850	0
7851	1
7852	0
7853	1
7854	0
7855	1
7856	0
7857	0
7858	0
7859	0
7860	0
7861	1
7862	1
7863	0
7864	1
7865	0
7866	0
7867	0
7868	1
7869	0
7870	0
7871	0
7872	0
7873	2
7874	0
7875	0
7876	1
7877	0
7878	0
7879	1
7880	0
7881	1
7882	1
7883	1
7884	0
7885	0
7886	0
7887	0
7888	0
7889	0
7890	2
7891	0
7892	1
7893	0
7894	1
7895	1
7896	0
7897	1
7898	0
7899	0
7900	0
7901	1
7902	0
7903	0
7904	0
7905	1
7906	0
7907	0
7908	0
7909	0
7910	1
7911	1
7912	1
7913	2
7914	0
7915	2
7916	0
7917	0
7918	0
7919	1
7920	0
7921	0
7922	2
7923	0
7924	0
7925	0
7926	1
7927	2
7928	1
7929	0
7930	0
7931	0
7932	0
7933	0
7934	0
7935	0
7936	0
7937	0
7938	1
7939	0
7940	2
7941	0
7942	1
7943	0
7944	0
7945	0
7946	1
7947	0
7948	0
7949	0
7950	0
7951	1
7952	1
7953	0
7954	1
7955	0
7956	1
7957	2
7958	0
7959	0
7960	0
7961	1
7962	1
7963	1
7964	1
7965	0
7966	1
7967	0
7968	1
7969	0
7970	0
7971	0
7972	0
7973	1
7974	0
7975	1
7976	0
7977	0
7978	0
7979	1
7980	0
7981	0
7982	0
7983	0
7984	0
7985	1
7986	0
7987	0
7988	1
7989	0
7990	0
7991	0
7992	1
7993	0
7994	0
7995	1
7996	1
7997	0
7998	0
7999	0
8000	0
8001	0
8002	0
8003	0
8004	0
8005	0
8006	0
8007	0
8008	0
8009	0
8010	0
8011	0
8012	1
8013	0
8014	0
8015	1
8016	0
8017	0
8018	0
8019	0
8020	1
8021	0
8022	0
8023	1
8024	1
8025	1
8026	0
8027	2
8028	1
8029	1
8030	1
8031	1
8032	1
8033	0
8034	0
8035	1
8036	1
8037	0
8038	1
8039	0
8040	0
8041	1
8042	0
8043	1
8044	0
8045	0
8046	0
8047	0
8048	0
8049	1
8050	0
8051	0
8052	0
8053	0
8054	1
8055	1
8056	0
8057	0
8058	0
8059	0
8060	1
8061	2
8062	1
8063	0
8064	0
8065	0
8066	1
8067	0
8068	1
8069	0
8070	0
8071	0
8072	0
8073	0
8074	1
8075	0
8076	1
8077	0
8078	0
8079	0
8080	0
8081	1
8082	0
8083	0
8084	0
8085	0
8086	1
8087	0
8088	0
8089	0
8090	1
8091	0
8092	0
8093	0
8094	0
8095	0
8096	0
8097	1
8098	0
8099	0
8100	0
8101	0
8102	0
8103	0
8104	0
8105	0
8106	0
8107	0
8108	0
8109	0
8110	0
8111	0
8112	0
8113	0
8114	0
8115	0
8116	0
8117	0
8118	0
8119	0
8120	0
8121	0
8122	0
8123	0
8124	0
8125	0
8126	0
8127	0
8128	0
8129	0
8130	0
8131	0
8132	0
8133	0
8134	0
8135	0
8136	0
8137	0
8138	0
8139	0
8140	0
8141	0
8142	0
8143	0
8144	0
8145	0
8146	0
8147	0
8148	0
8149	0
8150	0
8151	0
8152	0
8153	0
8154	0
8155	0
8156	0
8157	0
8158	0
8159	0
8160	0
8161	0
8162	0
8163	0
8164	0
8165	0
8166	0
8167	0
8168	0
8169	0
8170	0
8171	0
8172	0
8173	0
8174	0
8175	0
8176	0
8177	0
8178	0
8179	0
8180	0
8181	0
8182	0
8183	0
8184	0
8185	0
8186	0
8187	0
8188	0
8189	0
8190	0
8191	0
