0	0
1	0
2	0
3	0
4	0
5	0
6	0
7	0
8	0
9	0
10	0
11	0
12	0
13	0
14	0
15	0
16	0
17	0
18	0
19	0
20	0
21	0
22	0
23	0
24	0
25	0
26	0
27	0
28	0
29	0
30	0
31	0
32	0
33	0
34	0
35	0
36	0
37	0
38	0
39	0
40	0
41	0
42	0
43	0
44	0
45	0
46	0
47	0
48	0
49	0
50	0
51	0
52	0
53	0
54	0
55	0
56	0
57	0
58	0
59	0
60	0
61	0
62	0
63	0
64	0
65	0
66	0
67	0
68	0
69	0
70	0
71	0
72	0
73	0
74	0
75	0
76	0
77	0
78	0
79	0
80	0
81	0
82	0
83	0
84	0
85	0
86	0
87	0
88	0
89	0
90	0
91	0
92	0
93	0
94	0
95	0
96	0
97	0
98	0
99	0
100	0
101	0
102	0
103	0
104	0
105	0
106	0
107	0
108	0
109	0
110	0
111	0
112	0
113	0
114	0
115	0
116	0
117	0
118	0
119	0
120	0
121	0
122	0
123	0
124	0
125	0
126	0
127	0
128	0
129	0
130	0
131	0
132	0
133	0
134	0
135	0
136	0
137	0
138	0
139	0
140	0
141	0
142	0
143	0
144	0
145	0
146	0
147	0
148	0
149	0
150	0
151	0
152	0
153	0
154	0
155	0
156	0
157	0
158	0
159	0
160	0
161	0
162	0
163	0
164	0
165	0
166	0
167	0
168	0
169	0
170	0
171	0
172	0
173	0
174	0
175	0
176	0
177	0
178	0
179	2
180	3
181	18
182	30
183	38
184	51
185	58
186	41
187	37
188	36
189	48
190	39
191	50
192	40
193	41
194	36
195	27
196	36
197	37
198	35
199	43
200	35
201	43
202	34
203	42
204	47
205	30
206	47
207	41
208	29
209	27
210	39
211	30
212	39
213	29
214	28
215	36
216	49
217	29
218	34
219	30
220	31
221	35
222	43
223	33
224	34
225	36
226	36
227	37
228	51
229	33
230	27
231	37
232	34
233	35
234	40
235	27
236	34
237	38
238	40
239	36
240	30
241	32
242	33
243	35
244	31
245	29
246	41
247	33
248	34
249	35
250	45
251	26
252	36
253	25
254	36
255	31
256	42
257	26
258	35
259	41
260	33
261	32
262	43
263	34
264	45
265	28
266	48
267	40
268	30
269	47
270	29
271	27
272	28
273	44
274	43
275	39
276	41
277	29
278	38
279	33
280	30
281	32
282	36
283	24
284	35
285	33
286	37
287	33
288	33
289	46
290	37
291	34
292	29
293	35
294	28
295	42
296	28
297	38
298	38
299	32
300	28
301	42
302	29
303	43
304	39
305	38
306	38
307	38
308	39
309	21
310	30
311	35
312	34
313	42
314	34
315	46
316	37
317	39
318	31
319	32
320	35
321	28
322	33
323	35
324	41
325	44
326	38
327	39
328	23
329	41
330	46
331	33
332	34
333	28
334	50
335	36
336	36
337	38
338	34
339	35
340	33
341	34
342	44
343	27
344	36
345	34
346	39
347	39
348	33
349	37
350	29
351	37
352	38
353	34
354	35
355	37
356	32
357	38
358	42
359	31
360	38
361	33
362	38
363	25
364	51
365	39
366	33
367	41
368	46
369	35
370	41
371	30
372	45
373	50
374	35
375	42
376	39
377	33
378	41
379	37
380	43
381	29
382	42
383	39
384	33
385	42
386	41
387	33
388	28
389	33
390	37
391	41
392	41
393	36
394	39
395	32
396	33
397	42
398	53
399	35
400	42
401	26
402	30
403	41
404	40
405	36
406	42
407	39
408	38
409	37
410	40
411	36
412	34
413	33
414	37
415	48
416	37
417	40
418	43
419	36
420	40
421	44
422	43
423	39
424	45
425	36
426	33
427	35
428	35
429	41
430	32
431	44
432	25
433	45
434	30
435	58
436	38
437	35
438	30
439	44
440	37
441	44
442	49
443	23
444	33
445	41
446	37
447	63
448	31
449	28
450	40
451	37
452	44
453	39
454	38
455	37
456	38
457	45
458	41
459	44
460	35
461	49
462	37
463	39
464	29
465	39
466	41
467	34
468	36
469	48
470	38
471	33
472	36
473	45
474	42
475	40
476	44
477	44
478	34
479	28
480	40
481	42
482	39
483	40
484	50
485	38
486	46
487	38
488	34
489	38
490	31
491	56
492	43
493	35
494	45
495	32
496	36
497	49
498	33
499	41
500	47
501	51
502	41
503	40
504	51
505	53
506	34
507	49
508	34
509	38
510	37
511	31
512	45
513	45
514	44
515	45
516	31
517	42
518	37
519	45
520	38
521	51
522	44
523	48
524	50
525	46
526	43
527	31
528	42
529	31
530	46
531	42
532	32
533	49
534	41
535	42
536	34
537	44
538	45
539	45
540	35
541	43
542	37
543	45
544	48
545	35
546	46
547	33
548	30
549	33
550	53
551	53
552	47
553	45
554	45
555	45
556	42
557	44
558	42
559	37
560	44
561	40
562	35
563	22
564	35
565	41
566	44
567	39
568	38
569	42
570	43
571	45
572	41
573	42
574	33
575	37
576	33
577	47
578	27
579	32
580	43
581	49
582	32
583	38
584	37
585	49
586	28
587	42
588	38
589	41
590	38
591	49
592	39
593	40
594	32
595	40
596	47
597	40
598	36
599	49
600	47
601	36
602	40
603	50
604	42
605	44
606	43
607	34
608	35
609	44
610	37
611	42
612	35
613	33
614	37
615	31
616	45
617	39
618	40
619	42
620	42
621	37
622	32
623	43
624	53
625	38
626	47
627	43
628	58
629	37
630	31
631	47
632	46
633	37
634	37
635	34
636	36
637	47
638	47
639	37
640	35
641	34
642	31
643	36
644	35
645	35
646	35
647	42
648	39
649	46
650	38
651	51
652	35
653	39
654	32
655	49
656	42
657	42
658	46
659	47
660	51
661	34
662	44
663	47
664	35
665	30
666	37
667	47
668	29
669	41
670	49
671	42
672	45
673	35
674	33
675	43
676	47
677	30
678	38
679	40
680	36
681	43
682	44
683	39
684	52
685	41
686	37
687	39
688	33
689	34
690	40
691	27
692	33
693	36
694	50
695	40
696	39
697	62
698	53
699	41
700	50
701	48
702	35
703	41
704	38
705	39
706	48
707	45
708	38
709	42
710	43
711	37
712	34
713	46
714	47
715	36
716	45
717	39
718	40
719	33
720	49
721	43
722	44
723	48
724	40
725	37
726	50
727	37
728	42
729	43
730	48
731	44
732	35
733	59
734	51
735	37
736	38
737	36
738	41
739	44
740	40
741	34
742	52
743	35
744	40
745	40
746	61
747	40
748	56
749	41
750	44
751	50
752	45
753	30
754	45
755	60
756	50
757	58
758	53
759	47
760	55
761	56
762	36
763	69
764	58
765	43
766	53
767	56
768	49
769	50
770	47
771	59
772	42
773	53
774	61
775	54
776	42
777	48
778	49
779	63
780	54
781	56
782	52
783	55
784	46
785	55
786	54
787	55
788	57
789	58
790	55
791	71
792	49
793	55
794	60
795	46
796	65
797	64
798	55
799	54
800	57
801	62
802	63
803	61
804	45
805	73
806	50
807	58
808	61
809	67
810	63
811	76
812	66
813	76
814	67
815	59
816	73
817	81
818	79
819	73
820	57
821	77
822	65
823	74
824	79
825	80
826	49
827	59
828	83
829	88
830	64
831	75
832	77
833	76
834	79
835	85
836	85
837	89
838	89
839	86
840	96
841	70
842	87
843	92
844	81
845	113
846	78
847	82
848	84
849	72
850	87
851	79
852	100
853	72
854	79
855	95
856	90
857	99
858	98
859	86
860	87
861	84
862	99
863	104
864	90
865	96
866	91
867	93
868	91
869	109
870	97
871	82
872	84
873	80
874	79
875	98
876	94
877	93
878	83
879	73
880	95
881	92
882	87
883	88
884	71
885	89
886	75
887	63
888	82
889	89
890	72
891	63
892	77
893	69
894	85
895	83
896	77
897	80
898	72
899	73
900	75
901	73
902	69
903	51
904	75
905	85
906	52
907	70
908	69
909	82
910	46
911	61
912	69
913	73
914	58
915	62
916	64
917	49
918	72
919	67
920	63
921	45
922	61
923	72
924	63
925	47
926	69
927	47
928	54
929	71
930	49
931	66
932	61
933	56
934	51
935	58
936	56
937	62
938	69
939	57
940	63
941	58
942	51
943	59
944	55
945	44
946	58
947	48
948	68
949	57
950	62
951	60
952	67
953	64
954	68
955	71
956	65
957	66
958	54
959	73
960	61
961	60
962	51
963	55
964	55
965	61
966	64
967	61
968	65
969	60
970	65
971	65
972	68
973	58
974	56
975	66
976	59
977	67
978	70
979	83
980	71
981	59
982	60
983	61
984	58
985	65
986	61
987	48
988	57
989	59
990	61
991	60
992	53
993	74
994	58
995	44
996	51
997	58
998	57
999	54
1000	53
1001	46
1002	47
1003	66
1004	64
1005	52
1006	59
1007	59
1008	57
1009	77
1010	56
1011	49
1012	66
1013	52
1014	49
1015	61
1016	57
1017	43
1018	55
1019	56
1020	50
1021	56
1022	50
1023	50
1024	52
1025	61
1026	55
1027	47
1028	44
1029	47
1030	59
1031	56
1032	56
1033	60
1034	53
1035	57
1036	62
1037	45
1038	53
1039	60
1040	54
1041	45
1042	38
1043	63
1044	53
1045	34
1046	61
1047	36
1048	63
1049	60
1050	28
1051	49
1052	49
1053	48
1054	58
1055	56
1056	44
1057	59
1058	51
1059	42
1060	45
1061	52
1062	42
1063	59
1064	57
1065	51
1066	39
1067	44
1068	51
1069	44
1070	43
1071	48
1072	45
1073	39
1074	53
1075	53
1076	43
1077	54
1078	39
1079	38
1080	36
1081	51
1082	55
1083	41
1084	42
1085	46
1086	38
1087	29
1088	40
1089	46
1090	49
1091	49
1092	53
1093	44
1094	56
1095	39
1096	46
1097	47
1098	45
1099	42
1100	58
1101	32
1102	48
1103	50
1104	57
1105	65
1106	39
1107	31
1108	50
1109	47
1110	41
1111	40
1112	62
1113	48
1114	37
1115	35
1116	37
1117	55
1118	58
1119	45
1120	47
1121	61
1122	38
1123	55
1124	40
1125	53
1126	47
1127	42
1128	55
1129	46
1130	32
1131	42
1132	46
1133	43
1134	43
1135	42
1136	58
1137	42
1138	50
1139	48
1140	43
1141	52
1142	61
1143	40
1144	36
1145	30
1146	51
1147	39
1148	47
1149	42
1150	47
1151	36
1152	51
1153	50
1154	53
1155	48
1156	44
1157	36
1158	43
1159	47
1160	47
1161	48
1162	57
1163	45
1164	51
1165	48
1166	47
1167	56
1168	44
1169	45
1170	38
1171	45
1172	61
1173	43
1174	37
1175	57
1176	47
1177	41
1178	58
1179	48
1180	59
1181	42
1182	65
1183	46
1184	54
1185	55
1186	41
1187	50
1188	46
1189	59
1190	49
1191	44
1192	60
1193	47
1194	48
1195	45
1196	48
1197	40
1198	45
1199	58
1200	45
1201	49
1202	61
1203	39
1204	38
1205	51
1206	53
1207	52
1208	59
1209	50
1210	54
1211	53
1212	37
1213	64
1214	45
1215	44
1216	52
1217	52
1218	63
1219	60
1220	54
1221	50
1222	36
1223	43
1224	45
1225	54
1226	48
1227	54
1228	44
1229	50
1230	54
1231	50
1232	55
1233	59
1234	45
1235	34
1236	35
1237	48
1238	46
1239	49
1240	54
1241	47
1242	46
1243	48
1244	35
1245	49
1246	54
1247	51
1248	56
1249	50
1250	62
1251	55
1252	51
1253	53
1254	57
1255	41
1256	57
1257	55
1258	60
1259	66
1260	59
1261	54
1262	49
1263	59
1264	45
1265	54
1266	63
1267	49
1268	56
1269	54
1270	62
1271	63
1272	63
1273	53
1274	47
1275	43
1276	52
1277	52
1278	48
1279	53
1280	57
1281	57
1282	49
1283	46
1284	43
1285	54
1286	63
1287	54
1288	50
1289	52
1290	46
1291	47
1292	65
1293	47
1294	40
1295	63
1296	53
1297	44
1298	55
1299	48
1300	46
1301	65
1302	57
1303	68
1304	61
1305	50
1306	51
1307	45
1308	78
1309	52
1310	51
1311	51
1312	42
1313	54
1314	56
1315	44
1316	49
1317	56
1318	64
1319	48
1320	51
1321	56
1322	62
1323	55
1324	52
1325	52
1326	68
1327	53
1328	55
1329	57
1330	72
1331	58
1332	45
1333	53
1334	50
1335	57
1336	59
1337	61
1338	69
1339	59
1340	52
1341	56
1342	66
1343	55
1344	63
1345	57
1346	50
1347	50
1348	57
1349	57
1350	51
1351	50
1352	48
1353	58
1354	58
1355	55
1356	53
1357	56
1358	61
1359	54
1360	53
1361	56
1362	59
1363	41
1364	65
1365	55
1366	54
1367	51
1368	54
1369	55
1370	53
1371	72
1372	46
1373	74
1374	65
1375	70
1376	66
1377	56
1378	60
1379	61
1380	76
1381	57
1382	60
1383	59
1384	64
1385	58
1386	52
1387	65
1388	68
1389	64
1390	55
1391	54
1392	63
1393	68
1394	56
1395	70
1396	66
1397	63
1398	61
1399	55
1400	65
1401	52
1402	59
1403	57
1404	80
1405	57
1406	57
1407	58
1408	60
1409	69
1410	49
1411	64
1412	64
1413	68
1414	49
1415	63
1416	54
1417	67
1418	58
1419	62
1420	67
1421	50
1422	45
1423	56
1424	48
1425	66
1426	72
1427	51
1428	64
1429	71
1430	57
1431	66
1432	63
1433	68
1434	69
1435	65
1436	66
1437	62
1438	66
1439	58
1440	68
1441	56
1442	67
1443	58
1444	60
1445	61
1446	62
1447	55
1448	66
1449	73
1450	62
1451	62
1452	66
1453	64
1454	76
1455	64
1456	66
1457	71
1458	74
1459	65
1460	61
1461	56
1462	65
1463	63
1464	65
1465	67
1466	49
1467	56
1468	66
1469	59
1470	72
1471	62
1472	61
1473	74
1474	68
1475	77
1476	68
1477	59
1478	65
1479	58
1480	58
1481	74
1482	61
1483	65
1484	52
1485	63
1486	61
1487	66
1488	60
1489	62
1490	68
1491	61
1492	60
1493	59
1494	60
1495	60
1496	62
1497	58
1498	47
1499	77
1500	59
1501	56
1502	65
1503	55
1504	53
1505	60
1506	53
1507	52
1508	54
1509	76
1510	72
1511	69
1512	61
1513	52
1514	68
1515	62
1516	59
1517	70
1518	61
1519	72
1520	58
1521	71
1522	49
1523	78
1524	54
1525	76
1526	61
1527	70
1528	62
1529	57
1530	68
1531	53
1532	55
1533	60
1534	75
1535	66
1536	57
1537	64
1538	72
1539	72
1540	65
1541	78
1542	53
1543	61
1544	76
1545	59
1546	63
1547	69
1548	69
1549	72
1550	60
1551	75
1552	58
1553	61
1554	64
1555	60
1556	70
1557	68
1558	56
1559	60
1560	60
1561	67
1562	74
1563	60
1564	71
1565	70
1566	67
1567	66
1568	69
1569	64
1570	59
1571	67
1572	56
1573	63
1574	55
1575	54
1576	71
1577	67
1578	65
1579	66
1580	55
1581	70
1582	85
1583	77
1584	74
1585	65
1586	71
1587	64
1588	67
1589	39
1590	65
1591	55
1592	64
1593	66
1594	70
1595	67
1596	78
1597	58
1598	67
1599	58
1600	68
1601	71
1602	82
1603	72
1604	86
1605	73
1606	83
1607	46
1608	66
1609	76
1610	69
1611	80
1612	65
1613	68
1614	60
1615	75
1616	56
1617	71
1618	89
1619	61
1620	61
1621	55
1622	71
1623	78
1624	77
1625	75
1626	84
1627	60
1628	81
1629	64
1630	62
1631	68
1632	64
1633	61
1634	67
1635	78
1636	87
1637	73
1638	77
1639	83
1640	67
1641	82
1642	74
1643	65
1644	74
1645	55
1646	76
1647	60
1648	52
1649	68
1650	61
1651	76
1652	76
1653	71
1654	79
1655	82
1656	58
1657	70
1658	82
1659	60
1660	79
1661	60
1662	84
1663	65
1664	81
1665	70
1666	65
1667	78
1668	80
1669	82
1670	74
1671	68
1672	71
1673	62
1674	69
1675	91
1676	70
1677	80
1678	80
1679	71
1680	83
1681	64
1682	67
1683	65
1684	72
1685	80
1686	75
1687	65
1688	74
1689	62
1690	70
1691	71
1692	66
1693	74
1694	80
1695	66
1696	73
1697	85
1698	61
1699	87
1700	72
1701	74
1702	66
1703	73
1704	73
1705	67
1706	79
1707	81
1708	65
1709	71
1710	76
1711	72
1712	76
1713	59
1714	72
1715	76
1716	68
1717	85
1718	73
1719	70
1720	79
1721	69
1722	70
1723	73
1724	60
1725	73
1726	68
1727	81
1728	79
1729	82
1730	70
1731	69
1732	71
1733	70
1734	88
1735	80
1736	73
1737	68
1738	58
1739	73
1740	76
1741	71
1742	73
1743	72
1744	73
1745	60
1746	61
1747	69
1748	82
1749	65
1750	75
1751	70
1752	60
1753	81
1754	54
1755	76
1756	71
1757	79
1758	80
1759	78
1760	80
1761	80
1762	80
1763	84
1764	70
1765	81
1766	84
1767	71
1768	89
1769	80
1770	77
1771	67
1772	78
1773	55
1774	73
1775	79
1776	63
1777	76
1778	72
1779	78
1780	74
1781	82
1782	73
1783	74
1784	102
1785	94
1786	75
1787	72
1788	81
1789	83
1790	71
1791	57
1792	70
1793	68
1794	63
1795	73
1796	84
1797	87
1798	88
1799	65
1800	76
1801	79
1802	87
1803	67
1804	87
1805	79
1806	80
1807	77
1808	83
1809	84
1810	69
1811	79
1812	72
1813	63
1814	87
1815	84
1816	70
1817	71
1818	88
1819	74
1820	70
1821	77
1822	85
1823	89
1824	82
1825	86
1826	72
1827	78
1828	74
1829	75
1830	66
1831	73
1832	86
1833	69
1834	71
1835	65
1836	87
1837	75
1838	91
1839	71
1840	78
1841	70
1842	81
1843	90
1844	94
1845	80
1846	91
1847	85
1848	83
1849	75
1850	97
1851	102
1852	67
1853	95
1854	92
1855	74
1856	85
1857	82
1858	87
1859	82
1860	77
1861	77
1862	86
1863	90
1864	97
1865	83
1866	87
1867	74
1868	94
1869	73
1870	85
1871	92
1872	86
1873	80
1874	76
1875	70
1876	91
1877	90
1878	71
1879	88
1880	85
1881	78
1882	83
1883	94
1884	78
1885	86
1886	88
1887	76
1888	78
1889	80
1890	83
1891	96
1892	81
1893	70
1894	71
1895	75
1896	92
1897	78
1898	80
1899	78
1900	107
1901	63
1902	77
1903	93
1904	80
1905	89
1906	83
1907	83
1908	72
1909	107
1910	70
1911	102
1912	98
1913	74
1914	76
1915	82
1916	80
1917	91
1918	102
1919	86
1920	107
1921	80
1922	75
1923	81
1924	75
1925	103
1926	80
1927	85
1928	96
1929	78
1930	79
1931	68
1932	78
1933	83
1934	74
1935	95
1936	71
1937	68
1938	69
1939	76
1940	92
1941	92
1942	75
1943	84
1944	86
1945	84
1946	79
1947	64
1948	77
1949	106
1950	73
1951	91
1952	72
1953	73
1954	83
1955	84
1956	82
1957	91
1958	87
1959	88
1960	89
1961	84
1962	87
1963	78
1964	85
1965	91
1966	80
1967	90
1968	92
1969	86
1970	73
1971	76
1972	67
1973	82
1974	72
1975	85
1976	84
1977	94
1978	89
1979	89
1980	80
1981	100
1982	75
1983	78
1984	74
1985	96
1986	79
1987	74
1988	84
1989	71
1990	88
1991	102
1992	99
1993	101
1994	74
1995	84
1996	87
1997	81
1998	95
1999	83
2000	96
2001	82
2002	84
2003	71
2004	76
2005	83
2006	72
2007	94
2008	88
2009	74
2010	76
2011	90
2012	73
2013	78
2014	74
2015	93
2016	82
2017	64
2018	84
2019	81
2020	79
2021	83
2022	74
2023	92
2024	68
2025	83
2026	85
2027	95
2028	68
2029	90
2030	81
2031	81
2032	90
2033	85
2034	67
2035	100
2036	90
2037	79
2038	104
2039	86
2040	84
2041	83
2042	78
2043	81
2044	83
2045	84
2046	74
2047	84
2048	85
2049	82
2050	70
2051	76
2052	81
2053	82
2054	87
2055	97
2056	82
2057	71
2058	92
2059	66
2060	89
2061	91
2062	79
2063	81
2064	79
2065	90
2066	81
2067	61
2068	93
2069	89
2070	86
2071	71
2072	77
2073	79
2074	86
2075	80
2076	85
2077	77
2078	84
2079	72
2080	89
2081	88
2082	81
2083	80
2084	78
2085	83
2086	84
2087	106
2088	85
2089	76
2090	73
2091	86
2092	99
2093	76
2094	87
2095	76
2096	75
2097	97
2098	78
2099	75
2100	75
2101	76
2102	87
2103	72
2104	87
2105	82
2106	102
2107	87
2108	84
2109	82
2110	86
2111	83
2112	81
2113	88
2114	91
2115	87
2116	78
2117	87
2118	80
2119	72
2120	84
2121	76
2122	79
2123	86
2124	107
2125	107
2126	89
2127	79
2128	77
2129	68
2130	78
2131	76
2132	76
2133	84
2134	85
2135	84
2136	78
2137	91
2138	84
2139	74
2140	76
2141	82
2142	73
2143	82
2144	86
2145	88
2146	102
2147	102
2148	89
2149	90
2150	80
2151	92
2152	80
2153	100
2154	68
2155	77
2156	80
2157	89
2158	85
2159	81
2160	96
2161	89
2162	90
2163	84
2164	87
2165	100
2166	76
2167	81
2168	89
2169	90
2170	91
2171	76
2172	75
2173	84
2174	83
2175	78
2176	80
2177	86
2178	81
2179	89
2180	85
2181	82
2182	81
2183	70
2184	96
2185	95
2186	90
2187	85
2188	97
2189	83
2190	80
2191	91
2192	92
2193	98
2194	87
2195	82
2196	71
2197	112
2198	97
2199	78
2200	87
2201	77
2202	84
2203	92
2204	82
2205	99
2206	97
2207	104
2208	91
2209	81
2210	94
2211	79
2212	84
2213	94
2214	91
2215	98
2216	84
2217	86
2218	87
2219	95
2220	106
2221	89
2222	94
2223	76
2224	87
2225	97
2226	83
2227	87
2228	87
2229	92
2230	100
2231	81
2232	115
2233	108
2234	86
2235	75
2236	66
2237	104
2238	88
2239	81
2240	74
2241	82
2242	69
2243	101
2244	82
2245	99
2246	84
2247	98
2248	89
2249	88
2250	93
2251	92
2252	95
2253	81
2254	78
2255	81
2256	81
2257	102
2258	74
2259	90
2260	80
2261	90
2262	90
2263	83
2264	97
2265	78
2266	81
2267	71
2268	86
2269	87
2270	79
2271	74
2272	80
2273	78
2274	86
2275	83
2276	93
2277	77
2278	76
2279	76
2280	87
2281	81
2282	86
2283	100
2284	92
2285	73
2286	85
2287	96
2288	71
2289	94
2290	86
2291	85
2292	89
2293	98
2294	86
2295	79
2296	79
2297	81
2298	78
2299	91
2300	92
2301	82
2302	67
2303	91
2304	97
2305	88
2306	84
2307	77
2308	95
2309	85
2310	85
2311	89
2312	81
2313	75
2314	96
2315	93
2316	88
2317	77
2318	88
2319	77
2320	71
2321	70
2322	85
2323	89
2324	73
2325	83
2326	92
2327	94
2328	90
2329	80
2330	78
2331	81
2332	90
2333	85
2334	81
2335	77
2336	90
2337	79
2338	102
2339	89
2340	83
2341	81
2342	81
2343	94
2344	80
2345	85
2346	77
2347	77
2348	76
2349	100
2350	81
2351	104
2352	96
2353	77
2354	93
2355	107
2356	84
2357	89
2358	98
2359	84
2360	105
2361	88
2362	74
2363	80
2364	83
2365	81
2366	91
2367	88
2368	70
2369	99
2370	65
2371	98
2372	87
2373	84
2374	81
2375	95
2376	71
2377	95
2378	94
2379	85
2380	87
2381	75
2382	100
2383	75
2384	78
2385	79
2386	83
2387	98
2388	92
2389	94
2390	83
2391	97
2392	79
2393	67
2394	96
2395	76
2396	88
2397	67
2398	85
2399	91
2400	76
2401	101
2402	79
2403	72
2404	87
2405	85
2406	79
2407	88
2408	69
2409	84
2410	80
2411	92
2412	89
2413	64
2414	83
2415	78
2416	78
2417	77
2418	64
2419	63
2420	83
2421	64
2422	91
2423	89
2424	79
2425	74
2426	99
2427	60
2428	77
2429	72
2430	82
2431	66
2432	77
2433	76
2434	51
2435	79
2436	88
2437	76
2438	64
2439	93
2440	95
2441	71
2442	86
2443	65
2444	68
2445	69
2446	67
2447	64
2448	59
2449	63
2450	71
2451	88
2452	65
2453	86
2454	75
2455	95
2456	67
2457	87
2458	80
2459	68
2460	92
2461	74
2462	69
2463	98
2464	65
2465	77
2466	74
2467	87
2468	65
2469	86
2470	81
2471	73
2472	66
2473	69
2474	63
2475	73
2476	67
2477	74
2478	67
2479	68
2480	95
2481	69
2482	69
2483	61
2484	59
2485	64
2486	87
2487	65
2488	67
2489	63
2490	90
2491	77
2492	74
2493	67
2494	69
2495	78
2496	85
2497	74
2498	71
2499	60
2500	68
2501	73
2502	72
2503	73
2504	84
2505	63
2506	74
2507	93
2508	71
2509	73
2510	71
2511	70
2512	73
2513	71
2514	60
2515	68
2516	73
2517	89
2518	77
2519	69
2520	73
2521	87
2522	67
2523	73
2524	50
2525	60
2526	62
2527	67
2528	72
2529	43
2530	76
2531	80
2532	62
2533	67
2534	79
2535	62
2536	66
2537	74
2538	80
2539	70
2540	52
2541	64
2542	69
2543	88
2544	87
2545	67
2546	57
2547	72
2548	74
2549	78
2550	64
2551	71
2552	71
2553	86
2554	70
2555	68
2556	69
2557	80
2558	68
2559	60
2560	68
2561	55
2562	55
2563	69
2564	75
2565	60
2566	64
2567	77
2568	70
2569	73
2570	70
2571	59
2572	72
2573	70
2574	76
2575	75
2576	60
2577	70
2578	72
2579	76
2580	70
2581	62
2582	64
2583	72
2584	61
2585	72
2586	54
2587	69
2588	62
2589	78
2590	71
2591	49
2592	68
2593	51
2594	80
2595	57
2596	64
2597	65
2598	68
2599	64
2600	73
2601	64
2602	73
2603	57
2604	57
2605	58
2606	67
2607	62
2608	59
2609	68
2610	59
2611	64
2612	65
2613	60
2614	61
2615	80
2616	63
2617	64
2618	64
2619	68
2620	74
2621	47
2622	54
2623	72
2624	67
2625	71
2626	50
2627	59
2628	76
2629	61
2630	74
2631	48
2632	71
2633	58
2634	63
2635	57
2636	70
2637	80
2638	55
2639	58
2640	66
2641	59
2642	67
2643	61
2644	66
2645	53
2646	56
2647	70
2648	62
2649	72
2650	75
2651	44
2652	81
2653	67
2654	60
2655	59
2656	66
2657	66
2658	68
2659	65
2660	55
2661	64
2662	56
2663	78
2664	78
2665	58
2666	56
2667	69
2668	67
2669	57
2670	62
2671	65
2672	87
2673	70
2674	69
2675	55
2676	69
2677	63
2678	54
2679	76
2680	69
2681	69
2682	73
2683	64
2684	65
2685	64
2686	52
2687	49
2688	47
2689	57
2690	71
2691	77
2692	70
2693	65
2694	58
2695	60
2696	60
2697	63
2698	71
2699	50
2700	74
2701	69
2702	64
2703	67
2704	80
2705	60
2706	73
2707	52
2708	64
2709	48
2710	74
2711	62
2712	54
2713	55
2714	79
2715	65
2716	56
2717	71
2718	66
2719	54
2720	67
2721	49
2722	64
2723	68
2724	63
2725	80
2726	49
2727	57
2728	76
2729	65
2730	73
2731	58
2732	59
2733	54
2734	48
2735	68
2736	64
2737	52
2738	73
2739	62
2740	68
2741	62
2742	56
2743	75
2744	61
2745	67
2746	52
2747	76
2748	51
2749	69
2750	55
2751	46
2752	66
2753	69
2754	66
2755	57
2756	62
2757	64
2758	72
2759	58
2760	59
2761	46
2762	66
2763	50
2764	70
2765	49
2766	73
2767	53
2768	67
2769	74
2770	62
2771	53
2772	64
2773	62
2774	73
2775	73
2776	64
2777	67
2778	62
2779	66
2780	62
2781	56
2782	71
2783	55
2784	61
2785	60
2786	63
2787	74
2788	63
2789	70
2790	53
2791	79
2792	68
2793	57
2794	65
2795	58
2796	69
2797	63
2798	73
2799	65
2800	55
2801	67
2802	69
2803	58
2804	68
2805	64
2806	54
2807	57
2808	58
2809	56
2810	61
2811	49
2812	51
2813	46
2814	68
2815	52
2816	43
2817	54
2818	52
2819	76
2820	58
2821	63
2822	71
2823	67
2824	45
2825	59
2826	61
2827	56
2828	54
2829	53
2830	60
2831	60
2832	70
2833	58
2834	72
2835	49
2836	65
2837	67
2838	63
2839	57
2840	60
2841	51
2842	49
2843	47
2844	64
2845	67
2846	59
2847	58
2848	72
2849	61
2850	61
2851	63
2852	44
2853	64
2854	71
2855	65
2856	54
2857	61
2858	57
2859	72
2860	60
2861	51
2862	56
2863	68
2864	56
2865	61
2866	68
2867	58
2868	71
2869	66
2870	55
2871	56
2872	56
2873	61
2874	59
2875	66
2876	57
2877	57
2878	56
2879	63
2880	55
2881	52
2882	48
2883	53
2884	70
2885	55
2886	59
2887	68
2888	47
2889	63
2890	64
2891	59
2892	62
2893	74
2894	67
2895	49
2896	57
2897	68
2898	58
2899	56
2900	71
2901	44
2902	67
2903	56
2904	63
2905	60
2906	43
2907	46
2908	45
2909	54
2910	59
2911	53
2912	46
2913	71
2914	71
2915	66
2916	56
2917	65
2918	74
2919	74
2920	53
2921	58
2922	51
2923	63
2924	56
2925	68
2926	73
2927	43
2928	61
2929	46
2930	64
2931	60
2932	68
2933	64
2934	42
2935	60
2936	57
2937	68
2938	79
2939	73
2940	46
2941	52
2942	60
2943	50
2944	67
2945	50
2946	57
2947	53
2948	67
2949	62
2950	50
2951	47
2952	54
2953	56
2954	65
2955	63
2956	55
2957	66
2958	61
2959	67
2960	50
2961	64
2962	54
2963	54
2964	63
2965	58
2966	54
2967	52
2968	49
2969	58
2970	51
2971	59
2972	59
2973	61
2974	49
2975	62
2976	49
2977	46
2978	63
2979	48
2980	63
2981	70
2982	52
2983	62
2984	50
2985	61
2986	46
2987	58
2988	55
2989	64
2990	63
2991	59
2992	56
2993	39
2994	71
2995	56
2996	57
2997	61
2998	55
2999	46
3000	59
3001	53
3002	43
3003	51
3004	51
3005	65
3006	60
3007	66
3008	44
3009	71
3010	65
3011	59
3012	51
3013	56
3014	48
3015	61
3016	52
3017	56
3018	62
3019	72
3020	53
3021	54
3022	64
3023	57
3024	52
3025	48
3026	55
3027	59
3028	50
3029	57
3030	63
3031	59
3032	72
3033	49
3034	54
3035	63
3036	65
3037	50
3038	46
3039	57
3040	52
3041	64
3042	57
3043	53
3044	54
3045	61
3046	60
3047	47
3048	54
3049	61
3050	49
3051	64
3052	54
3053	63
3054	48
3055	70
3056	76
3057	49
3058	64
3059	59
3060	53
3061	58
3062	71
3063	44
3064	60
3065	57
3066	58
3067	58
3068	55
3069	58
3070	53
3071	45
3072	58
3073	55
3074	59
3075	72
3076	46
3077	55
3078	49
3079	54
3080	50
3081	57
3082	64
3083	57
3084	44
3085	54
3086	59
3087	64
3088	53
3089	53
3090	75
3091	62
3092	65
3093	54
3094	60
3095	60
3096	60
3097	49
3098	62
3099	52
3100	54
3101	50
3102	50
3103	52
3104	46
3105	47
3106	52
3107	70
3108	51
3109	50
3110	62
3111	47
3112	59
3113	54
3114	49
3115	50
3116	58
3117	59
3118	56
3119	56
3120	49
3121	50
3122	62
3123	61
3124	65
3125	51
3126	42
3127	47
3128	59
3129	58
3130	49
3131	51
3132	58
3133	55
3134	53
3135	50
3136	62
3137	46
3138	51
3139	68
3140	60
3141	58
3142	58
3143	45
3144	69
3145	65
3146	48
3147	58
3148	58
3149	52
3150	44
3151	66
3152	65
3153	55
3154	52
3155	63
3156	63
3157	55
3158	66
3159	56
3160	37
3161	59
3162	45
3163	46
3164	68
3165	47
3166	65
3167	56
3168	65
3169	61
3170	54
3171	55
3172	48
3173	56
3174	46
3175	52
3176	60
3177	49
3178	60
3179	50
3180	51
3181	48
3182	52
3183	41
3184	48
3185	46
3186	58
3187	62
3188	63
3189	54
3190	56
3191	64
3192	51
3193	53
3194	54
3195	43
3196	47
3197	55
3198	58
3199	38
3200	60
3201	54
3202	51
3203	62
3204	41
3205	57
3206	53
3207	52
3208	52
3209	43
3210	47
3211	58
3212	55
3213	67
3214	43
3215	64
3216	54
3217	63
3218	52
3219	48
3220	58
3221	61
3222	61
3223	47
3224	68
3225	56
3226	47
3227	45
3228	62
3229	55
3230	44
3231	57
3232	42
3233	47
3234	57
3235	47
3236	56
3237	58
3238	50
3239	48
3240	55
3241	57
3242	56
3243	42
3244	47
3245	61
3246	44
3247	52
3248	61
3249	53
3250	52
3251	52
3252	64
3253	63
3254	51
3255	42
3256	65
3257	56
3258	43
3259	42
3260	51
3261	60
3262	58
3263	55
3264	55
3265	51
3266	52
3267	36
3268	50
3269	52
3270	64
3271	55
3272	54
3273	54
3274	55
3275	62
3276	56
3277	71
3278	58
3279	47
3280	60
3281	51
3282	56
3283	56
3284	50
3285	52
3286	43
3287	49
3288	59
3289	45
3290	52
3291	47
3292	50
3293	57
3294	62
3295	48
3296	51
3297	55
3298	52
3299	49
3300	50
3301	44
3302	41
3303	61
3304	33
3305	41
3306	45
3307	39
3308	51
3309	52
3310	53
3311	55
3312	58
3313	59
3314	49
3315	44
3316	60
3317	56
3318	53
3319	58
3320	45
3321	55
3322	52
3323	51
3324	47
3325	40
3326	55
3327	49
3328	43
3329	43
3330	45
3331	48
3332	61
3333	43
3334	54
3335	48
3336	49
3337	45
3338	59
3339	52
3340	44
3341	51
3342	47
3343	54
3344	47
3345	59
3346	42
3347	57
3348	58
3349	46
3350	70
3351	44
3352	41
3353	45
3354	52
3355	53
3356	41
3357	55
3358	49
3359	45
3360	52
3361	56
3362	58
3363	45
3364	37
3365	57
3366	53
3367	60
3368	50
3369	53
3370	55
3371	52
3372	48
3373	60
3374	49
3375	61
3376	48
3377	43
3378	52
3379	65
3380	48
3381	38
3382	61
3383	64
3384	53
3385	59
3386	48
3387	42
3388	48
3389	55
3390	64
3391	52
3392	38
3393	52
3394	45
3395	63
3396	36
3397	45
3398	61
3399	51
3400	46
3401	44
3402	39
3403	46
3404	52
3405	45
3406	51
3407	49
3408	48
3409	45
3410	38
3411	46
3412	37
3413	57
3414	51
3415	36
3416	61
3417	40
3418	46
3419	53
3420	57
3421	45
3422	51
3423	43
3424	39
3425	54
3426	51
3427	45
3428	55
3429	46
3430	56
3431	48
3432	57
3433	59
3434	51
3435	53
3436	44
3437	53
3438	54
3439	50
3440	57
3441	53
3442	48
3443	51
3444	36
3445	49
3446	54
3447	45
3448	46
3449	54
3450	48
3451	45
3452	43
3453	46
3454	51
3455	52
3456	59
3457	53
3458	52
3459	45
3460	62
3461	53
3462	38
3463	41
3464	55
3465	47
3466	57
3467	47
3468	56
3469	55
3470	52
3471	47
3472	56
3473	55
3474	53
3475	43
3476	42
3477	42
3478	41
3479	52
3480	39
3481	39
3482	54
3483	62
3484	45
3485	44
3486	60
3487	49
3488	50
3489	49
3490	50
3491	46
3492	51
3493	36
3494	46
3495	51
3496	48
3497	43
3498	52
3499	48
3500	39
3501	56
3502	56
3503	39
3504	50
3505	55
3506	54
3507	54
3508	40
3509	48
3510	55
3511	43
3512	47
3513	38
3514	48
3515	54
3516	52
3517	53
3518	42
3519	56
3520	57
3521	50
3522	42
3523	45
3524	45
3525	54
3526	68
3527	38
3528	38
3529	37
3530	41
3531	49
3532	42
3533	47
3534	49
3535	47
3536	42
3537	55
3538	40
3539	40
3540	37
3541	54
3542	36
3543	37
3544	32
3545	40
3546	48
3547	56
3548	37
3549	45
3550	61
3551	45
3552	47
3553	39
3554	52
3555	37
3556	33
3557	48
3558	56
3559	38
3560	41
3561	54
3562	46
3563	58
3564	43
3565	37
3566	36
3567	48
3568	40
3569	45
3570	46
3571	35
3572	54
3573	43
3574	43
3575	36
3576	59
3577	40
3578	38
3579	42
3580	47
3581	41
3582	48
3583	43
3584	50
3585	43
3586	53
3587	48
3588	50
3589	39
3590	36
3591	32
3592	41
3593	49
3594	50
3595	37
3596	49
3597	47
3598	43
3599	43
3600	50
3601	55
3602	47
3603	41
3604	39
3605	36
3606	37
3607	40
3608	58
3609	49
3610	42
3611	52
3612	46
3613	50
3614	46
3615	47
3616	47
3617	52
3618	46
3619	36
3620	37
3621	50
3622	42
3623	35
3624	44
3625	37
3626	51
3627	47
3628	51
3629	44
3630	48
3631	41
3632	40
3633	46
3634	50
3635	56
3636	58
3637	47
3638	48
3639	37
3640	43
3641	48
3642	44
3643	53
3644	52
3645	50
3646	43
3647	47
3648	50
3649	44
3650	45
3651	44
3652	48
3653	51
3654	54
3655	31
3656	42
3657	46
3658	54
3659	41
3660	50
3661	45
3662	39
3663	37
3664	41
3665	38
3666	62
3667	37
3668	49
3669	54
3670	50
3671	55
3672	47
3673	27
3674	47
3675	44
3676	39
3677	34
3678	37
3679	52
3680	43
3681	47
3682	53
3683	50
3684	36
3685	43
3686	46
3687	38
3688	41
3689	43
3690	38
3691	42
3692	51
3693	31
3694	47
3695	40
3696	50
3697	36
3698	46
3699	38
3700	36
3701	36
3702	45
3703	47
3704	37
3705	44
3706	47
3707	46
3708	48
3709	44
3710	49
3711	43
3712	50
3713	46
3714	45
3715	51
3716	43
3717	37
3718	51
3719	37
3720	38
3721	48
3722	48
3723	55
3724	63
3725	42
3726	57
3727	57
3728	42
3729	49
3730	43
3731	41
3732	35
3733	46
3734	45
3735	49
3736	30
3737	51
3738	30
3739	48
3740	51
3741	43
3742	49
3743	45
3744	39
3745	41
3746	34
3747	42
3748	52
3749	40
3750	41
3751	42
3752	44
3753	33
3754	50
3755	47
3756	49
3757	38
3758	35
3759	54
3760	31
3761	50
3762	35
3763	42
3764	41
3765	45
3766	31
3767	44
3768	49
3769	38
3770	36
3771	50
3772	36
3773	48
3774	28
3775	35
3776	39
3777	47
3778	47
3779	41
3780	43
3781	47
3782	55
3783	47
3784	44
3785	46
3786	39
3787	42
3788	35
3789	42
3790	43
3791	43
3792	48
3793	33
3794	31
3795	44
3796	44
3797	42
3798	43
3799	45
3800	36
3801	37
3802	32
3803	48
3804	49
3805	43
3806	37
3807	56
3808	34
3809	47
3810	46
3811	39
3812	52
3813	46
3814	46
3815	41
3816	43
3817	41
3818	38
3819	32
3820	30
3821	29
3822	47
3823	39
3824	52
3825	47
3826	35
3827	41
3828	37
3829	28
3830	37
3831	47
3832	41
3833	50
3834	36
3835	49
3836	40
3837	47
3838	41
3839	30
3840	30
3841	38
3842	45
3843	40
3844	57
3845	34
3846	61
3847	36
3848	31
3849	39
3850	44
3851	45
3852	41
3853	47
3854	33
3855	39
3856	49
3857	43
3858	48
3859	49
3860	36
3861	35
3862	52
3863	43
3864	47
3865	43
3866	39
3867	37
3868	41
3869	37
3870	38
3871	44
3872	45
3873	47
3874	35
3875	43
3876	36
3877	47
3878	30
3879	40
3880	39
3881	41
3882	43
3883	29
3884	39
3885	34
3886	38
3887	37
3888	42
3889	36
3890	46
3891	44
3892	45
3893	54
3894	43
3895	40
3896	40
3897	39
3898	40
3899	39
3900	38
3901	30
3902	38
3903	33
3904	42
3905	31
3906	39
3907	36
3908	37
3909	46
3910	38
3911	37
3912	37
3913	38
3914	37
3915	41
3916	34
3917	38
3918	44
3919	30
3920	36
3921	38
3922	48
3923	49
3924	42
3925	51
3926	37
3927	45
3928	40
3929	36
3930	36
3931	38
3932	29
3933	38
3934	41
3935	38
3936	50
3937	42
3938	34
3939	46
3940	49
3941	33
3942	48
3943	33
3944	42
3945	42
3946	34
3947	32
3948	39
3949	42
3950	42
3951	51
3952	39
3953	48
3954	45
3955	38
3956	43
3957	26
3958	44
3959	43
3960	43
3961	36
3962	38
3963	43
3964	34
3965	42
3966	43
3967	36
3968	41
3969	37
3970	42
3971	35
3972	44
3973	55
3974	43
3975	35
3976	39
3977	50
3978	46
3979	30
3980	40
3981	41
3982	38
3983	35
3984	34
3985	31
3986	39
3987	37
3988	40
3989	31
3990	30
3991	55
3992	45
3993	37
3994	46
3995	53
3996	31
3997	43
3998	42
3999	52
4000	36
4001	46
4002	48
4003	29
4004	53
4005	41
4006	45
4007	45
4008	34
4009	48
4010	41
4011	35
4012	44
4013	34
4014	43
4015	59
4016	38
4017	38
4018	33
4019	30
4020	26
4021	46
4022	34
4023	29
4024	45
4025	32
4026	44
4027	33
4028	36
4029	36
4030	35
4031	38
4032	32
4033	46
4034	38
4035	38
4036	37
4037	36
4038	35
4039	40
4040	38
4041	39
4042	41
4043	28
4044	38
4045	34
4046	41
4047	39
4048	40
4049	44
4050	35
4051	61
4052	42
4053	38
4054	36
4055	34
4056	49
4057	31
4058	49
4059	47
4060	47
4061	45
4062	46
4063	34
4064	52
4065	43
4066	44
4067	32
4068	35
4069	48
4070	40
4071	35
4072	47
4073	43
4074	37
4075	42
4076	43
4077	32
4078	45
4079	46
4080	41
4081	36
4082	36
4083	35
4084	42
4085	42
4086	29
4087	38
4088	33
4089	33
4090	35
4091	42
4092	39
4093	52
4094	38
4095	31
4096	36
4097	37
4098	32
4099	25
4100	40
4101	48
4102	41
4103	35
4104	30
4105	38
4106	40
4107	31
4108	40
4109	34
4110	51
4111	27
4112	39
4113	48
4114	40
4115	39
4116	39
4117	32
4118	36
4119	37
4120	33
4121	38
4122	36
4123	38
4124	39
4125	39
4126	30
4127	44
4128	29
4129	40
4130	30
4131	34
4132	36
4133	45
4134	34
4135	44
4136	32
4137	41
4138	32
4139	41
4140	26
4141	33
4142	40
4143	33
4144	53
4145	31
4146	34
4147	29
4148	39
4149	39
4150	40
4151	35
4152	39
4153	37
4154	51
4155	32
4156	37
4157	22
4158	36
4159	38
4160	39
4161	33
4162	41
4163	31
4164	44
4165	38
4166	25
4167	30
4168	48
4169	41
4170	37
4171	26
4172	43
4173	46
4174	38
4175	40
4176	30
4177	36
4178	37
4179	45
4180	42
4181	27
4182	48
4183	38
4184	43
4185	40
4186	41
4187	37
4188	34
4189	39
4190	37
4191	36
4192	32
4193	37
4194	35
4195	41
4196	32
4197	27
4198	47
4199	29
4200	37
4201	46
4202	22
4203	43
4204	40
4205	33
4206	41
4207	36
4208	31
4209	50
4210	33
4211	40
4212	38
4213	30
4214	32
4215	41
4216	43
4217	47
4218	41
4219	38
4220	53
4221	37
4222	39
4223	38
4224	38
4225	35
4226	40
4227	54
4228	34
4229	29
4230	32
4231	43
4232	34
4233	41
4234	32
4235	55
4236	49
4237	21
4238	30
4239	44
4240	43
4241	44
4242	41
4243	40
4244	34
4245	50
4246	31
4247	36
4248	40
4249	39
4250	36
4251	40
4252	35
4253	33
4254	41
4255	49
4256	32
4257	33
4258	43
4259	41
4260	45
4261	36
4262	30
4263	44
4264	37
4265	36
4266	37
4267	37
4268	46
4269	40
4270	33
4271	32
4272	29
4273	45
4274	34
4275	29
4276	32
4277	42
4278	34
4279	34
4280	38
4281	41
4282	36
4283	42
4284	35
4285	33
4286	36
4287	25
4288	35
4289	37
4290	32
4291	34
4292	38
4293	37
4294	44
4295	33
4296	45
4297	41
4298	38
4299	33
4300	41
4301	40
4302	35
4303	42
4304	35
4305	52
4306	36
4307	32
4308	39
4309	40
4310	40
4311	33
4312	39
4313	45
4314	41
4315	48
4316	59
4317	42
4318	38
4319	29
4320	39
4321	28
4322	52
4323	31
4324	38
4325	30
4326	28
4327	40
4328	42
4329	42
4330	37
4331	41
4332	39
4333	41
4334	58
4335	35
4336	35
4337	43
4338	38
4339	37
4340	41
4341	40
4342	38
4343	38
4344	41
4345	19
4346	34
4347	46
4348	39
4349	35
4350	35
4351	41
4352	39
4353	38
4354	47
4355	31
4356	32
4357	45
4358	47
4359	41
4360	33
4361	34
4362	47
4363	44
4364	35
4365	33
4366	33
4367	40
4368	51
4369	32
4370	42
4371	37
4372	34
4373	39
4374	38
4375	40
4376	37
4377	42
4378	30
4379	41
4380	38
4381	44
4382	34
4383	44
4384	42
4385	39
4386	39
4387	34
4388	34
4389	35
4390	40
4391	42
4392	37
4393	35
4394	42
4395	33
4396	34
4397	40
4398	44
4399	41
4400	42
4401	28
4402	38
4403	59
4404	47
4405	43
4406	43
4407	45
4408	35
4409	38
4410	39
4411	33
4412	49
4413	49
4414	34
4415	39
4416	42
4417	33
4418	46
4419	33
4420	31
4421	28
4422	34
4423	45
4424	40
4425	35
4426	24
4427	37
4428	28
4429	38
4430	41
4431	43
4432	47
4433	39
4434	36
4435	41
4436	30
4437	34
4438	32
4439	45
4440	40
4441	32
4442	37
4443	46
4444	47
4445	55
4446	31
4447	40
4448	42
4449	44
4450	45
4451	29
4452	39
4453	39
4454	34
4455	51
4456	43
4457	33
4458	37
4459	36
4460	37
4461	37
4462	39
4463	48
4464	38
4465	39
4466	31
4467	37
4468	35
4469	33
4470	32
4471	38
4472	47
4473	44
4474	33
4475	36
4476	30
4477	37
4478	52
4479	44
4480	45
4481	43
4482	42
4483	38
4484	40
4485	56
4486	50
4487	43
4488	42
4489	32
4490	40
4491	40
4492	33
4493	30
4494	39
4495	37
4496	37
4497	46
4498	48
4499	41
4500	44
4501	36
4502	43
4503	40
4504	47
4505	39
4506	51
4507	37
4508	33
4509	33
4510	35
4511	46
4512	42
4513	47
4514	32
4515	31
4516	36
4517	33
4518	49
4519	38
4520	43
4521	42
4522	43
4523	41
4524	48
4525	33
4526	37
4527	54
4528	46
4529	45
4530	49
4531	40
4532	50
4533	44
4534	46
4535	43
4536	47
4537	40
4538	47
4539	39
4540	37
4541	40
4542	42
4543	45
4544	46
4545	40
4546	36
4547	42
4548	53
4549	48
4550	44
4551	51
4552	32
4553	37
4554	48
4555	44
4556	45
4557	48
4558	36
4559	51
4560	43
4561	45
4562	45
4563	35
4564	39
4565	41
4566	41
4567	43
4568	51
4569	50
4570	32
4571	47
4572	58
4573	49
4574	49
4575	50
4576	44
4577	45
4578	35
4579	43
4580	52
4581	38
4582	38
4583	47
4584	39
4585	44
4586	42
4587	26
4588	39
4589	39
4590	38
4591	46
4592	46
4593	46
4594	47
4595	51
4596	36
4597	41
4598	44
4599	50
4600	56
4601	54
4602	43
4603	42
4604	52
4605	49
4606	45
4607	63
4608	52
4609	43
4610	49
4611	38
4612	57
4613	52
4614	48
4615	49
4616	48
4617	53
4618	33
4619	44
4620	49
4621	38
4622	41
4623	52
4624	49
4625	47
4626	48
4627	50
4628	50
4629	37
4630	53
4631	40
4632	48
4633	43
4634	35
4635	48
4636	41
4637	40
4638	54
4639	53
4640	55
4641	46
4642	42
4643	41
4644	44
4645	40
4646	54
4647	40
4648	42
4649	50
4650	60
4651	52
4652	41
4653	50
4654	52
4655	36
4656	54
4657	46
4658	37
4659	50
4660	52
4661	69
4662	51
4663	41
4664	48
4665	39
4666	49
4667	43
4668	52
4669	41
4670	47
4671	59
4672	43
4673	50
4674	51
4675	56
4676	50
4677	47
4678	59
4679	37
4680	46
4681	40
4682	54
4683	60
4684	51
4685	36
4686	47
4687	65
4688	48
4689	43
4690	50
4691	52
4692	52
4693	59
4694	65
4695	52
4696	42
4697	58
4698	53
4699	49
4700	43
4701	45
4702	59
4703	43
4704	57
4705	61
4706	60
4707	61
4708	55
4709	59
4710	62
4711	51
4712	49
4713	48
4714	51
4715	50
4716	56
4717	53
4718	53
4719	59
4720	36
4721	54
4722	50
4723	47
4724	61
4725	55
4726	61
4727	52
4728	64
4729	54
4730	58
4731	60
4732	63
4733	63
4734	54
4735	40
4736	50
4737	51
4738	68
4739	55
4740	52
4741	64
4742	46
4743	51
4744	79
4745	62
4746	63
4747	51
4748	47
4749	53
4750	53
4751	62
4752	63
4753	45
4754	60
4755	53
4756	55
4757	51
4758	62
4759	44
4760	62
4761	56
4762	57
4763	44
4764	53
4765	49
4766	61
4767	57
4768	54
4769	58
4770	52
4771	58
4772	61
4773	51
4774	56
4775	53
4776	65
4777	55
4778	67
4779	72
4780	53
4781	47
4782	66
4783	65
4784	63
4785	54
4786	58
4787	52
4788	65
4789	49
4790	61
4791	51
4792	60
4793	65
4794	42
4795	49
4796	57
4797	63
4798	65
4799	52
4800	61
4801	58
4802	61
4803	64
4804	64
4805	56
4806	55
4807	55
4808	60
4809	57
4810	69
4811	48
4812	56
4813	64
4814	51
4815	59
4816	54
4817	66
4818	54
4819	57
4820	67
4821	60
4822	48
4823	63
4824	44
4825	71
4826	56
4827	51
4828	56
4829	54
4830	62
4831	62
4832	57
4833	56
4834	68
4835	72
4836	63
4837	59
4838	61
4839	62
4840	51
4841	68
4842	56
4843	70
4844	62
4845	59
4846	60
4847	62
4848	71
4849	72
4850	74
4851	79
4852	66
4853	62
4854	63
4855	69
4856	50
4857	59
4858	62
4859	58
4860	66
4861	64
4862	64
4863	58
4864	61
4865	74
4866	67
4867	63
4868	58
4869	68
4870	65
4871	61
4872	64
4873	58
4874	57
4875	77
4876	54
4877	57
4878	50
4879	64
4880	55
4881	39
4882	51
4883	75
4884	54
4885	71
4886	70
4887	54
4888	66
4889	56
4890	84
4891	64
4892	60
4893	55
4894	73
4895	65
4896	78
4897	78
4898	55
4899	84
4900	62
4901	51
4902	67
4903	68
4904	60
4905	75
4906	68
4907	60
4908	68
4909	52
4910	61
4911	69
4912	79
4913	85
4914	64
4915	68
4916	53
4917	53
4918	69
4919	62
4920	75
4921	76
4922	65
4923	78
4924	79
4925	62
4926	72
4927	57
4928	64
4929	69
4930	72
4931	72
4932	57
4933	75
4934	69
4935	62
4936	67
4937	69
4938	77
4939	81
4940	67
4941	70
4942	72
4943	68
4944	69
4945	91
4946	69
4947	66
4948	80
4949	58
4950	58
4951	61
4952	82
4953	67
4954	76
4955	67
4956	86
4957	98
4958	51
4959	77
4960	62
4961	77
4962	62
4963	85
4964	64
4965	72
4966	67
4967	69
4968	81
4969	67
4970	90
4971	69
4972	71
4973	71
4974	79
4975	67
4976	71
4977	78
4978	65
4979	75
4980	79
4981	68
4982	67
4983	81
4984	70
4985	82
4986	71
4987	85
4988	82
4989	67
4990	65
4991	69
4992	79
4993	50
4994	69
4995	60
4996	62
4997	72
4998	64
4999	58
5000	63
5001	68
5002	67
5003	79
5004	88
5005	81
5006	64
5007	72
5008	75
5009	80
5010	77
5011	78
5012	66
5013	63
5014	73
5015	69
5016	70
5017	83
5018	83
5019	67
5020	56
5021	68
5022	72
5023	79
5024	69
5025	65
5026	80
5027	71
5028	65
5029	69
5030	88
5031	64
5032	75
5033	78
5034	68
5035	82
5036	78
5037	77
5038	68
5039	82
5040	62
5041	66
5042	70
5043	72
5044	66
5045	85
5046	69
5047	80
5048	83
5049	72
5050	100
5051	94
5052	91
5053	52
5054	66
5055	70
5056	70
5057	85
5058	70
5059	58
5060	68
5061	88
5062	70
5063	62
5064	63
5065	71
5066	87
5067	82
5068	67
5069	70
5070	71
5071	62
5072	83
5073	93
5074	71
5075	75
5076	75
5077	88
5078	80
5079	75
5080	71
5081	73
5082	60
5083	62
5084	87
5085	59
5086	66
5087	89
5088	70
5089	72
5090	86
5091	61
5092	64
5093	79
5094	86
5095	84
5096	84
5097	88
5098	76
5099	81
5100	84
5101	62
5102	84
5103	85
5104	68
5105	85
5106	64
5107	79
5108	69
5109	73
5110	64
5111	74
5112	73
5113	74
5114	79
5115	71
5116	83
5117	64
5118	72
5119	92
5120	79
5121	62
5122	81
5123	74
5124	90
5125	64
5126	65
5127	81
5128	85
5129	67
5130	82
5131	82
5132	79
5133	73
5134	66
5135	82
5136	83
5137	83
5138	76
5139	81
5140	73
5141	88
5142	70
5143	72
5144	78
5145	82
5146	77
5147	72
5148	77
5149	85
5150	85
5151	73
5152	78
5153	71
5154	86
5155	65
5156	63
5157	87
5158	77
5159	87
5160	76
5161	82
5162	78
5163	74
5164	85
5165	81
5166	64
5167	73
5168	78
5169	74
5170	87
5171	74
5172	71
5173	70
5174	70
5175	71
5176	72
5177	81
5178	63
5179	93
5180	67
5181	79
5182	81
5183	71
5184	60
5185	77
5186	67
5187	68
5188	75
5189	71
5190	81
5191	74
5192	69
5193	69
5194	72
5195	74
5196	82
5197	68
5198	76
5199	74
5200	82
5201	84
5202	70
5203	70
5204	86
5205	78
5206	81
5207	88
5208	77
5209	82
5210	73
5211	72
5212	64
5213	86
5214	87
5215	75
5216	66
5217	83
5218	61
5219	60
5220	65
5221	75
5222	68
5223	73
5224	63
5225	79
5226	74
5227	62
5228	88
5229	76
5230	72
5231	77
5232	78
5233	75
5234	82
5235	67
5236	87
5237	73
5238	78
5239	77
5240	63
5241	79
5242	57
5243	79
5244	69
5245	97
5246	80
5247	74
5248	55
5249	85
5250	64
5251	68
5252	74
5253	70
5254	71
5255	77
5256	73
5257	57
5258	80
5259	76
5260	82
5261	79
5262	65
5263	57
5264	78
5265	79
5266	63
5267	68
5268	79
5269	64
5270	72
5271	75
5272	66
5273	73
5274	81
5275	66
5276	67
5277	80
5278	61
5279	68
5280	77
5281	72
5282	58
5283	74
5284	78
5285	78
5286	61
5287	78
5288	92
5289	77
5290	72
5291	78
5292	68
5293	83
5294	64
5295	52
5296	74
5297	72
5298	90
5299	61
5300	82
5301	70
5302	66
5303	63
5304	77
5305	73
5306	54
5307	77
5308	66
5309	83
5310	73
5311	55
5312	62
5313	73
5314	65
5315	66
5316	68
5317	59
5318	70
5319	58
5320	71
5321	66
5322	64
5323	61
5324	83
5325	60
5326	57
5327	76
5328	82
5329	68
5330	60
5331	63
5332	83
5333	71
5334	53
5335	74
5336	65
5337	74
5338	86
5339	62
5340	72
5341	58
5342	70
5343	62
5344	56
5345	62
5346	59
5347	58
5348	77
5349	67
5350	49
5351	67
5352	70
5353	58
5354	57
5355	64
5356	43
5357	71
5358	57
5359	73
5360	71
5361	56
5362	64
5363	51
5364	70
5365	62
5366	74
5367	57
5368	83
5369	65
5370	67
5371	61
5372	62
5373	55
5374	63
5375	68
5376	65
5377	64
5378	72
5379	62
5380	66
5381	70
5382	74
5383	61
5384	54
5385	71
5386	59
5387	68
5388	63
5389	67
5390	55
5391	66
5392	64
5393	71
5394	74
5395	70
5396	62
5397	61
5398	59
5399	69
5400	83
5401	61
5402	68
5403	62
5404	64
5405	59
5406	55
5407	61
5408	58
5409	63
5410	72
5411	57
5412	74
5413	63
5414	58
5415	75
5416	56
5417	59
5418	66
5419	60
5420	55
5421	54
5422	54
5423	61
5424	65
5425	61
5426	59
5427	75
5428	57
5429	59
5430	71
5431	72
5432	67
5433	65
5434	52
5435	62
5436	69
5437	61
5438	51
5439	61
5440	67
5441	58
5442	53
5443	57
5444	62
5445	73
5446	61
5447	58
5448	59
5449	60
5450	63
5451	55
5452	54
5453	51
5454	47
5455	62
5456	71
5457	56
5458	50
5459	58
5460	50
5461	75
5462	68
5463	62
5464	72
5465	57
5466	52
5467	55
5468	52
5469	45
5470	56
5471	67
5472	57
5473	57
5474	46
5475	45
5476	47
5477	56
5478	68
5479	61
5480	51
5481	71
5482	61
5483	62
5484	44
5485	57
5486	68
5487	57
5488	62
5489	59
5490	62
5491	42
5492	59
5493	56
5494	62
5495	58
5496	53
5497	49
5498	56
5499	59
5500	60
5501	51
5502	53
5503	63
5504	46
5505	51
5506	72
5507	49
5508	47
5509	60
5510	56
5511	57
5512	60
5513	61
5514	55
5515	60
5516	57
5517	63
5518	56
5519	57
5520	74
5521	58
5522	62
5523	53
5524	56
5525	50
5526	53
5527	52
5528	59
5529	47
5530	47
5531	46
5532	55
5533	65
5534	60
5535	57
5536	58
5537	62
5538	46
5539	66
5540	46
5541	41
5542	55
5543	50
5544	48
5545	47
5546	41
5547	45
5548	62
5549	55
5550	60
5551	53
5552	48
5553	55
5554	42
5555	44
5556	54
5557	45
5558	42
5559	40
5560	63
5561	52
5562	46
5563	54
5564	43
5565	49
5566	57
5567	44
5568	51
5569	59
5570	50
5571	54
5572	51
5573	42
5574	44
5575	45
5576	46
5577	48
5578	46
5579	48
5580	61
5581	38
5582	55
5583	37
5584	55
5585	63
5586	31
5587	50
5588	62
5589	54
5590	40
5591	50
5592	43
5593	41
5594	54
5595	39
5596	46
5597	57
5598	36
5599	45
5600	42
5601	58
5602	43
5603	60
5604	56
5605	48
5606	40
5607	39
5608	46
5609	51
5610	49
5611	58
5612	48
5613	46
5614	51
5615	47
5616	48
5617	46
5618	47
5619	33
5620	37
5621	41
5622	52
5623	49
5624	39
5625	54
5626	36
5627	42
5628	38
5629	48
5630	56
5631	52
5632	59
5633	47
5634	59
5635	45
5636	45
5637	43
5638	41
5639	49
5640	48
5641	44
5642	51
5643	37
5644	41
5645	48
5646	37
5647	43
5648	51
5649	30
5650	50
5651	44
5652	45
5653	36
5654	51
5655	50
5656	40
5657	51
5658	36
5659	44
5660	32
5661	49
5662	40
5663	36
5664	40
5665	49
5666	34
5667	32
5668	32
5669	46
5670	39
5671	39
5672	51
5673	41
5674	40
5675	39
5676	47
5677	41
5678	41
5679	42
5680	42
5681	40
5682	53
5683	53
5684	41
5685	41
5686	26
5687	42
5688	43
5689	37
5690	38
5691	39
5692	37
5693	38
5694	38
5695	34
5696	31
5697	29
5698	51
5699	39
5700	47
5701	44
5702	45
5703	44
5704	46
5705	40
5706	49
5707	33
5708	41
5709	41
5710	41
5711	47
5712	37
5713	39
5714	36
5715	44
5716	48
5717	39
5718	33
5719	39
5720	43
5721	34
5722	36
5723	31
5724	29
5725	40
5726	36
5727	35
5728	21
5729	35
5730	43
5731	44
5732	36
5733	41
5734	29
5735	45
5736	36
5737	47
5738	43
5739	30
5740	31
5741	38
5742	34
5743	30
5744	35
5745	25
5746	38
5747	40
5748	38
5749	32
5750	27
5751	36
5752	39
5753	37
5754	40
5755	33
5756	37
5757	32
5758	33
5759	35
5760	37
5761	33
5762	33
5763	32
5764	34
5765	46
5766	41
5767	38
5768	46
5769	33
5770	29
5771	33
5772	45
5773	36
5774	37
5775	30
5776	30
5777	28
5778	27
5779	27
5780	26
5781	36
5782	34
5783	31
5784	30
5785	34
5786	36
5787	36
5788	44
5789	35
5790	26
5791	34
5792	41
5793	29
5794	26
5795	27
5796	38
5797	40
5798	35
5799	31
5800	30
5801	25
5802	34
5803	25
5804	26
5805	28
5806	30
5807	42
5808	36
5809	39
5810	37
5811	30
5812	30
5813	32
5814	37
5815	29
5816	31
5817	28
5818	28
5819	25
5820	37
5821	26
5822	27
5823	39
5824	31
5825	35
5826	31
5827	34
5828	36
5829	32
5830	24
5831	37
5832	30
5833	29
5834	24
5835	32
5836	30
5837	22
5838	38
5839	33
5840	35
5841	26
5842	28
5843	40
5844	26
5845	31
5846	38
5847	30
5848	20
5849	37
5850	37
5851	32
5852	24
5853	24
5854	28
5855	20
5856	36
5857	25
5858	26
5859	30
5860	35
5861	32
5862	26
5863	34
5864	28
5865	32
5866	31
5867	29
5868	26
5869	21
5870	32
5871	34
5872	40
5873	31
5874	28
5875	27
5876	37
5877	27
5878	27
5879	21
5880	24
5881	26
5882	27
5883	40
5884	38
5885	32
5886	28
5887	36
5888	27
5889	26
5890	33
5891	36
5892	23
5893	20
5894	31
5895	26
5896	23
5897	23
5898	24
5899	24
5900	22
5901	35
5902	35
5903	27
5904	30
5905	24
5906	33
5907	29
5908	29
5909	29
5910	19
5911	24
5912	32
5913	18
5914	22
5915	19
5916	23
5917	14
5918	25
5919	20
5920	28
5921	24
5922	26
5923	34
5924	25
5925	22
5926	22
5927	35
5928	25
5929	22
5930	23
5931	28
5932	27
5933	23
5934	30
5935	27
5936	28
5937	28
5938	23
5939	24
5940	25
5941	25
5942	36
5943	39
5944	23
5945	25
5946	24
5947	35
5948	23
5949	26
5950	24
5951	27
5952	24
5953	30
5954	23
5955	24
5956	29
5957	21
5958	20
5959	31
5960	27
5961	21
5962	23
5963	28
5964	14
5965	25
5966	29
5967	19
5968	21
5969	23
5970	16
5971	22
5972	20
5973	25
5974	30
5975	22
5976	16
5977	27
5978	21
5979	19
5980	18
5981	19
5982	22
5983	20
5984	21
5985	21
5986	23
5987	21
5988	29
5989	21
5990	22
5991	24
5992	29
5993	21
5994	21
5995	21
5996	16
5997	29
5998	24
5999	24
6000	25
6001	16
6002	19
6003	24
6004	15
6005	30
6006	30
6007	16
6008	18
6009	25
6010	14
6011	22
6012	18
6013	26
6014	26
6015	17
6016	21
6017	15
6018	16
6019	19
6020	28
6021	19
6022	17
6023	26
6024	28
6025	17
6026	31
6027	20
6028	20
6029	17
6030	21
6031	22
6032	19
6033	25
6034	24
6035	25
6036	25
6037	22
6038	27
6039	16
6040	20
6041	24
6042	19
6043	13
6044	26
6045	19
6046	14
6047	14
6048	20
6049	24
6050	18
6051	21
6052	21
6053	26
6054	14
6055	25
6056	23
6057	12
6058	18
6059	21
6060	21
6061	16
6062	21
6063	24
6064	16
6065	28
6066	9
6067	15
6068	23
6069	25
6070	17
6071	22
6072	15
6073	24
6074	13
6075	23
6076	28
6077	17
6078	15
6079	13
6080	12
6081	23
6082	18
6083	18
6084	18
6085	20
6086	19
6087	20
6088	18
6089	20
6090	20
6091	20
6092	17
6093	17
6094	13
6095	18
6096	23
6097	15
6098	21
6099	15
6100	16
6101	14
6102	13
6103	15
6104	14
6105	13
6106	17
6107	20
6108	23
6109	26
6110	26
6111	13
6112	18
6113	22
6114	19
6115	13
6116	27
6117	18
6118	19
6119	13
6120	18
6121	17
6122	11
6123	16
6124	12
6125	14
6126	19
6127	13
6128	17
6129	16
6130	25
6131	14
6132	22
6133	14
6134	14
6135	20
6136	18
6137	19
6138	16
6139	26
6140	16
6141	21
6142	24
6143	17
6144	16
6145	24
6146	15
6147	16
6148	11
6149	22
6150	11
6151	16
6152	17
6153	8
6154	15
6155	11
6156	19
6157	22
6158	17
6159	18
6160	18
6161	19
6162	11
6163	14
6164	15
6165	19
6166	16
6167	26
6168	10
6169	15
6170	15
6171	18
6172	16
6173	11
6174	14
6175	9
6176	12
6177	10
6178	18
6179	11
6180	16
6181	19
6182	20
6183	15
6184	9
6185	14
6186	15
6187	17
6188	14
6189	10
6190	19
6191	11
6192	11
6193	14
6194	10
6195	19
6196	14
6197	19
6198	18
6199	14
6200	17
6201	19
6202	11
6203	13
6204	21
6205	20
6206	14
6207	10
6208	13
6209	16
6210	20
6211	15
6212	15
6213	16
6214	15
6215	16
6216	13
6217	21
6218	11
6219	12
6220	16
6221	14
6222	14
6223	19
6224	14
6225	14
6226	18
6227	16
6228	20
6229	16
6230	22
6231	12
6232	16
6233	13
6234	15
6235	15
6236	22
6237	17
6238	17
6239	20
6240	14
6241	17
6242	13
6243	13
6244	16
6245	17
6246	9
6247	19
6248	17
6249	13
6250	18
6251	12
6252	12
6253	19
6254	15
6255	13
6256	18
6257	19
6258	18
6259	11
6260	15
6261	14
6262	15
6263	9
6264	15
6265	20
6266	12
6267	13
6268	15
6269	13
6270	21
6271	19
6272	13
6273	10
6274	15
6275	16
6276	17
6277	15
6278	18
6279	13
6280	10
6281	18
6282	16
6283	13
6284	19
6285	7
6286	15
6287	12
6288	12
6289	17
6290	11
6291	13
6292	14
6293	11
6294	15
6295	9
6296	12
6297	7
6298	13
6299	6
6300	15
6301	9
6302	23
6303	9
6304	7
6305	13
6306	22
6307	14
6308	12
6309	22
6310	12
6311	10
6312	12
6313	16
6314	18
6315	10
6316	9
6317	12
6318	13
6319	9
6320	17
6321	9
6322	11
6323	9
6324	7
6325	12
6326	17
6327	17
6328	8
6329	15
6330	13
6331	5
6332	15
6333	8
6334	13
6335	13
6336	15
6337	14
6338	13
6339	10
6340	22
6341	19
6342	14
6343	12
6344	13
6345	7
6346	12
6347	12
6348	13
6349	12
6350	10
6351	17
6352	18
6353	16
6354	17
6355	9
6356	16
6357	15
6358	11
6359	9
6360	13
6361	15
6362	19
6363	8
6364	13
6365	15
6366	18
6367	10
6368	11
6369	9
6370	10
6371	11
6372	15
6373	9
6374	19
6375	9
6376	15
6377	14
6378	12
6379	22
6380	9
6381	10
6382	13
6383	12
6384	17
6385	14
6386	14
6387	11
6388	22
6389	13
6390	9
6391	14
6392	8
6393	25
6394	12
6395	9
6396	18
6397	16
6398	8
6399	12
6400	12
6401	14
6402	14
6403	12
6404	12
6405	12
6406	18
6407	14
6408	11
6409	17
6410	11
6411	19
6412	8
6413	8
6414	15
6415	15
6416	14
6417	13
6418	12
6419	11
6420	12
6421	18
6422	10
6423	13
6424	12
6425	12
6426	13
6427	9
6428	13
6429	14
6430	15
6431	11
6432	21
6433	11
6434	18
6435	16
6436	15
6437	11
6438	13
6439	7
6440	14
6441	15
6442	9
6443	11
6444	14
6445	7
6446	11
6447	13
6448	16
6449	13
6450	15
6451	17
6452	10
6453	14
6454	24
6455	11
6456	14
6457	16
6458	17
6459	10
6460	15
6461	16
6462	18
6463	15
6464	12
6465	13
6466	8
6467	16
6468	14
6469	17
6470	16
6471	16
6472	9
6473	15
6474	16
6475	13
6476	12
6477	11
6478	13
6479	12
6480	13
6481	9
6482	6
6483	14
6484	16
6485	18
6486	11
6487	15
6488	14
6489	24
6490	22
6491	16
6492	4
6493	10
6494	15
6495	12
6496	8
6497	10
6498	12
6499	16
6500	11
6501	13
6502	11
6503	19
6504	10
6505	15
6506	13
6507	10
6508	6
6509	13
6510	15
6511	12
6512	16
6513	16
6514	19
6515	9
6516	19
6517	13
6518	8
6519	13
6520	18
6521	14
6522	17
6523	16
6524	10
6525	16
6526	9
6527	12
6528	15
6529	20
6530	16
6531	18
6532	12
6533	14
6534	11
6535	7
6536	14
6537	14
6538	13
6539	19
6540	9
6541	14
6542	16
6543	19
6544	14
6545	8
6546	17
6547	25
6548	18
6549	11
6550	12
6551	19
6552	13
6553	11
6554	15
6555	24
6556	10
6557	23
6558	14
6559	17
6560	7
6561	16
6562	14
6563	12
6564	20
6565	15
6566	14
6567	19
6568	14
6569	15
6570	9
6571	23
6572	14
6573	19
6574	17
6575	15
6576	18
6577	12
6578	18
6579	15
6580	21
6581	18
6582	23
6583	15
6584	17
6585	13
6586	19
6587	14
6588	10
6589	13
6590	16
6591	12
6592	10
6593	9
6594	9
6595	11
6596	6
6597	14
6598	16
6599	10
6600	18
6601	12
6602	18
6603	18
6604	15
6605	15
6606	11
6607	15
6608	24
6609	9
6610	17
6611	10
6612	17
6613	14
6614	20
6615	16
6616	15
6617	13
6618	17
6619	12
6620	16
6621	17
6622	9
6623	12
6624	13
6625	15
6626	22
6627	22
6628	11
6629	9
6630	12
6631	22
6632	15
6633	16
6634	15
6635	15
6636	13
6637	13
6638	19
6639	7
6640	4
6641	19
6642	16
6643	15
6644	8
6645	17
6646	14
6647	12
6648	17
6649	17
6650	10
6651	12
6652	12
6653	13
6654	18
6655	14
6656	13
6657	14
6658	9
6659	12
6660	20
6661	13
6662	15
6663	20
6664	16
6665	11
6666	18
6667	17
6668	15
6669	19
6670	11
6671	21
6672	15
6673	13
6674	16
6675	17
6676	17
6677	11
6678	17
6679	8
6680	17
6681	15
6682	12
6683	14
6684	11
6685	23
6686	14
6687	11
6688	13
6689	11
6690	8
6691	14
6692	18
6693	14
6694	14
6695	21
6696	14
6697	14
6698	15
6699	10
6700	16
6701	15
6702	15
6703	16
6704	12
6705	14
6706	8
6707	14
6708	11
6709	21
6710	14
6711	17
6712	16
6713	18
6714	14
6715	13
6716	15
6717	12
6718	11
6719	11
6720	19
6721	14
6722	9
6723	15
6724	12
6725	12
6726	10
6727	9
6728	16
6729	11
6730	11
6731	11
6732	13
6733	12
6734	15
6735	18
6736	14
6737	12
6738	12
6739	15
6740	18
6741	17
6742	12
6743	16
6744	11
6745	12
6746	14
6747	16
6748	18
6749	15
6750	12
6751	16
6752	13
6753	10
6754	21
6755	9
6756	18
6757	12
6758	10
6759	18
6760	16
6761	10
6762	15
6763	16
6764	10
6765	13
6766	15
6767	12
6768	14
6769	16
6770	20
6771	20
6772	10
6773	11
6774	4
6775	12
6776	12
6777	14
6778	14
6779	20
6780	8
6781	10
6782	10
6783	9
6784	13
6785	13
6786	15
6787	12
6788	10
6789	9
6790	9
6791	7
6792	14
6793	8
6794	16
6795	10
6796	13
6797	5
6798	8
6799	11
6800	13
6801	12
6802	12
6803	13
6804	13
6805	10
6806	13
6807	9
6808	17
6809	10
6810	14
6811	5
6812	10
6813	7
6814	13
6815	12
6816	14
6817	12
6818	5
6819	6
6820	4
6821	20
6822	9
6823	11
6824	7
6825	13
6826	12
6827	13
6828	14
6829	14
6830	17
6831	7
6832	14
6833	7
6834	14
6835	7
6836	13
6837	8
6838	9
6839	12
6840	20
6841	8
6842	9
6843	7
6844	12
6845	15
6846	20
6847	8
6848	11
6849	12
6850	10
6851	13
6852	18
6853	10
6854	14
6855	9
6856	10
6857	11
6858	14
6859	16
6860	14
6861	5
6862	11
6863	6
6864	14
6865	7
6866	9
6867	13
6868	15
6869	16
6870	14
6871	15
6872	11
6873	7
6874	7
6875	9
6876	13
6877	11
6878	12
6879	12
6880	16
6881	8
6882	11
6883	11
6884	15
6885	5
6886	9
6887	6
6888	9
6889	20
6890	12
6891	13
6892	9
6893	5
6894	7
6895	14
6896	12
6897	10
6898	10
6899	9
6900	7
6901	6
6902	8
6903	8
6904	6
6905	12
6906	8
6907	5
6908	13
6909	5
6910	9
6911	6
6912	6
6913	4
6914	8
6915	3
6916	10
6917	11
6918	6
6919	9
6920	6
6921	6
6922	6
6923	10
6924	8
6925	3
6926	12
6927	5
6928	5
6929	5
6930	4
6931	6
6932	12
6933	6
6934	2
6935	11
6936	8
6937	11
6938	6
6939	9
6940	7
6941	6
6942	8
6943	7
6944	9
6945	5
6946	3
6947	7
6948	8
6949	11
6950	4
6951	7
6952	8
6953	6
6954	7
6955	8
6956	9
6957	6
6958	5
6959	7
6960	9
6961	6
6962	6
6963	7
6964	6
6965	6
6966	5
6967	8
6968	8
6969	6
6970	5
6971	9
6972	4
6973	3
6974	5
6975	11
6976	8
6977	5
6978	6
6979	5
6980	4
6981	5
6982	3
6983	5
6984	3
6985	7
6986	2
6987	4
6988	5
6989	3
6990	3
6991	7
6992	9
6993	2
6994	2
6995	6
6996	6
6997	3
6998	8
6999	8
7000	6
7001	5
7002	3
7003	5
7004	3
7005	6
7006	4
7007	5
7008	6
7009	7
7010	3
7011	6
7012	3
7013	3
7014	8
7015	3
7016	2
7017	5
7018	3
7019	8
7020	5
7021	4
7022	5
7023	4
7024	4
7025	5
7026	7
7027	9
7028	5
7029	8
7030	3
7031	2
7032	7
7033	6
7034	3
7035	3
7036	1
7037	2
7038	2
7039	3
7040	3
7041	1
7042	6
7043	1
7044	2
7045	4
7046	6
7047	5
7048	5
7049	2
7050	1
7051	5
7052	2
7053	1
7054	5
7055	3
7056	6
7057	8
7058	3
7059	3
7060	4
7061	3
7062	0
7063	4
7064	1
7065	2
7066	3
7067	3
7068	2
7069	4
7070	1
7071	3
7072	2
7073	2
7074	1
7075	1
7076	2
7077	2
7078	4
7079	2
7080	4
7081	4
7082	6
7083	3
7084	3
7085	4
7086	1
7087	3
7088	1
7089	1
7090	3
7091	2
7092	6
7093	0
7094	3
7095	3
7096	5
7097	1
7098	2
7099	4
7100	0
7101	2
7102	2
7103	1
7104	1
7105	3
7106	0
7107	4
7108	4
7109	3
7110	2
7111	0
7112	0
7113	0
7114	1
7115	4
7116	3
7117	1
7118	3
7119	1
7120	4
7121	0
7122	1
7123	1
7124	1
7125	4
7126	2
7127	0
7128	1
7129	4
7130	1
7131	1
7132	4
7133	2
7134	0
7135	2
7136	1
7137	4
7138	0
7139	1
7140	2
7141	2
7142	2
7143	0
7144	1
7145	1
7146	0
7147	2
7148	2
7149	3
7150	1
7151	4
7152	2
7153	1
7154	0
7155	0
7156	4
7157	2
7158	3
7159	4
7160	1
7161	0
7162	1
7163	0
7164	2
7165	1
7166	1
7167	0
7168	0
7169	2
7170	2
7171	0
7172	1
7173	2
7174	2
7175	1
7176	1
7177	0
7178	1
7179	0
7180	0
7181	1
7182	1
7183	1
7184	0
7185	3
7186	0
7187	1
7188	2
7189	1
7190	3
7191	2
7192	1
7193	0
7194	0
7195	0
7196	2
7197	0
7198	1
7199	2
7200	3
7201	0
7202	3
7203	0
7204	2
7205	3
7206	1
7207	0
7208	0
7209	0
7210	0
7211	2
7212	1
7213	2
7214	1
7215	1
7216	0
7217	0
7218	1
7219	2
7220	0
7221	0
7222	1
7223	1
7224	4
7225	0
7226	1
7227	2
7228	0
7229	3
7230	1
7231	1
7232	0
7233	0
7234	1
7235	1
7236	0
7237	0
7238	2
7239	0
7240	1
7241	0
7242	2
7243	1
7244	0
7245	0
7246	1
7247	0
7248	1
7249	0
7250	0
7251	1
7252	0
7253	0
7254	0
7255	0
7256	1
7257	0
7258	0
7259	1
7260	2
7261	0
7262	0
7263	1
7264	3
7265	0
7266	0
7267	1
7268	0
7269	0
7270	0
7271	0
7272	2
7273	1
7274	0
7275	1
7276	1
7277	0
7278	0
7279	1
7280	1
7281	2
7282	1
7283	1
7284	0
7285	0
7286	1
7287	1
7288	0
7289	0
7290	1
7291	0
7292	1
7293	0
7294	0
7295	0
7296	3
7297	0
7298	1
7299	1
7300	3
7301	1
7302	0
7303	1
7304	0
7305	1
7306	0
7307	1
7308	0
7309	2
7310	1
7311	0
7312	1
7313	0
7314	0
7315	1
7316	0
7317	3
7318	0
7319	0
7320	0
7321	0
7322	0
7323	1
7324	2
7325	2
7326	0
7327	2
7328	1
7329	0
7330	1
7331	0
7332	0
7333	0
7334	0
7335	1
7336	1
7337	1
7338	0
7339	2
7340	0
7341	0
7342	0
7343	1
7344	0
7345	1
7346	0
7347	0
7348	2
7349	1
7350	1
7351	1
7352	0
7353	0
7354	1
7355	0
7356	0
7357	1
7358	0
7359	0
7360	0
7361	0
7362	3
7363	1
7364	2
7365	0
7366	0
7367	0
7368	0
7369	0
7370	0
7371	0
7372	1
7373	1
7374	1
7375	0
7376	0
7377	1
7378	2
7379	2
7380	0
7381	1
7382	1
7383	0
7384	0
7385	0
7386	0
7387	0
7388	1
7389	1
7390	0
7391	1
7392	0
7393	0
7394	0
7395	2
7396	0
7397	1
7398	0
7399	3
7400	0
7401	1
7402	0
7403	1
7404	1
7405	0
7406	0
7407	0
7408	1
7409	0
7410	0
7411	0
7412	2
7413	1
7414	1
7415	0
7416	0
7417	1
7418	2
7419	1
7420	2
7421	1
7422	1
7423	0
7424	0
7425	2
7426	0
7427	1
7428	1
7429	0
7430	3
7431	2
7432	0
7433	1
7434	1
7435	1
7436	2
7437	1
7438	1
7439	2
7440	1
7441	0
7442	0
7443	0
7444	0
7445	1
7446	2
7447	0
7448	0
7449	0
7450	1
7451	0
7452	0
7453	0
7454	0
7455	0
7456	0
7457	1
7458	1
7459	0
7460	2
7461	1
7462	0
7463	0
7464	1
7465	0
7466	1
7467	0
7468	0
7469	2
7470	1
7471	1
7472	0
7473	2
7474	0
7475	0
7476	2
7477	0
7478	2
7479	0
7480	2
7481	1
7482	0
7483	2
7484	0
7485	1
7486	2
7487	1
7488	0
7489	0
7490	1
7491	0
7492	0
7493	0
7494	0
7495	0
7496	1
7497	1
7498	1
7499	0
7500	1
7501	2
7502	0
7503	3
7504	1
7505	1
7506	0
7507	0
7508	0
7509	0
7510	0
7511	0
7512	1
7513	1
7514	1
7515	0
7516	3
7517	0
7518	0
7519	0
7520	0
7521	0
7522	1
7523	0
7524	3
7525	1
7526	1
7527	1
7528	0
7529	0
7530	0
7531	0
7532	0
7533	2
7534	0
7535	0
7536	1
7537	0
7538	0
7539	0
7540	0
7541	2
7542	0
7543	0
7544	0
7545	0
7546	0
7547	1
7548	3
7549	1
7550	0
7551	0
7552	0
7553	0
7554	1
7555	2
7556	0
7557	0
7558	1
7559	0
7560	0
7561	0
7562	1
7563	1
7564	1
7565	1
7566	0
7567	0
7568	0
7569	0
7570	0
7571	1
7572	0
7573	1
7574	0
7575	0
7576	1
7577	3
7578	0
7579	0
7580	0
7581	1
7582	1
7583	0
7584	1
7585	2
7586	0
7587	1
7588	1
7589	0
7590	1
7591	0
7592	0
7593	0
7594	0
7595	2
7596	1
7597	1
7598	0
7599	0
7600	0
7601	0
7602	4
7603	1
7604	1
7605	0
7606	0
7607	0
7608	0
7609	2
7610	0
7611	1
7612	0
7613	1
7614	0
7615	0
7616	1
7617	0
7618	0
7619	0
7620	0
7621	0
7622	0
7623	1
7624	1
7625	0
7626	0
7627	0
7628	1
7629	1
7630	0
7631	0
7632	0
7633	0
7634	1
7635	0
7636	1
7637	1
7638	0
7639	0
7640	1
7641	2
7642	2
7643	0
7644	1
7645	0
7646	0
7647	1
7648	1
7649	0
7650	1
7651	1
7652	1
7653	0
7654	0
7655	0
7656	1
7657	0
7658	1
7659	1
7660	0
7661	0
7662	1
7663	0
7664	1
7665	0
7666	1
7667	0
7668	2
7669	0
7670	1
7671	0
7672	2
7673	1
7674	0
7675	0
7676	0
7677	2
7678	0
7679	2
7680	0
7681	0
7682	1
7683	0
7684	0
7685	1
7686	0
7687	0
7688	1
7689	0
7690	0
7691	0
7692	1
7693	1
7694	0
7695	0
7696	0
7697	0
7698	0
7699	1
7700	0
7701	0
7702	0
7703	0
7704	0
7705	0
7706	1
7707	2
7708	0
7709	0
7710	0
7711	1
7712	1
7713	2
7714	0
7715	1
7716	1
7717	1
7718	2
7719	1
7720	1
7721	0
7722	0
7723	0
7724	1
7725	2
7726	1
7727	0
7728	0
7729	2
7730	0
7731	0
7732	0
7733	1
7734	1
7735	0
7736	1
7737	2
7738	3
7739	0
7740	0
7741	2
7742	0
7743	0
7744	0
7745	0
7746	0
7747	0
7748	1
7749	0
7750	0
7751	1
7752	0
7753	0
7754	0
7755	1
7756	0
7757	1
7758	1
7759	0
7760	0
7761	0
7762	1
7763	0
7764	1
7765	1
7766	0
7767	0
7768	1
7769	0
7770	2
7771	1
7772	0
7773	2
7774	0
7775	0
7776	0
7777	1
7778	0
7779	0
7780	0
7781	0
7782	0
7783	1
7784	0
7785	2
7786	0
7787	1
7788	0
7789	1
7790	0
7791	2
7792	1
7793	0
7794	0
7795	0
7796	0
7797	1
7798	0
7799	1
7800	0
7801	0
7802	0
7803	0
7804	0
7805	0
7806	0
7807	0
7808	0
7809	0
7810	0
7811	0
7812	0
7813	0
7814	0
7815	1
7816	2
7817	1
7818	0
7819	1
7820	1
7821	0
7822	2
7823	0
7824	0
7825	0
7826	0
7827	0
7828	0
7829	0
7830	2
7831	0
7832	0
7833	0
7834	3
7835	0
7836	2
7837	0
7838	0
7839	2
7840	0
7841	0
7842	0
7843	0
7844	0
7845	2
7846	0
7847	0
7848	0
7849	0
7850	0
7851	0
7852	1
7853	1
7854	1
7855	0
7856	0
7857	1
7858	1
7859	0
7860	0
7861	0
7862	1
7863	1
7864	0
7865	2
7866	0
7867	0
7868	0
7869	0
7870	1
7871	0
7872	0
7873	1
7874	2
7875	0
7876	0
7877	1
7878	0
7879	1
7880	0
7881	2
7882	3
7883	1
7884	0
7885	2
7886	2
7887	0
7888	0
7889	0
7890	0
7891	1
7892	2
7893	0
7894	0
7895	1
7896	0
7897	0
7898	1
7899	1
7900	0
7901	0
7902	1
7903	0
7904	1
7905	0
7906	0
7907	1
7908	1
7909	0
7910	0
7911	3
7912	0
7913	0
7914	0
7915	0
7916	0
7917	1
7918	1
7919	0
7920	0
7921	0
7922	0
7923	0
7924	0
7925	1
7926	0
7927	1
7928	0
7929	0
7930	1
7931	0
7932	0
7933	0
7934	1
7935	0
7936	0
7937	0
7938	0
7939	0
7940	0
7941	0
7942	0
7943	2
7944	1
7945	0
7946	1
7947	0
7948	0
7949	0
7950	1
7951	1
7952	2
7953	1
7954	1
7955	0
7956	1
7957	1
7958	0
7959	1
7960	0
7961	0
7962	1
7963	0
7964	2
7965	0
7966	0
7967	0
7968	0
7969	1
7970	0
7971	0
7972	0
7973	0
7974	0
7975	0
7976	1
7977	0
7978	0
7979	0
7980	0
7981	0
7982	1
7983	0
7984	1
7985	0
7986	0
7987	0
7988	0
7989	0
7990	0
7991	0
7992	0
7993	0
7994	0
7995	2
7996	0
7997	0
7998	0
7999	2
8000	0
8001	0
8002	1
8003	0
8004	0
8005	1
8006	0
8007	2
8008	0
8009	0
8010	0
8011	0
8012	0
8013	0
8014	0
8015	0
8016	0
8017	0
8018	0
8019	0
8020	0
8021	2
8022	1
8023	1
8024	0
8025	0
8026	0
8027	1
8028	0
8029	1
8030	5
8031	1
8032	0
8033	1
8034	0
8035	0
8036	0
8037	0
8038	0
8039	0
8040	2
8041	0
8042	1
8043	0
8044	0
8045	0
8046	0
8047	0
8048	2
8049	0
8050	0
8051	0
8052	0
8053	0
8054	0
8055	1
8056	0
8057	2
8058	1
8059	0
8060	0
8061	1
8062	1
8063	2
8064	0
8065	0
8066	1
8067	1
8068	1
8069	1
8070	0
8071	1
8072	0
8073	0
8074	0
8075	0
8076	0
8077	0
8078	2
8079	0
8080	0
8081	0
8082	0
8083	0
8084	0
8085	0
8086	0
8087	1
8088	1
8089	2
8090	0
8091	0
8092	1
8093	0
8094	1
8095	0
8096	0
8097	0
8098	0
8099	0
8100	0
8101	0
8102	0
8103	0
8104	0
8105	0
8106	0
8107	0
8108	0
8109	0
8110	0
8111	0
8112	0
8113	0
8114	0
8115	0
8116	0
8117	0
8118	0
8119	0
8120	0
8121	0
8122	0
8123	0
8124	0
8125	0
8126	0
8127	0
8128	0
8129	0
8130	0
8131	0
8132	0
8133	0
8134	0
8135	0
8136	0
8137	0
8138	0
8139	0
8140	0
8141	0
8142	0
8143	0
8144	0
8145	0
8146	0
8147	0
8148	0
8149	0
8150	0
8151	0
8152	0
8153	0
8154	0
8155	0
8156	0
8157	0
8158	0
8159	0
8160	0
8161	0
8162	0
8163	0
8164	0
8165	0
8166	0
8167	0
8168	0
8169	0
8170	0
8171	0
8172	0
8173	0
8174	0
8175	0
8176	0
8177	0
8178	0
8179	0
8180	0
8181	0
8182	0
8183	0
8184	0
8185	0
8186	0
8187	0
8188	0
8189	0
8190	0
8191	0
