0	0
1	0
2	0
3	0
4	0
5	0
6	0
7	0
8	0
9	0
10	0
11	0
12	0
13	0
14	0
15	0
16	0
17	0
18	0
19	0
20	0
21	0
22	0
23	0
24	0
25	0
26	0
27	0
28	0
29	0
30	0
31	0
32	0
33	0
34	0
35	0
36	0
37	0
38	0
39	0
40	0
41	0
42	0
43	0
44	0
45	0
46	0
47	0
48	0
49	0
50	0
51	0
52	0
53	0
54	0
55	0
56	0
57	0
58	0
59	0
60	0
61	0
62	0
63	0
64	0
65	0
66	0
67	0
68	0
69	0
70	0
71	0
72	0
73	0
74	0
75	0
76	0
77	0
78	0
79	0
80	0
81	0
82	0
83	0
84	0
85	0
86	0
87	0
88	0
89	0
90	0
91	0
92	0
93	0
94	0
95	0
96	0
97	0
98	0
99	0
100	0
101	0
102	0
103	0
104	0
105	0
106	0
107	0
108	0
109	0
110	0
111	0
112	0
113	0
114	0
115	0
116	0
117	0
118	0
119	0
120	0
121	0
122	0
123	0
124	0
125	0
126	0
127	0
128	0
129	0
130	0
131	0
132	0
133	0
134	0
135	0
136	0
137	0
138	0
139	0
140	0
141	0
142	0
143	0
144	0
145	0
146	0
147	0
148	0
149	0
150	0
151	0
152	0
153	0
154	0
155	0
156	0
157	0
158	0
159	0
160	0
161	0
162	0
163	0
164	0
165	0
166	0
167	0
168	0
169	0
170	0
171	0
172	0
173	0
174	0
175	0
176	0
177	0
178	0
179	0
180	4
181	3
182	30
183	25
184	33
185	35
186	38
187	42
188	27
189	28
190	35
191	26
192	20
193	36
194	29
195	28
196	28
197	26
198	26
199	33
200	23
201	21
202	23
203	23
204	33
205	30
206	33
207	23
208	35
209	21
210	23
211	16
212	30
213	28
214	25
215	24
216	27
217	24
218	21
219	27
220	26
221	29
222	23
223	11
224	30
225	21
226	23
227	20
228	30
229	24
230	27
231	22
232	19
233	24
234	27
235	24
236	31
237	23
238	19
239	37
240	16
241	27
242	24
243	20
244	21
245	23
246	19
247	17
248	27
249	31
250	26
251	16
252	23
253	19
254	19
255	28
256	20
257	20
258	22
259	22
260	27
261	24
262	25
263	23
264	28
265	31
266	32
267	21
268	24
269	23
270	23
271	18
272	31
273	14
274	19
275	20
276	36
277	24
278	25
279	19
280	22
281	27
282	24
283	27
284	18
285	18
286	16
287	21
288	29
289	25
290	20
291	27
292	20
293	21
294	17
295	24
296	23
297	23
298	17
299	17
300	22
301	21
302	18
303	24
304	19
305	17
306	25
307	22
308	23
309	26
310	27
311	27
312	26
313	15
314	21
315	27
316	24
317	34
318	24
319	32
320	25
321	29
322	19
323	24
324	21
325	28
326	27
327	18
328	18
329	18
330	25
331	18
332	27
333	24
334	26
335	19
336	16
337	26
338	18
339	21
340	32
341	28
342	24
343	29
344	20
345	30
346	28
347	26
348	19
349	23
350	24
351	23
352	34
353	22
354	25
355	25
356	29
357	31
358	22
359	19
360	19
361	25
362	30
363	31
364	26
365	28
366	29
367	24
368	23
369	22
370	21
371	29
372	29
373	24
374	24
375	26
376	29
377	19
378	25
379	18
380	29
381	22
382	26
383	28
384	28
385	32
386	37
387	25
388	26
389	27
390	23
391	28
392	30
393	23
394	36
395	26
396	28
397	28
398	33
399	17
400	28
401	36
402	24
403	15
404	30
405	36
406	25
407	29
408	31
409	35
410	30
411	26
412	22
413	22
414	18
415	26
416	27
417	31
418	26
419	29
420	33
421	33
422	23
423	17
424	24
425	20
426	24
427	23
428	18
429	22
430	19
431	31
432	25
433	20
434	20
435	18
436	22
437	31
438	30
439	25
440	28
441	25
442	22
443	25
444	25
445	28
446	32
447	28
448	22
449	26
450	26
451	22
452	28
453	29
454	21
455	22
456	20
457	20
458	26
459	26
460	33
461	20
462	22
463	30
464	36
465	26
466	36
467	28
468	26
469	24
470	18
471	25
472	29
473	24
474	25
475	25
476	27
477	32
478	33
479	28
480	23
481	24
482	28
483	30
484	30
485	20
486	28
487	26
488	26
489	26
490	27
491	32
492	34
493	34
494	30
495	29
496	29
497	29
498	20
499	31
500	27
501	27
502	25
503	32
504	32
505	31
506	26
507	22
508	26
509	28
510	29
511	34
512	27
513	30
514	29
515	28
516	35
517	28
518	30
519	24
520	19
521	31
522	33
523	32
524	24
525	24
526	34
527	28
528	32
529	32
530	28
531	30
532	36
533	33
534	28
535	29
536	35
537	29
538	23
539	25
540	24
541	24
542	25
543	21
544	30
545	30
546	21
547	23
548	23
549	36
550	25
551	23
552	36
553	25
554	33
555	33
556	28
557	35
558	23
559	22
560	24
561	36
562	30
563	33
564	20
565	21
566	16
567	20
568	36
569	24
570	30
571	26
572	32
573	28
574	27
575	24
576	19
577	18
578	20
579	21
580	22
581	24
582	25
583	27
584	23
585	27
586	24
587	30
588	23
589	30
590	33
591	30
592	30
593	25
594	33
595	34
596	25
597	25
598	27
599	28
600	30
601	22
602	23
603	20
604	39
605	30
606	26
607	13
608	21
609	29
610	25
611	28
612	28
613	23
614	38
615	37
616	25
617	22
618	27
619	22
620	30
621	31
622	18
623	30
624	24
625	31
626	29
627	24
628	27
629	29
630	23
631	21
632	35
633	24
634	20
635	28
636	34
637	18
638	31
639	15
640	33
641	21
642	24
643	19
644	23
645	23
646	24
647	17
648	32
649	26
650	28
651	25
652	22
653	28
654	29
655	22
656	25
657	28
658	33
659	30
660	20
661	22
662	28
663	23
664	27
665	31
666	31
667	27
668	23
669	38
670	26
671	39
672	28
673	20
674	27
675	26
676	30
677	26
678	29
679	34
680	31
681	34
682	22
683	23
684	32
685	27
686	25
687	34
688	26
689	30
690	27
691	24
692	31
693	25
694	23
695	18
696	30
697	29
698	31
699	26
700	30
701	20
702	31
703	31
704	22
705	24
706	34
707	21
708	23
709	24
710	30
711	36
712	27
713	40
714	29
715	27
716	20
717	32
718	28
719	30
720	30
721	30
722	29
723	23
724	29
725	26
726	31
727	32
728	29
729	21
730	27
731	30
732	31
733	28
734	31
735	14
736	28
737	30
738	27
739	30
740	34
741	25
742	35
743	36
744	29
745	23
746	31
747	29
748	33
749	34
750	34
751	23
752	25
753	35
754	35
755	25
756	40
757	30
758	40
759	33
760	39
761	33
762	34
763	36
764	26
765	38
766	21
767	32
768	33
769	19
770	38
771	27
772	29
773	40
774	41
775	29
776	34
777	34
778	39
779	27
780	46
781	47
782	30
783	43
784	38
785	37
786	42
787	46
788	37
789	39
790	33
791	34
792	38
793	54
794	41
795	44
796	41
797	31
798	38
799	37
800	30
801	41
802	36
803	46
804	47
805	42
806	52
807	45
808	54
809	45
810	55
811	48
812	41
813	46
814	41
815	47
816	48
817	55
818	43
819	48
820	56
821	52
822	49
823	60
824	49
825	49
826	64
827	42
828	51
829	55
830	58
831	52
832	61
833	59
834	52
835	49
836	57
837	51
838	52
839	55
840	41
841	70
842	61
843	55
844	65
845	65
846	50
847	79
848	53
849	64
850	62
851	65
852	64
853	53
854	53
855	60
856	62
857	57
858	63
859	59
860	64
861	64
862	66
863	50
864	63
865	64
866	61
867	69
868	63
869	55
870	61
871	57
872	51
873	68
874	58
875	67
876	58
877	55
878	54
879	55
880	57
881	72
882	67
883	54
884	58
885	57
886	62
887	58
888	55
889	50
890	58
891	41
892	67
893	51
894	62
895	54
896	51
897	65
898	40
899	56
900	48
901	41
902	54
903	46
904	48
905	48
906	42
907	45
908	51
909	38
910	59
911	44
912	48
913	40
914	52
915	37
916	48
917	38
918	55
919	39
920	56
921	34
922	40
923	48
924	45
925	34
926	35
927	37
928	48
929	29
930	32
931	44
932	38
933	36
934	43
935	41
936	39
937	56
938	46
939	47
940	31
941	47
942	38
943	46
944	54
945	38
946	31
947	39
948	34
949	40
950	43
951	42
952	35
953	34
954	48
955	46
956	30
957	39
958	35
959	38
960	32
961	45
962	38
963	46
964	40
965	39
966	43
967	38
968	42
969	40
970	55
971	32
972	44
973	34
974	45
975	33
976	38
977	40
978	39
979	36
980	38
981	46
982	29
983	36
984	39
985	43
986	46
987	34
988	55
989	43
990	48
991	36
992	42
993	36
994	50
995	42
996	45
997	40
998	31
999	43
1000	41
1001	45
1002	42
1003	36
1004	37
1005	30
1006	37
1007	31
1008	51
1009	48
1010	38
1011	40
1012	27
1013	34
1014	41
1015	40
1016	29
1017	35
1018	50
1019	52
1020	30
1021	40
1022	30
1023	39
1024	45
1025	43
1026	35
1027	37
1028	44
1029	30
1030	42
1031	41
1032	33
1033	40
1034	35
1035	27
1036	45
1037	35
1038	30
1039	25
1040	29
1041	39
1042	26
1043	46
1044	30
1045	32
1046	27
1047	36
1048	36
1049	30
1050	36
1051	25
1052	34
1053	28
1054	20
1055	37
1056	34
1057	37
1058	31
1059	30
1060	34
1061	35
1062	24
1063	33
1064	25
1065	40
1066	29
1067	22
1068	25
1069	27
1070	25
1071	33
1072	26
1073	31
1074	24
1075	31
1076	41
1077	21
1078	16
1079	33
1080	30
1081	34
1082	28
1083	26
1084	31
1085	30
1086	28
1087	39
1088	33
1089	35
1090	29
1091	36
1092	33
1093	29
1094	36
1095	37
1096	34
1097	32
1098	36
1099	37
1100	26
1101	27
1102	28
1103	22
1104	31
1105	31
1106	20
1107	27
1108	37
1109	31
1110	34
1111	28
1112	33
1113	24
1114	32
1115	39
1116	24
1117	38
1118	41
1119	40
1120	22
1121	32
1122	36
1123	23
1124	22
1125	28
1126	21
1127	31
1128	30
1129	38
1130	30
1131	36
1132	34
1133	33
1134	33
1135	38
1136	38
1137	22
1138	36
1139	23
1140	33
1141	40
1142	37
1143	31
1144	37
1145	43
1146	32
1147	28
1148	38
1149	33
1150	39
1151	21
1152	29
1153	31
1154	37
1155	33
1156	21
1157	36
1158	37
1159	33
1160	33
1161	46
1162	34
1163	33
1164	32
1165	31
1166	38
1167	31
1168	30
1169	40
1170	41
1171	35
1172	37
1173	34
1174	38
1175	22
1176	30
1177	26
1178	28
1179	34
1180	36
1181	46
1182	37
1183	34
1184	42
1185	28
1186	37
1187	47
1188	42
1189	37
1190	41
1191	37
1192	33
1193	23
1194	38
1195	42
1196	42
1197	41
1198	29
1199	33
1200	37
1201	25
1202	41
1203	34
1204	30
1205	34
1206	39
1207	31
1208	22
1209	31
1210	34
1211	47
1212	28
1213	43
1214	30
1215	39
1216	38
1217	34
1218	34
1219	40
1220	43
1221	40
1222	40
1223	25
1224	36
1225	34
1226	40
1227	44
1228	29
1229	37
1230	37
1231	41
1232	47
1233	36
1234	39
1235	29
1236	38
1237	36
1238	31
1239	39
1240	31
1241	36
1242	43
1243	40
1244	41
1245	30
1246	37
1247	39
1248	39
1249	38
1250	43
1251	43
1252	37
1253	34
1254	42
1255	40
1256	39
1257	36
1258	37
1259	52
1260	26
1261	36
1262	36
1263	39
1264	39
1265	46
1266	26
1267	37
1268	30
1269	50
1270	49
1271	38
1272	43
1273	42
1274	37
1275	35
1276	41
1277	36
1278	36
1279	33
1280	27
1281	36
1282	56
1283	35
1284	40
1285	42
1286	43
1287	41
1288	36
1289	42
1290	27
1291	35
1292	33
1293	42
1294	49
1295	37
1296	50
1297	47
1298	35
1299	53
1300	38
1301	50
1302	46
1303	42
1304	39
1305	51
1306	32
1307	39
1308	38
1309	40
1310	46
1311	43
1312	54
1313	37
1314	43
1315	38
1316	43
1317	47
1318	46
1319	36
1320	42
1321	43
1322	33
1323	42
1324	33
1325	43
1326	50
1327	37
1328	34
1329	43
1330	45
1331	34
1332	42
1333	46
1334	35
1335	37
1336	40
1337	35
1338	44
1339	44
1340	35
1341	46
1342	30
1343	46
1344	40
1345	49
1346	40
1347	47
1348	44
1349	48
1350	42
1351	44
1352	52
1353	40
1354	48
1355	37
1356	35
1357	39
1358	51
1359	31
1360	45
1361	56
1362	48
1363	44
1364	51
1365	49
1366	36
1367	35
1368	53
1369	49
1370	33
1371	44
1372	37
1373	48
1374	34
1375	46
1376	47
1377	47
1378	44
1379	44
1380	39
1381	48
1382	57
1383	46
1384	37
1385	45
1386	57
1387	55
1388	48
1389	54
1390	30
1391	34
1392	52
1393	34
1394	42
1395	49
1396	40
1397	36
1398	47
1399	43
1400	33
1401	41
1402	57
1403	60
1404	44
1405	35
1406	33
1407	36
1408	70
1409	44
1410	38
1411	49
1412	46
1413	48
1414	49
1415	43
1416	44
1417	30
1418	35
1419	39
1420	44
1421	41
1422	35
1423	53
1424	41
1425	43
1426	42
1427	43
1428	56
1429	46
1430	51
1431	49
1432	36
1433	39
1434	40
1435	51
1436	35
1437	41
1438	32
1439	33
1440	49
1441	43
1442	52
1443	45
1444	41
1445	49
1446	47
1447	36
1448	45
1449	44
1450	37
1451	32
1452	41
1453	53
1454	35
1455	47
1456	39
1457	46
1458	60
1459	49
1460	34
1461	41
1462	45
1463	49
1464	41
1465	36
1466	42
1467	36
1468	44
1469	45
1470	46
1471	47
1472	47
1473	39
1474	46
1475	45
1476	42
1477	48
1478	42
1479	48
1480	33
1481	45
1482	54
1483	45
1484	52
1485	49
1486	53
1487	58
1488	43
1489	55
1490	53
1491	41
1492	45
1493	53
1494	43
1495	48
1496	58
1497	37
1498	47
1499	54
1500	41
1501	60
1502	54
1503	45
1504	47
1505	52
1506	35
1507	40
1508	46
1509	47
1510	37
1511	49
1512	41
1513	38
1514	38
1515	56
1516	55
1517	40
1518	36
1519	56
1520	44
1521	55
1522	42
1523	51
1524	42
1525	62
1526	55
1527	48
1528	51
1529	48
1530	42
1531	67
1532	45
1533	58
1534	56
1535	50
1536	46
1537	59
1538	43
1539	58
1540	53
1541	57
1542	58
1543	40
1544	44
1545	43
1546	41
1547	42
1548	46
1549	58
1550	50
1551	63
1552	53
1553	55
1554	44
1555	47
1556	53
1557	45
1558	47
1559	41
1560	49
1561	49
1562	52
1563	64
1564	57
1565	52
1566	50
1567	43
1568	66
1569	46
1570	46
1571	47
1572	57
1573	51
1574	50
1575	54
1576	36
1577	56
1578	51
1579	53
1580	35
1581	57
1582	51
1583	49
1584	50
1585	49
1586	30
1587	54
1588	66
1589	57
1590	51
1591	62
1592	52
1593	48
1594	46
1595	44
1596	59
1597	51
1598	58
1599	54
1600	45
1601	48
1602	60
1603	56
1604	46
1605	52
1606	51
1607	54
1608	45
1609	45
1610	36
1611	43
1612	54
1613	49
1614	51
1615	52
1616	44
1617	46
1618	49
1619	60
1620	45
1621	51
1622	56
1623	47
1624	46
1625	40
1626	64
1627	54
1628	56
1629	62
1630	61
1631	52
1632	59
1633	48
1634	49
1635	58
1636	45
1637	59
1638	60
1639	47
1640	38
1641	42
1642	53
1643	50
1644	44
1645	44
1646	52
1647	58
1648	62
1649	50
1650	68
1651	57
1652	65
1653	61
1654	71
1655	56
1656	57
1657	59
1658	56
1659	61
1660	53
1661	52
1662	46
1663	52
1664	56
1665	49
1666	62
1667	46
1668	44
1669	51
1670	53
1671	67
1672	58
1673	45
1674	51
1675	55
1676	61
1677	54
1678	60
1679	59
1680	47
1681	62
1682	60
1683	66
1684	44
1685	49
1686	59
1687	47
1688	52
1689	57
1690	50
1691	47
1692	57
1693	57
1694	47
1695	47
1696	63
1697	52
1698	48
1699	56
1700	50
1701	50
1702	66
1703	50
1704	51
1705	57
1706	45
1707	45
1708	64
1709	58
1710	55
1711	57
1712	47
1713	67
1714	51
1715	57
1716	44
1717	54
1718	48
1719	48
1720	55
1721	47
1722	52
1723	58
1724	55
1725	46
1726	43
1727	53
1728	58
1729	48
1730	51
1731	54
1732	48
1733	56
1734	59
1735	49
1736	37
1737	51
1738	61
1739	42
1740	52
1741	54
1742	52
1743	56
1744	61
1745	55
1746	54
1747	56
1748	67
1749	59
1750	47
1751	60
1752	50
1753	54
1754	48
1755	64
1756	54
1757	48
1758	54
1759	47
1760	64
1761	49
1762	61
1763	51
1764	63
1765	47
1766	46
1767	51
1768	58
1769	57
1770	47
1771	63
1772	63
1773	60
1774	55
1775	47
1776	60
1777	49
1778	57
1779	38
1780	43
1781	68
1782	51
1783	44
1784	57
1785	59
1786	57
1787	42
1788	35
1789	58
1790	67
1791	56
1792	40
1793	43
1794	43
1795	64
1796	60
1797	53
1798	51
1799	63
1800	45
1801	75
1802	48
1803	65
1804	57
1805	54
1806	56
1807	60
1808	70
1809	62
1810	58
1811	60
1812	52
1813	70
1814	55
1815	64
1816	55
1817	60
1818	47
1819	68
1820	60
1821	50
1822	59
1823	62
1824	51
1825	65
1826	51
1827	53
1828	68
1829	61
1830	63
1831	57
1832	57
1833	61
1834	58
1835	40
1836	54
1837	65
1838	61
1839	50
1840	55
1841	61
1842	58
1843	54
1844	50
1845	55
1846	56
1847	62
1848	67
1849	66
1850	67
1851	59
1852	57
1853	49
1854	63
1855	68
1856	59
1857	54
1858	56
1859	63
1860	63
1861	51
1862	60
1863	54
1864	64
1865	49
1866	60
1867	49
1868	47
1869	73
1870	62
1871	55
1872	62
1873	65
1874	56
1875	57
1876	61
1877	65
1878	72
1879	61
1880	66
1881	58
1882	58
1883	54
1884	52
1885	62
1886	67
1887	71
1888	80
1889	63
1890	57
1891	55
1892	62
1893	66
1894	48
1895	62
1896	78
1897	53
1898	66
1899	55
1900	58
1901	68
1902	58
1903	51
1904	44
1905	60
1906	70
1907	55
1908	49
1909	52
1910	58
1911	57
1912	71
1913	57
1914	57
1915	63
1916	56
1917	54
1918	56
1919	58
1920	64
1921	64
1922	56
1923	41
1924	59
1925	47
1926	56
1927	58
1928	59
1929	62
1930	65
1931	64
1932	49
1933	57
1934	64
1935	57
1936	69
1937	63
1938	50
1939	72
1940	62
1941	62
1942	51
1943	61
1944	53
1945	65
1946	71
1947	75
1948	51
1949	56
1950	64
1951	75
1952	58
1953	67
1954	66
1955	54
1956	44
1957	70
1958	51
1959	46
1960	56
1961	71
1962	55
1963	50
1964	53
1965	56
1966	65
1967	55
1968	54
1969	63
1970	58
1971	41
1972	78
1973	64
1974	60
1975	57
1976	72
1977	62
1978	60
1979	52
1980	39
1981	56
1982	51
1983	57
1984	64
1985	76
1986	42
1987	49
1988	65
1989	78
1990	57
1991	68
1992	53
1993	63
1994	63
1995	51
1996	82
1997	56
1998	55
1999	55
2000	46
2001	69
2002	59
2003	66
2004	64
2005	60
2006	52
2007	53
2008	66
2009	45
2010	63
2011	61
2012	59
2013	53
2014	64
2015	54
2016	58
2017	68
2018	48
2019	66
2020	64
2021	61
2022	56
2023	62
2024	74
2025	71
2026	50
2027	54
2028	59
2029	69
2030	49
2031	63
2032	46
2033	71
2034	55
2035	61
2036	73
2037	63
2038	56
2039	61
2040	61
2041	62
2042	58
2043	61
2044	62
2045	69
2046	62
2047	51
2048	54
2049	60
2050	53
2051	61
2052	60
2053	60
2054	60
2055	57
2056	57
2057	68
2058	51
2059	55
2060	73
2061	65
2062	60
2063	61
2064	63
2065	62
2066	57
2067	76
2068	67
2069	60
2070	58
2071	76
2072	64
2073	67
2074	62
2075	58
2076	63
2077	58
2078	56
2079	69
2080	70
2081	48
2082	59
2083	56
2084	59
2085	65
2086	52
2087	60
2088	61
2089	61
2090	61
2091	74
2092	52
2093	74
2094	67
2095	48
2096	68
2097	80
2098	64
2099	71
2100	62
2101	55
2102	77
2103	54
2104	57
2105	52
2106	48
2107	53
2108	57
2109	64
2110	56
2111	61
2112	57
2113	69
2114	60
2115	64
2116	47
2117	75
2118	61
2119	75
2120	44
2121	54
2122	49
2123	57
2124	60
2125	78
2126	61
2127	85
2128	65
2129	62
2130	64
2131	74
2132	61
2133	60
2134	66
2135	50
2136	50
2137	70
2138	61
2139	51
2140	68
2141	75
2142	45
2143	59
2144	60
2145	76
2146	52
2147	46
2148	66
2149	69
2150	67
2151	55
2152	58
2153	64
2154	75
2155	63
2156	65
2157	56
2158	75
2159	68
2160	60
2161	57
2162	79
2163	66
2164	60
2165	57
2166	62
2167	67
2168	55
2169	69
2170	64
2171	59
2172	59
2173	61
2174	69
2175	58
2176	53
2177	51
2178	64
2179	54
2180	65
2181	63
2182	65
2183	57
2184	55
2185	64
2186	55
2187	66
2188	47
2189	64
2190	53
2191	65
2192	79
2193	56
2194	57
2195	68
2196	56
2197	56
2198	57
2199	63
2200	77
2201	67
2202	58
2203	65
2204	72
2205	77
2206	58
2207	60
2208	76
2209	60
2210	67
2211	54
2212	70
2213	68
2214	56
2215	49
2216	56
2217	64
2218	62
2219	67
2220	64
2221	77
2222	66
2223	54
2224	67
2225	73
2226	54
2227	71
2228	73
2229	57
2230	53
2231	63
2232	60
2233	55
2234	63
2235	60
2236	70
2237	52
2238	55
2239	57
2240	53
2241	53
2242	54
2243	53
2244	56
2245	61
2246	58
2247	66
2248	60
2249	57
2250	51
2251	56
2252	59
2253	62
2254	65
2255	52
2256	58
2257	51
2258	54
2259	52
2260	54
2261	62
2262	69
2263	53
2264	66
2265	51
2266	56
2267	55
2268	59
2269	52
2270	51
2271	53
2272	65
2273	50
2274	62
2275	52
2276	47
2277	57
2278	70
2279	61
2280	52
2281	69
2282	62
2283	58
2284	55
2285	64
2286	65
2287	55
2288	58
2289	55
2290	63
2291	58
2292	61
2293	52
2294	69
2295	45
2296	54
2297	54
2298	67
2299	64
2300	63
2301	53
2302	43
2303	65
2304	47
2305	37
2306	57
2307	59
2308	66
2309	59
2310	59
2311	63
2312	51
2313	64
2314	46
2315	50
2316	54
2317	48
2318	51
2319	56
2320	44
2321	78
2322	71
2323	63
2324	58
2325	51
2326	49
2327	44
2328	57
2329	58
2330	51
2331	50
2332	59
2333	68
2334	65
2335	57
2336	60
2337	62
2338	57
2339	60
2340	46
2341	63
2342	56
2343	45
2344	56
2345	70
2346	53
2347	61
2348	59
2349	48
2350	41
2351	66
2352	52
2353	58
2354	43
2355	58
2356	60
2357	56
2358	41
2359	64
2360	52
2361	47
2362	58
2363	49
2364	53
2365	63
2366	43
2367	44
2368	56
2369	56
2370	50
2371	49
2372	53
2373	53
2374	62
2375	62
2376	37
2377	58
2378	44
2379	54
2380	63
2381	56
2382	52
2383	52
2384	62
2385	48
2386	58
2387	59
2388	53
2389	55
2390	61
2391	46
2392	54
2393	45
2394	64
2395	54
2396	50
2397	54
2398	49
2399	54
2400	53
2401	53
2402	54
2403	45
2404	42
2405	58
2406	52
2407	54
2408	54
2409	54
2410	63
2411	45
2412	46
2413	65
2414	54
2415	57
2416	63
2417	43
2418	47
2419	51
2420	54
2421	64
2422	58
2423	42
2424	47
2425	48
2426	52
2427	39
2428	43
2429	51
2430	58
2431	42
2432	45
2433	52
2434	49
2435	48
2436	58
2437	53
2438	49
2439	43
2440	47
2441	47
2442	50
2443	52
2444	52
2445	48
2446	62
2447	45
2448	49
2449	43
2450	46
2451	42
2452	45
2453	48
2454	55
2455	48
2456	59
2457	48
2458	58
2459	57
2460	42
2461	53
2462	48
2463	46
2464	40
2465	48
2466	49
2467	37
2468	49
2469	67
2470	47
2471	60
2472	55
2473	47
2474	46
2475	47
2476	48
2477	48
2478	41
2479	48
2480	42
2481	47
2482	38
2483	45
2484	46
2485	45
2486	60
2487	52
2488	44
2489	52
2490	45
2491	56
2492	65
2493	47
2494	60
2495	50
2496	45
2497	43
2498	40
2499	46
2500	50
2501	52
2502	48
2503	51
2504	62
2505	58
2506	62
2507	53
2508	49
2509	56
2510	53
2511	32
2512	37
2513	41
2514	49
2515	53
2516	65
2517	59
2518	42
2519	46
2520	56
2521	50
2522	43
2523	62
2524	51
2525	40
2526	58
2527	53
2528	56
2529	56
2530	42
2531	47
2532	55
2533	52
2534	55
2535	59
2536	42
2537	52
2538	51
2539	55
2540	50
2541	38
2542	50
2543	44
2544	39
2545	50
2546	43
2547	42
2548	59
2549	54
2550	51
2551	65
2552	56
2553	38
2554	52
2555	65
2556	43
2557	53
2558	38
2559	47
2560	44
2561	62
2562	51
2563	42
2564	54
2565	64
2566	47
2567	46
2568	48
2569	43
2570	51
2571	31
2572	42
2573	41
2574	42
2575	46
2576	47
2577	48
2578	45
2579	65
2580	57
2581	46
2582	53
2583	50
2584	37
2585	53
2586	53
2587	51
2588	44
2589	56
2590	44
2591	52
2592	47
2593	58
2594	49
2595	57
2596	45
2597	49
2598	38
2599	45
2600	39
2601	37
2602	57
2603	48
2604	36
2605	56
2606	29
2607	47
2608	34
2609	49
2610	39
2611	63
2612	56
2613	45
2614	37
2615	40
2616	46
2617	53
2618	51
2619	51
2620	41
2621	37
2622	49
2623	46
2624	41
2625	48
2626	46
2627	47
2628	55
2629	44
2630	43
2631	47
2632	45
2633	43
2634	43
2635	39
2636	41
2637	34
2638	54
2639	53
2640	32
2641	31
2642	45
2643	47
2644	59
2645	46
2646	44
2647	41
2648	43
2649	46
2650	44
2651	35
2652	51
2653	47
2654	49
2655	42
2656	43
2657	41
2658	51
2659	43
2660	51
2661	37
2662	45
2663	43
2664	36
2665	46
2666	52
2667	46
2668	41
2669	46
2670	42
2671	35
2672	45
2673	29
2674	36
2675	39
2676	35
2677	50
2678	42
2679	40
2680	52
2681	60
2682	54
2683	45
2684	38
2685	37
2686	35
2687	41
2688	52
2689	47
2690	43
2691	47
2692	42
2693	39
2694	55
2695	38
2696	45
2697	51
2698	41
2699	49
2700	53
2701	51
2702	51
2703	41
2704	47
2705	43
2706	40
2707	46
2708	38
2709	40
2710	32
2711	43
2712	35
2713	44
2714	51
2715	44
2716	51
2717	32
2718	43
2719	49
2720	42
2721	42
2722	43
2723	49
2724	45
2725	38
2726	52
2727	40
2728	54
2729	43
2730	38
2731	37
2732	38
2733	40
2734	33
2735	43
2736	44
2737	45
2738	48
2739	39
2740	43
2741	49
2742	48
2743	45
2744	53
2745	51
2746	41
2747	44
2748	45
2749	41
2750	43
2751	53
2752	38
2753	43
2754	55
2755	44
2756	44
2757	57
2758	31
2759	57
2760	37
2761	45
2762	44
2763	44
2764	45
2765	37
2766	39
2767	41
2768	48
2769	49
2770	57
2771	43
2772	43
2773	54
2774	50
2775	53
2776	43
2777	43
2778	46
2779	50
2780	43
2781	40
2782	40
2783	40
2784	40
2785	37
2786	53
2787	36
2788	38
2789	42
2790	38
2791	45
2792	48
2793	51
2794	48
2795	40
2796	34
2797	47
2798	42
2799	48
2800	36
2801	52
2802	45
2803	37
2804	42
2805	42
2806	39
2807	43
2808	45
2809	40
2810	54
2811	38
2812	44
2813	51
2814	48
2815	43
2816	42
2817	46
2818	34
2819	36
2820	42
2821	38
2822	40
2823	28
2824	40
2825	42
2826	40
2827	46
2828	30
2829	36
2830	39
2831	57
2832	42
2833	48
2834	43
2835	49
2836	47
2837	29
2838	35
2839	28
2840	43
2841	33
2842	53
2843	47
2844	39
2845	50
2846	37
2847	52
2848	43
2849	48
2850	51
2851	36
2852	57
2853	29
2854	30
2855	38
2856	29
2857	36
2858	49
2859	39
2860	46
2861	46
2862	41
2863	37
2864	44
2865	49
2866	47
2867	28
2868	43
2869	53
2870	47
2871	34
2872	42
2873	38
2874	48
2875	32
2876	44
2877	45
2878	36
2879	39
2880	45
2881	48
2882	34
2883	43
2884	38
2885	34
2886	31
2887	42
2888	48
2889	43
2890	50
2891	44
2892	43
2893	37
2894	35
2895	41
2896	43
2897	50
2898	34
2899	47
2900	44
2901	43
2902	43
2903	44
2904	30
2905	45
2906	47
2907	48
2908	31
2909	37
2910	42
2911	56
2912	45
2913	51
2914	51
2915	48
2916	36
2917	36
2918	34
2919	55
2920	42
2921	50
2922	46
2923	43
2924	37
2925	50
2926	44
2927	39
2928	30
2929	44
2930	45
2931	41
2932	35
2933	47
2934	46
2935	52
2936	48
2937	37
2938	43
2939	43
2940	46
2941	44
2942	44
2943	48
2944	44
2945	40
2946	49
2947	39
2948	52
2949	40
2950	37
2951	41
2952	36
2953	37
2954	34
2955	49
2956	38
2957	32
2958	25
2959	53
2960	28
2961	36
2962	31
2963	41
2964	43
2965	47
2966	32
2967	43
2968	39
2969	39
2970	43
2971	37
2972	36
2973	42
2974	33
2975	41
2976	34
2977	41
2978	41
2979	47
2980	47
2981	30
2982	40
2983	48
2984	33
2985	47
2986	43
2987	48
2988	35
2989	34
2990	36
2991	36
2992	29
2993	39
2994	38
2995	29
2996	42
2997	36
2998	42
2999	34
3000	38
3001	46
3002	44
3003	42
3004	56
3005	49
3006	32
3007	32
3008	45
3009	40
3010	36
3011	47
3012	50
3013	37
3014	37
3015	33
3016	49
3017	31
3018	36
3019	35
3020	41
3021	40
3022	44
3023	54
3024	46
3025	32
3026	41
3027	36
3028	35
3029	36
3030	41
3031	34
3032	39
3033	42
3034	32
3035	37
3036	39
3037	43
3038	35
3039	29
3040	35
3041	31
3042	32
3043	43
3044	41
3045	35
3046	27
3047	55
3048	37
3049	39
3050	46
3051	38
3052	41
3053	34
3054	38
3055	40
3056	31
3057	28
3058	33
3059	41
3060	49
3061	42
3062	35
3063	42
3064	40
3065	47
3066	37
3067	37
3068	37
3069	38
3070	32
3071	29
3072	35
3073	35
3074	39
3075	43
3076	41
3077	39
3078	31
3079	45
3080	30
3081	30
3082	40
3083	36
3084	33
3085	40
3086	44
3087	32
3088	42
3089	44
3090	34
3091	44
3092	42
3093	35
3094	47
3095	44
3096	30
3097	37
3098	42
3099	42
3100	36
3101	32
3102	36
3103	44
3104	27
3105	39
3106	38
3107	41
3108	39
3109	34
3110	45
3111	39
3112	35
3113	43
3114	38
3115	28
3116	32
3117	50
3118	35
3119	35
3120	37
3121	36
3122	33
3123	35
3124	29
3125	30
3126	33
3127	37
3128	39
3129	37
3130	35
3131	38
3132	30
3133	44
3134	31
3135	41
3136	36
3137	43
3138	40
3139	44
3140	34
3141	42
3142	46
3143	41
3144	31
3145	35
3146	45
3147	39
3148	35
3149	38
3150	35
3151	33
3152	36
3153	46
3154	29
3155	27
3156	33
3157	36
3158	36
3159	42
3160	46
3161	30
3162	34
3163	36
3164	35
3165	31
3166	51
3167	40
3168	28
3169	41
3170	26
3171	35
3172	33
3173	34
3174	46
3175	32
3176	34
3177	46
3178	30
3179	39
3180	30
3181	27
3182	35
3183	46
3184	36
3185	33
3186	48
3187	34
3188	38
3189	39
3190	33
3191	35
3192	35
3193	38
3194	40
3195	44
3196	33
3197	30
3198	38
3199	50
3200	36
3201	36
3202	33
3203	42
3204	31
3205	29
3206	31
3207	44
3208	24
3209	37
3210	42
3211	38
3212	35
3213	38
3214	32
3215	34
3216	32
3217	45
3218	32
3219	42
3220	36
3221	37
3222	36
3223	36
3224	29
3225	50
3226	39
3227	30
3228	39
3229	30
3230	40
3231	36
3232	36
3233	31
3234	37
3235	34
3236	40
3237	35
3238	31
3239	31
3240	34
3241	32
3242	37
3243	26
3244	41
3245	38
3246	34
3247	37
3248	39
3249	37
3250	37
3251	40
3252	29
3253	33
3254	40
3255	42
3256	37
3257	39
3258	39
3259	35
3260	36
3261	34
3262	32
3263	39
3264	29
3265	31
3266	43
3267	27
3268	32
3269	34
3270	41
3271	42
3272	33
3273	33
3274	29
3275	37
3276	32
3277	42
3278	29
3279	50
3280	36
3281	42
3282	40
3283	39
3284	35
3285	36
3286	30
3287	41
3288	34
3289	33
3290	36
3291	31
3292	43
3293	29
3294	29
3295	39
3296	29
3297	37
3298	42
3299	41
3300	46
3301	33
3302	39
3303	34
3304	36
3305	40
3306	27
3307	35
3308	36
3309	28
3310	30
3311	36
3312	43
3313	28
3314	34
3315	28
3316	34
3317	36
3318	23
3319	34
3320	30
3321	34
3322	36
3323	35
3324	32
3325	38
3326	40
3327	34
3328	38
3329	42
3330	45
3331	32
3332	36
3333	46
3334	41
3335	35
3336	43
3337	33
3338	29
3339	36
3340	35
3341	31
3342	36
3343	38
3344	32
3345	34
3346	35
3347	42
3348	46
3349	41
3350	46
3351	39
3352	33
3353	40
3354	41
3355	47
3356	41
3357	27
3358	28
3359	40
3360	38
3361	29
3362	35
3363	29
3364	39
3365	39
3366	36
3367	49
3368	32
3369	44
3370	32
3371	46
3372	38
3373	36
3374	36
3375	31
3376	47
3377	37
3378	30
3379	33
3380	47
3381	38
3382	33
3383	45
3384	37
3385	27
3386	36
3387	27
3388	33
3389	33
3390	30
3391	26
3392	40
3393	40
3394	29
3395	32
3396	32
3397	41
3398	36
3399	30
3400	29
3401	26
3402	33
3403	36
3404	49
3405	34
3406	34
3407	33
3408	46
3409	32
3410	32
3411	36
3412	39
3413	50
3414	37
3415	34
3416	31
3417	40
3418	31
3419	25
3420	39
3421	31
3422	38
3423	30
3424	36
3425	38
3426	17
3427	38
3428	43
3429	39
3430	22
3431	33
3432	33
3433	28
3434	35
3435	26
3436	37
3437	38
3438	38
3439	29
3440	29
3441	27
3442	37
3443	35
3444	26
3445	42
3446	39
3447	32
3448	41
3449	32
3450	30
3451	34
3452	37
3453	43
3454	36
3455	39
3456	31
3457	25
3458	41
3459	47
3460	36
3461	40
3462	33
3463	32
3464	35
3465	41
3466	30
3467	29
3468	26
3469	45
3470	31
3471	41
3472	41
3473	34
3474	36
3475	33
3476	38
3477	27
3478	29
3479	38
3480	33
3481	23
3482	39
3483	37
3484	28
3485	45
3486	37
3487	34
3488	45
3489	40
3490	25
3491	28
3492	20
3493	33
3494	37
3495	37
3496	35
3497	40
3498	32
3499	31
3500	34
3501	42
3502	40
3503	34
3504	30
3505	39
3506	34
3507	31
3508	43
3509	31
3510	24
3511	35
3512	28
3513	36
3514	28
3515	38
3516	36
3517	40
3518	34
3519	30
3520	21
3521	42
3522	36
3523	32
3524	25
3525	34
3526	34
3527	46
3528	34
3529	38
3530	46
3531	35
3532	44
3533	34
3534	30
3535	24
3536	27
3537	35
3538	39
3539	31
3540	35
3541	44
3542	27
3543	26
3544	27
3545	38
3546	39
3547	26
3548	41
3549	29
3550	35
3551	46
3552	38
3553	32
3554	33
3555	39
3556	23
3557	32
3558	32
3559	28
3560	35
3561	44
3562	31
3563	33
3564	38
3565	30
3566	31
3567	40
3568	29
3569	30
3570	31
3571	38
3572	37
3573	30
3574	32
3575	32
3576	24
3577	33
3578	38
3579	34
3580	32
3581	33
3582	35
3583	26
3584	24
3585	36
3586	27
3587	36
3588	39
3589	35
3590	37
3591	33
3592	34
3593	33
3594	32
3595	44
3596	30
3597	26
3598	36
3599	26
3600	34
3601	29
3602	38
3603	25
3604	30
3605	26
3606	36
3607	43
3608	39
3609	30
3610	28
3611	31
3612	33
3613	38
3614	37
3615	41
3616	33
3617	26
3618	35
3619	43
3620	32
3621	32
3622	27
3623	36
3624	37
3625	34
3626	37
3627	35
3628	23
3629	25
3630	38
3631	33
3632	29
3633	35
3634	37
3635	32
3636	26
3637	33
3638	36
3639	34
3640	39
3641	42
3642	30
3643	33
3644	32
3645	34
3646	38
3647	27
3648	34
3649	34
3650	30
3651	29
3652	38
3653	38
3654	33
3655	30
3656	45
3657	29
3658	24
3659	36
3660	26
3661	28
3662	32
3663	33
3664	28
3665	29
3666	30
3667	44
3668	44
3669	41
3670	42
3671	36
3672	25
3673	42
3674	35
3675	37
3676	25
3677	29
3678	41
3679	35
3680	29
3681	35
3682	37
3683	38
3684	34
3685	36
3686	29
3687	29
3688	34
3689	31
3690	29
3691	31
3692	32
3693	39
3694	29
3695	21
3696	37
3697	32
3698	35
3699	31
3700	30
3701	43
3702	36
3703	28
3704	30
3705	29
3706	42
3707	27
3708	29
3709	29
3710	32
3711	40
3712	32
3713	35
3714	36
3715	19
3716	26
3717	41
3718	29
3719	27
3720	38
3721	38
3722	37
3723	37
3724	18
3725	31
3726	40
3727	46
3728	32
3729	36
3730	38
3731	37
3732	34
3733	27
3734	45
3735	36
3736	30
3737	33
3738	36
3739	27
3740	36
3741	31
3742	26
3743	34
3744	40
3745	36
3746	34
3747	41
3748	32
3749	25
3750	24
3751	40
3752	38
3753	25
3754	29
3755	31
3756	42
3757	36
3758	26
3759	39
3760	24
3761	26
3762	32
3763	35
3764	41
3765	28
3766	32
3767	41
3768	41
3769	29
3770	34
3771	34
3772	22
3773	44
3774	34
3775	35
3776	31
3777	33
3778	32
3779	35
3780	29
3781	35
3782	30
3783	33
3784	24
3785	37
3786	29
3787	25
3788	30
3789	38
3790	32
3791	43
3792	37
3793	43
3794	32
3795	31
3796	29
3797	28
3798	21
3799	29
3800	30
3801	26
3802	30
3803	34
3804	38
3805	36
3806	34
3807	36
3808	30
3809	32
3810	32
3811	31
3812	33
3813	28
3814	29
3815	27
3816	40
3817	31
3818	36
3819	27
3820	39
3821	46
3822	36
3823	39
3824	31
3825	26
3826	40
3827	31
3828	24
3829	22
3830	26
3831	37
3832	27
3833	43
3834	34
3835	35
3836	30
3837	40
3838	37
3839	32
3840	26
3841	33
3842	31
3843	31
3844	40
3845	35
3846	33
3847	38
3848	41
3849	34
3850	33
3851	32
3852	26
3853	43
3854	35
3855	34
3856	25
3857	37
3858	35
3859	33
3860	32
3861	37
3862	30
3863	31
3864	41
3865	49
3866	31
3867	39
3868	40
3869	34
3870	36
3871	25
3872	29
3873	35
3874	33
3875	34
3876	38
3877	26
3878	28
3879	26
3880	40
3881	24
3882	45
3883	34
3884	32
3885	30
3886	39
3887	37
3888	27
3889	30
3890	33
3891	33
3892	36
3893	34
3894	35
3895	28
3896	29
3897	31
3898	36
3899	34
3900	34
3901	35
3902	43
3903	44
3904	28
3905	35
3906	37
3907	35
3908	34
3909	36
3910	39
3911	41
3912	31
3913	25
3914	37
3915	32
3916	28
3917	37
3918	32
3919	37
3920	38
3921	26
3922	39
3923	34
3924	38
3925	41
3926	40
3927	28
3928	29
3929	36
3930	31
3931	44
3932	30
3933	35
3934	41
3935	31
3936	48
3937	48
3938	44
3939	37
3940	37
3941	38
3942	31
3943	39
3944	39
3945	41
3946	42
3947	48
3948	30
3949	31
3950	39
3951	29
3952	31
3953	40
3954	48
3955	34
3956	36
3957	36
3958	33
3959	36
3960	33
3961	29
3962	40
3963	26
3964	28
3965	43
3966	45
3967	41
3968	44
3969	31
3970	39
3971	34
3972	31
3973	30
3974	29
3975	38
3976	43
3977	41
3978	36
3979	34
3980	34
3981	42
3982	40
3983	38
3984	41
3985	35
3986	43
3987	47
3988	35
3989	40
3990	42
3991	38
3992	44
3993	38
3994	41
3995	35
3996	35
3997	45
3998	42
3999	32
4000	48
4001	42
4002	43
4003	26
4004	40
4005	27
4006	41
4007	41
4008	39
4009	38
4010	42
4011	30
4012	40
4013	32
4014	34
4015	37
4016	32
4017	35
4018	36
4019	27
4020	41
4021	38
4022	39
4023	38
4024	34
4025	34
4026	38
4027	43
4028	44
4029	25
4030	24
4031	42
4032	41
4033	43
4034	37
4035	37
4036	45
4037	31
4038	38
4039	40
4040	34
4041	36
4042	28
4043	36
4044	41
4045	42
4046	45
4047	31
4048	36
4049	37
4050	25
4051	31
4052	46
4053	46
4054	34
4055	27
4056	47
4057	34
4058	39
4059	34
4060	34
4061	36
4062	32
4063	36
4064	51
4065	49
4066	37
4067	46
4068	38
4069	44
4070	38
4071	47
4072	45
4073	45
4074	48
4075	31
4076	39
4077	35
4078	42
4079	31
4080	50
4081	46
4082	44
4083	47
4084	44
4085	41
4086	30
4087	52
4088	47
4089	47
4090	52
4091	43
4092	41
4093	47
4094	37
4095	43
4096	42
4097	54
4098	44
4099	46
4100	45
4101	35
4102	29
4103	39
4104	41
4105	43
4106	49
4107	37
4108	45
4109	53
4110	34
4111	37
4112	41
4113	44
4114	53
4115	40
4116	43
4117	45
4118	39
4119	41
4120	48
4121	39
4122	40
4123	43
4124	39
4125	39
4126	46
4127	43
4128	47
4129	57
4130	45
4131	52
4132	41
4133	48
4134	37
4135	35
4136	43
4137	45
4138	41
4139	52
4140	37
4141	31
4142	45
4143	44
4144	50
4145	37
4146	48
4147	55
4148	44
4149	44
4150	48
4151	52
4152	41
4153	46
4154	45
4155	43
4156	41
4157	42
4158	46
4159	42
4160	46
4161	52
4162	48
4163	49
4164	46
4165	57
4166	52
4167	56
4168	36
4169	46
4170	42
4171	49
4172	39
4173	36
4174	47
4175	39
4176	38
4177	44
4178	48
4179	33
4180	53
4181	49
4182	46
4183	47
4184	48
4185	37
4186	38
4187	45
4188	51
4189	44
4190	40
4191	37
4192	44
4193	43
4194	41
4195	53
4196	63
4197	46
4198	48
4199	53
4200	48
4201	49
4202	41
4203	46
4204	49
4205	45
4206	34
4207	51
4208	44
4209	39
4210	46
4211	52
4212	48
4213	43
4214	45
4215	39
4216	42
4217	46
4218	38
4219	46
4220	47
4221	46
4222	39
4223	45
4224	50
4225	42
4226	41
4227	50
4228	42
4229	43
4230	42
4231	48
4232	45
4233	36
4234	53
4235	48
4236	37
4237	61
4238	39
4239	38
4240	40
4241	40
4242	55
4243	37
4244	53
4245	37
4246	43
4247	49
4248	40
4249	40
4250	41
4251	37
4252	58
4253	52
4254	50
4255	55
4256	50
4257	43
4258	41
4259	44
4260	43
4261	39
4262	58
4263	48
4264	43
4265	59
4266	43
4267	40
4268	50
4269	46
4270	38
4271	43
4272	46
4273	41
4274	43
4275	40
4276	45
4277	53
4278	40
4279	42
4280	45
4281	44
4282	54
4283	59
4284	46
4285	36
4286	73
4287	52
4288	50
4289	50
4290	50
4291	51
4292	47
4293	44
4294	46
4295	52
4296	48
4297	57
4298	41
4299	54
4300	45
4301	47
4302	55
4303	37
4304	47
4305	40
4306	50
4307	45
4308	40
4309	38
4310	50
4311	51
4312	46
4313	48
4314	44
4315	51
4316	41
4317	61
4318	49
4319	37
4320	34
4321	54
4322	54
4323	49
4324	34
4325	50
4326	42
4327	43
4328	59
4329	39
4330	52
4331	47
4332	33
4333	58
4334	49
4335	41
4336	50
4337	45
4338	47
4339	43
4340	35
4341	39
4342	42
4343	53
4344	57
4345	31
4346	41
4347	55
4348	34
4349	41
4350	32
4351	45
4352	46
4353	33
4354	46
4355	37
4356	46
4357	43
4358	39
4359	39
4360	48
4361	40
4362	43
4363	51
4364	53
4365	55
4366	51
4367	35
4368	48
4369	46
4370	51
4371	36
4372	39
4373	48
4374	54
4375	46
4376	41
4377	50
4378	47
4379	41
4380	49
4381	36
4382	44
4383	47
4384	49
4385	47
4386	38
4387	48
4388	52
4389	43
4390	43
4391	39
4392	55
4393	36
4394	46
4395	57
4396	60
4397	39
4398	44
4399	33
4400	36
4401	58
4402	50
4403	39
4404	56
4405	54
4406	39
4407	53
4408	45
4409	40
4410	51
4411	50
4412	29
4413	46
4414	49
4415	44
4416	48
4417	41
4418	41
4419	65
4420	50
4421	46
4422	53
4423	48
4424	36
4425	67
4426	43
4427	39
4428	30
4429	44
4430	47
4431	53
4432	50
4433	39
4434	50
4435	36
4436	42
4437	55
4438	52
4439	57
4440	40
4441	54
4442	45
4443	41
4444	52
4445	56
4446	49
4447	42
4448	51
4449	36
4450	49
4451	44
4452	45
4453	44
4454	44
4455	41
4456	47
4457	36
4458	52
4459	43
4460	48
4461	41
4462	42
4463	46
4464	37
4465	40
4466	48
4467	41
4468	36
4469	49
4470	46
4471	47
4472	45
4473	46
4474	43
4475	49
4476	37
4477	47
4478	51
4479	42
4480	53
4481	32
4482	41
4483	50
4484	34
4485	37
4486	39
4487	39
4488	52
4489	44
4490	43
4491	56
4492	44
4493	51
4494	47
4495	42
4496	37
4497	36
4498	49
4499	44
4500	33
4501	51
4502	45
4503	39
4504	48
4505	39
4506	35
4507	43
4508	35
4509	34
4510	47
4511	49
4512	50
4513	48
4514	49
4515	54
4516	41
4517	42
4518	62
4519	48
4520	44
4521	44
4522	46
4523	32
4524	51
4525	50
4526	40
4527	31
4528	37
4529	59
4530	45
4531	39
4532	41
4533	35
4534	36
4535	47
4536	43
4537	57
4538	45
4539	44
4540	45
4541	49
4542	34
4543	40
4544	42
4545	38
4546	37
4547	51
4548	45
4549	31
4550	43
4551	39
4552	49
4553	50
4554	38
4555	40
4556	50
4557	41
4558	45
4559	43
4560	56
4561	38
4562	42
4563	34
4564	39
4565	32
4566	37
4567	54
4568	43
4569	45
4570	36
4571	38
4572	31
4573	39
4574	35
4575	55
4576	30
4577	41
4578	40
4579	31
4580	50
4581	56
4582	44
4583	41
4584	44
4585	34
4586	34
4587	45
4588	54
4589	31
4590	31
4591	33
4592	28
4593	38
4594	33
4595	35
4596	43
4597	40
4598	46
4599	46
4600	45
4601	55
4602	40
4603	42
4604	47
4605	41
4606	38
4607	35
4608	37
4609	28
4610	35
4611	32
4612	37
4613	50
4614	43
4615	41
4616	49
4617	34
4618	39
4619	46
4620	40
4621	43
4622	52
4623	36
4624	41
4625	27
4626	31
4627	35
4628	35
4629	36
4630	38
4631	41
4632	51
4633	43
4634	35
4635	37
4636	47
4637	45
4638	33
4639	40
4640	28
4641	44
4642	23
4643	29
4644	37
4645	52
4646	26
4647	36
4648	35
4649	32
4650	38
4651	47
4652	28
4653	35
4654	32
4655	30
4656	33
4657	32
4658	34
4659	41
4660	38
4661	34
4662	38
4663	37
4664	28
4665	35
4666	34
4667	34
4668	38
4669	39
4670	50
4671	35
4672	27
4673	41
4674	33
4675	30
4676	38
4677	37
4678	37
4679	34
4680	41
4681	32
4682	31
4683	42
4684	22
4685	26
4686	29
4687	36
4688	30
4689	28
4690	32
4691	22
4692	28
4693	35
4694	26
4695	31
4696	42
4697	37
4698	28
4699	35
4700	41
4701	36
4702	38
4703	32
4704	31
4705	35
4706	28
4707	29
4708	36
4709	29
4710	31
4711	31
4712	32
4713	34
4714	35
4715	30
4716	35
4717	29
4718	41
4719	31
4720	30
4721	33
4722	29
4723	31
4724	30
4725	26
4726	39
4727	39
4728	28
4729	30
4730	39
4731	29
4732	35
4733	36
4734	35
4735	37
4736	23
4737	34
4738	24
4739	27
4740	48
4741	31
4742	28
4743	34
4744	32
4745	33
4746	30
4747	27
4748	28
4749	38
4750	21
4751	36
4752	36
4753	38
4754	25
4755	36
4756	30
4757	36
4758	24
4759	36
4760	33
4761	27
4762	34
4763	31
4764	35
4765	23
4766	30
4767	34
4768	42
4769	25
4770	30
4771	40
4772	21
4773	27
4774	32
4775	28
4776	30
4777	35
4778	35
4779	24
4780	36
4781	25
4782	23
4783	40
4784	25
4785	33
4786	24
4787	31
4788	35
4789	27
4790	25
4791	19
4792	38
4793	32
4794	34
4795	21
4796	32
4797	31
4798	28
4799	42
4800	25
4801	29
4802	34
4803	20
4804	27
4805	28
4806	29
4807	25
4808	37
4809	38
4810	32
4811	21
4812	29
4813	29
4814	44
4815	25
4816	36
4817	36
4818	42
4819	26
4820	26
4821	38
4822	26
4823	28
4824	33
4825	26
4826	21
4827	43
4828	28
4829	30
4830	36
4831	29
4832	28
4833	30
4834	38
4835	39
4836	37
4837	25
4838	32
4839	20
4840	25
4841	29
4842	39
4843	41
4844	34
4845	24
4846	32
4847	33
4848	29
4849	37
4850	24
4851	33
4852	31
4853	28
4854	31
4855	29
4856	32
4857	31
4858	28
4859	29
4860	26
4861	32
4862	34
4863	35
4864	29
4865	33
4866	26
4867	33
4868	22
4869	27
4870	33
4871	28
4872	30
4873	31
4874	31
4875	23
4876	36
4877	29
4878	20
4879	25
4880	22
4881	16
4882	23
4883	30
4884	34
4885	29
4886	28
4887	34
4888	27
4889	22
4890	39
4891	34
4892	25
4893	25
4894	29
4895	29
4896	16
4897	43
4898	28
4899	16
4900	34
4901	30
4902	30
4903	28
4904	23
4905	29
4906	33
4907	34
4908	21
4909	25
4910	21
4911	30
4912	15
4913	33
4914	34
4915	31
4916	34
4917	35
4918	26
4919	28
4920	27
4921	40
4922	26
4923	30
4924	25
4925	29
4926	27
4927	26
4928	21
4929	30
4930	35
4931	22
4932	23
4933	17
4934	22
4935	24
4936	19
4937	40
4938	27
4939	27
4940	32
4941	25
4942	16
4943	23
4944	38
4945	23
4946	21
4947	31
4948	29
4949	26
4950	23
4951	30
4952	23
4953	25
4954	23
4955	23
4956	24
4957	25
4958	36
4959	33
4960	27
4961	38
4962	31
4963	23
4964	29
4965	26
4966	27
4967	23
4968	24
4969	24
4970	20
4971	19
4972	19
4973	15
4974	27
4975	24
4976	25
4977	18
4978	25
4979	23
4980	24
4981	23
4982	24
4983	26
4984	25
4985	28
4986	23
4987	24
4988	24
4989	25
4990	27
4991	20
4992	27
4993	24
4994	26
4995	19
4996	26
4997	28
4998	27
4999	19
5000	30
5001	22
5002	23
5003	32
5004	28
5005	22
5006	23
5007	20
5008	27
5009	30
5010	24
5011	19
5012	26
5013	23
5014	32
5015	22
5016	27
5017	29
5018	27
5019	28
5020	20
5021	30
5022	19
5023	29
5024	27
5025	21
5026	29
5027	28
5028	21
5029	25
5030	21
5031	27
5032	22
5033	18
5034	23
5035	14
5036	22
5037	27
5038	29
5039	21
5040	19
5041	20
5042	18
5043	20
5044	27
5045	34
5046	21
5047	30
5048	17
5049	23
5050	14
5051	25
5052	23
5053	24
5054	30
5055	15
5056	18
5057	19
5058	26
5059	27
5060	27
5061	27
5062	28
5063	21
5064	26
5065	30
5066	27
5067	18
5068	15
5069	20
5070	16
5071	24
5072	32
5073	25
5074	20
5075	19
5076	17
5077	17
5078	28
5079	22
5080	25
5081	26
5082	22
5083	23
5084	20
5085	16
5086	16
5087	19
5088	25
5089	23
5090	26
5091	29
5092	15
5093	15
5094	24
5095	27
5096	24
5097	24
5098	19
5099	25
5100	19
5101	23
5102	21
5103	23
5104	24
5105	28
5106	18
5107	29
5108	24
5109	22
5110	23
5111	22
5112	26
5113	22
5114	23
5115	34
5116	21
5117	21
5118	20
5119	27
5120	20
5121	21
5122	22
5123	24
5124	25
5125	22
5126	17
5127	20
5128	23
5129	22
5130	24
5131	21
5132	13
5133	26
5134	24
5135	20
5136	29
5137	22
5138	24
5139	27
5140	23
5141	16
5142	21
5143	20
5144	21
5145	22
5146	26
5147	22
5148	20
5149	21
5150	27
5151	24
5152	22
5153	22
5154	23
5155	22
5156	19
5157	18
5158	19
5159	16
5160	11
5161	15
5162	24
5163	18
5164	26
5165	18
5166	30
5167	26
5168	19
5169	15
5170	14
5171	16
5172	19
5173	18
5174	22
5175	22
5176	18
5177	17
5178	29
5179	21
5180	19
5181	11
5182	13
5183	17
5184	27
5185	26
5186	21
5187	24
5188	18
5189	20
5190	19
5191	19
5192	22
5193	24
5194	21
5195	12
5196	18
5197	24
5198	13
5199	15
5200	13
5201	18
5202	28
5203	17
5204	19
5205	21
5206	20
5207	23
5208	21
5209	20
5210	22
5211	19
5212	18
5213	10
5214	29
5215	21
5216	14
5217	22
5218	21
5219	15
5220	21
5221	19
5222	20
5223	19
5224	16
5225	28
5226	20
5227	19
5228	11
5229	11
5230	19
5231	13
5232	23
5233	18
5234	18
5235	18
5236	20
5237	17
5238	11
5239	18
5240	12
5241	13
5242	16
5243	15
5244	27
5245	21
5246	21
5247	20
5248	19
5249	14
5250	7
5251	17
5252	14
5253	14
5254	17
5255	18
5256	14
5257	18
5258	21
5259	22
5260	21
5261	19
5262	12
5263	19
5264	24
5265	15
5266	22
5267	23
5268	16
5269	16
5270	24
5271	18
5272	24
5273	14
5274	11
5275	20
5276	13
5277	22
5278	16
5279	15
5280	17
5281	11
5282	20
5283	16
5284	24
5285	21
5286	14
5287	13
5288	24
5289	18
5290	22
5291	21
5292	19
5293	25
5294	19
5295	12
5296	17
5297	17
5298	18
5299	15
5300	18
5301	22
5302	25
5303	26
5304	6
5305	24
5306	23
5307	19
5308	16
5309	15
5310	18
5311	21
5312	16
5313	22
5314	21
5315	14
5316	15
5317	19
5318	19
5319	16
5320	22
5321	15
5322	18
5323	21
5324	17
5325	22
5326	16
5327	22
5328	10
5329	11
5330	21
5331	16
5332	13
5333	17
5334	17
5335	15
5336	12
5337	14
5338	15
5339	20
5340	17
5341	23
5342	16
5343	17
5344	9
5345	15
5346	15
5347	10
5348	23
5349	14
5350	18
5351	20
5352	12
5353	18
5354	22
5355	12
5356	7
5357	15
5358	24
5359	13
5360	21
5361	16
5362	18
5363	16
5364	10
5365	12
5366	7
5367	17
5368	21
5369	19
5370	13
5371	6
5372	8
5373	10
5374	16
5375	15
5376	19
5377	14
5378	17
5379	21
5380	16
5381	18
5382	16
5383	18
5384	17
5385	20
5386	10
5387	14
5388	15
5389	16
5390	20
5391	12
5392	7
5393	22
5394	19
5395	20
5396	10
5397	10
5398	12
5399	18
5400	17
5401	17
5402	21
5403	12
5404	15
5405	17
5406	20
5407	25
5408	17
5409	13
5410	18
5411	11
5412	18
5413	18
5414	21
5415	19
5416	13
5417	16
5418	13
5419	13
5420	13
5421	20
5422	12
5423	12
5424	9
5425	20
5426	13
5427	13
5428	9
5429	17
5430	18
5431	8
5432	16
5433	18
5434	15
5435	17
5436	12
5437	20
5438	15
5439	16
5440	8
5441	14
5442	16
5443	15
5444	16
5445	15
5446	16
5447	13
5448	16
5449	14
5450	17
5451	10
5452	16
5453	20
5454	12
5455	13
5456	12
5457	10
5458	9
5459	10
5460	10
5461	16
5462	13
5463	12
5464	15
5465	16
5466	15
5467	11
5468	20
5469	16
5470	17
5471	19
5472	13
5473	13
5474	18
5475	14
5476	21
5477	19
5478	16
5479	14
5480	18
5481	14
5482	18
5483	11
5484	9
5485	13
5486	10
5487	17
5488	18
5489	18
5490	14
5491	16
5492	7
5493	11
5494	23
5495	6
5496	6
5497	13
5498	8
5499	14
5500	9
5501	11
5502	14
5503	14
5504	14
5505	18
5506	12
5507	16
5508	15
5509	14
5510	13
5511	19
5512	8
5513	12
5514	14
5515	16
5516	25
5517	12
5518	14
5519	17
5520	17
5521	13
5522	17
5523	14
5524	17
5525	10
5526	17
5527	20
5528	18
5529	20
5530	11
5531	13
5532	14
5533	15
5534	21
5535	13
5536	18
5537	24
5538	13
5539	9
5540	17
5541	15
5542	18
5543	11
5544	12
5545	18
5546	14
5547	12
5548	11
5549	15
5550	13
5551	12
5552	7
5553	17
5554	16
5555	8
5556	10
5557	6
5558	14
5559	11
5560	12
5561	18
5562	16
5563	20
5564	13
5565	15
5566	16
5567	8
5568	22
5569	10
5570	6
5571	17
5572	14
5573	17
5574	12
5575	9
5576	12
5577	15
5578	17
5579	12
5580	16
5581	9
5582	6
5583	11
5584	14
5585	10
5586	13
5587	9
5588	8
5589	15
5590	16
5591	15
5592	11
5593	21
5594	12
5595	12
5596	12
5597	12
5598	12
5599	13
5600	14
5601	12
5602	17
5603	11
5604	12
5605	18
5606	12
5607	10
5608	7
5609	23
5610	13
5611	10
5612	16
5613	12
5614	16
5615	11
5616	12
5617	8
5618	9
5619	10
5620	14
5621	16
5622	11
5623	19
5624	16
5625	11
5626	15
5627	13
5628	11
5629	12
5630	8
5631	12
5632	13
5633	17
5634	11
5635	17
5636	11
5637	14
5638	14
5639	20
5640	10
5641	8
5642	15
5643	20
5644	13
5645	15
5646	12
5647	18
5648	19
5649	12
5650	14
5651	10
5652	13
5653	11
5654	11
5655	14
5656	10
5657	12
5658	8
5659	10
5660	10
5661	8
5662	12
5663	9
5664	8
5665	15
5666	17
5667	12
5668	18
5669	14
5670	10
5671	13
5672	21
5673	12
5674	15
5675	14
5676	17
5677	15
5678	12
5679	11
5680	9
5681	7
5682	11
5683	12
5684	14
5685	15
5686	7
5687	20
5688	15
5689	8
5690	10
5691	14
5692	17
5693	7
5694	8
5695	12
5696	6
5697	7
5698	11
5699	9
5700	12
5701	5
5702	10
5703	12
5704	15
5705	6
5706	11
5707	9
5708	13
5709	7
5710	11
5711	17
5712	15
5713	13
5714	15
5715	14
5716	13
5717	15
5718	12
5719	10
5720	13
5721	9
5722	13
5723	9
5724	8
5725	11
5726	15
5727	9
5728	9
5729	12
5730	13
5731	15
5732	11
5733	10
5734	14
5735	15
5736	14
5737	14
5738	7
5739	14
5740	6
5741	9
5742	8
5743	12
5744	10
5745	6
5746	5
5747	11
5748	5
5749	8
5750	12
5751	9
5752	11
5753	8
5754	6
5755	11
5756	19
5757	10
5758	14
5759	14
5760	15
5761	7
5762	11
5763	13
5764	17
5765	12
5766	12
5767	14
5768	11
5769	6
5770	18
5771	15
5772	8
5773	10
5774	9
5775	12
5776	13
5777	12
5778	8
5779	11
5780	8
5781	7
5782	10
5783	7
5784	12
5785	17
5786	11
5787	9
5788	14
5789	14
5790	10
5791	10
5792	13
5793	11
5794	10
5795	12
5796	17
5797	14
5798	14
5799	13
5800	12
5801	11
5802	10
5803	11
5804	11
5805	5
5806	14
5807	16
5808	14
5809	20
5810	12
5811	16
5812	8
5813	11
5814	11
5815	4
5816	8
5817	10
5818	9
5819	10
5820	8
5821	14
5822	12
5823	15
5824	10
5825	15
5826	14
5827	11
5828	13
5829	11
5830	9
5831	10
5832	17
5833	14
5834	8
5835	15
5836	5
5837	11
5838	12
5839	13
5840	15
5841	10
5842	11
5843	13
5844	9
5845	5
5846	14
5847	11
5848	8
5849	12
5850	14
5851	13
5852	13
5853	10
5854	9
5855	8
5856	9
5857	8
5858	11
5859	9
5860	12
5861	8
5862	10
5863	10
5864	13
5865	10
5866	12
5867	10
5868	9
5869	12
5870	4
5871	14
5872	12
5873	13
5874	13
5875	15
5876	6
5877	11
5878	9
5879	9
5880	12
5881	16
5882	12
5883	12
5884	11
5885	10
5886	10
5887	8
5888	13
5889	12
5890	10
5891	14
5892	14
5893	15
5894	14
5895	7
5896	11
5897	9
5898	16
5899	13
5900	14
5901	13
5902	10
5903	9
5904	10
5905	9
5906	9
5907	11
5908	6
5909	14
5910	16
5911	13
5912	4
5913	12
5914	11
5915	8
5916	12
5917	8
5918	10
5919	10
5920	6
5921	6
5922	10
5923	11
5924	9
5925	11
5926	6
5927	10
5928	12
5929	12
5930	12
5931	9
5932	8
5933	5
5934	14
5935	12
5936	11
5937	8
5938	8
5939	6
5940	8
5941	10
5942	11
5943	9
5944	9
5945	11
5946	5
5947	12
5948	4
5949	11
5950	9
5951	8
5952	14
5953	8
5954	12
5955	8
5956	12
5957	10
5958	11
5959	10
5960	13
5961	12
5962	9
5963	10
5964	11
5965	8
5966	8
5967	8
5968	16
5969	7
5970	7
5971	8
5972	5
5973	7
5974	12
5975	9
5976	15
5977	8
5978	8
5979	10
5980	9
5981	7
5982	10
5983	17
5984	10
5985	8
5986	8
5987	9
5988	10
5989	13
5990	7
5991	10
5992	9
5993	7
5994	10
5995	9
5996	8
5997	8
5998	8
5999	3
6000	13
6001	10
6002	12
6003	17
6004	6
6005	10
6006	8
6007	9
6008	6
6009	6
6010	11
6011	12
6012	11
6013	13
6014	12
6015	9
6016	6
6017	17
6018	21
6019	10
6020	5
6021	14
6022	11
6023	12
6024	8
6025	15
6026	11
6027	8
6028	8
6029	12
6030	12
6031	8
6032	16
6033	8
6034	12
6035	11
6036	10
6037	7
6038	11
6039	9
6040	7
6041	9
6042	11
6043	7
6044	14
6045	14
6046	11
6047	7
6048	13
6049	9
6050	9
6051	14
6052	8
6053	8
6054	14
6055	10
6056	5
6057	10
6058	8
6059	7
6060	21
6061	13
6062	12
6063	7
6064	9
6065	6
6066	7
6067	9
6068	13
6069	6
6070	18
6071	10
6072	7
6073	13
6074	8
6075	11
6076	15
6077	7
6078	11
6079	6
6080	8
6081	14
6082	6
6083	8
6084	8
6085	13
6086	6
6087	10
6088	10
6089	12
6090	10
6091	10
6092	11
6093	7
6094	10
6095	10
6096	5
6097	7
6098	8
6099	11
6100	5
6101	8
6102	10
6103	8
6104	8
6105	11
6106	12
6107	12
6108	16
6109	12
6110	11
6111	7
6112	11
6113	9
6114	6
6115	14
6116	17
6117	11
6118	9
6119	8
6120	11
6121	7
6122	12
6123	19
6124	8
6125	13
6126	13
6127	7
6128	4
6129	9
6130	9
6131	14
6132	13
6133	6
6134	6
6135	8
6136	10
6137	6
6138	12
6139	10
6140	10
6141	12
6142	15
6143	9
6144	9
6145	9
6146	8
6147	15
6148	5
6149	13
6150	9
6151	10
6152	6
6153	3
6154	10
6155	12
6156	11
6157	7
6158	8
6159	13
6160	11
6161	13
6162	6
6163	9
6164	7
6165	8
6166	7
6167	8
6168	15
6169	6
6170	7
6171	7
6172	10
6173	15
6174	4
6175	10
6176	15
6177	9
6178	6
6179	15
6180	10
6181	8
6182	9
6183	5
6184	11
6185	12
6186	8
6187	13
6188	11
6189	11
6190	8
6191	10
6192	9
6193	10
6194	11
6195	7
6196	14
6197	11
6198	8
6199	10
6200	14
6201	9
6202	12
6203	13
6204	11
6205	16
6206	6
6207	11
6208	8
6209	19
6210	11
6211	9
6212	7
6213	18
6214	11
6215	8
6216	13
6217	11
6218	8
6219	12
6220	18
6221	7
6222	12
6223	11
6224	11
6225	9
6226	11
6227	11
6228	8
6229	5
6230	11
6231	12
6232	7
6233	14
6234	12
6235	15
6236	9
6237	9
6238	9
6239	10
6240	11
6241	8
6242	15
6243	6
6244	6
6245	10
6246	5
6247	8
6248	10
6249	11
6250	3
6251	13
6252	9
6253	10
6254	15
6255	9
6256	11
6257	8
6258	6
6259	9
6260	4
6261	11
6262	8
6263	17
6264	6
6265	17
6266	12
6267	12
6268	11
6269	13
6270	15
6271	11
6272	12
6273	11
6274	10
6275	8
6276	13
6277	11
6278	10
6279	13
6280	9
6281	13
6282	13
6283	10
6284	5
6285	7
6286	6
6287	7
6288	14
6289	14
6290	9
6291	13
6292	7
6293	10
6294	15
6295	6
6296	13
6297	8
6298	8
6299	9
6300	15
6301	15
6302	15
6303	9
6304	13
6305	11
6306	9
6307	13
6308	13
6309	7
6310	8
6311	12
6312	7
6313	11
6314	11
6315	6
6316	10
6317	16
6318	14
6319	9
6320	13
6321	18
6322	7
6323	10
6324	14
6325	12
6326	14
6327	7
6328	10
6329	10
6330	11
6331	12
6332	14
6333	11
6334	7
6335	15
6336	12
6337	9
6338	7
6339	19
6340	9
6341	10
6342	11
6343	12
6344	10
6345	9
6346	9
6347	9
6348	13
6349	10
6350	7
6351	2
6352	9
6353	9
6354	14
6355	17
6356	11
6357	6
6358	12
6359	13
6360	8
6361	5
6362	12
6363	12
6364	9
6365	11
6366	9
6367	12
6368	13
6369	9
6370	13
6371	9
6372	20
6373	5
6374	11
6375	9
6376	5
6377	13
6378	12
6379	8
6380	8
6381	8
6382	16
6383	14
6384	11
6385	9
6386	12
6387	14
6388	10
6389	18
6390	8
6391	9
6392	21
6393	5
6394	13
6395	13
6396	15
6397	8
6398	6
6399	20
6400	14
6401	10
6402	9
6403	15
6404	16
6405	12
6406	9
6407	12
6408	9
6409	8
6410	8
6411	15
6412	11
6413	14
6414	14
6415	8
6416	8
6417	9
6418	15
6419	20
6420	11
6421	12
6422	12
6423	12
6424	12
6425	14
6426	11
6427	16
6428	18
6429	11
6430	12
6431	13
6432	8
6433	13
6434	13
6435	15
6436	16
6437	16
6438	12
6439	8
6440	11
6441	17
6442	11
6443	13
6444	13
6445	9
6446	11
6447	14
6448	16
6449	11
6450	12
6451	11
6452	12
6453	8
6454	12
6455	10
6456	12
6457	11
6458	14
6459	9
6460	8
6461	10
6462	18
6463	14
6464	13
6465	11
6466	11
6467	12
6468	17
6469	15
6470	15
6471	13
6472	9
6473	12
6474	23
6475	8
6476	10
6477	10
6478	12
6479	18
6480	13
6481	12
6482	9
6483	12
6484	7
6485	20
6486	17
6487	15
6488	16
6489	10
6490	19
6491	13
6492	15
6493	11
6494	16
6495	9
6496	12
6497	16
6498	16
6499	11
6500	9
6501	14
6502	15
6503	21
6504	13
6505	13
6506	9
6507	12
6508	15
6509	9
6510	17
6511	14
6512	14
6513	12
6514	19
6515	18
6516	16
6517	17
6518	21
6519	14
6520	13
6521	16
6522	11
6523	11
6524	13
6525	17
6526	12
6527	15
6528	14
6529	23
6530	15
6531	12
6532	18
6533	13
6534	13
6535	9
6536	9
6537	17
6538	8
6539	12
6540	10
6541	18
6542	21
6543	18
6544	12
6545	14
6546	13
6547	10
6548	5
6549	20
6550	11
6551	15
6552	16
6553	20
6554	12
6555	18
6556	19
6557	19
6558	16
6559	17
6560	12
6561	13
6562	10
6563	18
6564	14
6565	10
6566	18
6567	17
6568	14
6569	15
6570	18
6571	13
6572	11
6573	15
6574	13
6575	14
6576	10
6577	10
6578	11
6579	17
6580	13
6581	16
6582	17
6583	15
6584	17
6585	13
6586	7
6587	15
6588	14
6589	12
6590	16
6591	11
6592	24
6593	13
6594	15
6595	12
6596	14
6597	15
6598	21
6599	18
6600	16
6601	17
6602	22
6603	20
6604	18
6605	19
6606	12
6607	17
6608	16
6609	14
6610	14
6611	12
6612	14
6613	15
6614	17
6615	7
6616	14
6617	15
6618	19
6619	17
6620	15
6621	20
6622	20
6623	14
6624	16
6625	13
6626	16
6627	17
6628	15
6629	21
6630	14
6631	11
6632	17
6633	14
6634	13
6635	11
6636	11
6637	25
6638	11
6639	12
6640	14
6641	20
6642	12
6643	13
6644	20
6645	17
6646	18
6647	21
6648	15
6649	13
6650	20
6651	20
6652	12
6653	11
6654	11
6655	15
6656	19
6657	13
6658	16
6659	17
6660	18
6661	22
6662	24
6663	21
6664	21
6665	9
6666	14
6667	21
6668	9
6669	14
6670	14
6671	14
6672	12
6673	19
6674	24
6675	25
6676	14
6677	16
6678	13
6679	20
6680	13
6681	13
6682	18
6683	13
6684	9
6685	13
6686	16
6687	17
6688	22
6689	16
6690	18
6691	12
6692	10
6693	23
6694	16
6695	20
6696	21
6697	13
6698	24
6699	19
6700	12
6701	13
6702	14
6703	13
6704	10
6705	24
6706	20
6707	18
6708	18
6709	13
6710	16
6711	15
6712	16
6713	14
6714	13
6715	14
6716	20
6717	17
6718	13
6719	16
6720	13
6721	14
6722	14
6723	13
6724	14
6725	18
6726	15
6727	15
6728	12
6729	25
6730	17
6731	20
6732	11
6733	20
6734	12
6735	15
6736	18
6737	10
6738	15
6739	16
6740	15
6741	20
6742	18
6743	15
6744	9
6745	19
6746	14
6747	14
6748	17
6749	15
6750	10
6751	19
6752	22
6753	14
6754	22
6755	11
6756	17
6757	13
6758	10
6759	20
6760	12
6761	16
6762	18
6763	18
6764	13
6765	19
6766	14
6767	12
6768	18
6769	13
6770	13
6771	12
6772	8
6773	14
6774	15
6775	12
6776	19
6777	15
6778	15
6779	22
6780	13
6781	14
6782	19
6783	15
6784	16
6785	10
6786	15
6787	11
6788	19
6789	18
6790	15
6791	13
6792	17
6793	12
6794	13
6795	14
6796	14
6797	15
6798	15
6799	18
6800	16
6801	17
6802	11
6803	14
6804	12
6805	12
6806	14
6807	12
6808	12
6809	17
6810	8
6811	15
6812	13
6813	13
6814	10
6815	19
6816	9
6817	14
6818	19
6819	12
6820	10
6821	12
6822	11
6823	12
6824	11
6825	17
6826	12
6827	18
6828	16
6829	16
6830	10
6831	9
6832	10
6833	10
6834	11
6835	9
6836	11
6837	7
6838	16
6839	15
6840	7
6841	10
6842	12
6843	10
6844	6
6845	16
6846	16
6847	16
6848	14
6849	11
6850	14
6851	11
6852	9
6853	19
6854	14
6855	8
6856	16
6857	10
6858	13
6859	19
6860	12
6861	11
6862	9
6863	7
6864	9
6865	12
6866	12
6867	10
6868	10
6869	14
6870	6
6871	12
6872	11
6873	9
6874	11
6875	13
6876	7
6877	13
6878	16
6879	7
6880	6
6881	12
6882	6
6883	8
6884	4
6885	14
6886	9
6887	9
6888	9
6889	11
6890	13
6891	10
6892	10
6893	11
6894	10
6895	12
6896	4
6897	11
6898	11
6899	13
6900	5
6901	14
6902	13
6903	8
6904	11
6905	9
6906	8
6907	13
6908	6
6909	10
6910	6
6911	11
6912	11
6913	9
6914	8
6915	10
6916	9
6917	9
6918	15
6919	4
6920	6
6921	11
6922	12
6923	12
6924	12
6925	10
6926	9
6927	9
6928	16
6929	14
6930	6
6931	15
6932	10
6933	10
6934	6
6935	7
6936	2
6937	8
6938	5
6939	5
6940	10
6941	12
6942	9
6943	8
6944	8
6945	8
6946	8
6947	7
6948	5
6949	4
6950	5
6951	4
6952	7
6953	3
6954	8
6955	3
6956	5
6957	11
6958	8
6959	5
6960	3
6961	7
6962	9
6963	8
6964	12
6965	5
6966	6
6967	5
6968	5
6969	8
6970	6
6971	6
6972	6
6973	5
6974	8
6975	8
6976	6
6977	4
6978	4
6979	5
6980	5
6981	7
6982	10
6983	5
6984	10
6985	7
6986	7
6987	6
6988	5
6989	5
6990	5
6991	5
6992	6
6993	3
6994	8
6995	7
6996	3
6997	3
6998	5
6999	8
7000	2
7001	6
7002	5
7003	8
7004	7
7005	4
7006	4
7007	8
7008	8
7009	3
7010	5
7011	6
7012	5
7013	3
7014	5
7015	7
7016	11
7017	7
7018	4
7019	9
7020	3
7021	2
7022	6
7023	9
7024	4
7025	8
7026	5
7027	6
7028	5
7029	3
7030	3
7031	4
7032	2
7033	2
7034	6
7035	2
7036	4
7037	9
7038	8
7039	5
7040	1
7041	5
7042	3
7043	1
7044	3
7045	5
7046	1
7047	7
7048	3
7049	4
7050	4
7051	2
7052	3
7053	3
7054	4
7055	2
7056	4
7057	0
7058	5
7059	4
7060	2
7061	3
7062	3
7063	1
7064	4
7065	3
7066	1
7067	2
7068	2
7069	5
7070	2
7071	5
7072	2
7073	3
7074	0
7075	2
7076	3
7077	2
7078	3
7079	3
7080	3
7081	6
7082	3
7083	1
7084	0
7085	4
7086	2
7087	2
7088	0
7089	3
7090	2
7091	1
7092	1
7093	5
7094	5
7095	2
7096	4
7097	1
7098	1
7099	0
7100	5
7101	2
7102	0
7103	3
7104	4
7105	2
7106	1
7107	2
7108	4
7109	4
7110	5
7111	2
7112	3
7113	0
7114	1
7115	2
7116	4
7117	1
7118	2
7119	2
7120	2
7121	2
7122	2
7123	2
7124	1
7125	1
7126	3
7127	3
7128	0
7129	2
7130	3
7131	4
7132	1
7133	2
7134	2
7135	2
7136	3
7137	2
7138	0
7139	1
7140	3
7141	4
7142	1
7143	2
7144	0
7145	0
7146	1
7147	2
7148	3
7149	2
7150	1
7151	0
7152	2
7153	4
7154	2
7155	2
7156	4
7157	1
7158	0
7159	1
7160	3
7161	1
7162	0
7163	2
7164	0
7165	2
7166	1
7167	1
7168	1
7169	2
7170	1
7171	1
7172	1
7173	1
7174	0
7175	3
7176	2
7177	4
7178	1
7179	1
7180	0
7181	0
7182	0
7183	0
7184	2
7185	1
7186	0
7187	1
7188	0
7189	1
7190	1
7191	3
7192	4
7193	1
7194	2
7195	1
7196	4
7197	3
7198	0
7199	1
7200	0
7201	0
7202	0
7203	0
7204	1
7205	1
7206	3
7207	0
7208	1
7209	1
7210	2
7211	2
7212	0
7213	3
7214	2
7215	1
7216	0
7217	1
7218	2
7219	1
7220	1
7221	2
7222	0
7223	1
7224	1
7225	1
7226	1
7227	1
7228	0
7229	1
7230	1
7231	1
7232	1
7233	2
7234	2
7235	1
7236	1
7237	0
7238	0
7239	2
7240	0
7241	0
7242	2
7243	0
7244	1
7245	0
7246	2
7247	1
7248	2
7249	1
7250	2
7251	1
7252	1
7253	1
7254	1
7255	1
7256	0
7257	1
7258	0
7259	0
7260	1
7261	0
7262	0
7263	2
7264	0
7265	1
7266	1
7267	1
7268	0
7269	0
7270	0
7271	1
7272	1
7273	1
7274	1
7275	2
7276	0
7277	0
7278	0
7279	0
7280	0
7281	3
7282	2
7283	0
7284	0
7285	2
7286	0
7287	1
7288	1
7289	1
7290	1
7291	0
7292	1
7293	0
7294	2
7295	0
7296	1
7297	0
7298	1
7299	0
7300	1
7301	0
7302	0
7303	0
7304	0
7305	1
7306	0
7307	1
7308	2
7309	0
7310	2
7311	0
7312	1
7313	0
7314	1
7315	2
7316	0
7317	1
7318	0
7319	0
7320	0
7321	1
7322	1
7323	0
7324	1
7325	0
7326	2
7327	0
7328	0
7329	0
7330	0
7331	0
7332	0
7333	2
7334	0
7335	0
7336	1
7337	0
7338	0
7339	2
7340	0
7341	0
7342	0
7343	1
7344	1
7345	2
7346	1
7347	0
7348	0
7349	2
7350	0
7351	1
7352	0
7353	1
7354	0
7355	0
7356	3
7357	0
7358	1
7359	1
7360	1
7361	0
7362	1
7363	0
7364	0
7365	1
7366	1
7367	1
7368	0
7369	0
7370	1
7371	1
7372	1
7373	0
7374	0
7375	1
7376	1
7377	1
7378	1
7379	1
7380	0
7381	0
7382	0
7383	0
7384	0
7385	1
7386	0
7387	1
7388	2
7389	2
7390	1
7391	3
7392	0
7393	0
7394	2
7395	0
7396	0
7397	0
7398	1
7399	2
7400	0
7401	1
7402	2
7403	0
7404	1
7405	0
7406	1
7407	2
7408	0
7409	0
7410	2
7411	2
7412	0
7413	0
7414	0
7415	0
7416	0
7417	1
7418	1
7419	2
7420	0
7421	1
7422	1
7423	0
7424	2
7425	0
7426	0
7427	0
7428	2
7429	2
7430	1
7431	1
7432	0
7433	0
7434	0
7435	0
7436	1
7437	0
7438	0
7439	0
7440	2
7441	1
7442	0
7443	0
7444	0
7445	1
7446	0
7447	1
7448	2
7449	1
7450	0
7451	1
7452	0
7453	0
7454	0
7455	1
7456	1
7457	1
7458	0
7459	0
7460	1
7461	0
7462	1
7463	0
7464	1
7465	1
7466	0
7467	2
7468	1
7469	0
7470	0
7471	0
7472	1
7473	1
7474	1
7475	1
7476	1
7477	1
7478	0
7479	0
7480	1
7481	0
7482	0
7483	0
7484	1
7485	0
7486	0
7487	1
7488	0
7489	1
7490	2
7491	0
7492	1
7493	1
7494	0
7495	0
7496	0
7497	0
7498	0
7499	0
7500	0
7501	1
7502	0
7503	0
7504	0
7505	0
7506	1
7507	1
7508	0
7509	1
7510	0
7511	0
7512	0
7513	0
7514	0
7515	0
7516	1
7517	0
7518	4
7519	1
7520	0
7521	0
7522	0
7523	0
7524	0
7525	2
7526	1
7527	0
7528	1
7529	0
7530	0
7531	3
7532	1
7533	0
7534	1
7535	1
7536	1
7537	0
7538	1
7539	0
7540	0
7541	0
7542	0
7543	0
7544	0
7545	0
7546	0
7547	0
7548	1
7549	0
7550	0
7551	0
7552	0
7553	0
7554	2
7555	1
7556	0
7557	1
7558	0
7559	0
7560	0
7561	0
7562	2
7563	0
7564	0
7565	0
7566	0
7567	0
7568	1
7569	0
7570	0
7571	0
7572	0
7573	0
7574	2
7575	0
7576	0
7577	1
7578	0
7579	0
7580	0
7581	0
7582	0
7583	1
7584	1
7585	0
7586	0
7587	2
7588	0
7589	1
7590	0
7591	0
7592	2
7593	1
7594	0
7595	0
7596	0
7597	0
7598	0
7599	0
7600	0
7601	0
7602	0
7603	0
7604	0
7605	1
7606	0
7607	0
7608	0
7609	0
7610	1
7611	0
7612	0
7613	0
7614	0
7615	1
7616	0
7617	0
7618	1
7619	1
7620	1
7621	0
7622	1
7623	0
7624	0
7625	0
7626	1
7627	1
7628	0
7629	0
7630	2
7631	0
7632	0
7633	0
7634	1
7635	1
7636	0
7637	1
7638	1
7639	0
7640	2
7641	2
7642	0
7643	0
7644	0
7645	1
7646	1
7647	1
7648	2
7649	0
7650	1
7651	1
7652	1
7653	0
7654	0
7655	0
7656	1
7657	0
7658	0
7659	0
7660	1
7661	0
7662	2
7663	0
7664	0
7665	0
7666	1
7667	0
7668	1
7669	0
7670	0
7671	1
7672	1
7673	1
7674	1
7675	0
7676	0
7677	0
7678	1
7679	1
7680	0
7681	0
7682	1
7683	1
7684	0
7685	1
7686	0
7687	0
7688	3
7689	0
7690	0
7691	0
7692	0
7693	1
7694	0
7695	0
7696	1
7697	0
7698	0
7699	0
7700	0
7701	1
7702	0
7703	2
7704	0
7705	0
7706	0
7707	1
7708	1
7709	1
7710	0
7711	1
7712	0
7713	0
7714	0
7715	0
7716	0
7717	1
7718	1
7719	0
7720	1
7721	1
7722	0
7723	0
7724	0
7725	0
7726	1
7727	0
7728	0
7729	0
7730	1
7731	0
7732	1
7733	1
7734	1
7735	0
7736	1
7737	0
7738	0
7739	0
7740	1
7741	0
7742	0
7743	1
7744	1
7745	0
7746	0
7747	2
7748	0
7749	1
7750	1
7751	0
7752	1
7753	0
7754	1
7755	0
7756	2
7757	1
7758	0
7759	0
7760	1
7761	1
7762	2
7763	0
7764	0
7765	2
7766	1
7767	0
7768	0
7769	0
7770	2
7771	2
7772	0
7773	1
7774	0
7775	1
7776	1
7777	0
7778	1
7779	1
7780	0
7781	1
7782	1
7783	2
7784	0
7785	0
7786	0
7787	2
7788	1
7789	1
7790	1
7791	0
7792	1
7793	1
7794	1
7795	1
7796	0
7797	0
7798	0
7799	0
7800	0
7801	0
7802	0
7803	0
7804	2
7805	1
7806	2
7807	1
7808	0
7809	0
7810	1
7811	0
7812	0
7813	1
7814	0
7815	0
7816	1
7817	1
7818	1
7819	0
7820	0
7821	0
7822	0
7823	2
7824	0
7825	0
7826	1
7827	1
7828	0
7829	0
7830	0
7831	1
7832	0
7833	0
7834	0
7835	0
7836	0
7837	0
7838	0
7839	0
7840	1
7841	1
7842	0
7843	0
7844	0
7845	1
7846	1
7847	1
7848	1
7849	0
7850	0
7851	0
7852	3
7853	0
7854	1
7855	0
7856	0
7857	2
7858	1
7859	0
7860	0
7861	1
7862	0
7863	0
7864	0
7865	1
7866	0
7867	1
7868	0
7869	0
7870	1
7871	2
7872	0
7873	0
7874	0
7875	0
7876	1
7877	1
7878	0
7879	0
7880	0
7881	0
7882	0
7883	1
7884	1
7885	0
7886	0
7887	0
7888	1
7889	0
7890	0
7891	0
7892	0
7893	1
7894	0
7895	1
7896	0
7897	2
7898	0
7899	0
7900	1
7901	0
7902	0
7903	0
7904	0
7905	0
7906	1
7907	2
7908	1
7909	0
7910	1
7911	0
7912	0
7913	0
7914	0
7915	0
7916	2
7917	0
7918	0
7919	0
7920	2
7921	0
7922	0
7923	0
7924	2
7925	0
7926	0
7927	0
7928	0
7929	1
7930	0
7931	1
7932	3
7933	1
7934	2
7935	1
7936	0
7937	1
7938	0
7939	0
7940	1
7941	0
7942	0
7943	0
7944	0
7945	1
7946	1
7947	0
7948	0
7949	0
7950	0
7951	0
7952	0
7953	0
7954	1
7955	0
7956	0
7957	0
7958	0
7959	0
7960	0
7961	0
7962	1
7963	0
7964	1
7965	0
7966	0
7967	0
7968	0
7969	1
7970	0
7971	1
7972	0
7973	1
7974	0
7975	2
7976	0
7977	0
7978	1
7979	0
7980	0
7981	2
7982	0
7983	0
7984	0
7985	1
7986	1
7987	0
7988	0
7989	1
7990	0
7991	1
7992	0
7993	0
7994	0
7995	0
7996	0
7997	0
7998	1
7999	0
8000	0
8001	0
8002	0
8003	1
8004	0
8005	0
8006	0
8007	0
8008	1
8009	1
8010	0
8011	0
8012	0
8013	0
8014	0
8015	3
8016	2
8017	0
8018	0
8019	1
8020	0
8021	1
8022	0
8023	0
8024	0
8025	2
8026	0
8027	2
8028	0
8029	0
8030	0
8031	2
8032	1
8033	0
8034	1
8035	0
8036	0
8037	2
8038	0
8039	1
8040	0
8041	1
8042	0
8043	1
8044	0
8045	0
8046	0
8047	0
8048	0
8049	0
8050	0
8051	0
8052	0
8053	0
8054	0
8055	1
8056	0
8057	0
8058	2
8059	0
8060	0
8061	1
8062	0
8063	0
8064	0
8065	0
8066	0
8067	1
8068	1
8069	1
8070	0
8071	0
8072	0
8073	0
8074	0
8075	0
8076	1
8077	1
8078	1
8079	2
8080	0
8081	0
8082	1
8083	0
8084	0
8085	0
8086	0
8087	0
8088	0
8089	0
8090	1
8091	0
8092	2
8093	0
8094	0
8095	0
8096	0
8097	0
8098	0
8099	0
8100	0
8101	0
8102	0
8103	0
8104	1
8105	0
8106	0
8107	0
8108	0
8109	0
8110	0
8111	0
8112	0
8113	0
8114	0
8115	0
8116	0
8117	0
8118	0
8119	0
8120	0
8121	0
8122	0
8123	0
8124	0
8125	0
8126	0
8127	0
8128	0
8129	0
8130	0
8131	0
8132	0
8133	0
8134	0
8135	0
8136	0
8137	0
8138	0
8139	0
8140	0
8141	0
8142	0
8143	0
8144	0
8145	0
8146	0
8147	0
8148	0
8149	0
8150	0
8151	0
8152	0
8153	0
8154	0
8155	0
8156	0
8157	0
8158	0
8159	0
8160	0
8161	0
8162	0
8163	0
8164	0
8165	0
8166	0
8167	0
8168	0
8169	0
8170	0
8171	0
8172	0
8173	0
8174	0
8175	0
8176	0
8177	0
8178	0
8179	0
8180	0
8181	0
8182	0
8183	0
8184	0
8185	0
8186	0
8187	0
8188	0
8189	0
8190	0
8191	0
