0	0
1	0
2	0
3	0
4	0
5	0
6	0
7	0
8	0
9	0
10	0
11	0
12	0
13	0
14	0
15	0
16	0
17	0
18	0
19	0
20	0
21	0
22	0
23	0
24	0
25	0
26	0
27	0
28	0
29	0
30	0
31	0
32	0
33	0
34	0
35	0
36	0
37	0
38	0
39	0
40	0
41	0
42	0
43	0
44	0
45	0
46	0
47	0
48	0
49	0
50	0
51	0
52	0
53	0
54	0
55	0
56	0
57	0
58	0
59	0
60	0
61	0
62	0
63	0
64	0
65	0
66	0
67	0
68	0
69	0
70	0
71	0
72	0
73	0
74	0
75	0
76	0
77	0
78	0
79	0
80	0
81	0
82	0
83	0
84	0
85	0
86	0
87	0
88	0
89	0
90	0
91	0
92	0
93	0
94	0
95	0
96	0
97	0
98	0
99	0
100	0
101	0
102	0
103	0
104	0
105	0
106	0
107	0
108	0
109	0
110	0
111	0
112	0
113	0
114	0
115	0
116	0
117	0
118	0
119	0
120	0
121	0
122	0
123	0
124	0
125	0
126	0
127	0
128	0
129	0
130	0
131	0
132	0
133	0
134	0
135	0
136	0
137	0
138	0
139	0
140	0
141	0
142	0
143	0
144	0
145	0
146	0
147	0
148	0
149	0
150	0
151	0
152	0
153	0
154	0
155	0
156	0
157	0
158	0
159	0
160	0
161	0
162	0
163	0
164	0
165	0
166	0
167	0
168	0
169	0
170	0
171	0
172	0
173	0
174	0
175	0
176	0
177	0
178	0
179	0
180	2
181	9
182	15
183	26
184	32
185	38
186	27
187	26
188	31
189	27
190	22
191	20
192	21
193	22
194	27
195	16
196	22
197	23
198	19
199	18
200	23
201	25
202	25
203	21
204	16
205	20
206	26
207	23
208	20
209	15
210	18
211	15
212	23
213	19
214	25
215	17
216	32
217	17
218	24
219	26
220	15
221	21
222	16
223	26
224	15
225	15
226	17
227	21
228	14
229	12
230	26
231	11
232	32
233	21
234	20
235	20
236	21
237	18
238	15
239	14
240	18
241	10
242	15
243	15
244	15
245	16
246	13
247	22
248	12
249	23
250	14
251	20
252	9
253	21
254	16
255	22
256	14
257	12
258	15
259	19
260	17
261	20
262	12
263	22
264	16
265	12
266	22
267	12
268	17
269	15
270	19
271	19
272	21
273	14
274	23
275	14
276	19
277	16
278	17
279	14
280	12
281	24
282	11
283	18
284	19
285	14
286	17
287	18
288	15
289	19
290	23
291	23
292	17
293	19
294	12
295	17
296	12
297	16
298	13
299	16
300	20
301	18
302	23
303	22
304	22
305	21
306	18
307	16
308	19
309	22
310	18
311	12
312	11
313	14
314	13
315	19
316	11
317	22
318	16
319	23
320	13
321	21
322	15
323	22
324	17
325	18
326	21
327	13
328	19
329	20
330	25
331	11
332	13
333	23
334	15
335	14
336	18
337	23
338	14
339	20
340	21
341	20
342	22
343	17
344	16
345	24
346	16
347	18
348	17
349	17
350	21
351	16
352	17
353	12
354	17
355	17
356	19
357	25
358	9
359	22
360	14
361	17
362	15
363	31
364	18
365	16
366	15
367	26
368	19
369	15
370	11
371	14
372	18
373	17
374	22
375	16
376	9
377	19
378	21
379	22
380	18
381	25
382	18
383	21
384	21
385	20
386	15
387	25
388	14
389	16
390	15
391	17
392	18
393	29
394	26
395	28
396	21
397	22
398	19
399	15
400	17
401	19
402	9
403	17
404	20
405	21
406	22
407	25
408	14
409	25
410	20
411	21
412	18
413	18
414	19
415	11
416	16
417	19
418	18
419	23
420	14
421	18
422	15
423	13
424	15
425	24
426	20
427	13
428	27
429	25
430	17
431	16
432	23
433	24
434	17
435	15
436	24
437	20
438	12
439	22
440	20
441	23
442	15
443	23
444	21
445	23
446	13
447	25
448	22
449	22
450	36
451	17
452	16
453	22
454	26
455	26
456	20
457	22
458	30
459	19
460	17
461	26
462	21
463	26
464	15
465	26
466	21
467	23
468	19
469	26
470	23
471	24
472	18
473	24
474	17
475	21
476	23
477	24
478	13
479	24
480	27
481	16
482	20
483	19
484	22
485	22
486	29
487	21
488	16
489	15
490	18
491	12
492	22
493	28
494	24
495	18
496	23
497	20
498	20
499	23
500	20
501	27
502	17
503	20
504	20
505	17
506	18
507	23
508	19
509	27
510	26
511	19
512	26
513	21
514	29
515	32
516	19
517	20
518	18
519	22
520	22
521	21
522	12
523	16
524	16
525	21
526	17
527	22
528	18
529	27
530	21
531	20
532	19
533	20
534	15
535	19
536	29
537	25
538	18
539	16
540	17
541	15
542	25
543	21
544	21
545	19
546	29
547	20
548	21
549	21
550	22
551	20
552	25
553	22
554	26
555	22
556	20
557	20
558	19
559	22
560	20
561	17
562	22
563	17
564	21
565	18
566	24
567	22
568	22
569	21
570	18
571	22
572	29
573	13
574	19
575	16
576	20
577	20
578	15
579	33
580	18
581	27
582	25
583	17
584	18
585	16
586	22
587	17
588	22
589	21
590	20
591	18
592	17
593	24
594	21
595	16
596	23
597	21
598	16
599	24
600	21
601	24
602	20
603	19
604	25
605	16
606	18
607	18
608	22
609	21
610	16
611	21
612	27
613	28
614	16
615	24
616	22
617	20
618	23
619	28
620	15
621	16
622	20
623	23
624	18
625	19
626	23
627	27
628	22
629	18
630	17
631	16
632	22
633	22
634	24
635	20
636	23
637	16
638	18
639	17
640	25
641	20
642	17
643	18
644	18
645	21
646	29
647	24
648	18
649	21
650	13
651	28
652	19
653	17
654	19
655	20
656	23
657	24
658	23
659	16
660	17
661	21
662	32
663	20
664	15
665	21
666	21
667	20
668	18
669	20
670	14
671	18
672	33
673	20
674	22
675	23
676	29
677	21
678	14
679	21
680	26
681	20
682	26
683	21
684	22
685	21
686	19
687	20
688	24
689	13
690	27
691	23
692	19
693	21
694	17
695	23
696	18
697	17
698	21
699	15
700	24
701	16
702	25
703	19
704	27
705	23
706	19
707	17
708	16
709	24
710	20
711	20
712	24
713	18
714	20
715	17
716	36
717	21
718	19
719	23
720	13
721	26
722	18
723	21
724	24
725	27
726	29
727	27
728	26
729	25
730	36
731	26
732	21
733	20
734	21
735	20
736	13
737	30
738	22
739	36
740	20
741	26
742	28
743	26
744	15
745	14
746	26
747	26
748	21
749	25
750	21
751	24
752	17
753	23
754	17
755	32
756	24
757	25
758	29
759	24
760	17
761	30
762	26
763	36
764	21
765	21
766	34
767	27
768	30
769	22
770	25
771	22
772	29
773	19
774	35
775	35
776	21
777	19
778	27
779	22
780	30
781	29
782	32
783	25
784	35
785	30
786	29
787	32
788	21
789	31
790	28
791	28
792	32
793	35
794	26
795	25
796	35
797	39
798	33
799	27
800	38
801	37
802	34
803	36
804	46
805	27
806	43
807	28
808	35
809	50
810	39
811	45
812	34
813	43
814	34
815	40
816	41
817	45
818	33
819	34
820	51
821	42
822	43
823	40
824	42
825	40
826	45
827	42
828	32
829	39
830	41
831	57
832	49
833	41
834	47
835	49
836	50
837	34
838	54
839	56
840	37
841	46
842	44
843	37
844	51
845	46
846	48
847	51
848	55
849	47
850	32
851	47
852	56
853	39
854	49
855	43
856	46
857	52
858	60
859	55
860	45
861	46
862	58
863	48
864	47
865	44
866	60
867	55
868	51
869	52
870	50
871	51
872	39
873	48
874	48
875	50
876	37
877	53
878	50
879	47
880	56
881	55
882	47
883	48
884	37
885	44
886	39
887	37
888	47
889	46
890	51
891	40
892	49
893	41
894	34
895	49
896	41
897	38
898	50
899	54
900	27
901	53
902	31
903	44
904	35
905	47
906	36
907	48
908	35
909	41
910	44
911	29
912	46
913	38
914	46
915	34
916	44
917	34
918	23
919	33
920	40
921	34
922	36
923	27
924	23
925	28
926	30
927	40
928	37
929	37
930	25
931	35
932	42
933	31
934	30
935	23
936	27
937	37
938	32
939	37
940	46
941	30
942	24
943	31
944	19
945	39
946	34
947	33
948	33
949	37
950	37
951	42
952	35
953	40
954	26
955	31
956	44
957	36
958	24
959	21
960	38
961	37
962	25
963	38
964	26
965	31
966	41
967	42
968	31
969	33
970	40
971	31
972	27
973	35
974	33
975	30
976	30
977	34
978	38
979	31
980	27
981	29
982	26
983	30
984	30
985	32
986	36
987	33
988	27
989	45
990	41
991	36
992	36
993	43
994	25
995	41
996	31
997	31
998	26
999	30
1000	39
1001	34
1002	37
1003	24
1004	28
1005	23
1006	27
1007	31
1008	35
1009	29
1010	35
1011	34
1012	26
1013	26
1014	32
1015	29
1016	25
1017	24
1018	40
1019	27
1020	28
1021	43
1022	24
1023	31
1024	27
1025	24
1026	25
1027	38
1028	29
1029	15
1030	30
1031	26
1032	18
1033	31
1034	31
1035	22
1036	28
1037	30
1038	30
1039	27
1040	30
1041	31
1042	21
1043	28
1044	23
1045	23
1046	27
1047	33
1048	27
1049	28
1050	18
1051	23
1052	25
1053	30
1054	27
1055	22
1056	25
1057	29
1058	27
1059	21
1060	29
1061	28
1062	24
1063	24
1064	22
1065	29
1066	31
1067	25
1068	27
1069	32
1070	25
1071	27
1072	22
1073	29
1074	30
1075	28
1076	24
1077	24
1078	20
1079	29
1080	30
1081	26
1082	24
1083	21
1084	25
1085	23
1086	17
1087	27
1088	21
1089	19
1090	21
1091	27
1092	29
1093	23
1094	26
1095	21
1096	24
1097	29
1098	33
1099	24
1100	25
1101	23
1102	29
1103	20
1104	26
1105	16
1106	27
1107	23
1108	34
1109	24
1110	29
1111	24
1112	20
1113	25
1114	17
1115	19
1116	29
1117	29
1118	20
1119	20
1120	21
1121	19
1122	21
1123	24
1124	24
1125	17
1126	24
1127	33
1128	38
1129	26
1130	15
1131	27
1132	25
1133	38
1134	32
1135	25
1136	28
1137	21
1138	26
1139	24
1140	28
1141	26
1142	23
1143	20
1144	30
1145	19
1146	29
1147	28
1148	35
1149	26
1150	27
1151	27
1152	35
1153	27
1154	33
1155	30
1156	28
1157	34
1158	18
1159	23
1160	29
1161	29
1162	29
1163	29
1164	35
1165	20
1166	18
1167	32
1168	27
1169	28
1170	33
1171	27
1172	33
1173	21
1174	32
1175	29
1176	36
1177	34
1178	36
1179	30
1180	31
1181	32
1182	26
1183	33
1184	41
1185	34
1186	20
1187	24
1188	27
1189	27
1190	33
1191	19
1192	31
1193	34
1194	23
1195	36
1196	29
1197	31
1198	33
1199	23
1200	32
1201	30
1202	22
1203	36
1204	23
1205	27
1206	27
1207	26
1208	32
1209	35
1210	34
1211	31
1212	29
1213	30
1214	23
1215	21
1216	27
1217	27
1218	34
1219	28
1220	32
1221	43
1222	23
1223	29
1224	24
1225	29
1226	19
1227	42
1228	30
1229	27
1230	31
1231	28
1232	38
1233	23
1234	18
1235	35
1236	35
1237	30
1238	33
1239	33
1240	41
1241	29
1242	36
1243	29
1244	27
1245	29
1246	29
1247	22
1248	24
1249	40
1250	40
1251	32
1252	38
1253	35
1254	40
1255	33
1256	38
1257	34
1258	25
1259	41
1260	27
1261	27
1262	47
1263	23
1264	39
1265	22
1266	24
1267	27
1268	30
1269	39
1270	35
1271	23
1272	40
1273	41
1274	28
1275	29
1276	33
1277	38
1278	26
1279	29
1280	31
1281	40
1282	33
1283	31
1284	30
1285	37
1286	20
1287	36
1288	24
1289	41
1290	46
1291	37
1292	38
1293	29
1294	36
1295	31
1296	42
1297	30
1298	34
1299	34
1300	35
1301	34
1302	28
1303	31
1304	22
1305	30
1306	30
1307	39
1308	36
1309	31
1310	33
1311	28
1312	44
1313	30
1314	27
1315	27
1316	32
1317	30
1318	37
1319	22
1320	22
1321	40
1322	33
1323	36
1324	36
1325	29
1326	40
1327	31
1328	38
1329	33
1330	43
1331	29
1332	25
1333	31
1334	29
1335	32
1336	38
1337	35
1338	42
1339	27
1340	31
1341	25
1342	34
1343	33
1344	28
1345	27
1346	36
1347	25
1348	30
1349	34
1350	33
1351	34
1352	33
1353	21
1354	39
1355	32
1356	41
1357	40
1358	34
1359	40
1360	29
1361	32
1362	31
1363	31
1364	34
1365	40
1366	33
1367	29
1368	38
1369	38
1370	45
1371	37
1372	26
1373	31
1374	46
1375	34
1376	29
1377	39
1378	30
1379	35
1380	37
1381	38
1382	40
1383	31
1384	30
1385	47
1386	38
1387	38
1388	28
1389	35
1390	38
1391	37
1392	42
1393	33
1394	37
1395	38
1396	36
1397	34
1398	28
1399	36
1400	38
1401	27
1402	34
1403	41
1404	40
1405	37
1406	36
1407	33
1408	27
1409	36
1410	24
1411	50
1412	32
1413	29
1414	39
1415	35
1416	55
1417	33
1418	42
1419	44
1420	28
1421	38
1422	31
1423	34
1424	43
1425	27
1426	30
1427	28
1428	33
1429	30
1430	29
1431	26
1432	29
1433	30
1434	39
1435	46
1436	34
1437	39
1438	39
1439	37
1440	34
1441	36
1442	41
1443	42
1444	45
1445	30
1446	43
1447	32
1448	28
1449	30
1450	50
1451	36
1452	43
1453	46
1454	38
1455	49
1456	39
1457	35
1458	26
1459	35
1460	48
1461	34
1462	47
1463	38
1464	40
1465	38
1466	50
1467	27
1468	37
1469	49
1470	44
1471	38
1472	41
1473	31
1474	33
1475	38
1476	35
1477	37
1478	39
1479	32
1480	40
1481	35
1482	36
1483	30
1484	41
1485	29
1486	39
1487	43
1488	41
1489	47
1490	41
1491	27
1492	40
1493	36
1494	30
1495	32
1496	44
1497	34
1498	42
1499	31
1500	26
1501	37
1502	33
1503	46
1504	43
1505	24
1506	37
1507	44
1508	42
1509	41
1510	35
1511	29
1512	34
1513	34
1514	32
1515	27
1516	34
1517	51
1518	39
1519	44
1520	34
1521	36
1522	38
1523	39
1524	45
1525	37
1526	44
1527	47
1528	41
1529	39
1530	50
1531	37
1532	38
1533	45
1534	33
1535	40
1536	38
1537	37
1538	33
1539	36
1540	47
1541	30
1542	41
1543	37
1544	29
1545	34
1546	40
1547	44
1548	40
1549	40
1550	46
1551	29
1552	42
1553	55
1554	40
1555	48
1556	43
1557	47
1558	33
1559	33
1560	37
1561	32
1562	33
1563	41
1564	43
1565	42
1566	46
1567	33
1568	44
1569	44
1570	43
1571	42
1572	35
1573	37
1574	43
1575	40
1576	50
1577	34
1578	41
1579	38
1580	45
1581	35
1582	50
1583	44
1584	53
1585	37
1586	41
1587	47
1588	36
1589	41
1590	50
1591	41
1592	32
1593	49
1594	46
1595	40
1596	39
1597	36
1598	42
1599	38
1600	36
1601	48
1602	38
1603	40
1604	34
1605	44
1606	41
1607	45
1608	45
1609	41
1610	46
1611	31
1612	42
1613	34
1614	44
1615	38
1616	47
1617	42
1618	41
1619	29
1620	42
1621	34
1622	50
1623	45
1624	36
1625	51
1626	48
1627	36
1628	48
1629	44
1630	40
1631	38
1632	44
1633	29
1634	54
1635	42
1636	44
1637	25
1638	40
1639	41
1640	54
1641	49
1642	41
1643	49
1644	47
1645	49
1646	48
1647	34
1648	44
1649	40
1650	35
1651	43
1652	34
1653	47
1654	48
1655	34
1656	40
1657	44
1658	31
1659	51
1660	52
1661	59
1662	53
1663	54
1664	47
1665	44
1666	44
1667	49
1668	41
1669	43
1670	41
1671	46
1672	56
1673	53
1674	41
1675	40
1676	46
1677	38
1678	42
1679	53
1680	54
1681	25
1682	39
1683	36
1684	43
1685	45
1686	37
1687	49
1688	50
1689	49
1690	51
1691	46
1692	38
1693	38
1694	52
1695	31
1696	37
1697	43
1698	39
1699	61
1700	41
1701	44
1702	33
1703	47
1704	51
1705	31
1706	38
1707	42
1708	41
1709	47
1710	49
1711	31
1712	38
1713	47
1714	55
1715	46
1716	44
1717	36
1718	34
1719	46
1720	47
1721	41
1722	43
1723	39
1724	46
1725	61
1726	31
1727	57
1728	32
1729	44
1730	52
1731	45
1732	46
1733	34
1734	37
1735	40
1736	50
1737	48
1738	43
1739	42
1740	49
1741	53
1742	50
1743	61
1744	45
1745	38
1746	52
1747	55
1748	37
1749	48
1750	42
1751	50
1752	51
1753	49
1754	55
1755	44
1756	39
1757	61
1758	51
1759	52
1760	44
1761	46
1762	42
1763	40
1764	48
1765	44
1766	47
1767	41
1768	48
1769	39
1770	41
1771	58
1772	37
1773	56
1774	49
1775	48
1776	45
1777	55
1778	31
1779	37
1780	45
1781	49
1782	46
1783	51
1784	47
1785	38
1786	46
1787	59
1788	42
1789	38
1790	41
1791	41
1792	38
1793	53
1794	38
1795	43
1796	65
1797	57
1798	50
1799	57
1800	51
1801	51
1802	45
1803	38
1804	40
1805	57
1806	51
1807	52
1808	58
1809	43
1810	52
1811	48
1812	42
1813	44
1814	52
1815	40
1816	46
1817	42
1818	42
1819	45
1820	54
1821	62
1822	56
1823	43
1824	60
1825	56
1826	50
1827	50
1828	35
1829	62
1830	44
1831	37
1832	49
1833	49
1834	62
1835	51
1836	56
1837	50
1838	38
1839	40
1840	71
1841	48
1842	42
1843	52
1844	51
1845	46
1846	53
1847	56
1848	52
1849	66
1850	49
1851	56
1852	42
1853	41
1854	46
1855	56
1856	53
1857	54
1858	57
1859	53
1860	53
1861	51
1862	54
1863	61
1864	52
1865	48
1866	69
1867	52
1868	55
1869	40
1870	43
1871	49
1872	52
1873	48
1874	60
1875	50
1876	63
1877	55
1878	57
1879	53
1880	42
1881	57
1882	60
1883	66
1884	45
1885	52
1886	59
1887	54
1888	41
1889	59
1890	50
1891	42
1892	60
1893	57
1894	49
1895	48
1896	47
1897	53
1898	48
1899	48
1900	53
1901	51
1902	59
1903	52
1904	47
1905	68
1906	40
1907	58
1908	38
1909	52
1910	43
1911	46
1912	60
1913	44
1914	49
1915	52
1916	46
1917	52
1918	51
1919	65
1920	58
1921	42
1922	56
1923	56
1924	42
1925	55
1926	54
1927	43
1928	59
1929	57
1930	63
1931	53
1932	56
1933	67
1934	49
1935	59
1936	43
1937	68
1938	46
1939	47
1940	53
1941	60
1942	67
1943	51
1944	51
1945	68
1946	51
1947	50
1948	59
1949	62
1950	67
1951	56
1952	54
1953	46
1954	69
1955	45
1956	53
1957	71
1958	56
1959	57
1960	57
1961	51
1962	65
1963	46
1964	58
1965	55
1966	47
1967	56
1968	73
1969	52
1970	48
1971	62
1972	64
1973	55
1974	52
1975	57
1976	63
1977	59
1978	57
1979	61
1980	52
1981	64
1982	49
1983	55
1984	57
1985	61
1986	60
1987	38
1988	51
1989	65
1990	57
1991	61
1992	67
1993	58
1994	56
1995	70
1996	67
1997	61
1998	41
1999	54
2000	69
2001	74
2002	58
2003	57
2004	54
2005	58
2006	59
2007	45
2008	57
2009	46
2010	49
2011	57
2012	53
2013	53
2014	39
2015	59
2016	69
2017	57
2018	56
2019	71
2020	54
2021	70
2022	68
2023	66
2024	60
2025	58
2026	57
2027	45
2028	55
2029	59
2030	58
2031	44
2032	54
2033	56
2034	60
2035	61
2036	50
2037	63
2038	58
2039	65
2040	63
2041	50
2042	57
2043	59
2044	77
2045	66
2046	51
2047	57
2048	77
2049	52
2050	66
2051	57
2052	42
2053	57
2054	67
2055	63
2056	63
2057	68
2058	63
2059	55
2060	57
2061	61
2062	67
2063	41
2064	63
2065	62
2066	54
2067	68
2068	63
2069	72
2070	70
2071	58
2072	67
2073	56
2074	59
2075	67
2076	57
2077	67
2078	51
2079	64
2080	72
2081	58
2082	69
2083	63
2084	58
2085	67
2086	64
2087	50
2088	68
2089	67
2090	71
2091	43
2092	64
2093	66
2094	47
2095	69
2096	51
2097	64
2098	65
2099	68
2100	53
2101	65
2102	50
2103	71
2104	63
2105	64
2106	56
2107	60
2108	66
2109	51
2110	50
2111	64
2112	58
2113	38
2114	60
2115	49
2116	68
2117	40
2118	47
2119	52
2120	49
2121	65
2122	59
2123	59
2124	46
2125	39
2126	57
2127	71
2128	48
2129	46
2130	60
2131	58
2132	56
2133	42
2134	53
2135	52
2136	58
2137	50
2138	51
2139	59
2140	48
2141	49
2142	54
2143	64
2144	62
2145	57
2146	50
2147	53
2148	49
2149	42
2150	62
2151	47
2152	41
2153	45
2154	66
2155	56
2156	43
2157	48
2158	56
2159	55
2160	55
2161	55
2162	44
2163	58
2164	54
2165	50
2166	68
2167	64
2168	56
2169	45
2170	44
2171	63
2172	64
2173	62
2174	53
2175	70
2176	45
2177	53
2178	51
2179	67
2180	69
2181	52
2182	39
2183	52
2184	56
2185	56
2186	51
2187	46
2188	54
2189	52
2190	44
2191	48
2192	46
2193	55
2194	61
2195	64
2196	48
2197	58
2198	44
2199	67
2200	55
2201	51
2202	49
2203	54
2204	47
2205	60
2206	39
2207	43
2208	49
2209	53
2210	48
2211	41
2212	63
2213	61
2214	44
2215	33
2216	45
2217	60
2218	49
2219	54
2220	59
2221	59
2222	44
2223	47
2224	51
2225	51
2226	44
2227	49
2228	46
2229	51
2230	40
2231	58
2232	50
2233	40
2234	44
2235	52
2236	56
2237	43
2238	39
2239	40
2240	49
2241	49
2242	37
2243	56
2244	39
2245	43
2246	47
2247	55
2248	41
2249	40
2250	44
2251	43
2252	42
2253	49
2254	35
2255	62
2256	51
2257	45
2258	38
2259	37
2260	42
2261	45
2262	42
2263	45
2264	46
2265	51
2266	40
2267	51
2268	46
2269	51
2270	52
2271	46
2272	36
2273	51
2274	57
2275	44
2276	41
2277	39
2278	45
2279	46
2280	30
2281	51
2282	52
2283	41
2284	39
2285	44
2286	50
2287	45
2288	48
2289	44
2290	40
2291	52
2292	44
2293	54
2294	52
2295	37
2296	41
2297	48
2298	42
2299	45
2300	55
2301	59
2302	52
2303	51
2304	45
2305	47
2306	50
2307	45
2308	53
2309	41
2310	43
2311	43
2312	54
2313	40
2314	51
2315	49
2316	42
2317	42
2318	48
2319	40
2320	36
2321	48
2322	42
2323	52
2324	51
2325	41
2326	45
2327	43
2328	35
2329	49
2330	33
2331	32
2332	54
2333	43
2334	43
2335	41
2336	43
2337	56
2338	49
2339	38
2340	33
2341	46
2342	46
2343	52
2344	59
2345	63
2346	41
2347	37
2348	43
2349	41
2350	37
2351	51
2352	48
2353	42
2354	42
2355	49
2356	44
2357	57
2358	46
2359	59
2360	40
2361	53
2362	55
2363	38
2364	39
2365	37
2366	43
2367	47
2368	45
2369	33
2370	43
2371	40
2372	50
2373	35
2374	40
2375	52
2376	47
2377	52
2378	47
2379	53
2380	41
2381	46
2382	44
2383	41
2384	43
2385	32
2386	46
2387	37
2388	38
2389	39
2390	39
2391	49
2392	38
2393	37
2394	43
2395	40
2396	39
2397	49
2398	46
2399	45
2400	45
2401	51
2402	50
2403	38
2404	44
2405	50
2406	41
2407	46
2408	46
2409	44
2410	32
2411	42
2412	43
2413	37
2414	43
2415	42
2416	40
2417	29
2418	43
2419	42
2420	42
2421	48
2422	44
2423	41
2424	35
2425	28
2426	38
2427	47
2428	35
2429	32
2430	51
2431	47
2432	47
2433	32
2434	41
2435	40
2436	39
2437	45
2438	47
2439	41
2440	34
2441	27
2442	30
2443	44
2444	40
2445	30
2446	36
2447	32
2448	37
2449	42
2450	43
2451	32
2452	28
2453	41
2454	40
2455	43
2456	32
2457	49
2458	27
2459	42
2460	37
2461	38
2462	34
2463	36
2464	36
2465	43
2466	38
2467	38
2468	30
2469	55
2470	42
2471	32
2472	34
2473	39
2474	37
2475	43
2476	46
2477	38
2478	49
2479	38
2480	37
2481	40
2482	33
2483	33
2484	58
2485	40
2486	37
2487	46
2488	39
2489	30
2490	34
2491	38
2492	43
2493	47
2494	33
2495	42
2496	46
2497	37
2498	44
2499	27
2500	36
2501	38
2502	30
2503	31
2504	37
2505	40
2506	32
2507	42
2508	49
2509	38
2510	34
2511	40
2512	37
2513	45
2514	44
2515	38
2516	36
2517	35
2518	45
2519	39
2520	33
2521	34
2522	36
2523	30
2524	47
2525	49
2526	42
2527	39
2528	37
2529	38
2530	37
2531	29
2532	42
2533	34
2534	46
2535	34
2536	49
2537	32
2538	24
2539	30
2540	34
2541	39
2542	35
2543	44
2544	44
2545	34
2546	44
2547	36
2548	48
2549	34
2550	32
2551	39
2552	29
2553	26
2554	29
2555	32
2556	40
2557	40
2558	34
2559	32
2560	41
2561	40
2562	37
2563	40
2564	44
2565	35
2566	42
2567	49
2568	32
2569	47
2570	34
2571	34
2572	30
2573	38
2574	42
2575	35
2576	36
2577	29
2578	33
2579	35
2580	28
2581	37
2582	27
2583	49
2584	46
2585	39
2586	42
2587	46
2588	29
2589	39
2590	32
2591	38
2592	35
2593	38
2594	47
2595	34
2596	31
2597	44
2598	42
2599	44
2600	32
2601	35
2602	37
2603	44
2604	47
2605	24
2606	39
2607	38
2608	42
2609	37
2610	44
2611	41
2612	28
2613	47
2614	44
2615	35
2616	35
2617	43
2618	44
2619	37
2620	28
2621	37
2622	39
2623	37
2624	34
2625	41
2626	41
2627	38
2628	28
2629	47
2630	36
2631	39
2632	29
2633	36
2634	35
2635	41
2636	32
2637	33
2638	44
2639	25
2640	30
2641	36
2642	29
2643	37
2644	39
2645	28
2646	40
2647	43
2648	38
2649	38
2650	41
2651	38
2652	36
2653	30
2654	38
2655	39
2656	34
2657	32
2658	44
2659	45
2660	36
2661	43
2662	39
2663	37
2664	40
2665	31
2666	33
2667	36
2668	33
2669	38
2670	50
2671	29
2672	29
2673	40
2674	43
2675	31
2676	26
2677	37
2678	40
2679	44
2680	35
2681	39
2682	38
2683	38
2684	35
2685	30
2686	48
2687	34
2688	39
2689	33
2690	38
2691	36
2692	31
2693	46
2694	44
2695	35
2696	36
2697	23
2698	42
2699	35
2700	45
2701	29
2702	33
2703	38
2704	37
2705	38
2706	31
2707	25
2708	36
2709	23
2710	31
2711	38
2712	39
2713	38
2714	41
2715	24
2716	32
2717	28
2718	42
2719	33
2720	29
2721	37
2722	35
2723	42
2724	31
2725	37
2726	42
2727	39
2728	31
2729	26
2730	35
2731	35
2732	33
2733	36
2734	45
2735	36
2736	33
2737	32
2738	41
2739	28
2740	27
2741	40
2742	30
2743	26
2744	35
2745	32
2746	44
2747	37
2748	37
2749	37
2750	34
2751	38
2752	38
2753	32
2754	31
2755	40
2756	39
2757	34
2758	29
2759	35
2760	38
2761	26
2762	30
2763	30
2764	31
2765	34
2766	35
2767	48
2768	30
2769	33
2770	42
2771	42
2772	25
2773	31
2774	31
2775	24
2776	35
2777	32
2778	34
2779	35
2780	24
2781	33
2782	28
2783	47
2784	24
2785	41
2786	39
2787	36
2788	24
2789	25
2790	34
2791	40
2792	29
2793	29
2794	29
2795	40
2796	22
2797	28
2798	33
2799	41
2800	34
2801	31
2802	38
2803	41
2804	28
2805	30
2806	31
2807	39
2808	28
2809	35
2810	43
2811	28
2812	26
2813	20
2814	45
2815	31
2816	32
2817	26
2818	36
2819	49
2820	52
2821	37
2822	33
2823	30
2824	26
2825	34
2826	40
2827	26
2828	31
2829	33
2830	37
2831	44
2832	27
2833	24
2834	30
2835	42
2836	44
2837	30
2838	33
2839	28
2840	27
2841	27
2842	39
2843	28
2844	25
2845	34
2846	25
2847	34
2848	34
2849	27
2850	35
2851	33
2852	40
2853	31
2854	23
2855	39
2856	37
2857	31
2858	50
2859	33
2860	35
2861	35
2862	29
2863	34
2864	41
2865	33
2866	33
2867	38
2868	31
2869	27
2870	31
2871	41
2872	40
2873	27
2874	30
2875	30
2876	37
2877	30
2878	32
2879	31
2880	33
2881	27
2882	42
2883	33
2884	22
2885	36
2886	45
2887	33
2888	32
2889	34
2890	32
2891	34
2892	32
2893	32
2894	43
2895	25
2896	32
2897	41
2898	42
2899	37
2900	37
2901	24
2902	40
2903	39
2904	35
2905	26
2906	31
2907	33
2908	38
2909	18
2910	27
2911	31
2912	46
2913	34
2914	29
2915	39
2916	30
2917	30
2918	24
2919	34
2920	40
2921	29
2922	38
2923	33
2924	35
2925	34
2926	39
2927	33
2928	37
2929	24
2930	36
2931	25
2932	38
2933	29
2934	32
2935	45
2936	27
2937	27
2938	39
2939	27
2940	36
2941	34
2942	30
2943	33
2944	30
2945	27
2946	25
2947	31
2948	41
2949	25
2950	35
2951	31
2952	35
2953	40
2954	32
2955	33
2956	32
2957	36
2958	20
2959	38
2960	36
2961	35
2962	29
2963	34
2964	27
2965	39
2966	38
2967	28
2968	30
2969	35
2970	42
2971	28
2972	26
2973	33
2974	33
2975	41
2976	31
2977	46
2978	32
2979	37
2980	48
2981	38
2982	43
2983	17
2984	35
2985	33
2986	38
2987	31
2988	35
2989	36
2990	29
2991	43
2992	27
2993	36
2994	36
2995	27
2996	21
2997	38
2998	36
2999	27
3000	31
3001	26
3002	30
3003	25
3004	41
3005	43
3006	37
3007	35
3008	30
3009	26
3010	46
3011	40
3012	37
3013	16
3014	33
3015	23
3016	34
3017	37
3018	35
3019	34
3020	34
3021	25
3022	33
3023	31
3024	25
3025	30
3026	31
3027	34
3028	29
3029	26
3030	48
3031	36
3032	33
3033	34
3034	28
3035	39
3036	29
3037	24
3038	37
3039	26
3040	40
3041	37
3042	31
3043	38
3044	30
3045	26
3046	31
3047	26
3048	45
3049	32
3050	36
3051	23
3052	25
3053	41
3054	38
3055	28
3056	40
3057	34
3058	37
3059	35
3060	30
3061	25
3062	32
3063	40
3064	31
3065	30
3066	39
3067	32
3068	41
3069	31
3070	40
3071	33
3072	37
3073	32
3074	31
3075	30
3076	25
3077	25
3078	33
3079	36
3080	29
3081	32
3082	33
3083	49
3084	28
3085	37
3086	33
3087	40
3088	36
3089	41
3090	32
3091	38
3092	25
3093	33
3094	25
3095	36
3096	29
3097	38
3098	41
3099	32
3100	30
3101	23
3102	37
3103	33
3104	50
3105	25
3106	31
3107	39
3108	25
3109	20
3110	34
3111	36
3112	26
3113	35
3114	37
3115	39
3116	34
3117	24
3118	27
3119	33
3120	35
3121	28
3122	31
3123	43
3124	27
3125	40
3126	34
3127	31
3128	39
3129	33
3130	26
3131	33
3132	41
3133	27
3134	25
3135	27
3136	25
3137	35
3138	36
3139	35
3140	35
3141	38
3142	44
3143	25
3144	35
3145	35
3146	40
3147	33
3148	42
3149	32
3150	31
3151	31
3152	36
3153	38
3154	30
3155	37
3156	39
3157	34
3158	34
3159	34
3160	23
3161	28
3162	37
3163	31
3164	38
3165	29
3166	35
3167	35
3168	21
3169	26
3170	32
3171	36
3172	39
3173	39
3174	40
3175	37
3176	25
3177	29
3178	32
3179	45
3180	26
3181	36
3182	33
3183	24
3184	30
3185	30
3186	35
3187	27
3188	23
3189	34
3190	26
3191	27
3192	38
3193	31
3194	39
3195	36
3196	26
3197	34
3198	22
3199	39
3200	36
3201	38
3202	41
3203	37
3204	26
3205	41
3206	44
3207	32
3208	43
3209	38
3210	48
3211	35
3212	36
3213	36
3214	35
3215	40
3216	30
3217	28
3218	30
3219	47
3220	29
3221	31
3222	37
3223	33
3224	35
3225	32
3226	45
3227	24
3228	37
3229	35
3230	19
3231	33
3232	28
3233	32
3234	28
3235	37
3236	53
3237	34
3238	41
3239	25
3240	28
3241	36
3242	37
3243	22
3244	38
3245	34
3246	30
3247	26
3248	21
3249	33
3250	20
3251	35
3252	42
3253	31
3254	36
3255	27
3256	22
3257	38
3258	31
3259	41
3260	34
3261	27
3262	27
3263	26
3264	26
3265	39
3266	23
3267	31
3268	24
3269	37
3270	33
3271	22
3272	39
3273	34
3274	33
3275	47
3276	25
3277	39
3278	34
3279	36
3280	30
3281	29
3282	33
3283	31
3284	39
3285	30
3286	29
3287	36
3288	33
3289	28
3290	29
3291	26
3292	34
3293	22
3294	43
3295	25
3296	29
3297	35
3298	29
3299	30
3300	30
3301	36
3302	27
3303	34
3304	31
3305	29
3306	29
3307	30
3308	32
3309	35
3310	26
3311	27
3312	31
3313	45
3314	37
3315	31
3316	46
3317	37
3318	40
3319	24
3320	35
3321	28
3322	34
3323	26
3324	29
3325	27
3326	27
3327	31
3328	34
3329	36
3330	30
3331	28
3332	38
3333	29
3334	22
3335	40
3336	33
3337	25
3338	43
3339	28
3340	21
3341	34
3342	30
3343	27
3344	28
3345	31
3346	26
3347	25
3348	30
3349	38
3350	42
3351	22
3352	27
3353	37
3354	32
3355	29
3356	27
3357	32
3358	35
3359	25
3360	22
3361	30
3362	33
3363	16
3364	23
3365	45
3366	55
3367	41
3368	32
3369	21
3370	20
3371	29
3372	25
3373	23
3374	32
3375	24
3376	36
3377	35
3378	34
3379	26
3380	31
3381	39
3382	25
3383	32
3384	28
3385	27
3386	27
3387	33
3388	33
3389	37
3390	31
3391	35
3392	23
3393	23
3394	34
3395	29
3396	30
3397	36
3398	31
3399	16
3400	26
3401	33
3402	38
3403	25
3404	28
3405	28
3406	31
3407	18
3408	35
3409	23
3410	30
3411	37
3412	28
3413	29
3414	24
3415	33
3416	29
3417	29
3418	26
3419	38
3420	26
3421	24
3422	34
3423	33
3424	27
3425	32
3426	26
3427	37
3428	33
3429	33
3430	34
3431	23
3432	23
3433	26
3434	28
3435	31
3436	31
3437	34
3438	20
3439	27
3440	23
3441	38
3442	28
3443	34
3444	38
3445	27
3446	45
3447	31
3448	26
3449	29
3450	32
3451	36
3452	29
3453	28
3454	29
3455	41
3456	16
3457	38
3458	38
3459	25
3460	33
3461	22
3462	39
3463	34
3464	19
3465	34
3466	28
3467	30
3468	27
3469	28
3470	37
3471	28
3472	29
3473	32
3474	31
3475	38
3476	31
3477	34
3478	30
3479	30
3480	26
3481	36
3482	28
3483	27
3484	29
3485	25
3486	40
3487	31
3488	28
3489	24
3490	21
3491	44
3492	27
3493	22
3494	29
3495	36
3496	32
3497	28
3498	30
3499	17
3500	26
3501	29
3502	36
3503	26
3504	28
3505	22
3506	28
3507	39
3508	38
3509	29
3510	37
3511	39
3512	38
3513	37
3514	29
3515	27
3516	18
3517	20
3518	23
3519	25
3520	34
3521	24
3522	30
3523	26
3524	28
3525	30
3526	31
3527	29
3528	36
3529	25
3530	25
3531	29
3532	25
3533	31
3534	25
3535	26
3536	25
3537	41
3538	31
3539	28
3540	29
3541	38
3542	25
3543	27
3544	33
3545	29
3546	19
3547	35
3548	32
3549	30
3550	25
3551	24
3552	26
3553	32
3554	29
3555	27
3556	29
3557	29
3558	25
3559	31
3560	28
3561	30
3562	22
3563	24
3564	28
3565	29
3566	19
3567	30
3568	23
3569	31
3570	27
3571	35
3572	37
3573	27
3574	31
3575	35
3576	25
3577	39
3578	31
3579	38
3580	29
3581	27
3582	25
3583	27
3584	20
3585	19
3586	23
3587	27
3588	35
3589	25
3590	25
3591	21
3592	29
3593	32
3594	32
3595	26
3596	22
3597	24
3598	24
3599	36
3600	26
3601	19
3602	28
3603	26
3604	29
3605	17
3606	24
3607	27
3608	27
3609	22
3610	39
3611	24
3612	26
3613	19
3614	25
3615	32
3616	39
3617	28
3618	27
3619	18
3620	33
3621	24
3622	28
3623	30
3624	24
3625	24
3626	33
3627	23
3628	27
3629	26
3630	31
3631	28
3632	14
3633	34
3634	31
3635	27
3636	28
3637	29
3638	23
3639	18
3640	23
3641	28
3642	20
3643	20
3644	25
3645	33
3646	29
3647	25
3648	26
3649	25
3650	24
3651	17
3652	33
3653	28
3654	26
3655	30
3656	30
3657	25
3658	25
3659	36
3660	27
3661	19
3662	28
3663	28
3664	26
3665	29
3666	25
3667	18
3668	17
3669	26
3670	27
3671	27
3672	18
3673	33
3674	24
3675	19
3676	26
3677	38
3678	21
3679	23
3680	32
3681	27
3682	18
3683	29
3684	28
3685	24
3686	31
3687	29
3688	27
3689	28
3690	24
3691	27
3692	26
3693	19
3694	29
3695	17
3696	30
3697	20
3698	26
3699	31
3700	22
3701	22
3702	23
3703	21
3704	16
3705	29
3706	28
3707	30
3708	16
3709	20
3710	35
3711	21
3712	30
3713	27
3714	19
3715	26
3716	29
3717	21
3718	29
3719	36
3720	37
3721	26
3722	23
3723	29
3724	35
3725	29
3726	29
3727	28
3728	37
3729	30
3730	23
3731	23
3732	39
3733	30
3734	30
3735	30
3736	20
3737	23
3738	26
3739	22
3740	26
3741	25
3742	30
3743	22
3744	23
3745	26
3746	19
3747	29
3748	32
3749	16
3750	26
3751	28
3752	21
3753	22
3754	20
3755	24
3756	22
3757	24
3758	33
3759	26
3760	29
3761	23
3762	29
3763	26
3764	23
3765	28
3766	28
3767	27
3768	24
3769	21
3770	25
3771	19
3772	18
3773	29
3774	26
3775	23
3776	21
3777	24
3778	29
3779	26
3780	26
3781	35
3782	25
3783	34
3784	30
3785	35
3786	25
3787	28
3788	28
3789	21
3790	18
3791	29
3792	21
3793	29
3794	13
3795	18
3796	30
3797	26
3798	20
3799	25
3800	21
3801	19
3802	13
3803	16
3804	32
3805	22
3806	23
3807	21
3808	17
3809	24
3810	29
3811	28
3812	25
3813	21
3814	15
3815	29
3816	18
3817	31
3818	25
3819	23
3820	22
3821	25
3822	23
3823	25
3824	30
3825	24
3826	17
3827	31
3828	30
3829	19
3830	20
3831	20
3832	20
3833	25
3834	23
3835	23
3836	24
3837	38
3838	24
3839	30
3840	17
3841	22
3842	20
3843	16
3844	24
3845	20
3846	24
3847	27
3848	28
3849	24
3850	15
3851	22
3852	28
3853	28
3854	21
3855	24
3856	27
3857	23
3858	26
3859	19
3860	23
3861	20
3862	22
3863	22
3864	21
3865	34
3866	21
3867	32
3868	22
3869	31
3870	21
3871	23
3872	28
3873	22
3874	22
3875	19
3876	33
3877	28
3878	20
3879	22
3880	23
3881	22
3882	25
3883	33
3884	14
3885	27
3886	21
3887	32
3888	27
3889	13
3890	16
3891	24
3892	31
3893	28
3894	28
3895	26
3896	20
3897	18
3898	23
3899	28
3900	19
3901	18
3902	26
3903	19
3904	22
3905	20
3906	22
3907	28
3908	24
3909	18
3910	23
3911	22
3912	23
3913	27
3914	14
3915	22
3916	25
3917	28
3918	27
3919	21
3920	23
3921	20
3922	21
3923	28
3924	26
3925	22
3926	22
3927	29
3928	20
3929	18
3930	15
3931	23
3932	19
3933	23
3934	20
3935	25
3936	29
3937	28
3938	23
3939	31
3940	12
3941	19
3942	14
3943	32
3944	23
3945	13
3946	20
3947	20
3948	18
3949	21
3950	24
3951	28
3952	20
3953	20
3954	23
3955	21
3956	27
3957	26
3958	26
3959	17
3960	23
3961	22
3962	26
3963	21
3964	19
3965	14
3966	21
3967	26
3968	15
3969	30
3970	24
3971	31
3972	25
3973	25
3974	13
3975	21
3976	29
3977	28
3978	22
3979	10
3980	26
3981	20
3982	19
3983	24
3984	26
3985	20
3986	23
3987	25
3988	30
3989	17
3990	25
3991	29
3992	27
3993	25
3994	30
3995	21
3996	22
3997	24
3998	19
3999	28
4000	21
4001	29
4002	25
4003	20
4004	26
4005	24
4006	22
4007	21
4008	18
4009	24
4010	25
4011	20
4012	23
4013	29
4014	19
4015	24
4016	25
4017	23
4018	18
4019	18
4020	20
4021	22
4022	23
4023	21
4024	23
4025	23
4026	23
4027	22
4028	21
4029	20
4030	22
4031	17
4032	20
4033	22
4034	23
4035	20
4036	16
4037	29
4038	21
4039	21
4040	22
4041	28
4042	17
4043	23
4044	21
4045	26
4046	22
4047	21
4048	18
4049	25
4050	18
4051	25
4052	22
4053	19
4054	19
4055	20
4056	27
4057	15
4058	19
4059	24
4060	22
4061	14
4062	27
4063	19
4064	22
4065	18
4066	23
4067	27
4068	21
4069	22
4070	23
4071	20
4072	12
4073	24
4074	19
4075	23
4076	14
4077	16
4078	18
4079	23
4080	24
4081	17
4082	26
4083	20
4084	23
4085	25
4086	20
4087	24
4088	23
4089	26
4090	24
4091	20
4092	26
4093	19
4094	23
4095	20
4096	20
4097	17
4098	22
4099	23
4100	29
4101	22
4102	20
4103	26
4104	19
4105	27
4106	27
4107	22
4108	19
4109	26
4110	19
4111	26
4112	19
4113	31
4114	24
4115	20
4116	24
4117	18
4118	18
4119	25
4120	24
4121	19
4122	23
4123	29
4124	20
4125	25
4126	23
4127	17
4128	25
4129	10
4130	20
4131	12
4132	17
4133	21
4134	22
4135	26
4136	22
4137	20
4138	21
4139	25
4140	29
4141	9
4142	26
4143	23
4144	13
4145	23
4146	28
4147	29
4148	21
4149	21
4150	20
4151	19
4152	25
4153	17
4154	26
4155	23
4156	24
4157	24
4158	25
4159	26
4160	26
4161	22
4162	14
4163	21
4164	22
4165	23
4166	19
4167	16
4168	24
4169	22
4170	18
4171	19
4172	17
4173	24
4174	27
4175	29
4176	20
4177	23
4178	14
4179	16
4180	28
4181	21
4182	27
4183	19
4184	17
4185	24
4186	23
4187	17
4188	22
4189	24
4190	15
4191	18
4192	20
4193	21
4194	28
4195	14
4196	25
4197	20
4198	20
4199	15
4200	18
4201	20
4202	26
4203	27
4204	20
4205	10
4206	17
4207	17
4208	20
4209	17
4210	21
4211	21
4212	11
4213	23
4214	21
4215	18
4216	26
4217	20
4218	18
4219	29
4220	20
4221	14
4222	17
4223	17
4224	19
4225	19
4226	21
4227	18
4228	20
4229	18
4230	16
4231	25
4232	15
4233	28
4234	25
4235	18
4236	20
4237	23
4238	20
4239	24
4240	11
4241	19
4242	24
4243	20
4244	18
4245	21
4246	15
4247	20
4248	23
4249	20
4250	25
4251	25
4252	28
4253	26
4254	22
4255	15
4256	17
4257	20
4258	21
4259	15
4260	25
4261	15
4262	17
4263	17
4264	17
4265	22
4266	15
4267	20
4268	21
4269	31
4270	16
4271	16
4272	14
4273	26
4274	16
4275	20
4276	23
4277	21
4278	7
4279	14
4280	17
4281	26
4282	21
4283	19
4284	21
4285	19
4286	13
4287	14
4288	20
4289	20
4290	15
4291	21
4292	24
4293	21
4294	22
4295	23
4296	21
4297	16
4298	24
4299	15
4300	26
4301	15
4302	16
4303	16
4304	25
4305	19
4306	25
4307	14
4308	18
4309	23
4310	24
4311	16
4312	14
4313	19
4314	21
4315	24
4316	16
4317	19
4318	25
4319	9
4320	15
4321	19
4322	21
4323	21
4324	24
4325	17
4326	21
4327	21
4328	16
4329	14
4330	22
4331	20
4332	20
4333	18
4334	21
4335	22
4336	16
4337	19
4338	22
4339	25
4340	16
4341	23
4342	16
4343	16
4344	16
4345	17
4346	19
4347	9
4348	18
4349	20
4350	19
4351	14
4352	23
4353	15
4354	8
4355	21
4356	17
4357	26
4358	24
4359	21
4360	17
4361	20
4362	20
4363	20
4364	18
4365	14
4366	16
4367	21
4368	11
4369	17
4370	7
4371	19
4372	14
4373	15
4374	11
4375	26
4376	23
4377	21
4378	16
4379	21
4380	25
4381	15
4382	20
4383	16
4384	22
4385	21
4386	21
4387	16
4388	23
4389	7
4390	8
4391	22
4392	10
4393	23
4394	13
4395	13
4396	24
4397	18
4398	11
4399	21
4400	19
4401	15
4402	15
4403	12
4404	23
4405	22
4406	15
4407	27
4408	21
4409	11
4410	25
4411	20
4412	29
4413	15
4414	22
4415	18
4416	15
4417	17
4418	14
4419	23
4420	11
4421	20
4422	15
4423	18
4424	24
4425	11
4426	17
4427	20
4428	17
4429	24
4430	25
4431	23
4432	16
4433	26
4434	17
4435	13
4436	19
4437	22
4438	19
4439	18
4440	22
4441	21
4442	21
4443	12
4444	17
4445	19
4446	21
4447	13
4448	27
4449	19
4450	19
4451	19
4452	14
4453	21
4454	21
4455	15
4456	22
4457	20
4458	18
4459	16
4460	19
4461	13
4462	19
4463	18
4464	20
4465	17
4466	17
4467	20
4468	15
4469	18
4470	18
4471	16
4472	17
4473	19
4474	19
4475	10
4476	19
4477	23
4478	22
4479	17
4480	15
4481	18
4482	25
4483	21
4484	19
4485	18
4486	14
4487	18
4488	23
4489	14
4490	13
4491	18
4492	18
4493	21
4494	19
4495	17
4496	26
4497	18
4498	16
4499	17
4500	14
4501	17
4502	17
4503	10
4504	17
4505	16
4506	18
4507	15
4508	20
4509	19
4510	28
4511	10
4512	19
4513	19
4514	14
4515	17
4516	12
4517	14
4518	17
4519	11
4520	13
4521	14
4522	19
4523	22
4524	10
4525	15
4526	15
4527	22
4528	24
4529	19
4530	23
4531	14
4532	18
4533	20
4534	19
4535	22
4536	15
4537	24
4538	18
4539	20
4540	18
4541	15
4542	26
4543	17
4544	16
4545	19
4546	14
4547	26
4548	16
4549	11
4550	18
4551	17
4552	19
4553	18
4554	9
4555	22
4556	17
4557	23
4558	19
4559	21
4560	14
4561	15
4562	14
4563	19
4564	18
4565	21
4566	15
4567	22
4568	20
4569	11
4570	16
4571	17
4572	21
4573	22
4574	9
4575	19
4576	16
4577	8
4578	12
4579	14
4580	12
4581	12
4582	18
4583	16
4584	11
4585	15
4586	15
4587	14
4588	18
4589	15
4590	19
4591	14
4592	13
4593	19
4594	17
4595	13
4596	17
4597	16
4598	15
4599	16
4600	19
4601	16
4602	13
4603	13
4604	19
4605	15
4606	5
4607	18
4608	21
4609	12
4610	12
4611	22
4612	16
4613	16
4614	9
4615	21
4616	18
4617	15
4618	13
4619	21
4620	23
4621	18
4622	19
4623	15
4624	23
4625	18
4626	15
4627	15
4628	22
4629	25
4630	16
4631	19
4632	14
4633	13
4634	23
4635	17
4636	14
4637	16
4638	13
4639	13
4640	21
4641	10
4642	11
4643	16
4644	20
4645	14
4646	11
4647	16
4648	14
4649	15
4650	20
4651	18
4652	16
4653	17
4654	20
4655	15
4656	14
4657	18
4658	17
4659	7
4660	15
4661	12
4662	21
4663	13
4664	13
4665	10
4666	12
4667	10
4668	25
4669	20
4670	22
4671	8
4672	17
4673	23
4674	15
4675	10
4676	19
4677	18
4678	15
4679	30
4680	14
4681	18
4682	15
4683	18
4684	15
4685	25
4686	12
4687	13
4688	21
4689	22
4690	18
4691	12
4692	17
4693	12
4694	21
4695	5
4696	11
4697	15
4698	12
4699	17
4700	15
4701	19
4702	19
4703	20
4704	18
4705	23
4706	13
4707	19
4708	18
4709	18
4710	17
4711	20
4712	21
4713	15
4714	14
4715	10
4716	13
4717	14
4718	18
4719	14
4720	10
4721	21
4722	10
4723	11
4724	11
4725	13
4726	25
4727	20
4728	19
4729	11
4730	11
4731	13
4732	14
4733	15
4734	18
4735	24
4736	17
4737	20
4738	28
4739	21
4740	19
4741	14
4742	21
4743	11
4744	23
4745	14
4746	11
4747	19
4748	11
4749	24
4750	8
4751	11
4752	13
4753	16
4754	17
4755	18
4756	14
4757	21
4758	20
4759	16
4760	14
4761	22
4762	11
4763	15
4764	11
4765	17
4766	12
4767	13
4768	8
4769	15
4770	10
4771	19
4772	15
4773	14
4774	10
4775	13
4776	12
4777	9
4778	20
4779	12
4780	19
4781	12
4782	17
4783	14
4784	18
4785	17
4786	21
4787	17
4788	13
4789	18
4790	13
4791	15
4792	13
4793	13
4794	17
4795	17
4796	19
4797	15
4798	12
4799	15
4800	15
4801	10
4802	8
4803	23
4804	23
4805	14
4806	13
4807	16
4808	18
4809	18
4810	17
4811	17
4812	12
4813	13
4814	17
4815	10
4816	15
4817	14
4818	21
4819	18
4820	18
4821	22
4822	23
4823	13
4824	13
4825	13
4826	11
4827	14
4828	14
4829	14
4830	13
4831	14
4832	12
4833	10
4834	21
4835	24
4836	11
4837	10
4838	16
4839	15
4840	11
4841	14
4842	19
4843	20
4844	15
4845	13
4846	15
4847	20
4848	17
4849	13
4850	20
4851	15
4852	12
4853	10
4854	19
4855	11
4856	12
4857	21
4858	23
4859	13
4860	18
4861	21
4862	14
4863	15
4864	12
4865	14
4866	19
4867	12
4868	19
4869	15
4870	13
4871	16
4872	19
4873	10
4874	14
4875	13
4876	13
4877	15
4878	18
4879	14
4880	15
4881	12
4882	13
4883	15
4884	14
4885	17
4886	11
4887	10
4888	16
4889	17
4890	11
4891	22
4892	8
4893	18
4894	12
4895	9
4896	20
4897	14
4898	20
4899	17
4900	24
4901	21
4902	13
4903	9
4904	19
4905	16
4906	13
4907	13
4908	14
4909	8
4910	9
4911	11
4912	7
4913	9
4914	16
4915	10
4916	15
4917	12
4918	12
4919	11
4920	12
4921	12
4922	17
4923	8
4924	10
4925	8
4926	8
4927	18
4928	12
4929	15
4930	21
4931	12
4932	12
4933	10
4934	17
4935	11
4936	15
4937	14
4938	18
4939	16
4940	13
4941	10
4942	12
4943	7
4944	22
4945	17
4946	22
4947	8
4948	14
4949	12
4950	18
4951	15
4952	15
4953	10
4954	10
4955	13
4956	15
4957	10
4958	18
4959	10
4960	8
4961	23
4962	10
4963	13
4964	11
4965	10
4966	17
4967	19
4968	16
4969	17
4970	10
4971	14
4972	8
4973	14
4974	13
4975	15
4976	7
4977	14
4978	12
4979	22
4980	17
4981	12
4982	16
4983	21
4984	14
4985	14
4986	14
4987	11
4988	17
4989	15
4990	15
4991	11
4992	13
4993	15
4994	16
4995	11
4996	13
4997	12
4998	10
4999	14
5000	12
5001	7
5002	13
5003	11
5004	8
5005	15
5006	15
5007	17
5008	21
5009	10
5010	13
5011	18
5012	7
5013	21
5014	9
5015	6
5016	19
5017	15
5018	8
5019	17
5020	14
5021	12
5022	11
5023	7
5024	23
5025	16
5026	10
5027	13
5028	16
5029	13
5030	15
5031	18
5032	17
5033	13
5034	19
5035	11
5036	12
5037	16
5038	14
5039	21
5040	19
5041	11
5042	11
5043	14
5044	16
5045	16
5046	12
5047	8
5048	11
5049	14
5050	12
5051	17
5052	12
5053	8
5054	9
5055	16
5056	23
5057	16
5058	9
5059	17
5060	13
5061	12
5062	13
5063	13
5064	18
5065	12
5066	13
5067	10
5068	8
5069	15
5070	11
5071	11
5072	11
5073	15
5074	8
5075	10
5076	12
5077	10
5078	14
5079	18
5080	14
5081	10
5082	5
5083	16
5084	8
5085	18
5086	19
5087	14
5088	12
5089	17
5090	14
5091	13
5092	11
5093	15
5094	15
5095	14
5096	11
5097	10
5098	15
5099	11
5100	15
5101	19
5102	18
5103	9
5104	14
5105	5
5106	10
5107	12
5108	14
5109	12
5110	8
5111	8
5112	12
5113	10
5114	9
5115	8
5116	15
5117	10
5118	10
5119	10
5120	13
5121	13
5122	17
5123	15
5124	16
5125	13
5126	11
5127	12
5128	16
5129	19
5130	10
5131	11
5132	15
5133	14
5134	15
5135	6
5136	13
5137	14
5138	12
5139	13
5140	13
5141	17
5142	15
5143	9
5144	15
5145	16
5146	8
5147	10
5148	14
5149	11
5150	9
5151	13
5152	15
5153	18
5154	16
5155	14
5156	16
5157	8
5158	18
5159	16
5160	17
5161	19
5162	12
5163	14
5164	8
5165	14
5166	14
5167	9
5168	11
5169	15
5170	10
5171	22
5172	7
5173	15
5174	16
5175	12
5176	15
5177	10
5178	5
5179	10
5180	16
5181	15
5182	12
5183	23
5184	15
5185	15
5186	9
5187	12
5188	10
5189	14
5190	11
5191	13
5192	16
5193	12
5194	17
5195	14
5196	20
5197	8
5198	13
5199	14
5200	16
5201	18
5202	11
5203	11
5204	14
5205	9
5206	9
5207	10
5208	11
5209	18
5210	6
5211	10
5212	11
5213	16
5214	11
5215	11
5216	17
5217	11
5218	17
5219	12
5220	15
5221	20
5222	16
5223	11
5224	14
5225	15
5226	23
5227	5
5228	16
5229	19
5230	13
5231	15
5232	12
5233	6
5234	18
5235	15
5236	18
5237	14
5238	13
5239	11
5240	17
5241	17
5242	18
5243	16
5244	11
5245	13
5246	8
5247	13
5248	12
5249	9
5250	14
5251	14
5252	14
5253	15
5254	13
5255	13
5256	12
5257	11
5258	14
5259	13
5260	15
5261	14
5262	10
5263	12
5264	12
5265	12
5266	12
5267	11
5268	15
5269	10
5270	15
5271	14
5272	22
5273	17
5274	11
5275	9
5276	15
5277	8
5278	12
5279	10
5280	9
5281	12
5282	15
5283	7
5284	10
5285	11
5286	12
5287	13
5288	12
5289	14
5290	16
5291	8
5292	16
5293	9
5294	17
5295	8
5296	10
5297	9
5298	11
5299	17
5300	10
5301	9
5302	11
5303	14
5304	7
5305	12
5306	10
5307	13
5308	14
5309	11
5310	14
5311	17
5312	16
5313	12
5314	6
5315	8
5316	15
5317	13
5318	14
5319	18
5320	8
5321	11
5322	12
5323	14
5324	20
5325	19
5326	13
5327	15
5328	22
5329	23
5330	17
5331	14
5332	14
5333	17
5334	17
5335	17
5336	15
5337	11
5338	13
5339	12
5340	13
5341	13
5342	17
5343	16
5344	16
5345	8
5346	10
5347	15
5348	18
5349	8
5350	6
5351	4
5352	18
5353	10
5354	18
5355	15
5356	12
5357	13
5358	8
5359	17
5360	14
5361	16
5362	8
5363	14
5364	7
5365	13
5366	12
5367	11
5368	12
5369	9
5370	16
5371	12
5372	7
5373	6
5374	10
5375	10
5376	13
5377	9
5378	15
5379	13
5380	17
5381	10
5382	8
5383	18
5384	17
5385	11
5386	12
5387	6
5388	21
5389	13
5390	13
5391	8
5392	9
5393	12
5394	12
5395	11
5396	13
5397	14
5398	13
5399	11
5400	10
5401	14
5402	10
5403	15
5404	15
5405	10
5406	14
5407	7
5408	11
5409	12
5410	12
5411	19
5412	17
5413	14
5414	14
5415	10
5416	14
5417	14
5418	15
5419	16
5420	13
5421	13
5422	9
5423	15
5424	14
5425	11
5426	18
5427	9
5428	13
5429	11
5430	15
5431	11
5432	5
5433	10
5434	8
5435	11
5436	12
5437	9
5438	13
5439	12
5440	13
5441	16
5442	18
5443	13
5444	7
5445	11
5446	18
5447	12
5448	16
5449	9
5450	20
5451	18
5452	13
5453	14
5454	15
5455	12
5456	13
5457	10
5458	15
5459	9
5460	9
5461	15
5462	20
5463	13
5464	17
5465	8
5466	8
5467	10
5468	14
5469	17
5470	18
5471	17
5472	13
5473	18
5474	8
5475	19
5476	12
5477	15
5478	8
5479	14
5480	11
5481	15
5482	15
5483	9
5484	13
5485	16
5486	18
5487	11
5488	17
5489	12
5490	14
5491	8
5492	14
5493	5
5494	13
5495	8
5496	12
5497	14
5498	11
5499	11
5500	16
5501	13
5502	18
5503	12
5504	13
5505	12
5506	11
5507	6
5508	13
5509	13
5510	12
5511	11
5512	14
5513	14
5514	14
5515	12
5516	11
5517	6
5518	15
5519	16
5520	12
5521	18
5522	11
5523	17
5524	15
5525	14
5526	5
5527	20
5528	24
5529	12
5530	10
5531	11
5532	15
5533	15
5534	9
5535	11
5536	10
5537	11
5538	8
5539	13
5540	15
5541	19
5542	13
5543	12
5544	9
5545	11
5546	11
5547	16
5548	7
5549	14
5550	9
5551	10
5552	15
5553	15
5554	17
5555	13
5556	14
5557	8
5558	13
5559	9
5560	15
5561	13
5562	9
5563	14
5564	15
5565	15
5566	16
5567	17
5568	14
5569	10
5570	15
5571	20
5572	14
5573	6
5574	12
5575	21
5576	15
5577	8
5578	12
5579	4
5580	16
5581	9
5582	12
5583	18
5584	14
5585	22
5586	12
5587	14
5588	9
5589	14
5590	19
5591	14
5592	11
5593	6
5594	15
5595	17
5596	14
5597	15
5598	16
5599	15
5600	7
5601	14
5602	20
5603	13
5604	14
5605	12
5606	11
5607	14
5608	12
5609	8
5610	14
5611	15
5612	17
5613	17
5614	13
5615	14
5616	12
5617	9
5618	7
5619	11
5620	16
5621	16
5622	10
5623	11
5624	9
5625	14
5626	8
5627	13
5628	18
5629	9
5630	14
5631	6
5632	16
5633	10
5634	12
5635	13
5636	11
5637	14
5638	12
5639	10
5640	13
5641	11
5642	10
5643	11
5644	9
5645	7
5646	12
5647	14
5648	13
5649	13
5650	7
5651	8
5652	15
5653	7
5654	10
5655	19
5656	7
5657	12
5658	9
5659	16
5660	13
5661	14
5662	12
5663	9
5664	13
5665	12
5666	13
5667	17
5668	10
5669	10
5670	7
5671	13
5672	8
5673	19
5674	19
5675	10
5676	10
5677	5
5678	6
5679	11
5680	7
5681	11
5682	14
5683	9
5684	11
5685	11
5686	17
5687	12
5688	19
5689	6
5690	12
5691	12
5692	14
5693	17
5694	7
5695	12
5696	14
5697	14
5698	13
5699	19
5700	11
5701	8
5702	6
5703	10
5704	14
5705	11
5706	14
5707	6
5708	8
5709	13
5710	17
5711	7
5712	13
5713	9
5714	13
5715	11
5716	10
5717	11
5718	15
5719	14
5720	12
5721	12
5722	14
5723	9
5724	14
5725	15
5726	13
5727	14
5728	22
5729	10
5730	11
5731	15
5732	10
5733	11
5734	21
5735	11
5736	21
5737	5
5738	15
5739	13
5740	16
5741	12
5742	21
5743	7
5744	9
5745	15
5746	15
5747	15
5748	18
5749	14
5750	12
5751	7
5752	17
5753	11
5754	5
5755	14
5756	8
5757	18
5758	19
5759	9
5760	9
5761	13
5762	7
5763	25
5764	10
5765	9
5766	9
5767	14
5768	18
5769	12
5770	9
5771	19
5772	12
5773	11
5774	19
5775	14
5776	12
5777	17
5778	5
5779	13
5780	11
5781	8
5782	11
5783	13
5784	9
5785	13
5786	17
5787	13
5788	11
5789	7
5790	12
5791	10
5792	19
5793	14
5794	14
5795	17
5796	14
5797	15
5798	8
5799	21
5800	17
5801	13
5802	15
5803	13
5804	7
5805	17
5806	13
5807	12
5808	14
5809	13
5810	7
5811	9
5812	13
5813	21
5814	13
5815	8
5816	14
5817	10
5818	15
5819	15
5820	12
5821	14
5822	15
5823	12
5824	11
5825	13
5826	10
5827	11
5828	10
5829	14
5830	15
5831	14
5832	15
5833	14
5834	13
5835	12
5836	9
5837	8
5838	6
5839	15
5840	8
5841	14
5842	14
5843	13
5844	10
5845	20
5846	12
5847	16
5848	8
5849	12
5850	17
5851	12
5852	16
5853	15
5854	12
5855	11
5856	9
5857	14
5858	10
5859	13
5860	8
5861	14
5862	21
5863	17
5864	16
5865	19
5866	15
5867	15
5868	15
5869	12
5870	15
5871	15
5872	18
5873	12
5874	9
5875	13
5876	11
5877	16
5878	7
5879	17
5880	12
5881	15
5882	12
5883	15
5884	12
5885	13
5886	14
5887	11
5888	16
5889	11
5890	19
5891	14
5892	13
5893	14
5894	13
5895	11
5896	16
5897	12
5898	20
5899	12
5900	17
5901	14
5902	12
5903	14
5904	9
5905	16
5906	11
5907	11
5908	13
5909	15
5910	13
5911	11
5912	8
5913	16
5914	15
5915	14
5916	10
5917	13
5918	13
5919	19
5920	16
5921	12
5922	14
5923	15
5924	14
5925	14
5926	8
5927	18
5928	8
5929	17
5930	18
5931	16
5932	13
5933	5
5934	11
5935	15
5936	12
5937	13
5938	8
5939	16
5940	7
5941	12
5942	11
5943	22
5944	19
5945	16
5946	19
5947	18
5948	15
5949	14
5950	22
5951	13
5952	25
5953	10
5954	11
5955	11
5956	17
5957	17
5958	12
5959	16
5960	12
5961	12
5962	11
5963	10
5964	15
5965	12
5966	5
5967	12
5968	11
5969	8
5970	12
5971	10
5972	9
5973	12
5974	24
5975	15
5976	12
5977	7
5978	14
5979	20
5980	10
5981	13
5982	10
5983	12
5984	12
5985	14
5986	10
5987	19
5988	15
5989	15
5990	7
5991	14
5992	11
5993	16
5994	18
5995	17
5996	12
5997	19
5998	13
5999	14
6000	8
6001	10
6002	14
6003	18
6004	13
6005	13
6006	9
6007	21
6008	12
6009	16
6010	14
6011	8
6012	13
6013	15
6014	16
6015	10
6016	14
6017	14
6018	15
6019	17
6020	17
6021	20
6022	13
6023	14
6024	5
6025	28
6026	18
6027	17
6028	11
6029	16
6030	14
6031	9
6032	10
6033	11
6034	13
6035	8
6036	13
6037	13
6038	8
6039	16
6040	12
6041	16
6042	22
6043	11
6044	16
6045	9
6046	11
6047	22
6048	18
6049	14
6050	13
6051	8
6052	15
6053	12
6054	12
6055	8
6056	16
6057	17
6058	12
6059	7
6060	10
6061	8
6062	12
6063	8
6064	18
6065	13
6066	16
6067	17
6068	15
6069	13
6070	7
6071	12
6072	8
6073	16
6074	13
6075	8
6076	12
6077	13
6078	11
6079	11
6080	19
6081	8
6082	10
6083	8
6084	14
6085	14
6086	16
6087	7
6088	15
6089	16
6090	8
6091	7
6092	15
6093	14
6094	17
6095	11
6096	11
6097	15
6098	13
6099	24
6100	18
6101	13
6102	21
6103	11
6104	14
6105	12
6106	19
6107	13
6108	13
6109	19
6110	14
6111	13
6112	14
6113	12
6114	18
6115	22
6116	16
6117	18
6118	18
6119	16
6120	13
6121	16
6122	15
6123	19
6124	16
6125	17
6126	20
6127	13
6128	9
6129	14
6130	7
6131	19
6132	15
6133	7
6134	9
6135	11
6136	18
6137	17
6138	9
6139	8
6140	13
6141	12
6142	10
6143	13
6144	13
6145	14
6146	12
6147	17
6148	16
6149	13
6150	9
6151	9
6152	12
6153	17
6154	11
6155	12
6156	17
6157	9
6158	20
6159	13
6160	10
6161	10
6162	12
6163	12
6164	12
6165	12
6166	6
6167	16
6168	8
6169	8
6170	11
6171	15
6172	9
6173	14
6174	11
6175	14
6176	17
6177	13
6178	14
6179	27
6180	14
6181	9
6182	11
6183	16
6184	14
6185	15
6186	13
6187	20
6188	23
6189	13
6190	19
6191	12
6192	10
6193	17
6194	12
6195	16
6196	9
6197	16
6198	8
6199	12
6200	12
6201	12
6202	20
6203	14
6204	18
6205	15
6206	12
6207	17
6208	12
6209	14
6210	18
6211	11
6212	10
6213	13
6214	12
6215	14
6216	18
6217	19
6218	16
6219	21
6220	17
6221	17
6222	9
6223	17
6224	13
6225	19
6226	23
6227	21
6228	14
6229	16
6230	11
6231	11
6232	14
6233	10
6234	10
6235	16
6236	17
6237	16
6238	15
6239	21
6240	16
6241	14
6242	16
6243	18
6244	8
6245	18
6246	11
6247	16
6248	15
6249	15
6250	11
6251	17
6252	15
6253	16
6254	11
6255	18
6256	15
6257	12
6258	18
6259	13
6260	10
6261	15
6262	29
6263	15
6264	14
6265	15
6266	17
6267	16
6268	15
6269	17
6270	15
6271	17
6272	15
6273	15
6274	11
6275	16
6276	18
6277	11
6278	9
6279	15
6280	16
6281	20
6282	15
6283	18
6284	15
6285	16
6286	6
6287	16
6288	15
6289	16
6290	15
6291	11
6292	9
6293	15
6294	19
6295	20
6296	18
6297	20
6298	17
6299	17
6300	17
6301	18
6302	17
6303	14
6304	14
6305	19
6306	22
6307	14
6308	19
6309	15
6310	10
6311	20
6312	19
6313	13
6314	16
6315	10
6316	8
6317	23
6318	12
6319	19
6320	18
6321	17
6322	19
6323	19
6324	14
6325	10
6326	13
6327	14
6328	20
6329	18
6330	22
6331	16
6332	20
6333	23
6334	12
6335	20
6336	15
6337	16
6338	9
6339	15
6340	18
6341	20
6342	22
6343	13
6344	16
6345	16
6346	9
6347	23
6348	15
6349	13
6350	16
6351	12
6352	11
6353	13
6354	11
6355	10
6356	16
6357	22
6358	22
6359	13
6360	15
6361	14
6362	20
6363	20
6364	17
6365	18
6366	15
6367	13
6368	20
6369	11
6370	20
6371	18
6372	18
6373	20
6374	13
6375	13
6376	24
6377	18
6378	18
6379	16
6380	15
6381	14
6382	11
6383	18
6384	18
6385	17
6386	17
6387	15
6388	18
6389	16
6390	16
6391	13
6392	15
6393	20
6394	18
6395	19
6396	21
6397	24
6398	7
6399	10
6400	20
6401	28
6402	13
6403	19
6404	19
6405	21
6406	14
6407	24
6408	21
6409	21
6410	14
6411	21
6412	17
6413	18
6414	17
6415	19
6416	18
6417	21
6418	17
6419	23
6420	15
6421	25
6422	17
6423	18
6424	20
6425	21
6426	17
6427	18
6428	20
6429	15
6430	13
6431	17
6432	21
6433	20
6434	17
6435	17
6436	14
6437	18
6438	20
6439	15
6440	15
6441	20
6442	18
6443	13
6444	20
6445	21
6446	14
6447	18
6448	26
6449	17
6450	16
6451	14
6452	20
6453	24
6454	17
6455	16
6456	18
6457	20
6458	15
6459	20
6460	14
6461	18
6462	16
6463	16
6464	23
6465	22
6466	18
6467	11
6468	15
6469	16
6470	24
6471	22
6472	15
6473	13
6474	26
6475	19
6476	29
6477	20
6478	24
6479	23
6480	18
6481	23
6482	27
6483	19
6484	18
6485	18
6486	14
6487	22
6488	14
6489	17
6490	19
6491	22
6492	23
6493	20
6494	15
6495	26
6496	20
6497	14
6498	18
6499	18
6500	15
6501	17
6502	21
6503	24
6504	14
6505	14
6506	21
6507	19
6508	14
6509	11
6510	13
6511	16
6512	25
6513	20
6514	17
6515	20
6516	27
6517	18
6518	30
6519	20
6520	27
6521	26
6522	23
6523	20
6524	24
6525	29
6526	19
6527	13
6528	17
6529	22
6530	21
6531	24
6532	21
6533	21
6534	25
6535	22
6536	20
6537	19
6538	15
6539	18
6540	18
6541	21
6542	28
6543	26
6544	26
6545	27
6546	16
6547	33
6548	16
6549	29
6550	31
6551	28
6552	26
6553	21
6554	28
6555	26
6556	23
6557	16
6558	30
6559	30
6560	32
6561	33
6562	22
6563	27
6564	21
6565	22
6566	19
6567	26
6568	21
6569	23
6570	18
6571	17
6572	26
6573	28
6574	20
6575	27
6576	22
6577	25
6578	26
6579	19
6580	21
6581	29
6582	27
6583	32
6584	19
6585	29
6586	19
6587	23
6588	27
6589	30
6590	32
6591	35
6592	22
6593	16
6594	23
6595	22
6596	14
6597	18
6598	22
6599	27
6600	19
6601	25
6602	31
6603	35
6604	23
6605	18
6606	26
6607	20
6608	23
6609	17
6610	21
6611	35
6612	29
6613	24
6614	20
6615	23
6616	27
6617	22
6618	18
6619	30
6620	24
6621	15
6622	24
6623	23
6624	20
6625	24
6626	24
6627	26
6628	29
6629	22
6630	21
6631	22
6632	16
6633	21
6634	25
6635	26
6636	29
6637	28
6638	34
6639	31
6640	23
6641	24
6642	32
6643	29
6644	27
6645	26
6646	21
6647	27
6648	17
6649	30
6650	22
6651	20
6652	15
6653	22
6654	28
6655	21
6656	28
6657	33
6658	26
6659	29
6660	22
6661	29
6662	18
6663	25
6664	32
6665	24
6666	24
6667	20
6668	20
6669	24
6670	30
6671	28
6672	31
6673	19
6674	28
6675	38
6676	33
6677	32
6678	28
6679	19
6680	23
6681	19
6682	25
6683	24
6684	31
6685	23
6686	23
6687	28
6688	36
6689	27
6690	20
6691	25
6692	15
6693	22
6694	26
6695	26
6696	16
6697	26
6698	24
6699	20
6700	29
6701	25
6702	26
6703	20
6704	31
6705	19
6706	29
6707	22
6708	26
6709	29
6710	27
6711	19
6712	19
6713	27
6714	21
6715	32
6716	31
6717	18
6718	24
6719	31
6720	22
6721	19
6722	26
6723	29
6724	24
6725	36
6726	20
6727	26
6728	34
6729	26
6730	19
6731	28
6732	20
6733	28
6734	25
6735	23
6736	25
6737	17
6738	21
6739	27
6740	25
6741	23
6742	21
6743	19
6744	28
6745	31
6746	24
6747	31
6748	31
6749	29
6750	26
6751	27
6752	24
6753	25
6754	32
6755	18
6756	25
6757	26
6758	25
6759	22
6760	29
6761	22
6762	24
6763	20
6764	28
6765	27
6766	24
6767	24
6768	18
6769	22
6770	19
6771	28
6772	28
6773	29
6774	30
6775	20
6776	31
6777	26
6778	22
6779	21
6780	17
6781	18
6782	26
6783	25
6784	22
6785	24
6786	19
6787	21
6788	32
6789	26
6790	22
6791	30
6792	26
6793	19
6794	23
6795	24
6796	27
6797	30
6798	23
6799	25
6800	26
6801	22
6802	12
6803	19
6804	15
6805	22
6806	28
6807	22
6808	25
6809	16
6810	21
6811	22
6812	19
6813	29
6814	19
6815	23
6816	15
6817	22
6818	16
6819	13
6820	24
6821	15
6822	17
6823	23
6824	21
6825	26
6826	26
6827	20
6828	21
6829	16
6830	21
6831	18
6832	26
6833	27
6834	21
6835	29
6836	20
6837	16
6838	14
6839	23
6840	17
6841	16
6842	26
6843	15
6844	21
6845	24
6846	22
6847	21
6848	25
6849	18
6850	23
6851	25
6852	25
6853	23
6854	16
6855	20
6856	19
6857	20
6858	16
6859	24
6860	17
6861	19
6862	28
6863	23
6864	17
6865	21
6866	17
6867	17
6868	16
6869	13
6870	17
6871	17
6872	28
6873	17
6874	18
6875	14
6876	13
6877	19
6878	20
6879	8
6880	14
6881	14
6882	13
6883	23
6884	22
6885	22
6886	17
6887	20
6888	19
6889	13
6890	15
6891	20
6892	15
6893	15
6894	18
6895	15
6896	19
6897	14
6898	17
6899	14
6900	16
6901	21
6902	17
6903	23
6904	14
6905	21
6906	11
6907	16
6908	14
6909	16
6910	11
6911	10
6912	10
6913	13
6914	17
6915	10
6916	13
6917	14
6918	18
6919	15
6920	12
6921	21
6922	12
6923	11
6924	13
6925	12
6926	19
6927	12
6928	10
6929	8
6930	13
6931	14
6932	11
6933	21
6934	12
6935	14
6936	15
6937	14
6938	6
6939	12
6940	12
6941	21
6942	12
6943	12
6944	9
6945	11
6946	12
6947	13
6948	17
6949	17
6950	14
6951	13
6952	18
6953	13
6954	12
6955	12
6956	13
6957	20
6958	13
6959	9
6960	9
6961	11
6962	15
6963	15
6964	17
6965	16
6966	9
6967	7
6968	14
6969	12
6970	5
6971	15
6972	8
6973	14
6974	12
6975	8
6976	8
6977	8
6978	5
6979	8
6980	6
6981	10
6982	9
6983	11
6984	15
6985	8
6986	8
6987	14
6988	10
6989	10
6990	10
6991	12
6992	6
6993	14
6994	9
6995	8
6996	14
6997	10
6998	13
6999	12
7000	7
7001	11
7002	10
7003	11
7004	8
7005	5
7006	3
7007	9
7008	13
7009	6
7010	4
7011	3
7012	7
7013	6
7014	10
7015	4
7016	2
7017	9
7018	4
7019	9
7020	15
7021	4
7022	7
7023	9
7024	5
7025	10
7026	5
7027	7
7028	8
7029	2
7030	6
7031	5
7032	5
7033	11
7034	5
7035	5
7036	9
7037	5
7038	5
7039	3
7040	6
7041	3
7042	7
7043	5
7044	9
7045	6
7046	3
7047	4
7048	4
7049	7
7050	6
7051	7
7052	5
7053	7
7054	2
7055	0
7056	8
7057	8
7058	6
7059	5
7060	6
7061	7
7062	7
7063	8
7064	5
7065	8
7066	8
7067	4
7068	5
7069	5
7070	6
7071	5
7072	3
7073	5
7074	2
7075	3
7076	1
7077	1
7078	4
7079	5
7080	3
7081	5
7082	2
7083	7
7084	3
7085	3
7086	4
7087	0
7088	5
7089	6
7090	3
7091	2
7092	5
7093	5
7094	3
7095	5
7096	5
7097	4
7098	5
7099	3
7100	5
7101	1
7102	3
7103	4
7104	3
7105	4
7106	6
7107	4
7108	3
7109	6
7110	4
7111	2
7112	3
7113	0
7114	1
7115	4
7116	6
7117	1
7118	3
7119	2
7120	3
7121	1
7122	5
7123	3
7124	3
7125	4
7126	2
7127	4
7128	4
7129	0
7130	7
7131	2
7132	6
7133	3
7134	4
7135	1
7136	0
7137	2
7138	2
7139	0
7140	2
7141	3
7142	1
7143	3
7144	2
7145	0
7146	3
7147	0
7148	8
7149	0
7150	3
7151	2
7152	10
7153	3
7154	2
7155	1
7156	1
7157	2
7158	4
7159	7
7160	0
7161	1
7162	4
7163	2
7164	2
7165	0
7166	1
7167	0
7168	0
7169	2
7170	3
7171	2
7172	0
7173	5
7174	2
7175	1
7176	3
7177	1
7178	4
7179	1
7180	2
7181	2
7182	1
7183	3
7184	1
7185	3
7186	3
7187	0
7188	1
7189	4
7190	1
7191	2
7192	0
7193	0
7194	1
7195	0
7196	5
7197	3
7198	1
7199	1
7200	2
7201	0
7202	1
7203	0
7204	3
7205	5
7206	0
7207	3
7208	0
7209	1
7210	1
7211	2
7212	2
7213	4
7214	1
7215	1
7216	1
7217	1
7218	2
7219	0
7220	1
7221	2
7222	0
7223	2
7224	2
7225	2
7226	1
7227	1
7228	0
7229	0
7230	0
7231	1
7232	2
7233	1
7234	0
7235	0
7236	0
7237	1
7238	0
7239	1
7240	1
7241	0
7242	1
7243	0
7244	1
7245	0
7246	3
7247	0
7248	1
7249	2
7250	3
7251	1
7252	1
7253	1
7254	0
7255	0
7256	1
7257	1
7258	0
7259	1
7260	3
7261	1
7262	2
7263	0
7264	0
7265	1
7266	1
7267	1
7268	1
7269	0
7270	0
7271	0
7272	2
7273	0
7274	2
7275	1
7276	1
7277	0
7278	0
7279	2
7280	0
7281	0
7282	1
7283	1
7284	1
7285	0
7286	0
7287	1
7288	2
7289	1
7290	0
7291	0
7292	0
7293	2
7294	0
7295	1
7296	0
7297	0
7298	1
7299	0
7300	1
7301	2
7302	0
7303	0
7304	0
7305	0
7306	0
7307	0
7308	0
7309	0
7310	0
7311	1
7312	1
7313	1
7314	1
7315	2
7316	0
7317	2
7318	0
7319	1
7320	1
7321	0
7322	1
7323	0
7324	2
7325	1
7326	0
7327	0
7328	0
7329	0
7330	1
7331	1
7332	0
7333	1
7334	1
7335	1
7336	1
7337	2
7338	0
7339	1
7340	0
7341	0
7342	1
7343	0
7344	3
7345	1
7346	2
7347	0
7348	0
7349	0
7350	2
7351	1
7352	1
7353	0
7354	0
7355	0
7356	0
7357	1
7358	1
7359	0
7360	0
7361	0
7362	1
7363	1
7364	1
7365	2
7366	0
7367	0
7368	1
7369	1
7370	0
7371	0
7372	1
7373	0
7374	1
7375	0
7376	0
7377	1
7378	2
7379	0
7380	1
7381	0
7382	0
7383	1
7384	1
7385	0
7386	1
7387	0
7388	0
7389	1
7390	0
7391	1
7392	2
7393	0
7394	1
7395	0
7396	1
7397	0
7398	0
7399	0
7400	0
7401	0
7402	0
7403	2
7404	0
7405	0
7406	0
7407	1
7408	0
7409	1
7410	0
7411	0
7412	1
7413	0
7414	0
7415	0
7416	1
7417	1
7418	0
7419	0
7420	0
7421	0
7422	0
7423	0
7424	0
7425	1
7426	1
7427	0
7428	0
7429	2
7430	0
7431	1
7432	0
7433	1
7434	2
7435	0
7436	1
7437	0
7438	1
7439	1
7440	1
7441	0
7442	0
7443	1
7444	1
7445	1
7446	0
7447	0
7448	1
7449	0
7450	0
7451	0
7452	0
7453	0
7454	0
7455	0
7456	2
7457	0
7458	2
7459	2
7460	1
7461	0
7462	0
7463	1
7464	1
7465	1
7466	0
7467	0
7468	2
7469	0
7470	1
7471	0
7472	1
7473	0
7474	2
7475	1
7476	0
7477	0
7478	0
7479	0
7480	1
7481	0
7482	0
7483	1
7484	1
7485	0
7486	2
7487	1
7488	0
7489	0
7490	1
7491	1
7492	1
7493	1
7494	0
7495	0
7496	3
7497	0
7498	0
7499	1
7500	0
7501	0
7502	0
7503	2
7504	0
7505	0
7506	1
7507	1
7508	1
7509	0
7510	0
7511	0
7512	1
7513	0
7514	0
7515	0
7516	0
7517	1
7518	0
7519	0
7520	0
7521	0
7522	0
7523	0
7524	0
7525	0
7526	0
7527	0
7528	0
7529	3
7530	1
7531	0
7532	0
7533	0
7534	0
7535	0
7536	1
7537	0
7538	0
7539	0
7540	2
7541	1
7542	1
7543	0
7544	0
7545	0
7546	0
7547	0
7548	0
7549	0
7550	0
7551	0
7552	1
7553	0
7554	0
7555	0
7556	0
7557	0
7558	0
7559	0
7560	1
7561	1
7562	1
7563	1
7564	0
7565	1
7566	1
7567	1
7568	0
7569	0
7570	2
7571	1
7572	0
7573	0
7574	0
7575	0
7576	3
7577	0
7578	1
7579	0
7580	0
7581	0
7582	0
7583	0
7584	0
7585	0
7586	0
7587	0
7588	2
7589	0
7590	1
7591	0
7592	0
7593	0
7594	0
7595	0
7596	2
7597	2
7598	0
7599	0
7600	0
7601	1
7602	1
7603	0
7604	2
7605	1
7606	0
7607	0
7608	0
7609	2
7610	1
7611	1
7612	1
7613	0
7614	0
7615	1
7616	0
7617	1
7618	2
7619	0
7620	0
7621	0
7622	0
7623	0
7624	0
7625	0
7626	0
7627	0
7628	0
7629	0
7630	0
7631	0
7632	0
7633	0
7634	1
7635	1
7636	0
7637	0
7638	1
7639	1
7640	0
7641	0
7642	0
7643	1
7644	0
7645	0
7646	0
7647	0
7648	1
7649	1
7650	1
7651	0
7652	0
7653	0
7654	2
7655	0
7656	1
7657	0
7658	0
7659	0
7660	0
7661	0
7662	0
7663	0
7664	0
7665	0
7666	0
7667	0
7668	0
7669	0
7670	0
7671	0
7672	1
7673	0
7674	0
7675	1
7676	0
7677	0
7678	0
7679	1
7680	0
7681	0
7682	0
7683	1
7684	0
7685	0
7686	1
7687	1
7688	0
7689	0
7690	0
7691	1
7692	0
7693	1
7694	0
7695	1
7696	0
7697	0
7698	1
7699	2
7700	1
7701	1
7702	1
7703	0
7704	0
7705	1
7706	0
7707	1
7708	0
7709	0
7710	2
7711	0
7712	0
7713	0
7714	0
7715	0
7716	0
7717	0
7718	1
7719	0
7720	1
7721	0
7722	0
7723	0
7724	3
7725	0
7726	1
7727	0
7728	1
7729	0
7730	1
7731	0
7732	1
7733	0
7734	1
7735	0
7736	0
7737	1
7738	1
7739	0
7740	0
7741	0
7742	0
7743	0
7744	0
7745	0
7746	0
7747	2
7748	0
7749	2
7750	1
7751	0
7752	0
7753	0
7754	0
7755	0
7756	0
7757	1
7758	2
7759	0
7760	0
7761	0
7762	0
7763	0
7764	2
7765	1
7766	1
7767	3
7768	0
7769	0
7770	2
7771	0
7772	0
7773	2
7774	0
7775	0
7776	1
7777	0
7778	2
7779	0
7780	0
7781	1
7782	0
7783	0
7784	0
7785	0
7786	1
7787	0
7788	1
7789	0
7790	0
7791	1
7792	1
7793	0
7794	0
7795	0
7796	0
7797	1
7798	1
7799	0
7800	0
7801	0
7802	0
7803	1
7804	0
7805	1
7806	1
7807	0
7808	1
7809	2
7810	1
7811	1
7812	1
7813	1
7814	1
7815	0
7816	1
7817	0
7818	0
7819	0
7820	0
7821	0
7822	1
7823	2
7824	0
7825	1
7826	0
7827	0
7828	0
7829	1
7830	2
7831	2
7832	0
7833	0
7834	0
7835	1
7836	0
7837	0
7838	0
7839	0
7840	0
7841	0
7842	0
7843	1
7844	0
7845	0
7846	1
7847	0
7848	1
7849	0
7850	0
7851	0
7852	1
7853	0
7854	1
7855	0
7856	1
7857	0
7858	1
7859	0
7860	0
7861	1
7862	0
7863	0
7864	0
7865	2
7866	0
7867	0
7868	0
7869	0
7870	0
7871	2
7872	0
7873	0
7874	0
7875	1
7876	1
7877	0
7878	0
7879	0
7880	1
7881	2
7882	0
7883	0
7884	3
7885	1
7886	0
7887	0
7888	2
7889	1
7890	1
7891	1
7892	0
7893	0
7894	1
7895	0
7896	0
7897	0
7898	1
7899	0
7900	0
7901	0
7902	0
7903	0
7904	0
7905	0
7906	0
7907	1
7908	0
7909	1
7910	0
7911	1
7912	1
7913	0
7914	0
7915	1
7916	0
7917	0
7918	0
7919	0
7920	0
7921	2
7922	1
7923	0
7924	2
7925	0
7926	0
7927	0
7928	0
7929	1
7930	0
7931	0
7932	0
7933	0
7934	0
7935	1
7936	0
7937	0
7938	1
7939	0
7940	0
7941	0
7942	0
7943	1
7944	0
7945	1
7946	0
7947	0
7948	0
7949	0
7950	0
7951	1
7952	0
7953	0
7954	0
7955	1
7956	0
7957	0
7958	0
7959	0
7960	1
7961	0
7962	0
7963	0
7964	1
7965	1
7966	0
7967	1
7968	1
7969	0
7970	1
7971	1
7972	0
7973	0
7974	0
7975	2
7976	0
7977	0
7978	0
7979	1
7980	0
7981	0
7982	0
7983	0
7984	0
7985	0
7986	0
7987	2
7988	2
7989	0
7990	1
7991	0
7992	0
7993	1
7994	1
7995	0
7996	0
7997	0
7998	0
7999	0
8000	0
8001	1
8002	0
8003	1
8004	0
8005	0
8006	0
8007	1
8008	0
8009	0
8010	0
8011	0
8012	0
8013	0
8014	0
8015	0
8016	1
8017	0
8018	0
8019	0
8020	1
8021	0
8022	0
8023	0
8024	0
8025	1
8026	0
8027	0
8028	0
8029	0
8030	0
8031	0
8032	2
8033	0
8034	0
8035	1
8036	1
8037	0
8038	0
8039	0
8040	0
8041	0
8042	2
8043	0
8044	1
8045	0
8046	0
8047	0
8048	1
8049	1
8050	1
8051	1
8052	1
8053	1
8054	0
8055	0
8056	0
8057	0
8058	0
8059	1
8060	0
8061	1
8062	1
8063	0
8064	1
8065	0
8066	0
8067	1
8068	1
8069	1
8070	1
8071	1
8072	0
8073	0
8074	0
8075	0
8076	0
8077	2
8078	0
8079	0
8080	0
8081	0
8082	0
8083	1
8084	0
8085	0
8086	0
8087	0
8088	0
8089	1
8090	1
8091	0
8092	0
8093	0
8094	0
8095	0
8096	0
8097	0
8098	0
8099	0
8100	0
8101	0
8102	0
8103	0
8104	0
8105	0
8106	0
8107	0
8108	0
8109	0
8110	0
8111	0
8112	0
8113	0
8114	0
8115	0
8116	0
8117	0
8118	0
8119	0
8120	0
8121	0
8122	0
8123	0
8124	0
8125	0
8126	0
8127	0
8128	0
8129	0
8130	0
8131	0
8132	0
8133	0
8134	0
8135	0
8136	0
8137	0
8138	0
8139	0
8140	0
8141	0
8142	0
8143	0
8144	0
8145	0
8146	0
8147	0
8148	0
8149	0
8150	0
8151	0
8152	0
8153	0
8154	0
8155	0
8156	0
8157	0
8158	0
8159	0
8160	0
8161	0
8162	0
8163	0
8164	0
8165	0
8166	0
8167	0
8168	0
8169	0
8170	0
8171	0
8172	0
8173	0
8174	0
8175	0
8176	0
8177	0
8178	0
8179	0
8180	0
8181	0
8182	0
8183	0
8184	0
8185	0
8186	0
8187	0
8188	0
8189	0
8190	0
8191	0
