0	0
1	0
2	0
3	0
4	0
5	0
6	0
7	0
8	0
9	0
10	0
11	0
12	0
13	0
14	0
15	0
16	0
17	0
18	0
19	0
20	0
21	0
22	0
23	0
24	0
25	0
26	0
27	0
28	0
29	0
30	0
31	0
32	0
33	0
34	0
35	0
36	0
37	0
38	0
39	0
40	0
41	0
42	0
43	0
44	0
45	0
46	0
47	0
48	0
49	0
50	0
51	0
52	0
53	0
54	0
55	0
56	0
57	0
58	0
59	0
60	0
61	0
62	0
63	0
64	0
65	0
66	0
67	0
68	0
69	0
70	0
71	0
72	0
73	0
74	0
75	0
76	0
77	0
78	0
79	0
80	0
81	0
82	0
83	0
84	0
85	0
86	0
87	0
88	0
89	0
90	0
91	0
92	0
93	0
94	0
95	0
96	0
97	0
98	0
99	0
100	0
101	0
102	0
103	0
104	0
105	0
106	0
107	0
108	0
109	0
110	0
111	0
112	0
113	0
114	0
115	0
116	0
117	0
118	0
119	0
120	0
121	0
122	0
123	0
124	0
125	0
126	0
127	0
128	0
129	0
130	0
131	0
132	0
133	0
134	0
135	0
136	0
137	0
138	0
139	0
140	0
141	0
142	0
143	0
144	0
145	0
146	0
147	0
148	0
149	0
150	0
151	0
152	0
153	0
154	0
155	0
156	0
157	0
158	0
159	0
160	0
161	0
162	0
163	0
164	0
165	0
166	0
167	0
168	0
169	0
170	0
171	0
172	0
173	0
174	0
175	0
176	0
177	0
178	1
179	1
180	4
181	3
182	20
183	29
184	28
185	29
186	24
187	29
188	27
189	20
190	32
191	22
192	19
193	22
194	13
195	20
196	12
197	22
198	18
199	19
200	18
201	22
202	20
203	23
204	16
205	18
206	18
207	14
208	22
209	32
210	23
211	18
212	13
213	23
214	21
215	31
216	28
217	19
218	26
219	20
220	18
221	24
222	21
223	23
224	24
225	22
226	19
227	19
228	18
229	24
230	19
231	21
232	18
233	17
234	15
235	24
236	20
237	12
238	7
239	18
240	21
241	17
242	10
243	14
244	18
245	33
246	14
247	17
248	25
249	19
250	17
251	19
252	11
253	20
254	15
255	20
256	14
257	25
258	21
259	17
260	18
261	11
262	27
263	16
264	14
265	17
266	21
267	18
268	19
269	11
270	16
271	15
272	10
273	20
274	16
275	12
276	14
277	23
278	19
279	17
280	17
281	22
282	18
283	16
284	24
285	16
286	24
287	16
288	16
289	20
290	27
291	16
292	27
293	20
294	17
295	15
296	19
297	22
298	20
299	14
300	18
301	16
302	13
303	16
304	13
305	16
306	26
307	16
308	21
309	24
310	26
311	24
312	20
313	11
314	12
315	19
316	10
317	16
318	11
319	17
320	18
321	19
322	19
323	16
324	13
325	24
326	19
327	20
328	15
329	18
330	23
331	14
332	11
333	22
334	19
335	18
336	27
337	15
338	22
339	14
340	17
341	15
342	16
343	17
344	20
345	26
346	20
347	12
348	26
349	16
350	13
351	22
352	20
353	16
354	16
355	18
356	20
357	9
358	17
359	20
360	20
361	19
362	24
363	22
364	15
365	21
366	18
367	24
368	23
369	30
370	25
371	27
372	18
373	19
374	16
375	16
376	19
377	14
378	19
379	13
380	23
381	22
382	17
383	18
384	17
385	27
386	14
387	19
388	20
389	17
390	13
391	21
392	31
393	16
394	19
395	16
396	24
397	25
398	18
399	25
400	11
401	28
402	19
403	21
404	19
405	15
406	21
407	13
408	15
409	20
410	10
411	19
412	27
413	27
414	19
415	21
416	19
417	24
418	19
419	23
420	17
421	24
422	13
423	22
424	22
425	13
426	11
427	21
428	19
429	21
430	24
431	23
432	27
433	28
434	26
435	24
436	11
437	18
438	21
439	14
440	15
441	17
442	20
443	17
444	23
445	17
446	21
447	25
448	21
449	32
450	17
451	16
452	25
453	20
454	22
455	20
456	13
457	31
458	14
459	24
460	23
461	21
462	19
463	21
464	18
465	18
466	25
467	21
468	26
469	17
470	20
471	17
472	22
473	23
474	16
475	18
476	29
477	17
478	25
479	14
480	19
481	14
482	21
483	25
484	27
485	16
486	29
487	29
488	24
489	14
490	19
491	23
492	15
493	28
494	18
495	16
496	20
497	23
498	22
499	21
500	16
501	20
502	21
503	15
504	24
505	16
506	21
507	27
508	20
509	24
510	22
511	29
512	34
513	16
514	13
515	22
516	23
517	19
518	33
519	21
520	11
521	29
522	35
523	26
524	24
525	24
526	23
527	27
528	22
529	24
530	17
531	13
532	30
533	22
534	25
535	22
536	23
537	21
538	19
539	18
540	18
541	22
542	19
543	21
544	31
545	25
546	18
547	17
548	21
549	17
550	14
551	18
552	27
553	28
554	16
555	22
556	31
557	22
558	17
559	23
560	25
561	14
562	26
563	21
564	13
565	24
566	12
567	25
568	34
569	22
570	25
571	21
572	22
573	15
574	16
575	18
576	12
577	19
578	21
579	23
580	23
581	18
582	26
583	21
584	15
585	19
586	20
587	22
588	25
589	14
590	24
591	22
592	16
593	17
594	26
595	33
596	21
597	17
598	16
599	15
600	20
601	17
602	15
603	27
604	19
605	14
606	20
607	23
608	23
609	17
610	27
611	17
612	18
613	15
614	14
615	19
616	10
617	12
618	24
619	21
620	24
621	18
622	20
623	28
624	16
625	22
626	29
627	24
628	23
629	17
630	28
631	22
632	23
633	22
634	24
635	21
636	26
637	21
638	30
639	17
640	25
641	22
642	15
643	23
644	20
645	21
646	24
647	25
648	21
649	20
650	20
651	22
652	29
653	16
654	18
655	32
656	31
657	24
658	30
659	22
660	22
661	12
662	26
663	20
664	22
665	20
666	17
667	20
668	25
669	11
670	21
671	20
672	20
673	19
674	29
675	22
676	15
677	24
678	22
679	18
680	17
681	27
682	20
683	19
684	15
685	19
686	23
687	22
688	22
689	25
690	19
691	25
692	24
693	13
694	28
695	21
696	32
697	24
698	34
699	25
700	18
701	20
702	10
703	20
704	24
705	23
706	23
707	18
708	18
709	28
710	21
711	21
712	22
713	22
714	25
715	24
716	24
717	26
718	27
719	26
720	25
721	15
722	29
723	17
724	29
725	25
726	23
727	24
728	24
729	21
730	17
731	17
732	35
733	22
734	22
735	35
736	25
737	26
738	29
739	25
740	32
741	24
742	13
743	24
744	27
745	19
746	22
747	29
748	27
749	22
750	26
751	25
752	22
753	26
754	18
755	38
756	29
757	22
758	23
759	21
760	21
761	35
762	17
763	23
764	17
765	30
766	20
767	32
768	25
769	28
770	28
771	27
772	30
773	31
774	30
775	37
776	28
777	35
778	33
779	39
780	38
781	35
782	32
783	20
784	20
785	22
786	33
787	26
788	28
789	39
790	31
791	32
792	31
793	33
794	30
795	31
796	37
797	36
798	30
799	33
800	35
801	32
802	30
803	46
804	35
805	29
806	36
807	25
808	33
809	43
810	37
811	32
812	40
813	34
814	45
815	46
816	36
817	30
818	43
819	41
820	52
821	41
822	32
823	35
824	36
825	35
826	29
827	47
828	37
829	44
830	31
831	50
832	47
833	43
834	42
835	52
836	49
837	49
838	46
839	44
840	40
841	34
842	58
843	50
844	62
845	47
846	50
847	43
848	50
849	45
850	49
851	63
852	54
853	41
854	51
855	54
856	55
857	41
858	60
859	52
860	53
861	51
862	47
863	49
864	37
865	55
866	61
867	64
868	41
869	47
870	52
871	35
872	51
873	43
874	52
875	48
876	48
877	55
878	51
879	58
880	50
881	48
882	47
883	54
884	51
885	48
886	46
887	38
888	50
889	53
890	42
891	40
892	53
893	43
894	52
895	46
896	45
897	40
898	46
899	37
900	39
901	46
902	51
903	44
904	35
905	31
906	25
907	32
908	26
909	38
910	45
911	40
912	34
913	44
914	36
915	25
916	42
917	36
918	36
919	35
920	35
921	39
922	36
923	26
924	32
925	40
926	27
927	24
928	27
929	31
930	36
931	33
932	24
933	43
934	22
935	41
936	38
937	30
938	26
939	23
940	32
941	32
942	39
943	39
944	29
945	33
946	26
947	35
948	42
949	24
950	28
951	37
952	34
953	41
954	33
955	48
956	43
957	25
958	42
959	41
960	38
961	30
962	34
963	36
964	29
965	29
966	24
967	31
968	34
969	34
970	35
971	25
972	30
973	39
974	34
975	47
976	34
977	44
978	34
979	26
980	35
981	46
982	37
983	32
984	50
985	39
986	30
987	44
988	41
989	41
990	30
991	40
992	27
993	41
994	44
995	32
996	39
997	27
998	28
999	45
1000	36
1001	38
1002	32
1003	48
1004	36
1005	40
1006	36
1007	37
1008	21
1009	40
1010	28
1011	35
1012	26
1013	31
1014	33
1015	30
1016	42
1017	24
1018	35
1019	28
1020	25
1021	36
1022	24
1023	35
1024	41
1025	31
1026	27
1027	34
1028	32
1029	36
1030	25
1031	27
1032	26
1033	25
1034	34
1035	37
1036	31
1037	29
1038	26
1039	25
1040	23
1041	32
1042	25
1043	23
1044	21
1045	21
1046	25
1047	32
1048	25
1049	16
1050	29
1051	35
1052	25
1053	23
1054	33
1055	18
1056	20
1057	26
1058	31
1059	25
1060	25
1061	19
1062	39
1063	29
1064	33
1065	35
1066	28
1067	20
1068	31
1069	39
1070	26
1071	22
1072	27
1073	30
1074	27
1075	27
1076	28
1077	20
1078	26
1079	22
1080	32
1081	23
1082	26
1083	22
1084	30
1085	18
1086	34
1087	42
1088	28
1089	17
1090	25
1091	22
1092	28
1093	28
1094	28
1095	21
1096	30
1097	18
1098	24
1099	22
1100	29
1101	15
1102	25
1103	27
1104	26
1105	30
1106	33
1107	29
1108	34
1109	20
1110	29
1111	25
1112	22
1113	24
1114	28
1115	26
1116	26
1117	35
1118	24
1119	22
1120	25
1121	30
1122	17
1123	30
1124	34
1125	23
1126	28
1127	30
1128	26
1129	30
1130	30
1131	21
1132	24
1133	29
1134	19
1135	36
1136	27
1137	29
1138	24
1139	24
1140	24
1141	27
1142	25
1143	34
1144	30
1145	26
1146	29
1147	29
1148	27
1149	23
1150	19
1151	28
1152	28
1153	28
1154	24
1155	20
1156	24
1157	27
1158	27
1159	23
1160	28
1161	22
1162	27
1163	18
1164	23
1165	28
1166	25
1167	24
1168	22
1169	32
1170	37
1171	34
1172	26
1173	26
1174	27
1175	26
1176	30
1177	28
1178	30
1179	33
1180	29
1181	29
1182	35
1183	26
1184	35
1185	34
1186	27
1187	42
1188	23
1189	25
1190	36
1191	26
1192	25
1193	29
1194	32
1195	37
1196	28
1197	16
1198	26
1199	27
1200	22
1201	32
1202	37
1203	38
1204	22
1205	43
1206	40
1207	26
1208	36
1209	21
1210	30
1211	30
1212	25
1213	41
1214	30
1215	31
1216	33
1217	31
1218	35
1219	25
1220	28
1221	38
1222	35
1223	34
1224	31
1225	18
1226	33
1227	34
1228	21
1229	34
1230	40
1231	37
1232	25
1233	21
1234	28
1235	37
1236	32
1237	23
1238	33
1239	48
1240	26
1241	23
1242	34
1243	31
1244	35
1245	27
1246	26
1247	42
1248	37
1249	44
1250	46
1251	34
1252	31
1253	28
1254	30
1255	33
1256	21
1257	28
1258	27
1259	31
1260	26
1261	27
1262	34
1263	41
1264	33
1265	24
1266	32
1267	31
1268	31
1269	34
1270	33
1271	25
1272	26
1273	44
1274	37
1275	39
1276	39
1277	36
1278	42
1279	36
1280	45
1281	21
1282	35
1283	28
1284	35
1285	42
1286	28
1287	33
1288	31
1289	31
1290	37
1291	49
1292	37
1293	22
1294	30
1295	34
1296	35
1297	38
1298	39
1299	21
1300	30
1301	35
1302	31
1303	40
1304	36
1305	33
1306	44
1307	36
1308	40
1309	20
1310	31
1311	29
1312	35
1313	34
1314	42
1315	27
1316	31
1317	34
1318	40
1319	33
1320	30
1321	29
1322	35
1323	29
1324	45
1325	34
1326	32
1327	28
1328	32
1329	31
1330	39
1331	24
1332	36
1333	29
1334	33
1335	40
1336	29
1337	47
1338	32
1339	50
1340	46
1341	30
1342	36
1343	29
1344	27
1345	36
1346	51
1347	30
1348	37
1349	23
1350	29
1351	37
1352	29
1353	45
1354	43
1355	28
1356	37
1357	35
1358	29
1359	28
1360	32
1361	35
1362	32
1363	28
1364	35
1365	34
1366	39
1367	29
1368	42
1369	37
1370	33
1371	29
1372	31
1373	29
1374	26
1375	43
1376	42
1377	33
1378	27
1379	36
1380	39
1381	33
1382	45
1383	34
1384	42
1385	33
1386	37
1387	34
1388	39
1389	50
1390	37
1391	39
1392	47
1393	34
1394	35
1395	33
1396	32
1397	27
1398	33
1399	58
1400	47
1401	34
1402	39
1403	33
1404	41
1405	49
1406	30
1407	27
1408	44
1409	39
1410	45
1411	33
1412	35
1413	36
1414	40
1415	32
1416	31
1417	38
1418	41
1419	29
1420	39
1421	38
1422	41
1423	42
1424	39
1425	39
1426	34
1427	28
1428	29
1429	36
1430	32
1431	34
1432	29
1433	48
1434	37
1435	48
1436	39
1437	41
1438	31
1439	36
1440	43
1441	37
1442	39
1443	35
1444	38
1445	38
1446	28
1447	36
1448	30
1449	41
1450	40
1451	40
1452	39
1453	39
1454	40
1455	38
1456	45
1457	36
1458	29
1459	27
1460	32
1461	42
1462	38
1463	43
1464	35
1465	37
1466	34
1467	29
1468	41
1469	39
1470	45
1471	49
1472	27
1473	54
1474	28
1475	30
1476	38
1477	35
1478	35
1479	33
1480	34
1481	28
1482	35
1483	30
1484	42
1485	34
1486	32
1487	40
1488	34
1489	37
1490	34
1491	42
1492	35
1493	39
1494	29
1495	45
1496	42
1497	42
1498	44
1499	37
1500	40
1501	45
1502	33
1503	39
1504	42
1505	41
1506	36
1507	49
1508	43
1509	36
1510	41
1511	39
1512	44
1513	42
1514	44
1515	36
1516	40
1517	42
1518	41
1519	38
1520	40
1521	39
1522	45
1523	48
1524	35
1525	33
1526	46
1527	35
1528	27
1529	42
1530	48
1531	34
1532	45
1533	44
1534	43
1535	41
1536	35
1537	41
1538	36
1539	39
1540	39
1541	39
1542	40
1543	46
1544	39
1545	26
1546	41
1547	51
1548	39
1549	37
1550	41
1551	43
1552	42
1553	42
1554	33
1555	42
1556	36
1557	40
1558	43
1559	41
1560	43
1561	31
1562	49
1563	52
1564	38
1565	36
1566	48
1567	35
1568	50
1569	33
1570	42
1571	39
1572	37
1573	40
1574	44
1575	40
1576	45
1577	55
1578	34
1579	37
1580	27
1581	43
1582	40
1583	44
1584	47
1585	35
1586	40
1587	44
1588	38
1589	51
1590	43
1591	42
1592	42
1593	33
1594	50
1595	51
1596	35
1597	47
1598	45
1599	45
1600	41
1601	39
1602	38
1603	35
1604	38
1605	46
1606	41
1607	43
1608	49
1609	36
1610	42
1611	29
1612	36
1613	37
1614	41
1615	40
1616	46
1617	52
1618	53
1619	44
1620	36
1621	47
1622	58
1623	38
1624	50
1625	34
1626	52
1627	40
1628	29
1629	39
1630	44
1631	44
1632	33
1633	44
1634	53
1635	43
1636	46
1637	33
1638	36
1639	35
1640	38
1641	44
1642	47
1643	46
1644	41
1645	40
1646	33
1647	39
1648	32
1649	42
1650	43
1651	42
1652	40
1653	47
1654	42
1655	55
1656	41
1657	42
1658	64
1659	35
1660	49
1661	34
1662	37
1663	44
1664	46
1665	47
1666	50
1667	37
1668	48
1669	46
1670	39
1671	39
1672	40
1673	41
1674	39
1675	44
1676	55
1677	40
1678	44
1679	40
1680	42
1681	46
1682	39
1683	46
1684	46
1685	37
1686	44
1687	44
1688	33
1689	46
1690	39
1691	35
1692	28
1693	50
1694	31
1695	50
1696	41
1697	47
1698	44
1699	35
1700	34
1701	47
1702	53
1703	43
1704	47
1705	39
1706	48
1707	34
1708	40
1709	37
1710	50
1711	49
1712	53
1713	61
1714	46
1715	36
1716	38
1717	46
1718	40
1719	46
1720	45
1721	36
1722	37
1723	43
1724	43
1725	54
1726	47
1727	42
1728	41
1729	38
1730	52
1731	41
1732	32
1733	47
1734	47
1735	51
1736	46
1737	62
1738	42
1739	49
1740	48
1741	51
1742	42
1743	44
1744	56
1745	43
1746	50
1747	34
1748	41
1749	49
1750	44
1751	50
1752	48
1753	36
1754	45
1755	43
1756	42
1757	50
1758	42
1759	52
1760	45
1761	49
1762	43
1763	37
1764	55
1765	50
1766	50
1767	39
1768	53
1769	40
1770	49
1771	43
1772	50
1773	49
1774	37
1775	48
1776	63
1777	46
1778	40
1779	44
1780	46
1781	48
1782	41
1783	47
1784	52
1785	57
1786	47
1787	45
1788	39
1789	36
1790	52
1791	47
1792	43
1793	59
1794	23
1795	52
1796	45
1797	48
1798	43
1799	44
1800	50
1801	46
1802	41
1803	52
1804	46
1805	46
1806	51
1807	45
1808	49
1809	39
1810	47
1811	42
1812	55
1813	42
1814	49
1815	39
1816	51
1817	45
1818	52
1819	47
1820	47
1821	38
1822	48
1823	58
1824	50
1825	50
1826	52
1827	42
1828	39
1829	58
1830	40
1831	55
1832	43
1833	41
1834	52
1835	57
1836	48
1837	50
1838	46
1839	44
1840	55
1841	41
1842	65
1843	54
1844	45
1845	59
1846	40
1847	58
1848	43
1849	51
1850	59
1851	51
1852	47
1853	52
1854	48
1855	58
1856	42
1857	51
1858	49
1859	45
1860	57
1861	48
1862	40
1863	54
1864	40
1865	49
1866	55
1867	48
1868	54
1869	54
1870	52
1871	44
1872	72
1873	49
1874	48
1875	56
1876	50
1877	46
1878	60
1879	50
1880	52
1881	63
1882	42
1883	60
1884	54
1885	56
1886	47
1887	37
1888	53
1889	35
1890	48
1891	61
1892	43
1893	47
1894	49
1895	41
1896	53
1897	41
1898	45
1899	36
1900	42
1901	50
1902	48
1903	57
1904	44
1905	45
1906	59
1907	61
1908	44
1909	56
1910	58
1911	47
1912	43
1913	55
1914	48
1915	50
1916	36
1917	56
1918	50
1919	52
1920	45
1921	51
1922	53
1923	40
1924	50
1925	52
1926	56
1927	51
1928	55
1929	48
1930	60
1931	60
1932	48
1933	62
1934	52
1935	51
1936	52
1937	50
1938	50
1939	44
1940	57
1941	36
1942	45
1943	34
1944	44
1945	40
1946	48
1947	55
1948	55
1949	56
1950	51
1951	45
1952	40
1953	51
1954	40
1955	49
1956	49
1957	40
1958	58
1959	43
1960	53
1961	56
1962	50
1963	49
1964	54
1965	55
1966	54
1967	58
1968	51
1969	44
1970	51
1971	47
1972	50
1973	38
1974	65
1975	56
1976	55
1977	55
1978	56
1979	53
1980	49
1981	60
1982	43
1983	53
1984	49
1985	42
1986	51
1987	43
1988	60
1989	51
1990	42
1991	50
1992	49
1993	52
1994	62
1995	43
1996	59
1997	49
1998	47
1999	52
2000	43
2001	54
2002	54
2003	46
2004	58
2005	44
2006	40
2007	46
2008	56
2009	43
2010	47
2011	40
2012	65
2013	68
2014	45
2015	43
2016	62
2017	48
2018	61
2019	53
2020	55
2021	59
2022	57
2023	50
2024	48
2025	49
2026	53
2027	43
2028	48
2029	58
2030	56
2031	58
2032	52
2033	60
2034	53
2035	56
2036	35
2037	54
2038	49
2039	63
2040	53
2041	61
2042	54
2043	54
2044	57
2045	62
2046	58
2047	41
2048	60
2049	54
2050	42
2051	47
2052	57
2053	59
2054	63
2055	49
2056	42
2057	61
2058	44
2059	60
2060	63
2061	69
2062	63
2063	62
2064	57
2065	53
2066	63
2067	57
2068	59
2069	62
2070	53
2071	64
2072	72
2073	44
2074	63
2075	55
2076	52
2077	43
2078	51
2079	62
2080	41
2081	41
2082	43
2083	51
2084	62
2085	54
2086	46
2087	55
2088	57
2089	38
2090	54
2091	46
2092	55
2093	52
2094	53
2095	42
2096	53
2097	59
2098	53
2099	52
2100	51
2101	55
2102	50
2103	58
2104	69
2105	62
2106	47
2107	61
2108	59
2109	54
2110	55
2111	49
2112	60
2113	39
2114	58
2115	58
2116	62
2117	48
2118	47
2119	56
2120	54
2121	72
2122	50
2123	47
2124	59
2125	53
2126	59
2127	54
2128	39
2129	43
2130	48
2131	49
2132	55
2133	58
2134	46
2135	51
2136	66
2137	59
2138	52
2139	62
2140	56
2141	58
2142	45
2143	53
2144	37
2145	60
2146	45
2147	47
2148	71
2149	46
2150	42
2151	52
2152	52
2153	62
2154	45
2155	48
2156	62
2157	58
2158	42
2159	55
2160	60
2161	65
2162	54
2163	39
2164	60
2165	62
2166	46
2167	58
2168	45
2169	60
2170	53
2171	49
2172	47
2173	40
2174	51
2175	36
2176	46
2177	49
2178	51
2179	48
2180	40
2181	49
2182	62
2183	54
2184	38
2185	36
2186	55
2187	47
2188	55
2189	40
2190	44
2191	42
2192	37
2193	51
2194	42
2195	50
2196	52
2197	55
2198	42
2199	50
2200	49
2201	52
2202	51
2203	48
2204	39
2205	64
2206	50
2207	45
2208	51
2209	52
2210	45
2211	49
2212	56
2213	38
2214	43
2215	49
2216	49
2217	51
2218	42
2219	52
2220	52
2221	64
2222	42
2223	57
2224	55
2225	46
2226	44
2227	49
2228	46
2229	43
2230	53
2231	35
2232	54
2233	44
2234	41
2235	41
2236	49
2237	52
2238	49
2239	48
2240	49
2241	43
2242	49
2243	47
2244	51
2245	41
2246	34
2247	44
2248	41
2249	57
2250	50
2251	38
2252	52
2253	38
2254	58
2255	47
2256	40
2257	45
2258	40
2259	49
2260	39
2261	51
2262	64
2263	50
2264	47
2265	44
2266	48
2267	44
2268	45
2269	42
2270	38
2271	46
2272	50
2273	48
2274	49
2275	35
2276	35
2277	43
2278	54
2279	48
2280	41
2281	54
2282	43
2283	35
2284	56
2285	45
2286	37
2287	49
2288	39
2289	39
2290	45
2291	49
2292	44
2293	49
2294	46
2295	39
2296	45
2297	42
2298	48
2299	42
2300	39
2301	48
2302	48
2303	55
2304	39
2305	51
2306	44
2307	41
2308	33
2309	38
2310	47
2311	39
2312	42
2313	45
2314	52
2315	49
2316	34
2317	48
2318	42
2319	52
2320	38
2321	47
2322	44
2323	48
2324	34
2325	45
2326	54
2327	43
2328	47
2329	34
2330	40
2331	37
2332	51
2333	44
2334	46
2335	45
2336	41
2337	43
2338	44
2339	48
2340	49
2341	40
2342	38
2343	58
2344	40
2345	40
2346	36
2347	47
2348	40
2349	40
2350	41
2351	37
2352	44
2353	31
2354	33
2355	49
2356	45
2357	44
2358	29
2359	45
2360	41
2361	52
2362	44
2363	36
2364	51
2365	56
2366	34
2367	48
2368	46
2369	43
2370	33
2371	41
2372	54
2373	47
2374	50
2375	35
2376	49
2377	33
2378	42
2379	51
2380	39
2381	51
2382	46
2383	45
2384	37
2385	39
2386	54
2387	46
2388	52
2389	36
2390	42
2391	41
2392	40
2393	56
2394	51
2395	53
2396	33
2397	44
2398	42
2399	51
2400	43
2401	39
2402	41
2403	38
2404	47
2405	36
2406	45
2407	36
2408	52
2409	42
2410	32
2411	43
2412	43
2413	39
2414	37
2415	51
2416	41
2417	27
2418	39
2419	41
2420	46
2421	44
2422	51
2423	44
2424	38
2425	39
2426	42
2427	43
2428	36
2429	32
2430	50
2431	38
2432	34
2433	38
2434	40
2435	40
2436	45
2437	40
2438	40
2439	38
2440	28
2441	49
2442	40
2443	36
2444	40
2445	38
2446	41
2447	56
2448	58
2449	46
2450	36
2451	41
2452	47
2453	37
2454	39
2455	36
2456	32
2457	41
2458	39
2459	40
2460	45
2461	48
2462	41
2463	36
2464	42
2465	55
2466	55
2467	39
2468	35
2469	35
2470	31
2471	35
2472	33
2473	49
2474	39
2475	35
2476	54
2477	54
2478	41
2479	32
2480	41
2481	43
2482	50
2483	38
2484	50
2485	43
2486	39
2487	41
2488	32
2489	34
2490	36
2491	40
2492	52
2493	43
2494	53
2495	51
2496	19
2497	48
2498	32
2499	37
2500	42
2501	36
2502	37
2503	42
2504	32
2505	44
2506	39
2507	36
2508	26
2509	41
2510	42
2511	39
2512	35
2513	44
2514	42
2515	38
2516	51
2517	47
2518	37
2519	29
2520	49
2521	40
2522	51
2523	38
2524	36
2525	40
2526	38
2527	37
2528	34
2529	40
2530	39
2531	30
2532	48
2533	39
2534	41
2535	33
2536	53
2537	35
2538	47
2539	40
2540	35
2541	38
2542	33
2543	27
2544	39
2545	43
2546	45
2547	37
2548	47
2549	39
2550	45
2551	45
2552	41
2553	41
2554	36
2555	38
2556	39
2557	38
2558	32
2559	39
2560	48
2561	42
2562	35
2563	29
2564	53
2565	36
2566	37
2567	42
2568	49
2569	38
2570	34
2571	51
2572	44
2573	41
2574	41
2575	43
2576	46
2577	38
2578	31
2579	43
2580	42
2581	38
2582	42
2583	35
2584	36
2585	45
2586	32
2587	52
2588	39
2589	42
2590	31
2591	30
2592	41
2593	42
2594	39
2595	50
2596	33
2597	35
2598	32
2599	34
2600	38
2601	30
2602	46
2603	41
2604	36
2605	42
2606	29
2607	30
2608	41
2609	30
2610	37
2611	34
2612	41
2613	35
2614	33
2615	44
2616	32
2617	38
2618	41
2619	37
2620	35
2621	40
2622	39
2623	41
2624	41
2625	23
2626	26
2627	43
2628	44
2629	26
2630	37
2631	36
2632	49
2633	38
2634	30
2635	42
2636	32
2637	44
2638	38
2639	27
2640	32
2641	32
2642	40
2643	25
2644	34
2645	39
2646	42
2647	30
2648	35
2649	43
2650	35
2651	25
2652	30
2653	35
2654	36
2655	45
2656	39
2657	37
2658	46
2659	32
2660	43
2661	41
2662	39
2663	33
2664	40
2665	35
2666	29
2667	41
2668	31
2669	28
2670	30
2671	39
2672	43
2673	32
2674	40
2675	37
2676	20
2677	56
2678	56
2679	32
2680	30
2681	36
2682	32
2683	57
2684	33
2685	45
2686	38
2687	35
2688	37
2689	38
2690	31
2691	34
2692	32
2693	40
2694	31
2695	59
2696	48
2697	38
2698	36
2699	29
2700	42
2701	41
2702	34
2703	46
2704	25
2705	25
2706	30
2707	41
2708	42
2709	38
2710	42
2711	34
2712	39
2713	37
2714	38
2715	44
2716	37
2717	25
2718	35
2719	44
2720	40
2721	34
2722	32
2723	43
2724	32
2725	45
2726	40
2727	44
2728	34
2729	26
2730	31
2731	38
2732	37
2733	39
2734	34
2735	31
2736	41
2737	40
2738	32
2739	31
2740	35
2741	36
2742	37
2743	38
2744	45
2745	33
2746	36
2747	38
2748	37
2749	36
2750	30
2751	32
2752	28
2753	32
2754	43
2755	38
2756	35
2757	38
2758	36
2759	34
2760	28
2761	38
2762	39
2763	31
2764	42
2765	37
2766	33
2767	40
2768	40
2769	37
2770	33
2771	43
2772	29
2773	40
2774	25
2775	34
2776	31
2777	45
2778	34
2779	27
2780	27
2781	31
2782	43
2783	25
2784	24
2785	32
2786	49
2787	26
2788	37
2789	34
2790	32
2791	34
2792	36
2793	34
2794	35
2795	40
2796	31
2797	36
2798	27
2799	42
2800	42
2801	28
2802	28
2803	36
2804	34
2805	30
2806	39
2807	37
2808	55
2809	36
2810	39
2811	33
2812	33
2813	35
2814	33
2815	40
2816	34
2817	41
2818	31
2819	34
2820	37
2821	24
2822	48
2823	38
2824	36
2825	28
2826	31
2827	39
2828	36
2829	21
2830	29
2831	27
2832	33
2833	29
2834	33
2835	37
2836	24
2837	38
2838	38
2839	32
2840	33
2841	33
2842	31
2843	35
2844	31
2845	34
2846	32
2847	32
2848	29
2849	26
2850	46
2851	35
2852	38
2853	29
2854	24
2855	37
2856	34
2857	39
2858	51
2859	35
2860	41
2861	24
2862	25
2863	29
2864	44
2865	33
2866	34
2867	37
2868	33
2869	37
2870	32
2871	30
2872	34
2873	32
2874	24
2875	27
2876	44
2877	32
2878	38
2879	29
2880	29
2881	38
2882	27
2883	34
2884	41
2885	30
2886	37
2887	30
2888	32
2889	39
2890	42
2891	33
2892	39
2893	32
2894	29
2895	28
2896	40
2897	28
2898	32
2899	32
2900	36
2901	21
2902	38
2903	41
2904	39
2905	40
2906	27
2907	38
2908	29
2909	34
2910	28
2911	31
2912	32
2913	26
2914	43
2915	43
2916	37
2917	30
2918	29
2919	30
2920	27
2921	24
2922	39
2923	29
2924	25
2925	33
2926	26
2927	24
2928	24
2929	25
2930	32
2931	34
2932	34
2933	33
2934	44
2935	38
2936	40
2937	41
2938	32
2939	36
2940	28
2941	32
2942	36
2943	32
2944	34
2945	33
2946	35
2947	30
2948	26
2949	38
2950	40
2951	32
2952	36
2953	39
2954	26
2955	27
2956	30
2957	40
2958	30
2959	26
2960	20
2961	38
2962	43
2963	37
2964	42
2965	34
2966	40
2967	31
2968	41
2969	29
2970	39
2971	29
2972	36
2973	28
2974	31
2975	32
2976	22
2977	27
2978	32
2979	29
2980	32
2981	25
2982	33
2983	29
2984	32
2985	30
2986	40
2987	25
2988	36
2989	34
2990	38
2991	28
2992	35
2993	30
2994	29
2995	33
2996	32
2997	40
2998	40
2999	26
3000	30
3001	28
3002	37
3003	39
3004	35
3005	30
3006	29
3007	28
3008	33
3009	31
3010	27
3011	25
3012	35
3013	32
3014	30
3015	30
3016	29
3017	37
3018	32
3019	35
3020	39
3021	27
3022	35
3023	34
3024	42
3025	20
3026	34
3027	35
3028	37
3029	32
3030	29
3031	28
3032	48
3033	28
3034	26
3035	41
3036	34
3037	40
3038	30
3039	19
3040	33
3041	25
3042	29
3043	39
3044	33
3045	32
3046	35
3047	27
3048	36
3049	27
3050	23
3051	32
3052	25
3053	32
3054	33
3055	28
3056	40
3057	32
3058	30
3059	30
3060	27
3061	34
3062	29
3063	32
3064	41
3065	35
3066	33
3067	33
3068	27
3069	27
3070	47
3071	34
3072	33
3073	33
3074	24
3075	18
3076	29
3077	37
3078	25
3079	35
3080	33
3081	32
3082	31
3083	38
3084	32
3085	32
3086	30
3087	41
3088	28
3089	38
3090	31
3091	32
3092	32
3093	29
3094	22
3095	47
3096	37
3097	37
3098	42
3099	31
3100	30
3101	27
3102	37
3103	33
3104	31
3105	40
3106	31
3107	29
3108	24
3109	27
3110	34
3111	31
3112	24
3113	24
3114	36
3115	25
3116	30
3117	24
3118	24
3119	46
3120	36
3121	36
3122	26
3123	35
3124	36
3125	39
3126	36
3127	35
3128	39
3129	22
3130	39
3131	39
3132	38
3133	17
3134	29
3135	28
3136	30
3137	29
3138	35
3139	28
3140	26
3141	29
3142	27
3143	34
3144	30
3145	37
3146	29
3147	23
3148	27
3149	35
3150	34
3151	37
3152	29
3153	32
3154	31
3155	34
3156	38
3157	29
3158	16
3159	25
3160	22
3161	19
3162	38
3163	26
3164	36
3165	26
3166	33
3167	33
3168	28
3169	28
3170	21
3171	34
3172	33
3173	27
3174	34
3175	27
3176	35
3177	20
3178	31
3179	33
3180	38
3181	21
3182	42
3183	32
3184	37
3185	31
3186	33
3187	32
3188	39
3189	27
3190	26
3191	31
3192	31
3193	30
3194	28
3195	25
3196	33
3197	39
3198	32
3199	34
3200	31
3201	33
3202	29
3203	33
3204	25
3205	34
3206	27
3207	29
3208	32
3209	31
3210	31
3211	30
3212	28
3213	28
3214	17
3215	27
3216	29
3217	26
3218	31
3219	29
3220	39
3221	33
3222	37
3223	42
3224	29
3225	29
3226	31
3227	33
3228	24
3229	39
3230	35
3231	29
3232	30
3233	33
3234	34
3235	36
3236	43
3237	38
3238	26
3239	37
3240	28
3241	37
3242	23
3243	37
3244	23
3245	37
3246	31
3247	32
3248	27
3249	24
3250	33
3251	20
3252	29
3253	25
3254	29
3255	34
3256	28
3257	37
3258	27
3259	37
3260	30
3261	30
3262	37
3263	24
3264	20
3265	19
3266	27
3267	33
3268	28
3269	21
3270	34
3271	32
3272	23
3273	33
3274	32
3275	24
3276	34
3277	30
3278	33
3279	35
3280	39
3281	35
3282	38
3283	36
3284	27
3285	31
3286	38
3287	32
3288	35
3289	27
3290	30
3291	35
3292	33
3293	28
3294	46
3295	35
3296	29
3297	32
3298	32
3299	39
3300	35
3301	39
3302	32
3303	31
3304	32
3305	36
3306	23
3307	41
3308	31
3309	35
3310	26
3311	30
3312	26
3313	36
3314	27
3315	35
3316	30
3317	25
3318	36
3319	37
3320	26
3321	23
3322	26
3323	31
3324	36
3325	31
3326	25
3327	29
3328	34
3329	42
3330	30
3331	30
3332	34
3333	39
3334	35
3335	32
3336	42
3337	37
3338	29
3339	29
3340	36
3341	29
3342	26
3343	30
3344	34
3345	50
3346	33
3347	28
3348	28
3349	45
3350	33
3351	41
3352	28
3353	25
3354	32
3355	31
3356	41
3357	35
3358	20
3359	28
3360	34
3361	28
3362	32
3363	27
3364	52
3365	34
3366	27
3367	28
3368	34
3369	20
3370	30
3371	28
3372	39
3373	30
3374	28
3375	38
3376	21
3377	24
3378	43
3379	36
3380	43
3381	36
3382	32
3383	39
3384	26
3385	28
3386	32
3387	37
3388	29
3389	45
3390	37
3391	37
3392	40
3393	36
3394	25
3395	45
3396	23
3397	35
3398	29
3399	30
3400	29
3401	26
3402	41
3403	34
3404	30
3405	28
3406	36
3407	35
3408	40
3409	31
3410	29
3411	24
3412	35
3413	34
3414	38
3415	37
3416	37
3417	35
3418	34
3419	37
3420	33
3421	31
3422	33
3423	35
3424	26
3425	29
3426	24
3427	33
3428	32
3429	31
3430	35
3431	35
3432	32
3433	35
3434	42
3435	30
3436	33
3437	39
3438	24
3439	39
3440	31
3441	25
3442	37
3443	35
3444	33
3445	35
3446	32
3447	31
3448	39
3449	42
3450	37
3451	27
3452	33
3453	38
3454	42
3455	35
3456	39
3457	30
3458	37
3459	33
3460	41
3461	36
3462	35
3463	28
3464	31
3465	31
3466	30
3467	42
3468	30
3469	36
3470	29
3471	26
3472	36
3473	30
3474	47
3475	30
3476	36
3477	27
3478	27
3479	34
3480	51
3481	31
3482	34
3483	35
3484	39
3485	35
3486	34
3487	40
3488	48
3489	35
3490	40
3491	32
3492	28
3493	35
3494	24
3495	32
3496	26
3497	22
3498	41
3499	35
3500	40
3501	27
3502	23
3503	51
3504	33
3505	33
3506	31
3507	33
3508	26
3509	27
3510	41
3511	43
3512	29
3513	36
3514	36
3515	31
3516	42
3517	37
3518	32
3519	38
3520	38
3521	44
3522	26
3523	41
3524	32
3525	39
3526	31
3527	36
3528	41
3529	29
3530	30
3531	38
3532	38
3533	34
3534	38
3535	25
3536	39
3537	40
3538	45
3539	30
3540	42
3541	35
3542	37
3543	35
3544	37
3545	31
3546	30
3547	42
3548	37
3549	41
3550	40
3551	30
3552	25
3553	39
3554	27
3555	35
3556	43
3557	34
3558	35
3559	37
3560	40
3561	43
3562	29
3563	34
3564	33
3565	30
3566	40
3567	39
3568	37
3569	35
3570	33
3571	38
3572	32
3573	29
3574	37
3575	39
3576	35
3577	32
3578	26
3579	31
3580	30
3581	40
3582	36
3583	47
3584	37
3585	33
3586	31
3587	44
3588	47
3589	37
3590	37
3591	30
3592	28
3593	37
3594	41
3595	37
3596	36
3597	28
3598	28
3599	30
3600	38
3601	20
3602	33
3603	39
3604	47
3605	36
3606	38
3607	29
3608	43
3609	43
3610	34
3611	31
3612	22
3613	36
3614	31
3615	32
3616	41
3617	45
3618	33
3619	29
3620	23
3621	27
3622	40
3623	44
3624	33
3625	35
3626	38
3627	42
3628	41
3629	45
3630	40
3631	42
3632	22
3633	43
3634	30
3635	41
3636	25
3637	36
3638	32
3639	32
3640	34
3641	38
3642	31
3643	28
3644	36
3645	39
3646	36
3647	39
3648	22
3649	39
3650	30
3651	30
3652	29
3653	41
3654	44
3655	35
3656	38
3657	34
3658	45
3659	36
3660	37
3661	23
3662	27
3663	34
3664	39
3665	35
3666	33
3667	28
3668	31
3669	35
3670	34
3671	51
3672	28
3673	51
3674	41
3675	32
3676	34
3677	29
3678	39
3679	41
3680	38
3681	45
3682	40
3683	28
3684	43
3685	38
3686	41
3687	35
3688	29
3689	34
3690	33
3691	32
3692	31
3693	32
3694	41
3695	30
3696	49
3697	22
3698	29
3699	23
3700	31
3701	35
3702	37
3703	42
3704	38
3705	25
3706	37
3707	29
3708	47
3709	31
3710	32
3711	34
3712	40
3713	41
3714	37
3715	37
3716	26
3717	31
3718	39
3719	28
3720	45
3721	47
3722	33
3723	28
3724	27
3725	32
3726	30
3727	39
3728	44
3729	35
3730	32
3731	47
3732	31
3733	44
3734	33
3735	34
3736	37
3737	23
3738	27
3739	42
3740	32
3741	36
3742	46
3743	34
3744	48
3745	29
3746	31
3747	47
3748	28
3749	44
3750	28
3751	38
3752	37
3753	36
3754	34
3755	35
3756	26
3757	41
3758	32
3759	28
3760	37
3761	35
3762	35
3763	26
3764	34
3765	33
3766	34
3767	34
3768	30
3769	25
3770	36
3771	32
3772	29
3773	36
3774	31
3775	31
3776	37
3777	33
3778	32
3779	38
3780	33
3781	35
3782	25
3783	28
3784	30
3785	40
3786	27
3787	42
3788	28
3789	32
3790	26
3791	44
3792	30
3793	32
3794	36
3795	29
3796	46
3797	19
3798	38
3799	30
3800	33
3801	30
3802	21
3803	33
3804	29
3805	40
3806	25
3807	30
3808	28
3809	39
3810	28
3811	39
3812	33
3813	26
3814	40
3815	35
3816	42
3817	30
3818	28
3819	40
3820	40
3821	38
3822	33
3823	33
3824	38
3825	30
3826	39
3827	32
3828	35
3829	24
3830	35
3831	27
3832	30
3833	37
3834	23
3835	36
3836	37
3837	28
3838	46
3839	25
3840	40
3841	39
3842	36
3843	32
3844	28
3845	35
3846	26
3847	27
3848	25
3849	28
3850	36
3851	25
3852	26
3853	42
3854	28
3855	21
3856	50
3857	28
3858	37
3859	26
3860	33
3861	40
3862	29
3863	28
3864	32
3865	33
3866	35
3867	28
3868	31
3869	26
3870	33
3871	31
3872	30
3873	34
3874	31
3875	29
3876	19
3877	32
3878	34
3879	50
3880	29
3881	36
3882	37
3883	25
3884	35
3885	26
3886	29
3887	30
3888	33
3889	27
3890	31
3891	33
3892	34
3893	34
3894	32
3895	20
3896	22
3897	24
3898	27
3899	38
3900	31
3901	32
3902	25
3903	30
3904	21
3905	27
3906	40
3907	26
3908	27
3909	29
3910	26
3911	28
3912	21
3913	25
3914	32
3915	37
3916	34
3917	27
3918	31
3919	24
3920	28
3921	33
3922	23
3923	38
3924	26
3925	30
3926	29
3927	33
3928	27
3929	23
3930	33
3931	37
3932	37
3933	31
3934	28
3935	36
3936	29
3937	33
3938	36
3939	28
3940	32
3941	40
3942	31
3943	29
3944	22
3945	36
3946	29
3947	31
3948	37
3949	21
3950	27
3951	29
3952	27
3953	36
3954	20
3955	29
3956	34
3957	23
3958	34
3959	30
3960	29
3961	23
3962	29
3963	31
3964	26
3965	25
3966	28
3967	29
3968	30
3969	33
3970	22
3971	29
3972	32
3973	29
3974	31
3975	20
3976	24
3977	31
3978	34
3979	19
3980	35
3981	36
3982	21
3983	29
3984	36
3985	18
3986	28
3987	26
3988	22
3989	33
3990	34
3991	31
3992	35
3993	31
3994	29
3995	29
3996	28
3997	29
3998	25
3999	26
4000	23
4001	23
4002	24
4003	14
4004	29
4005	31
4006	23
4007	28
4008	30
4009	30
4010	22
4011	17
4012	27
4013	26
4014	22
4015	22
4016	21
4017	38
4018	33
4019	31
4020	29
4021	27
4022	26
4023	26
4024	33
4025	32
4026	30
4027	30
4028	27
4029	38
4030	26
4031	30
4032	25
4033	27
4034	19
4035	29
4036	27
4037	30
4038	32
4039	24
4040	30
4041	30
4042	31
4043	24
4044	24
4045	28
4046	18
4047	26
4048	33
4049	24
4050	29
4051	33
4052	36
4053	25
4054	32
4055	35
4056	27
4057	31
4058	19
4059	24
4060	21
4061	29
4062	28
4063	24
4064	20
4065	41
4066	28
4067	26
4068	25
4069	35
4070	18
4071	24
4072	19
4073	26
4074	18
4075	25
4076	34
4077	29
4078	26
4079	23
4080	29
4081	37
4082	28
4083	35
4084	26
4085	27
4086	26
4087	25
4088	27
4089	26
4090	28
4091	22
4092	25
4093	24
4094	17
4095	25
4096	24
4097	24
4098	26
4099	25
4100	21
4101	24
4102	19
4103	23
4104	19
4105	27
4106	29
4107	31
4108	23
4109	22
4110	23
4111	30
4112	20
4113	24
4114	34
4115	20
4116	39
4117	29
4118	37
4119	26
4120	19
4121	30
4122	26
4123	30
4124	28
4125	26
4126	27
4127	24
4128	22
4129	28
4130	19
4131	22
4132	29
4133	24
4134	26
4135	17
4136	19
4137	28
4138	23
4139	17
4140	19
4141	29
4142	30
4143	30
4144	23
4145	26
4146	29
4147	27
4148	28
4149	25
4150	22
4151	25
4152	15
4153	29
4154	23
4155	37
4156	27
4157	26
4158	27
4159	24
4160	18
4161	22
4162	26
4163	41
4164	19
4165	37
4166	32
4167	28
4168	18
4169	31
4170	24
4171	25
4172	20
4173	17
4174	18
4175	24
4176	24
4177	21
4178	31
4179	25
4180	23
4181	20
4182	28
4183	22
4184	24
4185	22
4186	23
4187	20
4188	24
4189	22
4190	32
4191	21
4192	23
4193	20
4194	34
4195	22
4196	34
4197	20
4198	33
4199	24
4200	24
4201	25
4202	23
4203	29
4204	20
4205	31
4206	22
4207	22
4208	23
4209	18
4210	17
4211	20
4212	24
4213	19
4214	20
4215	17
4216	27
4217	30
4218	29
4219	28
4220	24
4221	21
4222	26
4223	26
4224	30
4225	19
4226	21
4227	27
4228	22
4229	29
4230	18
4231	16
4232	27
4233	28
4234	35
4235	17
4236	23
4237	15
4238	21
4239	28
4240	29
4241	17
4242	15
4243	16
4244	19
4245	29
4246	27
4247	28
4248	19
4249	23
4250	25
4251	35
4252	19
4253	19
4254	22
4255	26
4256	21
4257	22
4258	25
4259	15
4260	30
4261	24
4262	36
4263	21
4264	27
4265	21
4266	16
4267	27
4268	18
4269	15
4270	24
4271	20
4272	12
4273	22
4274	32
4275	22
4276	25
4277	23
4278	26
4279	22
4280	22
4281	17
4282	30
4283	18
4284	32
4285	17
4286	24
4287	21
4288	26
4289	22
4290	22
4291	26
4292	26
4293	20
4294	20
4295	22
4296	17
4297	19
4298	21
4299	18
4300	25
4301	16
4302	18
4303	24
4304	18
4305	16
4306	35
4307	29
4308	31
4309	24
4310	19
4311	38
4312	24
4313	27
4314	18
4315	22
4316	24
4317	19
4318	22
4319	21
4320	16
4321	31
4322	25
4323	18
4324	16
4325	23
4326	16
4327	14
4328	19
4329	17
4330	20
4331	21
4332	21
4333	10
4334	25
4335	19
4336	18
4337	16
4338	23
4339	18
4340	26
4341	22
4342	18
4343	19
4344	29
4345	17
4346	22
4347	17
4348	27
4349	18
4350	22
4351	20
4352	21
4353	23
4354	22
4355	29
4356	14
4357	13
4358	25
4359	16
4360	18
4361	22
4362	22
4363	21
4364	27
4365	28
4366	14
4367	21
4368	30
4369	28
4370	19
4371	22
4372	23
4373	22
4374	19
4375	13
4376	13
4377	21
4378	17
4379	20
4380	26
4381	17
4382	27
4383	16
4384	20
4385	22
4386	27
4387	17
4388	14
4389	25
4390	22
4391	28
4392	32
4393	18
4394	18
4395	29
4396	24
4397	29
4398	12
4399	26
4400	27
4401	22
4402	21
4403	20
4404	17
4405	24
4406	20
4407	21
4408	22
4409	17
4410	20
4411	22
4412	17
4413	15
4414	24
4415	22
4416	17
4417	24
4418	21
4419	12
4420	20
4421	31
4422	24
4423	13
4424	23
4425	17
4426	26
4427	18
4428	16
4429	21
4430	26
4431	32
4432	6
4433	25
4434	27
4435	24
4436	22
4437	24
4438	25
4439	19
4440	20
4441	14
4442	23
4443	18
4444	13
4445	15
4446	26
4447	24
4448	26
4449	27
4450	22
4451	13
4452	23
4453	23
4454	18
4455	22
4456	18
4457	23
4458	16
4459	21
4460	14
4461	16
4462	17
4463	15
4464	17
4465	22
4466	27
4467	14
4468	20
4469	17
4470	17
4471	13
4472	13
4473	21
4474	18
4475	12
4476	27
4477	28
4478	21
4479	16
4480	16
4481	24
4482	20
4483	18
4484	21
4485	17
4486	14
4487	11
4488	28
4489	19
4490	20
4491	22
4492	19
4493	24
4494	27
4495	19
4496	19
4497	18
4498	18
4499	19
4500	20
4501	28
4502	16
4503	13
4504	19
4505	25
4506	12
4507	18
4508	20
4509	12
4510	18
4511	21
4512	20
4513	15
4514	24
4515	18
4516	16
4517	22
4518	26
4519	17
4520	15
4521	22
4522	21
4523	13
4524	17
4525	20
4526	10
4527	18
4528	20
4529	18
4530	18
4531	21
4532	16
4533	18
4534	16
4535	15
4536	12
4537	15
4538	17
4539	18
4540	15
4541	19
4542	15
4543	18
4544	20
4545	27
4546	18
4547	11
4548	16
4549	15
4550	16
4551	16
4552	22
4553	18
4554	23
4555	17
4556	14
4557	20
4558	17
4559	15
4560	23
4561	12
4562	16
4563	7
4564	16
4565	25
4566	18
4567	17
4568	12
4569	13
4570	17
4571	13
4572	19
4573	18
4574	20
4575	18
4576	23
4577	20
4578	19
4579	15
4580	14
4581	19
4582	20
4583	19
4584	23
4585	16
4586	14
4587	14
4588	14
4589	28
4590	23
4591	19
4592	16
4593	16
4594	17
4595	17
4596	20
4597	16
4598	23
4599	26
4600	23
4601	23
4602	19
4603	22
4604	8
4605	17
4606	16
4607	14
4608	14
4609	14
4610	23
4611	16
4612	21
4613	15
4614	20
4615	12
4616	15
4617	20
4618	14
4619	16
4620	18
4621	19
4622	23
4623	23
4624	15
4625	22
4626	24
4627	19
4628	20
4629	16
4630	21
4631	27
4632	12
4633	17
4634	22
4635	27
4636	19
4637	12
4638	11
4639	21
4640	13
4641	17
4642	29
4643	12
4644	13
4645	17
4646	19
4647	20
4648	22
4649	19
4650	19
4651	14
4652	14
4653	22
4654	22
4655	14
4656	19
4657	10
4658	21
4659	22
4660	13
4661	23
4662	20
4663	22
4664	18
4665	16
4666	13
4667	18
4668	14
4669	20
4670	16
4671	11
4672	12
4673	16
4674	13
4675	23
4676	18
4677	16
4678	11
4679	24
4680	13
4681	15
4682	18
4683	17
4684	19
4685	14
4686	13
4687	18
4688	14
4689	15
4690	15
4691	16
4692	12
4693	12
4694	20
4695	15
4696	10
4697	24
4698	14
4699	14
4700	21
4701	19
4702	17
4703	17
4704	13
4705	15
4706	15
4707	15
4708	21
4709	26
4710	19
4711	20
4712	13
4713	17
4714	21
4715	11
4716	17
4717	18
4718	18
4719	25
4720	17
4721	19
4722	20
4723	11
4724	17
4725	9
4726	15
4727	18
4728	18
4729	11
4730	12
4731	19
4732	15
4733	16
4734	20
4735	16
4736	17
4737	23
4738	18
4739	24
4740	19
4741	15
4742	19
4743	13
4744	17
4745	16
4746	25
4747	18
4748	12
4749	13
4750	13
4751	22
4752	18
4753	16
4754	12
4755	14
4756	20
4757	15
4758	8
4759	9
4760	15
4761	23
4762	17
4763	11
4764	16
4765	9
4766	14
4767	25
4768	15
4769	11
4770	11
4771	14
4772	18
4773	11
4774	14
4775	9
4776	22
4777	12
4778	13
4779	16
4780	11
4781	12
4782	15
4783	18
4784	19
4785	17
4786	16
4787	9
4788	11
4789	18
4790	18
4791	13
4792	16
4793	10
4794	21
4795	17
4796	21
4797	8
4798	11
4799	13
4800	21
4801	21
4802	20
4803	14
4804	10
4805	12
4806	14
4807	16
4808	13
4809	20
4810	9
4811	19
4812	18
4813	16
4814	15
4815	14
4816	8
4817	11
4818	15
4819	9
4820	12
4821	19
4822	12
4823	14
4824	14
4825	11
4826	18
4827	9
4828	20
4829	9
4830	21
4831	18
4832	17
4833	15
4834	10
4835	5
4836	15
4837	14
4838	16
4839	13
4840	10
4841	12
4842	16
4843	21
4844	9
4845	16
4846	13
4847	15
4848	11
4849	13
4850	10
4851	14
4852	14
4853	18
4854	10
4855	14
4856	15
4857	14
4858	10
4859	16
4860	12
4861	18
4862	21
4863	15
4864	26
4865	13
4866	19
4867	16
4868	18
4869	13
4870	13
4871	20
4872	12
4873	15
4874	15
4875	7
4876	14
4877	13
4878	18
4879	16
4880	13
4881	13
4882	14
4883	17
4884	12
4885	11
4886	12
4887	13
4888	13
4889	13
4890	17
4891	12
4892	8
4893	11
4894	13
4895	15
4896	13
4897	11
4898	18
4899	10
4900	14
4901	10
4902	32
4903	13
4904	11
4905	10
4906	12
4907	16
4908	13
4909	11
4910	14
4911	15
4912	13
4913	11
4914	11
4915	12
4916	18
4917	14
4918	12
4919	15
4920	12
4921	11
4922	13
4923	18
4924	11
4925	13
4926	16
4927	13
4928	15
4929	19
4930	18
4931	17
4932	11
4933	14
4934	15
4935	20
4936	16
4937	14
4938	13
4939	16
4940	20
4941	13
4942	17
4943	12
4944	19
4945	10
4946	18
4947	15
4948	14
4949	10
4950	6
4951	9
4952	16
4953	13
4954	15
4955	17
4956	18
4957	17
4958	11
4959	17
4960	18
4961	7
4962	10
4963	19
4964	11
4965	16
4966	13
4967	9
4968	10
4969	13
4970	9
4971	9
4972	11
4973	8
4974	14
4975	11
4976	5
4977	15
4978	12
4979	13
4980	17
4981	17
4982	13
4983	16
4984	16
4985	10
4986	18
4987	15
4988	17
4989	10
4990	12
4991	13
4992	13
4993	14
4994	11
4995	22
4996	8
4997	6
4998	12
4999	20
5000	21
5001	18
5002	12
5003	11
5004	11
5005	15
5006	10
5007	11
5008	17
5009	11
5010	10
5011	15
5012	12
5013	14
5014	8
5015	12
5016	17
5017	13
5018	7
5019	12
5020	15
5021	13
5022	17
5023	13
5024	11
5025	15
5026	17
5027	12
5028	12
5029	13
5030	13
5031	11
5032	14
5033	21
5034	19
5035	12
5036	16
5037	13
5038	11
5039	17
5040	11
5041	17
5042	17
5043	17
5044	9
5045	14
5046	9
5047	21
5048	13
5049	10
5050	13
5051	14
5052	8
5053	20
5054	9
5055	13
5056	13
5057	18
5058	16
5059	9
5060	18
5061	16
5062	15
5063	13
5064	13
5065	12
5066	9
5067	11
5068	14
5069	13
5070	13
5071	9
5072	7
5073	17
5074	10
5075	10
5076	12
5077	16
5078	12
5079	17
5080	12
5081	17
5082	13
5083	14
5084	9
5085	13
5086	11
5087	8
5088	10
5089	11
5090	11
5091	9
5092	8
5093	8
5094	16
5095	4
5096	10
5097	14
5098	11
5099	15
5100	12
5101	13
5102	8
5103	12
5104	15
5105	14
5106	11
5107	14
5108	15
5109	10
5110	20
5111	10
5112	11
5113	11
5114	10
5115	13
5116	4
5117	12
5118	7
5119	14
5120	12
5121	11
5122	9
5123	17
5124	9
5125	16
5126	11
5127	12
5128	11
5129	12
5130	4
5131	9
5132	10
5133	7
5134	18
5135	8
5136	13
5137	6
5138	12
5139	17
5140	11
5141	7
5142	8
5143	12
5144	13
5145	9
5146	11
5147	2
5148	13
5149	18
5150	11
5151	9
5152	13
5153	8
5154	11
5155	12
5156	16
5157	15
5158	8
5159	7
5160	11
5161	12
5162	7
5163	16
5164	13
5165	9
5166	14
5167	10
5168	14
5169	11
5170	14
5171	7
5172	12
5173	11
5174	9
5175	19
5176	9
5177	10
5178	10
5179	20
5180	12
5181	14
5182	17
5183	12
5184	5
5185	12
5186	17
5187	8
5188	17
5189	20
5190	10
5191	14
5192	13
5193	13
5194	15
5195	15
5196	12
5197	12
5198	12
5199	10
5200	7
5201	12
5202	11
5203	15
5204	9
5205	14
5206	5
5207	15
5208	12
5209	16
5210	9
5211	11
5212	14
5213	17
5214	14
5215	12
5216	11
5217	17
5218	16
5219	16
5220	13
5221	12
5222	7
5223	13
5224	7
5225	9
5226	15
5227	12
5228	20
5229	9
5230	5
5231	9
5232	15
5233	11
5234	18
5235	18
5236	4
5237	8
5238	13
5239	12
5240	10
5241	17
5242	19
5243	13
5244	15
5245	13
5246	17
5247	10
5248	18
5249	11
5250	15
5251	5
5252	11
5253	10
5254	17
5255	18
5256	11
5257	13
5258	14
5259	10
5260	16
5261	8
5262	16
5263	13
5264	15
5265	8
5266	11
5267	9
5268	12
5269	9
5270	14
5271	16
5272	7
5273	14
5274	12
5275	9
5276	13
5277	16
5278	16
5279	12
5280	18
5281	10
5282	14
5283	13
5284	13
5285	16
5286	17
5287	12
5288	15
5289	7
5290	9
5291	15
5292	10
5293	18
5294	16
5295	13
5296	16
5297	8
5298	16
5299	18
5300	5
5301	8
5302	12
5303	9
5304	17
5305	13
5306	17
5307	8
5308	20
5309	12
5310	10
5311	8
5312	19
5313	19
5314	12
5315	13
5316	17
5317	9
5318	10
5319	11
5320	8
5321	15
5322	13
5323	16
5324	10
5325	8
5326	19
5327	12
5328	9
5329	7
5330	18
5331	11
5332	13
5333	16
5334	6
5335	15
5336	10
5337	15
5338	16
5339	19
5340	9
5341	15
5342	11
5343	18
5344	13
5345	7
5346	10
5347	8
5348	5
5349	10
5350	11
5351	12
5352	11
5353	10
5354	15
5355	7
5356	15
5357	14
5358	12
5359	13
5360	7
5361	12
5362	17
5363	7
5364	9
5365	8
5366	13
5367	10
5368	10
5369	14
5370	10
5371	15
5372	14
5373	13
5374	14
5375	9
5376	10
5377	19
5378	15
5379	17
5380	6
5381	12
5382	11
5383	14
5384	9
5385	12
5386	11
5387	14
5388	11
5389	10
5390	7
5391	10
5392	9
5393	15
5394	7
5395	12
5396	18
5397	12
5398	8
5399	6
5400	12
5401	11
5402	7
5403	15
5404	9
5405	16
5406	9
5407	8
5408	9
5409	9
5410	13
5411	15
5412	14
5413	16
5414	10
5415	9
5416	10
5417	13
5418	5
5419	10
5420	10
5421	15
5422	12
5423	9
5424	12
5425	6
5426	12
5427	15
5428	6
5429	15
5430	7
5431	7
5432	9
5433	10
5434	14
5435	6
5436	9
5437	12
5438	12
5439	12
5440	11
5441	12
5442	11
5443	16
5444	11
5445	11
5446	7
5447	19
5448	8
5449	9
5450	5
5451	7
5452	14
5453	17
5454	9
5455	14
5456	14
5457	13
5458	17
5459	11
5460	13
5461	10
5462	11
5463	12
5464	7
5465	11
5466	8
5467	8
5468	9
5469	12
5470	15
5471	11
5472	13
5473	8
5474	13
5475	10
5476	11
5477	7
5478	12
5479	15
5480	8
5481	10
5482	12
5483	13
5484	9
5485	11
5486	15
5487	10
5488	11
5489	11
5490	9
5491	10
5492	7
5493	20
5494	13
5495	5
5496	9
5497	11
5498	16
5499	10
5500	12
5501	7
5502	9
5503	4
5504	8
5505	11
5506	11
5507	4
5508	10
5509	12
5510	9
5511	19
5512	9
5513	12
5514	10
5515	14
5516	12
5517	8
5518	8
5519	19
5520	12
5521	12
5522	9
5523	20
5524	7
5525	9
5526	8
5527	10
5528	10
5529	13
5530	12
5531	8
5532	10
5533	11
5534	16
5535	13
5536	18
5537	8
5538	9
5539	11
5540	7
5541	10
5542	8
5543	23
5544	10
5545	11
5546	12
5547	8
5548	15
5549	8
5550	10
5551	5
5552	11
5553	14
5554	12
5555	10
5556	14
5557	4
5558	9
5559	13
5560	11
5561	11
5562	4
5563	10
5564	6
5565	11
5566	13
5567	8
5568	14
5569	9
5570	17
5571	10
5572	7
5573	9
5574	7
5575	14
5576	8
5577	18
5578	12
5579	14
5580	11
5581	14
5582	7
5583	7
5584	11
5585	9
5586	13
5587	9
5588	11
5589	14
5590	11
5591	11
5592	12
5593	8
5594	6
5595	18
5596	10
5597	6
5598	14
5599	6
5600	7
5601	9
5602	16
5603	9
5604	16
5605	13
5606	7
5607	9
5608	17
5609	10
5610	11
5611	9
5612	4
5613	10
5614	9
5615	14
5616	7
5617	9
5618	14
5619	9
5620	9
5621	12
5622	13
5623	2
5624	16
5625	8
5626	18
5627	8
5628	8
5629	7
5630	8
5631	11
5632	7
5633	8
5634	10
5635	12
5636	17
5637	13
5638	11
5639	10
5640	13
5641	5
5642	12
5643	13
5644	7
5645	11
5646	10
5647	14
5648	8
5649	14
5650	12
5651	16
5652	8
5653	10
5654	12
5655	13
5656	11
5657	10
5658	9
5659	10
5660	8
5661	13
5662	8
5663	9
5664	6
5665	6
5666	9
5667	12
5668	12
5669	9
5670	8
5671	10
5672	11
5673	6
5674	7
5675	9
5676	14
5677	6
5678	8
5679	8
5680	8
5681	9
5682	11
5683	12
5684	15
5685	10
5686	13
5687	5
5688	11
5689	13
5690	11
5691	11
5692	18
5693	8
5694	11
5695	20
5696	12
5697	10
5698	18
5699	13
5700	10
5701	8
5702	13
5703	8
5704	12
5705	11
5706	18
5707	8
5708	5
5709	8
5710	18
5711	11
5712	14
5713	8
5714	16
5715	5
5716	11
5717	5
5718	10
5719	10
5720	6
5721	13
5722	14
5723	13
5724	9
5725	14
5726	12
5727	9
5728	11
5729	8
5730	11
5731	6
5732	9
5733	21
5734	11
5735	16
5736	10
5737	14
5738	8
5739	7
5740	9
5741	5
5742	13
5743	11
5744	9
5745	16
5746	12
5747	8
5748	12
5749	13
5750	4
5751	11
5752	12
5753	9
5754	12
5755	12
5756	20
5757	9
5758	14
5759	11
5760	12
5761	10
5762	10
5763	9
5764	13
5765	13
5766	12
5767	7
5768	10
5769	11
5770	5
5771	11
5772	16
5773	6
5774	8
5775	17
5776	7
5777	11
5778	11
5779	5
5780	11
5781	16
5782	8
5783	5
5784	10
5785	10
5786	12
5787	18
5788	9
5789	13
5790	10
5791	9
5792	3
5793	10
5794	6
5795	9
5796	18
5797	7
5798	10
5799	10
5800	13
5801	9
5802	11
5803	16
5804	11
5805	11
5806	7
5807	9
5808	8
5809	12
5810	9
5811	14
5812	9
5813	19
5814	12
5815	8
5816	12
5817	16
5818	12
5819	12
5820	5
5821	9
5822	8
5823	16
5824	5
5825	20
5826	8
5827	9
5828	12
5829	12
5830	13
5831	12
5832	9
5833	11
5834	11
5835	11
5836	13
5837	10
5838	12
5839	9
5840	9
5841	9
5842	16
5843	10
5844	12
5845	10
5846	14
5847	12
5848	10
5849	15
5850	13
5851	11
5852	11
5853	12
5854	12
5855	9
5856	6
5857	5
5858	14
5859	21
5860	12
5861	14
5862	5
5863	13
5864	8
5865	7
5866	7
5867	6
5868	11
5869	11
5870	7
5871	13
5872	7
5873	8
5874	17
5875	17
5876	17
5877	6
5878	11
5879	12
5880	14
5881	12
5882	11
5883	8
5884	14
5885	12
5886	9
5887	10
5888	8
5889	14
5890	14
5891	12
5892	12
5893	12
5894	8
5895	12
5896	6
5897	8
5898	8
5899	12
5900	12
5901	9
5902	8
5903	13
5904	15
5905	11
5906	9
5907	10
5908	13
5909	10
5910	6
5911	10
5912	8
5913	11
5914	13
5915	12
5916	9
5917	3
5918	9
5919	15
5920	13
5921	18
5922	13
5923	13
5924	10
5925	15
5926	11
5927	11
5928	3
5929	7
5930	6
5931	9
5932	8
5933	10
5934	10
5935	11
5936	10
5937	12
5938	12
5939	5
5940	13
5941	12
5942	10
5943	16
5944	12
5945	8
5946	13
5947	15
5948	16
5949	9
5950	14
5951	12
5952	11
5953	11
5954	10
5955	16
5956	14
5957	13
5958	10
5959	15
5960	14
5961	5
5962	15
5963	14
5964	17
5965	13
5966	16
5967	13
5968	7
5969	16
5970	12
5971	11
5972	17
5973	11
5974	10
5975	14
5976	14
5977	6
5978	13
5979	12
5980	12
5981	15
5982	14
5983	15
5984	13
5985	13
5986	15
5987	12
5988	8
5989	13
5990	14
5991	7
5992	16
5993	6
5994	11
5995	11
5996	10
5997	10
5998	9
5999	9
6000	11
6001	10
6002	17
6003	18
6004	11
6005	13
6006	14
6007	11
6008	8
6009	15
6010	5
6011	11
6012	9
6013	16
6014	9
6015	17
6016	8
6017	14
6018	16
6019	15
6020	12
6021	7
6022	14
6023	11
6024	15
6025	17
6026	9
6027	16
6028	12
6029	9
6030	8
6031	6
6032	8
6033	10
6034	13
6035	13
6036	12
6037	11
6038	14
6039	10
6040	10
6041	8
6042	12
6043	8
6044	10
6045	13
6046	11
6047	7
6048	11
6049	10
6050	10
6051	14
6052	19
6053	9
6054	9
6055	10
6056	15
6057	18
6058	8
6059	13
6060	18
6061	8
6062	7
6063	14
6064	16
6065	11
6066	10
6067	12
6068	11
6069	11
6070	9
6071	10
6072	15
6073	15
6074	8
6075	10
6076	10
6077	4
6078	16
6079	4
6080	9
6081	11
6082	8
6083	9
6084	9
6085	10
6086	11
6087	6
6088	11
6089	12
6090	8
6091	9
6092	11
6093	19
6094	13
6095	9
6096	8
6097	7
6098	10
6099	18
6100	13
6101	16
6102	12
6103	15
6104	13
6105	7
6106	7
6107	8
6108	19
6109	12
6110	15
6111	10
6112	15
6113	14
6114	14
6115	13
6116	11
6117	11
6118	13
6119	19
6120	12
6121	17
6122	9
6123	11
6124	11
6125	6
6126	14
6127	17
6128	14
6129	14
6130	15
6131	11
6132	10
6133	14
6134	16
6135	11
6136	5
6137	8
6138	11
6139	14
6140	14
6141	11
6142	22
6143	14
6144	13
6145	13
6146	19
6147	17
6148	14
6149	10
6150	10
6151	7
6152	15
6153	8
6154	6
6155	12
6156	14
6157	12
6158	9
6159	13
6160	12
6161	11
6162	7
6163	13
6164	10
6165	12
6166	10
6167	14
6168	7
6169	15
6170	9
6171	11
6172	12
6173	12
6174	16
6175	8
6176	11
6177	15
6178	9
6179	10
6180	14
6181	12
6182	14
6183	8
6184	8
6185	11
6186	4
6187	19
6188	11
6189	15
6190	17
6191	10
6192	14
6193	11
6194	11
6195	9
6196	17
6197	10
6198	11
6199	15
6200	11
6201	15
6202	17
6203	7
6204	13
6205	11
6206	8
6207	13
6208	14
6209	14
6210	14
6211	8
6212	8
6213	12
6214	19
6215	9
6216	13
6217	8
6218	11
6219	14
6220	10
6221	9
6222	14
6223	12
6224	16
6225	14
6226	18
6227	15
6228	10
6229	11
6230	13
6231	20
6232	14
6233	18
6234	21
6235	8
6236	11
6237	12
6238	12
6239	17
6240	11
6241	11
6242	15
6243	14
6244	13
6245	11
6246	17
6247	14
6248	7
6249	8
6250	12
6251	9
6252	10
6253	12
6254	12
6255	11
6256	11
6257	14
6258	11
6259	12
6260	11
6261	14
6262	18
6263	11
6264	13
6265	13
6266	12
6267	13
6268	11
6269	16
6270	13
6271	11
6272	13
6273	18
6274	13
6275	10
6276	21
6277	17
6278	10
6279	18
6280	13
6281	17
6282	10
6283	13
6284	14
6285	8
6286	8
6287	15
6288	7
6289	15
6290	18
6291	12
6292	5
6293	18
6294	10
6295	11
6296	19
6297	13
6298	14
6299	7
6300	9
6301	12
6302	11
6303	8
6304	11
6305	14
6306	13
6307	8
6308	14
6309	15
6310	10
6311	15
6312	14
6313	12
6314	15
6315	12
6316	9
6317	12
6318	10
6319	17
6320	6
6321	9
6322	17
6323	11
6324	12
6325	11
6326	17
6327	9
6328	8
6329	12
6330	18
6331	10
6332	8
6333	11
6334	14
6335	15
6336	24
6337	16
6338	23
6339	16
6340	13
6341	14
6342	11
6343	9
6344	18
6345	15
6346	19
6347	23
6348	13
6349	19
6350	17
6351	20
6352	14
6353	15
6354	19
6355	8
6356	7
6357	12
6358	13
6359	14
6360	12
6361	9
6362	13
6363	14
6364	12
6365	10
6366	16
6367	12
6368	13
6369	17
6370	15
6371	12
6372	10
6373	17
6374	12
6375	20
6376	19
6377	9
6378	12
6379	20
6380	18
6381	14
6382	13
6383	10
6384	9
6385	15
6386	18
6387	8
6388	21
6389	13
6390	17
6391	18
6392	10
6393	13
6394	16
6395	28
6396	15
6397	12
6398	26
6399	13
6400	17
6401	18
6402	11
6403	13
6404	10
6405	19
6406	12
6407	18
6408	19
6409	12
6410	12
6411	17
6412	16
6413	9
6414	17
6415	13
6416	19
6417	15
6418	25
6419	20
6420	22
6421	19
6422	8
6423	6
6424	17
6425	13
6426	18
6427	22
6428	16
6429	16
6430	18
6431	13
6432	20
6433	16
6434	13
6435	14
6436	11
6437	10
6438	12
6439	14
6440	14
6441	17
6442	11
6443	13
6444	14
6445	11
6446	17
6447	12
6448	17
6449	15
6450	16
6451	16
6452	17
6453	11
6454	15
6455	15
6456	11
6457	11
6458	18
6459	16
6460	12
6461	20
6462	18
6463	16
6464	10
6465	21
6466	14
6467	17
6468	13
6469	18
6470	18
6471	17
6472	12
6473	14
6474	17
6475	20
6476	16
6477	26
6478	19
6479	14
6480	22
6481	14
6482	27
6483	18
6484	22
6485	18
6486	23
6487	12
6488	11
6489	15
6490	18
6491	19
6492	20
6493	17
6494	19
6495	17
6496	14
6497	17
6498	10
6499	15
6500	18
6501	19
6502	15
6503	16
6504	21
6505	18
6506	18
6507	18
6508	16
6509	17
6510	18
6511	10
6512	22
6513	18
6514	11
6515	12
6516	16
6517	20
6518	12
6519	12
6520	17
6521	18
6522	21
6523	22
6524	10
6525	16
6526	20
6527	14
6528	13
6529	11
6530	18
6531	24
6532	15
6533	19
6534	21
6535	20
6536	15
6537	26
6538	14
6539	18
6540	22
6541	19
6542	25
6543	19
6544	20
6545	19
6546	10
6547	12
6548	17
6549	27
6550	16
6551	18
6552	15
6553	17
6554	27
6555	14
6556	15
6557	25
6558	19
6559	22
6560	13
6561	14
6562	17
6563	18
6564	23
6565	20
6566	25
6567	21
6568	16
6569	11
6570	25
6571	15
6572	26
6573	25
6574	23
6575	25
6576	13
6577	20
6578	16
6579	19
6580	18
6581	17
6582	16
6583	19
6584	23
6585	15
6586	25
6587	30
6588	18
6589	13
6590	21
6591	32
6592	17
6593	24
6594	23
6595	23
6596	18
6597	22
6598	25
6599	15
6600	26
6601	16
6602	20
6603	18
6604	10
6605	22
6606	15
6607	20
6608	20
6609	24
6610	14
6611	18
6612	23
6613	21
6614	22
6615	19
6616	22
6617	23
6618	21
6619	14
6620	18
6621	25
6622	19
6623	20
6624	21
6625	24
6626	27
6627	16
6628	19
6629	18
6630	25
6631	20
6632	19
6633	13
6634	16
6635	25
6636	21
6637	14
6638	19
6639	27
6640	15
6641	20
6642	20
6643	19
6644	22
6645	22
6646	25
6647	27
6648	24
6649	21
6650	16
6651	22
6652	17
6653	18
6654	23
6655	16
6656	26
6657	17
6658	17
6659	22
6660	19
6661	23
6662	17
6663	23
6664	25
6665	22
6666	16
6667	24
6668	18
6669	20
6670	21
6671	26
6672	17
6673	32
6674	25
6675	23
6676	15
6677	19
6678	13
6679	19
6680	17
6681	9
6682	19
6683	20
6684	22
6685	22
6686	24
6687	16
6688	27
6689	21
6690	22
6691	26
6692	21
6693	20
6694	28
6695	22
6696	16
6697	27
6698	33
6699	25
6700	25
6701	16
6702	18
6703	31
6704	18
6705	20
6706	15
6707	18
6708	19
6709	18
6710	23
6711	17
6712	21
6713	14
6714	30
6715	17
6716	15
6717	18
6718	25
6719	18
6720	12
6721	14
6722	32
6723	19
6724	18
6725	17
6726	12
6727	20
6728	27
6729	21
6730	21
6731	16
6732	20
6733	24
6734	20
6735	29
6736	21
6737	31
6738	21
6739	17
6740	16
6741	27
6742	24
6743	22
6744	15
6745	21
6746	21
6747	21
6748	23
6749	18
6750	18
6751	22
6752	23
6753	17
6754	21
6755	17
6756	24
6757	22
6758	20
6759	24
6760	24
6761	13
6762	28
6763	21
6764	18
6765	17
6766	16
6767	20
6768	18
6769	21
6770	20
6771	27
6772	18
6773	19
6774	24
6775	21
6776	16
6777	25
6778	24
6779	14
6780	19
6781	31
6782	16
6783	14
6784	27
6785	13
6786	21
6787	23
6788	12
6789	21
6790	28
6791	20
6792	22
6793	19
6794	19
6795	17
6796	16
6797	19
6798	19
6799	25
6800	15
6801	16
6802	15
6803	22
6804	11
6805	15
6806	26
6807	26
6808	14
6809	17
6810	18
6811	14
6812	18
6813	17
6814	15
6815	15
6816	27
6817	23
6818	23
6819	13
6820	18
6821	19
6822	14
6823	19
6824	19
6825	25
6826	19
6827	23
6828	21
6829	10
6830	11
6831	13
6832	21
6833	14
6834	17
6835	18
6836	13
6837	18
6838	19
6839	15
6840	14
6841	14
6842	14
6843	16
6844	9
6845	9
6846	14
6847	19
6848	12
6849	13
6850	19
6851	16
6852	15
6853	18
6854	12
6855	15
6856	17
6857	17
6858	20
6859	23
6860	19
6861	16
6862	26
6863	25
6864	18
6865	14
6866	17
6867	12
6868	14
6869	15
6870	14
6871	13
6872	16
6873	12
6874	20
6875	17
6876	10
6877	12
6878	19
6879	19
6880	18
6881	16
6882	24
6883	15
6884	18
6885	20
6886	10
6887	12
6888	15
6889	8
6890	12
6891	16
6892	9
6893	14
6894	10
6895	16
6896	9
6897	12
6898	10
6899	14
6900	13
6901	16
6902	12
6903	6
6904	15
6905	14
6906	13
6907	14
6908	10
6909	8
6910	8
6911	12
6912	15
6913	9
6914	13
6915	9
6916	22
6917	18
6918	12
6919	10
6920	14
6921	6
6922	11
6923	10
6924	14
6925	11
6926	9
6927	11
6928	12
6929	12
6930	8
6931	5
6932	14
6933	10
6934	17
6935	16
6936	8
6937	9
6938	11
6939	20
6940	18
6941	12
6942	12
6943	10
6944	10
6945	17
6946	7
6947	13
6948	17
6949	8
6950	7
6951	10
6952	10
6953	7
6954	8
6955	5
6956	10
6957	9
6958	2
6959	12
6960	10
6961	9
6962	14
6963	10
6964	5
6965	9
6966	13
6967	10
6968	9
6969	8
6970	7
6971	7
6972	12
6973	10
6974	9
6975	9
6976	4
6977	10
6978	12
6979	9
6980	6
6981	8
6982	11
6983	7
6984	6
6985	5
6986	3
6987	3
6988	4
6989	8
6990	15
6991	11
6992	8
6993	9
6994	13
6995	3
6996	14
6997	9
6998	10
6999	7
7000	10
7001	11
7002	4
7003	7
7004	8
7005	6
7006	5
7007	4
7008	3
7009	6
7010	8
7011	6
7012	4
7013	12
7014	8
7015	7
7016	4
7017	6
7018	7
7019	3
7020	5
7021	3
7022	10
7023	5
7024	1
7025	6
7026	4
7027	4
7028	6
7029	9
7030	8
7031	8
7032	5
7033	7
7034	5
7035	6
7036	3
7037	6
7038	3
7039	5
7040	4
7041	5
7042	6
7043	6
7044	7
7045	4
7046	6
7047	12
7048	6
7049	8
7050	4
7051	5
7052	2
7053	5
7054	5
7055	5
7056	5
7057	7
7058	2
7059	1
7060	8
7061	2
7062	7
7063	2
7064	1
7065	7
7066	7
7067	2
7068	7
7069	1
7070	2
7071	0
7072	5
7073	2
7074	3
7075	6
7076	3
7077	2
7078	8
7079	4
7080	1
7081	7
7082	1
7083	3
7084	4
7085	5
7086	4
7087	4
7088	6
7089	6
7090	2
7091	1
7092	10
7093	2
7094	0
7095	3
7096	5
7097	5
7098	0
7099	2
7100	4
7101	2
7102	4
7103	5
7104	4
7105	3
7106	5
7107	1
7108	5
7109	8
7110	4
7111	2
7112	3
7113	1
7114	1
7115	3
7116	2
7117	3
7118	1
7119	4
7120	2
7121	1
7122	1
7123	1
7124	4
7125	5
7126	2
7127	2
7128	1
7129	4
7130	3
7131	2
7132	2
7133	3
7134	1
7135	3
7136	2
7137	1
7138	1
7139	0
7140	1
7141	2
7142	2
7143	2
7144	2
7145	0
7146	0
7147	2
7148	1
7149	1
7150	2
7151	2
7152	4
7153	0
7154	1
7155	0
7156	4
7157	1
7158	3
7159	2
7160	0
7161	3
7162	0
7163	3
7164	3
7165	0
7166	3
7167	3
7168	4
7169	4
7170	2
7171	3
7172	0
7173	4
7174	1
7175	0
7176	1
7177	0
7178	1
7179	3
7180	1
7181	2
7182	0
7183	0
7184	2
7185	1
7186	2
7187	1
7188	3
7189	1
7190	1
7191	0
7192	1
7193	0
7194	0
7195	0
7196	2
7197	1
7198	0
7199	2
7200	0
7201	2
7202	0
7203	1
7204	1
7205	1
7206	0
7207	1
7208	1
7209	2
7210	1
7211	0
7212	1
7213	0
7214	0
7215	0
7216	0
7217	3
7218	5
7219	1
7220	2
7221	2
7222	0
7223	0
7224	1
7225	1
7226	1
7227	0
7228	0
7229	1
7230	1
7231	0
7232	1
7233	1
7234	2
7235	0
7236	0
7237	0
7238	1
7239	3
7240	2
7241	2
7242	2
7243	1
7244	1
7245	0
7246	1
7247	1
7248	0
7249	2
7250	1
7251	0
7252	1
7253	0
7254	0
7255	0
7256	2
7257	0
7258	2
7259	0
7260	0
7261	0
7262	0
7263	0
7264	2
7265	0
7266	1
7267	0
7268	0
7269	0
7270	2
7271	2
7272	1
7273	1
7274	3
7275	0
7276	0
7277	0
7278	0
7279	0
7280	1
7281	0
7282	0
7283	1
7284	0
7285	2
7286	2
7287	1
7288	1
7289	1
7290	0
7291	0
7292	1
7293	1
7294	0
7295	1
7296	1
7297	0
7298	0
7299	0
7300	0
7301	1
7302	1
7303	0
7304	1
7305	1
7306	0
7307	0
7308	0
7309	0
7310	0
7311	0
7312	0
7313	0
7314	1
7315	0
7316	1
7317	0
7318	0
7319	0
7320	0
7321	0
7322	0
7323	1
7324	0
7325	0
7326	0
7327	0
7328	1
7329	0
7330	0
7331	0
7332	0
7333	0
7334	0
7335	1
7336	0
7337	0
7338	2
7339	1
7340	0
7341	0
7342	1
7343	0
7344	0
7345	0
7346	0
7347	1
7348	2
7349	2
7350	0
7351	0
7352	0
7353	2
7354	1
7355	1
7356	0
7357	0
7358	1
7359	0
7360	1
7361	0
7362	1
7363	0
7364	2
7365	0
7366	1
7367	1
7368	0
7369	0
7370	0
7371	1
7372	2
7373	0
7374	0
7375	0
7376	1
7377	0
7378	2
7379	2
7380	0
7381	1
7382	0
7383	1
7384	0
7385	0
7386	0
7387	1
7388	0
7389	1
7390	0
7391	0
7392	2
7393	1
7394	0
7395	0
7396	2
7397	0
7398	0
7399	2
7400	2
7401	0
7402	2
7403	0
7404	0
7405	0
7406	0
7407	1
7408	0
7409	0
7410	0
7411	0
7412	0
7413	2
7414	0
7415	0
7416	1
7417	1
7418	0
7419	1
7420	0
7421	2
7422	0
7423	0
7424	0
7425	0
7426	1
7427	1
7428	1
7429	1
7430	1
7431	1
7432	0
7433	1
7434	1
7435	0
7436	1
7437	0
7438	1
7439	0
7440	0
7441	0
7442	1
7443	0
7444	0
7445	1
7446	0
7447	1
7448	0
7449	0
7450	0
7451	0
7452	0
7453	0
7454	0
7455	0
7456	1
7457	1
7458	1
7459	0
7460	0
7461	1
7462	0
7463	0
7464	1
7465	1
7466	0
7467	0
7468	1
7469	1
7470	3
7471	1
7472	1
7473	0
7474	1
7475	1
7476	0
7477	1
7478	0
7479	0
7480	0
7481	0
7482	0
7483	1
7484	2
7485	1
7486	0
7487	0
7488	0
7489	0
7490	0
7491	0
7492	0
7493	3
7494	0
7495	0
7496	0
7497	0
7498	0
7499	1
7500	0
7501	0
7502	1
7503	0
7504	0
7505	0
7506	0
7507	0
7508	3
7509	2
7510	1
7511	1
7512	2
7513	0
7514	2
7515	0
7516	2
7517	0
7518	0
7519	0
7520	1
7521	0
7522	0
7523	1
7524	0
7525	0
7526	0
7527	0
7528	1
7529	1
7530	1
7531	1
7532	0
7533	0
7534	0
7535	1
7536	0
7537	1
7538	0
7539	1
7540	1
7541	1
7542	1
7543	0
7544	0
7545	0
7546	1
7547	0
7548	0
7549	1
7550	2
7551	1
7552	0
7553	1
7554	0
7555	2
7556	0
7557	1
7558	2
7559	1
7560	0
7561	0
7562	1
7563	0
7564	3
7565	0
7566	1
7567	0
7568	0
7569	0
7570	1
7571	1
7572	0
7573	0
7574	0
7575	0
7576	0
7577	0
7578	0
7579	0
7580	0
7581	1
7582	2
7583	1
7584	0
7585	4
7586	0
7587	1
7588	1
7589	0
7590	1
7591	0
7592	0
7593	0
7594	0
7595	0
7596	1
7597	0
7598	1
7599	1
7600	0
7601	0
7602	0
7603	0
7604	1
7605	1
7606	0
7607	1
7608	1
7609	1
7610	0
7611	1
7612	2
7613	0
7614	0
7615	0
7616	0
7617	1
7618	0
7619	1
7620	2
7621	0
7622	0
7623	0
7624	0
7625	0
7626	0
7627	1
7628	0
7629	0
7630	0
7631	0
7632	1
7633	0
7634	1
7635	0
7636	0
7637	1
7638	0
7639	0
7640	0
7641	2
7642	0
7643	0
7644	0
7645	0
7646	0
7647	2
7648	0
7649	0
7650	3
7651	0
7652	0
7653	0
7654	0
7655	1
7656	1
7657	0
7658	0
7659	1
7660	0
7661	0
7662	1
7663	1
7664	0
7665	0
7666	3
7667	0
7668	1
7669	0
7670	1
7671	0
7672	1
7673	0
7674	2
7675	0
7676	0
7677	0
7678	0
7679	1
7680	0
7681	0
7682	1
7683	0
7684	0
7685	0
7686	1
7687	2
7688	0
7689	0
7690	0
7691	0
7692	0
7693	0
7694	0
7695	0
7696	0
7697	0
7698	0
7699	2
7700	1
7701	0
7702	0
7703	2
7704	0
7705	0
7706	0
7707	0
7708	2
7709	0
7710	0
7711	0
7712	0
7713	0
7714	0
7715	0
7716	1
7717	0
7718	1
7719	0
7720	0
7721	0
7722	0
7723	0
7724	1
7725	0
7726	0
7727	0
7728	1
7729	1
7730	0
7731	1
7732	0
7733	0
7734	0
7735	0
7736	0
7737	0
7738	0
7739	1
7740	0
7741	1
7742	1
7743	0
7744	0
7745	2
7746	0
7747	1
7748	1
7749	0
7750	0
7751	1
7752	0
7753	0
7754	0
7755	1
7756	0
7757	0
7758	0
7759	0
7760	0
7761	0
7762	2
7763	1
7764	0
7765	1
7766	1
7767	1
7768	0
7769	0
7770	0
7771	0
7772	1
7773	0
7774	0
7775	1
7776	0
7777	0
7778	0
7779	0
7780	0
7781	0
7782	0
7783	0
7784	1
7785	0
7786	1
7787	1
7788	0
7789	2
7790	0
7791	0
7792	1
7793	0
7794	1
7795	1
7796	0
7797	0
7798	0
7799	0
7800	0
7801	1
7802	2
7803	0
7804	0
7805	1
7806	0
7807	1
7808	0
7809	0
7810	2
7811	1
7812	0
7813	1
7814	0
7815	0
7816	0
7817	1
7818	0
7819	1
7820	0
7821	0
7822	0
7823	1
7824	1
7825	1
7826	0
7827	1
7828	0
7829	0
7830	0
7831	1
7832	1
7833	0
7834	0
7835	0
7836	0
7837	0
7838	1
7839	0
7840	0
7841	0
7842	1
7843	1
7844	0
7845	0
7846	2
7847	1
7848	2
7849	0
7850	1
7851	1
7852	0
7853	1
7854	0
7855	0
7856	0
7857	0
7858	1
7859	1
7860	0
7861	0
7862	0
7863	0
7864	0
7865	0
7866	0
7867	0
7868	0
7869	0
7870	0
7871	0
7872	0
7873	0
7874	0
7875	0
7876	1
7877	0
7878	0
7879	0
7880	1
7881	0
7882	1
7883	1
7884	0
7885	1
7886	0
7887	0
7888	0
7889	0
7890	0
7891	0
7892	0
7893	0
7894	1
7895	0
7896	0
7897	0
7898	0
7899	0
7900	0
7901	1
7902	0
7903	0
7904	0
7905	0
7906	0
7907	0
7908	0
7909	0
7910	0
7911	0
7912	0
7913	1
7914	0
7915	1
7916	2
7917	0
7918	1
7919	1
7920	0
7921	1
7922	0
7923	0
7924	1
7925	0
7926	0
7927	0
7928	0
7929	0
7930	0
7931	1
7932	2
7933	0
7934	0
7935	0
7936	0
7937	0
7938	0
7939	1
7940	1
7941	0
7942	0
7943	0
7944	0
7945	0
7946	0
7947	0
7948	0
7949	0
7950	0
7951	0
7952	1
7953	0
7954	0
7955	1
7956	1
7957	0
7958	0
7959	2
7960	0
7961	0
7962	0
7963	1
7964	3
7965	1
7966	0
7967	0
7968	1
7969	0
7970	1
7971	0
7972	1
7973	1
7974	0
7975	0
7976	2
7977	0
7978	0
7979	0
7980	0
7981	0
7982	0
7983	1
7984	0
7985	0
7986	0
7987	0
7988	0
7989	0
7990	0
7991	0
7992	1
7993	0
7994	0
7995	2
7996	0
7997	1
7998	1
7999	0
8000	1
8001	1
8002	1
8003	1
8004	1
8005	0
8006	0
8007	0
8008	0
8009	1
8010	1
8011	1
8012	0
8013	0
8014	1
8015	0
8016	0
8017	0
8018	0
8019	0
8020	0
8021	0
8022	0
8023	0
8024	2
8025	1
8026	0
8027	3
8028	2
8029	0
8030	0
8031	0
8032	0
8033	0
8034	0
8035	1
8036	1
8037	0
8038	0
8039	0
8040	0
8041	0
8042	0
8043	2
8044	3
8045	0
8046	1
8047	1
8048	1
8049	1
8050	0
8051	0
8052	0
8053	0
8054	0
8055	1
8056	0
8057	0
8058	0
8059	0
8060	0
8061	0
8062	0
8063	2
8064	0
8065	0
8066	0
8067	0
8068	1
8069	0
8070	0
8071	0
8072	0
8073	1
8074	1
8075	0
8076	0
8077	0
8078	1
8079	0
8080	0
8081	0
8082	1
8083	0
8084	0
8085	0
8086	0
8087	0
8088	0
8089	0
8090	2
8091	0
8092	0
8093	3
8094	1
8095	1
8096	0
8097	0
8098	0
8099	0
8100	0
8101	0
8102	0
8103	0
8104	0
8105	0
8106	0
8107	0
8108	0
8109	0
8110	0
8111	0
8112	0
8113	0
8114	0
8115	0
8116	0
8117	0
8118	0
8119	0
8120	0
8121	0
8122	0
8123	0
8124	0
8125	0
8126	0
8127	0
8128	0
8129	0
8130	0
8131	0
8132	0
8133	0
8134	0
8135	0
8136	0
8137	0
8138	0
8139	0
8140	0
8141	0
8142	0
8143	0
8144	0
8145	0
8146	0
8147	0
8148	0
8149	0
8150	0
8151	0
8152	0
8153	0
8154	0
8155	0
8156	0
8157	0
8158	0
8159	0
8160	0
8161	0
8162	0
8163	0
8164	0
8165	0
8166	0
8167	0
8168	0
8169	0
8170	0
8171	0
8172	0
8173	0
8174	0
8175	0
8176	0
8177	0
8178	0
8179	0
8180	0
8181	0
8182	0
8183	0
8184	0
8185	0
8186	0
8187	0
8188	0
8189	0
8190	0
8191	0
