0	0
1	0
2	0
3	0
4	0
5	0
6	0
7	0
8	0
9	0
10	0
11	0
12	0
13	0
14	0
15	0
16	0
17	0
18	0
19	0
20	0
21	0
22	0
23	0
24	0
25	0
26	0
27	0
28	0
29	0
30	0
31	0
32	0
33	0
34	0
35	0
36	0
37	0
38	0
39	0
40	0
41	0
42	0
43	0
44	0
45	0
46	0
47	0
48	0
49	0
50	0
51	0
52	0
53	0
54	0
55	0
56	0
57	0
58	0
59	0
60	0
61	0
62	0
63	0
64	0
65	0
66	0
67	0
68	0
69	0
70	0
71	0
72	0
73	0
74	0
75	0
76	0
77	0
78	0
79	0
80	0
81	0
82	0
83	0
84	0
85	0
86	0
87	0
88	0
89	0
90	0
91	0
92	0
93	0
94	0
95	0
96	0
97	0
98	0
99	0
100	0
101	0
102	0
103	0
104	0
105	0
106	0
107	0
108	0
109	0
110	0
111	0
112	0
113	0
114	0
115	0
116	0
117	0
118	0
119	0
120	0
121	0
122	0
123	0
124	0
125	0
126	0
127	0
128	0
129	0
130	0
131	0
132	0
133	0
134	0
135	0
136	0
137	0
138	0
139	0
140	0
141	0
142	0
143	0
144	0
145	0
146	0
147	0
148	0
149	0
150	0
151	0
152	0
153	0
154	0
155	0
156	0
157	0
158	0
159	0
160	0
161	0
162	0
163	0
164	0
165	0
166	0
167	0
168	0
169	0
170	0
171	0
172	0
173	0
174	0
175	0
176	0
177	0
178	0
179	0
180	1
181	6
182	23
183	25
184	33
185	38
186	41
187	35
188	30
189	31
190	27
191	30
192	26
193	21
194	28
195	20
196	18
197	20
198	29
199	33
200	29
201	27
202	31
203	29
204	23
205	25
206	21
207	35
208	36
209	25
210	30
211	29
212	20
213	25
214	21
215	30
216	25
217	27
218	31
219	31
220	29
221	19
222	23
223	21
224	21
225	29
226	25
227	30
228	23
229	30
230	23
231	26
232	24
233	21
234	26
235	35
236	25
237	18
238	31
239	26
240	21
241	29
242	31
243	22
244	23
245	31
246	32
247	24
248	31
249	33
250	30
251	21
252	32
253	28
254	18
255	27
256	24
257	25
258	32
259	23
260	30
261	36
262	25
263	28
264	22
265	22
266	27
267	30
268	22
269	24
270	19
271	31
272	26
273	28
274	30
275	26
276	21
277	28
278	21
279	24
280	23
281	24
282	28
283	26
284	23
285	31
286	38
287	25
288	23
289	17
290	27
291	26
292	24
293	23
294	25
295	21
296	25
297	29
298	22
299	27
300	21
301	30
302	31
303	22
304	26
305	42
306	21
307	21
308	26
309	30
310	28
311	24
312	28
313	24
314	34
315	24
316	23
317	28
318	15
319	29
320	38
321	27
322	29
323	26
324	32
325	26
326	23
327	29
328	34
329	32
330	19
331	23
332	30
333	26
334	20
335	31
336	28
337	31
338	31
339	31
340	26
341	25
342	32
343	34
344	28
345	32
346	33
347	17
348	33
349	33
350	27
351	28
352	22
353	28
354	22
355	35
356	33
357	21
358	21
359	27
360	28
361	24
362	30
363	23
364	34
365	34
366	27
367	30
368	26
369	36
370	18
371	27
372	29
373	21
374	28
375	26
376	33
377	29
378	14
379	25
380	24
381	32
382	30
383	19
384	29
385	32
386	26
387	22
388	17
389	28
390	25
391	32
392	29
393	19
394	20
395	26
396	12
397	26
398	39
399	27
400	27
401	24
402	32
403	16
404	17
405	19
406	34
407	30
408	20
409	24
410	23
411	28
412	36
413	17
414	28
415	30
416	24
417	28
418	28
419	25
420	26
421	26
422	26
423	30
424	23
425	29
426	32
427	26
428	28
429	16
430	26
431	23
432	27
433	26
434	25
435	28
436	23
437	24
438	28
439	24
440	30
441	29
442	24
443	32
444	27
445	35
446	35
447	23
448	29
449	32
450	36
451	25
452	23
453	28
454	26
455	31
456	22
457	29
458	32
459	24
460	27
461	20
462	31
463	27
464	29
465	26
466	31
467	26
468	25
469	30
470	31
471	33
472	28
473	31
474	29
475	25
476	44
477	32
478	26
479	34
480	26
481	32
482	33
483	30
484	27
485	40
486	30
487	39
488	31
489	23
490	34
491	24
492	42
493	37
494	24
495	26
496	26
497	35
498	30
499	22
500	31
501	26
502	30
503	28
504	27
505	27
506	33
507	27
508	29
509	24
510	37
511	33
512	25
513	32
514	35
515	33
516	32
517	34
518	23
519	39
520	32
521	29
522	28
523	25
524	27
525	24
526	32
527	42
528	32
529	25
530	29
531	34
532	42
533	34
534	23
535	26
536	29
537	27
538	22
539	31
540	25
541	33
542	33
543	25
544	39
545	27
546	28
547	27
548	30
549	37
550	30
551	31
552	34
553	26
554	31
555	25
556	24
557	23
558	29
559	30
560	25
561	29
562	23
563	20
564	28
565	30
566	21
567	30
568	23
569	26
570	39
571	31
572	32
573	31
574	24
575	32
576	34
577	33
578	39
579	32
580	29
581	31
582	36
583	29
584	26
585	29
586	34
587	32
588	30
589	43
590	22
591	32
592	30
593	32
594	30
595	34
596	37
597	28
598	31
599	31
600	31
601	30
602	31
603	31
604	37
605	20
606	25
607	17
608	34
609	27
610	34
611	31
612	30
613	28
614	36
615	22
616	38
617	27
618	29
619	33
620	36
621	27
622	32
623	34
624	33
625	30
626	28
627	27
628	26
629	30
630	26
631	28
632	30
633	22
634	21
635	34
636	23
637	29
638	20
639	27
640	38
641	26
642	34
643	28
644	22
645	31
646	23
647	26
648	32
649	38
650	19
651	33
652	34
653	23
654	27
655	24
656	30
657	29
658	28
659	37
660	27
661	35
662	33
663	32
664	40
665	25
666	24
667	28
668	37
669	32
670	29
671	34
672	25
673	24
674	36
675	37
676	32
677	30
678	26
679	23
680	36
681	22
682	24
683	30
684	19
685	26
686	41
687	33
688	35
689	33
690	28
691	34
692	27
693	28
694	44
695	23
696	32
697	25
698	30
699	33
700	26
701	20
702	26
703	29
704	29
705	20
706	30
707	33
708	27
709	39
710	27
711	42
712	27
713	36
714	34
715	41
716	33
717	28
718	31
719	27
720	43
721	37
722	24
723	38
724	25
725	33
726	29
727	27
728	25
729	30
730	36
731	27
732	28
733	42
734	31
735	33
736	23
737	38
738	30
739	44
740	28
741	30
742	27
743	36
744	32
745	34
746	43
747	35
748	32
749	40
750	35
751	29
752	45
753	39
754	27
755	33
756	31
757	31
758	35
759	38
760	35
761	24
762	30
763	33
764	36
765	38
766	35
767	35
768	35
769	47
770	50
771	52
772	41
773	41
774	40
775	55
776	38
777	36
778	34
779	36
780	32
781	37
782	44
783	38
784	45
785	40
786	42
787	40
788	42
789	36
790	44
791	39
792	37
793	36
794	36
795	42
796	38
797	43
798	39
799	43
800	49
801	57
802	32
803	57
804	39
805	57
806	51
807	47
808	44
809	45
810	40
811	50
812	42
813	47
814	54
815	54
816	61
817	46
818	55
819	50
820	44
821	49
822	39
823	47
824	49
825	51
826	35
827	70
828	61
829	45
830	56
831	57
832	60
833	43
834	52
835	61
836	60
837	57
838	67
839	55
840	76
841	64
842	60
843	71
844	61
845	77
846	62
847	66
848	78
849	58
850	54
851	60
852	56
853	74
854	54
855	71
856	69
857	60
858	72
859	75
860	57
861	58
862	60
863	69
864	76
865	73
866	61
867	64
868	64
869	74
870	57
871	61
872	57
873	62
874	75
875	76
876	71
877	54
878	81
879	67
880	58
881	59
882	50
883	52
884	46
885	56
886	62
887	53
888	51
889	50
890	47
891	59
892	66
893	57
894	63
895	47
896	48
897	61
898	52
899	62
900	49
901	46
902	41
903	59
904	52
905	57
906	56
907	51
908	58
909	52
910	34
911	56
912	55
913	42
914	41
915	54
916	52
917	55
918	40
919	46
920	56
921	56
922	46
923	38
924	58
925	56
926	44
927	61
928	44
929	51
930	40
931	48
932	54
933	50
934	46
935	48
936	50
937	39
938	44
939	38
940	44
941	47
942	48
943	56
944	46
945	45
946	41
947	48
948	62
949	34
950	46
951	50
952	45
953	44
954	41
955	48
956	47
957	51
958	59
959	44
960	52
961	51
962	44
963	47
964	35
965	36
966	62
967	51
968	53
969	51
970	39
971	50
972	38
973	59
974	45
975	58
976	54
977	47
978	52
979	46
980	51
981	47
982	42
983	57
984	29
985	54
986	52
987	51
988	43
989	54
990	60
991	43
992	60
993	47
994	47
995	49
996	39
997	50
998	36
999	52
1000	60
1001	43
1002	40
1003	35
1004	43
1005	36
1006	43
1007	52
1008	48
1009	44
1010	48
1011	51
1012	46
1013	51
1014	52
1015	47
1016	39
1017	53
1018	47
1019	35
1020	44
1021	37
1022	51
1023	45
1024	46
1025	43
1026	48
1027	37
1028	42
1029	36
1030	41
1031	45
1032	39
1033	51
1034	38
1035	44
1036	38
1037	29
1038	41
1039	49
1040	36
1041	47
1042	41
1043	31
1044	54
1045	33
1046	49
1047	45
1048	49
1049	39
1050	42
1051	44
1052	50
1053	44
1054	42
1055	48
1056	47
1057	47
1058	45
1059	47
1060	48
1061	54
1062	43
1063	40
1064	35
1065	45
1066	42
1067	34
1068	42
1069	34
1070	49
1071	33
1072	41
1073	31
1074	42
1075	38
1076	32
1077	42
1078	35
1079	34
1080	36
1081	30
1082	37
1083	51
1084	38
1085	44
1086	35
1087	50
1088	46
1089	34
1090	48
1091	44
1092	26
1093	34
1094	44
1095	36
1096	43
1097	48
1098	34
1099	40
1100	33
1101	45
1102	44
1103	45
1104	42
1105	46
1106	44
1107	38
1108	43
1109	36
1110	35
1111	38
1112	38
1113	27
1114	35
1115	38
1116	42
1117	35
1118	38
1119	37
1120	57
1121	35
1122	34
1123	47
1124	40
1125	52
1126	44
1127	38
1128	31
1129	34
1130	38
1131	43
1132	43
1133	50
1134	58
1135	36
1136	34
1137	40
1138	41
1139	40
1140	45
1141	46
1142	35
1143	47
1144	38
1145	35
1146	40
1147	39
1148	34
1149	39
1150	44
1151	35
1152	46
1153	37
1154	36
1155	44
1156	36
1157	44
1158	44
1159	37
1160	43
1161	33
1162	38
1163	47
1164	45
1165	48
1166	37
1167	43
1168	40
1169	42
1170	32
1171	38
1172	42
1173	29
1174	48
1175	46
1176	38
1177	45
1178	39
1179	51
1180	49
1181	49
1182	42
1183	48
1184	41
1185	32
1186	40
1187	46
1188	39
1189	47
1190	41
1191	40
1192	44
1193	39
1194	48
1195	36
1196	42
1197	41
1198	41
1199	49
1200	36
1201	43
1202	48
1203	50
1204	53
1205	38
1206	32
1207	44
1208	32
1209	30
1210	38
1211	36
1212	35
1213	44
1214	44
1215	41
1216	38
1217	39
1218	45
1219	47
1220	41
1221	45
1222	38
1223	39
1224	41
1225	55
1226	43
1227	29
1228	58
1229	34
1230	45
1231	37
1232	39
1233	60
1234	49
1235	50
1236	35
1237	38
1238	41
1239	41
1240	49
1241	53
1242	35
1243	42
1244	49
1245	46
1246	47
1247	36
1248	41
1249	53
1250	46
1251	50
1252	38
1253	38
1254	47
1255	42
1256	54
1257	39
1258	42
1259	48
1260	43
1261	45
1262	36
1263	46
1264	44
1265	33
1266	41
1267	50
1268	50
1269	56
1270	48
1271	47
1272	60
1273	54
1274	44
1275	45
1276	46
1277	55
1278	39
1279	62
1280	58
1281	47
1282	60
1283	45
1284	48
1285	53
1286	40
1287	42
1288	57
1289	47
1290	43
1291	59
1292	49
1293	47
1294	52
1295	43
1296	49
1297	48
1298	49
1299	44
1300	41
1301	49
1302	40
1303	52
1304	52
1305	51
1306	65
1307	52
1308	41
1309	46
1310	48
1311	62
1312	64
1313	53
1314	49
1315	67
1316	52
1317	40
1318	57
1319	57
1320	56
1321	56
1322	55
1323	51
1324	53
1325	52
1326	45
1327	64
1328	38
1329	51
1330	57
1331	58
1332	62
1333	61
1334	61
1335	45
1336	54
1337	43
1338	53
1339	50
1340	58
1341	43
1342	60
1343	72
1344	51
1345	50
1346	55
1347	70
1348	68
1349	56
1350	66
1351	56
1352	41
1353	50
1354	56
1355	55
1356	50
1357	66
1358	59
1359	56
1360	76
1361	53
1362	51
1363	52
1364	51
1365	52
1366	45
1367	60
1368	55
1369	52
1370	69
1371	58
1372	50
1373	42
1374	54
1375	60
1376	48
1377	49
1378	53
1379	46
1380	46
1381	53
1382	46
1383	58
1384	55
1385	68
1386	58
1387	64
1388	59
1389	70
1390	69
1391	56
1392	55
1393	58
1394	50
1395	51
1396	43
1397	55
1398	60
1399	70
1400	61
1401	59
1402	53
1403	67
1404	57
1405	53
1406	63
1407	58
1408	67
1409	58
1410	40
1411	54
1412	59
1413	52
1414	55
1415	56
1416	58
1417	63
1418	77
1419	65
1420	62
1421	67
1422	56
1423	60
1424	47
1425	69
1426	67
1427	56
1428	69
1429	61
1430	59
1431	49
1432	68
1433	61
1434	58
1435	53
1436	76
1437	46
1438	55
1439	60
1440	55
1441	56
1442	56
1443	61
1444	54
1445	49
1446	43
1447	72
1448	52
1449	56
1450	67
1451	64
1452	52
1453	78
1454	56
1455	47
1456	68
1457	67
1458	62
1459	54
1460	70
1461	66
1462	49
1463	54
1464	79
1465	48
1466	63
1467	52
1468	62
1469	66
1470	67
1471	56
1472	53
1473	58
1474	58
1475	60
1476	60
1477	53
1478	58
1479	74
1480	66
1481	65
1482	53
1483	55
1484	55
1485	58
1486	63
1487	59
1488	68
1489	55
1490	67
1491	70
1492	61
1493	72
1494	60
1495	66
1496	64
1497	56
1498	62
1499	63
1500	68
1501	62
1502	72
1503	69
1504	76
1505	67
1506	68
1507	58
1508	57
1509	64
1510	59
1511	64
1512	61
1513	67
1514	81
1515	69
1516	60
1517	60
1518	56
1519	53
1520	59
1521	65
1522	64
1523	58
1524	52
1525	66
1526	64
1527	60
1528	57
1529	77
1530	61
1531	67
1532	71
1533	47
1534	61
1535	58
1536	62
1537	59
1538	72
1539	70
1540	78
1541	52
1542	57
1543	66
1544	52
1545	63
1546	53
1547	57
1548	67
1549	54
1550	61
1551	64
1552	66
1553	56
1554	60
1555	52
1556	64
1557	63
1558	65
1559	80
1560	60
1561	58
1562	60
1563	66
1564	55
1565	59
1566	63
1567	55
1568	62
1569	78
1570	53
1571	73
1572	78
1573	61
1574	66
1575	69
1576	74
1577	62
1578	64
1579	74
1580	64
1581	72
1582	70
1583	81
1584	56
1585	65
1586	61
1587	78
1588	73
1589	66
1590	66
1591	63
1592	63
1593	60
1594	67
1595	63
1596	71
1597	44
1598	57
1599	68
1600	69
1601	64
1602	55
1603	60
1604	65
1605	56
1606	66
1607	68
1608	66
1609	76
1610	53
1611	62
1612	71
1613	69
1614	65
1615	68
1616	71
1617	62
1618	67
1619	65
1620	59
1621	69
1622	63
1623	76
1624	68
1625	88
1626	76
1627	71
1628	65
1629	64
1630	89
1631	82
1632	63
1633	65
1634	76
1635	65
1636	76
1637	74
1638	78
1639	88
1640	69
1641	65
1642	63
1643	56
1644	73
1645	72
1646	61
1647	60
1648	78
1649	64
1650	61
1651	74
1652	61
1653	60
1654	60
1655	64
1656	66
1657	76
1658	62
1659	58
1660	84
1661	84
1662	58
1663	68
1664	72
1665	53
1666	58
1667	70
1668	56
1669	69
1670	62
1671	61
1672	71
1673	56
1674	61
1675	85
1676	73
1677	81
1678	72
1679	65
1680	80
1681	77
1682	72
1683	77
1684	64
1685	68
1686	67
1687	73
1688	65
1689	72
1690	88
1691	63
1692	69
1693	59
1694	72
1695	75
1696	71
1697	69
1698	65
1699	63
1700	74
1701	72
1702	85
1703	87
1704	57
1705	74
1706	74
1707	77
1708	57
1709	80
1710	57
1711	58
1712	67
1713	69
1714	76
1715	85
1716	61
1717	60
1718	84
1719	70
1720	76
1721	77
1722	85
1723	68
1724	65
1725	77
1726	64
1727	57
1728	87
1729	64
1730	84
1731	80
1732	82
1733	86
1734	81
1735	87
1736	66
1737	91
1738	60
1739	85
1740	68
1741	73
1742	77
1743	78
1744	74
1745	79
1746	81
1747	72
1748	85
1749	80
1750	69
1751	71
1752	65
1753	73
1754	75
1755	87
1756	79
1757	65
1758	85
1759	73
1760	78
1761	87
1762	78
1763	84
1764	82
1765	80
1766	82
1767	91
1768	76
1769	77
1770	60
1771	69
1772	71
1773	77
1774	97
1775	63
1776	70
1777	75
1778	80
1779	72
1780	82
1781	96
1782	69
1783	73
1784	76
1785	90
1786	67
1787	76
1788	82
1789	75
1790	88
1791	87
1792	89
1793	72
1794	68
1795	86
1796	81
1797	92
1798	60
1799	77
1800	80
1801	79
1802	83
1803	75
1804	62
1805	67
1806	80
1807	74
1808	77
1809	70
1810	91
1811	75
1812	68
1813	69
1814	74
1815	82
1816	84
1817	62
1818	82
1819	96
1820	87
1821	88
1822	79
1823	82
1824	95
1825	90
1826	84
1827	84
1828	75
1829	65
1830	89
1831	95
1832	100
1833	78
1834	80
1835	81
1836	78
1837	77
1838	89
1839	99
1840	86
1841	98
1842	83
1843	76
1844	92
1845	101
1846	68
1847	85
1848	82
1849	90
1850	92
1851	79
1852	65
1853	78
1854	83
1855	95
1856	85
1857	97
1858	94
1859	86
1860	76
1861	99
1862	90
1863	82
1864	90
1865	91
1866	80
1867	86
1868	88
1869	93
1870	88
1871	81
1872	81
1873	72
1874	77
1875	102
1876	85
1877	81
1878	79
1879	103
1880	69
1881	73
1882	74
1883	83
1884	91
1885	83
1886	117
1887	93
1888	83
1889	80
1890	84
1891	89
1892	100
1893	92
1894	77
1895	91
1896	82
1897	99
1898	74
1899	94
1900	79
1901	87
1902	81
1903	93
1904	89
1905	76
1906	92
1907	102
1908	95
1909	70
1910	78
1911	103
1912	83
1913	91
1914	70
1915	69
1916	84
1917	82
1918	102
1919	103
1920	77
1921	93
1922	84
1923	95
1924	90
1925	89
1926	104
1927	90
1928	86
1929	69
1930	90
1931	95
1932	78
1933	91
1934	84
1935	94
1936	93
1937	93
1938	94
1939	98
1940	83
1941	78
1942	100
1943	92
1944	93
1945	67
1946	96
1947	92
1948	84
1949	90
1950	100
1951	111
1952	98
1953	98
1954	95
1955	104
1956	110
1957	91
1958	112
1959	94
1960	98
1961	93
1962	84
1963	92
1964	98
1965	99
1966	98
1967	95
1968	88
1969	92
1970	91
1971	94
1972	87
1973	102
1974	102
1975	101
1976	86
1977	106
1978	89
1979	101
1980	105
1981	97
1982	101
1983	103
1984	90
1985	97
1986	94
1987	111
1988	79
1989	103
1990	79
1991	97
1992	91
1993	97
1994	80
1995	105
1996	105
1997	79
1998	102
1999	112
2000	93
2001	93
2002	105
2003	96
2004	105
2005	101
2006	106
2007	115
2008	105
2009	98
2010	106
2011	112
2012	125
2013	89
2014	80
2015	92
2016	105
2017	88
2018	96
2019	94
2020	95
2021	103
2022	90
2023	105
2024	90
2025	91
2026	108
2027	105
2028	104
2029	97
2030	111
2031	110
2032	97
2033	119
2034	105
2035	109
2036	99
2037	91
2038	117
2039	136
2040	112
2041	105
2042	112
2043	114
2044	109
2045	100
2046	103
2047	102
2048	93
2049	104
2050	89
2051	101
2052	92
2053	108
2054	116
2055	105
2056	108
2057	103
2058	105
2059	101
2060	98
2061	97
2062	111
2063	101
2064	123
2065	101
2066	94
2067	122
2068	96
2069	117
2070	94
2071	103
2072	120
2073	101
2074	104
2075	114
2076	105
2077	109
2078	110
2079	100
2080	112
2081	124
2082	101
2083	105
2084	107
2085	116
2086	112
2087	117
2088	111
2089	103
2090	125
2091	117
2092	96
2093	103
2094	123
2095	120
2096	91
2097	98
2098	110
2099	112
2100	115
2101	102
2102	96
2103	123
2104	130
2105	127
2106	94
2107	103
2108	126
2109	120
2110	112
2111	116
2112	112
2113	124
2114	125
2115	120
2116	100
2117	117
2118	130
2119	109
2120	109
2121	116
2122	129
2123	107
2124	127
2125	113
2126	123
2127	138
2128	131
2129	132
2130	119
2131	123
2132	117
2133	119
2134	121
2135	140
2136	147
2137	121
2138	139
2139	130
2140	116
2141	136
2142	149
2143	115
2144	121
2145	115
2146	142
2147	118
2148	126
2149	134
2150	146
2151	122
2152	130
2153	134
2154	130
2155	122
2156	129
2157	139
2158	156
2159	131
2160	156
2161	126
2162	125
2163	123
2164	139
2165	141
2166	150
2167	123
2168	155
2169	129
2170	138
2171	157
2172	146
2173	146
2174	131
2175	149
2176	141
2177	133
2178	133
2179	130
2180	139
2181	143
2182	151
2183	122
2184	152
2185	141
2186	158
2187	148
2188	140
2189	147
2190	160
2191	147
2192	169
2193	164
2194	125
2195	167
2196	149
2197	172
2198	185
2199	150
2200	169
2201	167
2202	182
2203	158
2204	177
2205	165
2206	171
2207	166
2208	168
2209	150
2210	184
2211	172
2212	167
2213	167
2214	179
2215	172
2216	193
2217	181
2218	196
2219	179
2220	194
2221	180
2222	177
2223	185
2224	164
2225	190
2226	192
2227	168
2228	213
2229	187
2230	169
2231	191
2232	193
2233	206
2234	196
2235	194
2236	222
2237	218
2238	204
2239	206
2240	194
2241	213
2242	177
2243	188
2244	196
2245	193
2246	198
2247	195
2248	223
2249	217
2250	210
2251	210
2252	244
2253	202
2254	207
2255	224
2256	224
2257	199
2258	207
2259	238
2260	220
2261	205
2262	234
2263	218
2264	213
2265	262
2266	239
2267	241
2268	246
2269	235
2270	230
2271	230
2272	258
2273	266
2274	284
2275	266
2276	244
2277	262
2278	245
2279	259
2280	258
2281	272
2282	251
2283	279
2284	230
2285	279
2286	253
2287	237
2288	237
2289	269
2290	272
2291	246
2292	276
2293	288
2294	268
2295	241
2296	265
2297	264
2298	249
2299	263
2300	264
2301	247
2302	283
2303	274
2304	267
2305	275
2306	235
2307	263
2308	321
2309	271
2310	235
2311	268
2312	273
2313	287
2314	272
2315	266
2316	287
2317	298
2318	293
2319	294
2320	280
2321	265
2322	331
2323	272
2324	286
2325	271
2326	311
2327	320
2328	286
2329	310
2330	326
2331	299
2332	283
2333	342
2334	284
2335	324
2336	310
2337	300
2338	298
2339	277
2340	302
2341	297
2342	303
2343	310
2344	293
2345	306
2346	298
2347	322
2348	289
2349	325
2350	293
2351	334
2352	344
2353	281
2354	315
2355	351
2356	303
2357	310
2358	294
2359	325
2360	333
2361	275
2362	328
2363	334
2364	308
2365	336
2366	347
2367	325
2368	351
2369	307
2370	334
2371	339
2372	304
2373	317
2374	318
2375	331
2376	296
2377	324
2378	309
2379	289
2380	314
2381	311
2382	321
2383	329
2384	314
2385	328
2386	313
2387	366
2388	307
2389	332
2390	343
2391	334
2392	357
2393	332
2394	316
2395	338
2396	339
2397	345
2398	330
2399	316
2400	291
2401	301
2402	308
2403	311
2404	274
2405	337
2406	306
2407	297
2408	335
2409	342
2410	351
2411	276
2412	332
2413	327
2414	338
2415	338
2416	342
2417	330
2418	317
2419	318
2420	308
2421	325
2422	317
2423	319
2424	330
2425	315
2426	307
2427	292
2428	304
2429	299
2430	308
2431	315
2432	334
2433	305
2434	314
2435	333
2436	272
2437	315
2438	294
2439	325
2440	334
2441	291
2442	291
2443	269
2444	311
2445	310
2446	300
2447	285
2448	314
2449	317
2450	293
2451	328
2452	304
2453	279
2454	271
2455	271
2456	287
2457	308
2458	289
2459	285
2460	263
2461	275
2462	310
2463	297
2464	315
2465	305
2466	276
2467	282
2468	265
2469	286
2470	280
2471	281
2472	275
2473	308
2474	285
2475	282
2476	296
2477	263
2478	245
2479	283
2480	264
2481	256
2482	276
2483	262
2484	271
2485	261
2486	241
2487	249
2488	263
2489	255
2490	245
2491	266
2492	244
2493	260
2494	263
2495	264
2496	227
2497	258
2498	254
2499	256
2500	242
2501	243
2502	257
2503	252
2504	256
2505	243
2506	244
2507	232
2508	231
2509	233
2510	240
2511	244
2512	239
2513	239
2514	239
2515	249
2516	213
2517	223
2518	232
2519	231
2520	245
2521	228
2522	247
2523	207
2524	188
2525	217
2526	220
2527	211
2528	197
2529	210
2530	211
2531	193
2532	222
2533	220
2534	241
2535	215
2536	212
2537	198
2538	194
2539	174
2540	186
2541	210
2542	201
2543	182
2544	183
2545	208
2546	189
2547	201
2548	190
2549	181
2550	185
2551	178
2552	193
2553	169
2554	170
2555	174
2556	169
2557	172
2558	180
2559	170
2560	171
2561	146
2562	147
2563	169
2564	162
2565	170
2566	167
2567	180
2568	165
2569	184
2570	179
2571	177
2572	158
2573	139
2574	172
2575	158
2576	152
2577	161
2578	152
2579	146
2580	137
2581	160
2582	149
2583	145
2584	126
2585	159
2586	160
2587	151
2588	164
2589	138
2590	143
2591	150
2592	149
2593	140
2594	136
2595	122
2596	137
2597	122
2598	140
2599	135
2600	157
2601	128
2602	141
2603	122
2604	145
2605	130
2606	137
2607	130
2608	137
2609	121
2610	104
2611	109
2612	119
2613	110
2614	111
2615	120
2616	118
2617	123
2618	112
2619	128
2620	106
2621	120
2622	109
2623	118
2624	106
2625	123
2626	108
2627	96
2628	86
2629	100
2630	101
2631	83
2632	116
2633	101
2634	107
2635	97
2636	94
2637	109
2638	121
2639	95
2640	100
2641	89
2642	90
2643	95
2644	90
2645	105
2646	95
2647	102
2648	98
2649	91
2650	93
2651	93
2652	78
2653	82
2654	89
2655	95
2656	80
2657	81
2658	92
2659	74
2660	83
2661	63
2662	86
2663	62
2664	78
2665	71
2666	81
2667	77
2668	72
2669	84
2670	70
2671	75
2672	71
2673	85
2674	87
2675	81
2676	88
2677	81
2678	67
2679	82
2680	59
2681	88
2682	73
2683	70
2684	78
2685	74
2686	60
2687	66
2688	75
2689	75
2690	72
2691	66
2692	74
2693	80
2694	69
2695	83
2696	52
2697	68
2698	53
2699	68
2700	74
2701	69
2702	57
2703	75
2704	69
2705	53
2706	64
2707	50
2708	62
2709	46
2710	58
2711	44
2712	48
2713	67
2714	67
2715	64
2716	54
2717	72
2718	54
2719	59
2720	68
2721	65
2722	58
2723	60
2724	51
2725	69
2726	45
2727	54
2728	47
2729	64
2730	45
2731	58
2732	45
2733	65
2734	60
2735	54
2736	62
2737	57
2738	53
2739	54
2740	59
2741	44
2742	65
2743	53
2744	55
2745	52
2746	52
2747	69
2748	48
2749	43
2750	51
2751	52
2752	55
2753	45
2754	45
2755	62
2756	47
2757	46
2758	52
2759	45
2760	38
2761	48
2762	65
2763	42
2764	62
2765	41
2766	47
2767	44
2768	48
2769	55
2770	42
2771	51
2772	58
2773	49
2774	50
2775	55
2776	42
2777	60
2778	44
2779	57
2780	50
2781	48
2782	56
2783	51
2784	47
2785	47
2786	46
2787	40
2788	52
2789	40
2790	45
2791	45
2792	39
2793	40
2794	53
2795	44
2796	50
2797	30
2798	44
2799	41
2800	48
2801	41
2802	43
2803	39
2804	33
2805	49
2806	44
2807	47
2808	45
2809	36
2810	44
2811	42
2812	40
2813	41
2814	38
2815	53
2816	42
2817	46
2818	37
2819	35
2820	40
2821	33
2822	32
2823	43
2824	46
2825	35
2826	40
2827	41
2828	37
2829	37
2830	45
2831	28
2832	35
2833	45
2834	36
2835	51
2836	39
2837	41
2838	46
2839	41
2840	43
2841	38
2842	35
2843	38
2844	55
2845	46
2846	41
2847	36
2848	45
2849	40
2850	41
2851	37
2852	50
2853	50
2854	42
2855	30
2856	41
2857	38
2858	42
2859	47
2860	29
2861	37
2862	38
2863	38
2864	41
2865	42
2866	32
2867	36
2868	41
2869	42
2870	40
2871	38
2872	52
2873	36
2874	43
2875	47
2876	28
2877	41
2878	46
2879	53
2880	47
2881	42
2882	35
2883	50
2884	46
2885	57
2886	40
2887	38
2888	35
2889	37
2890	40
2891	43
2892	46
2893	52
2894	36
2895	42
2896	35
2897	30
2898	39
2899	42
2900	49
2901	37
2902	43
2903	40
2904	41
2905	30
2906	37
2907	45
2908	35
2909	47
2910	35
2911	41
2912	29
2913	37
2914	31
2915	35
2916	37
2917	36
2918	49
2919	37
2920	41
2921	46
2922	34
2923	41
2924	48
2925	39
2926	45
2927	35
2928	45
2929	39
2930	34
2931	33
2932	33
2933	50
2934	37
2935	46
2936	38
2937	42
2938	37
2939	28
2940	41
2941	33
2942	35
2943	31
2944	45
2945	34
2946	51
2947	43
2948	46
2949	31
2950	25
2951	38
2952	31
2953	35
2954	50
2955	39
2956	37
2957	34
2958	33
2959	35
2960	30
2961	28
2962	49
2963	42
2964	37
2965	30
2966	36
2967	32
2968	41
2969	35
2970	35
2971	30
2972	38
2973	36
2974	36
2975	38
2976	43
2977	37
2978	38
2979	42
2980	26
2981	37
2982	40
2983	33
2984	40
2985	36
2986	36
2987	38
2988	39
2989	37
2990	37
2991	35
2992	33
2993	34
2994	45
2995	33
2996	43
2997	44
2998	36
2999	41
3000	39
3001	47
3002	39
3003	31
3004	50
3005	50
3006	37
3007	33
3008	45
3009	49
3010	49
3011	35
3012	46
3013	46
3014	31
3015	31
3016	30
3017	36
3018	36
3019	29
3020	38
3021	34
3022	46
3023	48
3024	34
3025	35
3026	46
3027	36
3028	39
3029	38
3030	37
3031	31
3032	38
3033	41
3034	30
3035	37
3036	38
3037	36
3038	41
3039	44
3040	41
3041	23
3042	42
3043	27
3044	44
3045	38
3046	41
3047	34
3048	42
3049	36
3050	38
3051	36
3052	27
3053	45
3054	37
3055	36
3056	42
3057	33
3058	38
3059	56
3060	40
3061	38
3062	51
3063	26
3064	36
3065	37
3066	31
3067	38
3068	33
3069	38
3070	30
3071	39
3072	36
3073	28
3074	37
3075	33
3076	43
3077	20
3078	36
3079	38
3080	42
3081	32
3082	34
3083	39
3084	47
3085	42
3086	35
3087	39
3088	32
3089	31
3090	26
3091	39
3092	32
3093	36
3094	41
3095	33
3096	37
3097	36
3098	24
3099	29
3100	46
3101	26
3102	35
3103	31
3104	36
3105	29
3106	39
3107	52
3108	28
3109	41
3110	29
3111	37
3112	38
3113	35
3114	39
3115	31
3116	33
3117	35
3118	30
3119	36
3120	39
3121	34
3122	51
3123	40
3124	45
3125	40
3126	24
3127	33
3128	39
3129	39
3130	37
3131	26
3132	36
3133	37
3134	41
3135	36
3136	36
3137	44
3138	40
3139	29
3140	33
3141	38
3142	27
3143	32
3144	31
3145	34
3146	45
3147	44
3148	39
3149	50
3150	31
3151	41
3152	41
3153	42
3154	30
3155	30
3156	34
3157	39
3158	31
3159	32
3160	38
3161	32
3162	38
3163	24
3164	32
3165	44
3166	26
3167	31
3168	29
3169	27
3170	40
3171	36
3172	29
3173	31
3174	41
3175	38
3176	38
3177	34
3178	27
3179	32
3180	36
3181	26
3182	40
3183	39
3184	24
3185	44
3186	31
3187	27
3188	29
3189	39
3190	29
3191	34
3192	41
3193	33
3194	33
3195	37
3196	27
3197	24
3198	19
3199	44
3200	33
3201	32
3202	39
3203	35
3204	31
3205	36
3206	38
3207	30
3208	30
3209	34
3210	34
3211	39
3212	26
3213	36
3214	36
3215	38
3216	25
3217	38
3218	37
3219	39
3220	32
3221	41
3222	18
3223	40
3224	32
3225	36
3226	24
3227	35
3228	33
3229	39
3230	32
3231	32
3232	29
3233	29
3234	30
3235	33
3236	35
3237	29
3238	38
3239	29
3240	38
3241	24
3242	35
3243	27
3244	29
3245	40
3246	32
3247	20
3248	40
3249	34
3250	44
3251	40
3252	25
3253	26
3254	33
3255	28
3256	26
3257	41
3258	28
3259	38
3260	31
3261	35
3262	29
3263	25
3264	29
3265	34
3266	39
3267	44
3268	34
3269	36
3270	35
3271	42
3272	41
3273	38
3274	35
3275	30
3276	25
3277	31
3278	47
3279	30
3280	32
3281	29
3282	39
3283	37
3284	38
3285	32
3286	37
3287	29
3288	26
3289	44
3290	24
3291	42
3292	38
3293	21
3294	37
3295	31
3296	31
3297	31
3298	29
3299	30
3300	37
3301	41
3302	22
3303	42
3304	18
3305	34
3306	37
3307	24
3308	34
3309	35
3310	30
3311	26
3312	34
3313	34
3314	29
3315	24
3316	36
3317	31
3318	26
3319	29
3320	27
3321	34
3322	31
3323	31
3324	34
3325	34
3326	35
3327	22
3328	36
3329	31
3330	39
3331	36
3332	37
3333	27
3334	34
3335	32
3336	24
3337	29
3338	30
3339	43
3340	51
3341	29
3342	31
3343	28
3344	37
3345	27
3346	34
3347	29
3348	31
3349	24
3350	31
3351	33
3352	37
3353	34
3354	37
3355	44
3356	26
3357	34
3358	30
3359	28
3360	35
3361	24
3362	32
3363	39
3364	39
3365	30
3366	25
3367	37
3368	31
3369	27
3370	38
3371	32
3372	29
3373	22
3374	31
3375	39
3376	38
3377	27
3378	31
3379	36
3380	37
3381	32
3382	36
3383	33
3384	24
3385	34
3386	24
3387	19
3388	29
3389	18
3390	32
3391	28
3392	24
3393	34
3394	29
3395	19
3396	28
3397	31
3398	23
3399	34
3400	30
3401	27
3402	19
3403	41
3404	31
3405	31
3406	30
3407	22
3408	29
3409	30
3410	35
3411	35
3412	32
3413	25
3414	32
3415	23
3416	34
3417	32
3418	28
3419	33
3420	35
3421	21
3422	32
3423	31
3424	36
3425	33
3426	32
3427	37
3428	27
3429	35
3430	27
3431	33
3432	21
3433	28
3434	25
3435	39
3436	27
3437	31
3438	20
3439	28
3440	33
3441	33
3442	23
3443	29
3444	31
3445	30
3446	26
3447	37
3448	33
3449	27
3450	36
3451	34
3452	27
3453	25
3454	32
3455	36
3456	24
3457	26
3458	20
3459	35
3460	28
3461	37
3462	22
3463	30
3464	28
3465	26
3466	34
3467	38
3468	34
3469	32
3470	33
3471	22
3472	19
3473	46
3474	28
3475	30
3476	40
3477	27
3478	32
3479	36
3480	30
3481	24
3482	29
3483	32
3484	28
3485	30
3486	37
3487	31
3488	30
3489	26
3490	33
3491	29
3492	32
3493	29
3494	32
3495	29
3496	19
3497	21
3498	23
3499	24
3500	33
3501	27
3502	25
3503	27
3504	39
3505	30
3506	21
3507	31
3508	31
3509	32
3510	22
3511	27
3512	39
3513	31
3514	25
3515	29
3516	24
3517	33
3518	31
3519	34
3520	25
3521	30
3522	34
3523	34
3524	29
3525	42
3526	24
3527	28
3528	22
3529	31
3530	29
3531	35
3532	34
3533	31
3534	26
3535	30
3536	29
3537	23
3538	36
3539	18
3540	16
3541	33
3542	41
3543	29
3544	36
3545	29
3546	17
3547	32
3548	23
3549	36
3550	31
3551	24
3552	29
3553	21
3554	29
3555	20
3556	25
3557	33
3558	28
3559	33
3560	21
3561	16
3562	20
3563	36
3564	33
3565	24
3566	22
3567	31
3568	25
3569	26
3570	32
3571	25
3572	35
3573	21
3574	25
3575	24
3576	26
3577	30
3578	26
3579	23
3580	23
3581	28
3582	25
3583	33
3584	32
3585	21
3586	36
3587	34
3588	23
3589	19
3590	29
3591	26
3592	21
3593	26
3594	24
3595	23
3596	26
3597	23
3598	24
3599	31
3600	38
3601	26
3602	24
3603	32
3604	36
3605	22
3606	18
3607	29
3608	34
3609	21
3610	26
3611	26
3612	23
3613	20
3614	33
3615	25
3616	27
3617	26
3618	18
3619	26
3620	27
3621	23
3622	36
3623	18
3624	31
3625	19
3626	28
3627	22
3628	28
3629	23
3630	25
3631	20
3632	22
3633	26
3634	28
3635	24
3636	29
3637	30
3638	22
3639	29
3640	24
3641	20
3642	28
3643	33
3644	22
3645	28
3646	36
3647	27
3648	33
3649	27
3650	20
3651	33
3652	25
3653	20
3654	32
3655	31
3656	13
3657	35
3658	20
3659	13
3660	30
3661	22
3662	36
3663	25
3664	32
3665	24
3666	17
3667	28
3668	19
3669	22
3670	29
3671	26
3672	28
3673	24
3674	32
3675	26
3676	33
3677	16
3678	22
3679	31
3680	29
3681	29
3682	35
3683	28
3684	32
3685	24
3686	26
3687	22
3688	31
3689	37
3690	24
3691	31
3692	31
3693	23
3694	30
3695	29
3696	26
3697	28
3698	30
3699	26
3700	27
3701	31
3702	28
3703	34
3704	28
3705	27
3706	26
3707	23
3708	22
3709	31
3710	31
3711	30
3712	29
3713	33
3714	26
3715	30
3716	34
3717	30
3718	28
3719	29
3720	40
3721	25
3722	24
3723	23
3724	20
3725	16
3726	22
3727	29
3728	23
3729	27
3730	27
3731	16
3732	26
3733	34
3734	19
3735	32
3736	25
3737	21
3738	18
3739	26
3740	23
3741	22
3742	24
3743	26
3744	24
3745	27
3746	26
3747	17
3748	26
3749	26
3750	15
3751	28
3752	27
3753	34
3754	28
3755	21
3756	25
3757	27
3758	22
3759	28
3760	39
3761	25
3762	28
3763	20
3764	19
3765	27
3766	26
3767	31
3768	22
3769	22
3770	14
3771	23
3772	32
3773	20
3774	26
3775	27
3776	25
3777	32
3778	32
3779	23
3780	39
3781	21
3782	27
3783	33
3784	24
3785	26
3786	28
3787	23
3788	28
3789	24
3790	22
3791	22
3792	29
3793	30
3794	19
3795	28
3796	29
3797	16
3798	21
3799	27
3800	18
3801	25
3802	25
3803	21
3804	22
3805	23
3806	18
3807	21
3808	25
3809	19
3810	22
3811	25
3812	23
3813	21
3814	29
3815	23
3816	26
3817	29
3818	24
3819	27
3820	30
3821	26
3822	21
3823	23
3824	19
3825	30
3826	19
3827	17
3828	28
3829	21
3830	24
3831	19
3832	27
3833	20
3834	26
3835	19
3836	22
3837	19
3838	26
3839	26
3840	24
3841	21
3842	30
3843	17
3844	22
3845	20
3846	25
3847	24
3848	30
3849	23
3850	27
3851	23
3852	27
3853	21
3854	27
3855	25
3856	22
3857	22
3858	24
3859	32
3860	33
3861	14
3862	23
3863	28
3864	29
3865	19
3866	30
3867	23
3868	14
3869	26
3870	21
3871	20
3872	26
3873	30
3874	36
3875	19
3876	23
3877	23
3878	26
3879	30
3880	34
3881	21
3882	19
3883	19
3884	18
3885	25
3886	16
3887	26
3888	29
3889	26
3890	20
3891	26
3892	19
3893	32
3894	21
3895	17
3896	19
3897	24
3898	29
3899	15
3900	34
3901	19
3902	26
3903	31
3904	14
3905	30
3906	19
3907	22
3908	31
3909	28
3910	27
3911	21
3912	20
3913	23
3914	28
3915	29
3916	22
3917	16
3918	24
3919	25
3920	22
3921	20
3922	28
3923	21
3924	25
3925	26
3926	26
3927	20
3928	23
3929	29
3930	22
3931	25
3932	24
3933	21
3934	25
3935	9
3936	26
3937	20
3938	33
3939	19
3940	18
3941	24
3942	26
3943	34
3944	22
3945	27
3946	17
3947	25
3948	26
3949	23
3950	31
3951	25
3952	28
3953	18
3954	31
3955	22
3956	32
3957	23
3958	25
3959	25
3960	17
3961	27
3962	29
3963	19
3964	23
3965	31
3966	18
3967	13
3968	31
3969	26
3970	19
3971	29
3972	21
3973	26
3974	23
3975	26
3976	18
3977	29
3978	24
3979	21
3980	26
3981	26
3982	19
3983	22
3984	20
3985	21
3986	26
3987	21
3988	26
3989	25
3990	20
3991	33
3992	24
3993	25
3994	25
3995	23
3996	19
3997	27
3998	27
3999	15
4000	19
4001	21
4002	20
4003	12
4004	30
4005	21
4006	26
4007	18
4008	21
4009	17
4010	21
4011	27
4012	23
4013	23
4014	31
4015	28
4016	12
4017	23
4018	30
4019	20
4020	22
4021	28
4022	26
4023	29
4024	18
4025	21
4026	13
4027	17
4028	19
4029	27
4030	21
4031	20
4032	23
4033	18
4034	19
4035	18
4036	23
4037	18
4038	21
4039	28
4040	24
4041	26
4042	23
4043	18
4044	16
4045	19
4046	23
4047	24
4048	22
4049	20
4050	24
4051	20
4052	33
4053	26
4054	34
4055	21
4056	17
4057	24
4058	17
4059	20
4060	19
4061	20
4062	17
4063	22
4064	16
4065	27
4066	22
4067	29
4068	25
4069	19
4070	23
4071	27
4072	13
4073	23
4074	17
4075	18
4076	24
4077	30
4078	27
4079	23
4080	25
4081	19
4082	21
4083	24
4084	17
4085	16
4086	26
4087	26
4088	21
4089	22
4090	21
4091	24
4092	30
4093	14
4094	30
4095	19
4096	18
4097	14
4098	18
4099	14
4100	29
4101	13
4102	12
4103	20
4104	15
4105	21
4106	18
4107	24
4108	16
4109	19
4110	17
4111	22
4112	20
4113	14
4114	16
4115	25
4116	31
4117	17
4118	23
4119	18
4120	21
4121	28
4122	11
4123	20
4124	22
4125	18
4126	24
4127	16
4128	23
4129	19
4130	28
4131	25
4132	20
4133	23
4134	24
4135	23
4136	21
4137	14
4138	19
4139	22
4140	26
4141	28
4142	19
4143	25
4144	22
4145	32
4146	28
4147	22
4148	11
4149	30
4150	19
4151	18
4152	20
4153	18
4154	15
4155	16
4156	25
4157	18
4158	18
4159	16
4160	27
4161	24
4162	22
4163	26
4164	17
4165	17
4166	22
4167	11
4168	24
4169	29
4170	21
4171	26
4172	20
4173	23
4174	24
4175	14
4176	18
4177	15
4178	21
4179	21
4180	30
4181	24
4182	22
4183	19
4184	23
4185	24
4186	16
4187	18
4188	22
4189	27
4190	17
4191	27
4192	16
4193	26
4194	23
4195	19
4196	26
4197	19
4198	15
4199	19
4200	26
4201	13
4202	15
4203	26
4204	15
4205	21
4206	28
4207	15
4208	31
4209	26
4210	10
4211	14
4212	21
4213	23
4214	23
4215	17
4216	15
4217	23
4218	16
4219	25
4220	23
4221	25
4222	14
4223	14
4224	15
4225	12
4226	16
4227	31
4228	20
4229	15
4230	15
4231	20
4232	22
4233	13
4234	19
4235	22
4236	19
4237	18
4238	18
4239	22
4240	17
4241	21
4242	16
4243	24
4244	18
4245	13
4246	17
4247	17
4248	20
4249	20
4250	13
4251	19
4252	18
4253	16
4254	19
4255	22
4256	22
4257	21
4258	22
4259	20
4260	9
4261	16
4262	11
4263	12
4264	33
4265	25
4266	17
4267	27
4268	18
4269	14
4270	15
4271	22
4272	16
4273	25
4274	22
4275	17
4276	22
4277	19
4278	21
4279	34
4280	24
4281	23
4282	9
4283	26
4284	19
4285	27
4286	22
4287	21
4288	20
4289	23
4290	20
4291	28
4292	20
4293	32
4294	24
4295	10
4296	26
4297	23
4298	18
4299	20
4300	21
4301	17
4302	18
4303	21
4304	28
4305	26
4306	18
4307	13
4308	32
4309	23
4310	22
4311	16
4312	19
4313	23
4314	18
4315	22
4316	16
4317	22
4318	18
4319	18
4320	19
4321	16
4322	16
4323	18
4324	19
4325	26
4326	21
4327	28
4328	16
4329	20
4330	13
4331	14
4332	19
4333	19
4334	19
4335	17
4336	17
4337	20
4338	14
4339	24
4340	13
4341	18
4342	18
4343	13
4344	21
4345	22
4346	20
4347	16
4348	27
4349	19
4350	23
4351	26
4352	18
4353	23
4354	19
4355	22
4356	20
4357	27
4358	17
4359	20
4360	22
4361	22
4362	21
4363	19
4364	19
4365	14
4366	10
4367	11
4368	14
4369	26
4370	14
4371	12
4372	23
4373	13
4374	14
4375	29
4376	13
4377	23
4378	21
4379	16
4380	15
4381	18
4382	18
4383	25
4384	14
4385	14
4386	25
4387	21
4388	16
4389	11
4390	14
4391	17
4392	25
4393	19
4394	13
4395	20
4396	16
4397	18
4398	23
4399	18
4400	26
4401	23
4402	14
4403	13
4404	9
4405	20
4406	19
4407	13
4408	24
4409	17
4410	15
4411	17
4412	24
4413	23
4414	17
4415	17
4416	10
4417	18
4418	20
4419	9
4420	14
4421	18
4422	21
4423	19
4424	16
4425	13
4426	16
4427	16
4428	26
4429	23
4430	21
4431	16
4432	9
4433	24
4434	24
4435	14
4436	13
4437	14
4438	19
4439	17
4440	25
4441	21
4442	14
4443	17
4444	15
4445	21
4446	12
4447	18
4448	22
4449	13
4450	16
4451	15
4452	16
4453	9
4454	11
4455	25
4456	18
4457	22
4458	19
4459	12
4460	30
4461	24
4462	23
4463	26
4464	24
4465	20
4466	19
4467	23
4468	18
4469	20
4470	15
4471	14
4472	13
4473	23
4474	15
4475	21
4476	18
4477	17
4478	16
4479	19
4480	16
4481	21
4482	15
4483	18
4484	22
4485	24
4486	21
4487	13
4488	19
4489	14
4490	20
4491	17
4492	29
4493	14
4494	6
4495	13
4496	14
4497	16
4498	24
4499	25
4500	14
4501	19
4502	14
4503	21
4504	17
4505	16
4506	14
4507	25
4508	17
4509	18
4510	10
4511	21
4512	18
4513	16
4514	19
4515	12
4516	16
4517	18
4518	19
4519	17
4520	16
4521	22
4522	14
4523	22
4524	14
4525	26
4526	19
4527	15
4528	20
4529	24
4530	13
4531	16
4532	15
4533	20
4534	14
4535	12
4536	20
4537	19
4538	14
4539	17
4540	13
4541	13
4542	11
4543	11
4544	21
4545	12
4546	9
4547	14
4548	22
4549	18
4550	19
4551	17
4552	15
4553	15
4554	13
4555	16
4556	15
4557	18
4558	9
4559	17
4560	17
4561	20
4562	19
4563	20
4564	26
4565	13
4566	22
4567	24
4568	20
4569	15
4570	19
4571	14
4572	18
4573	24
4574	10
4575	8
4576	20
4577	21
4578	19
4579	23
4580	15
4581	19
4582	18
4583	21
4584	20
4585	18
4586	15
4587	17
4588	21
4589	18
4590	13
4591	15
4592	26
4593	17
4594	11
4595	16
4596	20
4597	9
4598	14
4599	18
4600	11
4601	13
4602	22
4603	19
4604	16
4605	16
4606	17
4607	19
4608	15
4609	17
4610	17
4611	15
4612	26
4613	23
4614	14
4615	23
4616	24
4617	15
4618	16
4619	19
4620	18
4621	12
4622	18
4623	14
4624	10
4625	15
4626	10
4627	12
4628	14
4629	15
4630	13
4631	11
4632	25
4633	22
4634	10
4635	10
4636	18
4637	16
4638	21
4639	11
4640	17
4641	20
4642	18
4643	15
4644	16
4645	18
4646	15
4647	17
4648	17
4649	20
4650	25
4651	13
4652	22
4653	12
4654	21
4655	25
4656	18
4657	25
4658	21
4659	16
4660	18
4661	12
4662	12
4663	16
4664	16
4665	26
4666	13
4667	21
4668	14
4669	17
4670	16
4671	18
4672	16
4673	9
4674	21
4675	23
4676	13
4677	12
4678	7
4679	16
4680	17
4681	16
4682	16
4683	16
4684	14
4685	22
4686	15
4687	18
4688	13
4689	7
4690	19
4691	14
4692	18
4693	10
4694	25
4695	19
4696	18
4697	12
4698	14
4699	16
4700	17
4701	16
4702	18
4703	20
4704	19
4705	14
4706	19
4707	19
4708	14
4709	19
4710	24
4711	20
4712	11
4713	13
4714	14
4715	15
4716	16
4717	11
4718	18
4719	22
4720	16
4721	19
4722	16
4723	12
4724	17
4725	18
4726	15
4727	14
4728	16
4729	4
4730	14
4731	14
4732	22
4733	16
4734	14
4735	21
4736	18
4737	10
4738	22
4739	12
4740	19
4741	14
4742	17
4743	13
4744	16
4745	17
4746	12
4747	19
4748	11
4749	18
4750	10
4751	20
4752	20
4753	17
4754	18
4755	23
4756	23
4757	21
4758	15
4759	10
4760	20
4761	12
4762	11
4763	14
4764	14
4765	19
4766	13
4767	14
4768	11
4769	18
4770	17
4771	13
4772	22
4773	23
4774	14
4775	14
4776	16
4777	17
4778	12
4779	17
4780	12
4781	19
4782	14
4783	17
4784	15
4785	12
4786	16
4787	10
4788	18
4789	20
4790	15
4791	20
4792	18
4793	15
4794	9
4795	10
4796	15
4797	14
4798	17
4799	20
4800	10
4801	20
4802	12
4803	21
4804	15
4805	20
4806	15
4807	20
4808	19
4809	6
4810	14
4811	10
4812	11
4813	13
4814	11
4815	12
4816	15
4817	18
4818	13
4819	11
4820	8
4821	18
4822	13
4823	8
4824	9
4825	14
4826	11
4827	11
4828	12
4829	14
4830	16
4831	11
4832	11
4833	14
4834	13
4835	10
4836	11
4837	11
4838	18
4839	22
4840	11
4841	11
4842	17
4843	11
4844	17
4845	15
4846	13
4847	19
4848	15
4849	9
4850	18
4851	15
4852	13
4853	18
4854	9
4855	15
4856	11
4857	12
4858	21
4859	13
4860	9
4861	15
4862	15
4863	19
4864	15
4865	10
4866	9
4867	17
4868	17
4869	13
4870	17
4871	22
4872	10
4873	15
4874	18
4875	14
4876	17
4877	9
4878	12
4879	10
4880	16
4881	10
4882	16
4883	16
4884	11
4885	12
4886	20
4887	16
4888	15
4889	14
4890	17
4891	14
4892	19
4893	13
4894	11
4895	14
4896	8
4897	16
4898	12
4899	19
4900	7
4901	20
4902	20
4903	8
4904	15
4905	16
4906	13
4907	15
4908	12
4909	15
4910	13
4911	15
4912	8
4913	18
4914	18
4915	10
4916	8
4917	18
4918	15
4919	20
4920	10
4921	12
4922	13
4923	20
4924	16
4925	12
4926	25
4927	16
4928	13
4929	14
4930	14
4931	13
4932	13
4933	19
4934	9
4935	19
4936	13
4937	19
4938	16
4939	15
4940	18
4941	12
4942	14
4943	14
4944	14
4945	10
4946	15
4947	18
4948	12
4949	17
4950	13
4951	14
4952	13
4953	11
4954	15
4955	13
4956	12
4957	15
4958	15
4959	15
4960	14
4961	12
4962	18
4963	19
4964	16
4965	22
4966	4
4967	14
4968	16
4969	6
4970	18
4971	12
4972	11
4973	14
4974	17
4975	15
4976	14
4977	14
4978	19
4979	17
4980	15
4981	9
4982	17
4983	18
4984	14
4985	9
4986	13
4987	18
4988	6
4989	10
4990	13
4991	18
4992	12
4993	10
4994	20
4995	18
4996	13
4997	17
4998	5
4999	15
5000	13
5001	13
5002	11
5003	9
5004	14
5005	15
5006	14
5007	11
5008	14
5009	15
5010	13
5011	13
5012	12
5013	15
5014	12
5015	18
5016	16
5017	9
5018	5
5019	14
5020	10
5021	12
5022	13
5023	12
5024	6
5025	17
5026	12
5027	15
5028	11
5029	16
5030	20
5031	13
5032	9
5033	14
5034	12
5035	17
5036	19
5037	13
5038	15
5039	16
5040	18
5041	13
5042	14
5043	9
5044	14
5045	12
5046	21
5047	12
5048	11
5049	8
5050	18
5051	19
5052	17
5053	14
5054	15
5055	20
5056	13
5057	16
5058	15
5059	8
5060	15
5061	12
5062	12
5063	14
5064	12
5065	11
5066	18
5067	19
5068	9
5069	13
5070	14
5071	14
5072	9
5073	9
5074	14
5075	10
5076	6
5077	10
5078	9
5079	12
5080	13
5081	12
5082	7
5083	15
5084	11
5085	16
5086	16
5087	15
5088	8
5089	17
5090	17
5091	11
5092	11
5093	9
5094	12
5095	12
5096	15
5097	14
5098	8
5099	15
5100	11
5101	12
5102	12
5103	17
5104	15
5105	10
5106	10
5107	13
5108	17
5109	13
5110	15
5111	10
5112	12
5113	13
5114	12
5115	11
5116	13
5117	8
5118	12
5119	10
5120	11
5121	13
5122	16
5123	11
5124	11
5125	13
5126	13
5127	12
5128	14
5129	10
5130	12
5131	11
5132	12
5133	14
5134	11
5135	10
5136	15
5137	15
5138	12
5139	15
5140	12
5141	17
5142	12
5143	13
5144	11
5145	10
5146	13
5147	8
5148	11
5149	9
5150	13
5151	11
5152	15
5153	12
5154	16
5155	4
5156	12
5157	17
5158	9
5159	17
5160	14
5161	15
5162	11
5163	16
5164	13
5165	15
5166	11
5167	12
5168	13
5169	17
5170	10
5171	13
5172	13
5173	17
5174	12
5175	18
5176	12
5177	13
5178	14
5179	11
5180	16
5181	3
5182	11
5183	20
5184	10
5185	11
5186	18
5187	17
5188	5
5189	15
5190	13
5191	20
5192	8
5193	16
5194	10
5195	15
5196	15
5197	13
5198	17
5199	8
5200	8
5201	15
5202	10
5203	9
5204	11
5205	10
5206	14
5207	10
5208	19
5209	10
5210	16
5211	16
5212	12
5213	15
5214	16
5215	17
5216	5
5217	11
5218	15
5219	16
5220	13
5221	9
5222	14
5223	11
5224	15
5225	14
5226	9
5227	9
5228	17
5229	10
5230	13
5231	9
5232	14
5233	14
5234	12
5235	14
5236	10
5237	9
5238	17
5239	20
5240	10
5241	14
5242	16
5243	17
5244	8
5245	14
5246	8
5247	17
5248	12
5249	17
5250	11
5251	15
5252	9
5253	15
5254	9
5255	17
5256	8
5257	16
5258	7
5259	11
5260	15
5261	15
5262	11
5263	10
5264	13
5265	12
5266	13
5267	7
5268	13
5269	10
5270	18
5271	10
5272	15
5273	10
5274	9
5275	8
5276	20
5277	12
5278	8
5279	11
5280	19
5281	12
5282	10
5283	14
5284	18
5285	8
5286	13
5287	13
5288	15
5289	17
5290	16
5291	6
5292	13
5293	17
5294	13
5295	15
5296	17
5297	17
5298	13
5299	12
5300	12
5301	9
5302	8
5303	20
5304	13
5305	14
5306	19
5307	18
5308	10
5309	11
5310	12
5311	7
5312	13
5313	12
5314	13
5315	13
5316	18
5317	14
5318	15
5319	11
5320	16
5321	8
5322	12
5323	19
5324	13
5325	12
5326	16
5327	11
5328	20
5329	9
5330	14
5331	10
5332	10
5333	17
5334	13
5335	14
5336	15
5337	13
5338	15
5339	16
5340	12
5341	14
5342	18
5343	11
5344	15
5345	11
5346	16
5347	9
5348	7
5349	8
5350	12
5351	19
5352	7
5353	11
5354	17
5355	10
5356	12
5357	12
5358	12
5359	12
5360	11
5361	6
5362	10
5363	11
5364	12
5365	11
5366	10
5367	11
5368	6
5369	15
5370	12
5371	9
5372	9
5373	14
5374	9
5375	10
5376	11
5377	14
5378	12
5379	12
5380	17
5381	15
5382	16
5383	19
5384	12
5385	14
5386	10
5387	12
5388	7
5389	11
5390	10
5391	18
5392	13
5393	15
5394	17
5395	13
5396	12
5397	9
5398	10
5399	8
5400	9
5401	16
5402	6
5403	16
5404	13
5405	12
5406	12
5407	10
5408	13
5409	13
5410	16
5411	15
5412	13
5413	16
5414	9
5415	10
5416	17
5417	13
5418	13
5419	16
5420	13
5421	15
5422	14
5423	13
5424	8
5425	10
5426	10
5427	11
5428	7
5429	9
5430	18
5431	13
5432	10
5433	17
5434	12
5435	13
5436	19
5437	9
5438	12
5439	14
5440	14
5441	15
5442	10
5443	13
5444	22
5445	15
5446	11
5447	9
5448	13
5449	20
5450	15
5451	16
5452	14
5453	11
5454	7
5455	13
5456	20
5457	15
5458	19
5459	14
5460	12
5461	9
5462	11
5463	10
5464	15
5465	13
5466	11
5467	11
5468	16
5469	14
5470	13
5471	15
5472	13
5473	13
5474	9
5475	13
5476	14
5477	18
5478	11
5479	9
5480	13
5481	11
5482	14
5483	9
5484	16
5485	17
5486	17
5487	12
5488	10
5489	4
5490	14
5491	9
5492	10
5493	12
5494	13
5495	9
5496	14
5497	10
5498	18
5499	14
5500	10
5501	12
5502	13
5503	23
5504	11
5505	12
5506	18
5507	11
5508	8
5509	9
5510	12
5511	8
5512	15
5513	13
5514	10
5515	14
5516	16
5517	14
5518	9
5519	17
5520	8
5521	16
5522	8
5523	3
5524	13
5525	13
5526	21
5527	13
5528	17
5529	15
5530	16
5531	7
5532	11
5533	14
5534	20
5535	10
5536	10
5537	12
5538	9
5539	18
5540	16
5541	12
5542	19
5543	5
5544	10
5545	12
5546	10
5547	10
5548	18
5549	15
5550	16
5551	19
5552	15
5553	8
5554	19
5555	18
5556	11
5557	14
5558	10
5559	13
5560	7
5561	12
5562	14
5563	14
5564	22
5565	16
5566	7
5567	14
5568	12
5569	10
5570	9
5571	19
5572	17
5573	15
5574	12
5575	19
5576	10
5577	15
5578	9
5579	13
5580	21
5581	16
5582	15
5583	13
5584	11
5585	10
5586	12
5587	10
5588	14
5589	8
5590	13
5591	17
5592	14
5593	11
5594	14
5595	14
5596	14
5597	12
5598	14
5599	10
5600	6
5601	14
5602	8
5603	15
5604	9
5605	14
5606	13
5607	17
5608	17
5609	15
5610	11
5611	9
5612	16
5613	18
5614	17
5615	15
5616	19
5617	8
5618	14
5619	16
5620	12
5621	16
5622	13
5623	8
5624	9
5625	11
5626	14
5627	13
5628	10
5629	14
5630	12
5631	13
5632	9
5633	18
5634	18
5635	4
5636	16
5637	11
5638	17
5639	11
5640	12
5641	13
5642	13
5643	15
5644	15
5645	16
5646	18
5647	13
5648	13
5649	14
5650	8
5651	11
5652	11
5653	9
5654	14
5655	7
5656	8
5657	9
5658	18
5659	15
5660	16
5661	18
5662	12
5663	7
5664	8
5665	12
5666	11
5667	8
5668	14
5669	11
5670	14
5671	17
5672	17
5673	9
5674	16
5675	19
5676	9
5677	12
5678	8
5679	8
5680	11
5681	11
5682	11
5683	11
5684	15
5685	7
5686	11
5687	10
5688	8
5689	14
5690	11
5691	10
5692	9
5693	6
5694	10
5695	8
5696	11
5697	9
5698	13
5699	13
5700	11
5701	11
5702	11
5703	10
5704	11
5705	12
5706	14
5707	11
5708	17
5709	5
5710	13
5711	10
5712	15
5713	6
5714	9
5715	16
5716	15
5717	15
5718	16
5719	13
5720	13
5721	11
5722	16
5723	12
5724	8
5725	8
5726	5
5727	17
5728	16
5729	16
5730	11
5731	16
5732	11
5733	14
5734	15
5735	12
5736	12
5737	16
5738	12
5739	12
5740	15
5741	10
5742	9
5743	8
5744	12
5745	11
5746	15
5747	14
5748	13
5749	5
5750	14
5751	14
5752	15
5753	11
5754	12
5755	18
5756	10
5757	8
5758	13
5759	21
5760	7
5761	13
5762	15
5763	13
5764	9
5765	16
5766	17
5767	12
5768	8
5769	15
5770	11
5771	18
5772	13
5773	15
5774	12
5775	6
5776	13
5777	14
5778	10
5779	13
5780	9
5781	14
5782	17
5783	23
5784	12
5785	12
5786	22
5787	11
5788	8
5789	17
5790	13
5791	12
5792	10
5793	14
5794	12
5795	15
5796	10
5797	10
5798	15
5799	12
5800	14
5801	12
5802	8
5803	15
5804	12
5805	17
5806	27
5807	15
5808	13
5809	15
5810	18
5811	9
5812	11
5813	15
5814	11
5815	22
5816	8
5817	12
5818	22
5819	12
5820	7
5821	10
5822	14
5823	12
5824	22
5825	13
5826	19
5827	15
5828	13
5829	12
5830	18
5831	10
5832	22
5833	16
5834	8
5835	12
5836	19
5837	10
5838	15
5839	8
5840	12
5841	17
5842	14
5843	9
5844	14
5845	10
5846	15
5847	14
5848	11
5849	13
5850	9
5851	14
5852	14
5853	18
5854	14
5855	12
5856	16
5857	18
5858	15
5859	11
5860	13
5861	13
5862	11
5863	13
5864	13
5865	13
5866	16
5867	8
5868	15
5869	11
5870	13
5871	10
5872	8
5873	11
5874	12
5875	14
5876	17
5877	12
5878	11
5879	8
5880	24
5881	13
5882	18
5883	15
5884	8
5885	15
5886	13
5887	10
5888	8
5889	10
5890	15
5891	7
5892	13
5893	15
5894	9
5895	12
5896	17
5897	14
5898	10
5899	11
5900	12
5901	14
5902	14
5903	14
5904	17
5905	8
5906	10
5907	10
5908	19
5909	11
5910	15
5911	12
5912	20
5913	17
5914	15
5915	5
5916	18
5917	12
5918	13
5919	12
5920	12
5921	15
5922	12
5923	10
5924	8
5925	8
5926	12
5927	11
5928	11
5929	5
5930	9
5931	12
5932	12
5933	18
5934	18
5935	17
5936	15
5937	7
5938	7
5939	11
5940	17
5941	8
5942	12
5943	12
5944	12
5945	16
5946	14
5947	14
5948	13
5949	15
5950	15
5951	15
5952	11
5953	10
5954	15
5955	11
5956	14
5957	6
5958	13
5959	12
5960	14
5961	12
5962	13
5963	9
5964	20
5965	10
5966	12
5967	14
5968	11
5969	11
5970	4
5971	13
5972	13
5973	15
5974	14
5975	18
5976	17
5977	14
5978	14
5979	18
5980	19
5981	18
5982	14
5983	12
5984	14
5985	10
5986	12
5987	13
5988	21
5989	18
5990	12
5991	20
5992	9
5993	11
5994	14
5995	19
5996	13
5997	13
5998	10
5999	5
6000	15
6001	13
6002	8
6003	8
6004	13
6005	8
6006	16
6007	13
6008	13
6009	11
6010	13
6011	14
6012	7
6013	20
6014	13
6015	11
6016	17
6017	3
6018	11
6019	11
6020	15
6021	14
6022	14
6023	16
6024	15
6025	11
6026	21
6027	15
6028	11
6029	10
6030	12
6031	14
6032	12
6033	19
6034	10
6035	8
6036	10
6037	11
6038	12
6039	15
6040	16
6041	11
6042	13
6043	18
6044	15
6045	14
6046	11
6047	11
6048	16
6049	14
6050	22
6051	16
6052	12
6053	12
6054	12
6055	15
6056	18
6057	18
6058	11
6059	12
6060	14
6061	16
6062	13
6063	7
6064	14
6065	12
6066	17
6067	10
6068	14
6069	20
6070	14
6071	15
6072	6
6073	11
6074	16
6075	12
6076	19
6077	14
6078	13
6079	13
6080	17
6081	8
6082	13
6083	10
6084	13
6085	15
6086	11
6087	12
6088	11
6089	9
6090	10
6091	14
6092	13
6093	18
6094	23
6095	16
6096	16
6097	13
6098	20
6099	13
6100	15
6101	15
6102	19
6103	12
6104	15
6105	9
6106	14
6107	14
6108	13
6109	17
6110	6
6111	14
6112	13
6113	17
6114	11
6115	6
6116	19
6117	17
6118	16
6119	12
6120	6
6121	13
6122	20
6123	11
6124	16
6125	16
6126	10
6127	8
6128	13
6129	5
6130	14
6131	14
6132	9
6133	9
6134	15
6135	14
6136	13
6137	13
6138	16
6139	13
6140	23
6141	11
6142	14
6143	13
6144	15
6145	20
6146	18
6147	13
6148	13
6149	10
6150	9
6151	14
6152	7
6153	15
6154	10
6155	15
6156	7
6157	13
6158	12
6159	14
6160	19
6161	20
6162	13
6163	24
6164	12
6165	19
6166	16
6167	11
6168	15
6169	14
6170	10
6171	16
6172	14
6173	23
6174	16
6175	15
6176	10
6177	13
6178	11
6179	19
6180	14
6181	11
6182	12
6183	11
6184	12
6185	22
6186	17
6187	17
6188	19
6189	6
6190	11
6191	21
6192	12
6193	15
6194	10
6195	11
6196	12
6197	19
6198	9
6199	14
6200	11
6201	18
6202	14
6203	14
6204	14
6205	18
6206	8
6207	15
6208	14
6209	13
6210	11
6211	14
6212	21
6213	15
6214	20
6215	10
6216	9
6217	16
6218	13
6219	16
6220	20
6221	17
6222	10
6223	12
6224	20
6225	14
6226	20
6227	16
6228	12
6229	14
6230	15
6231	20
6232	16
6233	18
6234	13
6235	17
6236	14
6237	17
6238	19
6239	10
6240	9
6241	14
6242	19
6243	12
6244	14
6245	20
6246	13
6247	15
6248	18
6249	11
6250	12
6251	13
6252	14
6253	16
6254	15
6255	18
6256	11
6257	15
6258	8
6259	21
6260	20
6261	17
6262	11
6263	15
6264	18
6265	12
6266	11
6267	9
6268	12
6269	12
6270	11
6271	24
6272	14
6273	19
6274	12
6275	23
6276	18
6277	17
6278	12
6279	12
6280	18
6281	12
6282	15
6283	15
6284	13
6285	7
6286	18
6287	13
6288	9
6289	19
6290	15
6291	14
6292	12
6293	15
6294	17
6295	13
6296	9
6297	16
6298	14
6299	6
6300	13
6301	15
6302	8
6303	26
6304	8
6305	20
6306	18
6307	21
6308	11
6309	9
6310	23
6311	19
6312	13
6313	14
6314	20
6315	11
6316	8
6317	16
6318	16
6319	14
6320	14
6321	13
6322	17
6323	9
6324	13
6325	9
6326	20
6327	12
6328	20
6329	15
6330	13
6331	24
6332	15
6333	13
6334	21
6335	17
6336	17
6337	9
6338	14
6339	16
6340	18
6341	14
6342	16
6343	21
6344	11
6345	17
6346	23
6347	11
6348	14
6349	9
6350	20
6351	14
6352	15
6353	12
6354	17
6355	18
6356	18
6357	20
6358	11
6359	12
6360	13
6361	14
6362	17
6363	19
6364	20
6365	13
6366	19
6367	9
6368	15
6369	17
6370	15
6371	22
6372	29
6373	23
6374	18
6375	18
6376	16
6377	14
6378	8
6379	27
6380	19
6381	17
6382	17
6383	19
6384	16
6385	16
6386	23
6387	15
6388	26
6389	17
6390	21
6391	18
6392	23
6393	19
6394	9
6395	17
6396	16
6397	16
6398	13
6399	9
6400	22
6401	14
6402	18
6403	21
6404	16
6405	19
6406	20
6407	19
6408	17
6409	15
6410	23
6411	10
6412	16
6413	20
6414	14
6415	25
6416	13
6417	20
6418	18
6419	16
6420	16
6421	26
6422	22
6423	15
6424	14
6425	10
6426	16
6427	29
6428	17
6429	14
6430	8
6431	23
6432	20
6433	21
6434	24
6435	18
6436	13
6437	21
6438	17
6439	23
6440	16
6441	21
6442	22
6443	12
6444	24
6445	28
6446	23
6447	21
6448	25
6449	23
6450	23
6451	18
6452	20
6453	18
6454	19
6455	18
6456	15
6457	11
6458	17
6459	23
6460	19
6461	21
6462	14
6463	23
6464	21
6465	21
6466	29
6467	19
6468	21
6469	22
6470	13
6471	21
6472	24
6473	29
6474	14
6475	21
6476	20
6477	19
6478	21
6479	20
6480	26
6481	24
6482	15
6483	17
6484	20
6485	19
6486	24
6487	14
6488	23
6489	18
6490	19
6491	20
6492	20
6493	22
6494	21
6495	15
6496	9
6497	19
6498	16
6499	22
6500	15
6501	23
6502	18
6503	21
6504	25
6505	14
6506	18
6507	18
6508	14
6509	28
6510	31
6511	28
6512	22
6513	23
6514	25
6515	28
6516	28
6517	19
6518	15
6519	19
6520	17
6521	22
6522	27
6523	23
6524	26
6525	23
6526	23
6527	21
6528	26
6529	13
6530	15
6531	21
6532	20
6533	25
6534	19
6535	27
6536	14
6537	21
6538	27
6539	22
6540	27
6541	29
6542	19
6543	31
6544	13
6545	29
6546	19
6547	23
6548	18
6549	26
6550	25
6551	21
6552	25
6553	26
6554	27
6555	18
6556	23
6557	27
6558	28
6559	21
6560	21
6561	22
6562	27
6563	25
6564	23
6565	15
6566	29
6567	21
6568	23
6569	22
6570	27
6571	24
6572	27
6573	28
6574	25
6575	18
6576	19
6577	25
6578	23
6579	16
6580	27
6581	26
6582	35
6583	32
6584	22
6585	26
6586	18
6587	25
6588	23
6589	20
6590	29
6591	21
6592	27
6593	24
6594	23
6595	20
6596	24
6597	23
6598	23
6599	17
6600	14
6601	23
6602	25
6603	21
6604	24
6605	24
6606	20
6607	24
6608	31
6609	23
6610	22
6611	21
6612	14
6613	25
6614	30
6615	28
6616	24
6617	26
6618	23
6619	32
6620	22
6621	16
6622	23
6623	23
6624	20
6625	25
6626	32
6627	23
6628	23
6629	25
6630	20
6631	17
6632	29
6633	32
6634	32
6635	26
6636	24
6637	31
6638	18
6639	31
6640	27
6641	23
6642	24
6643	35
6644	15
6645	30
6646	23
6647	28
6648	28
6649	31
6650	21
6651	20
6652	28
6653	23
6654	21
6655	31
6656	25
6657	15
6658	22
6659	23
6660	29
6661	22
6662	21
6663	20
6664	35
6665	26
6666	23
6667	25
6668	29
6669	25
6670	31
6671	23
6672	27
6673	25
6674	20
6675	25
6676	31
6677	23
6678	21
6679	20
6680	28
6681	28
6682	16
6683	23
6684	16
6685	33
6686	18
6687	25
6688	24
6689	26
6690	23
6691	32
6692	21
6693	21
6694	31
6695	34
6696	25
6697	20
6698	30
6699	21
6700	28
6701	28
6702	26
6703	30
6704	35
6705	28
6706	21
6707	16
6708	14
6709	29
6710	30
6711	32
6712	28
6713	23
6714	28
6715	24
6716	24
6717	24
6718	23
6719	21
6720	27
6721	24
6722	25
6723	22
6724	31
6725	27
6726	17
6727	25
6728	33
6729	16
6730	28
6731	38
6732	19
6733	24
6734	18
6735	24
6736	29
6737	26
6738	21
6739	24
6740	27
6741	33
6742	22
6743	25
6744	23
6745	24
6746	19
6747	34
6748	25
6749	18
6750	18
6751	32
6752	21
6753	32
6754	23
6755	23
6756	20
6757	18
6758	31
6759	25
6760	18
6761	30
6762	25
6763	25
6764	29
6765	17
6766	19
6767	17
6768	28
6769	23
6770	26
6771	18
6772	30
6773	23
6774	26
6775	29
6776	29
6777	28
6778	29
6779	18
6780	26
6781	28
6782	29
6783	19
6784	25
6785	21
6786	25
6787	25
6788	17
6789	16
6790	19
6791	20
6792	20
6793	34
6794	27
6795	25
6796	20
6797	25
6798	26
6799	20
6800	24
6801	13
6802	17
6803	18
6804	22
6805	27
6806	15
6807	18
6808	25
6809	17
6810	22
6811	19
6812	22
6813	22
6814	22
6815	21
6816	23
6817	27
6818	21
6819	24
6820	15
6821	18
6822	22
6823	24
6824	26
6825	23
6826	20
6827	18
6828	27
6829	20
6830	20
6831	19
6832	18
6833	28
6834	14
6835	28
6836	23
6837	17
6838	21
6839	12
6840	30
6841	20
6842	24
6843	17
6844	23
6845	19
6846	17
6847	18
6848	19
6849	16
6850	25
6851	15
6852	20
6853	18
6854	22
6855	11
6856	20
6857	21
6858	18
6859	10
6860	16
6861	20
6862	27
6863	18
6864	21
6865	19
6866	17
6867	14
6868	15
6869	17
6870	21
6871	21
6872	28
6873	14
6874	15
6875	19
6876	22
6877	24
6878	18
6879	16
6880	13
6881	17
6882	18
6883	21
6884	19
6885	23
6886	18
6887	18
6888	20
6889	21
6890	15
6891	16
6892	14
6893	14
6894	15
6895	23
6896	13
6897	8
6898	17
6899	17
6900	25
6901	17
6902	16
6903	23
6904	22
6905	22
6906	25
6907	13
6908	19
6909	15
6910	12
6911	17
6912	12
6913	16
6914	17
6915	12
6916	12
6917	10
6918	14
6919	14
6920	14
6921	13
6922	9
6923	9
6924	15
6925	15
6926	25
6927	16
6928	14
6929	8
6930	17
6931	23
6932	10
6933	20
6934	21
6935	12
6936	11
6937	17
6938	12
6939	14
6940	16
6941	10
6942	16
6943	12
6944	13
6945	10
6946	9
6947	12
6948	11
6949	11
6950	14
6951	10
6952	16
6953	14
6954	9
6955	10
6956	12
6957	13
6958	8
6959	7
6960	7
6961	8
6962	16
6963	10
6964	7
6965	9
6966	6
6967	18
6968	12
6969	12
6970	12
6971	6
6972	10
6973	13
6974	9
6975	5
6976	10
6977	7
6978	11
6979	11
6980	7
6981	13
6982	7
6983	12
6984	7
6985	10
6986	7
6987	7
6988	6
6989	8
6990	14
6991	11
6992	6
6993	8
6994	6
6995	14
6996	13
6997	11
6998	7
6999	12
7000	10
7001	8
7002	10
7003	5
7004	7
7005	7
7006	14
7007	13
7008	14
7009	11
7010	9
7011	6
7012	5
7013	6
7014	11
7015	6
7016	5
7017	7
7018	7
7019	7
7020	7
7021	6
7022	5
7023	3
7024	12
7025	8
7026	8
7027	8
7028	6
7029	7
7030	6
7031	5
7032	6
7033	9
7034	6
7035	7
7036	9
7037	13
7038	6
7039	7
7040	7
7041	9
7042	12
7043	8
7044	9
7045	6
7046	2
7047	5
7048	8
7049	3
7050	7
7051	5
7052	8
7053	10
7054	6
7055	9
7056	2
7057	5
7058	9
7059	7
7060	2
7061	1
7062	10
7063	5
7064	2
7065	8
7066	3
7067	7
7068	5
7069	9
7070	9
7071	4
7072	2
7073	3
7074	8
7075	5
7076	4
7077	7
7078	10
7079	4
7080	7
7081	3
7082	4
7083	4
7084	4
7085	6
7086	7
7087	2
7088	2
7089	7
7090	6
7091	7
7092	1
7093	7
7094	3
7095	3
7096	8
7097	1
7098	2
7099	7
7100	2
7101	2
7102	4
7103	4
7104	2
7105	2
7106	4
7107	4
7108	2
7109	3
7110	6
7111	1
7112	4
7113	7
7114	0
7115	4
7116	3
7117	1
7118	4
7119	2
7120	2
7121	5
7122	10
7123	4
7124	5
7125	3
7126	3
7127	0
7128	4
7129	4
7130	3
7131	6
7132	3
7133	4
7134	0
7135	2
7136	2
7137	3
7138	3
7139	3
7140	6
7141	4
7142	2
7143	0
7144	4
7145	2
7146	2
7147	2
7148	3
7149	5
7150	1
7151	4
7152	3
7153	0
7154	0
7155	6
7156	2
7157	4
7158	2
7159	2
7160	2
7161	1
7162	1
7163	4
7164	2
7165	5
7166	3
7167	4
7168	1
7169	3
7170	2
7171	2
7172	3
7173	0
7174	6
7175	1
7176	0
7177	1
7178	1
7179	3
7180	2
7181	1
7182	1
7183	0
7184	0
7185	1
7186	3
7187	2
7188	2
7189	2
7190	0
7191	2
7192	1
7193	3
7194	3
7195	2
7196	1
7197	0
7198	3
7199	1
7200	2
7201	1
7202	2
7203	1
7204	1
7205	1
7206	2
7207	2
7208	0
7209	0
7210	0
7211	3
7212	0
7213	0
7214	1
7215	1
7216	2
7217	2
7218	1
7219	3
7220	1
7221	2
7222	1
7223	2
7224	2
7225	0
7226	1
7227	0
7228	1
7229	0
7230	0
7231	0
7232	2
7233	0
7234	2
7235	0
7236	0
7237	1
7238	0
7239	0
7240	1
7241	1
7242	2
7243	1
7244	2
7245	2
7246	0
7247	2
7248	1
7249	0
7250	1
7251	0
7252	3
7253	1
7254	0
7255	1
7256	1
7257	2
7258	1
7259	0
7260	2
7261	1
7262	1
7263	0
7264	0
7265	1
7266	0
7267	0
7268	0
7269	0
7270	1
7271	0
7272	1
7273	1
7274	1
7275	0
7276	0
7277	0
7278	0
7279	1
7280	1
7281	2
7282	1
7283	1
7284	0
7285	0
7286	0
7287	1
7288	0
7289	1
7290	2
7291	2
7292	0
7293	0
7294	0
7295	0
7296	0
7297	0
7298	1
7299	0
7300	0
7301	1
7302	1
7303	0
7304	0
7305	0
7306	1
7307	3
7308	0
7309	0
7310	2
7311	2
7312	1
7313	2
7314	1
7315	1
7316	1
7317	0
7318	0
7319	0
7320	1
7321	1
7322	0
7323	0
7324	0
7325	0
7326	1
7327	2
7328	0
7329	0
7330	1
7331	3
7332	0
7333	0
7334	0
7335	0
7336	1
7337	1
7338	0
7339	1
7340	0
7341	0
7342	1
7343	1
7344	0
7345	0
7346	1
7347	0
7348	0
7349	0
7350	2
7351	0
7352	0
7353	0
7354	0
7355	1
7356	0
7357	1
7358	0
7359	0
7360	0
7361	1
7362	0
7363	0
7364	1
7365	0
7366	0
7367	0
7368	0
7369	0
7370	1
7371	2
7372	1
7373	0
7374	0
7375	0
7376	0
7377	0
7378	0
7379	0
7380	0
7381	1
7382	1
7383	0
7384	1
7385	0
7386	0
7387	0
7388	0
7389	2
7390	1
7391	0
7392	0
7393	0
7394	2
7395	0
7396	2
7397	0
7398	0
7399	0
7400	0
7401	0
7402	1
7403	0
7404	1
7405	1
7406	0
7407	0
7408	1
7409	1
7410	0
7411	1
7412	1
7413	1
7414	0
7415	1
7416	1
7417	0
7418	2
7419	0
7420	0
7421	0
7422	1
7423	0
7424	0
7425	0
7426	0
7427	0
7428	1
7429	1
7430	0
7431	0
7432	0
7433	0
7434	0
7435	0
7436	0
7437	3
7438	0
7439	0
7440	0
7441	0
7442	1
7443	0
7444	0
7445	0
7446	1
7447	1
7448	1
7449	1
7450	0
7451	0
7452	2
7453	0
7454	1
7455	0
7456	1
7457	0
7458	0
7459	0
7460	2
7461	0
7462	1
7463	0
7464	0
7465	0
7466	0
7467	1
7468	0
7469	0
7470	1
7471	0
7472	0
7473	0
7474	2
7475	3
7476	0
7477	0
7478	2
7479	0
7480	1
7481	0
7482	0
7483	1
7484	0
7485	1
7486	0
7487	0
7488	0
7489	1
7490	1
7491	0
7492	1
7493	0
7494	0
7495	0
7496	0
7497	0
7498	1
7499	0
7500	0
7501	1
7502	0
7503	1
7504	0
7505	0
7506	0
7507	0
7508	1
7509	1
7510	0
7511	0
7512	0
7513	0
7514	0
7515	0
7516	1
7517	0
7518	1
7519	0
7520	0
7521	0
7522	0
7523	0
7524	2
7525	1
7526	0
7527	0
7528	0
7529	0
7530	1
7531	0
7532	0
7533	0
7534	1
7535	1
7536	1
7537	0
7538	0
7539	0
7540	0
7541	0
7542	0
7543	0
7544	0
7545	0
7546	0
7547	0
7548	1
7549	1
7550	0
7551	1
7552	0
7553	0
7554	0
7555	1
7556	0
7557	0
7558	0
7559	1
7560	0
7561	0
7562	0
7563	0
7564	0
7565	1
7566	2
7567	1
7568	0
7569	0
7570	0
7571	1
7572	0
7573	1
7574	1
7575	1
7576	0
7577	1
7578	0
7579	0
7580	0
7581	0
7582	0
7583	1
7584	0
7585	1
7586	0
7587	1
7588	0
7589	0
7590	1
7591	0
7592	0
7593	0
7594	2
7595	1
7596	0
7597	2
7598	0
7599	1
7600	0
7601	0
7602	1
7603	0
7604	0
7605	0
7606	0
7607	0
7608	0
7609	0
7610	0
7611	0
7612	4
7613	0
7614	1
7615	0
7616	0
7617	1
7618	0
7619	2
7620	1
7621	1
7622	1
7623	0
7624	1
7625	0
7626	0
7627	2
7628	0
7629	3
7630	0
7631	0
7632	0
7633	1
7634	0
7635	1
7636	1
7637	0
7638	0
7639	0
7640	1
7641	1
7642	0
7643	0
7644	0
7645	0
7646	0
7647	0
7648	1
7649	1
7650	0
7651	0
7652	1
7653	1
7654	1
7655	0
7656	1
7657	0
7658	1
7659	0
7660	1
7661	0
7662	0
7663	0
7664	0
7665	1
7666	0
7667	0
7668	2
7669	0
7670	0
7671	1
7672	0
7673	0
7674	2
7675	0
7676	0
7677	0
7678	0
7679	2
7680	1
7681	0
7682	0
7683	0
7684	1
7685	1
7686	2
7687	1
7688	0
7689	1
7690	0
7691	0
7692	0
7693	0
7694	0
7695	0
7696	0
7697	0
7698	0
7699	0
7700	0
7701	0
7702	0
7703	0
7704	0
7705	1
7706	0
7707	0
7708	0
7709	0
7710	1
7711	0
7712	1
7713	0
7714	0
7715	0
7716	0
7717	1
7718	0
7719	1
7720	1
7721	0
7722	0
7723	0
7724	1
7725	1
7726	0
7727	0
7728	0
7729	1
7730	0
7731	1
7732	0
7733	1
7734	0
7735	1
7736	2
7737	1
7738	0
7739	1
7740	0
7741	0
7742	1
7743	0
7744	0
7745	0
7746	0
7747	1
7748	0
7749	1
7750	0
7751	0
7752	2
7753	1
7754	0
7755	0
7756	0
7757	0
7758	0
7759	1
7760	1
7761	1
7762	0
7763	0
7764	1
7765	0
7766	0
7767	0
7768	2
7769	0
7770	1
7771	0
7772	1
7773	0
7774	0
7775	0
7776	0
7777	0
7778	0
7779	1
7780	0
7781	1
7782	0
7783	1
7784	0
7785	1
7786	0
7787	0
7788	1
7789	0
7790	1
7791	0
7792	0
7793	1
7794	0
7795	0
7796	0
7797	0
7798	0
7799	0
7800	1
7801	1
7802	1
7803	3
7804	1
7805	0
7806	0
7807	0
7808	1
7809	0
7810	1
7811	0
7812	0
7813	0
7814	0
7815	1
7816	0
7817	0
7818	0
7819	0
7820	1
7821	0
7822	1
7823	0
7824	0
7825	0
7826	0
7827	0
7828	0
7829	1
7830	0
7831	0
7832	0
7833	0
7834	2
7835	0
7836	0
7837	1
7838	0
7839	0
7840	0
7841	0
7842	2
7843	0
7844	0
7845	0
7846	0
7847	0
7848	0
7849	0
7850	1
7851	0
7852	0
7853	0
7854	0
7855	1
7856	0
7857	1
7858	0
7859	0
7860	1
7861	0
7862	0
7863	0
7864	1
7865	3
7866	0
7867	1
7868	1
7869	3
7870	1
7871	0
7872	0
7873	0
7874	1
7875	2
7876	0
7877	1
7878	1
7879	3
7880	0
7881	0
7882	2
7883	1
7884	0
7885	0
7886	1
7887	0
7888	2
7889	2
7890	1
7891	0
7892	0
7893	0
7894	0
7895	0
7896	0
7897	2
7898	3
7899	1
7900	0
7901	0
7902	0
7903	1
7904	0
7905	1
7906	1
7907	0
7908	0
7909	1
7910	0
7911	0
7912	1
7913	0
7914	1
7915	0
7916	1
7917	0
7918	1
7919	1
7920	1
7921	1
7922	1
7923	1
7924	0
7925	1
7926	0
7927	0
7928	0
7929	1
7930	0
7931	3
7932	0
7933	0
7934	0
7935	0
7936	1
7937	0
7938	1
7939	0
7940	0
7941	1
7942	0
7943	0
7944	0
7945	1
7946	1
7947	1
7948	1
7949	1
7950	0
7951	1
7952	1
7953	0
7954	0
7955	0
7956	0
7957	0
7958	0
7959	1
7960	0
7961	0
7962	0
7963	0
7964	1
7965	0
7966	1
7967	2
7968	0
7969	0
7970	1
7971	1
7972	1
7973	0
7974	0
7975	2
7976	1
7977	0
7978	0
7979	0
7980	3
7981	0
7982	1
7983	0
7984	0
7985	0
7986	1
7987	1
7988	0
7989	0
7990	0
7991	0
7992	2
7993	1
7994	0
7995	0
7996	2
7997	0
7998	0
7999	1
8000	1
8001	0
8002	0
8003	0
8004	1
8005	1
8006	0
8007	0
8008	2
8009	0
8010	0
8011	0
8012	0
8013	1
8014	1
8015	0
8016	1
8017	1
8018	1
8019	1
8020	0
8021	0
8022	0
8023	0
8024	4
8025	0
8026	0
8027	0
8028	3
8029	2
8030	0
8031	0
8032	0
8033	0
8034	0
8035	2
8036	0
8037	0
8038	0
8039	1
8040	0
8041	0
8042	1
8043	1
8044	0
8045	0
8046	0
8047	0
8048	0
8049	0
8050	0
8051	1
8052	1
8053	0
8054	1
8055	0
8056	0
8057	0
8058	1
8059	2
8060	1
8061	0
8062	1
8063	1
8064	0
8065	0
8066	0
8067	0
8068	0
8069	1
8070	0
8071	1
8072	0
8073	2
8074	0
8075	0
8076	0
8077	1
8078	1
8079	0
8080	2
8081	0
8082	1
8083	1
8084	1
8085	0
8086	1
8087	2
8088	2
8089	0
8090	0
8091	0
8092	0
8093	2
8094	0
8095	0
8096	0
8097	0
8098	0
8099	0
8100	0
8101	0
8102	0
8103	0
8104	0
8105	0
8106	0
8107	0
8108	0
8109	0
8110	0
8111	0
8112	0
8113	0
8114	0
8115	0
8116	0
8117	0
8118	0
8119	0
8120	0
8121	0
8122	0
8123	0
8124	0
8125	0
8126	0
8127	0
8128	0
8129	0
8130	0
8131	0
8132	0
8133	0
8134	0
8135	0
8136	0
8137	0
8138	0
8139	0
8140	0
8141	0
8142	0
8143	0
8144	0
8145	0
8146	0
8147	0
8148	0
8149	0
8150	0
8151	0
8152	0
8153	0
8154	0
8155	0
8156	0
8157	0
8158	0
8159	0
8160	0
8161	0
8162	0
8163	0
8164	0
8165	0
8166	0
8167	0
8168	0
8169	0
8170	0
8171	0
8172	0
8173	0
8174	0
8175	0
8176	0
8177	0
8178	0
8179	0
8180	0
8181	0
8182	0
8183	0
8184	0
8185	0
8186	0
8187	0
8188	0
8189	0
8190	0
8191	0
