0	0
1	0
2	0
3	0
4	0
5	0
6	0
7	0
8	0
9	0
10	0
11	0
12	0
13	0
14	0
15	0
16	0
17	0
18	0
19	0
20	0
21	0
22	0
23	0
24	0
25	0
26	0
27	0
28	0
29	0
30	0
31	0
32	0
33	0
34	0
35	0
36	0
37	0
38	0
39	0
40	0
41	2
42	2
43	5
44	20
45	23
46	32
47	32
48	31
49	32
50	33
51	29
52	27
53	18
54	35
55	16
56	28
57	28
58	26
59	35
60	32
61	32
62	32
63	33
64	31
65	28
66	39
67	25
68	37
69	26
70	22
71	33
72	31
73	30
74	23
75	24
76	35
77	28
78	32
79	30
80	31
81	32
82	28
83	24
84	37
85	42
86	38
87	34
88	33
89	40
90	38
91	50
92	30
93	46
94	28
95	29
96	30
97	29
98	36
99	29
100	35
101	21
102	31
103	37
104	34
105	34
106	38
107	29
108	35
109	36
110	37
111	36
112	24
113	26
114	32
115	28
116	38
117	40
118	37
119	35
120	30
121	37
122	26
123	26
124	34
125	38
126	32
127	30
128	35
129	31
130	26
131	36
132	40
133	39
134	39
135	42
136	32
137	26
138	36
139	35
140	36
141	29
142	37
143	47
144	37
145	27
146	28
147	35
148	35
149	32
150	33
151	33
152	34
153	31
154	29
155	25
156	30
157	34
158	35
159	31
160	33
161	41
162	42
163	41
164	31
165	27
166	35
167	26
168	42
169	33
170	33
171	37
172	23
173	29
174	33
175	34
176	22
177	36
178	34
179	40
180	33
181	24
182	32
183	38
184	43
185	39
186	33
187	35
188	34
189	39
190	36
191	30
192	42
193	44
194	31
195	32
196	48
197	30
198	35
199	29
200	30
201	21
202	28
203	29
204	32
205	33
206	22
207	34
208	25
209	33
210	29
211	38
212	49
213	33
214	32
215	37
216	33
217	32
218	33
219	41
220	36
221	29
222	25
223	36
224	39
225	30
226	23
227	32
228	20
229	36
230	27
231	38
232	26
233	27
234	30
235	25
236	30
237	30
238	39
239	33
240	33
241	43
242	49
243	32
244	30
245	29
246	31
247	20
248	21
249	27
250	27
251	24
252	26
253	19
254	31
255	18
256	28
257	33
258	30
259	31
260	28
261	34
262	28
263	27
264	24
265	35
266	23
267	28
268	30
269	27
270	33
271	17
272	26
273	32
274	25
275	37
276	29
277	27
278	27
279	30
280	31
281	23
282	30
283	17
284	26
285	26
286	24
287	22
288	40
289	38
290	35
291	22
292	32
293	27
294	30
295	25
296	25
297	23
298	25
299	25
300	28
301	25
302	31
303	31
304	19
305	22
306	18
307	17
308	24
309	24
310	24
311	27
312	21
313	27
314	22
315	24
316	24
317	23
318	33
319	20
320	26
321	18
322	19
323	31
324	12
325	28
326	22
327	25
328	25
329	22
330	27
331	20
332	25
333	24
334	20
335	34
336	30
337	19
338	20
339	18
340	19
341	25
342	21
343	21
344	33
345	27
346	23
347	25
348	24
349	30
350	22
351	20
352	22
353	30
354	27
355	31
356	39
357	29
358	20
359	22
360	21
361	25
362	22
363	22
364	16
365	29
366	29
367	29
368	19
369	32
370	27
371	36
372	23
373	22
374	31
375	31
376	23
377	36
378	29
379	24
380	37
381	30
382	24
383	26
384	35
385	23
386	24
387	26
388	33
389	30
390	28
391	34
392	32
393	31
394	31
395	30
396	32
397	19
398	36
399	32
400	25
401	36
402	28
403	29
404	27
405	29
406	33
407	28
408	28
409	18
410	26
411	25
412	27
413	25
414	32
415	26
416	29
417	42
418	35
419	28
420	34
421	35
422	22
423	36
424	42
425	26
426	32
427	31
428	36
429	27
430	22
431	28
432	32
433	31
434	37
435	18
436	36
437	28
438	34
439	38
440	36
441	38
442	19
443	35
444	32
445	24
446	30
447	46
448	38
449	32
450	30
451	39
452	28
453	30
454	42
455	29
456	32
457	36
458	37
459	31
460	42
461	36
462	32
463	24
464	33
465	35
466	34
467	35
468	34
469	45
470	25
471	39
472	53
473	38
474	34
475	35
476	43
477	22
478	44
479	36
480	34
481	49
482	40
483	38
484	38
485	28
486	42
487	36
488	42
489	46
490	31
491	45
492	36
493	42
494	60
495	42
496	34
497	35
498	38
499	37
500	27
501	39
502	43
503	44
504	45
505	48
506	39
507	33
508	36
509	44
510	41
511	51
512	41
513	47
514	42
515	42
516	28
517	32
518	38
519	38
520	45
521	43
522	43
523	50
524	42
525	50
526	43
527	37
528	47
529	37
530	39
531	59
532	40
533	37
534	47
535	47
536	40
537	43
538	42
539	37
540	52
541	57
542	48
543	40
544	36
545	38
546	41
547	33
548	43
549	42
550	36
551	37
552	50
553	55
554	36
555	53
556	46
557	35
558	47
559	36
560	34
561	44
562	37
563	42
564	37
565	41
566	42
567	41
568	41
569	42
570	52
571	38
572	39
573	41
574	35
575	42
576	58
577	28
578	51
579	52
580	35
581	31
582	43
583	36
584	46
585	52
586	40
587	38
588	54
589	34
590	29
591	37
592	39
593	43
594	45
595	40
596	34
597	34
598	41
599	42
600	47
601	43
602	44
603	46
604	34
605	31
606	50
607	27
608	35
609	33
610	31
611	40
612	48
613	45
614	27
615	41
616	34
617	33
618	32
619	45
620	35
621	31
622	48
623	39
624	46
625	32
626	33
627	33
628	50
629	36
630	33
631	32
632	42
633	40
634	32
635	30
636	35
637	36
638	38
639	31
640	31
641	28
642	29
643	27
644	40
645	36
646	27
647	36
648	41
649	34
650	34
651	32
652	36
653	36
654	32
655	33
656	34
657	36
658	21
659	24
660	23
661	34
662	27
663	28
664	27
665	41
666	32
667	25
668	39
669	26
670	41
671	27
672	22
673	29
674	32
675	38
676	24
677	25
678	26
679	35
680	22
681	43
682	24
683	18
684	28
685	32
686	28
687	31
688	31
689	26
690	31
691	16
692	24
693	26
694	27
695	26
696	34
697	40
698	29
699	27
700	25
701	29
702	29
703	27
704	24
705	22
706	23
707	25
708	20
709	23
710	28
711	20
712	23
713	29
714	23
715	27
716	30
717	29
718	27
719	28
720	24
721	31
722	17
723	32
724	28
725	38
726	27
727	27
728	27
729	25
730	26
731	34
732	33
733	30
734	37
735	20
736	36
737	22
738	27
739	15
740	33
741	40
742	26
743	31
744	23
745	20
746	36
747	30
748	21
749	19
750	17
751	26
752	37
753	28
754	23
755	26
756	25
757	18
758	25
759	23
760	25
761	27
762	30
763	33
764	34
765	28
766	21
767	28
768	29
769	25
770	35
771	21
772	32
773	37
774	30
775	29
776	34
777	22
778	25
779	38
780	28
781	31
782	18
783	33
784	44
785	35
786	37
787	34
788	25
789	30
790	32
791	28
792	27
793	41
794	33
795	36
796	27
797	30
798	30
799	20
800	38
801	19
802	36
803	29
804	33
805	39
806	35
807	27
808	29
809	27
810	42
811	37
812	42
813	29
814	28
815	41
816	28
817	23
818	30
819	34
820	35
821	32
822	26
823	28
824	39
825	36
826	37
827	37
828	36
829	25
830	28
831	37
832	33
833	40
834	34
835	34
836	46
837	40
838	27
839	38
840	36
841	30
842	52
843	31
844	44
845	32
846	37
847	36
848	30
849	45
850	29
851	36
852	59
853	47
854	34
855	44
856	45
857	55
858	31
859	48
860	37
861	45
862	37
863	51
864	39
865	54
866	43
867	42
868	50
869	68
870	45
871	46
872	55
873	49
874	44
875	46
876	40
877	52
878	54
879	50
880	52
881	38
882	43
883	41
884	51
885	47
886	47
887	53
888	49
889	38
890	49
891	39
892	38
893	56
894	51
895	47
896	56
897	54
898	39
899	55
900	46
901	54
902	44
903	39
904	48
905	60
906	55
907	38
908	39
909	64
910	56
911	56
912	49
913	45
914	55
915	51
916	52
917	60
918	48
919	57
920	54
921	56
922	50
923	38
924	54
925	46
926	45
927	51
928	64
929	51
930	46
931	50
932	57
933	48
934	53
935	46
936	48
937	56
938	51
939	57
940	48
941	48
942	68
943	40
944	43
945	64
946	75
947	49
948	59
949	53
950	45
951	55
952	44
953	45
954	59
955	48
956	36
957	74
958	54
959	49
960	55
961	53
962	54
963	53
964	50
965	61
966	47
967	35
968	52
969	50
970	53
971	48
972	52
973	40
974	64
975	58
976	43
977	49
978	45
979	47
980	47
981	48
982	48
983	52
984	49
985	53
986	54
987	52
988	50
989	61
990	55
991	41
992	35
993	50
994	48
995	51
996	44
997	46
998	47
999	41
1000	52
1001	52
1002	57
1003	44
1004	36
1005	38
1006	44
1007	54
1008	37
1009	38
1010	37
1011	60
1012	35
1013	33
1014	49
1015	45
1016	43
1017	48
1018	33
1019	45
1020	47
1021	38
1022	44
1023	37
1024	53
1025	33
1026	45
1027	49
1028	42
1029	39
1030	52
1031	37
1032	40
1033	46
1034	33
1035	38
1036	44
1037	39
1038	35
1039	38
1040	42
1041	42
1042	33
1043	32
1044	33
1045	46
1046	40
1047	42
1048	31
1049	37
1050	46
1051	47
1052	41
1053	37
1054	37
1055	41
1056	43
1057	39
1058	42
1059	34
1060	44
1061	33
1062	43
1063	35
1064	39
1065	25
1066	36
1067	31
1068	42
1069	50
1070	43
1071	28
1072	42
1073	41
1074	44
1075	51
1076	46
1077	41
1078	41
1079	43
1080	35
1081	46
1082	40
1083	40
1084	32
1085	37
1086	37
1087	34
1088	31
1089	35
1090	35
1091	45
1092	38
1093	27
1094	38
1095	30
1096	38
1097	41
1098	29
1099	38
1100	54
1101	47
1102	37
1103	35
1104	18
1105	30
1106	41
1107	47
1108	30
1109	48
1110	29
1111	39
1112	52
1113	39
1114	36
1115	31
1116	34
1117	36
1118	44
1119	52
1120	45
1121	39
1122	43
1123	43
1124	44
1125	39
1126	37
1127	45
1128	42
1129	37
1130	39
1131	41
1132	41
1133	41
1134	40
1135	37
1136	38
1137	41
1138	45
1139	53
1140	44
1141	41
1142	57
1143	44
1144	57
1145	42
1146	40
1147	35
1148	59
1149	45
1150	45
1151	48
1152	43
1153	38
1154	48
1155	55
1156	41
1157	47
1158	44
1159	54
1160	50
1161	41
1162	63
1163	61
1164	44
1165	63
1166	51
1167	53
1168	45
1169	45
1170	54
1171	58
1172	59
1173	53
1174	56
1175	53
1176	63
1177	59
1178	51
1179	63
1180	65
1181	62
1182	56
1183	55
1184	77
1185	52
1186	60
1187	85
1188	69
1189	77
1190	80
1191	66
1192	74
1193	70
1194	75
1195	58
1196	85
1197	77
1198	79
1199	95
1200	74
1201	67
1202	92
1203	95
1204	78
1205	98
1206	86
1207	104
1208	94
1209	81
1210	88
1211	96
1212	99
1213	105
1214	119
1215	120
1216	102
1217	95
1218	90
1219	106
1220	126
1221	118
1222	125
1223	108
1224	125
1225	120
1226	126
1227	128
1228	116
1229	168
1230	147
1231	146
1232	144
1233	156
1234	147
1235	169
1236	159
1237	161
1238	168
1239	146
1240	173
1241	178
1242	181
1243	177
1244	193
1245	167
1246	180
1247	173
1248	195
1249	230
1250	218
1251	222
1252	215
1253	265
1254	273
1255	263
1256	275
1257	238
1258	275
1259	259
1260	269
1261	283
1262	288
1263	276
1264	277
1265	302
1266	275
1267	314
1268	314
1269	372
1270	355
1271	406
1272	359
1273	386
1274	389
1275	387
1276	420
1277	419
1278	449
1279	420
1280	472
1281	463
1282	473
1283	451
1284	472
1285	512
1286	476
1287	557
1288	546
1289	580
1290	591
1291	598
1292	610
1293	646
1294	651
1295	668
1296	691
1297	701
1298	733
1299	732
1300	816
1301	736
1302	816
1303	770
1304	842
1305	856
1306	910
1307	881
1308	940
1309	914
1310	970
1311	971
1312	1032
1313	1017
1314	1087
1315	1098
1316	1114
1317	1189
1318	1225
1319	1230
1320	1206
1321	1241
1322	1256
1323	1290
1324	1349
1325	1416
1326	1353
1327	1366
1328	1458
1329	1482
1330	1484
1331	1523
1332	1551
1333	1631
1334	1620
1335	1728
1336	1745
1337	1695
1338	1871
1339	1793
1340	1862
1341	1891
1342	1919
1343	1988
1344	1996
1345	1987
1346	2109
1347	2124
1348	2044
1349	2140
1350	2229
1351	2321
1352	2309
1353	2350
1354	2473
1355	2504
1356	2512
1357	2437
1358	2571
1359	2556
1360	2654
1361	2687
1362	2798
1363	2766
1364	2936
1365	2951
1366	2854
1367	2958
1368	2987
1369	3091
1370	3134
1371	3169
1372	3234
1373	3268
1374	3402
1375	3301
1376	3369
1377	3357
1378	3528
1379	3477
1380	3558
1381	3581
1382	3580
1383	3763
1384	3809
1385	3794
1386	3874
1387	3968
1388	4014
1389	4046
1390	4064
1391	4235
1392	4087
1393	4295
1394	4244
1395	4251
1396	4346
1397	4386
1398	4613
1399	4474
1400	4656
1401	4542
1402	4666
1403	4816
1404	4708
1405	4820
1406	5102
1407	4871
1408	4914
1409	4942
1410	5080
1411	5109
1412	5150
1413	5150
1414	5310
1415	5398
1416	5425
1417	5498
1418	5600
1419	5713
1420	5674
1421	5589
1422	5594
1423	5745
1424	5874
1425	5970
1426	5781
1427	5801
1428	5912
1429	6266
1430	6104
1431	6142
1432	6203
1433	6183
1434	6317
1435	6282
1436	6311
1437	6401
1438	6498
1439	6524
1440	6500
1441	6531
1442	6696
1443	6554
1444	6766
1445	6715
1446	6877
1447	6823
1448	6840
1449	7066
1450	6946
1451	7006
1452	7155
1453	7106
1454	7100
1455	7187
1456	7246
1457	7192
1458	7241
1459	7302
1460	7339
1461	7544
1462	7296
1463	7444
1464	7591
1465	7625
1466	7625
1467	7498
1468	7473
1469	7684
1470	7670
1471	7756
1472	7719
1473	7825
1474	7796
1475	7818
1476	7907
1477	7791
1478	7945
1479	7906
1480	8068
1481	8008
1482	8216
1483	8076
1484	8159
1485	8142
1486	8183
1487	8451
1488	8314
1489	8262
1490	8324
1491	8355
1492	8445
1493	8443
1494	8349
1495	8502
1496	8465
1497	8731
1498	8581
1499	8684
1500	8603
1501	8537
1502	8623
1503	8605
1504	8812
1505	8662
1506	8814
1507	8957
1508	8777
1509	8770
1510	9110
1511	8847
1512	8913
1513	9132
1514	8980
1515	9236
1516	9029
1517	9004
1518	9215
1519	9163
1520	9030
1521	9255
1522	9133
1523	9286
1524	9158
1525	9455
1526	9279
1527	9044
1528	9417
1529	9665
1530	9437
1531	9508
1532	9500
1533	9627
1534	9520
1535	9778
1536	9666
1537	9975
1538	9806
1539	10024
1540	9848
1541	9768
1542	10005
1543	9997
1544	10269
1545	10167
1546	10215
1547	10231
1548	10098
1549	10358
1550	10228
1551	10358
1552	10591
1553	10614
1554	10550
1555	10551
1556	10590
1557	10882
1558	10609
1559	10687
1560	11035
1561	11025
1562	11013
1563	10946
1564	10940
1565	11052
1566	11090
1567	11135
1568	11357
1569	11428
1570	11237
1571	11546
1572	11325
1573	11624
1574	11805
1575	11744
1576	11962
1577	12035
1578	11884
1579	12055
1580	12168
1581	12025
1582	12394
1583	12490
1584	12274
1585	12542
1586	12665
1587	12572
1588	12741
1589	12956
1590	12967
1591	12935
1592	13074
1593	13311
1594	13202
1595	13479
1596	13282
1597	13417
1598	13578
1599	13687
1600	13828
1601	13836
1602	13965
1603	14153
1604	14002
1605	14420
1606	14489
1607	14305
1608	14722
1609	14604
1610	14623
1611	14721
1612	15036
1613	14896
1614	15245
1615	15249
1616	15382
1617	15438
1618	15709
1619	15973
1620	15706
1621	15897
1622	16379
1623	15962
1624	16450
1625	16265
1626	16619
1627	16703
1628	16812
1629	16962
1630	17020
1631	17186
1632	17296
1633	17356
1634	17630
1635	17458
1636	17927
1637	18000
1638	17784
1639	17921
1640	18233
1641	18320
1642	18404
1643	18310
1644	18614
1645	18692
1646	19021
1647	19151
1648	19241
1649	19295
1650	19583
1651	19682
1652	19514
1653	19648
1654	20014
1655	20045
1656	20115
1657	20404
1658	20342
1659	20647
1660	20928
1661	20723
1662	20891
1663	20970
1664	21120
1665	21039
1666	21119
1667	21394
1668	21784
1669	21586
1670	21819
1671	21784
1672	22137
1673	22253
1674	22192
1675	22655
1676	22377
1677	22966
1678	22785
1679	23010
1680	23186
1681	22979
1682	22908
1683	23274
1684	23534
1685	23517
1686	23833
1687	23874
1688	24038
1689	24098
1690	23781
1691	24104
1692	24168
1693	24185
1694	24602
1695	24651
1696	25012
1697	25077
1698	25020
1699	24986
1700	25110
1701	25208
1702	25370
1703	25428
1704	25534
1705	25482
1706	25881
1707	25682
1708	25933
1709	25734
1710	25927
1711	25831
1712	26074
1713	26108
1714	26279
1715	26374
1716	26184
1717	26536
1718	26412
1719	26757
1720	26930
1721	26795
1722	26573
1723	26720
1724	26872
1725	26638
1726	27313
1727	26998
1728	27322
1729	27211
1730	27020
1731	27297
1732	27407
1733	27650
1734	27395
1735	27422
1736	27654
1737	27893
1738	27372
1739	27686
1740	27623
1741	27670
1742	27490
1743	27853
1744	27805
1745	27831
1746	27671
1747	28195
1748	28101
1749	27828
1750	27748
1751	27788
1752	28114
1753	27915
1754	28097
1755	28141
1756	28355
1757	28130
1758	28117
1759	28347
1760	28119
1761	28046
1762	28235
1763	28385
1764	28442
1765	27917
1766	27960
1767	28325
1768	28498
1769	28377
1770	28404
1771	28165
1772	28500
1773	28376
1774	28092
1775	28257
1776	28401
1777	27938
1778	27792
1779	27817
1780	28080
1781	28067
1782	27659
1783	27978
1784	27995
1785	27798
1786	27933
1787	28114
1788	28125
1789	27928
1790	27715
1791	27624
1792	27931
1793	27462
1794	27764
1795	27715
1796	27878
1797	27534
1798	28123
1799	27491
1800	27664
1801	27529
1802	27657
1803	27582
1804	27703
1805	27456
1806	27524
1807	27343
1808	27473
1809	27272
1810	27409
1811	27326
1812	27038
1813	27366
1814	27043
1815	26859
1816	27092
1817	27320
1818	26760
1819	26883
1820	26591
1821	26726
1822	26809
1823	26689
1824	26372
1825	26405
1826	26725
1827	26314
1828	26234
1829	26372
1830	26569
1831	26283
1832	26439
1833	26460
1834	26475
1835	26182
1836	25989
1837	26232
1838	26138
1839	26245
1840	26156
1841	25806
1842	25720
1843	25948
1844	25724
1845	25655
1846	25582
1847	25839
1848	25650
1849	25709
1850	25434
1851	25521
1852	25612
1853	25513
1854	25839
1855	25638
1856	25304
1857	25448
1858	25218
1859	25108
1860	25279
1861	25056
1862	25032
1863	25503
1864	25054
1865	24977
1866	25055
1867	25052
1868	24683
1869	24967
1870	25034
1871	24656
1872	24652
1873	25063
1874	24833
1875	24484
1876	24744
1877	24965
1878	24625
1879	24461
1880	24832
1881	24874
1882	24482
1883	24567
1884	24366
1885	24475
1886	24474
1887	24199
1888	24455
1889	24497
1890	24544
1891	24457
1892	24051
1893	24003
1894	24325
1895	24174
1896	24231
1897	24182
1898	24167
1899	24053
1900	24114
1901	24160
1902	24002
1903	23903
1904	24107
1905	24031
1906	23893
1907	23743
1908	23841
1909	24032
1910	23793
1911	24144
1912	23957
1913	24082
1914	23685
1915	23808
1916	24022
1917	24007
1918	23716
1919	23431
1920	24059
1921	23745
1922	23555
1923	23786
1924	23690
1925	23792
1926	23578
1927	23621
1928	23719
1929	24030
1930	23790
1931	23769
1932	23287
1933	23669
1934	23677
1935	23881
1936	23611
1937	23625
1938	23356
1939	23912
1940	23627
1941	23499
1942	23621
1943	23476
1944	23564
1945	23531
1946	23793
1947	23642
1948	23452
1949	23676
1950	23634
1951	23459
1952	23538
1953	23704
1954	23692
1955	23489
1956	23346
1957	23616
1958	23638
1959	23778
1960	23750
1961	23482
1962	23795
1963	23585
1964	23446
1965	23609
1966	23566
1967	23521
1968	23598
1969	23640
1970	23758
1971	23555
1972	23456
1973	23488
1974	23686
1975	23795
1976	23638
1977	23877
1978	23747
1979	23677
1980	23480
1981	23353
1982	23676
1983	23636
1984	23510
1985	23867
1986	23595
1987	23599
1988	24011
1989	23375
1990	23596
1991	23607
1992	23484
1993	23638
1994	23764
1995	23651
1996	23780
1997	23621
1998	23949
1999	23836
2000	23788
2001	23814
2002	23601
2003	23672
2004	23919
2005	23654
2006	23714
2007	23831
2008	23789
2009	23822
2010	23860
2011	23796
2012	23909
2013	23885
2014	24078
2015	23549
2016	23891
2017	23798
2018	23878
2019	23746
2020	23994
2021	24001
2022	23705
2023	23953
2024	23963
2025	23912
2026	23840
2027	23638
2028	23782
2029	23944
2030	24113
2031	23763
2032	23909
2033	24108
2034	23910
2035	24046
2036	23942
2037	24173
2038	24224
2039	24229
2040	24170
2041	24238
2042	24356
2043	24053
2044	24096
2045	24097
2046	24150
2047	23999
2048	24359
2049	24174
2050	23941
2051	24334
2052	24256
2053	24254
2054	23978
2055	24236
2056	24167
2057	24280
2058	24094
2059	24293
2060	24324
2061	24147
2062	24243
2063	24642
2064	24427
2065	24270
2066	24572
2067	24651
2068	24426
2069	24398
2070	24094
2071	24222
2072	24223
2073	24579
2074	24555
2075	24271
2076	24359
2077	24666
2078	24772
2079	24496
2080	24626
2081	24256
2082	24454
2083	24522
2084	24372
2085	24381
2086	24379
2087	24536
2088	24567
2089	24530
2090	24503
2091	24538
2092	24649
2093	24610
2094	24223
2095	24603
2096	24438
2097	24391
2098	24744
2099	24443
2100	24545
2101	24465
2102	24539
2103	24607
2104	24847
2105	24205
2106	24365
2107	24384
2108	24520
2109	24520
2110	24488
2111	24516
2112	24474
2113	24623
2114	24565
2115	24231
2116	24481
2117	24280
2118	24550
2119	24123
2120	24695
2121	24529
2122	24573
2123	24116
2124	24302
2125	24334
2126	24105
2127	24159
2128	23805
2129	23828
2130	24017
2131	24057
2132	23996
2133	24084
2134	23790
2135	24102
2136	23796
2137	23710
2138	23969
2139	23990
2140	23601
2141	23453
2142	23629
2143	23694
2144	23419
2145	23513
2146	23430
2147	23169
2148	23418
2149	23397
2150	23560
2151	23350
2152	23115
2153	23337
2154	22934
2155	23320
2156	23031
2157	23120
2158	23200
2159	22988
2160	23133
2161	23271
2162	22573
2163	23061
2164	22708
2165	22504
2166	22463
2167	22434
2168	22736
2169	22378
2170	22236
2171	22289
2172	22377
2173	22432
2174	22231
2175	22158
2176	21969
2177	22076
2178	21815
2179	22084
2180	21947
2181	21808
2182	21762
2183	21954
2184	21820
2185	21647
2186	21597
2187	21561
2188	21439
2189	21398
2190	21235
2191	21042
2192	21080
2193	20833
2194	21113
2195	20787
2196	21056
2197	20859
2198	20887
2199	20759
2200	20829
2201	20591
2202	20735
2203	20741
2204	20168
2205	20464
2206	20512
2207	20045
2208	20385
2209	19905
2210	20116
2211	20118
2212	20070
2213	19821
2214	19773
2215	20054
2216	19808
2217	19645
2218	19629
2219	19609
2220	19622
2221	19626
2222	19508
2223	19526
2224	19112
2225	19195
2226	19163
2227	19421
2228	19205
2229	18966
2230	19175
2231	18759
2232	18727
2233	18926
2234	18719
2235	18576
2236	18363
2237	18641
2238	18694
2239	18195
2240	18472
2241	18640
2242	18318
2243	18334
2244	18227
2245	18398
2246	18365
2247	18296
2248	18226
2249	17893
2250	17943
2251	17887
2252	17863
2253	17822
2254	17714
2255	17660
2256	17800
2257	17248
2258	17600
2259	17695
2260	17562
2261	17177
2262	17528
2263	17433
2264	16996
2265	17253
2266	17165
2267	16890
2268	17019
2269	17105
2270	16980
2271	17060
2272	16891
2273	17114
2274	16925
2275	16787
2276	16849
2277	16575
2278	16806
2279	16791
2280	16672
2281	16584
2282	16542
2283	16448
2284	16682
2285	16305
2286	16461
2287	16309
2288	16299
2289	16311
2290	15951
2291	16158
2292	16107
2293	16140
2294	16055
2295	15799
2296	15864
2297	15986
2298	15803
2299	15729
2300	15771
2301	15722
2302	15503
2303	15425
2304	15559
2305	15472
2306	15598
2307	15205
2308	15333
2309	15371
2310	15313
2311	15117
2312	15105
2313	15112
2314	14939
2315	15190
2316	14997
2317	14940
2318	15007
2319	15261
2320	14881
2321	14875
2322	14909
2323	14832
2324	14652
2325	14480
2326	14778
2327	14422
2328	14687
2329	14358
2330	14371
2331	14472
2332	14456
2333	14451
2334	14230
2335	14477
2336	14417
2337	14317
2338	14306
2339	14231
2340	14030
2341	14166
2342	14086
2343	14042
2344	13949
2345	14030
2346	13735
2347	14130
2348	14009
2349	13894
2350	13827
2351	13878
2352	13851
2353	13718
2354	13653
2355	13873
2356	13647
2357	13530
2358	13243
2359	13651
2360	13322
2361	13555
2362	13535
2363	13332
2364	13512
2365	13542
2366	13372
2367	13235
2368	13220
2369	13264
2370	13527
2371	13224
2372	13206
2373	13394
2374	13005
2375	13187
2376	13050
2377	13139
2378	13229
2379	13054
2380	13147
2381	13142
2382	13036
2383	13109
2384	13005
2385	12872
2386	12827
2387	12968
2388	12858
2389	13196
2390	12872
2391	12782
2392	12782
2393	12728
2394	12889
2395	12986
2396	12795
2397	12659
2398	12630
2399	12815
2400	12755
2401	12588
2402	12522
2403	12717
2404	12703
2405	12510
2406	12560
2407	12567
2408	12584
2409	12551
2410	12692
2411	12546
2412	12513
2413	12741
2414	12506
2415	12453
2416	12573
2417	12588
2418	12441
2419	12640
2420	12311
2421	12315
2422	12643
2423	12466
2424	12397
2425	12443
2426	12534
2427	12396
2428	12599
2429	12466
2430	12610
2431	12371
2432	12645
2433	12491
2434	12487
2435	12456
2436	12636
2437	12478
2438	12512
2439	12516
2440	12513
2441	12349
2442	12655
2443	12550
2444	12458
2445	12579
2446	12526
2447	12649
2448	12502
2449	12707
2450	12396
2451	12330
2452	12560
2453	12474
2454	12521
2455	12484
2456	12584
2457	12595
2458	12396
2459	12620
2460	12562
2461	12400
2462	12611
2463	12334
2464	12509
2465	12559
2466	12366
2467	12354
2468	12454
2469	12590
2470	12644
2471	12620
2472	12491
2473	12555
2474	12552
2475	12472
2476	12496
2477	12335
2478	12469
2479	12482
2480	12613
2481	12257
2482	12540
2483	12375
2484	12425
2485	12348
2486	12362
2487	12274
2488	12241
2489	12258
2490	12317
2491	12147
2492	12390
2493	12116
2494	12429
2495	12237
2496	12134
2497	12072
2498	12037
2499	12271
2500	12106
2501	12053
2502	11817
2503	12003
2504	11893
2505	12090
2506	11928
2507	11776
2508	11805
2509	11927
2510	11709
2511	11709
2512	11588
2513	11621
2514	11737
2515	11652
2516	11599
2517	11648
2518	11323
2519	11564
2520	11625
2521	11389
2522	11373
2523	11465
2524	11467
2525	11455
2526	11288
2527	11436
2528	11336
2529	11164
2530	10878
2531	11111
2532	11057
2533	11037
2534	10973
2535	10943
2536	11066
2537	10949
2538	10928
2539	10946
2540	10689
2541	10836
2542	10607
2543	10744
2544	10667
2545	10626
2546	10363
2547	10680
2548	10533
2549	10445
2550	10689
2551	10396
2552	10449
2553	10268
2554	10323
2555	10118
2556	10150
2557	10223
2558	10110
2559	10188
2560	10167
2561	9974
2562	10219
2563	9856
2564	10002
2565	9899
2566	9827
2567	9961
2568	9797
2569	9728
2570	9691
2571	9721
2572	9510
2573	9448
2574	9621
2575	9459
2576	9441
2577	9527
2578	9519
2579	9417
2580	9260
2581	9263
2582	9374
2583	9246
2584	9266
2585	9289
2586	9198
2587	9183
2588	8952
2589	8882
2590	9068
2591	8987
2592	9015
2593	8760
2594	8836
2595	8784
2596	8836
2597	8781
2598	8649
2599	8628
2600	8622
2601	8633
2602	8447
2603	8494
2604	8343
2605	8544
2606	8459
2607	8638
2608	8365
2609	8530
2610	8354
2611	8268
2612	8275
2613	8149
2614	8294
2615	8321
2616	8183
2617	8134
2618	8248
2619	8213
2620	8014
2621	8136
2622	7997
2623	8022
2624	8090
2625	8083
2626	7973
2627	8074
2628	8154
2629	7880
2630	8010
2631	7780
2632	7756
2633	7767
2634	7858
2635	7707
2636	7717
2637	7796
2638	7694
2639	7711
2640	7710
2641	7740
2642	7605
2643	7581
2644	7739
2645	7731
2646	7625
2647	7682
2648	7639
2649	7618
2650	7478
2651	7650
2652	7468
2653	7362
2654	7570
2655	7433
2656	7323
2657	7410
2658	7414
2659	7426
2660	7514
2661	7229
2662	7306
2663	7257
2664	7257
2665	7309
2666	7412
2667	7252
2668	7333
2669	7219
2670	7159
2671	7152
2672	7085
2673	7074
2674	7116
2675	7027
2676	7129
2677	7151
2678	6996
2679	6934
2680	7092
2681	7124
2682	7141
2683	6867
2684	6962
2685	7000
2686	6930
2687	7058
2688	6909
2689	6988
2690	6995
2691	6972
2692	6962
2693	6717
2694	6795
2695	6911
2696	6840
2697	6728
2698	6841
2699	6597
2700	6888
2701	6604
2702	6802
2703	6733
2704	6743
2705	6684
2706	6635
2707	6671
2708	6685
2709	6681
2710	6528
2711	6571
2712	6544
2713	6525
2714	6516
2715	6683
2716	6520
2717	6462
2718	6461
2719	6487
2720	6510
2721	6378
2722	6399
2723	6305
2724	6472
2725	6475
2726	6285
2727	6372
2728	6401
2729	6410
2730	6478
2731	6565
2732	6417
2733	6139
2734	6285
2735	6236
2736	6117
2737	6231
2738	6216
2739	6081
2740	6214
2741	6128
2742	6272
2743	5950
2744	6240
2745	6153
2746	6142
2747	6203
2748	6031
2749	5931
2750	5956
2751	5959
2752	6025
2753	6071
2754	6145
2755	6071
2756	5737
2757	5953
2758	5858
2759	5835
2760	5954
2761	5865
2762	5874
2763	5762
2764	5746
2765	5727
2766	5835
2767	5830
2768	5803
2769	5843
2770	5756
2771	5681
2772	5810
2773	5607
2774	5807
2775	5577
2776	5858
2777	5650
2778	5611
2779	5571
2780	5575
2781	5741
2782	5592
2783	5575
2784	5534
2785	5527
2786	5613
2787	5475
2788	5505
2789	5607
2790	5431
2791	5456
2792	5414
2793	5392
2794	5401
2795	5433
2796	5280
2797	5262
2798	5303
2799	5396
2800	5293
2801	5256
2802	5278
2803	5303
2804	5177
2805	5209
2806	5198
2807	5128
2808	5250
2809	5162
2810	5088
2811	5155
2812	5141
2813	5115
2814	5105
2815	4998
2816	4966
2817	5002
2818	5097
2819	5089
2820	5162
2821	5049
2822	5024
2823	5107
2824	5038
2825	4969
2826	4965
2827	4844
2828	4901
2829	4816
2830	4907
2831	4801
2832	4771
2833	4816
2834	4692
2835	4829
2836	4727
2837	4667
2838	4812
2839	4820
2840	4758
2841	4605
2842	4596
2843	4816
2844	4662
2845	4540
2846	4607
2847	4580
2848	4605
2849	4523
2850	4537
2851	4362
2852	4517
2853	4481
2854	4439
2855	4468
2856	4361
2857	4459
2858	4378
2859	4440
2860	4350
2861	4451
2862	4395
2863	4373
2864	4360
2865	4233
2866	4340
2867	4281
2868	4339
2869	4312
2870	4224
2871	4258
2872	4322
2873	4274
2874	4333
2875	4288
2876	4178
2877	4243
2878	4314
2879	4194
2880	4115
2881	4069
2882	4170
2883	4126
2884	4084
2885	4157
2886	4209
2887	4161
2888	4011
2889	4067
2890	4089
2891	4011
2892	4063
2893	4142
2894	4200
2895	4069
2896	4068
2897	4100
2898	3954
2899	4065
2900	4133
2901	4065
2902	4071
2903	3993
2904	4135
2905	3999
2906	4052
2907	4135
2908	3944
2909	3864
2910	3973
2911	4125
2912	3915
2913	3911
2914	3786
2915	4033
2916	4050
2917	4035
2918	4027
2919	3905
2920	3973
2921	3976
2922	3903
2923	4036
2924	3996
2925	3918
2926	3918
2927	4017
2928	3997
2929	3893
2930	3868
2931	3841
2932	3913
2933	3955
2934	4008
2935	4046
2936	3900
2937	3967
2938	3937
2939	3850
2940	3898
2941	3872
2942	3961
2943	3936
2944	3917
2945	3808
2946	3766
2947	3866
2948	3928
2949	3822
2950	3886
2951	3965
2952	3920
2953	3809
2954	3812
2955	3857
2956	3850
2957	3803
2958	3888
2959	3817
2960	3767
2961	3994
2962	3802
2963	3804
2964	3942
2965	3831
2966	3784
2967	3845
2968	3823
2969	3781
2970	3844
2971	3737
2972	3798
2973	3675
2974	3826
2975	3776
2976	3759
2977	3830
2978	3775
2979	3730
2980	3802
2981	3836
2982	3736
2983	3759
2984	3715
2985	3713
2986	3733
2987	3714
2988	3741
2989	3798
2990	3636
2991	3806
2992	3713
2993	3619
2994	3739
2995	3686
2996	3627
2997	3706
2998	3600
2999	3527
3000	3666
3001	3547
3002	3567
3003	3465
3004	3507
3005	3464
3006	3546
3007	3512
3008	3496
3009	3544
3010	3575
3011	3455
3012	3530
3013	3478
3014	3411
3015	3482
3016	3456
3017	3365
3018	3467
3019	3457
3020	3337
3021	3306
3022	3378
3023	3373
3024	3317
3025	3335
3026	3312
3027	3284
3028	3362
3029	3208
3030	3131
3031	3205
3032	3216
3033	3148
3034	3115
3035	3217
3036	3131
3037	3137
3038	3138
3039	3135
3040	3162
3041	3194
3042	3157
3043	3124
3044	3098
3045	3035
3046	3019
3047	3052
3048	3055
3049	3080
3050	3021
3051	2921
3052	3052
3053	3107
3054	3007
3055	2945
3056	2991
3057	3033
3058	2948
3059	2999
3060	2882
3061	2864
3062	2856
3063	2910
3064	2899
3065	2875
3066	2876
3067	2830
3068	2829
3069	2870
3070	2837
3071	2796
3072	2806
3073	2824
3074	2848
3075	2820
3076	2764
3077	2768
3078	2819
3079	2638
3080	2774
3081	2763
3082	2679
3083	2792
3084	2691
3085	2726
3086	2649
3087	2609
3088	2665
3089	2651
3090	2712
3091	2634
3092	2584
3093	2614
3094	2628
3095	2561
3096	2668
3097	2601
3098	2606
3099	2401
3100	2543
3101	2446
3102	2530
3103	2500
3104	2525
3105	2495
3106	2466
3107	2450
3108	2475
3109	2373
3110	2550
3111	2445
3112	2451
3113	2479
3114	2441
3115	2539
3116	2419
3117	2439
3118	2381
3119	2410
3120	2425
3121	2354
3122	2400
3123	2377
3124	2276
3125	2390
3126	2409
3127	2242
3128	2321
3129	2257
3130	2362
3131	2275
3132	2279
3133	2253
3134	2221
3135	2186
3136	2321
3137	2233
3138	2247
3139	2184
3140	2267
3141	2266
3142	2215
3143	2197
3144	2246
3145	2164
3146	2141
3147	2274
3148	2173
3149	2165
3150	2179
3151	2099
3152	2130
3153	2177
3154	2179
3155	2133
3156	2176
3157	2078
3158	2115
3159	2184
3160	2091
3161	2089
3162	2081
3163	2057
3164	2053
3165	1978
3166	2102
3167	2055
3168	2071
3169	2079
3170	2113
3171	2085
3172	2101
3173	2077
3174	2018
3175	2079
3176	2017
3177	2067
3178	2047
3179	1997
3180	2007
3181	1925
3182	2048
3183	1969
3184	2017
3185	1932
3186	2033
3187	1978
3188	1912
3189	2035
3190	1987
3191	1959
3192	1958
3193	1948
3194	1933
3195	1948
3196	1925
3197	1858
3198	1915
3199	1960
3200	1892
3201	1933
3202	1918
3203	1865
3204	1887
3205	1973
3206	1944
3207	1938
3208	1861
3209	1905
3210	1877
3211	1889
3212	1932
3213	1876
3214	1883
3215	1770
3216	1885
3217	1831
3218	1933
3219	1863
3220	1806
3221	1867
3222	1856
3223	1882
3224	1852
3225	1832
3226	1830
3227	1829
3228	1834
3229	1777
3230	1748
3231	1830
3232	1784
3233	1738
3234	1865
3235	1849
3236	1846
3237	1815
3238	1819
3239	1833
3240	1773
3241	1742
3242	1883
3243	1755
3244	1719
3245	1782
3246	1797
3247	1778
3248	1783
3249	1831
3250	1680
3251	1678
3252	1770
3253	1723
3254	1799
3255	1682
3256	1730
3257	1733
3258	1705
3259	1750
3260	1791
3261	1757
3262	1763
3263	1775
3264	1716
3265	1698
3266	1636
3267	1692
3268	1758
3269	1653
3270	1638
3271	1650
3272	1700
3273	1765
3274	1662
3275	1642
3276	1694
3277	1673
3278	1652
3279	1614
3280	1631
3281	1655
3282	1644
3283	1708
3284	1645
3285	1705
3286	1623
3287	1595
3288	1590
3289	1608
3290	1536
3291	1477
3292	1644
3293	1480
3294	1615
3295	1552
3296	1584
3297	1570
3298	1576
3299	1589
3300	1498
3301	1510
3302	1548
3303	1552
3304	1548
3305	1556
3306	1488
3307	1470
3308	1551
3309	1539
3310	1493
3311	1522
3312	1419
3313	1533
3314	1504
3315	1492
3316	1484
3317	1492
3318	1437
3319	1482
3320	1445
3321	1436
3322	1428
3323	1463
3324	1373
3325	1447
3326	1406
3327	1408
3328	1427
3329	1370
3330	1364
3331	1366
3332	1435
3333	1413
3334	1417
3335	1371
3336	1349
3337	1396
3338	1394
3339	1397
3340	1340
3341	1319
3342	1381
3343	1374
3344	1364
3345	1381
3346	1333
3347	1328
3348	1359
3349	1421
3350	1288
3351	1397
3352	1329
3353	1332
3354	1308
3355	1315
3356	1349
3357	1343
3358	1234
3359	1266
3360	1302
3361	1312
3362	1295
3363	1314
3364	1334
3365	1313
3366	1309
3367	1205
3368	1297
3369	1266
3370	1311
3371	1296
3372	1224
3373	1266
3374	1218
3375	1279
3376	1246
3377	1261
3378	1284
3379	1303
3380	1235
3381	1207
3382	1200
3383	1242
3384	1221
3385	1269
3386	1184
3387	1227
3388	1222
3389	1241
3390	1180
3391	1206
3392	1203
3393	1191
3394	1234
3395	1280
3396	1140
3397	1186
3398	1217
3399	1186
3400	1164
3401	1191
3402	1198
3403	1187
3404	1153
3405	1176
3406	1162
3407	1145
3408	1173
3409	1153
3410	1136
3411	1176
3412	1168
3413	1221
3414	1141
3415	1106
3416	1109
3417	1184
3418	1089
3419	1153
3420	1150
3421	1112
3422	1093
3423	1161
3424	1154
3425	1116
3426	1152
3427	1074
3428	1112
3429	1094
3430	1129
3431	1075
3432	1142
3433	1086
3434	1157
3435	1057
3436	1025
3437	1079
3438	1065
3439	1089
3440	1151
3441	1103
3442	1088
3443	1109
3444	1116
3445	1124
3446	1056
3447	1127
3448	1084
3449	1041
3450	1093
3451	1109
3452	1039
3453	1024
3454	1094
3455	1033
3456	1026
3457	1098
3458	1011
3459	1044
3460	1096
3461	1050
3462	1012
3463	1037
3464	1044
3465	1003
3466	1032
3467	1048
3468	1006
3469	995
3470	926
3471	1033
3472	1017
3473	1012
3474	988
3475	962
3476	1018
3477	994
3478	956
3479	961
3480	984
3481	932
3482	1021
3483	995
3484	960
3485	1007
3486	976
3487	935
3488	1033
3489	944
3490	930
3491	953
3492	988
3493	963
3494	949
3495	958
3496	966
3497	980
3498	923
3499	949
3500	1009
3501	997
3502	981
3503	939
3504	976
3505	943
3506	972
3507	997
3508	893
3509	930
3510	946
3511	915
3512	957
3513	996
3514	1001
3515	900
3516	1000
3517	959
3518	948
3519	937
3520	944
3521	1011
3522	972
3523	934
3524	996
3525	892
3526	973
3527	932
3528	940
3529	911
3530	920
3531	942
3532	921
3533	908
3534	1003
3535	912
3536	896
3537	921
3538	898
3539	909
3540	937
3541	935
3542	883
3543	879
3544	907
3545	925
3546	876
3547	875
3548	893
3549	895
3550	916
3551	917
3552	859
3553	930
3554	880
3555	926
3556	893
3557	896
3558	893
3559	891
3560	837
3561	866
3562	878
3563	858
3564	848
3565	856
3566	884
3567	892
3568	871
3569	818
3570	800
3571	840
3572	827
3573	836
3574	819
3575	805
3576	802
3577	859
3578	803
3579	809
3580	805
3581	786
3582	770
3583	809
3584	802
3585	798
3586	765
3587	742
3588	784
3589	759
3590	714
3591	742
3592	746
3593	772
3594	784
3595	755
3596	764
3597	763
3598	734
3599	759
3600	745
3601	771
3602	723
3603	754
3604	712
3605	680
3606	715
3607	741
3608	749
3609	738
3610	720
3611	705
3612	658
3613	635
3614	704
3615	702
3616	665
3617	695
3618	672
3619	703
3620	661
3621	678
3622	693
3623	647
3624	661
3625	655
3626	678
3627	652
3628	664
3629	656
3630	613
3631	646
3632	658
3633	587
3634	618
3635	687
3636	597
3637	637
3638	645
3639	587
3640	636
3641	663
3642	654
3643	582
3644	589
3645	602
3646	597
3647	594
3648	632
3649	580
3650	608
3651	599
3652	574
3653	606
3654	556
3655	579
3656	550
3657	556
3658	590
3659	612
3660	535
3661	561
3662	555
3663	563
3664	549
3665	570
3666	513
3667	541
3668	512
3669	566
3670	544
3671	541
3672	508
3673	558
3674	546
3675	561
3676	558
3677	550
3678	504
3679	545
3680	561
3681	533
3682	528
3683	545
3684	508
3685	548
3686	508
3687	518
3688	507
3689	541
3690	513
3691	515
3692	515
3693	539
3694	530
3695	529
3696	503
3697	543
3698	514
3699	547
3700	510
3701	530
3702	544
3703	489
3704	509
3705	534
3706	508
3707	504
3708	500
3709	509
3710	510
3711	509
3712	486
3713	505
3714	495
3715	519
3716	513
3717	531
3718	516
3719	508
3720	485
3721	510
3722	469
3723	493
3724	502
3725	512
3726	520
3727	484
3728	506
3729	498
3730	462
3731	496
3732	519
3733	459
3734	460
3735	506
3736	511
3737	506
3738	486
3739	524
3740	451
3741	447
3742	464
3743	475
3744	442
3745	452
3746	456
3747	482
3748	428
3749	473
3750	475
3751	502
3752	487
3753	454
3754	469
3755	461
3756	479
3757	465
3758	490
3759	442
3760	493
3761	429
3762	461
3763	428
3764	522
3765	443
3766	412
3767	424
3768	479
3769	431
3770	453
3771	433
3772	426
3773	463
3774	470
3775	477
3776	462
3777	388
3778	428
3779	423
3780	453
3781	464
3782	426
3783	463
3784	469
3785	437
3786	454
3787	483
3788	433
3789	467
3790	450
3791	475
3792	449
3793	436
3794	417
3795	434
3796	440
3797	448
3798	478
3799	458
3800	412
3801	446
3802	432
3803	509
3804	471
3805	459
3806	436
3807	430
3808	485
3809	453
3810	472
3811	480
3812	417
3813	430
3814	483
3815	449
3816	390
3817	418
3818	452
3819	451
3820	475
3821	442
3822	447
3823	460
3824	470
3825	467
3826	468
3827	453
3828	489
3829	459
3830	443
3831	432
3832	458
3833	457
3834	440
3835	428
3836	426
3837	416
3838	426
3839	463
3840	456
3841	460
3842	441
3843	431
3844	461
3845	431
3846	459
3847	439
3848	468
3849	430
3850	481
3851	424
3852	432
3853	442
3854	473
3855	436
3856	449
3857	423
3858	421
3859	411
3860	456
3861	437
3862	461
3863	453
3864	404
3865	431
3866	428
3867	422
3868	414
3869	379
3870	409
3871	390
3872	432
3873	430
3874	407
3875	382
3876	422
3877	442
3878	405
3879	393
3880	388
3881	401
3882	401
3883	400
3884	393
3885	410
3886	384
3887	407
3888	371
3889	393
3890	425
3891	398
3892	381
3893	404
3894	383
3895	420
3896	402
3897	393
3898	412
3899	398
3900	391
3901	380
3902	367
3903	363
3904	406
3905	385
3906	386
3907	372
3908	380
3909	386
3910	372
3911	389
3912	320
3913	392
3914	372
3915	351
3916	364
3917	389
3918	356
3919	376
3920	380
3921	348
3922	344
3923	343
3924	354
3925	395
3926	329
3927	362
3928	376
3929	315
3930	362
3931	340
3932	369
3933	349
3934	357
3935	358
3936	375
3937	339
3938	347
3939	332
3940	342
3941	322
3942	332
3943	324
3944	348
3945	298
3946	305
3947	329
3948	335
3949	309
3950	302
3951	323
3952	335
3953	321
3954	307
3955	345
3956	336
3957	310
3958	305
3959	321
3960	306
3961	333
3962	311
3963	300
3964	316
3965	305
3966	331
3967	314
3968	306
3969	328
3970	305
3971	328
3972	289
3973	269
3974	317
3975	308
3976	321
3977	311
3978	318
3979	267
3980	294
3981	327
3982	282
3983	299
3984	302
3985	280
3986	310
3987	248
3988	301
3989	292
3990	295
3991	307
3992	305
3993	290
3994	315
3995	282
3996	287
3997	311
3998	276
3999	293
4000	274
4001	262
4002	285
4003	269
4004	271
4005	306
4006	287
4007	278
4008	269
4009	255
4010	253
4011	303
4012	274
4013	260
4014	266
4015	273
4016	284
4017	285
4018	260
4019	275
4020	277
4021	247
4022	291
4023	282
4024	241
4025	278
4026	229
4027	258
4028	256
4029	266
4030	270
4031	259
4032	241
4033	291
4034	243
4035	228
4036	253
4037	280
4038	253
4039	242
4040	280
4041	244
4042	233
4043	252
4044	264
4045	274
4046	243
4047	239
4048	243
4049	229
4050	231
4051	250
4052	206
4053	210
4054	217
4055	214
4056	224
4057	229
4058	225
4059	246
4060	199
4061	232
4062	206
4063	208
4064	214
4065	222
4066	183
4067	233
4068	202
4069	217
4070	196
4071	219
4072	208
4073	245
4074	205
4075	189
4076	223
4077	214
4078	227
4079	219
4080	225
4081	219
4082	211
4083	216
4084	182
4085	196
4086	204
4087	216
4088	188
4089	205
4090	238
4091	189
4092	223
4093	185
4094	180
4095	195
4096	186
4097	196
4098	220
4099	179
4100	200
4101	188
4102	182
4103	188
4104	183
4105	166
4106	197
4107	181
4108	208
4109	195
4110	195
4111	185
4112	216
4113	191
4114	185
4115	181
4116	201
4117	178
4118	178
4119	169
4120	188
4121	197
4122	198
4123	201
4124	212
4125	184
4126	175
4127	167
4128	183
4129	175
4130	190
4131	221
4132	171
4133	185
4134	175
4135	185
4136	191
4137	192
4138	177
4139	183
4140	203
4141	179
4142	191
4143	184
4144	173
4145	159
4146	170
4147	188
4148	198
4149	168
4150	189
4151	179
4152	179
4153	186
4154	172
4155	171
4156	170
4157	161
4158	164
4159	191
4160	180
4161	175
4162	183
4163	159
4164	176
4165	172
4166	180
4167	168
4168	172
4169	163
4170	155
4171	172
4172	186
4173	177
4174	190
4175	188
4176	162
4177	165
4178	190
4179	201
4180	169
4181	179
4182	182
4183	192
4184	162
4185	149
4186	193
4187	164
4188	167
4189	192
4190	173
4191	183
4192	168
4193	175
4194	168
4195	163
4196	163
4197	171
4198	155
4199	175
4200	178
4201	191
4202	165
4203	152
4204	160
4205	171
4206	177
4207	157
4208	162
4209	188
4210	165
4211	155
4212	202
4213	184
4214	153
4215	160
4216	159
4217	186
4218	147
4219	163
4220	178
4221	146
4222	137
4223	161
4224	194
4225	151
4226	174
4227	192
4228	164
4229	168
4230	127
4231	174
4232	168
4233	180
4234	180
4235	178
4236	147
4237	164
4238	178
4239	162
4240	174
4241	179
4242	162
4243	180
4244	162
4245	178
4246	184
4247	190
4248	181
4249	160
4250	153
4251	192
4252	150
4253	185
4254	170
4255	182
4256	166
4257	156
4258	173
4259	164
4260	167
4261	177
4262	193
4263	170
4264	169
4265	196
4266	150
4267	182
4268	183
4269	203
4270	180
4271	192
4272	196
4273	177
4274	200
4275	174
4276	182
4277	166
4278	178
4279	197
4280	175
4281	165
4282	170
4283	178
4284	156
4285	181
4286	166
4287	172
4288	162
4289	174
4290	170
4291	159
4292	182
4293	181
4294	155
4295	193
4296	181
4297	173
4298	173
4299	148
4300	173
4301	149
4302	191
4303	182
4304	181
4305	184
4306	167
4307	149
4308	174
4309	154
4310	154
4311	178
4312	183
4313	156
4314	158
4315	184
4316	177
4317	151
4318	151
4319	159
4320	172
4321	165
4322	134
4323	156
4324	162
4325	163
4326	142
4327	152
4328	161
4329	141
4330	153
4331	153
4332	153
4333	180
4334	170
4335	171
4336	169
4337	165
4338	166
4339	148
4340	135
4341	135
4342	144
4343	152
4344	176
4345	156
4346	137
4347	137
4348	162
4349	149
4350	140
4351	141
4352	150
4353	167
4354	132
4355	142
4356	153
4357	144
4358	140
4359	135
4360	148
4361	156
4362	132
4363	120
4364	133
4365	144
4366	132
4367	123
4368	144
4369	126
4370	139
4371	122
4372	144
4373	122
4374	124
4375	113
4376	104
4377	123
4378	138
4379	109
4380	116
4381	124
4382	125
4383	109
4384	119
4385	125
4386	135
4387	115
4388	132
4389	128
4390	102
4391	131
4392	112
4393	120
4394	104
4395	118
4396	123
4397	107
4398	116
4399	106
4400	109
4401	100
4402	102
4403	114
4404	122
4405	118
4406	128
4407	100
4408	125
4409	109
4410	102
4411	103
4412	102
4413	111
4414	123
4415	101
4416	129
4417	99
4418	117
4419	114
4420	93
4421	114
4422	122
4423	98
4424	102
4425	99
4426	96
4427	107
4428	90
4429	98
4430	89
4431	85
4432	109
4433	109
4434	104
4435	92
4436	96
4437	86
4438	97
4439	101
4440	77
4441	94
4442	109
4443	103
4444	93
4445	104
4446	91
4447	108
4448	107
4449	104
4450	103
4451	95
4452	89
4453	101
4454	100
4455	98
4456	90
4457	89
4458	108
4459	83
4460	88
4461	94
4462	104
4463	91
4464	117
4465	89
4466	100
4467	90
4468	110
4469	113
4470	92
4471	78
4472	99
4473	78
4474	82
4475	90
4476	108
4477	90
4478	94
4479	95
4480	90
4481	90
4482	89
4483	79
4484	97
4485	72
4486	86
4487	101
4488	90
4489	92
4490	78
4491	86
4492	92
4493	107
4494	87
4495	92
4496	82
4497	106
4498	95
4499	86
4500	100
4501	77
4502	76
4503	102
4504	97
4505	92
4506	84
4507	76
4508	98
4509	97
4510	101
4511	88
4512	78
4513	89
4514	95
4515	90
4516	74
4517	75
4518	97
4519	81
4520	92
4521	77
4522	77
4523	86
4524	65
4525	78
4526	93
4527	79
4528	76
4529	93
4530	81
4531	88
4532	73
4533	69
4534	90
4535	61
4536	88
4537	83
4538	80
4539	71
4540	95
4541	86
4542	77
4543	78
4544	80
4545	82
4546	75
4547	74
4548	70
4549	85
4550	60
4551	72
4552	61
4553	71
4554	73
4555	81
4556	101
4557	76
4558	76
4559	82
4560	87
4561	65
4562	85
4563	77
4564	84
4565	63
4566	75
4567	74
4568	86
4569	64
4570	82
4571	74
4572	82
4573	81
4574	71
4575	94
4576	78
4577	81
4578	84
4579	74
4580	68
4581	81
4582	86
4583	81
4584	88
4585	84
4586	87
4587	80
4588	71
4589	78
4590	79
4591	88
4592	79
4593	87
4594	79
4595	56
4596	75
4597	65
4598	80
4599	72
4600	71
4601	100
4602	76
4603	80
4604	65
4605	90
4606	65
4607	78
4608	88
4609	66
4610	79
4611	77
4612	74
4613	93
4614	80
4615	80
4616	87
4617	86
4618	92
4619	64
4620	77
4621	68
4622	86
4623	96
4624	80
4625	74
4626	73
4627	79
4628	72
4629	86
4630	81
4631	93
4632	89
4633	80
4634	93
4635	95
4636	81
4637	71
4638	80
4639	85
4640	88
4641	86
4642	82
4643	88
4644	91
4645	78
4646	85
4647	58
4648	86
4649	88
4650	90
4651	81
4652	59
4653	74
4654	90
4655	84
4656	80
4657	87
4658	77
4659	72
4660	93
4661	90
4662	87
4663	74
4664	102
4665	96
4666	85
4667	89
4668	91
4669	83
4670	98
4671	84
4672	78
4673	98
4674	82
4675	78
4676	75
4677	69
4678	89
4679	87
4680	91
4681	90
4682	81
4683	71
4684	86
4685	73
4686	96
4687	73
4688	86
4689	93
4690	74
4691	92
4692	84
4693	90
4694	88
4695	96
4696	82
4697	72
4698	82
4699	73
4700	84
4701	94
4702	87
4703	97
4704	90
4705	83
4706	84
4707	78
4708	107
4709	95
4710	86
4711	76
4712	80
4713	73
4714	84
4715	85
4716	93
4717	90
4718	81
4719	92
4720	83
4721	87
4722	78
4723	84
4724	71
4725	77
4726	92
4727	85
4728	75
4729	79
4730	84
4731	82
4732	69
4733	78
4734	79
4735	82
4736	69
4737	76
4738	81
4739	78
4740	85
4741	84
4742	97
4743	91
4744	81
4745	83
4746	82
4747	85
4748	101
4749	93
4750	84
4751	72
4752	82
4753	72
4754	89
4755	81
4756	98
4757	81
4758	80
4759	62
4760	93
4761	69
4762	82
4763	76
4764	82
4765	74
4766	75
4767	83
4768	80
4769	82
4770	70
4771	77
4772	71
4773	71
4774	72
4775	75
4776	63
4777	76
4778	71
4779	77
4780	84
4781	73
4782	81
4783	71
4784	79
4785	68
4786	63
4787	73
4788	80
4789	72
4790	71
4791	61
4792	63
4793	64
4794	70
4795	71
4796	71
4797	68
4798	68
4799	67
4800	61
4801	63
4802	70
4803	62
4804	65
4805	55
4806	45
4807	58
4808	49
4809	70
4810	62
4811	62
4812	53
4813	68
4814	58
4815	57
4816	74
4817	70
4818	57
4819	58
4820	64
4821	62
4822	54
4823	54
4824	56
4825	44
4826	60
4827	55
4828	53
4829	50
4830	50
4831	47
4832	42
4833	45
4834	76
4835	49
4836	51
4837	40
4838	49
4839	58
4840	39
4841	52
4842	46
4843	45
4844	46
4845	38
4846	44
4847	54
4848	45
4849	45
4850	63
4851	56
4852	45
4853	45
4854	42
4855	61
4856	58
4857	46
4858	53
4859	49
4860	42
4861	48
4862	38
4863	57
4864	41
4865	39
4866	47
4867	32
4868	41
4869	38
4870	45
4871	37
4872	46
4873	47
4874	46
4875	38
4876	47
4877	45
4878	46
4879	38
4880	53
4881	35
4882	48
4883	41
4884	55
4885	46
4886	51
4887	50
4888	46
4889	48
4890	54
4891	60
4892	41
4893	41
4894	44
4895	50
4896	49
4897	41
4898	48
4899	43
4900	42
4901	48
4902	38
4903	45
4904	46
4905	40
4906	38
4907	44
4908	34
4909	49
4910	57
4911	41
4912	29
4913	47
4914	47
4915	42
4916	42
4917	50
4918	42
4919	45
4920	50
4921	47
4922	59
4923	44
4924	45
4925	60
4926	50
4927	55
4928	42
4929	45
4930	43
4931	36
4932	31
4933	42
4934	45
4935	41
4936	44
4937	57
4938	45
4939	51
4940	42
4941	37
4942	46
4943	56
4944	48
4945	29
4946	38
4947	37
4948	54
4949	39
4950	44
4951	45
4952	36
4953	39
4954	51
4955	44
4956	42
4957	31
4958	46
4959	39
4960	39
4961	39
4962	46
4963	46
4964	32
4965	42
4966	43
4967	48
4968	36
4969	38
4970	48
4971	41
4972	35
4973	48
4974	46
4975	41
4976	42
4977	47
4978	42
4979	40
4980	46
4981	46
4982	44
4983	35
4984	47
4985	45
4986	43
4987	42
4988	49
4989	44
4990	35
4991	60
4992	45
4993	37
4994	46
4995	40
4996	51
4997	44
4998	41
4999	35
5000	42
5001	43
5002	51
5003	38
5004	49
5005	37
5006	45
5007	46
5008	41
5009	55
5010	39
5011	38
5012	40
5013	53
5014	38
5015	43
5016	41
5017	48
5018	37
5019	56
5020	34
5021	35
5022	55
5023	33
5024	43
5025	46
5026	52
5027	49
5028	57
5029	42
5030	47
5031	44
5032	49
5033	42
5034	63
5035	52
5036	53
5037	48
5038	48
5039	45
5040	50
5041	44
5042	45
5043	48
5044	44
5045	42
5046	58
5047	63
5048	45
5049	51
5050	66
5051	40
5052	49
5053	56
5054	50
5055	55
5056	67
5057	55
5058	48
5059	51
5060	44
5061	56
5062	48
5063	45
5064	43
5065	41
5066	49
5067	65
5068	45
5069	49
5070	59
5071	46
5072	42
5073	57
5074	60
5075	62
5076	48
5077	60
5078	56
5079	48
5080	48
5081	49
5082	63
5083	58
5084	70
5085	64
5086	53
5087	52
5088	42
5089	60
5090	59
5091	61
5092	41
5093	53
5094	64
5095	48
5096	53
5097	57
5098	43
5099	56
5100	50
5101	53
5102	49
5103	55
5104	55
5105	59
5106	65
5107	59
5108	57
5109	56
5110	56
5111	51
5112	54
5113	58
5114	51
5115	54
5116	69
5117	54
5118	59
5119	63
5120	57
5121	53
5122	60
5123	50
5124	62
5125	52
5126	46
5127	61
5128	45
5129	59
5130	54
5131	50
5132	53
5133	52
5134	57
5135	60
5136	55
5137	53
5138	51
5139	50
5140	62
5141	68
5142	53
5143	63
5144	55
5145	51
5146	45
5147	44
5148	58
5149	46
5150	66
5151	48
5152	37
5153	51
5154	52
5155	38
5156	47
5157	51
5158	53
5159	48
5160	44
5161	63
5162	57
5163	46
5164	40
5165	52
5166	41
5167	34
5168	48
5169	39
5170	51
5171	41
5172	47
5173	39
5174	41
5175	35
5176	59
5177	52
5178	43
5179	43
5180	54
5181	34
5182	51
5183	38
5184	43
5185	46
5186	39
5187	43
5188	42
5189	29
5190	44
5191	38
5192	39
5193	50
5194	36
5195	45
5196	44
5197	43
5198	34
5199	33
5200	40
5201	42
5202	26
5203	41
5204	37
5205	38
5206	37
5207	51
5208	33
5209	30
5210	40
5211	38
5212	44
5213	39
5214	51
5215	35
5216	31
5217	41
5218	42
5219	41
5220	43
5221	32
5222	38
5223	40
5224	37
5225	33
5226	43
5227	34
5228	49
5229	42
5230	31
5231	34
5232	27
5233	27
5234	39
5235	46
5236	32
5237	48
5238	32
5239	37
5240	37
5241	33
5242	33
5243	25
5244	40
5245	36
5246	35
5247	30
5248	42
5249	35
5250	37
5251	28
5252	40
5253	31
5254	33
5255	36
5256	31
5257	29
5258	44
5259	38
5260	32
5261	39
5262	31
5263	31
5264	25
5265	24
5266	32
5267	30
5268	32
5269	18
5270	35
5271	35
5272	35
5273	23
5274	31
5275	34
5276	26
5277	34
5278	30
5279	41
5280	27
5281	31
5282	21
5283	32
5284	30
5285	32
5286	37
5287	35
5288	24
5289	27
5290	39
5291	34
5292	25
5293	30
5294	30
5295	35
5296	21
5297	34
5298	30
5299	35
5300	33
5301	29
5302	23
5303	31
5304	30
5305	22
5306	43
5307	34
5308	34
5309	28
5310	39
5311	38
5312	33
5313	39
5314	21
5315	39
5316	36
5317	21
5318	17
5319	38
5320	31
5321	27
5322	34
5323	26
5324	37
5325	29
5326	42
5327	35
5328	25
5329	38
5330	40
5331	36
5332	32
5333	30
5334	26
5335	42
5336	26
5337	34
5338	37
5339	26
5340	41
5341	26
5342	32
5343	32
5344	45
5345	28
5346	40
5347	28
5348	16
5349	19
5350	23
5351	54
5352	34
5353	30
5354	29
5355	22
5356	26
5357	30
5358	25
5359	33
5360	35
5361	41
5362	32
5363	30
5364	32
5365	34
5366	21
5367	38
5368	26
5369	36
5370	34
5371	31
5372	35
5373	28
5374	32
5375	36
5376	36
5377	35
5378	33
5379	42
5380	37
5381	32
5382	32
5383	27
5384	28
5385	34
5386	23
5387	36
5388	19
5389	36
5390	33
5391	35
5392	39
5393	40
5394	34
5395	27
5396	29
5397	31
5398	40
5399	31
5400	30
5401	42
5402	28
5403	28
5404	33
5405	21
5406	32
5407	36
5408	40
5409	26
5410	24
5411	34
5412	39
5413	36
5414	31
5415	34
5416	38
5417	35
5418	29
5419	24
5420	36
5421	31
5422	30
5423	28
5424	40
5425	40
5426	48
5427	33
5428	34
5429	30
5430	33
5431	40
5432	51
5433	38
5434	33
5435	36
5436	39
5437	31
5438	44
5439	42
5440	34
5441	38
5442	32
5443	35
5444	27
5445	36
5446	33
5447	37
5448	36
5449	38
5450	35
5451	39
5452	35
5453	34
5454	45
5455	28
5456	29
5457	29
5458	34
5459	40
5460	39
5461	38
5462	37
5463	29
5464	38
5465	38
5466	32
5467	36
5468	44
5469	46
5470	38
5471	28
5472	40
5473	35
5474	49
5475	36
5476	30
5477	42
5478	36
5479	38
5480	32
5481	36
5482	47
5483	37
5484	48
5485	41
5486	42
5487	52
5488	35
5489	52
5490	50
5491	40
5492	41
5493	40
5494	46
5495	42
5496	35
5497	47
5498	38
5499	37
5500	42
5501	50
5502	48
5503	39
5504	35
5505	39
5506	33
5507	45
5508	41
5509	39
5510	39
5511	38
5512	39
5513	51
5514	28
5515	41
5516	56
5517	48
5518	42
5519	46
5520	34
5521	36
5522	43
5523	34
5524	39
5525	31
5526	41
5527	38
5528	33
5529	37
5530	38
5531	44
5532	38
5533	37
5534	42
5535	34
5536	26
5537	29
5538	41
5539	34
5540	28
5541	36
5542	40
5543	37
5544	36
5545	29
5546	34
5547	34
5548	37
5549	39
5550	45
5551	31
5552	57
5553	38
5554	33
5555	33
5556	34
5557	36
5558	43
5559	38
5560	41
5561	42
5562	37
5563	39
5564	41
5565	32
5566	44
5567	31
5568	28
5569	33
5570	25
5571	35
5572	31
5573	33
5574	33
5575	31
5576	40
5577	31
5578	34
5579	37
5580	34
5581	42
5582	27
5583	34
5584	26
5585	31
5586	36
5587	20
5588	29
5589	47
5590	22
5591	33
5592	31
5593	27
5594	26
5595	35
5596	32
5597	34
5598	34
5599	29
5600	27
5601	27
5602	35
5603	39
5604	34
5605	31
5606	24
5607	35
5608	26
5609	39
5610	26
5611	29
5612	25
5613	30
5614	37
5615	30
5616	34
5617	28
5618	25
5619	33
5620	27
5621	34
5622	39
5623	27
5624	46
5625	28
5626	31
5627	38
5628	30
5629	23
5630	20
5631	25
5632	35
5633	20
5634	28
5635	41
5636	35
5637	25
5638	35
5639	37
5640	21
5641	39
5642	25
5643	24
5644	20
5645	32
5646	24
5647	29
5648	32
5649	26
5650	33
5651	29
5652	33
5653	32
5654	29
5655	23
5656	21
5657	32
5658	32
5659	19
5660	35
5661	21
5662	29
5663	34
5664	26
5665	26
5666	30
5667	28
5668	29
5669	30
5670	20
5671	26
5672	29
5673	29
5674	24
5675	25
5676	17
5677	24
5678	19
5679	25
5680	24
5681	20
5682	29
5683	31
5684	27
5685	22
5686	26
5687	28
5688	28
5689	23
5690	24
5691	23
5692	18
5693	16
5694	26
5695	20
5696	25
5697	21
5698	21
5699	29
5700	25
5701	18
5702	22
5703	26
5704	32
5705	26
5706	28
5707	26
5708	19
5709	31
5710	21
5711	23
5712	19
5713	18
5714	22
5715	26
5716	24
5717	20
5718	22
5719	24
5720	26
5721	18
5722	34
5723	22
5724	20
5725	18
5726	14
5727	21
5728	22
5729	26
5730	31
5731	30
5732	26
5733	18
5734	20
5735	25
5736	22
5737	18
5738	20
5739	24
5740	20
5741	22
5742	22
5743	25
5744	22
5745	21
5746	24
5747	22
5748	21
5749	25
5750	32
5751	27
5752	26
5753	28
5754	23
5755	21
5756	24
5757	18
5758	30
5759	26
5760	14
5761	18
5762	24
5763	23
5764	24
5765	36
5766	30
5767	20
5768	16
5769	31
5770	17
5771	24
5772	26
5773	25
5774	17
5775	32
5776	24
5777	23
5778	21
5779	27
5780	19
5781	34
5782	22
5783	20
5784	25
5785	29
5786	22
5787	31
5788	18
5789	25
5790	21
5791	27
5792	34
5793	28
5794	23
5795	34
5796	29
5797	36
5798	22
5799	29
5800	25
5801	25
5802	28
5803	28
5804	32
5805	36
5806	34
5807	30
5808	31
5809	31
5810	36
5811	27
5812	27
5813	35
5814	29
5815	30
5816	35
5817	29
5818	39
5819	31
5820	27
5821	28
5822	29
5823	27
5824	26
5825	27
5826	26
5827	30
5828	43
5829	34
5830	29
5831	30
5832	24
5833	27
5834	38
5835	26
5836	36
5837	32
5838	28
5839	39
5840	38
5841	30
5842	25
5843	30
5844	33
5845	42
5846	32
5847	29
5848	40
5849	41
5850	38
5851	42
5852	39
5853	34
5854	25
5855	39
5856	28
5857	32
5858	40
5859	27
5860	37
5861	34
5862	33
5863	30
5864	31
5865	45
5866	26
5867	35
5868	36
5869	25
5870	36
5871	38
5872	36
5873	45
5874	31
5875	28
5876	28
5877	31
5878	29
5879	42
5880	33
5881	31
5882	36
5883	31
5884	31
5885	23
5886	27
5887	32
5888	29
5889	45
5890	27
5891	35
5892	32
5893	33
5894	23
5895	39
5896	44
5897	29
5898	39
5899	28
5900	39
5901	28
5902	27
5903	43
5904	24
5905	38
5906	27
5907	33
5908	28
5909	30
5910	34
5911	37
5912	26
5913	36
5914	26
5915	33
5916	34
5917	26
5918	36
5919	29
5920	21
5921	34
5922	25
5923	34
5924	29
5925	32
5926	31
5927	25
5928	17
5929	34
5930	28
5931	30
5932	32
5933	25
5934	30
5935	39
5936	37
5937	32
5938	32
5939	31
5940	30
5941	43
5942	30
5943	28
5944	21
5945	18
5946	31
5947	22
5948	40
5949	42
5950	26
5951	25
5952	25
5953	32
5954	28
5955	27
5956	23
5957	22
5958	22
5959	32
5960	28
5961	33
5962	28
5963	26
5964	27
5965	30
5966	34
5967	36
5968	28
5969	32
5970	23
5971	29
5972	28
5973	29
5974	30
5975	27
5976	31
5977	24
5978	26
5979	24
5980	30
5981	28
5982	24
5983	31
5984	22
5985	29
5986	23
5987	30
5988	20
5989	28
5990	21
5991	26
5992	22
5993	24
5994	32
5995	28
5996	22
5997	29
5998	26
5999	35
6000	29
6001	33
6002	33
6003	19
6004	32
6005	25
6006	22
6007	25
6008	20
6009	28
6010	27
6011	28
6012	18
6013	35
6014	27
6015	24
6016	19
6017	25
6018	26
6019	30
6020	26
6021	29
6022	31
6023	31
6024	33
6025	32
6026	30
6027	32
6028	23
6029	22
6030	22
6031	30
6032	28
6033	20
6034	22
6035	28
6036	35
6037	25
6038	29
6039	23
6040	27
6041	29
6042	24
6043	37
6044	19
6045	26
6046	33
6047	27
6048	17
6049	27
6050	15
6051	24
6052	26
6053	32
6054	19
6055	26
6056	24
6057	21
6058	23
6059	23
6060	27
6061	25
6062	28
6063	24
6064	16
6065	27
6066	32
6067	24
6068	26
6069	20
6070	25
6071	22
6072	22
6073	21
6074	27
6075	25
6076	26
6077	31
6078	22
6079	22
6080	20
6081	27
6082	25
6083	20
6084	20
6085	15
6086	35
6087	29
6088	26
6089	19
6090	29
6091	31
6092	17
6093	30
6094	26
6095	31
6096	25
6097	19
6098	23
6099	24
6100	27
6101	31
6102	24
6103	22
6104	23
6105	23
6106	22
6107	27
6108	20
6109	29
6110	27
6111	20
6112	20
6113	22
6114	21
6115	20
6116	19
6117	25
6118	32
6119	23
6120	19
6121	17
6122	21
6123	31
6124	26
6125	18
6126	25
6127	26
6128	20
6129	20
6130	25
6131	23
6132	24
6133	28
6134	24
6135	25
6136	19
6137	25
6138	19
6139	16
6140	21
6141	17
6142	26
6143	18
6144	35
6145	17
6146	12
6147	22
6148	27
6149	23
6150	21
6151	25
6152	22
6153	24
6154	17
6155	21
6156	25
6157	26
6158	14
6159	20
6160	17
6161	24
6162	15
6163	19
6164	24
6165	27
6166	19
6167	27
6168	18
6169	25
6170	30
6171	30
6172	20
6173	25
6174	26
6175	23
6176	21
6177	31
6178	22
6179	26
6180	28
6181	26
6182	18
6183	34
6184	15
6185	19
6186	33
6187	23
6188	28
6189	27
6190	31
6191	22
6192	30
6193	24
6194	25
6195	25
6196	22
6197	33
6198	30
6199	23
6200	33
6201	20
6202	11
6203	27
6204	28
6205	18
6206	21
6207	17
6208	25
6209	31
6210	25
6211	21
6212	22
6213	20
6214	33
6215	18
6216	29
6217	26
6218	24
6219	21
6220	29
6221	15
6222	34
6223	31
6224	34
6225	29
6226	25
6227	29
6228	24
6229	31
6230	34
6231	27
6232	36
6233	25
6234	22
6235	24
6236	31
6237	21
6238	28
6239	28
6240	32
6241	22
6242	32
6243	34
6244	29
6245	26
6246	34
6247	28
6248	25
6249	21
6250	29
6251	27
6252	23
6253	30
6254	30
6255	29
6256	23
6257	26
6258	16
6259	20
6260	28
6261	31
6262	33
6263	29
6264	19
6265	26
6266	18
6267	34
6268	30
6269	28
6270	26
6271	28
6272	23
6273	33
6274	30
6275	35
6276	33
6277	39
6278	22
6279	21
6280	30
6281	27
6282	30
6283	26
6284	31
6285	28
6286	32
6287	30
6288	29
6289	40
6290	31
6291	37
6292	36
6293	30
6294	42
6295	25
6296	31
6297	32
6298	24
6299	39
6300	25
6301	27
6302	29
6303	26
6304	27
6305	42
6306	25
6307	36
6308	26
6309	20
6310	32
6311	18
6312	28
6313	28
6314	26
6315	35
6316	27
6317	40
6318	34
6319	32
6320	32
6321	27
6322	30
6323	30
6324	27
6325	39
6326	40
6327	36
6328	43
6329	33
6330	22
6331	27
6332	32
6333	24
6334	31
6335	32
6336	26
6337	26
6338	33
6339	18
6340	27
6341	25
6342	23
6343	30
6344	20
6345	34
6346	30
6347	25
6348	40
6349	23
6350	34
6351	39
6352	35
6353	25
6354	31
6355	26
6356	34
6357	27
6358	26
6359	26
6360	27
6361	24
6362	26
6363	34
6364	23
6365	32
6366	23
6367	31
6368	22
6369	25
6370	38
6371	20
6372	29
6373	25
6374	22
6375	19
6376	30
6377	34
6378	26
6379	32
6380	30
6381	36
6382	35
6383	23
6384	27
6385	42
6386	32
6387	22
6388	17
6389	41
6390	21
6391	19
6392	31
6393	27
6394	27
6395	20
6396	22
6397	23
6398	20
6399	23
6400	22
6401	29
6402	22
6403	20
6404	22
6405	28
6406	23
6407	30
6408	23
6409	32
6410	27
6411	37
6412	30
6413	21
6414	27
6415	27
6416	28
6417	20
6418	21
6419	23
6420	29
6421	37
6422	23
6423	26
6424	20
6425	25
6426	19
6427	21
6428	22
6429	25
6430	26
6431	27
6432	27
6433	23
6434	20
6435	18
6436	25
6437	25
6438	23
6439	20
6440	25
6441	21
6442	18
6443	29
6444	29
6445	22
6446	26
6447	18
6448	27
6449	18
6450	26
6451	34
6452	19
6453	27
6454	24
6455	23
6456	27
6457	17
6458	28
6459	22
6460	24
6461	16
6462	20
6463	16
6464	18
6465	17
6466	19
6467	11
6468	23
6469	19
6470	26
6471	20
6472	20
6473	24
6474	19
6475	16
6476	20
6477	22
6478	24
6479	26
6480	25
6481	24
6482	22
6483	21
6484	18
6485	13
6486	27
6487	21
6488	21
6489	18
6490	22
6491	20
6492	22
6493	15
6494	27
6495	18
6496	20
6497	26
6498	22
6499	18
6500	20
6501	18
6502	20
6503	20
6504	35
6505	15
6506	27
6507	21
6508	22
6509	21
6510	23
6511	21
6512	23
6513	19
6514	30
6515	21
6516	17
6517	23
6518	28
6519	18
6520	19
6521	26
6522	17
6523	16
6524	17
6525	21
6526	23
6527	29
6528	22
6529	17
6530	26
6531	21
6532	22
6533	20
6534	29
6535	20
6536	19
6537	27
6538	16
6539	25
6540	29
6541	23
6542	24
6543	22
6544	22
6545	24
6546	27
6547	22
6548	19
6549	16
6550	17
6551	23
6552	17
6553	17
6554	24
6555	26
6556	18
6557	17
6558	21
6559	25
6560	25
6561	18
6562	26
6563	28
6564	21
6565	19
6566	20
6567	12
6568	26
6569	19
6570	24
6571	18
6572	19
6573	21
6574	31
6575	21
6576	18
6577	16
6578	23
6579	26
6580	14
6581	16
6582	18
6583	15
6584	16
6585	25
6586	24
6587	22
6588	17
6589	20
6590	22
6591	22
6592	26
6593	25
6594	27
6595	25
6596	30
6597	22
6598	25
6599	24
6600	26
6601	25
6602	18
6603	18
6604	28
6605	14
6606	18
6607	21
6608	31
6609	12
6610	24
6611	19
6612	28
6613	32
6614	25
6615	32
6616	27
6617	25
6618	32
6619	29
6620	23
6621	26
6622	22
6623	16
6624	18
6625	22
6626	26
6627	34
6628	14
6629	27
6630	14
6631	32
6632	39
6633	26
6634	30
6635	23
6636	25
6637	26
6638	29
6639	34
6640	26
6641	25
6642	17
6643	24
6644	30
6645	35
6646	34
6647	33
6648	18
6649	18
6650	34
6651	33
6652	22
6653	26
6654	18
6655	17
6656	30
6657	24
6658	36
6659	28
6660	29
6661	23
6662	30
6663	25
6664	30
6665	30
6666	24
6667	18
6668	25
6669	22
6670	31
6671	26
6672	23
6673	26
6674	30
6675	31
6676	33
6677	26
6678	26
6679	27
6680	25
6681	17
6682	27
6683	30
6684	33
6685	24
6686	23
6687	24
6688	27
6689	28
6690	23
6691	25
6692	31
6693	30
6694	28
6695	30
6696	20
6697	21
6698	35
6699	32
6700	20
6701	22
6702	31
6703	30
6704	30
6705	31
6706	26
6707	24
6708	29
6709	29
6710	19
6711	27
6712	20
6713	25
6714	23
6715	27
6716	30
6717	24
6718	33
6719	23
6720	31
6721	25
6722	25
6723	31
6724	21
6725	18
6726	18
6727	28
6728	26
6729	27
6730	28
6731	22
6732	26
6733	22
6734	29
6735	25
6736	32
6737	30
6738	36
6739	23
6740	28
6741	26
6742	17
6743	25
6744	33
6745	16
6746	22
6747	24
6748	22
6749	20
6750	20
6751	26
6752	27
6753	26
6754	23
6755	27
6756	12
6757	19
6758	20
6759	25
6760	16
6761	17
6762	20
6763	29
6764	29
6765	22
6766	30
6767	25
6768	26
6769	21
6770	28
6771	20
6772	27
6773	23
6774	23
6775	29
6776	22
6777	30
6778	25
6779	23
6780	21
6781	22
6782	28
6783	22
6784	18
6785	19
6786	13
6787	22
6788	26
6789	17
6790	27
6791	20
6792	25
6793	20
6794	22
6795	18
6796	27
6797	18
6798	16
6799	28
6800	30
6801	30
6802	19
6803	25
6804	21
6805	22
6806	23
6807	16
6808	22
6809	24
6810	25
6811	28
6812	25
6813	21
6814	31
6815	21
6816	30
6817	19
6818	26
6819	24
6820	22
6821	29
6822	24
6823	24
6824	14
6825	28
6826	19
6827	21
6828	25
6829	26
6830	18
6831	17
6832	16
6833	18
6834	21
6835	15
6836	11
6837	21
6838	14
6839	21
6840	15
6841	28
6842	20
6843	21
6844	17
6845	14
6846	22
6847	20
6848	12
6849	23
6850	24
6851	24
6852	25
6853	24
6854	20
6855	18
6856	19
6857	23
6858	17
6859	19
6860	22
6861	25
6862	14
6863	23
6864	28
6865	21
6866	20
6867	22
6868	19
6869	27
6870	18
6871	16
6872	25
6873	21
6874	16
6875	24
6876	18
6877	17
6878	20
6879	28
6880	19
6881	24
6882	22
6883	14
6884	29
6885	21
6886	20
6887	16
6888	21
6889	13
6890	27
6891	23
6892	26
6893	20
6894	22
6895	18
6896	24
6897	25
6898	18
6899	23
6900	21
6901	27
6902	15
6903	21
6904	23
6905	18
6906	25
6907	26
6908	20
6909	21
6910	16
6911	19
6912	23
6913	18
6914	21
6915	19
6916	19
6917	23
6918	22
6919	22
6920	18
6921	17
6922	24
6923	16
6924	13
6925	25
6926	26
6927	21
6928	18
6929	22
6930	20
6931	21
6932	20
6933	26
6934	12
6935	17
6936	17
6937	23
6938	18
6939	29
6940	21
6941	22
6942	26
6943	27
6944	25
6945	17
6946	30
6947	19
6948	21
6949	33
6950	15
6951	22
6952	20
6953	21
6954	16
6955	25
6956	25
6957	23
6958	18
6959	22
6960	13
6961	21
6962	20
6963	15
6964	17
6965	21
6966	14
6967	29
6968	19
6969	21
6970	19
6971	19
6972	27
6973	20
6974	20
6975	14
6976	31
6977	14
6978	19
6979	27
6980	21
6981	17
6982	22
6983	26
6984	23
6985	27
6986	26
6987	18
6988	21
6989	21
6990	25
6991	20
6992	23
6993	21
6994	23
6995	18
6996	25
6997	26
6998	24
6999	25
7000	32
7001	28
7002	30
7003	30
7004	23
7005	21
7006	24
7007	19
7008	28
7009	23
7010	18
7011	23
7012	18
7013	24
7014	27
7015	26
7016	21
7017	22
7018	23
7019	27
7020	22
7021	25
7022	24
7023	24
7024	23
7025	30
7026	19
7027	20
7028	24
7029	26
7030	26
7031	19
7032	25
7033	25
7034	20
7035	26
7036	17
7037	26
7038	34
7039	33
7040	31
7041	28
7042	24
7043	20
7044	19
7045	22
7046	20
7047	33
7048	17
7049	21
7050	22
7051	24
7052	26
7053	24
7054	27
7055	32
7056	29
7057	24
7058	25
7059	25
7060	23
7061	27
7062	24
7063	26
7064	20
7065	28
7066	30
7067	21
7068	24
7069	23
7070	26
7071	23
7072	30
7073	24
7074	31
7075	22
7076	21
7077	25
7078	23
7079	21
7080	19
7081	28
7082	28
7083	27
7084	27
7085	22
7086	21
7087	33
7088	21
7089	20
7090	27
7091	22
7092	26
7093	28
7094	32
7095	28
7096	24
7097	26
7098	23
7099	22
7100	19
7101	21
7102	30
7103	14
7104	26
7105	27
7106	27
7107	22
7108	33
7109	24
7110	20
7111	25
7112	21
7113	28
7114	33
7115	21
7116	19
7117	25
7118	23
7119	24
7120	26
7121	28
7122	18
7123	21
7124	18
7125	25
7126	22
7127	28
7128	23
7129	18
7130	22
7131	31
7132	25
7133	27
7134	26
7135	29
7136	21
7137	20
7138	26
7139	17
7140	26
7141	29
7142	19
7143	30
7144	24
7145	27
7146	20
7147	25
7148	22
7149	24
7150	25
7151	25
7152	17
7153	26
7154	25
7155	26
7156	23
7157	27
7158	17
7159	19
7160	17
7161	14
7162	21
7163	19
7164	17
7165	24
7166	18
7167	29
7168	31
7169	29
7170	20
7171	20
7172	21
7173	26
7174	17
7175	24
7176	16
7177	27
7178	14
7179	17
7180	12
7181	18
7182	29
7183	15
7184	25
7185	24
7186	26
7187	24
7188	13
7189	26
7190	21
7191	15
7192	22
7193	23
7194	25
7195	17
7196	22
7197	26
7198	24
7199	26
7200	23
7201	28
7202	20
7203	20
7204	29
7205	27
7206	19
7207	30
7208	26
7209	22
7210	35
7211	16
7212	29
7213	21
7214	29
7215	23
7216	25
7217	16
7218	31
7219	21
7220	25
7221	23
7222	33
7223	21
7224	29
7225	31
7226	30
7227	28
7228	21
7229	20
7230	19
7231	20
7232	18
7233	23
7234	30
7235	17
7236	14
7237	24
7238	10
7239	30
7240	17
7241	18
7242	16
7243	15
7244	20
7245	28
7246	22
7247	25
7248	24
7249	24
7250	20
7251	14
7252	19
7253	20
7254	24
7255	19
7256	25
7257	27
7258	28
7259	23
7260	21
7261	24
7262	20
7263	20
7264	22
7265	30
7266	20
7267	21
7268	23
7269	18
7270	20
7271	23
7272	25
7273	24
7274	23
7275	19
7276	18
7277	20
7278	15
7279	15
7280	21
7281	22
7282	16
7283	18
7284	23
7285	17
7286	24
7287	12
7288	29
7289	14
7290	20
7291	20
7292	25
7293	21
7294	21
7295	23
7296	18
7297	15
7298	12
7299	23
7300	25
7301	20
7302	22
7303	17
7304	21
7305	24
7306	16
7307	16
7308	23
7309	21
7310	20
7311	20
7312	21
7313	19
7314	21
7315	16
7316	24
7317	17
7318	19
7319	30
7320	15
7321	20
7322	21
7323	17
7324	19
7325	20
7326	21
7327	20
7328	24
7329	25
7330	24
7331	25
7332	17
7333	17
7334	21
7335	15
7336	26
7337	16
7338	21
7339	19
7340	17
7341	20
7342	42
7343	16
7344	21
7345	12
7346	19
7347	16
7348	21
7349	17
7350	19
7351	30
7352	21
7353	18
7354	25
7355	21
7356	34
7357	16
7358	18
7359	22
7360	25
7361	33
7362	23
7363	17
7364	15
7365	14
7366	13
7367	20
7368	23
7369	14
7370	17
7371	23
7372	18
7373	24
7374	23
7375	18
7376	22
7377	25
7378	20
7379	17
7380	20
7381	20
7382	21
7383	26
7384	28
7385	25
7386	22
7387	13
7388	23
7389	16
7390	21
7391	25
7392	17
7393	16
7394	26
7395	23
7396	27
7397	24
7398	20
7399	24
7400	22
7401	25
7402	30
7403	16
7404	20
7405	20
7406	23
7407	27
7408	20
7409	25
7410	30
7411	19
7412	16
7413	23
7414	19
7415	24
7416	17
7417	32
7418	27
7419	24
7420	28
7421	12
7422	29
7423	20
7424	21
7425	25
7426	22
7427	23
7428	20
7429	25
7430	20
7431	24
7432	17
7433	23
7434	37
7435	28
7436	30
7437	24
7438	20
7439	16
7440	26
7441	19
7442	14
7443	31
7444	17
7445	24
7446	22
7447	16
7448	18
7449	30
7450	34
7451	24
7452	28
7453	15
7454	13
7455	20
7456	13
7457	13
7458	26
7459	27
7460	27
7461	19
7462	21
7463	17
7464	24
7465	27
7466	23
7467	23
7468	21
7469	12
7470	20
7471	22
7472	25
7473	21
7474	21
7475	16
7476	21
7477	16
7478	29
7479	33
7480	26
7481	22
7482	21
7483	17
7484	23
7485	22
7486	23
7487	16
7488	23
7489	23
7490	26
7491	22
7492	35
7493	17
7494	27
7495	18
7496	13
7497	19
7498	24
7499	25
7500	29
7501	22
7502	19
7503	19
7504	20
7505	25
7506	11
7507	20
7508	21
7509	18
7510	22
7511	23
7512	23
7513	13
7514	10
7515	25
7516	22
7517	23
7518	20
7519	23
7520	24
7521	20
7522	24
7523	14
7524	19
7525	27
7526	20
7527	19
7528	20
7529	28
7530	24
7531	21
7532	23
7533	28
7534	25
7535	22
7536	23
7537	21
7538	20
7539	29
7540	32
7541	13
7542	22
7543	24
7544	21
7545	17
7546	26
7547	24
7548	28
7549	19
7550	20
7551	24
7552	23
7553	32
7554	16
7555	20
7556	16
7557	18
7558	22
7559	26
7560	25
7561	25
7562	30
7563	32
7564	22
7565	21
7566	25
7567	26
7568	24
7569	23
7570	23
7571	21
7572	16
7573	23
7574	28
7575	27
7576	19
7577	15
7578	18
7579	15
7580	20
7581	19
7582	18
7583	21
7584	26
7585	23
7586	18
7587	17
7588	22
7589	12
7590	20
7591	14
7592	29
7593	20
7594	19
7595	19
7596	19
7597	28
7598	28
7599	23
7600	19
7601	27
7602	29
7603	23
7604	24
7605	28
7606	26
7607	20
7608	27
7609	25
7610	30
7611	21
7612	20
7613	20
7614	14
7615	23
7616	14
7617	20
7618	23
7619	23
7620	19
7621	17
7622	26
7623	22
7624	22
7625	21
7626	18
7627	15
7628	23
7629	20
7630	27
7631	25
7632	34
7633	21
7634	16
7635	24
7636	19
7637	21
7638	22
7639	29
7640	24
7641	28
7642	24
7643	18
7644	22
7645	25
7646	20
7647	28
7648	27
7649	11
7650	25
7651	24
7652	23
7653	25
7654	24
7655	20
7656	9
7657	18
7658	22
7659	20
7660	24
7661	17
7662	13
7663	23
7664	17
7665	20
7666	24
7667	26
7668	20
7669	17
7670	18
7671	17
7672	21
7673	30
7674	26
7675	13
7676	13
7677	14
7678	30
7679	16
7680	12
7681	17
7682	16
7683	23
7684	12
7685	11
7686	24
7687	21
7688	29
7689	19
7690	16
7691	29
7692	24
7693	25
7694	24
7695	17
7696	16
7697	21
7698	21
7699	25
7700	29
7701	21
7702	26
7703	24
7704	18
7705	22
7706	30
7707	29
7708	22
7709	32
7710	14
7711	17
7712	23
7713	16
7714	18
7715	18
7716	28
7717	22
7718	17
7719	24
7720	17
7721	20
7722	28
7723	27
7724	25
7725	20
7726	18
7727	22
7728	21
7729	24
7730	17
7731	29
7732	20
7733	28
7734	16
7735	19
7736	20
7737	21
7738	22
7739	18
7740	21
7741	19
7742	17
7743	19
7744	16
7745	21
7746	19
7747	17
7748	19
7749	24
7750	24
7751	12
7752	22
7753	19
7754	29
7755	24
7756	11
7757	20
7758	17
7759	27
7760	21
7761	21
7762	19
7763	15
7764	23
7765	14
7766	18
7767	17
7768	21
7769	25
7770	19
7771	24
7772	31
7773	21
7774	22
7775	19
7776	17
7777	28
7778	31
7779	17
7780	25
7781	22
7782	14
7783	25
7784	18
7785	26
7786	21
7787	28
7788	28
7789	16
7790	28
7791	21
7792	17
7793	21
7794	22
7795	23
7796	21
7797	17
7798	18
7799	17
7800	23
7801	21
7802	13
7803	15
7804	20
7805	19
7806	22
7807	28
7808	22
7809	14
7810	18
7811	21
7812	20
7813	21
7814	27
7815	18
7816	23
7817	21
7818	26
7819	13
7820	23
7821	23
7822	21
7823	21
7824	29
7825	18
7826	19
7827	18
7828	24
7829	19
7830	22
7831	24
7832	20
7833	21
7834	17
7835	14
7836	26
7837	23
7838	27
7839	20
7840	21
7841	15
7842	23
7843	23
7844	18
7845	20
7846	8
7847	17
7848	28
7849	15
7850	21
7851	25
7852	21
7853	19
7854	14
7855	28
7856	22
7857	27
7858	22
7859	13
7860	22
7861	22
7862	24
7863	16
7864	18
7865	18
7866	15
7867	24
7868	19
7869	19
7870	21
7871	23
7872	18
7873	22
7874	25
7875	26
7876	27
7877	23
7878	19
7879	22
7880	16
7881	20
7882	16
7883	21
7884	24
7885	16
7886	18
7887	20
7888	27
7889	19
7890	16
7891	16
7892	13
7893	16
7894	27
7895	19
7896	20
7897	16
7898	15
7899	17
7900	18
7901	22
7902	17
7903	20
7904	25
7905	27
7906	19
7907	17
7908	24
7909	13
7910	19
7911	27
7912	27
7913	30
7914	24
7915	18
7916	15
7917	13
7918	30
7919	17
7920	14
7921	12
7922	25
7923	20
7924	30
7925	25
7926	24
7927	16
7928	30
7929	19
7930	30
7931	20
7932	21
7933	21
7934	16
7935	25
7936	27
7937	23
7938	18
7939	14
7940	19
7941	22
7942	20
7943	27
7944	21
7945	20
7946	24
7947	15
7948	25
7949	21
7950	16
7951	23
7952	14
7953	21
7954	23
7955	20
7956	19
7957	13
7958	14
7959	23
7960	22
7961	20
7962	19
7963	20
7964	27
7965	20
7966	23
7967	16
7968	25
7969	22
7970	23
7971	23
7972	25
7973	22
7974	17
7975	22
7976	22
7977	18
7978	13
7979	25
7980	23
7981	14
7982	21
7983	20
7984	22
7985	26
7986	21
7987	18
7988	22
7989	16
7990	18
7991	29
7992	21
7993	22
7994	19
7995	22
7996	21
7997	22
7998	24
7999	25
8000	20
8001	19
8002	22
8003	25
8004	18
8005	25
8006	24
8007	16
8008	20
8009	27
8010	20
8011	20
8012	21
8013	19
8014	21
8015	24
8016	20
8017	21
8018	23
8019	13
8020	16
8021	31
8022	22
8023	22
8024	23
8025	18
8026	20
8027	28
8028	23
8029	18
8030	26
8031	22
8032	22
8033	11
8034	27
8035	21
8036	21
8037	15
8038	23
8039	25
8040	20
8041	15
8042	27
8043	16
8044	32
8045	18
8046	25
8047	22
8048	18
8049	28
8050	32
8051	28
8052	18
8053	21
8054	25
8055	24
8056	12
8057	25
8058	26
8059	25
8060	19
8061	23
8062	18
8063	21
8064	20
8065	32
8066	37
8067	20
8068	17
8069	23
8070	23
8071	18
8072	20
8073	27
8074	24
8075	20
8076	18
8077	16
8078	30
8079	22
8080	25
8081	16
8082	18
8083	17
8084	26
8085	17
8086	22
8087	26
8088	26
8089	14
8090	16
8091	14
8092	13
8093	2
8094	2
8095	1
8096	0
8097	0
8098	0
8099	0
8100	0
8101	0
8102	0
8103	0
8104	0
8105	0
8106	0
8107	0
8108	0
8109	0
8110	0
8111	0
8112	0
8113	0
8114	0
8115	0
8116	0
8117	0
8118	0
8119	0
8120	0
8121	0
8122	0
8123	0
8124	0
8125	0
8126	0
8127	0
8128	0
8129	0
8130	0
8131	0
8132	0
8133	0
8134	0
8135	0
8136	0
8137	0
8138	0
8139	0
8140	0
8141	0
8142	0
8143	0
8144	0
8145	0
8146	0
8147	0
8148	0
8149	0
8150	0
8151	0
8152	0
8153	0
8154	0
8155	0
8156	0
8157	0
8158	0
8159	0
8160	0
8161	0
8162	0
8163	0
8164	0
8165	0
8166	0
8167	0
8168	0
8169	0
8170	0
8171	0
8172	0
8173	0
8174	0
8175	0
8176	0
8177	0
8178	0
8179	0
8180	0
8181	0
8182	0
8183	0
8184	0
8185	0
8186	0
8187	0
8188	0
8189	0
8190	0
8191	0
