0	0
1	0
2	0
3	0
4	0
5	0
6	0
7	0
8	0
9	0
10	0
11	0
12	0
13	0
14	0
15	0
16	0
17	0
18	0
19	0
20	0
21	0
22	0
23	0
24	0
25	0
26	0
27	0
28	0
29	0
30	0
31	0
32	0
33	0
34	0
35	0
36	0
37	0
38	0
39	0
40	0
41	0
42	0
43	0
44	0
45	1
46	1
47	0
48	0
49	1
50	0
51	0
52	0
53	0
54	0
55	1
56	0
57	0
58	1
59	0
60	0
61	0
62	0
63	0
64	0
65	0
66	0
67	1
68	0
69	0
70	0
71	1
72	0
73	0
74	0
75	1
76	0
77	1
78	1
79	0
80	1
81	0
82	0
83	0
84	0
85	0
86	0
87	0
88	0
89	1
90	1
91	0
92	0
93	1
94	1
95	0
96	0
97	0
98	0
99	1
100	1
101	0
102	1
103	0
104	0
105	0
106	2
107	0
108	0
109	0
110	0
111	0
112	1
113	0
114	0
115	0
116	0
117	1
118	1
119	0
120	0
121	0
122	1
123	0
124	0
125	1
126	0
127	1
128	1
129	0
130	1
131	1
132	0
133	1
134	0
135	0
136	0
137	1
138	0
139	1
140	0
141	1
142	0
143	1
144	0
145	0
146	0
147	1
148	0
149	1
150	0
151	0
152	1
153	0
154	0
155	0
156	0
157	0
158	0
159	0
160	1
161	0
162	0
163	1
164	0
165	0
166	0
167	0
168	0
169	1
170	0
171	0
172	0
173	1
174	0
175	1
176	0
177	0
178	0
179	1
180	1
181	0
182	0
183	0
184	0
185	1
186	2
187	0
188	0
189	0
190	2
191	0
192	0
193	0
194	0
195	0
196	0
197	0
198	0
199	0
200	0
201	0
202	0
203	1
204	0
205	0
206	0
207	0
208	0
209	0
210	0
211	0
212	1
213	0
214	0
215	0
216	1
217	0
218	2
219	0
220	0
221	0
222	0
223	0
224	0
225	0
226	1
227	0
228	0
229	0
230	0
231	0
232	0
233	0
234	0
235	0
236	0
237	0
238	0
239	1
240	0
241	0
242	0
243	0
244	0
245	0
246	0
247	0
248	0
249	0
250	1
251	0
252	0
253	1
254	0
255	0
256	0
257	0
258	0
259	0
260	0
261	0
262	0
263	0
264	1
265	0
266	1
267	1
268	1
269	0
270	0
271	1
272	0
273	0
274	0
275	2
276	1
277	0
278	1
279	0
280	0
281	1
282	0
283	0
284	0
285	0
286	2
287	0
288	0
289	0
290	1
291	1
292	1
293	0
294	0
295	0
296	0
297	1
298	1
299	0
300	0
301	0
302	0
303	0
304	0
305	0
306	0
307	0
308	1
309	0
310	0
311	0
312	0
313	1
314	0
315	0
316	2
317	1
318	0
319	0
320	1
321	1
322	0
323	0
324	1
325	0
326	0
327	0
328	0
329	1
330	0
331	0
332	0
333	0
334	0
335	0
336	1
337	0
338	0
339	1
340	0
341	2
342	0
343	0
344	0
345	0
346	0
347	1
348	0
349	0
350	0
351	2
352	0
353	0
354	0
355	0
356	1
357	0
358	0
359	0
360	1
361	1
362	2
363	0
364	0
365	0
366	0
367	1
368	0
369	1
370	0
371	0
372	1
373	2
374	1
375	0
376	1
377	0
378	0
379	1
380	1
381	0
382	1
383	0
384	1
385	0
386	0
387	0
388	0
389	0
390	1
391	0
392	0
393	1
394	1
395	0
396	1
397	0
398	0
399	0
400	1
401	1
402	0
403	1
404	1
405	0
406	0
407	0
408	1
409	0
410	0
411	0
412	0
413	0
414	0
415	0
416	0
417	1
418	0
419	0
420	1
421	0
422	0
423	0
424	1
425	0
426	0
427	0
428	0
429	0
430	0
431	0
432	0
433	2
434	1
435	0
436	0
437	1
438	1
439	0
440	1
441	0
442	1
443	0
444	0
445	0
446	0
447	0
448	0
449	3
450	0
451	0
452	1
453	1
454	1
455	0
456	0
457	0
458	0
459	0
460	0
461	0
462	3
463	1
464	1
465	0
466	0
467	0
468	0
469	1
470	1
471	0
472	1
473	1
474	0
475	0
476	0
477	0
478	1
479	2
480	0
481	1
482	0
483	0
484	2
485	1
486	1
487	0
488	0
489	0
490	0
491	1
492	0
493	0
494	0
495	2
496	0
497	2
498	4
499	2
500	0
501	0
502	0
503	0
504	3
505	1
506	0
507	0
508	1
509	0
510	0
511	0
512	0
513	0
514	1
515	0
516	1
517	0
518	0
519	1
520	0
521	1
522	1
523	0
524	0
525	1
526	0
527	1
528	1
529	1
530	0
531	0
532	1
533	1
534	2
535	0
536	0
537	1
538	0
539	0
540	1
541	0
542	1
543	0
544	0
545	0
546	0
547	0
548	0
549	0
550	0
551	0
552	1
553	0
554	0
555	0
556	0
557	2
558	0
559	0
560	1
561	1
562	2
563	0
564	0
565	1
566	2
567	2
568	1
569	0
570	0
571	3
572	1
573	1
574	1
575	0
576	1
577	0
578	1
579	1
580	1
581	0
582	1
583	1
584	1
585	1
586	1
587	0
588	0
589	0
590	0
591	0
592	0
593	0
594	2
595	0
596	1
597	1
598	2
599	0
600	2
601	0
602	1
603	1
604	0
605	0
606	1
607	0
608	0
609	0
610	0
611	1
612	0
613	0
614	0
615	0
616	1
617	0
618	0
619	0
620	0
621	0
622	0
623	0
624	0
625	1
626	1
627	0
628	0
629	1
630	2
631	0
632	0
633	0
634	0
635	0
636	0
637	0
638	0
639	0
640	1
641	2
642	0
643	0
644	0
645	0
646	0
647	0
648	0
649	0
650	0
651	2
652	0
653	0
654	0
655	0
656	0
657	1
658	2
659	0
660	0
661	0
662	0
663	1
664	1
665	1
666	2
667	0
668	0
669	0
670	0
671	0
672	0
673	0
674	0
675	0
676	0
677	0
678	1
679	1
680	0
681	0
682	0
683	0
684	2
685	0
686	0
687	0
688	1
689	0
690	1
691	0
692	0
693	0
694	0
695	0
696	0
697	1
698	0
699	1
700	0
701	0
702	0
703	1
704	0
705	0
706	1
707	0
708	1
709	0
710	0
711	0
712	1
713	2
714	1
715	0
716	0
717	0
718	0
719	0
720	0
721	0
722	0
723	0
724	0
725	0
726	0
727	0
728	0
729	1
730	0
731	0
732	0
733	0
734	0
735	1
736	0
737	1
738	0
739	0
740	1
741	0
742	0
743	1
744	0
745	0
746	1
747	1
748	0
749	0
750	0
751	1
752	0
753	1
754	1
755	1
756	1
757	1
758	0
759	0
760	1
761	0
762	0
763	0
764	0
765	1
766	0
767	0
768	0
769	0
770	1
771	1
772	0
773	0
774	0
775	0
776	1
777	1
778	1
779	0
780	0
781	0
782	0
783	0
784	1
785	2
786	0
787	1
788	0
789	0
790	0
791	3
792	1
793	0
794	1
795	0
796	0
797	0
798	2
799	1
800	1
801	0
802	0
803	0
804	1
805	1
806	0
807	1
808	0
809	0
810	0
811	0
812	0
813	2
814	2
815	1
816	3
817	1
818	3
819	3
820	0
821	1
822	1
823	0
824	1
825	0
826	1
827	2
828	1
829	1
830	0
831	1
832	0
833	1
834	0
835	0
836	0
837	0
838	1
839	0
840	0
841	1
842	1
843	0
844	1
845	0
846	2
847	1
848	1
849	1
850	0
851	2
852	0
853	0
854	0
855	2
856	0
857	1
858	3
859	0
860	0
861	0
862	1
863	0
864	0
865	0
866	0
867	1
868	2
869	0
870	2
871	1
872	0
873	1
874	0
875	1
876	1
877	1
878	2
879	0
880	3
881	0
882	1
883	1
884	1
885	3
886	0
887	1
888	1
889	0
890	3
891	2
892	2
893	0
894	1
895	1
896	1
897	1
898	0
899	0
900	1
901	0
902	0
903	2
904	0
905	0
906	1
907	4
908	1
909	1
910	1
911	2
912	0
913	1
914	0
915	0
916	0
917	0
918	3
919	0
920	1
921	0
922	0
923	0
924	0
925	1
926	0
927	1
928	0
929	0
930	0
931	2
932	1
933	1
934	1
935	3
936	1
937	0
938	0
939	0
940	2
941	1
942	1
943	0
944	0
945	1
946	1
947	1
948	2
949	0
950	0
951	1
952	1
953	1
954	1
955	1
956	2
957	0
958	0
959	1
960	0
961	2
962	1
963	0
964	0
965	0
966	0
967	3
968	0
969	2
970	0
971	1
972	1
973	0
974	4
975	1
976	0
977	0
978	1
979	1
980	1
981	1
982	2
983	0
984	0
985	0
986	0
987	1
988	1
989	0
990	0
991	2
992	0
993	1
994	1
995	1
996	1
997	2
998	0
999	0
1000	0
1001	1
1002	0
1003	1
1004	1
1005	0
1006	0
1007	0
1008	1
1009	1
1010	0
1011	1
1012	2
1013	0
1014	2
1015	1
1016	0
1017	0
1018	0
1019	2
1020	1
1021	1
1022	0
1023	1
1024	1
1025	1
1026	0
1027	0
1028	1
1029	0
1030	0
1031	0
1032	0
1033	3
1034	1
1035	0
1036	1
1037	1
1038	2
1039	0
1040	2
1041	0
1042	1
1043	0
1044	2
1045	1
1046	0
1047	2
1048	2
1049	1
1050	0
1051	1
1052	1
1053	0
1054	0
1055	0
1056	0
1057	0
1058	0
1059	1
1060	0
1061	0
1062	2
1063	0
1064	0
1065	1
1066	1
1067	1
1068	1
1069	0
1070	1
1071	2
1072	0
1073	2
1074	0
1075	2
1076	0
1077	2
1078	0
1079	0
1080	0
1081	0
1082	0
1083	0
1084	0
1085	0
1086	0
1087	0
1088	1
1089	0
1090	0
1091	2
1092	1
1093	1
1094	0
1095	0
1096	3
1097	0
1098	0
1099	0
1100	0
1101	2
1102	1
1103	0
1104	1
1105	0
1106	0
1107	1
1108	0
1109	1
1110	0
1111	1
1112	2
1113	1
1114	2
1115	0
1116	1
1117	0
1118	1
1119	2
1120	2
1121	0
1122	1
1123	0
1124	2
1125	1
1126	1
1127	1
1128	2
1129	1
1130	1
1131	0
1132	1
1133	0
1134	3
1135	0
1136	0
1137	0
1138	0
1139	1
1140	1
1141	0
1142	0
1143	0
1144	1
1145	1
1146	0
1147	0
1148	1
1149	1
1150	0
1151	1
1152	0
1153	2
1154	1
1155	2
1156	1
1157	1
1158	3
1159	0
1160	2
1161	3
1162	2
1163	2
1164	2
1165	0
1166	1
1167	0
1168	2
1169	0
1170	0
1171	1
1172	3
1173	0
1174	0
1175	1
1176	0
1177	1
1178	0
1179	2
1180	2
1181	1
1182	0
1183	1
1184	0
1185	0
1186	0
1187	4
1188	0
1189	2
1190	1
1191	0
1192	2
1193	1
1194	0
1195	0
1196	1
1197	0
1198	2
1199	2
1200	0
1201	0
1202	1
1203	0
1204	1
1205	3
1206	1
1207	1
1208	4
1209	4
1210	1
1211	2
1212	1
1213	1
1214	0
1215	1
1216	1
1217	1
1218	1
1219	4
1220	2
1221	1
1222	0
1223	1
1224	1
1225	5
1226	1
1227	3
1228	0
1229	1
1230	2
1231	0
1232	2
1233	2
1234	3
1235	0
1236	3
1237	2
1238	2
1239	3
1240	0
1241	1
1242	3
1243	1
1244	2
1245	0
1246	0
1247	3
1248	1
1249	3
1250	1
1251	0
1252	0
1253	0
1254	5
1255	1
1256	2
1257	2
1258	2
1259	2
1260	3
1261	0
1262	2
1263	4
1264	1
1265	1
1266	0
1267	1
1268	2
1269	2
1270	1
1271	3
1272	5
1273	1
1274	0
1275	2
1276	3
1277	2
1278	0
1279	1
1280	1
1281	2
1282	1
1283	1
1284	2
1285	1
1286	4
1287	1
1288	0
1289	6
1290	2
1291	2
1292	2
1293	1
1294	3
1295	3
1296	3
1297	1
1298	3
1299	2
1300	3
1301	2
1302	5
1303	3
1304	1
1305	4
1306	0
1307	1
1308	4
1309	3
1310	2
1311	1
1312	2
1313	1
1314	1
1315	1
1316	0
1317	1
1318	2
1319	2
1320	5
1321	2
1322	2
1323	3
1324	2
1325	0
1326	4
1327	1
1328	3
1329	2
1330	2
1331	1
1332	2
1333	2
1334	0
1335	2
1336	0
1337	2
1338	1
1339	3
1340	1
1341	4
1342	1
1343	1
1344	2
1345	1
1346	0
1347	1
1348	1
1349	4
1350	1
1351	4
1352	2
1353	1
1354	2
1355	2
1356	1
1357	0
1358	1
1359	2
1360	0
1361	1
1362	3
1363	1
1364	0
1365	0
1366	3
1367	0
1368	2
1369	0
1370	2
1371	1
1372	2
1373	1
1374	4
1375	1
1376	0
1377	0
1378	2
1379	1
1380	0
1381	1
1382	1
1383	0
1384	4
1385	1
1386	2
1387	1
1388	0
1389	3
1390	1
1391	2
1392	2
1393	1
1394	2
1395	1
1396	1
1397	5
1398	1
1399	2
1400	2
1401	0
1402	1
1403	2
1404	1
1405	1
1406	0
1407	3
1408	1
1409	2
1410	2
1411	1
1412	0
1413	1
1414	3
1415	1
1416	0
1417	1
1418	1
1419	4
1420	1
1421	0
1422	4
1423	2
1424	3
1425	3
1426	2
1427	1
1428	3
1429	1
1430	1
1431	4
1432	1
1433	3
1434	2
1435	1
1436	1
1437	0
1438	1
1439	2
1440	2
1441	1
1442	0
1443	0
1444	1
1445	3
1446	0
1447	0
1448	2
1449	5
1450	2
1451	2
1452	4
1453	3
1454	1
1455	1
1456	3
1457	3
1458	1
1459	1
1460	2
1461	1
1462	2
1463	3
1464	1
1465	2
1466	0
1467	1
1468	1
1469	0
1470	1
1471	1
1472	1
1473	1
1474	2
1475	2
1476	1
1477	0
1478	2
1479	2
1480	2
1481	0
1482	1
1483	3
1484	3
1485	0
1486	5
1487	1
1488	2
1489	1
1490	0
1491	1
1492	1
1493	2
1494	1
1495	4
1496	1
1497	1
1498	4
1499	7
1500	1
1501	1
1502	2
1503	4
1504	1
1505	2
1506	2
1507	0
1508	0
1509	3
1510	2
1511	2
1512	3
1513	1
1514	1
1515	1
1516	0
1517	2
1518	4
1519	1
1520	3
1521	2
1522	3
1523	3
1524	2
1525	2
1526	1
1527	2
1528	1
1529	1
1530	2
1531	1
1532	4
1533	4
1534	5
1535	2
1536	2
1537	2
1538	1
1539	3
1540	3
1541	3
1542	4
1543	2
1544	3
1545	3
1546	3
1547	4
1548	1
1549	1
1550	2
1551	1
1552	3
1553	4
1554	2
1555	2
1556	4
1557	5
1558	0
1559	2
1560	3
1561	2
1562	4
1563	4
1564	4
1565	2
1566	0
1567	3
1568	1
1569	2
1570	3
1571	0
1572	1
1573	3
1574	3
1575	4
1576	5
1577	5
1578	6
1579	0
1580	6
1581	3
1582	1
1583	1
1584	1
1585	4
1586	1
1587	1
1588	5
1589	1
1590	3
1591	6
1592	4
1593	5
1594	1
1595	5
1596	2
1597	5
1598	7
1599	4
1600	2
1601	2
1602	6
1603	4
1604	5
1605	1
1606	7
1607	5
1608	0
1609	4
1610	2
1611	2
1612	4
1613	7
1614	3
1615	8
1616	3
1617	5
1618	7
1619	5
1620	4
1621	2
1622	4
1623	5
1624	5
1625	9
1626	3
1627	4
1628	3
1629	5
1630	3
1631	5
1632	2
1633	4
1634	1
1635	2
1636	6
1637	3
1638	5
1639	4
1640	3
1641	3
1642	2
1643	3
1644	3
1645	3
1646	0
1647	6
1648	4
1649	3
1650	3
1651	4
1652	0
1653	5
1654	3
1655	4
1656	2
1657	8
1658	2
1659	3
1660	3
1661	7
1662	3
1663	6
1664	7
1665	1
1666	7
1667	4
1668	8
1669	5
1670	4
1671	3
1672	7
1673	2
1674	7
1675	10
1676	6
1677	5
1678	5
1679	8
1680	3
1681	2
1682	6
1683	5
1684	3
1685	6
1686	3
1687	8
1688	2
1689	6
1690	9
1691	4
1692	5
1693	3
1694	3
1695	3
1696	4
1697	4
1698	2
1699	1
1700	6
1701	5
1702	5
1703	5
1704	4
1705	4
1706	5
1707	4
1708	4
1709	7
1710	4
1711	3
1712	3
1713	3
1714	5
1715	5
1716	4
1717	4
1718	3
1719	3
1720	3
1721	4
1722	4
1723	1
1724	5
1725	6
1726	4
1727	5
1728	4
1729	8
1730	6
1731	4
1732	3
1733	3
1734	1
1735	5
1736	7
1737	4
1738	4
1739	6
1740	10
1741	8
1742	1
1743	7
1744	8
1745	5
1746	1
1747	4
1748	2
1749	3
1750	8
1751	4
1752	10
1753	0
1754	5
1755	6
1756	1
1757	5
1758	4
1759	4
1760	2
1761	4
1762	3
1763	4
1764	5
1765	6
1766	6
1767	4
1768	9
1769	5
1770	8
1771	5
1772	2
1773	6
1774	4
1775	4
1776	6
1777	6
1778	7
1779	2
1780	4
1781	3
1782	3
1783	2
1784	6
1785	1
1786	5
1787	9
1788	0
1789	4
1790	3
1791	1
1792	5
1793	5
1794	7
1795	7
1796	4
1797	4
1798	7
1799	3
1800	4
1801	7
1802	6
1803	3
1804	4
1805	3
1806	5
1807	6
1808	3
1809	5
1810	3
1811	2
1812	5
1813	5
1814	5
1815	5
1816	4
1817	7
1818	5
1819	2
1820	4
1821	2
1822	6
1823	1
1824	2
1825	6
1826	4
1827	3
1828	3
1829	1
1830	1
1831	2
1832	2
1833	6
1834	4
1835	3
1836	6
1837	4
1838	1
1839	10
1840	3
1841	3
1842	5
1843	8
1844	4
1845	6
1846	3
1847	3
1848	6
1849	0
1850	5
1851	4
1852	2
1853	5
1854	5
1855	5
1856	4
1857	5
1858	4
1859	3
1860	7
1861	2
1862	10
1863	3
1864	5
1865	6
1866	5
1867	4
1868	1
1869	5
1870	7
1871	3
1872	6
1873	5
1874	5
1875	4
1876	0
1877	7
1878	3
1879	4
1880	8
1881	6
1882	4
1883	4
1884	3
1885	6
1886	5
1887	6
1888	7
1889	5
1890	5
1891	6
1892	6
1893	7
1894	9
1895	3
1896	9
1897	4
1898	3
1899	6
1900	5
1901	6
1902	5
1903	3
1904	8
1905	7
1906	9
1907	5
1908	12
1909	6
1910	4
1911	6
1912	8
1913	5
1914	5
1915	6
1916	3
1917	6
1918	6
1919	8
1920	7
1921	7
1922	7
1923	11
1924	6
1925	9
1926	7
1927	9
1928	8
1929	2
1930	6
1931	8
1932	4
1933	2
1934	3
1935	12
1936	6
1937	6
1938	5
1939	7
1940	9
1941	6
1942	8
1943	10
1944	10
1945	5
1946	6
1947	8
1948	9
1949	10
1950	7
1951	16
1952	8
1953	7
1954	8
1955	6
1956	11
1957	5
1958	10
1959	9
1960	6
1961	9
1962	13
1963	6
1964	8
1965	8
1966	7
1967	8
1968	13
1969	8
1970	12
1971	7
1972	6
1973	7
1974	12
1975	14
1976	5
1977	6
1978	7
1979	13
1980	14
1981	10
1982	2
1983	14
1984	12
1985	17
1986	4
1987	10
1988	6
1989	9
1990	9
1991	8
1992	13
1993	15
1994	10
1995	11
1996	14
1997	10
1998	10
1999	8
2000	13
2001	7
2002	12
2003	6
2004	11
2005	9
2006	10
2007	14
2008	17
2009	10
2010	9
2011	6
2012	14
2013	13
2014	10
2015	19
2016	13
2017	14
2018	5
2019	9
2020	13
2021	17
2022	16
2023	10
2024	16
2025	9
2026	14
2027	10
2028	12
2029	20
2030	16
2031	12
2032	20
2033	14
2034	15
2035	7
2036	21
2037	12
2038	10
2039	14
2040	17
2041	11
2042	8
2043	21
2044	15
2045	10
2046	11
2047	16
2048	17
2049	14
2050	9
2051	14
2052	12
2053	14
2054	14
2055	16
2056	13
2057	14
2058	14
2059	7
2060	11
2061	14
2062	16
2063	16
2064	18
2065	17
2066	19
2067	15
2068	14
2069	8
2070	17
2071	18
2072	18
2073	17
2074	14
2075	14
2076	17
2077	18
2078	18
2079	21
2080	10
2081	11
2082	12
2083	16
2084	19
2085	18
2086	7
2087	12
2088	16
2089	18
2090	18
2091	16
2092	17
2093	11
2094	16
2095	13
2096	15
2097	8
2098	14
2099	15
2100	14
2101	14
2102	11
2103	10
2104	21
2105	9
2106	12
2107	15
2108	15
2109	20
2110	12
2111	7
2112	12
2113	13
2114	16
2115	17
2116	17
2117	20
2118	14
2119	17
2120	15
2121	26
2122	13
2123	11
2124	7
2125	16
2126	18
2127	23
2128	17
2129	11
2130	18
2131	18
2132	15
2133	12
2134	14
2135	22
2136	15
2137	16
2138	12
2139	8
2140	18
2141	13
2142	13
2143	16
2144	14
2145	14
2146	4
2147	22
2148	15
2149	13
2150	12
2151	17
2152	15
2153	14
2154	16
2155	10
2156	9
2157	5
2158	19
2159	15
2160	11
2161	14
2162	14
2163	23
2164	10
2165	15
2166	10
2167	13
2168	14
2169	17
2170	14
2171	13
2172	7
2173	7
2174	5
2175	13
2176	19
2177	12
2178	25
2179	16
2180	19
2181	17
2182	18
2183	18
2184	15
2185	21
2186	15
2187	13
2188	11
2189	12
2190	11
2191	17
2192	11
2193	15
2194	8
2195	11
2196	18
2197	14
2198	12
2199	14
2200	10
2201	22
2202	13
2203	18
2204	11
2205	21
2206	25
2207	15
2208	13
2209	12
2210	5
2211	20
2212	15
2213	9
2214	10
2215	12
2216	12
2217	14
2218	9
2219	12
2220	20
2221	19
2222	13
2223	8
2224	13
2225	11
2226	13
2227	13
2228	11
2229	17
2230	13
2231	15
2232	14
2233	18
2234	14
2235	9
2236	19
2237	19
2238	15
2239	13
2240	26
2241	15
2242	16
2243	14
2244	11
2245	25
2246	17
2247	16
2248	13
2249	16
2250	15
2251	16
2252	19
2253	23
2254	22
2255	18
2256	11
2257	17
2258	12
2259	12
2260	16
2261	20
2262	27
2263	16
2264	17
2265	19
2266	21
2267	15
2268	10
2269	15
2270	19
2271	19
2272	12
2273	24
2274	13
2275	19
2276	22
2277	17
2278	15
2279	24
2280	15
2281	16
2282	24
2283	19
2284	20
2285	23
2286	21
2287	17
2288	20
2289	13
2290	18
2291	23
2292	19
2293	29
2294	14
2295	21
2296	18
2297	27
2298	26
2299	30
2300	31
2301	30
2302	17
2303	20
2304	28
2305	21
2306	29
2307	29
2308	18
2309	27
2310	20
2311	32
2312	25
2313	25
2314	27
2315	23
2316	24
2317	33
2318	25
2319	35
2320	19
2321	20
2322	24
2323	19
2324	21
2325	27
2326	15
2327	35
2328	29
2329	30
2330	24
2331	31
2332	26
2333	26
2334	29
2335	33
2336	39
2337	31
2338	28
2339	28
2340	33
2341	18
2342	30
2343	32
2344	25
2345	37
2346	34
2347	29
2348	30
2349	28
2350	31
2351	34
2352	29
2353	32
2354	30
2355	31
2356	35
2357	34
2358	31
2359	33
2360	34
2361	32
2362	45
2363	35
2364	21
2365	45
2366	33
2367	32
2368	29
2369	39
2370	27
2371	39
2372	24
2373	36
2374	31
2375	46
2376	33
2377	33
2378	33
2379	26
2380	32
2381	33
2382	41
2383	35
2384	49
2385	34
2386	28
2387	32
2388	45
2389	29
2390	39
2391	32
2392	40
2393	36
2394	41
2395	31
2396	39
2397	36
2398	48
2399	41
2400	34
2401	44
2402	39
2403	51
2404	35
2405	45
2406	39
2407	36
2408	43
2409	36
2410	47
2411	53
2412	44
2413	33
2414	51
2415	37
2416	45
2417	40
2418	45
2419	51
2420	57
2421	51
2422	47
2423	45
2424	52
2425	56
2426	35
2427	48
2428	37
2429	43
2430	42
2431	45
2432	48
2433	51
2434	44
2435	44
2436	39
2437	55
2438	49
2439	43
2440	34
2441	47
2442	40
2443	49
2444	47
2445	41
2446	45
2447	45
2448	46
2449	36
2450	46
2451	45
2452	36
2453	40
2454	48
2455	43
2456	48
2457	41
2458	51
2459	53
2460	54
2461	48
2462	56
2463	53
2464	56
2465	40
2466	57
2467	35
2468	55
2469	45
2470	51
2471	46
2472	47
2473	47
2474	49
2475	54
2476	36
2477	39
2478	69
2479	54
2480	57
2481	52
2482	42
2483	44
2484	45
2485	45
2486	51
2487	41
2488	48
2489	54
2490	49
2491	43
2492	47
2493	36
2494	49
2495	53
2496	38
2497	42
2498	39
2499	44
2500	42
2501	44
2502	45
2503	47
2504	33
2505	41
2506	52
2507	43
2508	43
2509	46
2510	34
2511	40
2512	40
2513	41
2514	54
2515	49
2516	43
2517	48
2518	56
2519	41
2520	33
2521	48
2522	51
2523	36
2524	34
2525	36
2526	35
2527	41
2528	31
2529	44
2530	43
2531	48
2532	46
2533	56
2534	45
2535	45
2536	47
2537	28
2538	42
2539	45
2540	39
2541	40
2542	51
2543	46
2544	39
2545	44
2546	32
2547	36
2548	32
2549	49
2550	31
2551	46
2552	46
2553	38
2554	54
2555	34
2556	35
2557	50
2558	37
2559	40
2560	38
2561	34
2562	45
2563	41
2564	42
2565	34
2566	48
2567	46
2568	33
2569	40
2570	40
2571	44
2572	39
2573	29
2574	40
2575	32
2576	44
2577	40
2578	40
2579	35
2580	30
2581	40
2582	47
2583	40
2584	36
2585	36
2586	42
2587	44
2588	37
2589	41
2590	39
2591	35
2592	31
2593	35
2594	35
2595	37
2596	33
2597	40
2598	36
2599	34
2600	34
2601	35
2602	34
2603	38
2604	46
2605	45
2606	46
2607	38
2608	33
2609	42
2610	39
2611	32
2612	30
2613	36
2614	34
2615	36
2616	38
2617	44
2618	43
2619	30
2620	40
2621	48
2622	41
2623	45
2624	42
2625	37
2626	45
2627	39
2628	40
2629	30
2630	45
2631	34
2632	32
2633	38
2634	49
2635	48
2636	46
2637	62
2638	33
2639	52
2640	42
2641	41
2642	45
2643	40
2644	45
2645	58
2646	48
2647	39
2648	32
2649	37
2650	44
2651	28
2652	33
2653	46
2654	41
2655	41
2656	41
2657	46
2658	41
2659	49
2660	45
2661	50
2662	33
2663	41
2664	41
2665	36
2666	43
2667	43
2668	36
2669	57
2670	42
2671	43
2672	52
2673	38
2674	42
2675	68
2676	61
2677	68
2678	49
2679	45
2680	55
2681	47
2682	75
2683	53
2684	54
2685	63
2686	51
2687	50
2688	65
2689	59
2690	69
2691	62
2692	48
2693	55
2694	40
2695	47
2696	54
2697	70
2698	51
2699	58
2700	45
2701	61
2702	38
2703	57
2704	57
2705	60
2706	57
2707	55
2708	59
2709	56
2710	56
2711	52
2712	57
2713	46
2714	50
2715	69
2716	62
2717	49
2718	61
2719	67
2720	71
2721	59
2722	76
2723	63
2724	56
2725	72
2726	83
2727	65
2728	62
2729	95
2730	68
2731	75
2732	83
2733	67
2734	57
2735	78
2736	64
2737	70
2738	82
2739	59
2740	73
2741	68
2742	72
2743	80
2744	72
2745	82
2746	68
2747	67
2748	77
2749	77
2750	71
2751	62
2752	62
2753	54
2754	83
2755	63
2756	76
2757	84
2758	66
2759	70
2760	74
2761	59
2762	80
2763	67
2764	75
2765	80
2766	81
2767	79
2768	81
2769	64
2770	80
2771	87
2772	78
2773	82
2774	78
2775	81
2776	78
2777	97
2778	64
2779	83
2780	83
2781	83
2782	78
2783	84
2784	89
2785	85
2786	103
2787	94
2788	97
2789	81
2790	92
2791	79
2792	74
2793	97
2794	97
2795	79
2796	96
2797	79
2798	85
2799	106
2800	82
2801	74
2802	90
2803	88
2804	96
2805	73
2806	77
2807	80
2808	87
2809	91
2810	104
2811	97
2812	95
2813	89
2814	72
2815	89
2816	92
2817	85
2818	87
2819	94
2820	103
2821	81
2822	81
2823	89
2824	91
2825	86
2826	74
2827	88
2828	100
2829	82
2830	92
2831	71
2832	88
2833	75
2834	101
2835	117
2836	105
2837	93
2838	102
2839	95
2840	94
2841	72
2842	103
2843	87
2844	82
2845	82
2846	87
2847	90
2848	85
2849	98
2850	82
2851	99
2852	95
2853	90
2854	87
2855	97
2856	73
2857	77
2858	78
2859	73
2860	78
2861	80
2862	85
2863	78
2864	90
2865	76
2866	70
2867	74
2868	89
2869	67
2870	80
2871	66
2872	68
2873	77
2874	65
2875	70
2876	63
2877	79
2878	70
2879	70
2880	84
2881	73
2882	73
2883	66
2884	68
2885	64
2886	58
2887	82
2888	70
2889	76
2890	69
2891	59
2892	73
2893	71
2894	67
2895	67
2896	79
2897	73
2898	61
2899	68
2900	89
2901	60
2902	61
2903	78
2904	73
2905	75
2906	63
2907	63
2908	70
2909	74
2910	71
2911	69
2912	78
2913	74
2914	56
2915	73
2916	50
2917	57
2918	67
2919	65
2920	73
2921	67
2922	60
2923	64
2924	71
2925	59
2926	70
2927	61
2928	61
2929	65
2930	56
2931	46
2932	71
2933	59
2934	54
2935	61
2936	66
2937	72
2938	79
2939	63
2940	70
2941	58
2942	65
2943	65
2944	68
2945	64
2946	68
2947	69
2948	57
2949	61
2950	67
2951	57
2952	70
2953	53
2954	79
2955	75
2956	63
2957	53
2958	62
2959	65
2960	54
2961	64
2962	65
2963	64
2964	60
2965	63
2966	57
2967	70
2968	63
2969	55
2970	51
2971	57
2972	70
2973	70
2974	44
2975	68
2976	75
2977	66
2978	68
2979	63
2980	70
2981	61
2982	77
2983	69
2984	55
2985	64
2986	57
2987	70
2988	74
2989	67
2990	62
2991	74
2992	58
2993	54
2994	60
2995	67
2996	69
2997	59
2998	79
2999	61
3000	61
3001	61
3002	61
3003	72
3004	61
3005	59
3006	67
3007	52
3008	70
3009	69
3010	81
3011	64
3012	49
3013	66
3014	65
3015	74
3016	67
3017	72
3018	72
3019	57
3020	77
3021	70
3022	65
3023	60
3024	65
3025	59
3026	67
3027	79
3028	61
3029	82
3030	63
3031	55
3032	66
3033	48
3034	59
3035	73
3036	66
3037	71
3038	66
3039	67
3040	51
3041	61
3042	55
3043	62
3044	64
3045	57
3046	58
3047	58
3048	67
3049	68
3050	73
3051	63
3052	74
3053	57
3054	71
3055	80
3056	47
3057	67
3058	56
3059	66
3060	60
3061	69
3062	72
3063	70
3064	69
3065	70
3066	77
3067	66
3068	87
3069	63
3070	64
3071	79
3072	65
3073	77
3074	73
3075	71
3076	66
3077	81
3078	64
3079	66
3080	80
3081	80
3082	63
3083	69
3084	90
3085	78
3086	82
3087	74
3088	88
3089	92
3090	80
3091	90
3092	72
3093	78
3094	81
3095	83
3096	71
3097	88
3098	71
3099	97
3100	65
3101	91
3102	70
3103	76
3104	78
3105	71
3106	87
3107	84
3108	84
3109	69
3110	89
3111	89
3112	97
3113	84
3114	92
3115	75
3116	101
3117	80
3118	90
3119	77
3120	76
3121	84
3122	92
3123	82
3124	86
3125	81
3126	87
3127	88
3128	75
3129	65
3130	77
3131	85
3132	82
3133	91
3134	90
3135	88
3136	90
3137	99
3138	89
3139	86
3140	86
3141	76
3142	93
3143	91
3144	88
3145	88
3146	75
3147	87
3148	103
3149	88
3150	92
3151	96
3152	83
3153	98
3154	98
3155	107
3156	79
3157	113
3158	111
3159	92
3160	98
3161	84
3162	108
3163	107
3164	102
3165	87
3166	90
3167	89
3168	95
3169	100
3170	98
3171	104
3172	93
3173	96
3174	85
3175	72
3176	112
3177	91
3178	99
3179	104
3180	80
3181	96
3182	113
3183	81
3184	104
3185	104
3186	105
3187	107
3188	99
3189	97
3190	118
3191	102
3192	89
3193	110
3194	104
3195	97
3196	93
3197	85
3198	123
3199	94
3200	112
3201	105
3202	104
3203	97
3204	86
3205	114
3206	85
3207	100
3208	96
3209	97
3210	89
3211	106
3212	99
3213	98
3214	84
3215	83
3216	89
3217	102
3218	103
3219	83
3220	93
3221	83
3222	89
3223	87
3224	85
3225	85
3226	87
3227	88
3228	90
3229	102
3230	123
3231	99
3232	111
3233	92
3234	94
3235	92
3236	82
3237	94
3238	101
3239	100
3240	96
3241	80
3242	104
3243	97
3244	83
3245	74
3246	85
3247	90
3248	82
3249	86
3250	93
3251	93
3252	81
3253	66
3254	78
3255	89
3256	71
3257	85
3258	76
3259	75
3260	92
3261	100
3262	80
3263	90
3264	90
3265	65
3266	97
3267	72
3268	89
3269	93
3270	96
3271	74
3272	67
3273	80
3274	77
3275	67
3276	63
3277	68
3278	75
3279	76
3280	72
3281	70
3282	84
3283	70
3284	82
3285	81
3286	71
3287	84
3288	81
3289	75
3290	71
3291	79
3292	73
3293	68
3294	80
3295	65
3296	61
3297	83
3298	72
3299	82
3300	67
3301	78
3302	78
3303	71
3304	63
3305	61
3306	70
3307	60
3308	52
3309	71
3310	68
3311	62
3312	71
3313	78
3314	83
3315	64
3316	79
3317	50
3318	76
3319	52
3320	68
3321	63
3322	61
3323	65
3324	51
3325	56
3326	62
3327	65
3328	70
3329	63
3330	62
3331	60
3332	56
3333	59
3334	68
3335	88
3336	64
3337	58
3338	59
3339	52
3340	74
3341	61
3342	68
3343	73
3344	52
3345	70
3346	63
3347	54
3348	63
3349	57
3350	67
3351	70
3352	53
3353	63
3354	66
3355	62
3356	50
3357	59
3358	55
3359	69
3360	65
3361	56
3362	57
3363	47
3364	61
3365	62
3366	55
3367	58
3368	50
3369	72
3370	80
3371	48
3372	62
3373	57
3374	66
3375	50
3376	75
3377	68
3378	52
3379	62
3380	62
3381	55
3382	49
3383	60
3384	57
3385	48
3386	59
3387	58
3388	58
3389	65
3390	47
3391	58
3392	57
3393	62
3394	56
3395	78
3396	64
3397	63
3398	67
3399	62
3400	62
3401	64
3402	64
3403	67
3404	59
3405	58
3406	63
3407	57
3408	60
3409	76
3410	57
3411	54
3412	56
3413	58
3414	67
3415	60
3416	60
3417	55
3418	70
3419	57
3420	66
3421	57
3422	59
3423	64
3424	60
3425	63
3426	46
3427	72
3428	60
3429	66
3430	57
3431	68
3432	51
3433	78
3434	65
3435	54
3436	57
3437	67
3438	77
3439	63
3440	64
3441	63
3442	65
3443	60
3444	71
3445	65
3446	67
3447	80
3448	52
3449	61
3450	64
3451	59
3452	81
3453	81
3454	57
3455	62
3456	78
3457	76
3458	62
3459	65
3460	64
3461	53
3462	77
3463	73
3464	70
3465	68
3466	64
3467	65
3468	63
3469	70
3470	79
3471	68
3472	72
3473	67
3474	73
3475	73
3476	74
3477	70
3478	74
3479	76
3480	63
3481	61
3482	78
3483	73
3484	74
3485	74
3486	75
3487	65
3488	69
3489	68
3490	73
3491	68
3492	72
3493	70
3494	83
3495	69
3496	73
3497	79
3498	84
3499	77
3500	80
3501	70
3502	91
3503	84
3504	74
3505	77
3506	69
3507	78
3508	64
3509	64
3510	81
3511	90
3512	77
3513	64
3514	83
3515	73
3516	83
3517	65
3518	77
3519	77
3520	62
3521	57
3522	86
3523	71
3524	92
3525	70
3526	79
3527	67
3528	74
3529	72
3530	76
3531	69
3532	66
3533	75
3534	77
3535	71
3536	84
3537	70
3538	81
3539	65
3540	71
3541	72
3542	62
3543	79
3544	76
3545	70
3546	63
3547	70
3548	64
3549	65
3550	83
3551	79
3552	67
3553	82
3554	77
3555	64
3556	75
3557	82
3558	79
3559	79
3560	84
3561	78
3562	76
3563	67
3564	73
3565	74
3566	75
3567	73
3568	76
3569	82
3570	60
3571	64
3572	67
3573	66
3574	71
3575	62
3576	66
3577	81
3578	73
3579	73
3580	67
3581	73
3582	86
3583	78
3584	71
3585	77
3586	79
3587	80
3588	61
3589	78
3590	68
3591	87
3592	83
3593	84
3594	70
3595	75
3596	69
3597	75
3598	56
3599	74
3600	66
3601	48
3602	65
3603	70
3604	78
3605	74
3606	59
3607	65
3608	76
3609	70
3610	73
3611	76
3612	77
3613	64
3614	70
3615	59
3616	78
3617	50
3618	66
3619	76
3620	93
3621	60
3622	75
3623	72
3624	69
3625	62
3626	80
3627	58
3628	50
3629	61
3630	48
3631	57
3632	59
3633	73
3634	66
3635	61
3636	78
3637	51
3638	45
3639	55
3640	68
3641	75
3642	64
3643	55
3644	53
3645	67
3646	54
3647	62
3648	57
3649	58
3650	45
3651	60
3652	67
3653	56
3654	66
3655	54
3656	72
3657	74
3658	55
3659	53
3660	48
3661	55
3662	46
3663	67
3664	67
3665	66
3666	55
3667	65
3668	65
3669	69
3670	56
3671	62
3672	62
3673	47
3674	51
3675	56
3676	57
3677	68
3678	53
3679	42
3680	50
3681	79
3682	59
3683	68
3684	61
3685	56
3686	54
3687	43
3688	56
3689	58
3690	61
3691	62
3692	48
3693	60
3694	48
3695	48
3696	41
3697	45
3698	58
3699	37
3700	46
3701	48
3702	55
3703	53
3704	52
3705	43
3706	58
3707	48
3708	43
3709	35
3710	66
3711	49
3712	56
3713	52
3714	52
3715	44
3716	52
3717	57
3718	57
3719	57
3720	58
3721	40
3722	50
3723	50
3724	44
3725	41
3726	50
3727	51
3728	46
3729	52
3730	54
3731	44
3732	55
3733	41
3734	60
3735	55
3736	45
3737	44
3738	49
3739	43
3740	54
3741	54
3742	39
3743	57
3744	52
3745	42
3746	37
3747	40
3748	56
3749	44
3750	43
3751	37
3752	48
3753	49
3754	40
3755	45
3756	45
3757	41
3758	36
3759	56
3760	50
3761	49
3762	59
3763	44
3764	51
3765	45
3766	41
3767	46
3768	49
3769	54
3770	57
3771	54
3772	47
3773	58
3774	54
3775	49
3776	35
3777	50
3778	48
3779	48
3780	46
3781	50
3782	48
3783	55
3784	44
3785	37
3786	46
3787	51
3788	49
3789	56
3790	61
3791	50
3792	38
3793	48
3794	55
3795	48
3796	52
3797	45
3798	58
3799	40
3800	45
3801	52
3802	55
3803	40
3804	39
3805	48
3806	52
3807	49
3808	48
3809	48
3810	57
3811	51
3812	50
3813	52
3814	52
3815	43
3816	50
3817	52
3818	56
3819	56
3820	54
3821	58
3822	54
3823	54
3824	37
3825	40
3826	50
3827	55
3828	56
3829	48
3830	66
3831	45
3832	53
3833	49
3834	47
3835	43
3836	57
3837	51
3838	47
3839	51
3840	53
3841	61
3842	48
3843	50
3844	44
3845	41
3846	54
3847	54
3848	55
3849	72
3850	49
3851	47
3852	53
3853	41
3854	47
3855	47
3856	59
3857	37
3858	50
3859	56
3860	54
3861	55
3862	53
3863	62
3864	44
3865	46
3866	54
3867	48
3868	63
3869	54
3870	43
3871	57
3872	59
3873	56
3874	50
3875	53
3876	56
3877	54
3878	53
3879	50
3880	46
3881	53
3882	58
3883	57
3884	62
3885	65
3886	51
3887	42
3888	57
3889	56
3890	54
3891	58
3892	48
3893	50
3894	43
3895	47
3896	58
3897	57
3898	60
3899	60
3900	52
3901	57
3902	47
3903	57
3904	62
3905	40
3906	49
3907	46
3908	56
3909	53
3910	58
3911	44
3912	46
3913	52
3914	56
3915	49
3916	60
3917	50
3918	50
3919	46
3920	49
3921	55
3922	49
3923	46
3924	45
3925	54
3926	54
3927	49
3928	54
3929	49
3930	42
3931	62
3932	55
3933	42
3934	54
3935	57
3936	48
3937	57
3938	51
3939	36
3940	53
3941	51
3942	43
3943	57
3944	38
3945	39
3946	38
3947	42
3948	55
3949	43
3950	47
3951	54
3952	40
3953	53
3954	49
3955	52
3956	46
3957	57
3958	50
3959	45
3960	50
3961	53
3962	36
3963	49
3964	52
3965	57
3966	46
3967	44
3968	53
3969	47
3970	59
3971	40
3972	49
3973	45
3974	47
3975	47
3976	54
3977	47
3978	45
3979	56
3980	44
3981	55
3982	53
3983	45
3984	49
3985	47
3986	45
3987	43
3988	42
3989	47
3990	41
3991	50
3992	50
3993	44
3994	52
3995	49
3996	54
3997	41
3998	52
3999	50
4000	40
4001	35
4002	56
4003	43
4004	34
4005	48
4006	51
4007	52
4008	36
4009	47
4010	47
4011	40
4012	54
4013	44
4014	52
4015	40
4016	47
4017	52
4018	36
4019	35
4020	51
4021	49
4022	44
4023	42
4024	49
4025	39
4026	40
4027	37
4028	47
4029	50
4030	44
4031	52
4032	41
4033	38
4034	41
4035	42
4036	47
4037	46
4038	38
4039	36
4040	34
4041	30
4042	41
4043	44
4044	41
4045	34
4046	28
4047	40
4048	49
4049	43
4050	45
4051	39
4052	42
4053	38
4054	39
4055	48
4056	32
4057	33
4058	39
4059	49
4060	57
4061	34
4062	44
4063	47
4064	40
4065	34
4066	37
4067	34
4068	37
4069	33
4070	38
4071	52
4072	45
4073	42
4074	45
4075	43
4076	30
4077	41
4078	36
4079	30
4080	43
4081	27
4082	25
4083	42
4084	44
4085	45
4086	32
4087	26
4088	30
4089	38
4090	49
4091	43
4092	31
4093	26
4094	38
4095	44
4096	50
4097	43
4098	30
4099	34
4100	33
4101	45
4102	39
4103	30
4104	29
4105	33
4106	34
4107	31
4108	41
4109	34
4110	28
4111	41
4112	32
4113	24
4114	35
4115	24
4116	32
4117	34
4118	44
4119	37
4120	35
4121	36
4122	44
4123	38
4124	36
4125	29
4126	35
4127	30
4128	38
4129	36
4130	35
4131	33
4132	24
4133	30
4134	29
4135	29
4136	26
4137	33
4138	42
4139	43
4140	27
4141	28
4142	27
4143	35
4144	34
4145	28
4146	31
4147	30
4148	36
4149	34
4150	21
4151	27
4152	42
4153	45
4154	31
4155	24
4156	38
4157	34
4158	33
4159	33
4160	26
4161	25
4162	27
4163	33
4164	46
4165	22
4166	34
4167	31
4168	32
4169	36
4170	32
4171	21
4172	25
4173	30
4174	38
4175	29
4176	22
4177	46
4178	31
4179	42
4180	30
4181	36
4182	28
4183	32
4184	34
4185	30
4186	31
4187	37
4188	15
4189	38
4190	28
4191	22
4192	34
4193	27
4194	38
4195	38
4196	28
4197	22
4198	19
4199	30
4200	29
4201	38
4202	34
4203	38
4204	30
4205	32
4206	28
4207	34
4208	32
4209	36
4210	34
4211	30
4212	30
4213	25
4214	32
4215	29
4216	34
4217	33
4218	36
4219	28
4220	32
4221	35
4222	39
4223	29
4224	36
4225	37
4226	45
4227	35
4228	31
4229	37
4230	34
4231	29
4232	31
4233	37
4234	32
4235	36
4236	43
4237	37
4238	43
4239	36
4240	50
4241	33
4242	41
4243	31
4244	39
4245	35
4246	40
4247	40
4248	33
4249	38
4250	38
4251	37
4252	36
4253	37
4254	38
4255	28
4256	35
4257	27
4258	34
4259	33
4260	43
4261	38
4262	35
4263	29
4264	32
4265	37
4266	28
4267	39
4268	29
4269	43
4270	29
4271	42
4272	42
4273	36
4274	41
4275	46
4276	34
4277	33
4278	28
4279	23
4280	29
4281	33
4282	40
4283	35
4284	38
4285	45
4286	26
4287	37
4288	37
4289	44
4290	44
4291	40
4292	48
4293	28
4294	36
4295	48
4296	36
4297	39
4298	39
4299	29
4300	32
4301	30
4302	29
4303	31
4304	43
4305	26
4306	38
4307	31
4308	38
4309	43
4310	44
4311	33
4312	32
4313	33
4314	34
4315	32
4316	33
4317	36
4318	25
4319	27
4320	28
4321	20
4322	24
4323	37
4324	30
4325	33
4326	39
4327	39
4328	35
4329	28
4330	36
4331	28
4332	32
4333	36
4334	38
4335	18
4336	28
4337	33
4338	37
4339	28
4340	30
4341	33
4342	26
4343	26
4344	32
4345	40
4346	27
4347	35
4348	35
4349	37
4350	30
4351	22
4352	30
4353	33
4354	35
4355	20
4356	27
4357	28
4358	29
4359	23
4360	36
4361	24
4362	20
4363	33
4364	25
4365	21
4366	26
4367	35
4368	32
4369	38
4370	24
4371	28
4372	31
4373	23
4374	24
4375	15
4376	24
4377	40
4378	28
4379	36
4380	38
4381	23
4382	21
4383	24
4384	25
4385	23
4386	23
4387	27
4388	19
4389	21
4390	28
4391	20
4392	24
4393	21
4394	23
4395	19
4396	19
4397	22
4398	17
4399	29
4400	18
4401	20
4402	23
4403	34
4404	20
4405	25
4406	15
4407	22
4408	31
4409	22
4410	19
4411	18
4412	24
4413	23
4414	26
4415	18
4416	26
4417	17
4418	28
4419	26
4420	22
4421	26
4422	20
4423	22
4424	24
4425	23
4426	21
4427	20
4428	27
4429	15
4430	26
4431	17
4432	28
4433	29
4434	26
4435	25
4436	20
4437	17
4438	29
4439	20
4440	18
4441	25
4442	27
4443	27
4444	20
4445	18
4446	18
4447	16
4448	21
4449	28
4450	27
4451	19
4452	17
4453	27
4454	20
4455	26
4456	23
4457	27
4458	25
4459	31
4460	16
4461	34
4462	27
4463	29
4464	21
4465	20
4466	14
4467	28
4468	20
4469	16
4470	13
4471	25
4472	30
4473	18
4474	21
4475	28
4476	22
4477	30
4478	26
4479	30
4480	38
4481	25
4482	27
4483	18
4484	20
4485	29
4486	23
4487	24
4488	18
4489	22
4490	20
4491	26
4492	26
4493	24
4494	20
4495	19
4496	20
4497	17
4498	18
4499	21
4500	31
4501	22
4502	21
4503	24
4504	27
4505	28
4506	16
4507	29
4508	17
4509	28
4510	20
4511	28
4512	28
4513	26
4514	28
4515	22
4516	22
4517	27
4518	16
4519	27
4520	26
4521	24
4522	24
4523	26
4524	20
4525	24
4526	21
4527	23
4528	25
4529	33
4530	23
4531	20
4532	25
4533	13
4534	18
4535	30
4536	17
4537	23
4538	24
4539	22
4540	21
4541	20
4542	19
4543	15
4544	17
4545	25
4546	22
4547	20
4548	30
4549	19
4550	29
4551	18
4552	32
4553	28
4554	14
4555	32
4556	23
4557	21
4558	22
4559	23
4560	35
4561	20
4562	24
4563	28
4564	32
4565	25
4566	22
4567	26
4568	32
4569	23
4570	25
4571	32
4572	27
4573	23
4574	27
4575	23
4576	28
4577	26
4578	27
4579	24
4580	28
4581	12
4582	20
4583	14
4584	26
4585	16
4586	24
4587	12
4588	20
4589	28
4590	26
4591	18
4592	36
4593	27
4594	14
4595	29
4596	23
4597	18
4598	29
4599	24
4600	22
4601	18
4602	22
4603	22
4604	23
4605	25
4606	26
4607	25
4608	23
4609	18
4610	28
4611	26
4612	27
4613	29
4614	24
4615	18
4616	29
4617	21
4618	22
4619	20
4620	24
4621	32
4622	27
4623	18
4624	20
4625	28
4626	25
4627	26
4628	19
4629	31
4630	20
4631	20
4632	23
4633	15
4634	19
4635	21
4636	31
4637	21
4638	25
4639	19
4640	34
4641	21
4642	33
4643	25
4644	19
4645	34
4646	23
4647	19
4648	13
4649	23
4650	28
4651	23
4652	26
4653	12
4654	27
4655	14
4656	25
4657	23
4658	16
4659	13
4660	25
4661	20
4662	18
4663	20
4664	21
4665	18
4666	28
4667	22
4668	18
4669	20
4670	20
4671	26
4672	20
4673	20
4674	11
4675	18
4676	22
4677	28
4678	20
4679	19
4680	18
4681	23
4682	20
4683	26
4684	27
4685	16
4686	16
4687	18
4688	15
4689	25
4690	16
4691	23
4692	18
4693	25
4694	24
4695	18
4696	18
4697	12
4698	20
4699	18
4700	25
4701	30
4702	15
4703	29
4704	21
4705	32
4706	13
4707	21
4708	14
4709	20
4710	14
4711	15
4712	29
4713	17
4714	11
4715	19
4716	17
4717	25
4718	19
4719	16
4720	21
4721	17
4722	14
4723	21
4724	10
4725	22
4726	19
4727	22
4728	24
4729	16
4730	26
4731	16
4732	14
4733	21
4734	18
4735	21
4736	20
4737	16
4738	10
4739	22
4740	22
4741	11
4742	20
4743	18
4744	25
4745	17
4746	18
4747	16
4748	23
4749	13
4750	15
4751	27
4752	19
4753	8
4754	13
4755	19
4756	17
4757	11
4758	18
4759	16
4760	16
4761	15
4762	13
4763	16
4764	14
4765	15
4766	18
4767	18
4768	17
4769	21
4770	19
4771	10
4772	18
4773	21
4774	15
4775	15
4776	16
4777	15
4778	17
4779	14
4780	14
4781	20
4782	20
4783	13
4784	21
4785	20
4786	14
4787	13
4788	15
4789	15
4790	24
4791	11
4792	15
4793	24
4794	12
4795	19
4796	16
4797	9
4798	14
4799	10
4800	11
4801	18
4802	21
4803	15
4804	12
4805	19
4806	14
4807	19
4808	20
4809	14
4810	17
4811	12
4812	18
4813	10
4814	16
4815	15
4816	17
4817	11
4818	11
4819	14
4820	10
4821	17
4822	20
4823	17
4824	12
4825	17
4826	12
4827	19
4828	10
4829	23
4830	13
4831	17
4832	16
4833	14
4834	11
4835	14
4836	14
4837	15
4838	18
4839	16
4840	11
4841	16
4842	17
4843	14
4844	13
4845	14
4846	18
4847	13
4848	16
4849	15
4850	14
4851	16
4852	12
4853	17
4854	14
4855	15
4856	17
4857	16
4858	18
4859	20
4860	18
4861	18
4862	17
4863	22
4864	19
4865	17
4866	13
4867	14
4868	10
4869	7
4870	11
4871	14
4872	11
4873	13
4874	12
4875	19
4876	15
4877	12
4878	11
4879	12
4880	18
4881	8
4882	16
4883	8
4884	13
4885	17
4886	16
4887	19
4888	11
4889	9
4890	17
4891	18
4892	11
4893	11
4894	9
4895	14
4896	14
4897	15
4898	16
4899	15
4900	22
4901	11
4902	16
4903	17
4904	11
4905	14
4906	15
4907	15
4908	17
4909	23
4910	21
4911	10
4912	15
4913	19
4914	16
4915	13
4916	14
4917	12
4918	8
4919	20
4920	11
4921	12
4922	14
4923	17
4924	14
4925	15
4926	16
4927	17
4928	17
4929	13
4930	13
4931	17
4932	13
4933	22
4934	10
4935	14
4936	16
4937	10
4938	19
4939	13
4940	14
4941	9
4942	13
4943	18
4944	17
4945	8
4946	23
4947	14
4948	15
4949	19
4950	17
4951	17
4952	20
4953	12
4954	21
4955	19
4956	15
4957	16
4958	10
4959	11
4960	8
4961	8
4962	12
4963	8
4964	12
4965	9
4966	11
4967	13
4968	14
4969	20
4970	19
4971	13
4972	24
4973	20
4974	15
4975	11
4976	8
4977	14
4978	9
4979	9
4980	18
4981	15
4982	11
4983	21
4984	24
4985	13
4986	17
4987	10
4988	18
4989	17
4990	12
4991	17
4992	14
4993	12
4994	14
4995	12
4996	17
4997	13
4998	16
4999	19
5000	16
5001	12
5002	15
5003	17
5004	12
5005	18
5006	18
5007	14
5008	24
5009	21
5010	13
5011	10
5012	16
5013	14
5014	11
5015	11
5016	16
5017	19
5018	11
5019	24
5020	11
5021	14
5022	13
5023	12
5024	10
5025	22
5026	15
5027	16
5028	19
5029	9
5030	9
5031	13
5032	11
5033	14
5034	16
5035	12
5036	13
5037	16
5038	17
5039	18
5040	15
5041	16
5042	19
5043	6
5044	16
5045	18
5046	11
5047	10
5048	10
5049	15
5050	7
5051	9
5052	8
5053	12
5054	8
5055	12
5056	14
5057	20
5058	19
5059	16
5060	20
5061	21
5062	16
5063	16
5064	18
5065	14
5066	15
5067	14
5068	15
5069	11
5070	12
5071	10
5072	16
5073	9
5074	17
5075	18
5076	9
5077	15
5078	19
5079	19
5080	13
5081	9
5082	13
5083	18
5084	18
5085	7
5086	13
5087	18
5088	17
5089	12
5090	15
5091	17
5092	17
5093	14
5094	12
5095	10
5096	18
5097	7
5098	11
5099	10
5100	9
5101	16
5102	14
5103	16
5104	15
5105	20
5106	13
5107	20
5108	19
5109	15
5110	11
5111	21
5112	12
5113	17
5114	8
5115	11
5116	16
5117	12
5118	13
5119	11
5120	10
5121	16
5122	9
5123	12
5124	8
5125	13
5126	10
5127	14
5128	8
5129	6
5130	7
5131	15
5132	12
5133	15
5134	6
5135	11
5136	12
5137	6
5138	15
5139	15
5140	7
5141	14
5142	16
5143	8
5144	7
5145	11
5146	15
5147	13
5148	9
5149	12
5150	15
5151	8
5152	12
5153	10
5154	10
5155	17
5156	8
5157	8
5158	13
5159	5
5160	16
5161	8
5162	7
5163	8
5164	7
5165	10
5166	13
5167	10
5168	9
5169	11
5170	9
5171	6
5172	14
5173	10
5174	5
5175	8
5176	6
5177	8
5178	8
5179	9
5180	8
5181	5
5182	13
5183	10
5184	12
5185	12
5186	9
5187	10
5188	12
5189	13
5190	7
5191	12
5192	8
5193	7
5194	12
5195	9
5196	9
5197	6
5198	6
5199	5
5200	4
5201	5
5202	11
5203	8
5204	9
5205	6
5206	11
5207	14
5208	9
5209	6
5210	5
5211	10
5212	11
5213	9
5214	12
5215	9
5216	1
5217	6
5218	3
5219	14
5220	6
5221	6
5222	12
5223	12
5224	8
5225	6
5226	9
5227	14
5228	9
5229	9
5230	9
5231	13
5232	9
5233	8
5234	8
5235	8
5236	10
5237	8
5238	6
5239	4
5240	9
5241	6
5242	7
5243	8
5244	8
5245	2
5246	7
5247	6
5248	8
5249	4
5250	6
5251	7
5252	5
5253	10
5254	5
5255	6
5256	8
5257	4
5258	0
5259	7
5260	4
5261	5
5262	10
5263	7
5264	11
5265	15
5266	6
5267	10
5268	7
5269	9
5270	12
5271	8
5272	6
5273	9
5274	3
5275	7
5276	14
5277	12
5278	8
5279	8
5280	10
5281	6
5282	15
5283	8
5284	6
5285	4
5286	6
5287	6
5288	6
5289	3
5290	8
5291	7
5292	14
5293	8
5294	6
5295	9
5296	10
5297	7
5298	7
5299	10
5300	7
5301	6
5302	5
5303	4
5304	11
5305	6
5306	4
5307	12
5308	10
5309	2
5310	7
5311	15
5312	5
5313	7
5314	9
5315	12
5316	10
5317	5
5318	14
5319	6
5320	10
5321	7
5322	7
5323	5
5324	9
5325	9
5326	12
5327	10
5328	10
5329	6
5330	11
5331	1
5332	14
5333	7
5334	8
5335	8
5336	11
5337	11
5338	9
5339	9
5340	12
5341	10
5342	9
5343	7
5344	8
5345	14
5346	15
5347	7
5348	7
5349	9
5350	5
5351	8
5352	11
5353	14
5354	10
5355	5
5356	7
5357	11
5358	15
5359	11
5360	10
5361	6
5362	4
5363	13
5364	11
5365	12
5366	10
5367	11
5368	19
5369	9
5370	12
5371	16
5372	10
5373	16
5374	9
5375	6
5376	15
5377	5
5378	9
5379	9
5380	14
5381	6
5382	13
5383	10
5384	12
5385	9
5386	6
5387	11
5388	7
5389	13
5390	10
5391	17
5392	9
5393	11
5394	12
5395	7
5396	12
5397	8
5398	4
5399	10
5400	7
5401	11
5402	10
5403	14
5404	8
5405	15
5406	10
5407	11
5408	13
5409	15
5410	7
5411	8
5412	4
5413	17
5414	18
5415	13
5416	3
5417	18
5418	5
5419	7
5420	11
5421	5
5422	9
5423	14
5424	12
5425	13
5426	4
5427	14
5428	8
5429	9
5430	12
5431	15
5432	11
5433	13
5434	10
5435	14
5436	13
5437	6
5438	10
5439	8
5440	15
5441	12
5442	8
5443	12
5444	10
5445	10
5446	9
5447	6
5448	6
5449	18
5450	9
5451	15
5452	10
5453	9
5454	11
5455	10
5456	5
5457	9
5458	8
5459	12
5460	7
5461	11
5462	9
5463	8
5464	8
5465	7
5466	5
5467	12
5468	13
5469	6
5470	7
5471	5
5472	11
5473	9
5474	3
5475	6
5476	7
5477	7
5478	6
5479	9
5480	7
5481	16
5482	10
5483	8
5484	5
5485	1
5486	7
5487	8
5488	7
5489	7
5490	9
5491	6
5492	11
5493	9
5494	6
5495	9
5496	11
5497	6
5498	7
5499	10
5500	7
5501	6
5502	7
5503	7
5504	11
5505	4
5506	7
5507	8
5508	3
5509	5
5510	8
5511	7
5512	4
5513	6
5514	5
5515	7
5516	7
5517	7
5518	6
5519	9
5520	6
5521	5
5522	6
5523	11
5524	6
5525	6
5526	5
5527	5
5528	8
5529	8
5530	9
5531	7
5532	6
5533	11
5534	9
5535	6
5536	4
5537	10
5538	4
5539	9
5540	4
5541	8
5542	9
5543	5
5544	10
5545	2
5546	4
5547	5
5548	3
5549	7
5550	10
5551	8
5552	6
5553	9
5554	9
5555	2
5556	5
5557	9
5558	7
5559	5
5560	7
5561	7
5562	5
5563	6
5564	6
5565	3
5566	6
5567	4
5568	9
5569	6
5570	1
5571	2
5572	6
5573	5
5574	9
5575	3
5576	4
5577	4
5578	4
5579	7
5580	4
5581	4
5582	5
5583	6
5584	6
5585	3
5586	10
5587	5
5588	11
5589	5
5590	2
5591	8
5592	6
5593	5
5594	10
5595	8
5596	3
5597	5
5598	4
5599	9
5600	3
5601	3
5602	5
5603	2
5604	3
5605	9
5606	5
5607	4
5608	10
5609	3
5610	2
5611	6
5612	4
5613	6
5614	5
5615	9
5616	6
5617	4
5618	4
5619	5
5620	6
5621	8
5622	6
5623	3
5624	6
5625	11
5626	5
5627	5
5628	3
5629	4
5630	5
5631	1
5632	1
5633	6
5634	5
5635	3
5636	3
5637	2
5638	2
5639	3
5640	7
5641	4
5642	3
5643	2
5644	2
5645	9
5646	5
5647	3
5648	3
5649	6
5650	7
5651	3
5652	4
5653	5
5654	6
5655	6
5656	8
5657	8
5658	5
5659	4
5660	2
5661	6
5662	5
5663	7
5664	3
5665	9
5666	2
5667	6
5668	5
5669	10
5670	3
5671	3
5672	6
5673	5
5674	6
5675	6
5676	4
5677	5
5678	11
5679	4
5680	4
5681	5
5682	4
5683	6
5684	2
5685	7
5686	6
5687	6
5688	4
5689	7
5690	2
5691	5
5692	5
5693	4
5694	1
5695	8
5696	5
5697	6
5698	8
5699	5
5700	6
5701	5
5702	5
5703	4
5704	8
5705	4
5706	2
5707	4
5708	6
5709	8
5710	8
5711	3
5712	4
5713	6
5714	6
5715	4
5716	6
5717	8
5718	5
5719	5
5720	8
5721	3
5722	2
5723	4
5724	6
5725	8
5726	7
5727	4
5728	6
5729	6
5730	2
5731	5
5732	4
5733	4
5734	7
5735	7
5736	3
5737	6
5738	7
5739	2
5740	10
5741	7
5742	6
5743	6
5744	4
5745	5
5746	2
5747	9
5748	7
5749	5
5750	5
5751	6
5752	4
5753	7
5754	4
5755	9
5756	6
5757	5
5758	5
5759	9
5760	8
5761	9
5762	8
5763	3
5764	4
5765	4
5766	3
5767	10
5768	6
5769	7
5770	6
5771	7
5772	8
5773	7
5774	10
5775	4
5776	8
5777	5
5778	7
5779	8
5780	6
5781	5
5782	3
5783	6
5784	3
5785	7
5786	9
5787	4
5788	4
5789	3
5790	8
5791	15
5792	4
5793	8
5794	5
5795	10
5796	7
5797	6
5798	7
5799	6
5800	6
5801	6
5802	5
5803	7
5804	4
5805	7
5806	2
5807	7
5808	9
5809	7
5810	7
5811	12
5812	11
5813	0
5814	10
5815	3
5816	5
5817	8
5818	9
5819	9
5820	8
5821	4
5822	12
5823	7
5824	5
5825	5
5826	9
5827	4
5828	10
5829	8
5830	6
5831	5
5832	8
5833	9
5834	7
5835	3
5836	4
5837	8
5838	9
5839	5
5840	13
5841	9
5842	9
5843	10
5844	5
5845	7
5846	5
5847	3
5848	8
5849	8
5850	3
5851	9
5852	5
5853	4
5854	6
5855	8
5856	7
5857	4
5858	6
5859	3
5860	4
5861	8
5862	8
5863	8
5864	3
5865	4
5866	3
5867	3
5868	9
5869	4
5870	10
5871	9
5872	4
5873	8
5874	4
5875	4
5876	8
5877	5
5878	7
5879	8
5880	6
5881	8
5882	7
5883	4
5884	6
5885	5
5886	10
5887	5
5888	5
5889	6
5890	4
5891	3
5892	8
5893	5
5894	3
5895	6
5896	3
5897	7
5898	6
5899	5
5900	4
5901	6
5902	3
5903	8
5904	2
5905	6
5906	9
5907	6
5908	2
5909	7
5910	5
5911	6
5912	3
5913	8
5914	10
5915	2
5916	4
5917	6
5918	1
5919	4
5920	6
5921	8
5922	3
5923	1
5924	3
5925	2
5926	1
5927	5
5928	3
5929	4
5930	3
5931	5
5932	4
5933	7
5934	6
5935	5
5936	4
5937	5
5938	9
5939	6
5940	3
5941	2
5942	4
5943	4
5944	4
5945	7
5946	2
5947	3
5948	6
5949	5
5950	7
5951	5
5952	5
5953	5
5954	1
5955	5
5956	4
5957	4
5958	3
5959	2
5960	4
5961	4
5962	3
5963	1
5964	5
5965	6
5966	4
5967	3
5968	1
5969	5
5970	5
5971	3
5972	1
5973	5
5974	2
5975	1
5976	4
5977	6
5978	4
5979	2
5980	1
5981	2
5982	5
5983	1
5984	1
5985	5
5986	4
5987	4
5988	4
5989	3
5990	2
5991	3
5992	3
5993	5
5994	3
5995	0
5996	3
5997	7
5998	5
5999	4
6000	1
6001	3
6002	6
6003	3
6004	4
6005	1
6006	2
6007	1
6008	4
6009	4
6010	7
6011	4
6012	7
6013	2
6014	3
6015	2
6016	5
6017	2
6018	3
6019	6
6020	3
6021	1
6022	4
6023	4
6024	6
6025	4
6026	4
6027	3
6028	3
6029	7
6030	1
6031	5
6032	2
6033	5
6034	4
6035	1
6036	3
6037	0
6038	4
6039	1
6040	1
6041	4
6042	2
6043	4
6044	4
6045	2
6046	2
6047	2
6048	4
6049	4
6050	3
6051	2
6052	2
6053	3
6054	1
6055	2
6056	5
6057	4
6058	4
6059	3
6060	4
6061	2
6062	3
6063	6
6064	5
6065	1
6066	4
6067	2
6068	1
6069	3
6070	2
6071	8
6072	3
6073	6
6074	8
6075	4
6076	1
6077	1
6078	3
6079	2
6080	3
6081	4
6082	2
6083	2
6084	3
6085	2
6086	3
6087	3
6088	2
6089	4
6090	3
6091	4
6092	1
6093	2
6094	2
6095	3
6096	3
6097	1
6098	5
6099	0
6100	4
6101	2
6102	2
6103	3
6104	4
6105	4
6106	0
6107	8
6108	2
6109	3
6110	4
6111	1
6112	2
6113	4
6114	4
6115	4
6116	3
6117	6
6118	2
6119	3
6120	4
6121	3
6122	1
6123	4
6124	2
6125	1
6126	1
6127	1
6128	3
6129	6
6130	3
6131	4
6132	4
6133	3
6134	3
6135	2
6136	1
6137	7
6138	3
6139	3
6140	3
6141	2
6142	2
6143	6
6144	2
6145	3
6146	4
6147	2
6148	3
6149	3
6150	3
6151	1
6152	4
6153	2
6154	5
6155	4
6156	1
6157	1
6158	2
6159	7
6160	4
6161	8
6162	3
6163	4
6164	4
6165	5
6166	2
6167	1
6168	7
6169	6
6170	2
6171	4
6172	6
6173	4
6174	4
6175	8
6176	3
6177	1
6178	3
6179	3
6180	1
6181	6
6182	8
6183	4
6184	8
6185	8
6186	5
6187	2
6188	6
6189	7
6190	2
6191	7
6192	5
6193	3
6194	3
6195	2
6196	4
6197	9
6198	2
6199	5
6200	4
6201	3
6202	3
6203	5
6204	3
6205	3
6206	4
6207	6
6208	4
6209	5
6210	3
6211	2
6212	3
6213	3
6214	3
6215	2
6216	4
6217	3
6218	2
6219	5
6220	7
6221	6
6222	5
6223	4
6224	3
6225	5
6226	6
6227	4
6228	6
6229	5
6230	6
6231	4
6232	4
6233	1
6234	7
6235	0
6236	1
6237	5
6238	5
6239	3
6240	4
6241	5
6242	2
6243	2
6244	2
6245	2
6246	6
6247	4
6248	3
6249	3
6250	2
6251	7
6252	4
6253	1
6254	3
6255	4
6256	3
6257	3
6258	3
6259	2
6260	7
6261	3
6262	3
6263	4
6264	6
6265	3
6266	3
6267	2
6268	4
6269	4
6270	7
6271	1
6272	3
6273	5
6274	8
6275	7
6276	2
6277	6
6278	3
6279	3
6280	5
6281	3
6282	4
6283	2
6284	4
6285	5
6286	3
6287	3
6288	4
6289	3
6290	3
6291	6
6292	9
6293	1
6294	3
6295	4
6296	5
6297	4
6298	4
6299	9
6300	2
6301	6
6302	4
6303	2
6304	5
6305	3
6306	2
6307	5
6308	2
6309	5
6310	5
6311	3
6312	2
6313	2
6314	3
6315	5
6316	5
6317	1
6318	4
6319	1
6320	4
6321	3
6322	4
6323	1
6324	2
6325	0
6326	5
6327	3
6328	4
6329	4
6330	4
6331	3
6332	1
6333	1
6334	1
6335	3
6336	1
6337	6
6338	4
6339	0
6340	1
6341	2
6342	2
6343	1
6344	3
6345	2
6346	1
6347	2
6348	4
6349	1
6350	2
6351	8
6352	2
6353	1
6354	2
6355	2
6356	3
6357	1
6358	2
6359	1
6360	2
6361	4
6362	2
6363	3
6364	1
6365	1
6366	2
6367	1
6368	3
6369	2
6370	2
6371	2
6372	2
6373	1
6374	1
6375	4
6376	2
6377	3
6378	3
6379	2
6380	3
6381	1
6382	2
6383	2
6384	2
6385	2
6386	2
6387	3
6388	5
6389	2
6390	4
6391	3
6392	3
6393	4
6394	3
6395	2
6396	2
6397	0
6398	1
6399	1
6400	5
6401	6
6402	1
6403	6
6404	0
6405	0
6406	2
6407	0
6408	1
6409	1
6410	0
6411	2
6412	2
6413	4
6414	2
6415	2
6416	1
6417	0
6418	1
6419	0
6420	2
6421	2
6422	2
6423	2
6424	2
6425	0
6426	4
6427	1
6428	5
6429	2
6430	0
6431	2
6432	2
6433	0
6434	3
6435	1
6436	0
6437	0
6438	6
6439	2
6440	1
6441	2
6442	2
6443	1
6444	1
6445	2
6446	2
6447	1
6448	3
6449	2
6450	0
6451	1
6452	1
6453	4
6454	4
6455	2
6456	1
6457	5
6458	1
6459	1
6460	1
6461	3
6462	3
6463	0
6464	1
6465	0
6466	0
6467	2
6468	1
6469	4
6470	2
6471	4
6472	2
6473	2
6474	1
6475	1
6476	2
6477	1
6478	6
6479	0
6480	2
6481	3
6482	4
6483	5
6484	1
6485	2
6486	6
6487	2
6488	3
6489	6
6490	6
6491	2
6492	0
6493	3
6494	2
6495	1
6496	0
6497	0
6498	3
6499	0
6500	2
6501	2
6502	2
6503	0
6504	2
6505	2
6506	1
6507	3
6508	4
6509	2
6510	2
6511	7
6512	1
6513	4
6514	3
6515	6
6516	4
6517	0
6518	1
6519	2
6520	0
6521	1
6522	5
6523	1
6524	1
6525	2
6526	3
6527	4
6528	0
6529	1
6530	1
6531	1
6532	1
6533	4
6534	0
6535	4
6536	2
6537	1
6538	2
6539	3
6540	2
6541	4
6542	2
6543	3
6544	1
6545	2
6546	1
6547	2
6548	3
6549	1
6550	3
6551	1
6552	1
6553	2
6554	1
6555	5
6556	0
6557	4
6558	1
6559	1
6560	2
6561	0
6562	1
6563	4
6564	2
6565	3
6566	6
6567	2
6568	1
6569	1
6570	5
6571	2
6572	2
6573	2
6574	3
6575	1
6576	3
6577	4
6578	4
6579	5
6580	2
6581	3
6582	2
6583	4
6584	2
6585	3
6586	1
6587	1
6588	4
6589	3
6590	2
6591	4
6592	2
6593	2
6594	2
6595	3
6596	3
6597	3
6598	2
6599	3
6600	1
6601	0
6602	1
6603	4
6604	3
6605	2
6606	2
6607	3
6608	4
6609	1
6610	0
6611	2
6612	0
6613	4
6614	2
6615	0
6616	1
6617	3
6618	5
6619	2
6620	3
6621	4
6622	1
6623	0
6624	3
6625	6
6626	3
6627	3
6628	3
6629	2
6630	2
6631	2
6632	2
6633	1
6634	3
6635	5
6636	5
6637	4
6638	1
6639	2
6640	3
6641	1
6642	2
6643	2
6644	6
6645	3
6646	2
6647	2
6648	1
6649	3
6650	4
6651	2
6652	2
6653	5
6654	2
6655	0
6656	2
6657	1
6658	1
6659	0
6660	3
6661	1
6662	2
6663	2
6664	5
6665	3
6666	7
6667	1
6668	5
6669	2
6670	6
6671	2
6672	1
6673	3
6674	3
6675	4
6676	1
6677	4
6678	2
6679	2
6680	4
6681	3
6682	3
6683	2
6684	0
6685	1
6686	1
6687	0
6688	2
6689	2
6690	1
6691	2
6692	2
6693	2
6694	3
6695	7
6696	0
6697	2
6698	3
6699	1
6700	1
6701	4
6702	3
6703	4
6704	2
6705	2
6706	2
6707	1
6708	1
6709	0
6710	0
6711	1
6712	3
6713	2
6714	3
6715	1
6716	1
6717	5
6718	2
6719	0
6720	3
6721	2
6722	1
6723	0
6724	0
6725	1
6726	2
6727	0
6728	5
6729	0
6730	3
6731	2
6732	1
6733	0
6734	2
6735	0
6736	3
6737	4
6738	2
6739	3
6740	3
6741	1
6742	0
6743	2
6744	1
6745	7
6746	4
6747	3
6748	3
6749	2
6750	0
6751	2
6752	0
6753	2
6754	0
6755	0
6756	0
6757	3
6758	0
6759	3
6760	2
6761	4
6762	3
6763	0
6764	2
6765	1
6766	1
6767	1
6768	2
6769	2
6770	2
6771	2
6772	0
6773	3
6774	1
6775	3
6776	2
6777	1
6778	1
6779	1
6780	1
6781	2
6782	2
6783	0
6784	2
6785	3
6786	1
6787	4
6788	2
6789	1
6790	3
6791	1
6792	5
6793	3
6794	1
6795	0
6796	2
6797	1
6798	1
6799	1
6800	1
6801	0
6802	1
6803	2
6804	0
6805	0
6806	1
6807	2
6808	3
6809	3
6810	1
6811	2
6812	0
6813	0
6814	1
6815	3
6816	0
6817	0
6818	0
6819	0
6820	1
6821	3
6822	1
6823	2
6824	1
6825	1
6826	3
6827	1
6828	1
6829	4
6830	2
6831	5
6832	0
6833	0
6834	3
6835	3
6836	0
6837	1
6838	4
6839	0
6840	1
6841	0
6842	2
6843	1
6844	1
6845	0
6846	1
6847	0
6848	1
6849	2
6850	0
6851	0
6852	0
6853	1
6854	1
6855	0
6856	1
6857	2
6858	1
6859	0
6860	1
6861	1
6862	0
6863	4
6864	1
6865	1
6866	1
6867	0
6868	1
6869	1
6870	2
6871	1
6872	1
6873	0
6874	0
6875	2
6876	3
6877	1
6878	0
6879	0
6880	3
6881	1
6882	0
6883	1
6884	2
6885	2
6886	1
6887	1
6888	3
6889	1
6890	2
6891	0
6892	1
6893	1
6894	1
6895	0
6896	2
6897	3
6898	2
6899	1
6900	0
6901	1
6902	3
6903	0
6904	2
6905	1
6906	0
6907	4
6908	1
6909	2
6910	2
6911	1
6912	0
6913	1
6914	1
6915	2
6916	1
6917	2
6918	0
6919	2
6920	1
6921	1
6922	2
6923	1
6924	2
6925	0
6926	1
6927	1
6928	1
6929	0
6930	1
6931	1
6932	3
6933	2
6934	0
6935	2
6936	1
6937	3
6938	3
6939	2
6940	1
6941	0
6942	5
6943	0
6944	3
6945	2
6946	0
6947	1
6948	0
6949	0
6950	4
6951	2
6952	1
6953	1
6954	1
6955	0
6956	0
6957	6
6958	2
6959	0
6960	4
6961	2
6962	0
6963	3
6964	2
6965	1
6966	0
6967	3
6968	1
6969	4
6970	0
6971	1
6972	1
6973	0
6974	2
6975	1
6976	2
6977	1
6978	1
6979	1
6980	2
6981	1
6982	3
6983	2
6984	2
6985	1
6986	1
6987	3
6988	2
6989	1
6990	0
6991	0
6992	3
6993	0
6994	3
6995	0
6996	1
6997	1
6998	1
6999	0
7000	1
7001	2
7002	1
7003	2
7004	2
7005	4
7006	1
7007	1
7008	1
7009	2
7010	3
7011	0
7012	1
7013	2
7014	0
7015	2
7016	2
7017	1
7018	1
7019	1
7020	0
7021	4
7022	1
7023	1
7024	1
7025	0
7026	4
7027	2
7028	0
7029	2
7030	2
7031	0
7032	1
7033	1
7034	1
7035	1
7036	1
7037	2
7038	0
7039	2
7040	1
7041	0
7042	2
7043	0
7044	2
7045	0
7046	0
7047	3
7048	1
7049	2
7050	3
7051	1
7052	1
7053	1
7054	0
7055	2
7056	0
7057	0
7058	4
7059	0
7060	1
7061	1
7062	1
7063	0
7064	2
7065	1
7066	1
7067	1
7068	3
7069	2
7070	1
7071	2
7072	1
7073	0
7074	2
7075	2
7076	4
7077	1
7078	2
7079	1
7080	0
7081	1
7082	3
7083	0
7084	2
7085	2
7086	3
7087	1
7088	3
7089	2
7090	1
7091	1
7092	2
7093	1
7094	3
7095	0
7096	0
7097	1
7098	1
7099	1
7100	0
7101	1
7102	2
7103	2
7104	2
7105	2
7106	3
7107	2
7108	1
7109	0
7110	0
7111	2
7112	0
7113	1
7114	2
7115	1
7116	2
7117	1
7118	2
7119	1
7120	0
7121	0
7122	2
7123	3
7124	1
7125	0
7126	3
7127	0
7128	0
7129	1
7130	1
7131	0
7132	1
7133	3
7134	1
7135	1
7136	0
7137	1
7138	2
7139	0
7140	2
7141	1
7142	1
7143	1
7144	1
7145	1
7146	1
7147	0
7148	0
7149	0
7150	0
7151	0
7152	2
7153	4
7154	1
7155	2
7156	3
7157	2
7158	1
7159	0
7160	1
7161	2
7162	3
7163	0
7164	1
7165	2
7166	1
7167	1
7168	1
7169	0
7170	2
7171	0
7172	0
7173	0
7174	1
7175	1
7176	0
7177	3
7178	0
7179	1
7180	3
7181	0
7182	1
7183	0
7184	3
7185	2
7186	2
7187	2
7188	1
7189	2
7190	0
7191	1
7192	1
7193	0
7194	0
7195	2
7196	0
7197	3
7198	0
7199	3
7200	1
7201	1
7202	2
7203	0
7204	1
7205	0
7206	1
7207	1
7208	1
7209	0
7210	1
7211	2
7212	1
7213	4
7214	0
7215	1
7216	2
7217	0
7218	0
7219	1
7220	1
7221	1
7222	0
7223	0
7224	3
7225	0
7226	1
7227	0
7228	1
7229	1
7230	0
7231	0
7232	2
7233	1
7234	3
7235	0
7236	2
7237	0
7238	2
7239	5
7240	2
7241	0
7242	1
7243	1
7244	2
7245	0
7246	1
7247	2
7248	2
7249	1
7250	1
7251	0
7252	0
7253	0
7254	2
7255	0
7256	1
7257	1
7258	1
7259	0
7260	0
7261	1
7262	1
7263	1
7264	0
7265	0
7266	3
7267	2
7268	1
7269	0
7270	2
7271	3
7272	1
7273	0
7274	1
7275	2
7276	2
7277	0
7278	3
7279	3
7280	1
7281	1
7282	0
7283	0
7284	0
7285	1
7286	2
7287	0
7288	1
7289	1
7290	2
7291	2
7292	0
7293	0
7294	3
7295	0
7296	1
7297	1
7298	0
7299	1
7300	1
7301	0
7302	0
7303	0
7304	0
7305	0
7306	0
7307	0
7308	0
7309	2
7310	0
7311	0
7312	1
7313	0
7314	0
7315	0
7316	2
7317	1
7318	0
7319	0
7320	0
7321	0
7322	1
7323	2
7324	0
7325	0
7326	1
7327	0
7328	0
7329	2
7330	0
7331	1
7332	2
7333	0
7334	1
7335	0
7336	0
7337	0
7338	1
7339	2
7340	0
7341	0
7342	1
7343	1
7344	0
7345	1
7346	0
7347	1
7348	0
7349	0
7350	0
7351	1
7352	0
7353	4
7354	1
7355	0
7356	0
7357	0
7358	1
7359	1
7360	1
7361	0
7362	3
7363	1
7364	1
7365	1
7366	2
7367	2
7368	0
7369	2
7370	0
7371	2
7372	0
7373	0
7374	0
7375	1
7376	3
7377	2
7378	2
7379	0
7380	1
7381	0
7382	1
7383	2
7384	0
7385	2
7386	0
7387	1
7388	1
7389	0
7390	3
7391	2
7392	0
7393	0
7394	3
7395	2
7396	1
7397	1
7398	2
7399	0
7400	1
7401	1
7402	2
7403	4
7404	1
7405	1
7406	2
7407	0
7408	1
7409	0
7410	1
7411	1
7412	0
7413	1
7414	0
7415	1
7416	1
7417	0
7418	0
7419	0
7420	1
7421	1
7422	1
7423	0
7424	2
7425	1
7426	0
7427	0
7428	0
7429	0
7430	2
7431	0
7432	0
7433	1
7434	1
7435	1
7436	2
7437	0
7438	1
7439	0
7440	0
7441	2
7442	0
7443	2
7444	1
7445	0
7446	2
7447	0
7448	1
7449	2
7450	0
7451	0
7452	1
7453	1
7454	2
7455	0
7456	1
7457	0
7458	0
7459	2
7460	0
7461	1
7462	1
7463	0
7464	1
7465	0
7466	1
7467	2
7468	0
7469	1
7470	0
7471	0
7472	1
7473	0
7474	2
7475	1
7476	0
7477	1
7478	1
7479	1
7480	1
7481	1
7482	1
7483	0
7484	0
7485	0
7486	1
7487	0
7488	0
7489	0
7490	0
7491	0
7492	1
7493	0
7494	1
7495	2
7496	0
7497	0
7498	1
7499	1
7500	0
7501	0
7502	1
7503	0
7504	0
7505	0
7506	0
7507	0
7508	0
7509	2
7510	1
7511	0
7512	0
7513	1
7514	1
7515	2
7516	1
7517	0
7518	0
7519	0
7520	2
7521	0
7522	0
7523	0
7524	0
7525	0
7526	1
7527	0
7528	0
7529	0
7530	1
7531	0
7532	0
7533	2
7534	0
7535	0
7536	0
7537	0
7538	2
7539	1
7540	1
7541	0
7542	1
7543	1
7544	0
7545	0
7546	1
7547	2
7548	1
7549	0
7550	1
7551	0
7552	2
7553	0
7554	0
7555	1
7556	0
7557	1
7558	1
7559	1
7560	1
7561	1
7562	2
7563	0
7564	0
7565	0
7566	1
7567	0
7568	2
7569	0
7570	0
7571	1
7572	0
7573	0
7574	2
7575	0
7576	0
7577	1
7578	0
7579	2
7580	1
7581	0
7582	1
7583	0
7584	0
7585	0
7586	0
7587	1
7588	0
7589	0
7590	1
7591	0
7592	0
7593	1
7594	2
7595	2
7596	2
7597	1
7598	1
7599	0
7600	0
7601	0
7602	1
7603	2
7604	0
7605	1
7606	0
7607	3
7608	0
7609	0
7610	0
7611	1
7612	0
7613	0
7614	0
7615	2
7616	0
7617	0
7618	0
7619	0
7620	0
7621	0
7622	1
7623	1
7624	2
7625	1
7626	2
7627	3
7628	1
7629	1
7630	0
7631	1
7632	0
7633	0
7634	0
7635	0
7636	0
7637	1
7638	1
7639	1
7640	2
7641	1
7642	1
7643	0
7644	0
7645	0
7646	2
7647	0
7648	3
7649	0
7650	0
7651	0
7652	0
7653	1
7654	0
7655	1
7656	0
7657	0
7658	0
7659	0
7660	0
7661	2
7662	0
7663	1
7664	0
7665	1
7666	0
7667	1
7668	0
7669	1
7670	0
7671	2
7672	0
7673	1
7674	0
7675	1
7676	0
7677	0
7678	1
7679	0
7680	2
7681	0
7682	1
7683	1
7684	0
7685	2
7686	2
7687	1
7688	0
7689	1
7690	0
7691	1
7692	0
7693	0
7694	1
7695	0
7696	1
7697	0
7698	1
7699	0
7700	1
7701	0
7702	0
7703	0
7704	0
7705	0
7706	0
7707	0
7708	0
7709	0
7710	4
7711	1
7712	0
7713	0
7714	0
7715	0
7716	0
7717	0
7718	1
7719	2
7720	1
7721	0
7722	0
7723	3
7724	0
7725	1
7726	1
7727	0
7728	0
7729	0
7730	1
7731	0
7732	0
7733	1
7734	0
7735	1
7736	0
7737	0
7738	0
7739	1
7740	0
7741	1
7742	1
7743	1
7744	0
7745	0
7746	0
7747	0
7748	0
7749	0
7750	1
7751	1
7752	2
7753	0
7754	0
7755	0
7756	0
7757	0
7758	0
7759	0
7760	0
7761	1
7762	1
7763	0
7764	1
7765	2
7766	0
7767	1
7768	0
7769	0
7770	0
7771	0
7772	0
7773	1
7774	1
7775	1
7776	0
7777	0
7778	0
7779	0
7780	1
7781	1
7782	0
7783	1
7784	0
7785	2
7786	1
7787	0
7788	1
7789	2
7790	0
7791	0
7792	2
7793	1
7794	1
7795	0
7796	0
7797	0
7798	0
7799	0
7800	2
7801	0
7802	0
7803	0
7804	0
7805	0
7806	1
7807	0
7808	0
7809	1
7810	2
7811	1
7812	1
7813	1
7814	0
7815	0
7816	0
7817	0
7818	1
7819	1
7820	1
7821	0
7822	0
7823	0
7824	1
7825	0
7826	1
7827	0
7828	0
7829	0
7830	0
7831	1
7832	0
7833	0
7834	0
7835	0
7836	1
7837	0
7838	0
7839	0
7840	2
7841	0
7842	0
7843	0
7844	0
7845	0
7846	1
7847	0
7848	2
7849	0
7850	0
7851	0
7852	0
7853	1
7854	0
7855	1
7856	1
7857	0
7858	1
7859	0
7860	0
7861	0
7862	0
7863	1
7864	0
7865	2
7866	0
7867	0
7868	0
7869	1
7870	0
7871	1
7872	0
7873	0
7874	0
7875	1
7876	0
7877	1
7878	1
7879	1
7880	0
7881	0
7882	0
7883	1
7884	0
7885	0
7886	1
7887	1
7888	0
7889	1
7890	2
7891	0
7892	1
7893	1
7894	0
7895	1
7896	0
7897	1
7898	1
7899	2
7900	0
7901	1
7902	0
7903	2
7904	2
7905	0
7906	1
7907	0
7908	1
7909	0
7910	0
7911	1
7912	0
7913	1
7914	0
7915	0
7916	1
7917	0
7918	0
7919	0
7920	1
7921	1
7922	0
7923	0
7924	0
7925	2
7926	1
7927	0
7928	1
7929	1
7930	1
7931	1
7932	0
7933	1
7934	1
7935	0
7936	0
7937	0
7938	0
7939	0
7940	0
7941	0
7942	0
7943	0
7944	0
7945	0
7946	0
7947	0
7948	1
7949	0
7950	0
7951	0
7952	0
7953	0
7954	0
7955	0
7956	0
7957	0
7958	3
7959	0
7960	0
7961	2
7962	0
7963	0
7964	0
7965	0
7966	2
7967	1
7968	0
7969	0
7970	0
7971	1
7972	0
7973	1
7974	0
7975	0
7976	0
7977	0
7978	1
7979	0
7980	0
7981	0
7982	1
7983	2
7984	0
7985	0
7986	0
7987	0
7988	1
7989	0
7990	0
7991	0
7992	1
7993	1
7994	0
7995	0
7996	0
7997	2
7998	2
7999	1
8000	1
8001	0
8002	0
8003	0
8004	0
8005	1
8006	0
8007	0
8008	0
8009	1
8010	0
8011	0
8012	0
8013	1
8014	1
8015	0
8016	0
8017	1
8018	0
8019	1
8020	0
8021	0
8022	1
8023	1
8024	0
8025	0
8026	0
8027	1
8028	3
8029	0
8030	0
8031	0
8032	0
8033	0
8034	0
8035	0
8036	1
8037	1
8038	0
8039	0
8040	1
8041	0
8042	0
8043	0
8044	1
8045	1
8046	0
8047	0
8048	0
8049	0
8050	1
8051	0
8052	0
8053	1
8054	1
8055	1
8056	0
8057	1
8058	0
8059	1
8060	0
8061	1
8062	2
8063	0
8064	1
8065	1
8066	1
8067	0
8068	2
8069	1
8070	1
8071	1
8072	0
8073	0
8074	0
8075	0
8076	0
8077	0
8078	0
8079	0
8080	1
8081	0
8082	1
8083	0
8084	0
8085	1
8086	0
8087	0
8088	0
8089	1
8090	0
8091	0
8092	0
8093	0
8094	0
8095	0
8096	0
8097	0
8098	0
8099	0
8100	0
8101	0
8102	0
8103	0
8104	0
8105	0
8106	0
8107	0
8108	0
8109	0
8110	0
8111	0
8112	0
8113	0
8114	0
8115	0
8116	0
8117	0
8118	0
8119	0
8120	0
8121	0
8122	0
8123	0
8124	0
8125	0
8126	0
8127	0
8128	0
8129	0
8130	0
8131	0
8132	0
8133	0
8134	0
8135	0
8136	0
8137	0
8138	0
8139	0
8140	0
8141	0
8142	0
8143	0
8144	0
8145	0
8146	0
8147	0
8148	0
8149	0
8150	0
8151	0
8152	0
8153	0
8154	0
8155	0
8156	0
8157	0
8158	0
8159	0
8160	0
8161	0
8162	0
8163	0
8164	0
8165	0
8166	0
8167	0
8168	0
8169	0
8170	0
8171	0
8172	0
8173	0
8174	0
8175	0
8176	0
8177	0
8178	0
8179	0
8180	0
8181	0
8182	0
8183	0
8184	0
8185	0
8186	0
8187	0
8188	0
8189	0
8190	0
8191	0
