0	0
1	0
2	0
3	0
4	0
5	0
6	0
7	0
8	0
9	0
10	0
11	0
12	0
13	0
14	0
15	1
16	0
17	0
18	0
19	0
20	0
21	0
22	0
23	1
24	1
25	1
26	2
27	1
28	1
29	0
30	4
31	7
32	1
33	8
34	4
35	3
36	10
37	11
38	15
39	21
40	29
41	49
42	35
43	70
44	68
45	76
46	82
47	80
48	95
49	109
50	91
51	102
52	91
53	115
54	125
55	128
56	111
57	123
58	103
59	113
60	113
61	123
62	110
63	136
64	100
65	131
66	151
67	131
68	123
69	133
70	130
71	128
72	158
73	151
74	144
75	128
76	154
77	145
78	164
79	119
80	153
81	154
82	154
83	131
84	127
85	136
86	145
87	156
88	139
89	156
90	153
91	149
92	164
93	155
94	139
95	156
96	154
97	178
98	139
99	160
100	130
101	149
102	160
103	141
104	159
105	156
106	158
107	158
108	181
109	163
110	149
111	178
112	192
113	161
114	170
115	184
116	184
117	178
118	171
119	161
120	167
121	160
122	149
123	191
124	190
125	176
126	184
127	192
128	221
129	196
130	204
131	177
132	173
133	188
134	189
135	200
136	183
137	206
138	217
139	210
140	194
141	211
142	202
143	216
144	216
145	207
146	229
147	210
148	217
149	229
150	210
151	209
152	213
153	214
154	216
155	228
156	222
157	230
158	276
159	248
160	262
161	229
162	240
163	255
164	254
165	223
166	235
167	259
168	251
169	243
170	258
171	225
172	230
173	269
174	277
175	249
176	265
177	236
178	265
179	307
180	251
181	291
182	284
183	278
184	293
185	291
186	276
187	287
188	293
189	242
190	274
191	279
192	292
193	286
194	290
195	294
196	312
197	307
198	265
199	257
200	324
201	299
202	298
203	297
204	288
205	328
206	285
207	298
208	302
209	312
210	326
211	289
212	302
213	300
214	319
215	328
216	306
217	356
218	343
219	354
220	305
221	310
222	289
223	332
224	349
225	339
226	335
227	366
228	330
229	343
230	355
231	343
232	334
233	375
234	364
235	377
236	391
237	366
238	388
239	393
240	368
241	373
242	383
243	384
244	423
245	390
246	406
247	460
248	406
249	391
250	387
251	387
252	420
253	430
254	471
255	451
256	421
257	438
258	474
259	469
260	449
261	505
262	492
263	509
264	518
265	489
266	543
267	550
268	543
269	621
270	573
271	568
272	574
273	587
274	647
275	645
276	651
277	675
278	679
279	697
280	805
281	748
282	718
283	822
284	822
285	837
286	853
287	919
288	883
289	958
290	1023
291	1003
292	1090
293	1059
294	1095
295	1140
296	1212
297	1176
298	1275
299	1329
300	1370
301	1444
302	1376
303	1522
304	1532
305	1604
306	1683
307	1668
308	1672
309	1771
310	1819
311	1842
312	1963
313	1975
314	2146
315	2062
316	2127
317	2294
318	2374
319	2318
320	2473
321	2471
322	2579
323	2621
324	2732
325	2734
326	2774
327	2845
328	2977
329	3019
330	3031
331	3122
332	3223
333	3127
334	3256
335	3366
336	3491
337	3362
338	3442
339	3573
340	3620
341	3554
342	3579
343	3643
344	3683
345	3703
346	3760
347	3864
348	3778
349	3823
350	3924
351	4002
352	3896
353	3920
354	3905
355	3903
356	3942
357	3968
358	3999
359	3994
360	3971
361	4026
362	3857
363	3997
364	3946
365	4003
366	3987
367	3886
368	3913
369	3970
370	3845
371	3740
372	3723
373	3720
374	3586
375	3628
376	3685
377	3661
378	3645
379	3596
380	3576
381	3553
382	3415
383	3464
384	3333
385	3277
386	3403
387	3145
388	3229
389	3211
390	3161
391	3149
392	3085
393	2989
394	3214
395	3009
396	2994
397	2981
398	2889
399	2787
400	2835
401	2779
402	2658
403	2634
404	2638
405	2525
406	2524
407	2603
408	2488
409	2517
410	2490
411	2408
412	2384
413	2307
414	2176
415	2283
416	2124
417	2129
418	2169
419	2187
420	2100
421	2037
422	1872
423	1986
424	1952
425	1917
426	1891
427	1930
428	1805
429	1765
430	1802
431	1716
432	1740
433	1588
434	1622
435	1553
436	1624
437	1513
438	1554
439	1478
440	1511
441	1403
442	1375
443	1388
444	1368
445	1255
446	1341
447	1217
448	1229
449	1205
450	1188
451	1173
452	1103
453	1087
454	1124
455	1075
456	1074
457	991
458	1017
459	969
460	908
461	996
462	922
463	917
464	914
465	873
466	828
467	844
468	803
469	813
470	750
471	756
472	765
473	643
474	712
475	678
476	736
477	672
478	657
479	679
480	610
481	599
482	595
483	587
484	543
485	551
486	552
487	512
488	505
489	543
490	489
491	470
492	456
493	531
494	488
495	449
496	457
497	432
498	407
499	393
500	397
501	395
502	385
503	422
504	395
505	389
506	363
507	379
508	377
509	352
510	396
511	334
512	376
513	339
514	299
515	299
516	335
517	318
518	331
519	315
520	307
521	286
522	316
523	304
524	300
525	269
526	260
527	309
528	269
529	280
530	279
531	268
532	254
533	258
534	245
535	266
536	280
537	235
538	260
539	248
540	235
541	248
542	251
543	239
544	219
545	227
546	261
547	220
548	249
549	240
550	228
551	237
552	254
553	250
554	217
555	225
556	233
557	237
558	211
559	247
560	263
561	235
562	299
563	226
564	250
565	214
566	237
567	263
568	237
569	228
570	235
571	216
572	246
573	275
574	244
575	276
576	276
577	309
578	270
579	226
580	230
581	257
582	249
583	247
584	246
585	257
586	242
587	263
588	260
589	249
590	258
591	271
592	250
593	279
594	289
595	264
596	286
597	259
598	283
599	269
600	283
601	285
602	308
603	298
604	292
605	306
606	287
607	294
608	301
609	287
610	299
611	295
612	299
613	286
614	318
615	277
616	298
617	305
618	305
619	342
620	320
621	315
622	350
623	340
624	331
625	334
626	325
627	349
628	342
629	362
630	351
631	376
632	372
633	380
634	348
635	379
636	375
637	360
638	354
639	365
640	363
641	390
642	370
643	393
644	420
645	367
646	412
647	408
648	378
649	383
650	390
651	388
652	382
653	404
654	371
655	378
656	395
657	400
658	391
659	410
660	424
661	393
662	423
663	422
664	414
665	426
666	457
667	392
668	417
669	454
670	432
671	425
672	435
673	412
674	408
675	409
676	419
677	424
678	458
679	440
680	442
681	377
682	441
683	427
684	446
685	449
686	442
687	438
688	471
689	442
690	442
691	460
692	459
693	436
694	451
695	417
696	480
697	436
698	423
699	446
700	435
701	443
702	472
703	424
704	394
705	379
706	422
707	402
708	420
709	402
710	437
711	433
712	426
713	423
714	397
715	409
716	419
717	434
718	418
719	393
720	409
721	386
722	406
723	426
724	398
725	389
726	386
727	415
728	417
729	383
730	390
731	389
732	398
733	380
734	404
735	415
736	372
737	374
738	376
739	338
740	412
741	349
742	360
743	339
744	361
745	384
746	353
747	349
748	379
749	383
750	348
751	393
752	338
753	366
754	335
755	333
756	354
757	358
758	326
759	343
760	361
761	343
762	332
763	376
764	327
765	324
766	327
767	318
768	335
769	338
770	319
771	343
772	327
773	347
774	319
775	333
776	313
777	328
778	343
779	334
780	300
781	320
782	332
783	329
784	299
785	327
786	328
787	316
788	307
789	303
790	326
791	304
792	304
793	302
794	341
795	337
796	289
797	305
798	334
799	284
800	324
801	326
802	281
803	290
804	280
805	317
806	301
807	308
808	330
809	337
810	291
811	340
812	304
813	352
814	319
815	329
816	357
817	320
818	330
819	310
820	345
821	315
822	377
823	351
824	345
825	321
826	348
827	339
828	338
829	374
830	341
831	370
832	357
833	330
834	402
835	381
836	363
837	355
838	369
839	383
840	385
841	330
842	352
843	373
844	391
845	362
846	387
847	394
848	372
849	389
850	369
851	380
852	371
853	405
854	391
855	371
856	386
857	384
858	389
859	399
860	415
861	406
862	385
863	436
864	403
865	398
866	412
867	371
868	412
869	403
870	407
871	389
872	415
873	416
874	408
875	445
876	401
877	432
878	397
879	445
880	430
881	388
882	425
883	444
884	465
885	402
886	417
887	412
888	441
889	432
890	436
891	448
892	395
893	419
894	404
895	395
896	420
897	423
898	426
899	376
900	397
901	405
902	421
903	404
904	434
905	392
906	407
907	415
908	439
909	386
910	450
911	396
912	427
913	416
914	416
915	454
916	429
917	415
918	427
919	418
920	446
921	384
922	398
923	437
924	417
925	437
926	449
927	420
928	399
929	424
930	407
931	404
932	389
933	413
934	430
935	396
936	406
937	433
938	411
939	421
940	424
941	429
942	436
943	378
944	403
945	409
946	432
947	441
948	462
949	417
950	425
951	371
952	411
953	425
954	431
955	399
956	414
957	397
958	410
959	411
960	405
961	438
962	425
963	427
964	453
965	416
966	428
967	439
968	449
969	471
970	458
971	446
972	413
973	450
974	467
975	475
976	456
977	438
978	436
979	479
980	439
981	451
982	469
983	447
984	466
985	468
986	453
987	484
988	473
989	524
990	472
991	504
992	499
993	534
994	551
995	489
996	567
997	521
998	580
999	523
1000	574
1001	513
1002	559
1003	578
1004	544
1005	523
1006	573
1007	577
1008	576
1009	571
1010	649
1011	597
1012	599
1013	579
1014	624
1015	621
1016	649
1017	663
1018	646
1019	653
1020	627
1021	695
1022	720
1023	741
1024	748
1025	697
1026	740
1027	704
1028	749
1029	736
1030	785
1031	741
1032	778
1033	796
1034	834
1035	837
1036	866
1037	837
1038	852
1039	896
1040	886
1041	916
1042	856
1043	858
1044	927
1045	946
1046	898
1047	949
1048	1048
1049	975
1050	961
1051	1027
1052	1060
1053	1056
1054	1043
1055	1069
1056	1090
1057	1106
1058	1058
1059	1148
1060	1215
1061	1168
1062	1234
1063	1232
1064	1202
1065	1324
1066	1315
1067	1364
1068	1361
1069	1352
1070	1373
1071	1335
1072	1449
1073	1402
1074	1497
1075	1485
1076	1497
1077	1520
1078	1570
1079	1546
1080	1578
1081	1545
1082	1547
1083	1575
1084	1683
1085	1667
1086	1704
1087	1713
1088	1802
1089	1715
1090	1867
1091	1930
1092	1880
1093	1876
1094	1932
1095	1881
1096	1956
1097	1927
1098	1965
1099	2044
1100	2062
1101	1983
1102	2104
1103	2069
1104	2119
1105	2084
1106	2226
1107	2207
1108	2162
1109	2164
1110	2294
1111	2333
1112	2222
1113	2302
1114	2304
1115	2331
1116	2306
1117	2411
1118	2407
1119	2424
1120	2431
1121	2318
1122	2413
1123	2560
1124	2464
1125	2447
1126	2486
1127	2459
1128	2420
1129	2384
1130	2498
1131	2515
1132	2566
1133	2601
1134	2509
1135	2533
1136	2468
1137	2559
1138	2530
1139	2605
1140	2504
1141	2527
1142	2565
1143	2558
1144	2476
1145	2474
1146	2556
1147	2588
1148	2496
1149	2520
1150	2519
1151	2631
1152	2569
1153	2421
1154	2507
1155	2468
1156	2459
1157	2442
1158	2498
1159	2473
1160	2416
1161	2379
1162	2371
1163	2327
1164	2340
1165	2384
1166	2410
1167	2253
1168	2301
1169	2213
1170	2272
1171	2243
1172	2302
1173	2199
1174	2166
1175	2151
1176	2123
1177	2107
1178	2112
1179	2085
1180	2058
1181	2094
1182	2053
1183	1989
1184	1953
1185	1934
1186	1920
1187	1907
1188	1955
1189	2002
1190	1867
1191	1873
1192	1778
1193	1723
1194	1719
1195	1699
1196	1656
1197	1729
1198	1649
1199	1647
1200	1546
1201	1629
1202	1531
1203	1543
1204	1579
1205	1502
1206	1413
1207	1441
1208	1447
1209	1377
1210	1408
1211	1356
1212	1301
1213	1275
1214	1285
1215	1213
1216	1233
1217	1199
1218	1168
1219	1166
1220	1152
1221	1161
1222	1123
1223	1095
1224	1116
1225	1018
1226	1015
1227	1049
1228	983
1229	975
1230	965
1231	890
1232	935
1233	882
1234	931
1235	862
1236	832
1237	833
1238	774
1239	777
1240	730
1241	778
1242	748
1243	725
1244	673
1245	676
1246	689
1247	685
1248	673
1249	616
1250	615
1251	663
1252	618
1253	558
1254	589
1255	571
1256	559
1257	526
1258	580
1259	534
1260	493
1261	511
1262	509
1263	503
1264	488
1265	447
1266	403
1267	460
1268	433
1269	406
1270	437
1271	408
1272	408
1273	371
1274	352
1275	377
1276	381
1277	327
1278	382
1279	333
1280	362
1281	294
1282	332
1283	329
1284	318
1285	284
1286	317
1287	294
1288	280
1289	297
1290	271
1291	236
1292	268
1293	249
1294	258
1295	272
1296	275
1297	260
1298	260
1299	252
1300	263
1301	273
1302	263
1303	223
1304	238
1305	244
1306	241
1307	207
1308	234
1309	226
1310	226
1311	200
1312	223
1313	196
1314	227
1315	203
1316	193
1317	187
1318	179
1319	199
1320	201
1321	213
1322	203
1323	189
1324	198
1325	192
1326	200
1327	198
1328	186
1329	183
1330	168
1331	157
1332	137
1333	144
1334	161
1335	169
1336	158
1337	141
1338	161
1339	170
1340	180
1341	145
1342	176
1343	156
1344	153
1345	154
1346	171
1347	160
1348	153
1349	173
1350	131
1351	154
1352	158
1353	201
1354	126
1355	150
1356	138
1357	153
1358	148
1359	169
1360	144
1361	145
1362	166
1363	161
1364	143
1365	170
1366	158
1367	155
1368	154
1369	153
1370	126
1371	156
1372	149
1373	141
1374	145
1375	149
1376	144
1377	150
1378	174
1379	144
1380	128
1381	135
1382	148
1383	148
1384	143
1385	149
1386	143
1387	136
1388	140
1389	135
1390	161
1391	147
1392	148
1393	173
1394	154
1395	165
1396	142
1397	139
1398	137
1399	134
1400	157
1401	147
1402	125
1403	153
1404	142
1405	148
1406	155
1407	147
1408	151
1409	144
1410	143
1411	145
1412	142
1413	130
1414	159
1415	135
1416	143
1417	136
1418	164
1419	179
1420	159
1421	150
1422	123
1423	166
1424	152
1425	143
1426	157
1427	153
1428	161
1429	141
1430	142
1431	170
1432	170
1433	157
1434	141
1435	158
1436	153
1437	159
1438	160
1439	168
1440	151
1441	157
1442	154
1443	171
1444	154
1445	134
1446	169
1447	165
1448	150
1449	144
1450	153
1451	160
1452	155
1453	157
1454	151
1455	157
1456	164
1457	165
1458	162
1459	152
1460	142
1461	143
1462	161
1463	170
1464	166
1465	145
1466	151
1467	167
1468	157
1469	144
1470	145
1471	165
1472	172
1473	164
1474	184
1475	150
1476	150
1477	189
1478	145
1479	147
1480	149
1481	180
1482	156
1483	141
1484	163
1485	155
1486	165
1487	172
1488	158
1489	186
1490	151
1491	165
1492	162
1493	154
1494	172
1495	171
1496	164
1497	155
1498	161
1499	164
1500	168
1501	171
1502	163
1503	181
1504	170
1505	175
1506	189
1507	165
1508	161
1509	174
1510	160
1511	165
1512	195
1513	164
1514	184
1515	196
1516	191
1517	189
1518	171
1519	170
1520	173
1521	173
1522	214
1523	167
1524	161
1525	188
1526	174
1527	180
1528	175
1529	173
1530	185
1531	182
1532	228
1533	199
1534	199
1535	202
1536	169
1537	184
1538	180
1539	201
1540	181
1541	205
1542	169
1543	197
1544	175
1545	201
1546	199
1547	193
1548	200
1549	207
1550	212
1551	217
1552	210
1553	180
1554	201
1555	217
1556	222
1557	197
1558	232
1559	220
1560	195
1561	205
1562	195
1563	217
1564	207
1565	229
1566	231
1567	187
1568	188
1569	225
1570	243
1571	223
1572	223
1573	230
1574	234
1575	223
1576	231
1577	244
1578	217
1579	242
1580	227
1581	243
1582	214
1583	216
1584	264
1585	223
1586	244
1587	235
1588	223
1589	237
1590	242
1591	247
1592	241
1593	236
1594	233
1595	243
1596	242
1597	255
1598	247
1599	228
1600	238
1601	225
1602	261
1603	242
1604	261
1605	264
1606	284
1607	253
1608	275
1609	251
1610	262
1611	239
1612	278
1613	275
1614	273
1615	274
1616	277
1617	323
1618	272
1619	266
1620	284
1621	265
1622	298
1623	278
1624	261
1625	285
1626	279
1627	296
1628	289
1629	282
1630	298
1631	307
1632	283
1633	263
1634	294
1635	305
1636	312
1637	313
1638	322
1639	301
1640	279
1641	310
1642	274
1643	294
1644	289
1645	294
1646	292
1647	248
1648	309
1649	274
1650	261
1651	282
1652	245
1653	274
1654	267
1655	290
1656	309
1657	272
1658	248
1659	279
1660	311
1661	274
1662	307
1663	269
1664	296
1665	269
1666	292
1667	307
1668	257
1669	261
1670	302
1671	286
1672	287
1673	284
1674	302
1675	281
1676	275
1677	271
1678	280
1679	295
1680	269
1681	291
1682	258
1683	265
1684	277
1685	297
1686	279
1687	289
1688	252
1689	271
1690	285
1691	246
1692	252
1693	258
1694	269
1695	282
1696	265
1697	302
1698	248
1699	255
1700	275
1701	268
1702	230
1703	240
1704	263
1705	238
1706	282
1707	265
1708	250
1709	233
1710	221
1711	251
1712	238
1713	224
1714	251
1715	264
1716	255
1717	240
1718	234
1719	238
1720	228
1721	223
1722	216
1723	237
1724	218
1725	254
1726	230
1727	239
1728	211
1729	215
1730	213
1731	235
1732	231
1733	213
1734	214
1735	238
1736	219
1737	216
1738	217
1739	205
1740	200
1741	228
1742	201
1743	196
1744	207
1745	199
1746	203
1747	230
1748	196
1749	207
1750	230
1751	197
1752	200
1753	195
1754	207
1755	202
1756	190
1757	179
1758	183
1759	183
1760	165
1761	188
1762	198
1763	176
1764	178
1765	187
1766	200
1767	161
1768	170
1769	176
1770	181
1771	177
1772	175
1773	189
1774	177
1775	174
1776	165
1777	182
1778	169
1779	181
1780	173
1781	183
1782	191
1783	174
1784	170
1785	184
1786	177
1787	164
1788	171
1789	164
1790	155
1791	161
1792	178
1793	177
1794	151
1795	158
1796	145
1797	133
1798	163
1799	181
1800	159
1801	201
1802	152
1803	173
1804	193
1805	182
1806	156
1807	155
1808	162
1809	140
1810	147
1811	155
1812	126
1813	172
1814	169
1815	165
1816	164
1817	158
1818	149
1819	169
1820	155
1821	167
1822	127
1823	161
1824	142
1825	155
1826	168
1827	154
1828	148
1829	158
1830	142
1831	149
1832	151
1833	161
1834	139
1835	128
1836	139
1837	157
1838	160
1839	161
1840	138
1841	139
1842	127
1843	150
1844	149
1845	166
1846	156
1847	140
1848	158
1849	138
1850	149
1851	137
1852	151
1853	150
1854	147
1855	137
1856	151
1857	147
1858	149
1859	153
1860	133
1861	154
1862	171
1863	156
1864	158
1865	151
1866	139
1867	154
1868	147
1869	154
1870	142
1871	142
1872	134
1873	129
1874	158
1875	145
1876	152
1877	146
1878	133
1879	140
1880	151
1881	129
1882	145
1883	128
1884	164
1885	142
1886	174
1887	155
1888	147
1889	140
1890	151
1891	163
1892	144
1893	155
1894	146
1895	152
1896	148
1897	149
1898	148
1899	145
1900	157
1901	163
1902	155
1903	174
1904	161
1905	152
1906	182
1907	151
1908	170
1909	156
1910	166
1911	156
1912	145
1913	154
1914	158
1915	147
1916	126
1917	169
1918	146
1919	153
1920	151
1921	155
1922	152
1923	142
1924	158
1925	179
1926	154
1927	163
1928	181
1929	179
1930	163
1931	133
1932	132
1933	152
1934	148
1935	167
1936	155
1937	152
1938	164
1939	170
1940	162
1941	149
1942	149
1943	142
1944	147
1945	175
1946	153
1947	164
1948	178
1949	165
1950	171
1951	160
1952	155
1953	172
1954	174
1955	152
1956	185
1957	152
1958	179
1959	161
1960	158
1961	184
1962	181
1963	185
1964	182
1965	172
1966	154
1967	169
1968	166
1969	182
1970	174
1971	185
1972	166
1973	175
1974	183
1975	201
1976	184
1977	185
1978	180
1979	163
1980	160
1981	162
1982	173
1983	175
1984	159
1985	199
1986	184
1987	192
1988	172
1989	158
1990	184
1991	184
1992	192
1993	198
1994	185
1995	195
1996	179
1997	171
1998	213
1999	194
2000	170
2001	204
2002	168
2003	199
2004	174
2005	189
2006	171
2007	187
2008	185
2009	168
2010	179
2011	176
2012	216
2013	167
2014	196
2015	188
2016	200
2017	179
2018	177
2019	183
2020	179
2021	213
2022	204
2023	186
2024	214
2025	171
2026	210
2027	175
2028	171
2029	185
2030	190
2031	181
2032	187
2033	187
2034	200
2035	219
2036	177
2037	181
2038	178
2039	186
2040	188
2041	217
2042	210
2043	193
2044	206
2045	203
2046	169
2047	209
2048	213
2049	207
2050	189
2051	195
2052	192
2053	203
2054	198
2055	185
2056	211
2057	216
2058	211
2059	228
2060	209
2061	212
2062	197
2063	214
2064	209
2065	221
2066	196
2067	193
2068	192
2069	188
2070	191
2071	177
2072	178
2073	190
2074	202
2075	219
2076	191
2077	198
2078	206
2079	207
2080	211
2081	238
2082	187
2083	201
2084	240
2085	229
2086	209
2087	189
2088	213
2089	211
2090	187
2091	231
2092	209
2093	208
2094	198
2095	231
2096	214
2097	227
2098	223
2099	216
2100	227
2101	211
2102	245
2103	214
2104	188
2105	244
2106	245
2107	216
2108	191
2109	228
2110	200
2111	234
2112	189
2113	221
2114	225
2115	216
2116	203
2117	246
2118	204
2119	204
2120	209
2121	222
2122	212
2123	225
2124	205
2125	226
2126	197
2127	222
2128	238
2129	224
2130	245
2131	236
2132	215
2133	225
2134	215
2135	240
2136	221
2137	227
2138	236
2139	225
2140	239
2141	239
2142	244
2143	228
2144	234
2145	246
2146	250
2147	209
2148	242
2149	270
2150	238
2151	250
2152	227
2153	228
2154	202
2155	276
2156	253
2157	222
2158	239
2159	241
2160	248
2161	234
2162	228
2163	248
2164	260
2165	214
2166	260
2167	229
2168	241
2169	231
2170	246
2171	227
2172	253
2173	237
2174	212
2175	236
2176	214
2177	251
2178	238
2179	243
2180	232
2181	217
2182	224
2183	261
2184	251
2185	231
2186	246
2187	228
2188	226
2189	252
2190	258
2191	229
2192	245
2193	236
2194	256
2195	205
2196	250
2197	239
2198	249
2199	236
2200	252
2201	238
2202	254
2203	247
2204	265
2205	256
2206	218
2207	251
2208	241
2209	228
2210	236
2211	237
2212	236
2213	234
2214	251
2215	224
2216	209
2217	245
2218	230
2219	240
2220	202
2221	230
2222	232
2223	268
2224	235
2225	216
2226	235
2227	235
2228	253
2229	240
2230	261
2231	237
2232	268
2233	201
2234	250
2235	234
2236	237
2237	249
2238	239
2239	249
2240	224
2241	232
2242	232
2243	256
2244	247
2245	233
2246	253
2247	238
2248	249
2249	264
2250	241
2251	263
2252	233
2253	259
2254	247
2255	258
2256	225
2257	236
2258	239
2259	223
2260	222
2261	235
2262	231
2263	242
2264	232
2265	241
2266	243
2267	229
2268	229
2269	242
2270	230
2271	245
2272	266
2273	248
2274	231
2275	250
2276	286
2277	218
2278	226
2279	233
2280	250
2281	223
2282	200
2283	249
2284	208
2285	224
2286	234
2287	220
2288	231
2289	241
2290	265
2291	216
2292	240
2293	229
2294	249
2295	212
2296	235
2297	232
2298	229
2299	235
2300	244
2301	227
2302	226
2303	239
2304	231
2305	228
2306	227
2307	215
2308	212
2309	237
2310	199
2311	226
2312	231
2313	229
2314	223
2315	214
2316	222
2317	248
2318	216
2319	205
2320	213
2321	255
2322	243
2323	239
2324	234
2325	232
2326	227
2327	236
2328	196
2329	205
2330	225
2331	217
2332	227
2333	199
2334	233
2335	204
2336	232
2337	216
2338	215
2339	234
2340	218
2341	202
2342	230
2343	218
2344	190
2345	259
2346	232
2347	202
2348	214
2349	212
2350	188
2351	212
2352	229
2353	187
2354	232
2355	206
2356	210
2357	188
2358	211
2359	241
2360	210
2361	205
2362	217
2363	203
2364	216
2365	219
2366	181
2367	215
2368	192
2369	197
2370	211
2371	213
2372	220
2373	216
2374	214
2375	195
2376	206
2377	216
2378	230
2379	227
2380	178
2381	182
2382	217
2383	220
2384	197
2385	188
2386	253
2387	186
2388	196
2389	233
2390	214
2391	205
2392	212
2393	201
2394	216
2395	195
2396	225
2397	204
2398	187
2399	184
2400	190
2401	208
2402	170
2403	195
2404	205
2405	212
2406	223
2407	229
2408	213
2409	191
2410	185
2411	201
2412	210
2413	163
2414	216
2415	195
2416	181
2417	202
2418	211
2419	179
2420	227
2421	171
2422	203
2423	183
2424	184
2425	228
2426	181
2427	201
2428	178
2429	189
2430	199
2431	177
2432	203
2433	198
2434	201
2435	191
2436	186
2437	195
2438	191
2439	185
2440	207
2441	188
2442	207
2443	185
2444	187
2445	211
2446	162
2447	205
2448	184
2449	194
2450	195
2451	208
2452	190
2453	182
2454	205
2455	181
2456	206
2457	187
2458	183
2459	170
2460	177
2461	193
2462	186
2463	177
2464	189
2465	184
2466	169
2467	167
2468	201
2469	177
2470	179
2471	171
2472	188
2473	167
2474	192
2475	187
2476	182
2477	204
2478	185
2479	193
2480	183
2481	182
2482	186
2483	178
2484	180
2485	182
2486	189
2487	157
2488	186
2489	179
2490	155
2491	143
2492	178
2493	179
2494	188
2495	193
2496	186
2497	196
2498	197
2499	206
2500	184
2501	188
2502	172
2503	168
2504	184
2505	192
2506	175
2507	168
2508	158
2509	164
2510	136
2511	185
2512	165
2513	166
2514	185
2515	195
2516	170
2517	163
2518	192
2519	186
2520	156
2521	172
2522	162
2523	148
2524	162
2525	182
2526	181
2527	157
2528	170
2529	163
2530	162
2531	147
2532	154
2533	158
2534	171
2535	171
2536	165
2537	171
2538	164
2539	148
2540	159
2541	193
2542	156
2543	169
2544	164
2545	165
2546	176
2547	180
2548	150
2549	159
2550	176
2551	165
2552	172
2553	171
2554	153
2555	183
2556	178
2557	161
2558	159
2559	155
2560	159
2561	177
2562	176
2563	158
2564	171
2565	166
2566	173
2567	172
2568	149
2569	160
2570	169
2571	163
2572	177
2573	180
2574	165
2575	151
2576	172
2577	166
2578	163
2579	155
2580	132
2581	168
2582	171
2583	167
2584	160
2585	181
2586	153
2587	153
2588	149
2589	152
2590	185
2591	149
2592	157
2593	182
2594	156
2595	157
2596	166
2597	141
2598	171
2599	180
2600	142
2601	136
2602	166
2603	170
2604	161
2605	151
2606	171
2607	150
2608	156
2609	164
2610	142
2611	168
2612	158
2613	158
2614	144
2615	163
2616	142
2617	159
2618	156
2619	184
2620	136
2621	144
2622	151
2623	132
2624	163
2625	149
2626	159
2627	147
2628	154
2629	141
2630	157
2631	159
2632	174
2633	148
2634	124
2635	150
2636	155
2637	144
2638	150
2639	166
2640	135
2641	159
2642	168
2643	160
2644	153
2645	167
2646	141
2647	148
2648	156
2649	162
2650	172
2651	145
2652	150
2653	136
2654	127
2655	160
2656	151
2657	168
2658	141
2659	144
2660	162
2661	181
2662	173
2663	146
2664	151
2665	144
2666	146
2667	152
2668	150
2669	168
2670	180
2671	185
2672	127
2673	148
2674	132
2675	164
2676	156
2677	151
2678	148
2679	165
2680	141
2681	167
2682	157
2683	136
2684	150
2685	157
2686	150
2687	148
2688	157
2689	166
2690	150
2691	150
2692	143
2693	153
2694	157
2695	172
2696	136
2697	143
2698	129
2699	142
2700	145
2701	150
2702	158
2703	153
2704	149
2705	161
2706	150
2707	145
2708	144
2709	138
2710	126
2711	115
2712	142
2713	133
2714	153
2715	144
2716	154
2717	152
2718	126
2719	145
2720	147
2721	142
2722	144
2723	145
2724	130
2725	151
2726	133
2727	125
2728	149
2729	127
2730	151
2731	144
2732	139
2733	145
2734	144
2735	135
2736	127
2737	149
2738	154
2739	142
2740	143
2741	122
2742	125
2743	131
2744	155
2745	133
2746	129
2747	148
2748	121
2749	137
2750	143
2751	135
2752	131
2753	159
2754	134
2755	107
2756	126
2757	133
2758	113
2759	135
2760	140
2761	124
2762	146
2763	122
2764	159
2765	157
2766	121
2767	144
2768	140
2769	141
2770	139
2771	137
2772	119
2773	127
2774	139
2775	124
2776	174
2777	133
2778	138
2779	131
2780	131
2781	142
2782	105
2783	139
2784	120
2785	143
2786	133
2787	134
2788	129
2789	127
2790	147
2791	145
2792	117
2793	125
2794	130
2795	115
2796	130
2797	144
2798	121
2799	152
2800	120
2801	165
2802	130
2803	135
2804	148
2805	134
2806	160
2807	145
2808	148
2809	115
2810	141
2811	121
2812	116
2813	115
2814	119
2815	130
2816	127
2817	108
2818	107
2819	130
2820	124
2821	117
2822	117
2823	117
2824	113
2825	117
2826	137
2827	137
2828	105
2829	101
2830	146
2831	130
2832	129
2833	127
2834	125
2835	116
2836	126
2837	138
2838	142
2839	132
2840	117
2841	109
2842	115
2843	129
2844	119
2845	128
2846	134
2847	108
2848	109
2849	115
2850	110
2851	117
2852	104
2853	126
2854	122
2855	105
2856	129
2857	130
2858	114
2859	123
2860	118
2861	106
2862	108
2863	108
2864	123
2865	129
2866	122
2867	110
2868	114
2869	121
2870	114
2871	118
2872	108
2873	126
2874	114
2875	127
2876	114
2877	111
2878	119
2879	123
2880	111
2881	113
2882	105
2883	112
2884	116
2885	103
2886	109
2887	120
2888	94
2889	115
2890	108
2891	104
2892	107
2893	105
2894	109
2895	75
2896	111
2897	125
2898	127
2899	103
2900	106
2901	108
2902	110
2903	104
2904	104
2905	110
2906	95
2907	107
2908	126
2909	123
2910	117
2911	99
2912	111
2913	112
2914	103
2915	112
2916	116
2917	112
2918	108
2919	91
2920	109
2921	99
2922	108
2923	98
2924	110
2925	113
2926	102
2927	104
2928	111
2929	103
2930	120
2931	87
2932	115
2933	114
2934	98
2935	118
2936	98
2937	123
2938	109
2939	117
2940	103
2941	114
2942	119
2943	108
2944	93
2945	95
2946	97
2947	98
2948	106
2949	120
2950	105
2951	117
2952	96
2953	93
2954	98
2955	98
2956	112
2957	116
2958	106
2959	107
2960	108
2961	106
2962	100
2963	126
2964	123
2965	98
2966	96
2967	107
2968	99
2969	116
2970	118
2971	104
2972	124
2973	104
2974	99
2975	104
2976	122
2977	102
2978	110
2979	113
2980	115
2981	82
2982	106
2983	104
2984	106
2985	102
2986	109
2987	110
2988	108
2989	109
2990	103
2991	116
2992	104
2993	87
2994	94
2995	97
2996	101
2997	105
2998	100
2999	98
3000	94
3001	85
3002	88
3003	104
3004	112
3005	106
3006	105
3007	91
3008	116
3009	105
3010	96
3011	127
3012	99
3013	104
3014	90
3015	95
3016	116
3017	108
3018	94
3019	106
3020	108
3021	105
3022	86
3023	105
3024	115
3025	104
3026	113
3027	104
3028	116
3029	106
3030	97
3031	105
3032	108
3033	112
3034	103
3035	97
3036	99
3037	106
3038	93
3039	99
3040	116
3041	94
3042	96
3043	94
3044	101
3045	115
3046	105
3047	77
3048	96
3049	108
3050	93
3051	113
3052	103
3053	93
3054	99
3055	111
3056	92
3057	109
3058	93
3059	87
3060	94
3061	93
3062	98
3063	87
3064	98
3065	106
3066	95
3067	108
3068	108
3069	109
3070	121
3071	87
3072	84
3073	117
3074	90
3075	85
3076	101
3077	104
3078	114
3079	101
3080	96
3081	87
3082	98
3083	109
3084	102
3085	80
3086	117
3087	84
3088	90
3089	98
3090	100
3091	97
3092	101
3093	105
3094	94
3095	105
3096	106
3097	99
3098	113
3099	92
3100	86
3101	85
3102	96
3103	86
3104	87
3105	80
3106	92
3107	116
3108	100
3109	99
3110	103
3111	98
3112	97
3113	101
3114	100
3115	95
3116	94
3117	101
3118	106
3119	89
3120	110
3121	83
3122	84
3123	73
3124	102
3125	85
3126	97
3127	117
3128	92
3129	84
3130	88
3131	87
3132	86
3133	104
3134	82
3135	92
3136	103
3137	90
3138	101
3139	103
3140	92
3141	96
3142	88
3143	93
3144	88
3145	95
3146	92
3147	110
3148	98
3149	88
3150	95
3151	108
3152	105
3153	100
3154	111
3155	104
3156	96
3157	89
3158	90
3159	94
3160	109
3161	81
3162	84
3163	97
3164	88
3165	90
3166	100
3167	107
3168	86
3169	92
3170	92
3171	93
3172	105
3173	88
3174	102
3175	95
3176	83
3177	81
3178	85
3179	92
3180	93
3181	84
3182	75
3183	88
3184	89
3185	93
3186	84
3187	102
3188	98
3189	81
3190	88
3191	102
3192	85
3193	76
3194	100
3195	90
3196	105
3197	87
3198	86
3199	85
3200	89
3201	95
3202	89
3203	92
3204	90
3205	79
3206	90
3207	85
3208	91
3209	94
3210	74
3211	104
3212	71
3213	75
3214	93
3215	92
3216	106
3217	77
3218	94
3219	94
3220	78
3221	78
3222	94
3223	80
3224	98
3225	88
3226	83
3227	86
3228	81
3229	101
3230	83
3231	107
3232	89
3233	90
3234	77
3235	78
3236	90
3237	91
3238	86
3239	92
3240	88
3241	88
3242	90
3243	91
3244	80
3245	113
3246	97
3247	78
3248	73
3249	76
3250	89
3251	85
3252	80
3253	91
3254	84
3255	87
3256	82
3257	89
3258	81
3259	93
3260	86
3261	80
3262	91
3263	86
3264	79
3265	76
3266	99
3267	85
3268	80
3269	80
3270	89
3271	72
3272	92
3273	71
3274	94
3275	69
3276	75
3277	71
3278	82
3279	83
3280	84
3281	82
3282	92
3283	89
3284	85
3285	84
3286	77
3287	78
3288	105
3289	85
3290	87
3291	99
3292	82
3293	84
3294	86
3295	93
3296	86
3297	86
3298	82
3299	90
3300	94
3301	75
3302	70
3303	71
3304	93
3305	86
3306	88
3307	84
3308	85
3309	71
3310	90
3311	79
3312	81
3313	91
3314	82
3315	87
3316	90
3317	86
3318	87
3319	82
3320	92
3321	88
3322	68
3323	87
3324	81
3325	86
3326	85
3327	90
3328	71
3329	81
3330	75
3331	85
3332	88
3333	97
3334	88
3335	77
3336	72
3337	92
3338	85
3339	82
3340	77
3341	83
3342	67
3343	81
3344	82
3345	71
3346	66
3347	95
3348	91
3349	87
3350	79
3351	110
3352	83
3353	85
3354	82
3355	85
3356	85
3357	80
3358	71
3359	71
3360	81
3361	84
3362	85
3363	70
3364	78
3365	77
3366	83
3367	94
3368	84
3369	80
3370	84
3371	80
3372	81
3373	72
3374	93
3375	89
3376	80
3377	76
3378	86
3379	61
3380	72
3381	64
3382	71
3383	75
3384	97
3385	74
3386	93
3387	79
3388	77
3389	93
3390	79
3391	84
3392	71
3393	90
3394	89
3395	87
3396	72
3397	75
3398	87
3399	81
3400	81
3401	78
3402	92
3403	70
3404	71
3405	69
3406	74
3407	78
3408	68
3409	109
3410	83
3411	89
3412	76
3413	68
3414	91
3415	77
3416	89
3417	86
3418	64
3419	92
3420	83
3421	58
3422	76
3423	78
3424	90
3425	78
3426	88
3427	70
3428	68
3429	67
3430	79
3431	93
3432	90
3433	85
3434	72
3435	67
3436	73
3437	86
3438	78
3439	71
3440	77
3441	84
3442	66
3443	64
3444	69
3445	95
3446	75
3447	54
3448	82
3449	92
3450	88
3451	73
3452	73
3453	83
3454	76
3455	69
3456	69
3457	74
3458	66
3459	74
3460	86
3461	61
3462	77
3463	88
3464	79
3465	79
3466	77
3467	85
3468	76
3469	71
3470	84
3471	78
3472	81
3473	85
3474	70
3475	78
3476	80
3477	64
3478	86
3479	95
3480	68
3481	69
3482	76
3483	72
3484	78
3485	68
3486	69
3487	89
3488	67
3489	66
3490	82
3491	65
3492	75
3493	82
3494	71
3495	67
3496	70
3497	78
3498	95
3499	77
3500	70
3501	81
3502	92
3503	78
3504	65
3505	69
3506	66
3507	76
3508	75
3509	83
3510	79
3511	81
3512	81
3513	76
3514	72
3515	66
3516	77
3517	68
3518	71
3519	98
3520	73
3521	77
3522	102
3523	94
3524	76
3525	85
3526	82
3527	83
3528	79
3529	97
3530	78
3531	80
3532	78
3533	87
3534	89
3535	83
3536	80
3537	86
3538	79
3539	96
3540	80
3541	93
3542	75
3543	89
3544	81
3545	79
3546	91
3547	83
3548	77
3549	97
3550	75
3551	81
3552	79
3553	78
3554	75
3555	85
3556	91
3557	81
3558	99
3559	76
3560	58
3561	102
3562	73
3563	82
3564	84
3565	79
3566	89
3567	93
3568	92
3569	80
3570	85
3571	82
3572	78
3573	76
3574	96
3575	81
3576	90
3577	88
3578	75
3579	77
3580	106
3581	87
3582	86
3583	79
3584	104
3585	105
3586	88
3587	107
3588	87
3589	92
3590	81
3591	100
3592	109
3593	68
3594	82
3595	96
3596	82
3597	75
3598	97
3599	85
3600	96
3601	83
3602	86
3603	110
3604	104
3605	89
3606	104
3607	87
3608	94
3609	106
3610	96
3611	77
3612	92
3613	109
3614	108
3615	110
3616	85
3617	98
3618	75
3619	104
3620	107
3621	83
3622	91
3623	100
3624	78
3625	102
3626	117
3627	117
3628	108
3629	105
3630	94
3631	85
3632	113
3633	91
3634	88
3635	107
3636	86
3637	93
3638	99
3639	93
3640	92
3641	114
3642	98
3643	110
3644	96
3645	96
3646	111
3647	95
3648	97
3649	117
3650	111
3651	115
3652	116
3653	109
3654	103
3655	99
3656	106
3657	122
3658	104
3659	151
3660	122
3661	124
3662	110
3663	116
3664	117
3665	103
3666	107
3667	110
3668	102
3669	107
3670	116
3671	118
3672	114
3673	111
3674	122
3675	119
3676	126
3677	114
3678	132
3679	102
3680	121
3681	106
3682	120
3683	104
3684	108
3685	114
3686	135
3687	118
3688	126
3689	122
3690	120
3691	124
3692	132
3693	115
3694	104
3695	99
3696	139
3697	141
3698	132
3699	121
3700	146
3701	139
3702	113
3703	130
3704	135
3705	134
3706	129
3707	147
3708	140
3709	141
3710	121
3711	144
3712	159
3713	119
3714	140
3715	141
3716	104
3717	128
3718	112
3719	140
3720	156
3721	142
3722	141
3723	143
3724	155
3725	141
3726	141
3727	143
3728	128
3729	136
3730	143
3731	147
3732	156
3733	146
3734	146
3735	149
3736	165
3737	150
3738	147
3739	175
3740	142
3741	157
3742	138
3743	153
3744	170
3745	129
3746	160
3747	139
3748	164
3749	159
3750	148
3751	149
3752	153
3753	159
3754	148
3755	165
3756	153
3757	168
3758	174
3759	174
3760	156
3761	146
3762	134
3763	171
3764	199
3765	147
3766	179
3767	155
3768	151
3769	168
3770	184
3771	155
3772	155
3773	151
3774	169
3775	170
3776	143
3777	157
3778	160
3779	151
3780	185
3781	164
3782	163
3783	168
3784	149
3785	184
3786	204
3787	166
3788	194
3789	165
3790	176
3791	157
3792	174
3793	173
3794	167
3795	202
3796	179
3797	152
3798	160
3799	200
3800	189
3801	169
3802	162
3803	149
3804	197
3805	181
3806	148
3807	144
3808	179
3809	178
3810	175
3811	156
3812	156
3813	194
3814	161
3815	162
3816	189
3817	174
3818	185
3819	185
3820	200
3821	179
3822	192
3823	188
3824	178
3825	188
3826	165
3827	203
3828	167
3829	170
3830	198
3831	170
3832	195
3833	198
3834	179
3835	168
3836	210
3837	184
3838	168
3839	157
3840	181
3841	189
3842	186
3843	194
3844	194
3845	176
3846	155
3847	199
3848	197
3849	178
3850	197
3851	197
3852	175
3853	180
3854	218
3855	180
3856	186
3857	193
3858	181
3859	177
3860	182
3861	191
3862	197
3863	205
3864	182
3865	189
3866	190
3867	195
3868	214
3869	201
3870	195
3871	187
3872	204
3873	185
3874	190
3875	216
3876	175
3877	199
3878	203
3879	206
3880	204
3881	215
3882	209
3883	184
3884	208
3885	210
3886	228
3887	196
3888	206
3889	213
3890	186
3891	210
3892	199
3893	183
3894	205
3895	214
3896	196
3897	202
3898	232
3899	160
3900	218
3901	209
3902	202
3903	195
3904	207
3905	218
3906	216
3907	186
3908	203
3909	204
3910	202
3911	215
3912	200
3913	205
3914	217
3915	189
3916	220
3917	184
3918	224
3919	196
3920	215
3921	201
3922	211
3923	203
3924	218
3925	184
3926	199
3927	232
3928	214
3929	203
3930	228
3931	206
3932	215
3933	210
3934	202
3935	218
3936	214
3937	207
3938	199
3939	214
3940	192
3941	225
3942	226
3943	207
3944	240
3945	234
3946	211
3947	220
3948	221
3949	239
3950	199
3951	215
3952	213
3953	252
3954	231
3955	188
3956	227
3957	218
3958	241
3959	246
3960	233
3961	229
3962	208
3963	240
3964	222
3965	226
3966	225
3967	209
3968	255
3969	222
3970	236
3971	244
3972	214
3973	222
3974	216
3975	221
3976	219
3977	245
3978	216
3979	230
3980	210
3981	209
3982	247
3983	220
3984	224
3985	216
3986	258
3987	233
3988	249
3989	230
3990	218
3991	250
3992	231
3993	224
3994	230
3995	236
3996	239
3997	240
3998	240
3999	251
4000	216
4001	254
4002	268
4003	212
4004	257
4005	236
4006	260
4007	260
4008	235
4009	269
4010	275
4011	246
4012	261
4013	207
4014	233
4015	250
4016	239
4017	285
4018	237
4019	214
4020	240
4021	238
4022	265
4023	255
4024	267
4025	266
4026	269
4027	222
4028	288
4029	247
4030	263
4031	244
4032	273
4033	255
4034	268
4035	236
4036	258
4037	260
4038	256
4039	247
4040	266
4041	260
4042	272
4043	283
4044	253
4045	264
4046	270
4047	258
4048	265
4049	266
4050	287
4051	276
4052	268
4053	269
4054	289
4055	244
4056	234
4057	273
4058	285
4059	255
4060	298
4061	278
4062	281
4063	281
4064	278
4065	260
4066	301
4067	290
4068	290
4069	298
4070	255
4071	284
4072	297
4073	290
4074	267
4075	256
4076	313
4077	305
4078	275
4079	266
4080	268
4081	278
4082	265
4083	288
4084	324
4085	297
4086	270
4087	262
4088	275
4089	287
4090	279
4091	296
4092	308
4093	263
4094	298
4095	290
4096	324
4097	263
4098	297
4099	305
4100	296
4101	300
4102	311
4103	308
4104	306
4105	324
4106	277
4107	258
4108	286
4109	306
4110	316
4111	304
4112	307
4113	307
4114	356
4115	293
4116	308
4117	321
4118	297
4119	309
4120	303
4121	342
4122	302
4123	314
4124	329
4125	296
4126	325
4127	332
4128	338
4129	325
4130	324
4131	327
4132	275
4133	318
4134	317
4135	329
4136	318
4137	313
4138	326
4139	326
4140	311
4141	344
4142	298
4143	350
4144	339
4145	349
4146	307
4147	323
4148	348
4149	312
4150	302
4151	318
4152	359
4153	311
4154	335
4155	327
4156	318
4157	321
4158	312
4159	309
4160	329
4161	315
4162	320
4163	356
4164	374
4165	383
4166	342
4167	326
4168	377
4169	330
4170	311
4171	327
4172	346
4173	294
4174	310
4175	374
4176	317
4177	358
4178	406
4179	332
4180	343
4181	329
4182	330
4183	346
4184	387
4185	349
4186	360
4187	358
4188	353
4189	344
4190	348
4191	350
4192	349
4193	354
4194	341
4195	360
4196	398
4197	370
4198	344
4199	355
4200	378
4201	372
4202	332
4203	359
4204	354
4205	377
4206	370
4207	340
4208	363
4209	324
4210	357
4211	371
4212	323
4213	320
4214	355
4215	319
4216	353
4217	355
4218	357
4219	326
4220	346
4221	374
4222	371
4223	387
4224	404
4225	371
4226	331
4227	369
4228	366
4229	361
4230	351
4231	356
4232	381
4233	398
4234	395
4235	374
4236	357
4237	349
4238	368
4239	354
4240	360
4241	348
4242	350
4243	363
4244	352
4245	349
4246	317
4247	349
4248	352
4249	390
4250	331
4251	359
4252	387
4253	395
4254	372
4255	374
4256	408
4257	357
4258	394
4259	397
4260	387
4261	356
4262	363
4263	360
4264	353
4265	359
4266	362
4267	372
4268	332
4269	346
4270	341
4271	354
4272	338
4273	339
4274	381
4275	350
4276	362
4277	326
4278	365
4279	359
4280	334
4281	334
4282	341
4283	377
4284	361
4285	313
4286	386
4287	369
4288	369
4289	340
4290	346
4291	340
4292	339
4293	310
4294	362
4295	321
4296	336
4297	365
4298	347
4299	358
4300	348
4301	330
4302	318
4303	335
4304	335
4305	351
4306	330
4307	363
4308	333
4309	339
4310	377
4311	358
4312	348
4313	344
4314	339
4315	367
4316	379
4317	325
4318	336
4319	309
4320	356
4321	348
4322	346
4323	330
4324	361
4325	345
4326	330
4327	376
4328	302
4329	338
4330	326
4331	322
4332	306
4333	325
4334	337
4335	331
4336	294
4337	332
4338	340
4339	297
4340	310
4341	288
4342	349
4343	360
4344	339
4345	301
4346	296
4347	328
4348	343
4349	326
4350	297
4351	286
4352	312
4353	323
4354	322
4355	303
4356	315
4357	320
4358	289
4359	323
4360	338
4361	294
4362	291
4363	281
4364	305
4365	308
4366	294
4367	295
4368	286
4369	296
4370	287
4371	293
4372	310
4373	292
4374	302
4375	289
4376	282
4377	265
4378	297
4379	284
4380	252
4381	271
4382	285
4383	289
4384	254
4385	284
4386	320
4387	274
4388	299
4389	248
4390	301
4391	282
4392	253
4393	230
4394	263
4395	280
4396	254
4397	274
4398	255
4399	261
4400	235
4401	272
4402	246
4403	278
4404	269
4405	274
4406	265
4407	256
4408	275
4409	280
4410	259
4411	275
4412	244
4413	257
4414	247
4415	242
4416	247
4417	278
4418	253
4419	241
4420	240
4421	244
4422	256
4423	256
4424	240
4425	271
4426	218
4427	246
4428	230
4429	243
4430	230
4431	228
4432	236
4433	217
4434	250
4435	205
4436	237
4437	211
4438	241
4439	235
4440	231
4441	240
4442	228
4443	225
4444	244
4445	227
4446	201
4447	208
4448	240
4449	219
4450	238
4451	230
4452	216
4453	221
4454	235
4455	209
4456	204
4457	191
4458	189
4459	240
4460	215
4461	229
4462	234
4463	197
4464	213
4465	210
4466	224
4467	188
4468	206
4469	209
4470	216
4471	193
4472	206
4473	207
4474	232
4475	221
4476	210
4477	210
4478	220
4479	193
4480	197
4481	207
4482	209
4483	188
4484	196
4485	187
4486	232
4487	191
4488	192
4489	194
4490	198
4491	189
4492	168
4493	203
4494	182
4495	170
4496	186
4497	182
4498	193
4499	191
4500	175
4501	175
4502	215
4503	194
4504	174
4505	188
4506	197
4507	161
4508	162
4509	186
4510	183
4511	190
4512	167
4513	175
4514	176
4515	184
4516	178
4517	179
4518	163
4519	161
4520	174
4521	162
4522	170
4523	181
4524	159
4525	174
4526	181
4527	166
4528	173
4529	195
4530	191
4531	173
4532	184
4533	175
4534	176
4535	175
4536	168
4537	177
4538	174
4539	160
4540	180
4541	164
4542	161
4543	190
4544	165
4545	185
4546	175
4547	159
4548	165
4549	181
4550	170
4551	183
4552	196
4553	182
4554	176
4555	171
4556	185
4557	180
4558	195
4559	169
4560	172
4561	157
4562	180
4563	180
4564	179
4565	164
4566	172
4567	159
4568	185
4569	210
4570	187
4571	177
4572	192
4573	193
4574	183
4575	157
4576	171
4577	171
4578	177
4579	171
4580	184
4581	177
4582	201
4583	191
4584	186
4585	156
4586	165
4587	198
4588	160
4589	191
4590	157
4591	184
4592	186
4593	200
4594	184
4595	180
4596	192
4597	196
4598	197
4599	178
4600	199
4601	202
4602	191
4603	204
4604	218
4605	201
4606	196
4607	193
4608	178
4609	201
4610	213
4611	192
4612	200
4613	196
4614	197
4615	204
4616	190
4617	225
4618	221
4619	211
4620	197
4621	209
4622	194
4623	216
4624	193
4625	244
4626	242
4627	237
4628	231
4629	208
4630	217
4631	228
4632	229
4633	196
4634	227
4635	218
4636	247
4637	234
4638	212
4639	252
4640	222
4641	247
4642	248
4643	221
4644	245
4645	225
4646	234
4647	232
4648	248
4649	293
4650	233
4651	261
4652	244
4653	239
4654	254
4655	261
4656	265
4657	252
4658	262
4659	254
4660	285
4661	237
4662	265
4663	280
4664	249
4665	259
4666	257
4667	262
4668	265
4669	277
4670	265
4671	278
4672	279
4673	264
4674	302
4675	309
4676	290
4677	266
4678	293
4679	311
4680	283
4681	331
4682	298
4683	314
4684	284
4685	299
4686	296
4687	328
4688	310
4689	310
4690	308
4691	299
4692	295
4693	330
4694	325
4695	312
4696	319
4697	293
4698	335
4699	333
4700	366
4701	308
4702	310
4703	352
4704	333
4705	362
4706	341
4707	329
4708	358
4709	336
4710	325
4711	381
4712	378
4713	362
4714	360
4715	354
4716	389
4717	376
4718	390
4719	375
4720	367
4721	383
4722	414
4723	394
4724	355
4725	377
4726	391
4727	364
4728	411
4729	409
4730	415
4731	374
4732	397
4733	415
4734	394
4735	402
4736	404
4737	439
4738	417
4739	409
4740	423
4741	428
4742	394
4743	446
4744	453
4745	395
4746	445
4747	443
4748	462
4749	468
4750	433
4751	459
4752	448
4753	472
4754	467
4755	443
4756	474
4757	463
4758	451
4759	511
4760	522
4761	448
4762	471
4763	461
4764	470
4765	491
4766	458
4767	496
4768	509
4769	511
4770	497
4771	492
4772	504
4773	496
4774	517
4775	489
4776	481
4777	546
4778	526
4779	471
4780	501
4781	535
4782	554
4783	547
4784	502
4785	516
4786	565
4787	559
4788	557
4789	538
4790	536
4791	595
4792	571
4793	586
4794	567
4795	525
4796	545
4797	560
4798	533
4799	563
4800	597
4801	568
4802	567
4803	586
4804	568
4805	596
4806	603
4807	625
4808	612
4809	598
4810	633
4811	603
4812	591
4813	558
4814	586
4815	603
4816	651
4817	599
4818	602
4819	627
4820	642
4821	648
4822	598
4823	624
4824	633
4825	654
4826	626
4827	619
4828	678
4829	652
4830	657
4831	654
4832	666
4833	615
4834	633
4835	637
4836	679
4837	663
4838	661
4839	669
4840	681
4841	708
4842	662
4843	708
4844	678
4845	641
4846	713
4847	689
4848	735
4849	700
4850	711
4851	683
4852	678
4853	709
4854	681
4855	681
4856	715
4857	689
4858	704
4859	752
4860	710
4861	713
4862	731
4863	687
4864	775
4865	659
4866	764
4867	778
4868	714
4869	738
4870	719
4871	756
4872	768
4873	713
4874	691
4875	748
4876	712
4877	740
4878	736
4879	792
4880	764
4881	758
4882	731
4883	721
4884	801
4885	723
4886	768
4887	769
4888	777
4889	759
4890	719
4891	762
4892	824
4893	736
4894	783
4895	725
4896	817
4897	793
4898	806
4899	772
4900	811
4901	812
4902	798
4903	729
4904	791
4905	808
4906	788
4907	826
4908	792
4909	792
4910	789
4911	842
4912	802
4913	793
4914	820
4915	821
4916	847
4917	834
4918	824
4919	850
4920	799
4921	873
4922	765
4923	845
4924	849
4925	867
4926	839
4927	910
4928	885
4929	789
4930	802
4931	847
4932	856
4933	843
4934	811
4935	802
4936	860
4937	858
4938	856
4939	875
4940	862
4941	839
4942	868
4943	821
4944	811
4945	820
4946	870
4947	859
4948	827
4949	867
4950	857
4951	894
4952	850
4953	887
4954	894
4955	877
4956	883
4957	873
4958	879
4959	904
4960	897
4961	852
4962	842
4963	857
4964	848
4965	838
4966	848
4967	858
4968	828
4969	855
4970	883
4971	857
4972	846
4973	849
4974	896
4975	927
4976	875
4977	854
4978	872
4979	917
4980	865
4981	882
4982	892
4983	948
4984	878
4985	900
4986	853
4987	869
4988	853
4989	912
4990	835
4991	831
4992	871
4993	867
4994	867
4995	938
4996	911
4997	911
4998	908
4999	884
5000	957
5001	889
5002	920
5003	920
5004	888
5005	922
5006	853
5007	860
5008	885
5009	858
5010	921
5011	871
5012	842
5013	871
5014	899
5015	838
5016	839
5017	888
5018	871
5019	901
5020	847
5021	895
5022	834
5023	912
5024	867
5025	831
5026	888
5027	819
5028	874
5029	909
5030	846
5031	819
5032	847
5033	870
5034	876
5035	837
5036	844
5037	851
5038	866
5039	885
5040	885
5041	888
5042	880
5043	802
5044	807
5045	859
5046	835
5047	831
5048	802
5049	845
5050	834
5051	838
5052	833
5053	824
5054	853
5055	884
5056	878
5057	844
5058	839
5059	822
5060	847
5061	823
5062	826
5063	840
5064	836
5065	852
5066	847
5067	791
5068	833
5069	832
5070	767
5071	861
5072	821
5073	787
5074	814
5075	857
5076	814
5077	780
5078	819
5079	821
5080	809
5081	769
5082	824
5083	752
5084	832
5085	850
5086	785
5087	796
5088	878
5089	749
5090	839
5091	775
5092	745
5093	788
5094	791
5095	790
5096	809
5097	813
5098	802
5099	783
5100	756
5101	787
5102	787
5103	792
5104	823
5105	760
5106	758
5107	779
5108	775
5109	771
5110	822
5111	827
5112	758
5113	763
5114	713
5115	736
5116	726
5117	756
5118	768
5119	772
5120	725
5121	745
5122	756
5123	707
5124	755
5125	709
5126	719
5127	767
5128	678
5129	742
5130	713
5131	750
5132	774
5133	669
5134	721
5135	695
5136	681
5137	671
5138	709
5139	697
5140	711
5141	704
5142	685
5143	721
5144	660
5145	710
5146	674
5147	694
5148	677
5149	662
5150	707
5151	673
5152	703
5153	674
5154	659
5155	694
5156	636
5157	639
5158	673
5159	680
5160	673
5161	685
5162	665
5163	654
5164	650
5165	676
5166	621
5167	638
5168	642
5169	667
5170	623
5171	681
5172	625
5173	644
5174	597
5175	639
5176	621
5177	643
5178	589
5179	573
5180	613
5181	629
5182	590
5183	607
5184	595
5185	591
5186	584
5187	609
5188	601
5189	578
5190	616
5191	601
5192	570
5193	599
5194	606
5195	573
5196	562
5197	561
5198	605
5199	552
5200	595
5201	568
5202	583
5203	597
5204	575
5205	547
5206	540
5207	545
5208	547
5209	565
5210	564
5211	588
5212	567
5213	575
5214	563
5215	561
5216	546
5217	561
5218	524
5219	525
5220	537
5221	493
5222	512
5223	543
5224	534
5225	492
5226	508
5227	572
5228	540
5229	465
5230	540
5231	528
5232	508
5233	521
5234	502
5235	482
5236	508
5237	492
5238	493
5239	528
5240	485
5241	495
5242	484
5243	522
5244	503
5245	491
5246	450
5247	490
5248	455
5249	431
5250	510
5251	532
5252	463
5253	488
5254	457
5255	482
5256	481
5257	419
5258	498
5259	493
5260	492
5261	444
5262	464
5263	417
5264	471
5265	409
5266	448
5267	445
5268	468
5269	456
5270	425
5271	391
5272	468
5273	413
5274	450
5275	458
5276	430
5277	453
5278	434
5279	448
5280	441
5281	470
5282	433
5283	432
5284	407
5285	442
5286	433
5287	407
5288	419
5289	410
5290	378
5291	401
5292	408
5293	405
5294	407
5295	409
5296	429
5297	376
5298	429
5299	409
5300	412
5301	387
5302	398
5303	401
5304	417
5305	408
5306	403
5307	392
5308	418
5309	387
5310	414
5311	404
5312	363
5313	362
5314	414
5315	368
5316	384
5317	414
5318	406
5319	372
5320	365
5321	378
5322	372
5323	375
5324	382
5325	376
5326	391
5327	372
5328	386
5329	365
5330	370
5331	371
5332	391
5333	357
5334	345
5335	371
5336	344
5337	359
5338	386
5339	345
5340	355
5341	375
5342	364
5343	335
5344	361
5345	356
5346	320
5347	377
5348	332
5349	357
5350	301
5351	349
5352	326
5353	339
5354	346
5355	347
5356	320
5357	356
5358	370
5359	335
5360	341
5361	315
5362	349
5363	366
5364	311
5365	318
5366	343
5367	350
5368	335
5369	363
5370	356
5371	373
5372	319
5373	333
5374	325
5375	320
5376	329
5377	328
5378	331
5379	283
5380	345
5381	300
5382	303
5383	356
5384	280
5385	305
5386	321
5387	314
5388	293
5389	332
5390	281
5391	292
5392	316
5393	310
5394	300
5395	315
5396	353
5397	304
5398	332
5399	309
5400	294
5401	287
5402	330
5403	317
5404	306
5405	298
5406	301
5407	287
5408	316
5409	278
5410	305
5411	281
5412	307
5413	328
5414	288
5415	296
5416	303
5417	272
5418	297
5419	304
5420	291
5421	285
5422	298
5423	311
5424	293
5425	288
5426	316
5427	256
5428	323
5429	298
5430	276
5431	254
5432	297
5433	280
5434	292
5435	324
5436	309
5437	312
5438	262
5439	272
5440	312
5441	315
5442	276
5443	303
5444	298
5445	306
5446	259
5447	300
5448	298
5449	299
5450	300
5451	294
5452	265
5453	277
5454	297
5455	255
5456	257
5457	318
5458	323
5459	300
5460	281
5461	290
5462	284
5463	285
5464	293
5465	256
5466	286
5467	263
5468	262
5469	293
5470	290
5471	262
5472	260
5473	297
5474	276
5475	256
5476	278
5477	252
5478	263
5479	241
5480	248
5481	285
5482	297
5483	258
5484	252
5485	265
5486	271
5487	260
5488	275
5489	261
5490	271
5491	271
5492	283
5493	258
5494	284
5495	258
5496	240
5497	269
5498	265
5499	281
5500	246
5501	283
5502	267
5503	270
5504	260
5505	263
5506	249
5507	291
5508	265
5509	225
5510	245
5511	259
5512	256
5513	268
5514	253
5515	253
5516	261
5517	235
5518	229
5519	256
5520	261
5521	252
5522	242
5523	261
5524	241
5525	274
5526	238
5527	238
5528	237
5529	246
5530	222
5531	239
5532	213
5533	243
5534	224
5535	253
5536	231
5537	226
5538	221
5539	259
5540	232
5541	248
5542	232
5543	215
5544	247
5545	246
5546	264
5547	235
5548	220
5549	218
5550	229
5551	251
5552	231
5553	255
5554	208
5555	225
5556	226
5557	276
5558	239
5559	253
5560	220
5561	228
5562	216
5563	213
5564	229
5565	222
5566	215
5567	240
5568	201
5569	206
5570	224
5571	207
5572	206
5573	220
5574	205
5575	206
5576	224
5577	224
5578	198
5579	211
5580	213
5581	213
5582	224
5583	218
5584	215
5585	203
5586	209
5587	194
5588	196
5589	209
5590	184
5591	214
5592	197
5593	199
5594	217
5595	201
5596	201
5597	224
5598	203
5599	215
5600	197
5601	175
5602	195
5603	213
5604	212
5605	221
5606	160
5607	210
5608	203
5609	190
5610	191
5611	185
5612	216
5613	188
5614	214
5615	196
5616	184
5617	208
5618	175
5619	202
5620	192
5621	176
5622	166
5623	207
5624	201
5625	209
5626	184
5627	194
5628	184
5629	184
5630	197
5631	177
5632	176
5633	178
5634	160
5635	164
5636	168
5637	161
5638	192
5639	177
5640	148
5641	178
5642	166
5643	194
5644	179
5645	175
5646	173
5647	171
5648	189
5649	151
5650	182
5651	183
5652	171
5653	182
5654	184
5655	131
5656	163
5657	171
5658	206
5659	183
5660	170
5661	159
5662	155
5663	149
5664	148
5665	153
5666	183
5667	168
5668	160
5669	157
5670	156
5671	144
5672	170
5673	165
5674	150
5675	156
5676	160
5677	142
5678	163
5679	180
5680	158
5681	145
5682	140
5683	150
5684	144
5685	149
5686	157
5687	141
5688	130
5689	146
5690	118
5691	133
5692	172
5693	150
5694	132
5695	128
5696	144
5697	135
5698	141
5699	160
5700	137
5701	124
5702	139
5703	129
5704	107
5705	119
5706	133
5707	139
5708	120
5709	119
5710	131
5711	132
5712	124
5713	114
5714	129
5715	126
5716	141
5717	130
5718	139
5719	130
5720	118
5721	113
5722	119
5723	139
5724	119
5725	135
5726	129
5727	120
5728	133
5729	124
5730	115
5731	113
5732	132
5733	119
5734	121
5735	120
5736	116
5737	119
5738	126
5739	102
5740	113
5741	125
5742	132
5743	120
5744	93
5745	98
5746	102
5747	124
5748	107
5749	115
5750	114
5751	105
5752	125
5753	115
5754	100
5755	106
5756	117
5757	105
5758	107
5759	112
5760	100
5761	111
5762	86
5763	101
5764	111
5765	108
5766	101
5767	86
5768	107
5769	103
5770	97
5771	109
5772	101
5773	100
5774	91
5775	125
5776	107
5777	97
5778	93
5779	107
5780	77
5781	108
5782	79
5783	109
5784	91
5785	89
5786	92
5787	103
5788	113
5789	92
5790	116
5791	101
5792	83
5793	86
5794	88
5795	109
5796	84
5797	86
5798	104
5799	112
5800	98
5801	104
5802	92
5803	98
5804	95
5805	88
5806	90
5807	84
5808	96
5809	91
5810	97
5811	89
5812	74
5813	77
5814	81
5815	76
5816	66
5817	87
5818	70
5819	98
5820	83
5821	91
5822	102
5823	64
5824	86
5825	73
5826	97
5827	89
5828	87
5829	84
5830	89
5831	77
5832	78
5833	65
5834	75
5835	80
5836	75
5837	80
5838	76
5839	69
5840	98
5841	89
5842	77
5843	77
5844	81
5845	101
5846	92
5847	67
5848	78
5849	78
5850	67
5851	85
5852	90
5853	85
5854	76
5855	87
5856	76
5857	87
5858	69
5859	71
5860	68
5861	74
5862	84
5863	82
5864	61
5865	82
5866	70
5867	86
5868	76
5869	65
5870	79
5871	85
5872	81
5873	81
5874	60
5875	75
5876	86
5877	69
5878	73
5879	72
5880	87
5881	69
5882	77
5883	88
5884	58
5885	84
5886	82
5887	83
5888	63
5889	68
5890	71
5891	75
5892	74
5893	76
5894	63
5895	60
5896	59
5897	74
5898	75
5899	74
5900	69
5901	88
5902	67
5903	59
5904	59
5905	64
5906	76
5907	75
5908	77
5909	62
5910	63
5911	67
5912	63
5913	78
5914	72
5915	60
5916	76
5917	80
5918	57
5919	105
5920	70
5921	73
5922	82
5923	70
5924	53
5925	77
5926	71
5927	64
5928	69
5929	67
5930	76
5931	90
5932	69
5933	79
5934	68
5935	77
5936	72
5937	78
5938	71
5939	74
5940	61
5941	70
5942	61
5943	78
5944	70
5945	77
5946	91
5947	77
5948	67
5949	82
5950	69
5951	59
5952	70
5953	67
5954	68
5955	73
5956	71
5957	59
5958	51
5959	92
5960	73
5961	67
5962	77
5963	70
5964	64
5965	51
5966	73
5967	81
5968	58
5969	80
5970	76
5971	69
5972	52
5973	75
5974	81
5975	75
5976	60
5977	79
5978	76
5979	66
5980	82
5981	91
5982	66
5983	78
5984	84
5985	74
5986	85
5987	88
5988	85
5989	81
5990	71
5991	69
5992	73
5993	71
5994	86
5995	72
5996	69
5997	75
5998	81
5999	86
6000	73
6001	76
6002	80
6003	80
6004	77
6005	79
6006	64
6007	72
6008	77
6009	73
6010	71
6011	79
6012	78
6013	86
6014	76
6015	88
6016	90
6017	68
6018	66
6019	86
6020	77
6021	88
6022	73
6023	71
6024	83
6025	86
6026	89
6027	85
6028	92
6029	70
6030	91
6031	90
6032	86
6033	90
6034	95
6035	81
6036	78
6037	78
6038	97
6039	87
6040	67
6041	93
6042	95
6043	94
6044	95
6045	76
6046	80
6047	78
6048	77
6049	86
6050	86
6051	81
6052	74
6053	82
6054	89
6055	79
6056	86
6057	83
6058	87
6059	82
6060	118
6061	91
6062	86
6063	76
6064	79
6065	100
6066	106
6067	107
6068	79
6069	86
6070	107
6071	107
6072	96
6073	108
6074	86
6075	108
6076	91
6077	113
6078	71
6079	77
6080	90
6081	88
6082	109
6083	100
6084	100
6085	98
6086	103
6087	90
6088	106
6089	97
6090	100
6091	105
6092	106
6093	108
6094	84
6095	69
6096	93
6097	87
6098	93
6099	112
6100	90
6101	105
6102	109
6103	93
6104	94
6105	102
6106	116
6107	100
6108	96
6109	82
6110	93
6111	89
6112	92
6113	98
6114	76
6115	96
6116	112
6117	105
6118	96
6119	111
6120	113
6121	87
6122	112
6123	99
6124	109
6125	104
6126	107
6127	96
6128	107
6129	103
6130	106
6131	102
6132	94
6133	99
6134	103
6135	92
6136	95
6137	97
6138	105
6139	102
6140	115
6141	107
6142	108
6143	103
6144	98
6145	106
6146	96
6147	109
6148	98
6149	120
6150	116
6151	82
6152	87
6153	104
6154	98
6155	99
6156	114
6157	93
6158	124
6159	109
6160	90
6161	102
6162	104
6163	113
6164	98
6165	90
6166	108
6167	112
6168	107
6169	130
6170	113
6171	123
6172	110
6173	98
6174	101
6175	109
6176	109
6177	111
6178	114
6179	136
6180	106
6181	107
6182	113
6183	98
6184	110
6185	107
6186	107
6187	108
6188	94
6189	122
6190	111
6191	94
6192	91
6193	108
6194	116
6195	92
6196	113
6197	110
6198	104
6199	103
6200	111
6201	116
6202	98
6203	116
6204	110
6205	114
6206	116
6207	115
6208	107
6209	106
6210	118
6211	101
6212	92
6213	111
6214	107
6215	110
6216	107
6217	103
6218	99
6219	123
6220	121
6221	112
6222	113
6223	125
6224	115
6225	106
6226	112
6227	110
6228	104
6229	119
6230	118
6231	98
6232	95
6233	121
6234	112
6235	119
6236	133
6237	108
6238	113
6239	109
6240	121
6241	117
6242	126
6243	108
6244	102
6245	106
6246	111
6247	103
6248	129
6249	103
6250	106
6251	115
6252	124
6253	104
6254	102
6255	94
6256	110
6257	115
6258	118
6259	110
6260	111
6261	103
6262	120
6263	118
6264	95
6265	103
6266	116
6267	98
6268	112
6269	109
6270	119
6271	96
6272	113
6273	108
6274	109
6275	112
6276	110
6277	119
6278	110
6279	93
6280	119
6281	93
6282	121
6283	102
6284	116
6285	82
6286	105
6287	110
6288	103
6289	91
6290	107
6291	101
6292	123
6293	110
6294	92
6295	103
6296	117
6297	103
6298	94
6299	113
6300	116
6301	112
6302	106
6303	110
6304	107
6305	103
6306	108
6307	114
6308	116
6309	105
6310	102
6311	116
6312	109
6313	112
6314	113
6315	101
6316	109
6317	86
6318	102
6319	107
6320	99
6321	130
6322	110
6323	114
6324	115
6325	108
6326	90
6327	104
6328	107
6329	108
6330	111
6331	93
6332	102
6333	99
6334	109
6335	116
6336	120
6337	107
6338	110
6339	97
6340	81
6341	92
6342	103
6343	106
6344	120
6345	99
6346	91
6347	101
6348	90
6349	107
6350	109
6351	82
6352	99
6353	94
6354	96
6355	95
6356	102
6357	95
6358	96
6359	94
6360	102
6361	116
6362	113
6363	89
6364	83
6365	108
6366	110
6367	86
6368	102
6369	97
6370	99
6371	93
6372	98
6373	95
6374	79
6375	89
6376	83
6377	92
6378	90
6379	96
6380	87
6381	99
6382	111
6383	82
6384	85
6385	80
6386	84
6387	96
6388	87
6389	115
6390	92
6391	93
6392	99
6393	92
6394	87
6395	84
6396	88
6397	96
6398	85
6399	88
6400	92
6401	90
6402	89
6403	77
6404	84
6405	95
6406	84
6407	79
6408	86
6409	83
6410	82
6411	81
6412	69
6413	75
6414	69
6415	90
6416	85
6417	75
6418	82
6419	83
6420	70
6421	70
6422	87
6423	86
6424	69
6425	80
6426	95
6427	78
6428	84
6429	89
6430	90
6431	66
6432	65
6433	69
6434	87
6435	81
6436	69
6437	99
6438	74
6439	70
6440	76
6441	79
6442	75
6443	59
6444	74
6445	69
6446	62
6447	98
6448	79
6449	53
6450	54
6451	70
6452	67
6453	77
6454	59
6455	80
6456	75
6457	66
6458	69
6459	66
6460	82
6461	63
6462	69
6463	78
6464	63
6465	64
6466	73
6467	71
6468	61
6469	66
6470	73
6471	58
6472	65
6473	49
6474	60
6475	70
6476	64
6477	55
6478	66
6479	58
6480	68
6481	62
6482	58
6483	65
6484	66
6485	56
6486	68
6487	54
6488	57
6489	54
6490	62
6491	45
6492	49
6493	63
6494	49
6495	59
6496	61
6497	61
6498	62
6499	64
6500	64
6501	52
6502	54
6503	63
6504	50
6505	51
6506	60
6507	38
6508	62
6509	54
6510	61
6511	58
6512	66
6513	41
6514	54
6515	55
6516	54
6517	50
6518	59
6519	50
6520	51
6521	52
6522	30
6523	39
6524	45
6525	42
6526	55
6527	54
6528	51
6529	52
6530	45
6531	53
6532	53
6533	50
6534	54
6535	53
6536	46
6537	57
6538	51
6539	60
6540	44
6541	50
6542	39
6543	52
6544	43
6545	41
6546	42
6547	54
6548	41
6549	40
6550	44
6551	51
6552	53
6553	39
6554	48
6555	45
6556	51
6557	36
6558	44
6559	37
6560	40
6561	31
6562	43
6563	41
6564	36
6565	37
6566	43
6567	41
6568	63
6569	55
6570	29
6571	42
6572	41
6573	36
6574	41
6575	33
6576	35
6577	39
6578	39
6579	45
6580	43
6581	40
6582	36
6583	40
6584	42
6585	31
6586	34
6587	31
6588	42
6589	39
6590	36
6591	41
6592	30
6593	34
6594	29
6595	36
6596	30
6597	29
6598	36
6599	34
6600	33
6601	35
6602	34
6603	36
6604	31
6605	31
6606	29
6607	36
6608	31
6609	24
6610	24
6611	29
6612	24
6613	21
6614	29
6615	26
6616	32
6617	29
6618	33
6619	32
6620	35
6621	21
6622	28
6623	29
6624	38
6625	31
6626	27
6627	34
6628	25
6629	25
6630	21
6631	26
6632	29
6633	20
6634	30
6635	35
6636	33
6637	25
6638	14
6639	26
6640	25
6641	17
6642	24
6643	23
6644	26
6645	14
6646	19
6647	30
6648	27
6649	18
6650	23
6651	20
6652	22
6653	18
6654	32
6655	24
6656	19
6657	17
6658	21
6659	15
6660	30
6661	18
6662	21
6663	18
6664	25
6665	34
6666	21
6667	20
6668	22
6669	19
6670	25
6671	16
6672	16
6673	19
6674	14
6675	19
6676	22
6677	20
6678	17
6679	23
6680	20
6681	22
6682	16
6683	25
6684	26
6685	25
6686	21
6687	19
6688	16
6689	19
6690	16
6691	20
6692	16
6693	16
6694	30
6695	15
6696	19
6697	14
6698	13
6699	19
6700	22
6701	16
6702	20
6703	24
6704	18
6705	26
6706	17
6707	21
6708	17
6709	19
6710	14
6711	26
6712	21
6713	15
6714	12
6715	21
6716	15
6717	13
6718	13
6719	15
6720	14
6721	16
6722	17
6723	18
6724	12
6725	16
6726	13
6727	15
6728	14
6729	13
6730	10
6731	9
6732	18
6733	23
6734	19
6735	21
6736	20
6737	21
6738	12
6739	16
6740	23
6741	11
6742	19
6743	13
6744	15
6745	15
6746	7
6747	22
6748	17
6749	19
6750	14
6751	17
6752	13
6753	11
6754	12
6755	21
6756	15
6757	14
6758	6
6759	18
6760	15
6761	12
6762	17
6763	14
6764	14
6765	14
6766	16
6767	15
6768	20
6769	13
6770	16
6771	13
6772	16
6773	18
6774	10
6775	10
6776	16
6777	8
6778	13
6779	10
6780	21
6781	10
6782	10
6783	12
6784	11
6785	10
6786	9
6787	14
6788	12
6789	15
6790	17
6791	15
6792	9
6793	13
6794	17
6795	13
6796	12
6797	9
6798	17
6799	17
6800	15
6801	14
6802	11
6803	8
6804	12
6805	15
6806	12
6807	15
6808	9
6809	9
6810	16
6811	11
6812	14
6813	7
6814	5
6815	13
6816	7
6817	9
6818	13
6819	16
6820	15
6821	10
6822	13
6823	16
6824	9
6825	15
6826	17
6827	5
6828	11
6829	10
6830	13
6831	7
6832	9
6833	15
6834	17
6835	11
6836	11
6837	14
6838	14
6839	12
6840	9
6841	15
6842	15
6843	9
6844	11
6845	12
6846	15
6847	9
6848	13
6849	9
6850	13
6851	10
6852	6
6853	11
6854	12
6855	11
6856	8
6857	12
6858	4
6859	11
6860	6
6861	8
6862	11
6863	17
6864	10
6865	15
6866	8
6867	6
6868	8
6869	9
6870	6
6871	5
6872	12
6873	7
6874	8
6875	9
6876	7
6877	9
6878	8
6879	12
6880	8
6881	8
6882	11
6883	5
6884	8
6885	10
6886	8
6887	8
6888	6
6889	18
6890	10
6891	8
6892	5
6893	11
6894	8
6895	10
6896	7
6897	7
6898	13
6899	7
6900	8
6901	6
6902	7
6903	9
6904	11
6905	12
6906	6
6907	8
6908	6
6909	12
6910	6
6911	7
6912	10
6913	6
6914	9
6915	12
6916	5
6917	14
6918	10
6919	13
6920	7
6921	10
6922	12
6923	7
6924	13
6925	6
6926	7
6927	12
6928	12
6929	8
6930	9
6931	12
6932	11
6933	9
6934	7
6935	9
6936	7
6937	3
6938	10
6939	7
6940	9
6941	7
6942	7
6943	13
6944	6
6945	6
6946	7
6947	12
6948	10
6949	6
6950	4
6951	10
6952	10
6953	12
6954	3
6955	11
6956	9
6957	11
6958	10
6959	4
6960	9
6961	7
6962	8
6963	13
6964	6
6965	4
6966	4
6967	3
6968	6
6969	9
6970	12
6971	3
6972	6
6973	8
6974	14
6975	6
6976	8
6977	6
6978	6
6979	12
6980	3
6981	2
6982	8
6983	8
6984	7
6985	7
6986	12
6987	3
6988	9
6989	7
6990	13
6991	6
6992	3
6993	3
6994	10
6995	5
6996	9
6997	5
6998	2
6999	5
7000	9
7001	10
7002	11
7003	5
7004	5
7005	8
7006	5
7007	7
7008	5
7009	9
7010	6
7011	7
7012	5
7013	9
7014	6
7015	10
7016	4
7017	5
7018	6
7019	9
7020	7
7021	3
7022	7
7023	2
7024	5
7025	6
7026	3
7027	5
7028	7
7029	10
7030	10
7031	5
7032	6
7033	5
7034	5
7035	3
7036	7
7037	5
7038	4
7039	5
7040	7
7041	4
7042	6
7043	6
7044	9
7045	5
7046	8
7047	4
7048	3
7049	5
7050	9
7051	5
7052	7
7053	3
7054	5
7055	3
7056	4
7057	9
7058	6
7059	7
7060	2
7061	3
7062	2
7063	5
7064	6
7065	10
7066	4
7067	6
7068	6
7069	2
7070	4
7071	10
7072	5
7073	8
7074	7
7075	7
7076	8
7077	4
7078	6
7079	1
7080	4
7081	8
7082	8
7083	6
7084	3
7085	6
7086	7
7087	3
7088	6
7089	8
7090	10
7091	9
7092	7
7093	8
7094	1
7095	5
7096	5
7097	5
7098	7
7099	4
7100	3
7101	1
7102	6
7103	1
7104	7
7105	8
7106	7
7107	6
7108	3
7109	3
7110	10
7111	4
7112	9
7113	10
7114	2
7115	4
7116	4
7117	2
7118	1
7119	7
7120	0
7121	4
7122	7
7123	5
7124	10
7125	5
7126	4
7127	5
7128	6
7129	7
7130	6
7131	5
7132	4
7133	3
7134	2
7135	6
7136	5
7137	6
7138	3
7139	5
7140	2
7141	7
7142	4
7143	9
7144	8
7145	1
7146	7
7147	6
7148	3
7149	8
7150	1
7151	6
7152	5
7153	6
7154	0
7155	7
7156	3
7157	1
7158	3
7159	7
7160	4
7161	1
7162	3
7163	3
7164	3
7165	3
7166	4
7167	6
7168	3
7169	5
7170	4
7171	4
7172	1
7173	3
7174	4
7175	3
7176	2
7177	6
7178	4
7179	3
7180	4
7181	4
7182	3
7183	3
7184	5
7185	3
7186	0
7187	1
7188	1
7189	4
7190	2
7191	3
7192	2
7193	2
7194	4
7195	3
7196	3
7197	2
7198	5
7199	0
7200	3
7201	3
7202	1
7203	0
7204	2
7205	0
7206	2
7207	3
7208	3
7209	4
7210	7
7211	2
7212	7
7213	6
7214	4
7215	2
7216	5
7217	3
7218	2
7219	7
7220	4
7221	5
7222	3
7223	6
7224	8
7225	5
7226	5
7227	4
7228	3
7229	5
7230	1
7231	1
7232	1
7233	2
7234	2
7235	3
7236	6
7237	3
7238	2
7239	3
7240	2
7241	3
7242	3
7243	2
7244	3
7245	4
7246	2
7247	3
7248	0
7249	3
7250	5
7251	1
7252	4
7253	3
7254	1
7255	6
7256	3
7257	3
7258	2
7259	3
7260	4
7261	4
7262	3
7263	4
7264	5
7265	4
7266	4
7267	5
7268	1
7269	3
7270	2
7271	3
7272	3
7273	0
7274	3
7275	6
7276	3
7277	3
7278	4
7279	1
7280	6
7281	4
7282	2
7283	6
7284	5
7285	3
7286	4
7287	4
7288	0
7289	3
7290	0
7291	3
7292	1
7293	2
7294	3
7295	7
7296	3
7297	4
7298	1
7299	5
7300	3
7301	3
7302	3
7303	3
7304	4
7305	3
7306	0
7307	4
7308	5
7309	6
7310	7
7311	4
7312	1
7313	2
7314	4
7315	1
7316	4
7317	0
7318	7
7319	1
7320	0
7321	5
7322	0
7323	3
7324	2
7325	2
7326	2
7327	4
7328	4
7329	2
7330	3
7331	2
7332	6
7333	3
7334	2
7335	5
7336	2
7337	2
7338	6
7339	5
7340	2
7341	4
7342	0
7343	4
7344	5
7345	3
7346	3
7347	4
7348	2
7349	0
7350	4
7351	7
7352	1
7353	2
7354	5
7355	2
7356	1
7357	2
7358	2
7359	7
7360	4
7361	2
7362	2
7363	6
7364	6
7365	3
7366	3
7367	2
7368	4
7369	3
7370	5
7371	4
7372	2
7373	4
7374	6
7375	6
7376	3
7377	2
7378	1
7379	3
7380	1
7381	1
7382	1
7383	5
7384	2
7385	3
7386	7
7387	3
7388	1
7389	2
7390	0
7391	2
7392	4
7393	4
7394	2
7395	0
7396	5
7397	4
7398	1
7399	4
7400	4
7401	3
7402	1
7403	4
7404	1
7405	5
7406	1
7407	3
7408	1
7409	5
7410	3
7411	1
7412	2
7413	3
7414	1
7415	0
7416	1
7417	4
7418	3
7419	0
7420	2
7421	2
7422	0
7423	1
7424	4
7425	5
7426	5
7427	3
7428	4
7429	3
7430	3
7431	3
7432	5
7433	3
7434	1
7435	2
7436	3
7437	5
7438	1
7439	4
7440	2
7441	3
7442	2
7443	4
7444	3
7445	3
7446	3
7447	4
7448	4
7449	0
7450	3
7451	0
7452	4
7453	0
7454	1
7455	2
7456	4
7457	3
7458	1
7459	1
7460	4
7461	3
7462	6
7463	3
7464	1
7465	3
7466	3
7467	5
7468	3
7469	5
7470	1
7471	2
7472	3
7473	4
7474	3
7475	1
7476	2
7477	1
7478	1
7479	4
7480	1
7481	6
7482	3
7483	4
7484	3
7485	3
7486	2
7487	2
7488	3
7489	3
7490	0
7491	0
7492	1
7493	1
7494	2
7495	2
7496	4
7497	4
7498	1
7499	2
7500	3
7501	1
7502	2
7503	0
7504	2
7505	1
7506	1
7507	2
7508	3
7509	1
7510	3
7511	2
7512	2
7513	1
7514	2
7515	3
7516	1
7517	3
7518	2
7519	1
7520	3
7521	2
7522	3
7523	3
7524	4
7525	1
7526	2
7527	1
7528	1
7529	1
7530	1
7531	0
7532	2
7533	3
7534	2
7535	2
7536	1
7537	3
7538	1
7539	1
7540	1
7541	1
7542	1
7543	2
7544	0
7545	1
7546	2
7547	0
7548	3
7549	0
7550	4
7551	0
7552	2
7553	0
7554	0
7555	3
7556	2
7557	3
7558	0
7559	1
7560	1
7561	2
7562	0
7563	1
7564	2
7565	2
7566	2
7567	2
7568	0
7569	1
7570	1
7571	0
7572	2
7573	3
7574	1
7575	2
7576	1
7577	1
7578	3
7579	1
7580	2
7581	1
7582	0
7583	3
7584	1
7585	1
7586	1
7587	0
7588	1
7589	3
7590	3
7591	2
7592	0
7593	2
7594	2
7595	5
7596	0
7597	2
7598	0
7599	3
7600	1
7601	1
7602	0
7603	1
7604	1
7605	0
7606	0
7607	2
7608	2
7609	2
7610	2
7611	1
7612	1
7613	0
7614	2
7615	0
7616	1
7617	1
7618	1
7619	2
7620	1
7621	0
7622	1
7623	2
7624	0
7625	0
7626	1
7627	3
7628	0
7629	0
7630	0
7631	2
7632	3
7633	2
7634	0
7635	1
7636	1
7637	0
7638	1
7639	2
7640	2
7641	1
7642	1
7643	2
7644	0
7645	1
7646	2
7647	1
7648	2
7649	2
7650	4
7651	2
7652	1
7653	0
7654	0
7655	3
7656	1
7657	4
7658	1
7659	3
7660	1
7661	0
7662	1
7663	0
7664	0
7665	2
7666	2
7667	0
7668	0
7669	3
7670	2
7671	2
7672	2
7673	2
7674	3
7675	0
7676	1
7677	3
7678	0
7679	1
7680	0
7681	2
7682	0
7683	1
7684	1
7685	2
7686	1
7687	2
7688	0
7689	0
7690	0
7691	3
7692	0
7693	0
7694	0
7695	0
7696	0
7697	3
7698	4
7699	0
7700	0
7701	0
7702	0
7703	2
7704	1
7705	1
7706	1
7707	2
7708	2
7709	2
7710	0
7711	1
7712	0
7713	1
7714	2
7715	2
7716	0
7717	1
7718	1
7719	2
7720	1
7721	0
7722	1
7723	0
7724	2
7725	0
7726	4
7727	1
7728	3
7729	2
7730	2
7731	2
7732	1
7733	0
7734	1
7735	2
7736	1
7737	2
7738	1
7739	1
7740	1
7741	2
7742	0
7743	0
7744	0
7745	2
7746	1
7747	0
7748	0
7749	3
7750	0
7751	1
7752	1
7753	1
7754	0
7755	0
7756	1
7757	3
7758	2
7759	2
7760	0
7761	0
7762	0
7763	2
7764	2
7765	0
7766	2
7767	1
7768	0
7769	1
7770	1
7771	4
7772	0
7773	0
7774	0
7775	0
7776	1
7777	0
7778	0
7779	1
7780	1
7781	0
7782	0
7783	0
7784	1
7785	0
7786	1
7787	4
7788	0
7789	1
7790	0
7791	0
7792	2
7793	2
7794	0
7795	0
7796	2
7797	3
7798	2
7799	0
7800	0
7801	2
7802	1
7803	0
7804	0
7805	2
7806	3
7807	2
7808	2
7809	1
7810	0
7811	2
7812	2
7813	1
7814	1
7815	3
7816	2
7817	1
7818	2
7819	1
7820	0
7821	3
7822	2
7823	0
7824	1
7825	0
7826	2
7827	1
7828	0
7829	0
7830	1
7831	0
7832	2
7833	4
7834	0
7835	0
7836	1
7837	1
7838	1
7839	2
7840	1
7841	1
7842	1
7843	1
7844	2
7845	0
7846	1
7847	1
7848	0
7849	1
7850	0
7851	1
7852	1
7853	2
7854	0
7855	3
7856	0
7857	1
7858	1
7859	2
7860	1
7861	1
7862	3
7863	0
7864	2
7865	0
7866	0
7867	0
7868	0
7869	2
7870	0
7871	0
7872	1
7873	0
7874	0
7875	2
7876	0
7877	0
7878	2
7879	0
7880	0
7881	0
7882	2
7883	2
7884	0
7885	1
7886	0
7887	1
7888	0
7889	1
7890	0
7891	0
7892	0
7893	1
7894	1
7895	1
7896	1
7897	0
7898	1
7899	1
7900	1
7901	0
7902	1
7903	0
7904	0
7905	0
7906	1
7907	1
7908	0
7909	0
7910	0
7911	0
7912	0
7913	0
7914	0
7915	0
7916	0
7917	1
7918	0
7919	0
7920	1
7921	0
7922	0
7923	0
7924	0
7925	0
7926	0
7927	0
7928	0
7929	0
7930	0
7931	0
7932	0
7933	0
7934	0
7935	0
7936	0
7937	0
7938	1
7939	0
7940	0
7941	0
7942	0
7943	0
7944	0
7945	1
7946	0
7947	0
7948	0
7949	0
7950	0
7951	0
7952	0
7953	0
7954	0
7955	0
7956	0
7957	0
7958	0
7959	0
7960	0
7961	0
7962	0
7963	0
7964	0
7965	0
7966	0
7967	0
7968	0
7969	0
7970	0
7971	1
7972	0
7973	0
7974	0
7975	0
7976	0
7977	0
7978	0
7979	0
7980	0
7981	0
7982	0
7983	0
7984	0
7985	0
7986	0
7987	0
7988	0
7989	0
7990	0
7991	0
7992	0
7993	0
7994	0
7995	0
7996	0
7997	0
7998	0
7999	0
8000	0
8001	0
8002	0
8003	0
8004	0
8005	0
8006	0
8007	0
8008	0
8009	0
8010	0
8011	0
8012	0
8013	0
8014	0
8015	0
8016	0
8017	0
8018	0
8019	0
8020	0
8021	0
8022	0
8023	0
8024	0
8025	0
8026	0
8027	0
8028	0
8029	0
8030	0
8031	0
8032	0
8033	0
8034	0
8035	0
8036	0
8037	0
8038	0
8039	0
8040	0
8041	0
8042	0
8043	0
8044	0
8045	0
8046	0
8047	0
8048	0
8049	0
8050	0
8051	0
8052	0
8053	0
8054	0
8055	0
8056	0
8057	0
8058	0
8059	0
8060	0
8061	0
8062	0
8063	0
8064	0
8065	0
8066	0
8067	0
8068	0
8069	0
8070	0
8071	0
8072	0
8073	0
8074	0
8075	0
8076	0
8077	0
8078	0
8079	0
8080	0
8081	0
8082	0
8083	0
8084	0
8085	0
8086	0
8087	0
8088	0
8089	0
8090	0
8091	0
8092	0
8093	0
8094	0
8095	0
8096	0
8097	0
8098	0
8099	0
8100	0
8101	0
8102	0
8103	0
8104	0
8105	0
8106	0
8107	0
8108	0
8109	0
8110	0
8111	0
8112	0
8113	0
8114	0
8115	0
8116	0
8117	0
8118	0
8119	0
8120	0
8121	0
8122	0
8123	0
8124	0
8125	0
8126	0
8127	0
8128	0
8129	0
8130	0
8131	0
8132	0
8133	0
8134	0
8135	0
8136	0
8137	0
8138	0
8139	0
8140	0
8141	0
8142	0
8143	0
8144	0
8145	0
8146	0
8147	0
8148	0
8149	0
8150	0
8151	0
8152	0
8153	0
8154	0
8155	0
8156	0
8157	0
8158	0
8159	0
8160	0
8161	0
8162	0
8163	0
8164	0
8165	0
8166	0
8167	0
8168	0
8169	0
8170	0
8171	0
8172	0
8173	0
8174	0
8175	0
8176	0
8177	0
8178	0
8179	0
8180	0
8181	0
8182	0
8183	0
8184	0
8185	0
8186	0
8187	0
8188	0
8189	0
8190	0
8191	0
