0	0
1	0
2	0
3	0
4	0
5	0
6	0
7	0
8	0
9	0
10	0
11	0
12	0
13	0
14	0
15	0
16	0
17	0
18	0
19	0
20	0
21	0
22	0
23	0
24	0
25	0
26	0
27	0
28	1
29	0
30	0
31	1
32	0
33	0
34	0
35	0
36	0
37	0
38	0
39	0
40	0
41	0
42	1
43	0
44	0
45	0
46	0
47	1
48	0
49	0
50	0
51	0
52	0
53	0
54	0
55	0
56	0
57	0
58	0
59	0
60	0
61	0
62	0
63	0
64	0
65	0
66	0
67	0
68	0
69	1
70	0
71	0
72	0
73	1
74	1
75	0
76	0
77	1
78	0
79	0
80	0
81	1
82	0
83	2
84	0
85	0
86	0
87	0
88	0
89	0
90	0
91	0
92	0
93	1
94	0
95	0
96	1
97	0
98	0
99	1
100	0
101	0
102	1
103	0
104	0
105	0
106	0
107	0
108	0
109	1
110	1
111	0
112	0
113	1
114	0
115	1
116	1
117	0
118	0
119	0
120	0
121	1
122	0
123	1
124	0
125	1
126	0
127	1
128	1
129	0
130	0
131	0
132	0
133	0
134	0
135	0
136	1
137	0
138	0
139	0
140	0
141	0
142	0
143	0
144	0
145	0
146	0
147	0
148	0
149	0
150	1
151	0
152	0
153	1
154	0
155	0
156	0
157	1
158	0
159	1
160	0
161	0
162	0
163	0
164	0
165	0
166	0
167	1
168	0
169	0
170	2
171	0
172	1
173	0
174	1
175	0
176	2
177	1
178	1
179	0
180	0
181	2
182	1
183	1
184	0
185	1
186	1
187	1
188	0
189	0
190	0
191	0
192	1
193	2
194	0
195	1
196	0
197	1
198	0
199	0
200	0
201	0
202	1
203	1
204	0
205	2
206	0
207	0
208	0
209	0
210	0
211	1
212	1
213	1
214	1
215	2
216	1
217	1
218	2
219	4
220	1
221	0
222	0
223	0
224	2
225	1
226	0
227	0
228	0
229	0
230	0
231	2
232	0
233	0
234	0
235	1
236	1
237	2
238	1
239	1
240	0
241	2
242	3
243	4
244	0
245	0
246	0
247	0
248	3
249	3
250	1
251	3
252	0
253	0
254	1
255	0
256	1
257	1
258	2
259	2
260	2
261	3
262	0
263	3
264	3
265	1
266	1
267	2
268	0
269	2
270	0
271	1
272	2
273	0
274	6
275	4
276	3
277	1
278	5
279	2
280	2
281	4
282	4
283	1
284	1
285	6
286	6
287	3
288	2
289	2
290	3
291	4
292	4
293	8
294	7
295	4
296	2
297	4
298	4
299	5
300	3
301	5
302	6
303	9
304	5
305	2
306	10
307	7
308	7
309	3
310	8
311	7
312	5
313	6
314	5
315	6
316	2
317	3
318	5
319	6
320	6
321	7
322	6
323	10
324	7
325	6
326	4
327	9
328	5
329	3
330	3
331	6
332	11
333	8
334	10
335	8
336	7
337	4
338	13
339	8
340	8
341	5
342	9
343	9
344	11
345	7
346	11
347	9
348	10
349	11
350	7
351	5
352	9
353	16
354	8
355	6
356	9
357	8
358	6
359	4
360	4
361	2
362	9
363	10
364	5
365	2
366	9
367	4
368	4
369	8
370	7
371	6
372	2
373	8
374	9
375	10
376	4
377	9
378	10
379	9
380	6
381	4
382	6
383	3
384	5
385	8
386	3
387	4
388	5
389	2
390	6
391	8
392	3
393	3
394	2
395	4
396	2
397	1
398	2
399	2
400	3
401	3
402	3
403	5
404	4
405	2
406	3
407	3
408	2
409	2
410	4
411	1
412	6
413	1
414	4
415	3
416	2
417	2
418	2
419	3
420	1
421	2
422	4
423	5
424	2
425	2
426	7
427	2
428	3
429	2
430	3
431	1
432	3
433	2
434	4
435	3
436	2
437	2
438	1
439	1
440	3
441	0
442	2
443	2
444	2
445	3
446	1
447	5
448	0
449	0
450	1
451	1
452	1
453	2
454	2
455	3
456	2
457	1
458	0
459	3
460	2
461	2
462	0
463	1
464	2
465	1
466	2
467	0
468	0
469	2
470	1
471	0
472	2
473	1
474	0
475	0
476	0
477	0
478	1
479	1
480	2
481	0
482	1
483	2
484	2
485	2
486	2
487	0
488	1
489	2
490	0
491	1
492	0
493	0
494	0
495	2
496	0
497	2
498	1
499	1
500	0
501	0
502	2
503	2
504	0
505	1
506	2
507	0
508	1
509	0
510	1
511	1
512	2
513	1
514	2
515	4
516	0
517	0
518	0
519	0
520	0
521	0
522	2
523	0
524	1
525	3
526	0
527	2
528	0
529	0
530	1
531	2
532	0
533	1
534	1
535	0
536	1
537	1
538	0
539	4
540	1
541	0
542	0
543	1
544	2
545	1
546	2
547	1
548	1
549	2
550	2
551	1
552	1
553	2
554	0
555	0
556	1
557	2
558	2
559	2
560	2
561	1
562	2
563	0
564	0
565	1
566	2
567	2
568	1
569	2
570	1
571	1
572	2
573	5
574	3
575	5
576	3
577	0
578	1
579	1
580	2
581	3
582	3
583	4
584	2
585	5
586	3
587	2
588	0
589	3
590	6
591	4
592	8
593	8
594	1
595	1
596	7
597	2
598	5
599	5
600	5
601	2
602	5
603	4
604	9
605	5
606	8
607	6
608	4
609	6
610	1
611	7
612	2
613	10
614	10
615	6
616	8
617	7
618	7
619	7
620	5
621	10
622	9
623	11
624	8
625	12
626	9
627	5
628	5
629	8
630	4
631	6
632	9
633	12
634	2
635	1
636	7
637	10
638	6
639	5
640	6
641	8
642	4
643	15
644	8
645	10
646	7
647	13
648	8
649	14
650	12
651	11
652	6
653	11
654	21
655	19
656	9
657	8
658	14
659	8
660	11
661	17
662	11
663	13
664	9
665	16
666	11
667	14
668	9
669	8
670	9
671	10
672	13
673	18
674	15
675	13
676	10
677	19
678	15
679	9
680	12
681	13
682	16
683	19
684	21
685	11
686	17
687	16
688	14
689	17
690	15
691	19
692	23
693	18
694	15
695	24
696	20
697	22
698	20
699	12
700	16
701	21
702	21
703	22
704	15
705	22
706	27
707	31
708	21
709	17
710	28
711	21
712	25
713	21
714	24
715	23
716	29
717	19
718	26
719	25
720	23
721	22
722	31
723	33
724	23
725	30
726	27
727	34
728	26
729	33
730	29
731	37
732	35
733	40
734	25
735	36
736	48
737	42
738	42
739	40
740	43
741	35
742	33
743	42
744	48
745	44
746	47
747	43
748	33
749	43
750	50
751	61
752	56
753	47
754	57
755	57
756	69
757	84
758	46
759	65
760	54
761	59
762	50
763	71
764	63
765	56
766	87
767	66
768	78
769	65
770	59
771	57
772	78
773	92
774	70
775	66
776	75
777	84
778	93
779	83
780	81
781	83
782	87
783	85
784	86
785	88
786	72
787	86
788	85
789	107
790	107
791	94
792	100
793	103
794	115
795	89
796	115
797	111
798	104
799	86
800	106
801	107
802	110
803	113
804	109
805	117
806	104
807	114
808	130
809	130
810	123
811	122
812	132
813	130
814	152
815	132
816	135
817	136
818	141
819	130
820	134
821	133
822	138
823	143
824	164
825	141
826	168
827	168
828	171
829	142
830	149
831	151
832	176
833	145
834	171
835	171
836	141
837	143
838	202
839	190
840	174
841	175
842	184
843	170
844	174
845	153
846	173
847	182
848	166
849	196
850	154
851	195
852	188
853	180
854	203
855	189
856	186
857	203
858	215
859	268
860	210
861	203
862	212
863	215
864	195
865	215
866	257
867	199
868	212
869	253
870	246
871	248
872	213
873	218
874	236
875	198
876	239
877	228
878	264
879	247
880	241
881	257
882	212
883	254
884	277
885	274
886	250
887	269
888	291
889	305
890	303
891	302
892	283
893	287
894	300
895	281
896	286
897	317
898	299
899	348
900	313
901	360
902	340
903	390
904	301
905	361
906	410
907	345
908	367
909	369
910	409
911	422
912	427
913	379
914	421
915	433
916	447
917	441
918	428
919	451
920	470
921	441
922	462
923	465
924	483
925	491
926	492
927	557
928	516
929	571
930	547
931	523
932	529
933	583
934	599
935	594
936	597
937	648
938	619
939	656
940	662
941	620
942	659
943	677
944	719
945	710
946	732
947	767
948	745
949	772
950	784
951	738
952	793
953	858
954	844
955	895
956	859
957	907
958	928
959	938
960	926
961	938
962	962
963	987
964	1084
965	1057
966	1111
967	1045
968	1147
969	1129
970	1099
971	1186
972	1234
973	1231
974	1245
975	1231
976	1398
977	1324
978	1359
979	1352
980	1365
981	1475
982	1463
983	1432
984	1477
985	1513
986	1597
987	1624
988	1621
989	1680
990	1657
991	1728
992	1826
993	1823
994	1842
995	1811
996	1893
997	1833
998	1978
999	1938
1000	2035
1001	2031
1002	1955
1003	2019
1004	2058
1005	2131
1006	2153
1007	2091
1008	2290
1009	2374
1010	2294
1011	2394
1012	2258
1013	2254
1014	2395
1015	2345
1016	2466
1017	2535
1018	2518
1019	2515
1020	2567
1021	2585
1022	2610
1023	2591
1024	2653
1025	2655
1026	2709
1027	2693
1028	2738
1029	2712
1030	2758
1031	2767
1032	2854
1033	2798
1034	2919
1035	2951
1036	2808
1037	2938
1038	2932
1039	2923
1040	2967
1041	2952
1042	2888
1043	2918
1044	3013
1045	2978
1046	3054
1047	3061
1048	2956
1049	2897
1050	3093
1051	3007
1052	2922
1053	2957
1054	2864
1055	2920
1056	2924
1057	2881
1058	2800
1059	2969
1060	2963
1061	2955
1062	2928
1063	2943
1064	2769
1065	2908
1066	2930
1067	2735
1068	2909
1069	2702
1070	2640
1071	2752
1072	2745
1073	2809
1074	2674
1075	2710
1076	2749
1077	2641
1078	2560
1079	2593
1080	2585
1081	2508
1082	2483
1083	2529
1084	2468
1085	2423
1086	2324
1087	2329
1088	2325
1089	2234
1090	2242
1091	2256
1092	2167
1093	2236
1094	2274
1095	2118
1096	2079
1097	2085
1098	2054
1099	1959
1100	2020
1101	1946
1102	1895
1103	1885
1104	1890
1105	1829
1106	1737
1107	1789
1108	1801
1109	1603
1110	1729
1111	1718
1112	1651
1113	1556
1114	1536
1115	1510
1116	1514
1117	1441
1118	1377
1119	1322
1120	1428
1121	1234
1122	1317
1123	1282
1124	1295
1125	1241
1126	1189
1127	1166
1128	1170
1129	1135
1130	1117
1131	1103
1132	1072
1133	1026
1134	1061
1135	979
1136	1005
1137	1001
1138	887
1139	878
1140	892
1141	854
1142	829
1143	856
1144	804
1145	775
1146	811
1147	762
1148	745
1149	757
1150	726
1151	669
1152	659
1153	675
1154	622
1155	628
1156	646
1157	625
1158	579
1159	585
1160	560
1161	557
1162	535
1163	540
1164	513
1165	488
1166	512
1167	470
1168	478
1169	456
1170	475
1171	441
1172	434
1173	425
1174	436
1175	420
1176	400
1177	371
1178	416
1179	396
1180	381
1181	340
1182	330
1183	333
1184	332
1185	322
1186	321
1187	330
1188	303
1189	289
1190	316
1191	311
1192	277
1193	269
1194	253
1195	278
1196	221
1197	301
1198	243
1199	271
1200	222
1201	264
1202	262
1203	264
1204	245
1205	255
1206	228
1207	239
1208	232
1209	246
1210	240
1211	218
1212	189
1213	220
1214	216
1215	233
1216	251
1217	232
1218	225
1219	245
1220	220
1221	237
1222	186
1223	177
1224	203
1225	199
1226	200
1227	178
1228	191
1229	171
1230	185
1231	186
1232	210
1233	180
1234	184
1235	188
1236	173
1237	205
1238	167
1239	189
1240	156
1241	175
1242	171
1243	204
1244	185
1245	189
1246	182
1247	189
1248	173
1249	195
1250	193
1251	170
1252	166
1253	184
1254	158
1255	172
1256	199
1257	170
1258	192
1259	177
1260	164
1261	215
1262	176
1263	185
1264	177
1265	186
1266	163
1267	160
1268	179
1269	159
1270	177
1271	176
1272	168
1273	163
1274	187
1275	204
1276	170
1277	187
1278	173
1279	170
1280	171
1281	167
1282	193
1283	177
1284	190
1285	173
1286	163
1287	166
1288	159
1289	164
1290	173
1291	162
1292	158
1293	152
1294	133
1295	177
1296	172
1297	181
1298	158
1299	179
1300	173
1301	186
1302	183
1303	186
1304	150
1305	179
1306	155
1307	182
1308	173
1309	197
1310	176
1311	191
1312	173
1313	213
1314	189
1315	184
1316	169
1317	174
1318	184
1319	160
1320	176
1321	186
1322	177
1323	196
1324	204
1325	198
1326	189
1327	175
1328	170
1329	182
1330	188
1331	173
1332	175
1333	166
1334	159
1335	164
1336	185
1337	182
1338	175
1339	170
1340	164
1341	206
1342	174
1343	171
1344	173
1345	169
1346	166
1347	202
1348	185
1349	191
1350	175
1351	194
1352	185
1353	174
1354	187
1355	167
1356	181
1357	179
1358	188
1359	196
1360	174
1361	210
1362	210
1363	185
1364	218
1365	178
1366	183
1367	173
1368	203
1369	187
1370	207
1371	189
1372	188
1373	193
1374	213
1375	189
1376	215
1377	190
1378	203
1379	196
1380	179
1381	194
1382	203
1383	215
1384	175
1385	187
1386	227
1387	191
1388	174
1389	183
1390	217
1391	197
1392	191
1393	197
1394	222
1395	196
1396	207
1397	219
1398	219
1399	188
1400	197
1401	210
1402	226
1403	195
1404	217
1405	229
1406	232
1407	215
1408	195
1409	220
1410	225
1411	196
1412	234
1413	192
1414	271
1415	204
1416	235
1417	256
1418	246
1419	228
1420	205
1421	236
1422	213
1423	257
1424	235
1425	214
1426	237
1427	260
1428	234
1429	224
1430	228
1431	236
1432	271
1433	269
1434	230
1435	229
1436	235
1437	229
1438	254
1439	249
1440	217
1441	256
1442	259
1443	279
1444	270
1445	259
1446	269
1447	255
1448	242
1449	262
1450	259
1451	269
1452	235
1453	236
1454	249
1455	255
1456	260
1457	282
1458	275
1459	295
1460	250
1461	259
1462	278
1463	274
1464	272
1465	306
1466	294
1467	275
1468	299
1469	274
1470	288
1471	286
1472	292
1473	282
1474	292
1475	296
1476	304
1477	275
1478	286
1479	297
1480	283
1481	306
1482	301
1483	293
1484	312
1485	299
1486	302
1487	300
1488	331
1489	338
1490	300
1491	330
1492	319
1493	326
1494	344
1495	332
1496	339
1497	327
1498	307
1499	322
1500	307
1501	336
1502	334
1503	328
1504	333
1505	357
1506	337
1507	342
1508	319
1509	345
1510	359
1511	323
1512	366
1513	344
1514	351
1515	351
1516	365
1517	382
1518	350
1519	358
1520	324
1521	359
1522	339
1523	347
1524	343
1525	344
1526	380
1527	327
1528	359
1529	371
1530	356
1531	356
1532	333
1533	378
1534	337
1535	349
1536	320
1537	341
1538	386
1539	371
1540	371
1541	354
1542	351
1543	303
1544	349
1545	365
1546	381
1547	332
1548	330
1549	309
1550	356
1551	346
1552	313
1553	323
1554	332
1555	316
1556	355
1557	301
1558	317
1559	326
1560	365
1561	329
1562	347
1563	304
1564	324
1565	328
1566	331
1567	364
1568	312
1569	297
1570	325
1571	306
1572	320
1573	346
1574	312
1575	305
1576	305
1577	333
1578	331
1579	268
1580	295
1581	290
1582	286
1583	315
1584	343
1585	310
1586	303
1587	274
1588	287
1589	286
1590	263
1591	308
1592	299
1593	307
1594	267
1595	247
1596	254
1597	255
1598	286
1599	273
1600	260
1601	267
1602	262
1603	271
1604	233
1605	266
1606	253
1607	249
1608	253
1609	264
1610	249
1611	251
1612	234
1613	238
1614	231
1615	239
1616	258
1617	239
1618	256
1619	249
1620	241
1621	257
1622	228
1623	199
1624	240
1625	259
1626	204
1627	219
1628	230
1629	228
1630	235
1631	239
1632	191
1633	232
1634	242
1635	219
1636	196
1637	216
1638	207
1639	208
1640	205
1641	211
1642	221
1643	186
1644	213
1645	211
1646	196
1647	195
1648	209
1649	218
1650	205
1651	187
1652	222
1653	194
1654	237
1655	236
1656	224
1657	181
1658	174
1659	184
1660	181
1661	180
1662	219
1663	183
1664	188
1665	152
1666	197
1667	183
1668	190
1669	186
1670	197
1671	185
1672	191
1673	183
1674	191
1675	180
1676	172
1677	202
1678	194
1679	167
1680	170
1681	191
1682	180
1683	188
1684	186
1685	167
1686	204
1687	175
1688	184
1689	185
1690	191
1691	182
1692	161
1693	160
1694	175
1695	198
1696	187
1697	165
1698	196
1699	178
1700	188
1701	181
1702	180
1703	183
1704	160
1705	172
1706	181
1707	176
1708	182
1709	155
1710	180
1711	170
1712	170
1713	183
1714	195
1715	171
1716	165
1717	174
1718	192
1719	164
1720	147
1721	180
1722	164
1723	169
1724	175
1725	189
1726	201
1727	158
1728	174
1729	177
1730	177
1731	186
1732	166
1733	189
1734	192
1735	185
1736	164
1737	180
1738	170
1739	152
1740	184
1741	167
1742	159
1743	162
1744	188
1745	189
1746	185
1747	182
1748	188
1749	210
1750	179
1751	173
1752	191
1753	153
1754	208
1755	196
1756	172
1757	213
1758	163
1759	171
1760	175
1761	176
1762	166
1763	191
1764	209
1765	209
1766	183
1767	174
1768	174
1769	170
1770	180
1771	185
1772	189
1773	182
1774	199
1775	176
1776	190
1777	184
1778	170
1779	204
1780	198
1781	201
1782	219
1783	175
1784	192
1785	198
1786	185
1787	203
1788	178
1789	180
1790	187
1791	194
1792	188
1793	187
1794	207
1795	196
1796	209
1797	206
1798	173
1799	197
1800	204
1801	206
1802	180
1803	193
1804	179
1805	193
1806	205
1807	179
1808	197
1809	182
1810	194
1811	209
1812	204
1813	183
1814	185
1815	206
1816	222
1817	202
1818	199
1819	184
1820	231
1821	188
1822	200
1823	202
1824	196
1825	212
1826	194
1827	187
1828	189
1829	184
1830	206
1831	206
1832	206
1833	190
1834	205
1835	205
1836	232
1837	210
1838	199
1839	220
1840	212
1841	201
1842	213
1843	213
1844	200
1845	213
1846	189
1847	228
1848	189
1849	194
1850	207
1851	195
1852	207
1853	209
1854	207
1855	227
1856	210
1857	229
1858	195
1859	232
1860	228
1861	227
1862	242
1863	210
1864	235
1865	212
1866	223
1867	187
1868	220
1869	229
1870	220
1871	205
1872	203
1873	234
1874	228
1875	239
1876	203
1877	226
1878	208
1879	239
1880	234
1881	255
1882	227
1883	203
1884	224
1885	245
1886	208
1887	235
1888	231
1889	249
1890	225
1891	227
1892	222
1893	232
1894	237
1895	264
1896	228
1897	216
1898	257
1899	257
1900	235
1901	213
1902	238
1903	241
1904	241
1905	238
1906	192
1907	233
1908	256
1909	255
1910	217
1911	245
1912	229
1913	243
1914	230
1915	254
1916	249
1917	230
1918	237
1919	220
1920	269
1921	239
1922	237
1923	241
1924	218
1925	223
1926	220
1927	215
1928	256
1929	250
1930	258
1931	261
1932	261
1933	251
1934	268
1935	238
1936	247
1937	234
1938	250
1939	234
1940	253
1941	261
1942	276
1943	267
1944	260
1945	278
1946	243
1947	283
1948	259
1949	236
1950	275
1951	245
1952	271
1953	265
1954	234
1955	261
1956	254
1957	270
1958	283
1959	274
1960	268
1961	251
1962	277
1963	269
1964	252
1965	274
1966	240
1967	266
1968	245
1969	259
1970	254
1971	274
1972	284
1973	270
1974	241
1975	298
1976	236
1977	255
1978	280
1979	251
1980	267
1981	250
1982	290
1983	277
1984	245
1985	242
1986	262
1987	304
1988	265
1989	296
1990	260
1991	294
1992	285
1993	295
1994	275
1995	278
1996	294
1997	278
1998	282
1999	284
2000	252
2001	267
2002	253
2003	279
2004	251
2005	279
2006	278
2007	286
2008	253
2009	291
2010	270
2011	269
2012	243
2013	273
2014	274
2015	273
2016	292
2017	311
2018	270
2019	302
2020	262
2021	265
2022	279
2023	288
2024	253
2025	261
2026	255
2027	299
2028	273
2029	264
2030	255
2031	274
2032	332
2033	304
2034	302
2035	292
2036	294
2037	249
2038	264
2039	283
2040	287
2041	266
2042	289
2043	267
2044	286
2045	305
2046	282
2047	271
2048	276
2049	310
2050	265
2051	262
2052	288
2053	280
2054	276
2055	279
2056	290
2057	294
2058	292
2059	297
2060	271
2061	280
2062	285
2063	287
2064	291
2065	299
2066	255
2067	254
2068	314
2069	286
2070	315
2071	292
2072	291
2073	293
2074	291
2075	263
2076	279
2077	263
2078	296
2079	265
2080	289
2081	284
2082	299
2083	267
2084	278
2085	286
2086	297
2087	307
2088	306
2089	277
2090	298
2091	309
2092	285
2093	299
2094	288
2095	265
2096	280
2097	277
2098	294
2099	301
2100	267
2101	283
2102	322
2103	300
2104	263
2105	270
2106	285
2107	269
2108	293
2109	288
2110	286
2111	263
2112	286
2113	294
2114	269
2115	312
2116	240
2117	270
2118	295
2119	281
2120	267
2121	275
2122	266
2123	269
2124	280
2125	262
2126	275
2127	288
2128	285
2129	270
2130	267
2131	304
2132	287
2133	255
2134	267
2135	265
2136	283
2137	297
2138	272
2139	310
2140	253
2141	261
2142	291
2143	267
2144	287
2145	289
2146	269
2147	301
2148	264
2149	288
2150	276
2151	236
2152	250
2153	258
2154	268
2155	250
2156	274
2157	282
2158	277
2159	221
2160	278
2161	268
2162	257
2163	297
2164	269
2165	270
2166	268
2167	247
2168	275
2169	283
2170	253
2171	234
2172	240
2173	247
2174	276
2175	269
2176	263
2177	237
2178	261
2179	253
2180	260
2181	252
2182	264
2183	277
2184	272
2185	268
2186	267
2187	259
2188	257
2189	241
2190	273
2191	250
2192	246
2193	225
2194	262
2195	236
2196	255
2197	265
2198	274
2199	250
2200	267
2201	247
2202	295
2203	242
2204	250
2205	260
2206	248
2207	289
2208	280
2209	271
2210	255
2211	241
2212	270
2213	235
2214	266
2215	253
2216	239
2217	247
2218	248
2219	248
2220	257
2221	245
2222	232
2223	257
2224	213
2225	240
2226	254
2227	257
2228	230
2229	251
2230	250
2231	238
2232	240
2233	256
2234	232
2235	261
2236	224
2237	236
2238	233
2239	254
2240	276
2241	247
2242	243
2243	215
2244	211
2245	245
2246	265
2247	233
2248	229
2249	260
2250	249
2251	224
2252	220
2253	242
2254	228
2255	251
2256	234
2257	246
2258	235
2259	218
2260	234
2261	212
2262	224
2263	212
2264	234
2265	232
2266	237
2267	248
2268	233
2269	255
2270	246
2271	244
2272	232
2273	250
2274	246
2275	255
2276	219
2277	235
2278	227
2279	244
2280	225
2281	214
2282	254
2283	220
2284	226
2285	260
2286	239
2287	218
2288	242
2289	242
2290	208
2291	224
2292	235
2293	232
2294	261
2295	213
2296	209
2297	254
2298	223
2299	234
2300	232
2301	217
2302	243
2303	211
2304	212
2305	210
2306	220
2307	211
2308	218
2309	203
2310	239
2311	239
2312	223
2313	196
2314	202
2315	220
2316	202
2317	190
2318	216
2319	229
2320	190
2321	226
2322	213
2323	193
2324	221
2325	211
2326	214
2327	226
2328	190
2329	194
2330	211
2331	227
2332	193
2333	203
2334	215
2335	195
2336	212
2337	200
2338	190
2339	217
2340	212
2341	195
2342	205
2343	207
2344	188
2345	197
2346	197
2347	204
2348	214
2349	200
2350	222
2351	226
2352	219
2353	194
2354	213
2355	188
2356	206
2357	208
2358	186
2359	199
2360	202
2361	183
2362	206
2363	190
2364	196
2365	204
2366	174
2367	210
2368	217
2369	204
2370	198
2371	257
2372	190
2373	188
2374	211
2375	207
2376	189
2377	194
2378	211
2379	199
2380	195
2381	213
2382	202
2383	190
2384	211
2385	199
2386	200
2387	191
2388	190
2389	195
2390	187
2391	186
2392	200
2393	184
2394	186
2395	198
2396	192
2397	217
2398	199
2399	206
2400	189
2401	181
2402	180
2403	210
2404	174
2405	175
2406	207
2407	192
2408	195
2409	185
2410	199
2411	185
2412	191
2413	230
2414	203
2415	182
2416	182
2417	157
2418	201
2419	180
2420	173
2421	199
2422	189
2423	178
2424	188
2425	196
2426	204
2427	192
2428	173
2429	179
2430	197
2431	177
2432	166
2433	179
2434	180
2435	181
2436	198
2437	185
2438	166
2439	215
2440	193
2441	195
2442	190
2443	180
2444	189
2445	199
2446	188
2447	177
2448	187
2449	201
2450	175
2451	162
2452	188
2453	183
2454	185
2455	195
2456	192
2457	171
2458	181
2459	175
2460	174
2461	195
2462	176
2463	168
2464	210
2465	159
2466	191
2467	179
2468	207
2469	185
2470	182
2471	176
2472	176
2473	153
2474	175
2475	170
2476	190
2477	174
2478	188
2479	174
2480	181
2481	166
2482	193
2483	170
2484	182
2485	174
2486	190
2487	192
2488	210
2489	169
2490	174
2491	174
2492	179
2493	182
2494	173
2495	143
2496	167
2497	178
2498	185
2499	146
2500	189
2501	174
2502	183
2503	179
2504	165
2505	192
2506	195
2507	170
2508	182
2509	168
2510	155
2511	176
2512	193
2513	195
2514	201
2515	171
2516	181
2517	165
2518	181
2519	166
2520	173
2521	180
2522	175
2523	184
2524	145
2525	170
2526	169
2527	179
2528	161
2529	166
2530	188
2531	169
2532	165
2533	180
2534	179
2535	152
2536	181
2537	151
2538	183
2539	172
2540	169
2541	167
2542	197
2543	160
2544	168
2545	168
2546	168
2547	170
2548	207
2549	178
2550	170
2551	174
2552	173
2553	164
2554	172
2555	177
2556	174
2557	187
2558	157
2559	157
2560	154
2561	154
2562	164
2563	157
2564	166
2565	177
2566	169
2567	172
2568	181
2569	183
2570	152
2571	167
2572	156
2573	165
2574	166
2575	189
2576	136
2577	160
2578	153
2579	170
2580	153
2581	167
2582	177
2583	159
2584	176
2585	145
2586	168
2587	165
2588	195
2589	157
2590	133
2591	153
2592	158
2593	173
2594	162
2595	175
2596	173
2597	155
2598	145
2599	122
2600	153
2601	166
2602	168
2603	144
2604	135
2605	177
2606	151
2607	147
2608	137
2609	132
2610	144
2611	174
2612	144
2613	135
2614	140
2615	176
2616	142
2617	157
2618	156
2619	141
2620	146
2621	145
2622	148
2623	181
2624	179
2625	147
2626	153
2627	141
2628	145
2629	157
2630	150
2631	158
2632	163
2633	155
2634	142
2635	141
2636	157
2637	139
2638	137
2639	166
2640	157
2641	180
2642	143
2643	159
2644	145
2645	160
2646	155
2647	141
2648	137
2649	130
2650	162
2651	171
2652	147
2653	143
2654	134
2655	134
2656	141
2657	133
2658	152
2659	155
2660	145
2661	126
2662	155
2663	144
2664	149
2665	135
2666	142
2667	138
2668	149
2669	137
2670	126
2671	137
2672	137
2673	154
2674	133
2675	122
2676	130
2677	126
2678	139
2679	124
2680	113
2681	115
2682	166
2683	122
2684	144
2685	150
2686	152
2687	138
2688	167
2689	131
2690	132
2691	146
2692	168
2693	145
2694	120
2695	130
2696	125
2697	136
2698	141
2699	104
2700	115
2701	103
2702	124
2703	125
2704	134
2705	157
2706	128
2707	132
2708	137
2709	112
2710	135
2711	129
2712	146
2713	139
2714	142
2715	125
2716	134
2717	123
2718	136
2719	124
2720	135
2721	101
2722	125
2723	122
2724	129
2725	113
2726	130
2727	151
2728	120
2729	127
2730	126
2731	139
2732	121
2733	134
2734	119
2735	139
2736	136
2737	139
2738	134
2739	104
2740	116
2741	140
2742	114
2743	115
2744	115
2745	130
2746	109
2747	152
2748	129
2749	107
2750	116
2751	103
2752	115
2753	153
2754	129
2755	127
2756	108
2757	116
2758	130
2759	126
2760	124
2761	120
2762	111
2763	136
2764	119
2765	118
2766	114
2767	121
2768	133
2769	133
2770	113
2771	109
2772	116
2773	121
2774	121
2775	117
2776	137
2777	124
2778	120
2779	128
2780	116
2781	132
2782	134
2783	126
2784	127
2785	135
2786	123
2787	126
2788	109
2789	113
2790	102
2791	125
2792	128
2793	118
2794	118
2795	144
2796	134
2797	105
2798	117
2799	109
2800	126
2801	132
2802	129
2803	120
2804	117
2805	128
2806	135
2807	129
2808	112
2809	120
2810	115
2811	133
2812	132
2813	124
2814	124
2815	102
2816	132
2817	119
2818	103
2819	111
2820	112
2821	137
2822	121
2823	120
2824	133
2825	102
2826	113
2827	105
2828	126
2829	113
2830	129
2831	127
2832	126
2833	106
2834	119
2835	106
2836	109
2837	110
2838	111
2839	104
2840	117
2841	116
2842	110
2843	104
2844	107
2845	139
2846	104
2847	122
2848	120
2849	116
2850	105
2851	103
2852	125
2853	123
2854	119
2855	105
2856	131
2857	132
2858	120
2859	125
2860	118
2861	121
2862	123
2863	120
2864	101
2865	103
2866	104
2867	117
2868	116
2869	121
2870	117
2871	121
2872	118
2873	119
2874	113
2875	120
2876	111
2877	112
2878	123
2879	113
2880	108
2881	130
2882	115
2883	128
2884	111
2885	91
2886	112
2887	101
2888	103
2889	120
2890	113
2891	126
2892	120
2893	122
2894	102
2895	115
2896	110
2897	125
2898	111
2899	105
2900	101
2901	118
2902	106
2903	116
2904	106
2905	109
2906	100
2907	116
2908	107
2909	129
2910	104
2911	120
2912	108
2913	101
2914	107
2915	113
2916	109
2917	115
2918	136
2919	121
2920	111
2921	146
2922	128
2923	130
2924	101
2925	103
2926	102
2927	110
2928	109
2929	111
2930	115
2931	94
2932	102
2933	141
2934	113
2935	107
2936	121
2937	127
2938	115
2939	136
2940	120
2941	110
2942	126
2943	112
2944	119
2945	94
2946	127
2947	109
2948	102
2949	122
2950	134
2951	108
2952	98
2953	119
2954	116
2955	112
2956	95
2957	104
2958	137
2959	96
2960	114
2961	105
2962	109
2963	105
2964	81
2965	98
2966	93
2967	125
2968	102
2969	113
2970	114
2971	85
2972	123
2973	109
2974	97
2975	106
2976	81
2977	108
2978	113
2979	116
2980	86
2981	111
2982	114
2983	108
2984	113
2985	116
2986	131
2987	101
2988	102
2989	97
2990	119
2991	102
2992	110
2993	132
2994	106
2995	115
2996	113
2997	105
2998	96
2999	109
3000	104
3001	111
3002	114
3003	98
3004	113
3005	110
3006	103
3007	120
3008	107
3009	112
3010	97
3011	111
3012	116
3013	114
3014	105
3015	113
3016	116
3017	99
3018	120
3019	104
3020	93
3021	111
3022	109
3023	118
3024	119
3025	99
3026	106
3027	92
3028	84
3029	103
3030	86
3031	115
3032	105
3033	96
3034	110
3035	112
3036	105
3037	111
3038	99
3039	117
3040	91
3041	110
3042	106
3043	109
3044	101
3045	119
3046	101
3047	93
3048	92
3049	104
3050	100
3051	97
3052	109
3053	97
3054	91
3055	122
3056	95
3057	106
3058	91
3059	120
3060	95
3061	105
3062	83
3063	109
3064	94
3065	114
3066	88
3067	114
3068	97
3069	103
3070	87
3071	92
3072	110
3073	101
3074	108
3075	91
3076	102
3077	96
3078	99
3079	104
3080	91
3081	119
3082	111
3083	96
3084	103
3085	105
3086	96
3087	106
3088	114
3089	86
3090	97
3091	93
3092	102
3093	81
3094	99
3095	107
3096	94
3097	101
3098	97
3099	104
3100	87
3101	99
3102	85
3103	95
3104	97
3105	92
3106	88
3107	93
3108	83
3109	92
3110	105
3111	96
3112	97
3113	104
3114	74
3115	90
3116	94
3117	86
3118	94
3119	99
3120	99
3121	88
3122	83
3123	95
3124	92
3125	98
3126	93
3127	94
3128	103
3129	88
3130	98
3131	93
3132	103
3133	105
3134	73
3135	90
3136	89
3137	98
3138	88
3139	91
3140	92
3141	89
3142	94
3143	92
3144	84
3145	95
3146	95
3147	84
3148	82
3149	90
3150	92
3151	89
3152	93
3153	89
3154	110
3155	81
3156	89
3157	101
3158	91
3159	82
3160	95
3161	106
3162	106
3163	91
3164	98
3165	101
3166	98
3167	103
3168	90
3169	98
3170	109
3171	85
3172	91
3173	99
3174	112
3175	94
3176	101
3177	93
3178	93
3179	107
3180	96
3181	93
3182	94
3183	100
3184	102
3185	104
3186	75
3187	96
3188	102
3189	100
3190	96
3191	77
3192	84
3193	102
3194	85
3195	92
3196	89
3197	88
3198	73
3199	98
3200	100
3201	96
3202	81
3203	85
3204	90
3205	108
3206	87
3207	91
3208	102
3209	95
3210	81
3211	111
3212	77
3213	107
3214	74
3215	94
3216	94
3217	80
3218	80
3219	84
3220	91
3221	92
3222	86
3223	88
3224	95
3225	114
3226	105
3227	101
3228	96
3229	84
3230	103
3231	92
3232	91
3233	86
3234	93
3235	92
3236	91
3237	97
3238	99
3239	97
3240	97
3241	101
3242	86
3243	90
3244	93
3245	80
3246	91
3247	103
3248	93
3249	71
3250	98
3251	93
3252	70
3253	99
3254	98
3255	79
3256	88
3257	87
3258	85
3259	99
3260	98
3261	98
3262	89
3263	90
3264	80
3265	101
3266	81
3267	105
3268	92
3269	81
3270	92
3271	90
3272	88
3273	82
3274	95
3275	92
3276	109
3277	84
3278	83
3279	92
3280	96
3281	114
3282	90
3283	87
3284	83
3285	79
3286	83
3287	104
3288	111
3289	93
3290	102
3291	74
3292	97
3293	90
3294	90
3295	103
3296	92
3297	99
3298	94
3299	87
3300	86
3301	97
3302	88
3303	76
3304	98
3305	86
3306	101
3307	95
3308	84
3309	95
3310	103
3311	101
3312	95
3313	113
3314	109
3315	111
3316	97
3317	98
3318	83
3319	88
3320	105
3321	89
3322	101
3323	98
3324	107
3325	101
3326	99
3327	91
3328	110
3329	101
3330	100
3331	119
3332	103
3333	88
3334	94
3335	109
3336	103
3337	106
3338	85
3339	115
3340	110
3341	100
3342	95
3343	108
3344	119
3345	71
3346	107
3347	104
3348	121
3349	98
3350	85
3351	99
3352	101
3353	103
3354	95
3355	124
3356	97
3357	103
3358	106
3359	104
3360	121
3361	107
3362	124
3363	87
3364	99
3365	115
3366	118
3367	113
3368	104
3369	103
3370	127
3371	117
3372	122
3373	110
3374	101
3375	115
3376	114
3377	122
3378	108
3379	107
3380	115
3381	111
3382	122
3383	97
3384	124
3385	129
3386	113
3387	127
3388	129
3389	111
3390	116
3391	102
3392	109
3393	107
3394	131
3395	138
3396	108
3397	118
3398	123
3399	96
3400	125
3401	122
3402	118
3403	143
3404	139
3405	127
3406	124
3407	116
3408	126
3409	123
3410	131
3411	122
3412	111
3413	143
3414	137
3415	122
3416	113
3417	147
3418	123
3419	136
3420	109
3421	121
3422	118
3423	119
3424	132
3425	120
3426	138
3427	146
3428	140
3429	122
3430	129
3431	130
3432	131
3433	147
3434	141
3435	146
3436	148
3437	130
3438	107
3439	144
3440	171
3441	114
3442	135
3443	171
3444	121
3445	145
3446	157
3447	147
3448	137
3449	157
3450	137
3451	127
3452	137
3453	143
3454	151
3455	139
3456	176
3457	137
3458	139
3459	132
3460	146
3461	153
3462	126
3463	133
3464	137
3465	149
3466	156
3467	193
3468	145
3469	153
3470	164
3471	162
3472	158
3473	172
3474	195
3475	158
3476	163
3477	157
3478	166
3479	162
3480	161
3481	145
3482	171
3483	146
3484	156
3485	191
3486	155
3487	162
3488	165
3489	140
3490	179
3491	181
3492	170
3493	152
3494	168
3495	144
3496	163
3497	159
3498	166
3499	152
3500	187
3501	194
3502	181
3503	179
3504	165
3505	194
3506	181
3507	158
3508	170
3509	176
3510	206
3511	197
3512	180
3513	161
3514	171
3515	199
3516	173
3517	188
3518	207
3519	173
3520	194
3521	161
3522	161
3523	177
3524	143
3525	206
3526	221
3527	190
3528	211
3529	189
3530	184
3531	201
3532	186
3533	191
3534	183
3535	193
3536	192
3537	210
3538	218
3539	186
3540	180
3541	214
3542	207
3543	219
3544	200
3545	199
3546	226
3547	200
3548	175
3549	213
3550	178
3551	216
3552	181
3553	195
3554	185
3555	193
3556	223
3557	220
3558	200
3559	219
3560	214
3561	205
3562	202
3563	198
3564	205
3565	235
3566	167
3567	210
3568	214
3569	203
3570	219
3571	240
3572	194
3573	214
3574	209
3575	204
3576	226
3577	233
3578	202
3579	235
3580	211
3581	244
3582	187
3583	211
3584	200
3585	209
3586	205
3587	218
3588	212
3589	232
3590	214
3591	229
3592	201
3593	220
3594	214
3595	217
3596	205
3597	223
3598	223
3599	207
3600	210
3601	236
3602	238
3603	206
3604	208
3605	241
3606	233
3607	218
3608	222
3609	225
3610	229
3611	212
3612	229
3613	235
3614	227
3615	234
3616	246
3617	245
3618	253
3619	231
3620	237
3621	234
3622	210
3623	235
3624	217
3625	188
3626	233
3627	213
3628	219
3629	230
3630	240
3631	200
3632	222
3633	262
3634	259
3635	229
3636	212
3637	232
3638	232
3639	221
3640	250
3641	233
3642	223
3643	240
3644	225
3645	243
3646	257
3647	252
3648	264
3649	222
3650	247
3651	217
3652	242
3653	272
3654	253
3655	247
3656	206
3657	253
3658	248
3659	229
3660	236
3661	234
3662	273
3663	245
3664	241
3665	260
3666	249
3667	246
3668	269
3669	245
3670	231
3671	228
3672	251
3673	267
3674	259
3675	250
3676	245
3677	268
3678	272
3679	219
3680	226
3681	234
3682	225
3683	244
3684	250
3685	238
3686	232
3687	238
3688	249
3689	243
3690	259
3691	226
3692	238
3693	262
3694	265
3695	215
3696	258
3697	260
3698	247
3699	248
3700	229
3701	250
3702	248
3703	268
3704	260
3705	262
3706	262
3707	261
3708	270
3709	253
3710	272
3711	268
3712	260
3713	264
3714	244
3715	271
3716	261
3717	267
3718	236
3719	265
3720	291
3721	285
3722	265
3723	272
3724	287
3725	263
3726	259
3727	305
3728	270
3729	296
3730	273
3731	281
3732	288
3733	252
3734	242
3735	288
3736	257
3737	279
3738	276
3739	274
3740	289
3741	289
3742	288
3743	255
3744	263
3745	310
3746	286
3747	310
3748	276
3749	295
3750	295
3751	278
3752	291
3753	286
3754	279
3755	310
3756	280
3757	287
3758	307
3759	290
3760	265
3761	302
3762	271
3763	292
3764	290
3765	287
3766	298
3767	311
3768	290
3769	292
3770	279
3771	315
3772	304
3773	305
3774	295
3775	289
3776	316
3777	297
3778	310
3779	292
3780	298
3781	308
3782	292
3783	285
3784	329
3785	283
3786	315
3787	291
3788	314
3789	292
3790	326
3791	290
3792	286
3793	318
3794	306
3795	306
3796	324
3797	311
3798	320
3799	293
3800	306
3801	341
3802	325
3803	330
3804	308
3805	291
3806	319
3807	307
3808	325
3809	318
3810	320
3811	315
3812	332
3813	315
3814	324
3815	321
3816	318
3817	320
3818	315
3819	326
3820	341
3821	333
3822	330
3823	366
3824	337
3825	332
3826	362
3827	327
3828	358
3829	324
3830	373
3831	378
3832	339
3833	355
3834	320
3835	381
3836	341
3837	330
3838	387
3839	339
3840	351
3841	348
3842	360
3843	322
3844	357
3845	342
3846	363
3847	362
3848	363
3849	317
3850	385
3851	377
3852	346
3853	377
3854	368
3855	391
3856	391
3857	390
3858	355
3859	375
3860	370
3861	363
3862	402
3863	321
3864	340
3865	380
3866	331
3867	360
3868	369
3869	375
3870	364
3871	393
3872	430
3873	381
3874	376
3875	376
3876	360
3877	374
3878	366
3879	374
3880	393
3881	382
3882	375
3883	403
3884	390
3885	407
3886	408
3887	376
3888	382
3889	382
3890	413
3891	374
3892	422
3893	396
3894	403
3895	375
3896	411
3897	368
3898	383
3899	403
3900	410
3901	347
3902	396
3903	417
3904	389
3905	408
3906	405
3907	424
3908	394
3909	368
3910	400
3911	407
3912	381
3913	373
3914	384
3915	406
3916	410
3917	396
3918	379
3919	398
3920	371
3921	398
3922	390
3923	403
3924	405
3925	436
3926	436
3927	415
3928	402
3929	372
3930	400
3931	401
3932	371
3933	402
3934	413
3935	386
3936	429
3937	412
3938	428
3939	442
3940	423
3941	443
3942	443
3943	436
3944	410
3945	443
3946	452
3947	421
3948	419
3949	447
3950	403
3951	415
3952	416
3953	385
3954	411
3955	429
3956	475
3957	450
3958	414
3959	453
3960	438
3961	438
3962	382
3963	443
3964	422
3965	469
3966	395
3967	404
3968	406
3969	404
3970	451
3971	435
3972	448
3973	444
3974	443
3975	410
3976	425
3977	403
3978	454
3979	435
3980	452
3981	438
3982	470
3983	438
3984	432
3985	442
3986	409
3987	449
3988	409
3989	441
3990	455
3991	421
3992	447
3993	458
3994	448
3995	432
3996	415
3997	422
3998	414
3999	435
4000	452
4001	424
4002	416
4003	421
4004	417
4005	419
4006	420
4007	449
4008	457
4009	442
4010	424
4011	419
4012	435
4013	433
4014	432
4015	444
4016	429
4017	394
4018	417
4019	419
4020	414
4021	417
4022	403
4023	416
4024	443
4025	427
4026	415
4027	402
4028	387
4029	422
4030	417
4031	436
4032	363
4033	428
4034	432
4035	422
4036	402
4037	417
4038	398
4039	422
4040	390
4041	388
4042	407
4043	436
4044	449
4045	416
4046	424
4047	412
4048	403
4049	345
4050	378
4051	414
4052	410
4053	416
4054	379
4055	398
4056	387
4057	369
4058	420
4059	414
4060	382
4061	377
4062	393
4063	392
4064	401
4065	413
4066	409
4067	357
4068	383
4069	399
4070	403
4071	398
4072	388
4073	359
4074	397
4075	382
4076	399
4077	377
4078	378
4079	389
4080	374
4081	337
4082	338
4083	361
4084	374
4085	359
4086	359
4087	370
4088	351
4089	365
4090	352
4091	396
4092	360
4093	355
4094	365
4095	336
4096	333
4097	355
4098	359
4099	348
4100	333
4101	314
4102	353
4103	322
4104	359
4105	349
4106	335
4107	351
4108	366
4109	352
4110	354
4111	337
4112	323
4113	333
4114	329
4115	324
4116	344
4117	302
4118	325
4119	349
4120	311
4121	277
4122	325
4123	362
4124	323
4125	352
4126	325
4127	352
4128	347
4129	282
4130	343
4131	282
4132	348
4133	334
4134	310
4135	315
4136	322
4137	330
4138	308
4139	315
4140	323
4141	326
4142	311
4143	315
4144	279
4145	277
4146	309
4147	266
4148	300
4149	292
4150	286
4151	300
4152	264
4153	264
4154	272
4155	269
4156	287
4157	306
4158	276
4159	279
4160	280
4161	280
4162	280
4163	266
4164	273
4165	256
4166	268
4167	256
4168	297
4169	275
4170	253
4171	263
4172	260
4173	272
4174	245
4175	261
4176	239
4177	278
4178	262
4179	252
4180	255
4181	249
4182	244
4183	293
4184	244
4185	252
4186	225
4187	251
4188	280
4189	255
4190	263
4191	216
4192	257
4193	235
4194	262
4195	254
4196	264
4197	250
4198	237
4199	232
4200	218
4201	239
4202	241
4203	245
4204	240
4205	237
4206	253
4207	243
4208	245
4209	254
4210	243
4211	235
4212	244
4213	245
4214	233
4215	238
4216	206
4217	224
4218	214
4219	235
4220	254
4221	234
4222	213
4223	211
4224	235
4225	228
4226	224
4227	237
4228	200
4229	211
4230	228
4231	200
4232	234
4233	218
4234	202
4235	220
4236	217
4237	210
4238	208
4239	205
4240	199
4241	199
4242	191
4243	213
4244	222
4245	225
4246	195
4247	213
4248	197
4249	206
4250	203
4251	188
4252	198
4253	174
4254	225
4255	227
4256	226
4257	202
4258	217
4259	203
4260	208
4261	210
4262	197
4263	203
4264	185
4265	201
4266	214
4267	187
4268	211
4269	206
4270	227
4271	195
4272	192
4273	192
4274	236
4275	221
4276	223
4277	186
4278	205
4279	190
4280	219
4281	199
4282	196
4283	211
4284	195
4285	197
4286	224
4287	195
4288	201
4289	185
4290	187
4291	219
4292	229
4293	210
4294	204
4295	227
4296	219
4297	203
4298	208
4299	196
4300	212
4301	220
4302	197
4303	206
4304	213
4305	221
4306	236
4307	199
4308	228
4309	234
4310	203
4311	202
4312	231
4313	220
4314	239
4315	233
4316	223
4317	252
4318	236
4319	224
4320	226
4321	199
4322	238
4323	225
4324	267
4325	234
4326	242
4327	241
4328	218
4329	228
4330	252
4331	257
4332	263
4333	246
4334	252
4335	249
4336	274
4337	252
4338	230
4339	240
4340	286
4341	263
4342	236
4343	263
4344	244
4345	246
4346	255
4347	299
4348	243
4349	262
4350	273
4351	310
4352	264
4353	252
4354	281
4355	259
4356	265
4357	285
4358	286
4359	261
4360	316
4361	256
4362	278
4363	272
4364	251
4365	282
4366	286
4367	296
4368	292
4369	283
4370	301
4371	305
4372	329
4373	293
4374	301
4375	323
4376	289
4377	284
4378	317
4379	285
4380	281
4381	292
4382	358
4383	334
4384	359
4385	347
4386	344
4387	335
4388	337
4389	335
4390	326
4391	317
4392	369
4393	344
4394	345
4395	328
4396	340
4397	349
4398	379
4399	366
4400	390
4401	382
4402	362
4403	354
4404	326
4405	378
4406	367
4407	375
4408	344
4409	393
4410	402
4411	393
4412	408
4413	376
4414	362
4415	411
4416	393
4417	403
4418	412
4419	418
4420	408
4421	436
4422	437
4423	443
4424	395
4425	375
4426	390
4427	437
4428	450
4429	413
4430	395
4431	435
4432	469
4433	428
4434	483
4435	502
4436	459
4437	471
4438	447
4439	477
4440	482
4441	455
4442	460
4443	475
4444	502
4445	471
4446	479
4447	505
4448	445
4449	508
4450	490
4451	448
4452	497
4453	511
4454	506
4455	520
4456	515
4457	515
4458	552
4459	498
4460	532
4461	546
4462	517
4463	519
4464	509
4465	543
4466	516
4467	514
4468	540
4469	547
4470	586
4471	523
4472	537
4473	607
4474	605
4475	553
4476	567
4477	527
4478	553
4479	585
4480	533
4481	579
4482	595
4483	601
4484	539
4485	647
4486	610
4487	619
4488	590
4489	645
4490	586
4491	618
4492	618
4493	607
4494	646
4495	623
4496	650
4497	602
4498	653
4499	652
4500	700
4501	644
4502	647
4503	710
4504	630
4505	697
4506	707
4507	670
4508	709
4509	694
4510	668
4511	678
4512	685
4513	693
4514	716
4515	682
4516	647
4517	692
4518	709
4519	699
4520	758
4521	763
4522	744
4523	696
4524	701
4525	695
4526	759
4527	712
4528	714
4529	715
4530	719
4531	743
4532	748
4533	787
4534	735
4535	736
4536	774
4537	718
4538	737
4539	794
4540	759
4541	803
4542	809
4543	780
4544	779
4545	792
4546	803
4547	814
4548	765
4549	784
4550	806
4551	812
4552	777
4553	807
4554	840
4555	793
4556	856
4557	804
4558	860
4559	805
4560	834
4561	878
4562	840
4563	857
4564	810
4565	794
4566	806
4567	870
4568	822
4569	930
4570	844
4571	853
4572	891
4573	870
4574	919
4575	861
4576	930
4577	873
4578	873
4579	844
4580	929
4581	902
4582	906
4583	870
4584	926
4585	893
4586	893
4587	904
4588	877
4589	897
4590	924
4591	922
4592	981
4593	890
4594	884
4595	906
4596	923
4597	915
4598	898
4599	931
4600	959
4601	937
4602	929
4603	980
4604	960
4605	947
4606	940
4607	920
4608	952
4609	935
4610	905
4611	940
4612	903
4613	963
4614	923
4615	939
4616	957
4617	963
4618	988
4619	963
4620	965
4621	983
4622	924
4623	984
4624	953
4625	998
4626	1009
4627	1002
4628	979
4629	995
4630	995
4631	1015
4632	949
4633	977
4634	986
4635	1043
4636	1015
4637	984
4638	1001
4639	1040
4640	1007
4641	1004
4642	999
4643	1007
4644	1025
4645	976
4646	1012
4647	1008
4648	970
4649	1004
4650	1034
4651	1036
4652	1011
4653	1112
4654	1049
4655	1047
4656	1001
4657	975
4658	1012
4659	982
4660	1033
4661	1007
4662	1036
4663	1055
4664	993
4665	1031
4666	993
4667	1029
4668	1044
4669	1081
4670	1008
4671	1005
4672	1030
4673	1104
4674	1040
4675	1029
4676	1020
4677	1011
4678	970
4679	1039
4680	964
4681	1010
4682	1083
4683	1057
4684	1033
4685	1022
4686	1015
4687	1041
4688	1102
4689	1015
4690	1083
4691	1017
4692	962
4693	1016
4694	1033
4695	1031
4696	996
4697	1011
4698	1061
4699	1078
4700	1036
4701	1005
4702	1103
4703	1031
4704	1052
4705	989
4706	1013
4707	1045
4708	1034
4709	1094
4710	1043
4711	1060
4712	1021
4713	1068
4714	1011
4715	1065
4716	1052
4717	1011
4718	1052
4719	1024
4720	1069
4721	1049
4722	1066
4723	1073
4724	980
4725	1027
4726	1043
4727	1035
4728	1059
4729	1049
4730	1050
4731	1021
4732	1026
4733	1008
4734	1033
4735	961
4736	1027
4737	1046
4738	979
4739	1030
4740	1026
4741	939
4742	989
4743	1015
4744	1023
4745	1037
4746	1022
4747	1030
4748	971
4749	1026
4750	1004
4751	1040
4752	962
4753	1017
4754	941
4755	989
4756	1001
4757	988
4758	1007
4759	976
4760	921
4761	976
4762	1009
4763	1014
4764	997
4765	1010
4766	1002
4767	952
4768	929
4769	967
4770	997
4771	915
4772	983
4773	923
4774	995
4775	959
4776	1010
4777	988
4778	978
4779	990
4780	940
4781	908
4782	896
4783	943
4784	893
4785	961
4786	953
4787	943
4788	917
4789	920
4790	891
4791	903
4792	943
4793	925
4794	959
4795	933
4796	921
4797	905
4798	994
4799	916
4800	883
4801	885
4802	889
4803	923
4804	907
4805	936
4806	989
4807	900
4808	919
4809	905
4810	892
4811	887
4812	863
4813	910
4814	878
4815	853
4816	837
4817	861
4818	921
4819	876
4820	882
4821	875
4822	918
4823	859
4824	856
4825	912
4826	882
4827	864
4828	851
4829	882
4830	860
4831	814
4832	866
4833	857
4834	816
4835	786
4836	800
4837	808
4838	844
4839	850
4840	839
4841	843
4842	804
4843	789
4844	788
4845	812
4846	826
4847	801
4848	774
4849	787
4850	785
4851	811
4852	772
4853	817
4854	777
4855	772
4856	792
4857	743
4858	726
4859	751
4860	770
4861	741
4862	818
4863	806
4864	760
4865	775
4866	758
4867	731
4868	708
4869	730
4870	753
4871	762
4872	760
4873	760
4874	713
4875	719
4876	718
4877	683
4878	737
4879	716
4880	776
4881	707
4882	714
4883	682
4884	701
4885	666
4886	667
4887	694
4888	714
4889	653
4890	681
4891	668
4892	678
4893	653
4894	681
4895	641
4896	666
4897	620
4898	627
4899	634
4900	650
4901	643
4902	650
4903	681
4904	630
4905	592
4906	632
4907	647
4908	647
4909	640
4910	605
4911	620
4912	643
4913	605
4914	628
4915	663
4916	629
4917	598
4918	590
4919	607
4920	603
4921	642
4922	617
4923	574
4924	618
4925	601
4926	591
4927	613
4928	604
4929	588
4930	545
4931	555
4932	565
4933	598
4934	557
4935	543
4936	549
4937	555
4938	538
4939	586
4940	530
4941	569
4942	534
4943	547
4944	545
4945	546
4946	545
4947	534
4948	547
4949	534
4950	537
4951	565
4952	473
4953	558
4954	528
4955	496
4956	574
4957	518
4958	542
4959	537
4960	544
4961	504
4962	498
4963	513
4964	503
4965	510
4966	512
4967	509
4968	470
4969	521
4970	514
4971	505
4972	477
4973	507
4974	520
4975	500
4976	490
4977	530
4978	476
4979	496
4980	495
4981	495
4982	472
4983	457
4984	443
4985	499
4986	493
4987	450
4988	474
4989	451
4990	466
4991	468
4992	467
4993	454
4994	446
4995	473
4996	450
4997	471
4998	463
4999	458
5000	461
5001	434
5002	472
5003	455
5004	432
5005	441
5006	474
5007	446
5008	406
5009	467
5010	469
5011	454
5012	437
5013	431
5014	419
5015	426
5016	408
5017	429
5018	424
5019	453
5020	406
5021	402
5022	421
5023	423
5024	433
5025	453
5026	443
5027	421
5028	380
5029	429
5030	419
5031	414
5032	452
5033	397
5034	390
5035	407
5036	378
5037	390
5038	412
5039	410
5040	400
5041	388
5042	400
5043	399
5044	398
5045	382
5046	366
5047	450
5048	373
5049	378
5050	417
5051	377
5052	426
5053	393
5054	403
5055	370
5056	401
5057	384
5058	350
5059	359
5060	387
5061	403
5062	371
5063	341
5064	385
5065	385
5066	393
5067	377
5068	401
5069	355
5070	381
5071	363
5072	382
5073	375
5074	372
5075	360
5076	318
5077	386
5078	349
5079	371
5080	348
5081	353
5082	377
5083	381
5084	396
5085	356
5086	358
5087	374
5088	365
5089	352
5090	379
5091	324
5092	369
5093	359
5094	356
5095	350
5096	357
5097	354
5098	333
5099	336
5100	338
5101	356
5102	363
5103	353
5104	342
5105	341
5106	363
5107	374
5108	353
5109	377
5110	354
5111	316
5112	351
5113	337
5114	327
5115	344
5116	331
5117	347
5118	377
5119	364
5120	330
5121	346
5122	346
5123	343
5124	296
5125	324
5126	346
5127	330
5128	350
5129	312
5130	317
5131	351
5132	380
5133	305
5134	344
5135	299
5136	349
5137	318
5138	346
5139	316
5140	337
5141	313
5142	333
5143	334
5144	358
5145	313
5146	334
5147	348
5148	349
5149	313
5150	344
5151	313
5152	334
5153	320
5154	336
5155	332
5156	355
5157	307
5158	314
5159	307
5160	288
5161	304
5162	280
5163	311
5164	322
5165	333
5166	299
5167	318
5168	311
5169	303
5170	314
5171	292
5172	313
5173	293
5174	287
5175	298
5176	275
5177	298
5178	278
5179	279
5180	305
5181	316
5182	288
5183	293
5184	294
5185	312
5186	295
5187	308
5188	329
5189	330
5190	276
5191	290
5192	329
5193	288
5194	306
5195	316
5196	291
5197	288
5198	307
5199	324
5200	286
5201	288
5202	287
5203	277
5204	264
5205	293
5206	274
5207	281
5208	304
5209	290
5210	275
5211	286
5212	281
5213	267
5214	289
5215	280
5216	266
5217	282
5218	268
5219	280
5220	271
5221	263
5222	253
5223	264
5224	261
5225	269
5226	277
5227	271
5228	257
5229	260
5230	304
5231	269
5232	268
5233	252
5234	268
5235	233
5236	266
5237	273
5238	268
5239	270
5240	242
5241	263
5242	254
5243	270
5244	256
5245	253
5246	275
5247	267
5248	266
5249	243
5250	246
5251	292
5252	224
5253	259
5254	261
5255	245
5256	242
5257	250
5258	237
5259	246
5260	256
5261	218
5262	228
5263	247
5264	239
5265	270
5266	202
5267	244
5268	225
5269	227
5270	262
5271	257
5272	254
5273	214
5274	232
5275	205
5276	253
5277	213
5278	214
5279	243
5280	243
5281	199
5282	233
5283	205
5284	209
5285	258
5286	231
5287	218
5288	229
5289	211
5290	222
5291	205
5292	201
5293	203
5294	231
5295	233
5296	221
5297	220
5298	225
5299	192
5300	208
5301	223
5302	195
5303	186
5304	188
5305	232
5306	206
5307	213
5308	205
5309	216
5310	199
5311	229
5312	177
5313	209
5314	200
5315	209
5316	192
5317	206
5318	210
5319	232
5320	198
5321	193
5322	176
5323	181
5324	194
5325	192
5326	191
5327	215
5328	178
5329	175
5330	181
5331	196
5332	195
5333	170
5334	189
5335	192
5336	176
5337	181
5338	181
5339	169
5340	168
5341	166
5342	193
5343	194
5344	171
5345	182
5346	176
5347	168
5348	190
5349	185
5350	185
5351	167
5352	185
5353	142
5354	176
5355	160
5356	175
5357	161
5358	168
5359	168
5360	166
5361	164
5362	158
5363	162
5364	162
5365	166
5366	157
5367	159
5368	163
5369	156
5370	143
5371	197
5372	137
5373	149
5374	144
5375	167
5376	150
5377	164
5378	162
5379	152
5380	148
5381	137
5382	145
5383	149
5384	130
5385	145
5386	161
5387	157
5388	154
5389	139
5390	143
5391	146
5392	152
5393	129
5394	156
5395	155
5396	153
5397	136
5398	122
5399	134
5400	155
5401	139
5402	154
5403	142
5404	143
5405	131
5406	143
5407	124
5408	152
5409	126
5410	146
5411	122
5412	140
5413	129
5414	100
5415	116
5416	127
5417	148
5418	102
5419	142
5420	129
5421	108
5422	118
5423	88
5424	120
5425	130
5426	125
5427	113
5428	121
5429	134
5430	117
5431	132
5432	117
5433	139
5434	128
5435	121
5436	117
5437	124
5438	117
5439	105
5440	96
5441	121
5442	131
5443	134
5444	117
5445	96
5446	102
5447	106
5448	102
5449	119
5450	75
5451	112
5452	143
5453	116
5454	98
5455	86
5456	122
5457	108
5458	111
5459	132
5460	92
5461	121
5462	110
5463	106
5464	106
5465	115
5466	106
5467	116
5468	105
5469	102
5470	92
5471	101
5472	112
5473	108
5474	111
5475	88
5476	102
5477	99
5478	90
5479	107
5480	92
5481	90
5482	75
5483	107
5484	98
5485	89
5486	115
5487	123
5488	114
5489	102
5490	106
5491	116
5492	105
5493	106
5494	92
5495	96
5496	74
5497	73
5498	93
5499	95
5500	79
5501	98
5502	102
5503	112
5504	90
5505	92
5506	88
5507	95
5508	89
5509	78
5510	81
5511	97
5512	82
5513	95
5514	78
5515	84
5516	77
5517	89
5518	85
5519	91
5520	98
5521	96
5522	98
5523	82
5524	81
5525	93
5526	102
5527	99
5528	88
5529	89
5530	91
5531	104
5532	90
5533	93
5534	93
5535	85
5536	107
5537	101
5538	76
5539	84
5540	86
5541	99
5542	77
5543	84
5544	90
5545	69
5546	92
5547	79
5548	80
5549	86
5550	84
5551	91
5552	85
5553	83
5554	87
5555	86
5556	83
5557	78
5558	86
5559	80
5560	88
5561	86
5562	85
5563	68
5564	80
5565	70
5566	75
5567	70
5568	69
5569	104
5570	83
5571	92
5572	90
5573	83
5574	82
5575	83
5576	96
5577	82
5578	83
5579	93
5580	79
5581	90
5582	66
5583	77
5584	94
5585	82
5586	82
5587	91
5588	91
5589	76
5590	73
5591	79
5592	83
5593	90
5594	77
5595	96
5596	97
5597	98
5598	88
5599	90
5600	86
5601	73
5602	89
5603	95
5604	91
5605	82
5606	82
5607	82
5608	74
5609	76
5610	73
5611	95
5612	92
5613	90
5614	93
5615	96
5616	79
5617	72
5618	98
5619	89
5620	92
5621	85
5622	101
5623	91
5624	108
5625	95
5626	98
5627	76
5628	110
5629	97
5630	82
5631	101
5632	73
5633	91
5634	93
5635	88
5636	89
5637	94
5638	82
5639	91
5640	99
5641	98
5642	89
5643	86
5644	102
5645	95
5646	89
5647	89
5648	95
5649	80
5650	103
5651	96
5652	118
5653	113
5654	89
5655	108
5656	119
5657	112
5658	86
5659	84
5660	112
5661	90
5662	108
5663	104
5664	96
5665	103
5666	97
5667	88
5668	104
5669	103
5670	103
5671	114
5672	97
5673	96
5674	108
5675	106
5676	101
5677	91
5678	111
5679	90
5680	97
5681	95
5682	105
5683	111
5684	83
5685	102
5686	102
5687	95
5688	95
5689	107
5690	113
5691	95
5692	116
5693	106
5694	107
5695	86
5696	113
5697	94
5698	101
5699	114
5700	96
5701	95
5702	107
5703	79
5704	94
5705	89
5706	103
5707	98
5708	99
5709	101
5710	105
5711	115
5712	103
5713	88
5714	120
5715	112
5716	107
5717	99
5718	107
5719	113
5720	118
5721	99
5722	109
5723	110
5724	112
5725	132
5726	105
5727	110
5728	122
5729	101
5730	107
5731	105
5732	97
5733	94
5734	107
5735	102
5736	109
5737	93
5738	111
5739	118
5740	111
5741	128
5742	130
5743	122
5744	127
5745	117
5746	95
5747	112
5748	115
5749	117
5750	137
5751	117
5752	107
5753	107
5754	123
5755	110
5756	115
5757	107
5758	115
5759	108
5760	132
5761	107
5762	136
5763	114
5764	107
5765	128
5766	120
5767	114
5768	132
5769	113
5770	132
5771	102
5772	107
5773	116
5774	116
5775	108
5776	120
5777	128
5778	124
5779	114
5780	149
5781	117
5782	125
5783	118
5784	126
5785	121
5786	118
5787	132
5788	120
5789	124
5790	110
5791	125
5792	125
5793	127
5794	114
5795	116
5796	106
5797	130
5798	124
5799	133
5800	119
5801	126
5802	124
5803	148
5804	133
5805	146
5806	141
5807	122
5808	111
5809	138
5810	117
5811	129
5812	123
5813	134
5814	132
5815	103
5816	132
5817	119
5818	124
5819	121
5820	122
5821	128
5822	129
5823	149
5824	116
5825	110
5826	130
5827	138
5828	117
5829	142
5830	148
5831	132
5832	122
5833	130
5834	126
5835	133
5836	148
5837	163
5838	131
5839	121
5840	138
5841	119
5842	152
5843	137
5844	132
5845	123
5846	131
5847	107
5848	136
5849	147
5850	133
5851	117
5852	111
5853	123
5854	134
5855	139
5856	138
5857	133
5858	119
5859	148
5860	135
5861	121
5862	120
5863	137
5864	127
5865	121
5866	141
5867	112
5868	131
5869	139
5870	118
5871	100
5872	136
5873	128
5874	104
5875	138
5876	123
5877	144
5878	128
5879	113
5880	118
5881	134
5882	136
5883	121
5884	136
5885	107
5886	128
5887	114
5888	144
5889	141
5890	147
5891	130
5892	125
5893	124
5894	119
5895	142
5896	136
5897	140
5898	152
5899	131
5900	140
5901	162
5902	139
5903	142
5904	134
5905	121
5906	125
5907	138
5908	128
5909	132
5910	145
5911	140
5912	134
5913	116
5914	123
5915	128
5916	130
5917	118
5918	124
5919	136
5920	129
5921	118
5922	126
5923	152
5924	118
5925	118
5926	119
5927	125
5928	116
5929	126
5930	148
5931	149
5932	126
5933	153
5934	123
5935	132
5936	125
5937	124
5938	117
5939	130
5940	137
5941	129
5942	137
5943	123
5944	153
5945	117
5946	113
5947	117
5948	129
5949	119
5950	123
5951	124
5952	128
5953	122
5954	116
5955	112
5956	119
5957	104
5958	109
5959	114
5960	124
5961	97
5962	120
5963	101
5964	123
5965	120
5966	118
5967	112
5968	133
5969	123
5970	119
5971	142
5972	124
5973	109
5974	122
5975	115
5976	121
5977	129
5978	135
5979	134
5980	109
5981	117
5982	98
5983	126
5984	111
5985	127
5986	112
5987	108
5988	125
5989	117
5990	119
5991	102
5992	120
5993	131
5994	112
5995	111
5996	118
5997	113
5998	116
5999	124
6000	119
6001	128
6002	96
6003	118
6004	111
6005	104
6006	123
6007	110
6008	123
6009	110
6010	104
6011	106
6012	103
6013	115
6014	92
6015	113
6016	102
6017	109
6018	107
6019	105
6020	92
6021	87
6022	85
6023	97
6024	91
6025	95
6026	107
6027	109
6028	107
6029	94
6030	85
6031	100
6032	100
6033	95
6034	102
6035	111
6036	106
6037	97
6038	88
6039	111
6040	84
6041	84
6042	101
6043	101
6044	88
6045	79
6046	94
6047	86
6048	94
6049	77
6050	84
6051	91
6052	95
6053	90
6054	88
6055	78
6056	99
6057	115
6058	89
6059	79
6060	84
6061	92
6062	88
6063	92
6064	76
6065	91
6066	74
6067	80
6068	95
6069	77
6070	86
6071	96
6072	80
6073	84
6074	97
6075	68
6076	84
6077	91
6078	88
6079	85
6080	83
6081	82
6082	83
6083	91
6084	74
6085	88
6086	77
6087	79
6088	82
6089	74
6090	74
6091	96
6092	73
6093	73
6094	87
6095	74
6096	67
6097	70
6098	71
6099	71
6100	89
6101	72
6102	73
6103	70
6104	48
6105	66
6106	77
6107	63
6108	78
6109	61
6110	89
6111	64
6112	67
6113	71
6114	78
6115	64
6116	87
6117	68
6118	60
6119	58
6120	67
6121	78
6122	59
6123	52
6124	59
6125	58
6126	67
6127	65
6128	68
6129	66
6130	74
6131	46
6132	57
6133	67
6134	56
6135	63
6136	54
6137	60
6138	71
6139	60
6140	65
6141	64
6142	74
6143	58
6144	48
6145	61
6146	73
6147	55
6148	61
6149	50
6150	46
6151	55
6152	62
6153	59
6154	60
6155	54
6156	50
6157	52
6158	60
6159	58
6160	44
6161	55
6162	52
6163	54
6164	46
6165	58
6166	63
6167	52
6168	56
6169	37
6170	47
6171	57
6172	56
6173	55
6174	49
6175	61
6176	42
6177	61
6178	46
6179	47
6180	36
6181	44
6182	56
6183	50
6184	37
6185	43
6186	57
6187	45
6188	54
6189	43
6190	40
6191	42
6192	40
6193	56
6194	43
6195	39
6196	46
6197	33
6198	30
6199	50
6200	47
6201	48
6202	35
6203	35
6204	43
6205	50
6206	42
6207	37
6208	43
6209	33
6210	37
6211	21
6212	37
6213	38
6214	34
6215	36
6216	37
6217	26
6218	40
6219	43
6220	42
6221	35
6222	34
6223	29
6224	33
6225	33
6226	41
6227	31
6228	37
6229	38
6230	31
6231	34
6232	33
6233	28
6234	39
6235	28
6236	41
6237	28
6238	33
6239	35
6240	35
6241	32
6242	35
6243	29
6244	31
6245	25
6246	38
6247	35
6248	33
6249	36
6250	25
6251	36
6252	17
6253	25
6254	39
6255	36
6256	26
6257	36
6258	20
6259	28
6260	26
6261	29
6262	27
6263	40
6264	29
6265	34
6266	30
6267	18
6268	39
6269	21
6270	18
6271	34
6272	22
6273	36
6274	19
6275	22
6276	32
6277	21
6278	29
6279	23
6280	23
6281	29
6282	12
6283	19
6284	26
6285	24
6286	22
6287	22
6288	27
6289	35
6290	22
6291	16
6292	23
6293	21
6294	24
6295	23
6296	28
6297	25
6298	28
6299	20
6300	24
6301	23
6302	14
6303	22
6304	21
6305	26
6306	17
6307	21
6308	21
6309	18
6310	22
6311	21
6312	31
6313	22
6314	13
6315	17
6316	19
6317	18
6318	16
6319	20
6320	16
6321	18
6322	21
6323	20
6324	23
6325	25
6326	15
6327	19
6328	21
6329	20
6330	18
6331	21
6332	15
6333	16
6334	19
6335	15
6336	16
6337	10
6338	18
6339	14
6340	11
6341	20
6342	20
6343	17
6344	11
6345	17
6346	23
6347	25
6348	18
6349	19
6350	27
6351	15
6352	11
6353	15
6354	15
6355	20
6356	19
6357	20
6358	17
6359	17
6360	13
6361	21
6362	15
6363	26
6364	20
6365	12
6366	16
6367	12
6368	10
6369	14
6370	12
6371	17
6372	16
6373	20
6374	12
6375	14
6376	12
6377	14
6378	14
6379	19
6380	12
6381	18
6382	15
6383	16
6384	14
6385	10
6386	14
6387	16
6388	21
6389	11
6390	9
6391	14
6392	9
6393	12
6394	17
6395	15
6396	15
6397	14
6398	17
6399	5
6400	10
6401	17
6402	15
6403	9
6404	11
6405	10
6406	15
6407	8
6408	16
6409	16
6410	16
6411	15
6412	13
6413	14
6414	18
6415	10
6416	15
6417	14
6418	11
6419	14
6420	15
6421	9
6422	10
6423	14
6424	16
6425	12
6426	12
6427	14
6428	11
6429	7
6430	13
6431	8
6432	14
6433	14
6434	8
6435	9
6436	21
6437	14
6438	22
6439	12
6440	8
6441	17
6442	12
6443	5
6444	10
6445	13
6446	9
6447	11
6448	11
6449	13
6450	16
6451	8
6452	8
6453	13
6454	16
6455	19
6456	9
6457	14
6458	9
6459	11
6460	11
6461	11
6462	15
6463	14
6464	17
6465	14
6466	11
6467	8
6468	7
6469	13
6470	11
6471	9
6472	17
6473	12
6474	21
6475	16
6476	13
6477	12
6478	14
6479	15
6480	15
6481	10
6482	7
6483	15
6484	9
6485	16
6486	5
6487	12
6488	12
6489	14
6490	11
6491	11
6492	11
6493	12
6494	6
6495	14
6496	17
6497	12
6498	5
6499	6
6500	13
6501	9
6502	8
6503	12
6504	8
6505	6
6506	16
6507	8
6508	11
6509	7
6510	13
6511	7
6512	10
6513	11
6514	10
6515	10
6516	8
6517	8
6518	11
6519	10
6520	13
6521	14
6522	6
6523	15
6524	12
6525	10
6526	13
6527	7
6528	14
6529	10
6530	12
6531	8
6532	7
6533	7
6534	10
6535	10
6536	13
6537	7
6538	14
6539	11
6540	12
6541	8
6542	13
6543	8
6544	12
6545	6
6546	6
6547	11
6548	8
6549	8
6550	9
6551	5
6552	9
6553	7
6554	16
6555	15
6556	9
6557	7
6558	6
6559	6
6560	6
6561	9
6562	6
6563	14
6564	2
6565	7
6566	14
6567	11
6568	7
6569	11
6570	10
6571	7
6572	6
6573	11
6574	8
6575	8
6576	8
6577	11
6578	5
6579	11
6580	8
6581	13
6582	7
6583	12
6584	9
6585	7
6586	14
6587	10
6588	7
6589	9
6590	7
6591	9
6592	9
6593	4
6594	9
6595	8
6596	9
6597	11
6598	6
6599	8
6600	6
6601	6
6602	10
6603	11
6604	9
6605	9
6606	10
6607	10
6608	8
6609	6
6610	11
6611	7
6612	6
6613	11
6614	5
6615	7
6616	7
6617	8
6618	10
6619	9
6620	9
6621	5
6622	7
6623	4
6624	7
6625	8
6626	6
6627	4
6628	9
6629	4
6630	8
6631	5
6632	5
6633	2
6634	7
6635	2
6636	4
6637	2
6638	7
6639	10
6640	6
6641	3
6642	4
6643	6
6644	3
6645	6
6646	3
6647	3
6648	7
6649	4
6650	4
6651	7
6652	7
6653	8
6654	4
6655	8
6656	7
6657	1
6658	6
6659	8
6660	8
6661	1
6662	6
6663	8
6664	7
6665	9
6666	3
6667	4
6668	7
6669	6
6670	7
6671	6
6672	4
6673	4
6674	4
6675	5
6676	12
6677	5
6678	9
6679	8
6680	4
6681	8
6682	9
6683	3
6684	2
6685	5
6686	6
6687	3
6688	3
6689	4
6690	4
6691	5
6692	5
6693	0
6694	10
6695	10
6696	6
6697	10
6698	11
6699	4
6700	6
6701	4
6702	2
6703	1
6704	5
6705	3
6706	6
6707	3
6708	7
6709	7
6710	2
6711	6
6712	1
6713	2
6714	5
6715	3
6716	7
6717	5
6718	6
6719	5
6720	3
6721	5
6722	7
6723	6
6724	3
6725	5
6726	5
6727	6
6728	3
6729	3
6730	5
6731	3
6732	6
6733	4
6734	6
6735	5
6736	6
6737	6
6738	2
6739	4
6740	3
6741	4
6742	5
6743	7
6744	3
6745	8
6746	4
6747	1
6748	7
6749	3
6750	6
6751	5
6752	4
6753	6
6754	6
6755	7
6756	7
6757	5
6758	2
6759	4
6760	5
6761	2
6762	8
6763	4
6764	4
6765	2
6766	3
6767	3
6768	4
6769	2
6770	3
6771	2
6772	3
6773	3
6774	1
6775	6
6776	5
6777	7
6778	6
6779	4
6780	4
6781	7
6782	5
6783	3
6784	4
6785	3
6786	2
6787	4
6788	2
6789	1
6790	6
6791	6
6792	4
6793	4
6794	3
6795	5
6796	5
6797	7
6798	5
6799	8
6800	9
6801	2
6802	4
6803	2
6804	3
6805	2
6806	3
6807	2
6808	6
6809	5
6810	4
6811	5
6812	6
6813	4
6814	6
6815	2
6816	4
6817	3
6818	5
6819	6
6820	2
6821	4
6822	2
6823	6
6824	2
6825	4
6826	4
6827	3
6828	4
6829	4
6830	1
6831	4
6832	0
6833	2
6834	3
6835	2
6836	2
6837	3
6838	4
6839	4
6840	5
6841	4
6842	4
6843	4
6844	2
6845	5
6846	5
6847	3
6848	1
6849	3
6850	5
6851	4
6852	1
6853	2
6854	3
6855	5
6856	1
6857	6
6858	4
6859	1
6860	1
6861	7
6862	0
6863	4
6864	3
6865	5
6866	6
6867	2
6868	7
6869	3
6870	5
6871	4
6872	1
6873	3
6874	2
6875	2
6876	3
6877	5
6878	0
6879	2
6880	3
6881	2
6882	3
6883	3
6884	5
6885	3
6886	1
6887	5
6888	1
6889	2
6890	3
6891	4
6892	2
6893	3
6894	6
6895	1
6896	6
6897	4
6898	4
6899	4
6900	5
6901	4
6902	3
6903	4
6904	1
6905	3
6906	6
6907	2
6908	4
6909	5
6910	2
6911	4
6912	4
6913	1
6914	5
6915	3
6916	1
6917	1
6918	3
6919	2
6920	1
6921	2
6922	6
6923	3
6924	3
6925	2
6926	1
6927	1
6928	2
6929	1
6930	1
6931	0
6932	3
6933	3
6934	1
6935	0
6936	1
6937	5
6938	0
6939	5
6940	1
6941	2
6942	1
6943	4
6944	3
6945	1
6946	5
6947	2
6948	4
6949	7
6950	5
6951	2
6952	2
6953	3
6954	5
6955	2
6956	2
6957	4
6958	5
6959	2
6960	3
6961	3
6962	4
6963	4
6964	4
6965	2
6966	2
6967	5
6968	6
6969	5
6970	4
6971	2
6972	0
6973	2
6974	3
6975	3
6976	5
6977	2
6978	1
6979	2
6980	3
6981	2
6982	1
6983	0
6984	2
6985	3
6986	2
6987	6
6988	3
6989	5
6990	3
6991	3
6992	4
6993	4
6994	5
6995	5
6996	4
6997	3
6998	1
6999	3
7000	3
7001	7
7002	2
7003	0
7004	2
7005	3
7006	1
7007	3
7008	3
7009	1
7010	2
7011	2
7012	4
7013	4
7014	1
7015	4
7016	7
7017	1
7018	2
7019	5
7020	3
7021	3
7022	6
7023	3
7024	0
7025	1
7026	5
7027	3
7028	5
7029	6
7030	2
7031	2
7032	0
7033	3
7034	7
7035	4
7036	3
7037	0
7038	2
7039	0
7040	3
7041	2
7042	4
7043	5
7044	3
7045	4
7046	1
7047	2
7048	2
7049	2
7050	2
7051	4
7052	3
7053	4
7054	3
7055	0
7056	2
7057	3
7058	1
7059	2
7060	1
7061	2
7062	2
7063	4
7064	6
7065	2
7066	6
7067	2
7068	1
7069	3
7070	1
7071	4
7072	3
7073	1
7074	4
7075	1
7076	6
7077	2
7078	3
7079	1
7080	3
7081	1
7082	2
7083	4
7084	3
7085	3
7086	3
7087	3
7088	2
7089	1
7090	3
7091	2
7092	3
7093	3
7094	2
7095	4
7096	3
7097	5
7098	4
7099	2
7100	2
7101	1
7102	3
7103	3
7104	1
7105	1
7106	2
7107	0
7108	2
7109	1
7110	3
7111	2
7112	4
7113	3
7114	2
7115	0
7116	5
7117	3
7118	3
7119	4
7120	1
7121	1
7122	0
7123	2
7124	2
7125	6
7126	3
7127	1
7128	2
7129	3
7130	1
7131	5
7132	0
7133	5
7134	1
7135	4
7136	3
7137	2
7138	3
7139	0
7140	2
7141	0
7142	3
7143	2
7144	2
7145	1
7146	1
7147	5
7148	1
7149	2
7150	2
7151	0
7152	2
7153	5
7154	2
7155	3
7156	2
7157	4
7158	4
7159	5
7160	4
7161	4
7162	0
7163	2
7164	8
7165	1
7166	3
7167	3
7168	1
7169	0
7170	1
7171	5
7172	5
7173	3
7174	2
7175	1
7176	1
7177	1
7178	3
7179	3
7180	2
7181	2
7182	4
7183	3
7184	3
7185	4
7186	3
7187	1
7188	1
7189	3
7190	5
7191	4
7192	5
7193	4
7194	1
7195	2
7196	1
7197	5
7198	4
7199	6
7200	6
7201	4
7202	4
7203	1
7204	1
7205	5
7206	3
7207	5
7208	1
7209	0
7210	3
7211	0
7212	4
7213	4
7214	1
7215	6
7216	4
7217	4
7218	0
7219	1
7220	3
7221	4
7222	2
7223	2
7224	2
7225	2
7226	1
7227	2
7228	7
7229	5
7230	4
7231	3
7232	7
7233	4
7234	3
7235	4
7236	4
7237	1
7238	2
7239	0
7240	1
7241	2
7242	1
7243	3
7244	1
7245	5
7246	1
7247	2
7248	3
7249	1
7250	2
7251	1
7252	0
7253	1
7254	4
7255	2
7256	3
7257	3
7258	2
7259	3
7260	2
7261	1
7262	3
7263	1
7264	2
7265	4
7266	1
7267	1
7268	2
7269	1
7270	4
7271	4
7272	1
7273	2
7274	2
7275	2
7276	1
7277	3
7278	3
7279	3
7280	4
7281	5
7282	6
7283	5
7284	2
7285	5
7286	2
7287	2
7288	4
7289	2
7290	1
7291	2
7292	1
7293	1
7294	1
7295	8
7296	1
7297	2
7298	3
7299	2
7300	1
7301	3
7302	0
7303	3
7304	0
7305	1
7306	4
7307	2
7308	1
7309	1
7310	1
7311	4
7312	1
7313	1
7314	0
7315	2
7316	2
7317	3
7318	0
7319	6
7320	3
7321	4
7322	1
7323	1
7324	2
7325	4
7326	4
7327	0
7328	2
7329	3
7330	2
7331	5
7332	3
7333	4
7334	2
7335	3
7336	1
7337	6
7338	2
7339	2
7340	4
7341	2
7342	1
7343	4
7344	2
7345	4
7346	3
7347	3
7348	0
7349	2
7350	3
7351	3
7352	0
7353	3
7354	2
7355	1
7356	2
7357	3
7358	3
7359	3
7360	2
7361	2
7362	2
7363	0
7364	2
7365	4
7366	1
7367	5
7368	5
7369	2
7370	1
7371	4
7372	1
7373	0
7374	2
7375	3
7376	1
7377	4
7378	2
7379	3
7380	2
7381	4
7382	2
7383	1
7384	1
7385	0
7386	2
7387	1
7388	3
7389	3
7390	1
7391	4
7392	1
7393	4
7394	0
7395	6
7396	5
7397	2
7398	3
7399	1
7400	2
7401	1
7402	3
7403	1
7404	3
7405	1
7406	6
7407	0
7408	3
7409	1
7410	2
7411	1
7412	0
7413	3
7414	6
7415	3
7416	4
7417	3
7418	4
7419	1
7420	2
7421	1
7422	5
7423	3
7424	1
7425	3
7426	1
7427	2
7428	1
7429	0
7430	1
7431	2
7432	4
7433	2
7434	2
7435	2
7436	3
7437	2
7438	4
7439	4
7440	0
7441	3
7442	1
7443	4
7444	1
7445	0
7446	5
7447	3
7448	1
7449	0
7450	2
7451	1
7452	1
7453	2
7454	2
7455	2
7456	0
7457	2
7458	2
7459	3
7460	1
7461	4
7462	4
7463	2
7464	2
7465	3
7466	2
7467	2
7468	2
7469	2
7470	4
7471	2
7472	2
7473	3
7474	3
7475	1
7476	2
7477	2
7478	1
7479	5
7480	2
7481	5
7482	2
7483	0
7484	2
7485	4
7486	3
7487	1
7488	1
7489	0
7490	2
7491	1
7492	3
7493	2
7494	4
7495	1
7496	2
7497	2
7498	1
7499	2
7500	1
7501	1
7502	2
7503	1
7504	4
7505	2
7506	3
7507	3
7508	1
7509	1
7510	4
7511	3
7512	5
7513	2
7514	4
7515	3
7516	4
7517	3
7518	5
7519	2
7520	3
7521	0
7522	4
7523	3
7524	0
7525	1
7526	4
7527	3
7528	1
7529	1
7530	1
7531	2
7532	0
7533	2
7534	0
7535	1
7536	3
7537	3
7538	3
7539	1
7540	2
7541	1
7542	1
7543	4
7544	1
7545	3
7546	1
7547	3
7548	0
7549	1
7550	0
7551	1
7552	3
7553	3
7554	4
7555	2
7556	1
7557	1
7558	0
7559	3
7560	2
7561	2
7562	2
7563	0
7564	2
7565	1
7566	0
7567	0
7568	1
7569	4
7570	3
7571	3
7572	2
7573	0
7574	1
7575	3
7576	3
7577	2
7578	1
7579	4
7580	1
7581	3
7582	5
7583	2
7584	2
7585	1
7586	1
7587	2
7588	1
7589	1
7590	0
7591	3
7592	2
7593	0
7594	2
7595	3
7596	6
7597	0
7598	0
7599	2
7600	3
7601	0
7602	2
7603	1
7604	5
7605	3
7606	3
7607	0
7608	2
7609	2
7610	3
7611	3
7612	2
7613	6
7614	2
7615	1
7616	2
7617	2
7618	2
7619	3
7620	1
7621	1
7622	3
7623	2
7624	1
7625	3
7626	0
7627	2
7628	2
7629	1
7630	3
7631	1
7632	3
7633	1
7634	0
7635	1
7636	1
7637	2
7638	1
7639	2
7640	3
7641	1
7642	3
7643	2
7644	5
7645	3
7646	2
7647	1
7648	4
7649	1
7650	4
7651	2
7652	4
7653	1
7654	1
7655	0
7656	1
7657	1
7658	4
7659	2
7660	2
7661	3
7662	3
7663	2
7664	1
7665	2
7666	1
7667	2
7668	5
7669	2
7670	0
7671	2
7672	4
7673	0
7674	4
7675	2
7676	4
7677	2
7678	3
7679	0
7680	2
7681	5
7682	2
7683	5
7684	4
7685	1
7686	4
7687	3
7688	4
7689	0
7690	2
7691	5
7692	0
7693	4
7694	1
7695	1
7696	2
7697	2
7698	3
7699	2
7700	0
7701	2
7702	3
7703	3
7704	2
7705	4
7706	0
7707	4
7708	1
7709	0
7710	2
7711	4
7712	1
7713	0
7714	4
7715	1
7716	3
7717	1
7718	1
7719	1
7720	2
7721	0
7722	2
7723	3
7724	2
7725	3
7726	1
7727	1
7728	2
7729	0
7730	1
7731	0
7732	0
7733	1
7734	1
7735	0
7736	0
7737	0
7738	1
7739	2
7740	0
7741	2
7742	0
7743	3
7744	1
7745	1
7746	0
7747	1
7748	4
7749	2
7750	1
7751	0
7752	1
7753	3
7754	2
7755	0
7756	2
7757	1
7758	3
7759	2
7760	1
7761	0
7762	1
7763	1
7764	2
7765	2
7766	1
7767	2
7768	0
7769	0
7770	1
7771	1
7772	0
7773	2
7774	2
7775	0
7776	1
7777	0
7778	1
7779	0
7780	0
7781	0
7782	4
7783	0
7784	1
7785	0
7786	2
7787	2
7788	3
7789	1
7790	0
7791	2
7792	0
7793	1
7794	0
7795	3
7796	2
7797	0
7798	0
7799	1
7800	0
7801	1
7802	0
7803	0
7804	2
7805	1
7806	0
7807	0
7808	0
7809	2
7810	1
7811	1
7812	2
7813	0
7814	0
7815	2
7816	1
7817	0
7818	1
7819	0
7820	2
7821	1
7822	0
7823	0
7824	0
7825	0
7826	0
7827	1
7828	2
7829	0
7830	0
7831	1
7832	2
7833	1
7834	0
7835	1
7836	2
7837	1
7838	1
7839	0
7840	0
7841	0
7842	0
7843	1
7844	0
7845	1
7846	1
7847	1
7848	0
7849	1
7850	1
7851	1
7852	2
7853	2
7854	1
7855	1
7856	0
7857	1
7858	0
7859	0
7860	1
7861	0
7862	2
7863	2
7864	0
7865	0
7866	1
7867	0
7868	1
7869	1
7870	0
7871	1
7872	0
7873	1
7874	1
7875	0
7876	0
7877	0
7878	1
7879	1
7880	0
7881	1
7882	1
7883	0
7884	0
7885	2
7886	0
7887	0
7888	0
7889	0
7890	0
7891	0
7892	0
7893	0
7894	0
7895	0
7896	0
7897	0
7898	0
7899	0
7900	0
7901	0
7902	0
7903	0
7904	0
7905	0
7906	0
7907	0
7908	0
7909	0
7910	0
7911	0
7912	0
7913	0
7914	0
7915	0
7916	0
7917	0
7918	0
7919	0
7920	0
7921	0
7922	0
7923	0
7924	0
7925	0
7926	0
7927	0
7928	1
7929	0
7930	0
7931	0
7932	0
7933	0
7934	0
7935	0
7936	0
7937	0
7938	0
7939	0
7940	0
7941	1
7942	0
7943	0
7944	0
7945	0
7946	0
7947	0
7948	0
7949	0
7950	0
7951	0
7952	0
7953	0
7954	0
7955	0
7956	0
7957	0
7958	0
7959	0
7960	0
7961	0
7962	0
7963	0
7964	0
7965	0
7966	0
7967	0
7968	0
7969	0
7970	0
7971	0
7972	0
7973	0
7974	0
7975	0
7976	0
7977	0
7978	0
7979	0
7980	0
7981	0
7982	0
7983	0
7984	0
7985	0
7986	0
7987	0
7988	0
7989	0
7990	0
7991	0
7992	0
7993	0
7994	0
7995	0
7996	0
7997	0
7998	0
7999	0
8000	0
8001	0
8002	0
8003	0
8004	0
8005	0
8006	0
8007	0
8008	0
8009	0
8010	0
8011	0
8012	0
8013	0
8014	0
8015	0
8016	0
8017	0
8018	0
8019	0
8020	0
8021	0
8022	0
8023	0
8024	0
8025	0
8026	0
8027	0
8028	0
8029	0
8030	0
8031	0
8032	0
8033	0
8034	0
8035	0
8036	0
8037	0
8038	0
8039	0
8040	0
8041	0
8042	0
8043	0
8044	0
8045	0
8046	0
8047	0
8048	0
8049	0
8050	0
8051	0
8052	0
8053	0
8054	0
8055	0
8056	0
8057	0
8058	0
8059	0
8060	0
8061	0
8062	0
8063	0
8064	0
8065	0
8066	0
8067	0
8068	0
8069	0
8070	0
8071	0
8072	0
8073	0
8074	0
8075	0
8076	0
8077	0
8078	0
8079	0
8080	0
8081	0
8082	0
8083	0
8084	0
8085	0
8086	0
8087	0
8088	0
8089	0
8090	0
8091	0
8092	0
8093	0
8094	0
8095	0
8096	0
8097	0
8098	0
8099	0
8100	0
8101	0
8102	0
8103	0
8104	0
8105	0
8106	0
8107	0
8108	0
8109	0
8110	0
8111	0
8112	0
8113	0
8114	0
8115	0
8116	0
8117	0
8118	0
8119	0
8120	0
8121	0
8122	0
8123	0
8124	0
8125	0
8126	0
8127	0
8128	0
8129	0
8130	0
8131	0
8132	0
8133	0
8134	0
8135	0
8136	0
8137	0
8138	0
8139	0
8140	0
8141	0
8142	0
8143	0
8144	0
8145	0
8146	0
8147	0
8148	0
8149	0
8150	0
8151	0
8152	0
8153	0
8154	0
8155	0
8156	0
8157	0
8158	0
8159	0
8160	0
8161	0
8162	0
8163	0
8164	0
8165	0
8166	0
8167	0
8168	0
8169	0
8170	0
8171	0
8172	0
8173	0
8174	0
8175	0
8176	0
8177	0
8178	0
8179	0
8180	0
8181	0
8182	0
8183	0
8184	0
8185	0
8186	0
8187	0
8188	0
8189	0
8190	0
8191	0
