0	0
1	0
2	0
3	0
4	0
5	0
6	0
7	0
8	0
9	0
10	0
11	0
12	0
13	0
14	0
15	0
16	0
17	0
18	0
19	0
20	0
21	0
22	0
23	0
24	0
25	0
26	0
27	0
28	0
29	0
30	0
31	0
32	0
33	0
34	0
35	0
36	1
37	0
38	5
39	15
40	16
41	37
42	39
43	32
44	37
45	42
46	49
47	35
48	42
49	31
50	29
51	44
52	49
53	44
54	50
55	45
56	34
57	39
58	42
59	46
60	35
61	35
62	45
63	53
64	44
65	38
66	45
67	40
68	42
69	55
70	44
71	51
72	36
73	36
74	47
75	57
76	50
77	36
78	50
79	54
80	53
81	74
82	110
83	117
84	140
85	136
86	121
87	110
88	131
89	98
90	111
91	113
92	103
93	91
94	98
95	84
96	67
97	66
98	78
99	87
100	82
101	77
102	79
103	81
104	77
105	71
106	76
107	75
108	79
109	60
110	75
111	68
112	66
113	61
114	57
115	74
116	66
117	67
118	62
119	70
120	65
121	69
122	55
123	46
124	41
125	63
126	57
127	51
128	54
129	50
130	51
131	46
132	42
133	63
134	50
135	38
136	47
137	45
138	52
139	52
140	46
141	52
142	50
143	38
144	46
145	37
146	52
147	34
148	48
149	48
150	40
151	49
152	44
153	48
154	51
155	60
156	59
157	51
158	47
159	48
160	39
161	48
162	39
163	54
164	49
165	56
166	43
167	50
168	47
169	57
170	45
171	44
172	37
173	66
174	43
175	52
176	41
177	56
178	58
179	45
180	49
181	56
182	54
183	46
184	39
185	45
186	51
187	46
188	46
189	42
190	49
191	50
192	46
193	52
194	33
195	55
196	40
197	52
198	56
199	43
200	57
201	42
202	43
203	57
204	50
205	53
206	48
207	60
208	53
209	45
210	51
211	45
212	44
213	45
214	37
215	54
216	54
217	42
218	52
219	47
220	47
221	40
222	40
223	56
224	45
225	54
226	47
227	38
228	40
229	46
230	42
231	45
232	46
233	47
234	49
235	59
236	54
237	42
238	43
239	57
240	41
241	49
242	52
243	50
244	49
245	40
246	58
247	44
248	42
249	48
250	39
251	41
252	57
253	51
254	48
255	37
256	53
257	47
258	53
259	51
260	49
261	54
262	58
263	59
264	44
265	45
266	40
267	43
268	50
269	52
270	47
271	43
272	34
273	58
274	53
275	43
276	48
277	47
278	57
279	46
280	61
281	61
282	49
283	46
284	46
285	61
286	38
287	48
288	53
289	56
290	58
291	52
292	62
293	54
294	51
295	56
296	48
297	41
298	48
299	52
300	58
301	47
302	54
303	61
304	58
305	59
306	48
307	49
308	64
309	65
310	53
311	52
312	44
313	38
314	57
315	42
316	57
317	44
318	69
319	56
320	42
321	61
322	56
323	56
324	67
325	64
326	65
327	45
328	59
329	51
330	59
331	53
332	52
333	52
334	63
335	56
336	49
337	48
338	45
339	63
340	42
341	31
342	50
343	43
344	47
345	52
346	51
347	50
348	53
349	51
350	58
351	49
352	56
353	51
354	46
355	56
356	56
357	52
358	34
359	47
360	40
361	48
362	48
363	41
364	57
365	50
366	49
367	57
368	39
369	44
370	40
371	59
372	55
373	52
374	60
375	51
376	53
377	41
378	43
379	60
380	48
381	49
382	48
383	50
384	39
385	55
386	61
387	47
388	40
389	59
390	51
391	63
392	53
393	39
394	35
395	58
396	48
397	44
398	60
399	51
400	45
401	48
402	51
403	47
404	70
405	47
406	42
407	52
408	62
409	48
410	46
411	53
412	36
413	36
414	42
415	56
416	54
417	49
418	49
419	60
420	53
421	59
422	57
423	39
424	45
425	56
426	50
427	55
428	50
429	37
430	67
431	57
432	42
433	50
434	57
435	50
436	42
437	46
438	48
439	48
440	67
441	41
442	56
443	55
444	49
445	51
446	52
447	59
448	53
449	48
450	42
451	60
452	42
453	46
454	49
455	62
456	44
457	49
458	42
459	58
460	53
461	45
462	36
463	55
464	55
465	59
466	54
467	47
468	54
469	50
470	68
471	52
472	30
473	45
474	53
475	43
476	63
477	62
478	43
479	49
480	46
481	47
482	56
483	41
484	55
485	61
486	49
487	62
488	48
489	58
490	53
491	68
492	51
493	58
494	59
495	50
496	65
497	43
498	42
499	49
500	46
501	42
502	61
503	43
504	58
505	54
506	63
507	60
508	52
509	47
510	48
511	55
512	32
513	49
514	52
515	67
516	50
517	58
518	45
519	42
520	45
521	49
522	49
523	39
524	60
525	39
526	50
527	47
528	50
529	54
530	65
531	66
532	41
533	44
534	47
535	54
536	50
537	57
538	54
539	49
540	50
541	57
542	55
543	59
544	52
545	46
546	55
547	56
548	51
549	50
550	49
551	52
552	54
553	68
554	46
555	44
556	52
557	48
558	62
559	69
560	50
561	55
562	57
563	51
564	53
565	45
566	40
567	45
568	44
569	50
570	47
571	57
572	50
573	63
574	53
575	50
576	52
577	66
578	61
579	60
580	54
581	61
582	58
583	69
584	54
585	54
586	56
587	39
588	45
589	50
590	49
591	62
592	50
593	42
594	61
595	58
596	44
597	47
598	60
599	55
600	51
601	47
602	45
603	51
604	50
605	54
606	57
607	60
608	59
609	51
610	53
611	54
612	58
613	62
614	47
615	51
616	66
617	42
618	63
619	59
620	31
621	48
622	54
623	65
624	51
625	42
626	49
627	53
628	52
629	71
630	66
631	61
632	61
633	54
634	45
635	58
636	46
637	51
638	60
639	57
640	55
641	45
642	59
643	58
644	47
645	52
646	57
647	66
648	51
649	63
650	65
651	72
652	50
653	52
654	58
655	55
656	57
657	52
658	63
659	48
660	46
661	63
662	48
663	59
664	63
665	64
666	56
667	56
668	50
669	48
670	60
671	52
672	66
673	67
674	57
675	52
676	50
677	60
678	55
679	58
680	50
681	41
682	65
683	43
684	48
685	53
686	53
687	45
688	53
689	44
690	56
691	56
692	47
693	50
694	56
695	57
696	60
697	56
698	63
699	59
700	62
701	45
702	52
703	55
704	48
705	47
706	39
707	56
708	44
709	55
710	53
711	52
712	55
713	57
714	57
715	66
716	67
717	56
718	53
719	54
720	56
721	64
722	58
723	51
724	62
725	59
726	62
727	62
728	52
729	64
730	49
731	56
732	69
733	47
734	58
735	47
736	56
737	58
738	72
739	62
740	54
741	58
742	56
743	51
744	56
745	62
746	74
747	56
748	67
749	53
750	66
751	53
752	56
753	62
754	54
755	75
756	59
757	60
758	66
759	40
760	50
761	65
762	64
763	52
764	38
765	63
766	66
767	48
768	55
769	63
770	63
771	46
772	52
773	55
774	53
775	53
776	52
777	62
778	62
779	56
780	53
781	61
782	48
783	69
784	55
785	55
786	57
787	55
788	64
789	62
790	62
791	56
792	47
793	70
794	59
795	53
796	62
797	47
798	54
799	64
800	61
801	63
802	53
803	43
804	59
805	52
806	54
807	68
808	56
809	57
810	54
811	60
812	65
813	60
814	62
815	55
816	56
817	75
818	53
819	43
820	58
821	54
822	62
823	66
824	64
825	65
826	64
827	63
828	59
829	54
830	52
831	61
832	77
833	68
834	51
835	61
836	71
837	58
838	55
839	60
840	66
841	51
842	54
843	46
844	51
845	62
846	52
847	63
848	62
849	69
850	57
851	52
852	60
853	59
854	58
855	69
856	60
857	65
858	49
859	56
860	61
861	53
862	58
863	64
864	50
865	56
866	70
867	47
868	56
869	66
870	55
871	56
872	54
873	77
874	61
875	72
876	77
877	60
878	58
879	67
880	54
881	72
882	63
883	65
884	58
885	63
886	72
887	49
888	62
889	60
890	62
891	54
892	61
893	64
894	55
895	60
896	59
897	64
898	52
899	68
900	73
901	69
902	61
903	57
904	60
905	64
906	64
907	65
908	60
909	65
910	56
911	68
912	61
913	52
914	64
915	60
916	60
917	85
918	53
919	81
920	51
921	74
922	62
923	69
924	56
925	63
926	69
927	50
928	63
929	59
930	66
931	74
932	73
933	56
934	59
935	72
936	75
937	65
938	56
939	55
940	63
941	66
942	69
943	68
944	70
945	62
946	65
947	69
948	64
949	72
950	64
951	65
952	75
953	59
954	57
955	67
956	63
957	78
958	65
959	65
960	58
961	82
962	86
963	69
964	63
965	57
966	61
967	69
968	60
969	73
970	57
971	56
972	75
973	69
974	55
975	64
976	72
977	69
978	71
979	50
980	79
981	61
982	75
983	68
984	48
985	78
986	74
987	54
988	67
989	66
990	79
991	67
992	65
993	56
994	56
995	79
996	70
997	69
998	60
999	73
1000	68
1001	73
1002	69
1003	69
1004	64
1005	68
1006	65
1007	78
1008	73
1009	72
1010	73
1011	70
1012	73
1013	81
1014	55
1015	68
1016	67
1017	71
1018	62
1019	56
1020	72
1021	73
1022	82
1023	61
1024	63
1025	64
1026	75
1027	64
1028	63
1029	69
1030	75
1031	73
1032	61
1033	51
1034	64
1035	80
1036	64
1037	61
1038	56
1039	66
1040	64
1041	76
1042	67
1043	64
1044	55
1045	57
1046	56
1047	64
1048	73
1049	61
1050	74
1051	69
1052	59
1053	72
1054	50
1055	61
1056	67
1057	62
1058	70
1059	70
1060	52
1061	68
1062	69
1063	58
1064	57
1065	73
1066	66
1067	61
1068	63
1069	66
1070	66
1071	60
1072	65
1073	65
1074	58
1075	65
1076	63
1077	64
1078	55
1079	65
1080	64
1081	56
1082	68
1083	54
1084	66
1085	67
1086	71
1087	57
1088	63
1089	61
1090	70
1091	58
1092	71
1093	70
1094	72
1095	61
1096	57
1097	66
1098	57
1099	55
1100	48
1101	65
1102	76
1103	66
1104	77
1105	61
1106	55
1107	64
1108	53
1109	69
1110	67
1111	66
1112	56
1113	63
1114	57
1115	78
1116	83
1117	66
1118	64
1119	67
1120	57
1121	76
1122	70
1123	55
1124	52
1125	61
1126	62
1127	70
1128	70
1129	51
1130	66
1131	60
1132	57
1133	59
1134	62
1135	66
1136	62
1137	66
1138	65
1139	66
1140	78
1141	55
1142	63
1143	55
1144	77
1145	49
1146	62
1147	69
1148	68
1149	64
1150	73
1151	67
1152	64
1153	54
1154	65
1155	56
1156	50
1157	63
1158	57
1159	60
1160	58
1161	54
1162	57
1163	67
1164	57
1165	56
1166	59
1167	57
1168	70
1169	80
1170	62
1171	70
1172	58
1173	75
1174	54
1175	53
1176	75
1177	59
1178	73
1179	68
1180	69
1181	64
1182	66
1183	65
1184	55
1185	61
1186	63
1187	70
1188	73
1189	51
1190	65
1191	71
1192	61
1193	70
1194	68
1195	74
1196	66
1197	44
1198	58
1199	60
1200	66
1201	70
1202	70
1203	59
1204	65
1205	76
1206	72
1207	61
1208	62
1209	52
1210	63
1211	63
1212	60
1213	68
1214	69
1215	58
1216	65
1217	61
1218	74
1219	71
1220	64
1221	60
1222	72
1223	64
1224	67
1225	59
1226	57
1227	52
1228	64
1229	68
1230	64
1231	65
1232	63
1233	64
1234	59
1235	59
1236	49
1237	62
1238	74
1239	72
1240	64
1241	66
1242	73
1243	64
1244	62
1245	59
1246	80
1247	57
1248	62
1249	68
1250	59
1251	58
1252	63
1253	63
1254	56
1255	59
1256	59
1257	65
1258	57
1259	64
1260	63
1261	71
1262	64
1263	53
1264	53
1265	79
1266	69
1267	62
1268	63
1269	69
1270	59
1271	52
1272	82
1273	61
1274	65
1275	61
1276	66
1277	57
1278	57
1279	72
1280	71
1281	57
1282	71
1283	68
1284	44
1285	52
1286	66
1287	54
1288	61
1289	55
1290	58
1291	65
1292	74
1293	54
1294	70
1295	69
1296	67
1297	60
1298	70
1299	59
1300	57
1301	56
1302	71
1303	69
1304	58
1305	64
1306	53
1307	71
1308	70
1309	58
1310	50
1311	74
1312	71
1313	60
1314	62
1315	74
1316	59
1317	48
1318	70
1319	64
1320	58
1321	51
1322	69
1323	60
1324	53
1325	73
1326	50
1327	64
1328	49
1329	62
1330	58
1331	68
1332	58
1333	60
1334	52
1335	72
1336	61
1337	67
1338	65
1339	41
1340	70
1341	57
1342	70
1343	52
1344	74
1345	65
1346	65
1347	60
1348	68
1349	49
1350	52
1351	68
1352	77
1353	60
1354	64
1355	65
1356	64
1357	68
1358	58
1359	74
1360	68
1361	68
1362	60
1363	84
1364	55
1365	58
1366	60
1367	64
1368	50
1369	75
1370	67
1371	59
1372	68
1373	57
1374	68
1375	54
1376	58
1377	77
1378	56
1379	58
1380	69
1381	63
1382	55
1383	57
1384	58
1385	73
1386	65
1387	59
1388	71
1389	75
1390	67
1391	62
1392	78
1393	70
1394	54
1395	63
1396	61
1397	60
1398	65
1399	74
1400	70
1401	55
1402	71
1403	70
1404	64
1405	55
1406	65
1407	56
1408	53
1409	59
1410	57
1411	51
1412	58
1413	50
1414	63
1415	49
1416	51
1417	63
1418	63
1419	61
1420	74
1421	52
1422	56
1423	52
1424	58
1425	57
1426	75
1427	75
1428	68
1429	72
1430	68
1431	61
1432	73
1433	68
1434	56
1435	52
1436	76
1437	56
1438	57
1439	68
1440	61
1441	69
1442	59
1443	52
1444	62
1445	60
1446	62
1447	65
1448	54
1449	43
1450	66
1451	57
1452	71
1453	66
1454	57
1455	64
1456	56
1457	65
1458	59
1459	70
1460	53
1461	69
1462	57
1463	56
1464	66
1465	58
1466	57
1467	68
1468	52
1469	57
1470	58
1471	91
1472	52
1473	71
1474	63
1475	61
1476	52
1477	72
1478	63
1479	58
1480	58
1481	67
1482	49
1483	54
1484	66
1485	62
1486	68
1487	64
1488	67
1489	60
1490	75
1491	63
1492	72
1493	74
1494	49
1495	65
1496	71
1497	57
1498	67
1499	72
1500	67
1501	69
1502	66
1503	60
1504	66
1505	68
1506	66
1507	46
1508	59
1509	81
1510	58
1511	68
1512	76
1513	45
1514	62
1515	65
1516	52
1517	51
1518	60
1519	66
1520	56
1521	62
1522	76
1523	69
1524	53
1525	68
1526	56
1527	68
1528	49
1529	71
1530	58
1531	65
1532	85
1533	63
1534	66
1535	81
1536	85
1537	57
1538	66
1539	71
1540	63
1541	51
1542	63
1543	63
1544	70
1545	59
1546	62
1547	70
1548	51
1549	64
1550	62
1551	73
1552	63
1553	50
1554	67
1555	62
1556	69
1557	56
1558	64
1559	73
1560	66
1561	63
1562	54
1563	56
1564	68
1565	48
1566	69
1567	65
1568	57
1569	47
1570	69
1571	55
1572	58
1573	81
1574	67
1575	62
1576	47
1577	47
1578	60
1579	72
1580	65
1581	64
1582	54
1583	43
1584	53
1585	53
1586	50
1587	70
1588	54
1589	70
1590	50
1591	68
1592	65
1593	55
1594	72
1595	65
1596	52
1597	53
1598	68
1599	64
1600	67
1601	53
1602	45
1603	53
1604	82
1605	49
1606	50
1607	58
1608	61
1609	63
1610	61
1611	70
1612	59
1613	44
1614	61
1615	62
1616	60
1617	56
1618	62
1619	51
1620	67
1621	63
1622	51
1623	62
1624	68
1625	67
1626	63
1627	66
1628	68
1629	50
1630	69
1631	61
1632	56
1633	78
1634	71
1635	61
1636	62
1637	61
1638	66
1639	66
1640	58
1641	61
1642	61
1643	79
1644	61
1645	63
1646	81
1647	61
1648	56
1649	65
1650	78
1651	59
1652	62
1653	67
1654	56
1655	60
1656	71
1657	57
1658	67
1659	57
1660	66
1661	55
1662	77
1663	58
1664	70
1665	56
1666	55
1667	46
1668	73
1669	58
1670	70
1671	60
1672	60
1673	54
1674	67
1675	73
1676	72
1677	63
1678	76
1679	55
1680	54
1681	48
1682	58
1683	54
1684	59
1685	68
1686	62
1687	67
1688	59
1689	70
1690	55
1691	59
1692	69
1693	56
1694	61
1695	64
1696	65
1697	66
1698	60
1699	78
1700	61
1701	53
1702	64
1703	57
1704	51
1705	62
1706	70
1707	64
1708	75
1709	59
1710	67
1711	70
1712	69
1713	56
1714	78
1715	69
1716	56
1717	64
1718	56
1719	51
1720	65
1721	61
1722	79
1723	62
1724	63
1725	82
1726	61
1727	61
1728	60
1729	70
1730	68
1731	52
1732	53
1733	62
1734	65
1735	74
1736	57
1737	54
1738	61
1739	61
1740	67
1741	56
1742	71
1743	67
1744	61
1745	62
1746	84
1747	66
1748	59
1749	57
1750	74
1751	61
1752	52
1753	69
1754	70
1755	70
1756	74
1757	61
1758	65
1759	63
1760	57
1761	67
1762	46
1763	70
1764	64
1765	57
1766	63
1767	55
1768	68
1769	62
1770	60
1771	58
1772	63
1773	65
1774	61
1775	41
1776	75
1777	41
1778	61
1779	68
1780	44
1781	64
1782	56
1783	51
1784	73
1785	42
1786	55
1787	53
1788	58
1789	57
1790	65
1791	57
1792	54
1793	78
1794	67
1795	68
1796	73
1797	73
1798	60
1799	52
1800	65
1801	51
1802	68
1803	69
1804	59
1805	52
1806	63
1807	58
1808	73
1809	77
1810	58
1811	61
1812	59
1813	68
1814	63
1815	79
1816	51
1817	49
1818	59
1819	70
1820	71
1821	75
1822	65
1823	80
1824	55
1825	71
1826	65
1827	56
1828	78
1829	64
1830	68
1831	54
1832	54
1833	52
1834	53
1835	55
1836	57
1837	69
1838	69
1839	57
1840	55
1841	72
1842	49
1843	62
1844	62
1845	67
1846	61
1847	58
1848	54
1849	77
1850	66
1851	56
1852	70
1853	59
1854	59
1855	69
1856	58
1857	58
1858	71
1859	73
1860	64
1861	51
1862	67
1863	68
1864	61
1865	62
1866	51
1867	63
1868	60
1869	57
1870	69
1871	63
1872	68
1873	60
1874	48
1875	57
1876	65
1877	61
1878	68
1879	58
1880	68
1881	57
1882	54
1883	57
1884	61
1885	51
1886	59
1887	77
1888	72
1889	69
1890	67
1891	58
1892	53
1893	62
1894	50
1895	60
1896	62
1897	59
1898	68
1899	70
1900	55
1901	67
1902	72
1903	65
1904	58
1905	71
1906	77
1907	63
1908	49
1909	62
1910	64
1911	78
1912	65
1913	55
1914	59
1915	79
1916	55
1917	57
1918	71
1919	56
1920	59
1921	45
1922	58
1923	60
1924	70
1925	65
1926	64
1927	64
1928	57
1929	60
1930	50
1931	58
1932	77
1933	54
1934	67
1935	61
1936	41
1937	63
1938	54
1939	64
1940	53
1941	56
1942	76
1943	50
1944	60
1945	56
1946	82
1947	57
1948	45
1949	57
1950	61
1951	56
1952	66
1953	69
1954	58
1955	67
1956	62
1957	57
1958	81
1959	55
1960	64
1961	72
1962	50
1963	59
1964	56
1965	60
1966	62
1967	52
1968	69
1969	61
1970	47
1971	57
1972	63
1973	66
1974	60
1975	75
1976	48
1977	70
1978	69
1979	72
1980	60
1981	63
1982	78
1983	68
1984	71
1985	50
1986	59
1987	47
1988	60
1989	47
1990	66
1991	46
1992	60
1993	47
1994	81
1995	61
1996	76
1997	56
1998	61
1999	62
2000	55
2001	49
2002	54
2003	50
2004	73
2005	61
2006	59
2007	66
2008	66
2009	62
2010	66
2011	59
2012	62
2013	57
2014	69
2015	65
2016	68
2017	62
2018	52
2019	57
2020	73
2021	68
2022	69
2023	77
2024	66
2025	71
2026	63
2027	59
2028	66
2029	70
2030	61
2031	87
2032	62
2033	58
2034	46
2035	66
2036	68
2037	71
2038	72
2039	58
2040	51
2041	66
2042	61
2043	52
2044	63
2045	52
2046	67
2047	47
2048	61
2049	79
2050	72
2051	47
2052	63
2053	59
2054	76
2055	60
2056	52
2057	59
2058	47
2059	45
2060	51
2061	54
2062	55
2063	63
2064	55
2065	59
2066	64
2067	56
2068	44
2069	61
2070	55
2071	54
2072	64
2073	60
2074	46
2075	48
2076	55
2077	73
2078	63
2079	68
2080	57
2081	54
2082	59
2083	61
2084	61
2085	65
2086	61
2087	65
2088	73
2089	67
2090	64
2091	60
2092	55
2093	63
2094	74
2095	52
2096	71
2097	65
2098	63
2099	60
2100	62
2101	45
2102	59
2103	55
2104	52
2105	70
2106	56
2107	58
2108	65
2109	61
2110	60
2111	66
2112	62
2113	52
2114	74
2115	56
2116	48
2117	52
2118	73
2119	59
2120	68
2121	57
2122	74
2123	60
2124	74
2125	68
2126	76
2127	64
2128	58
2129	68
2130	67
2131	52
2132	57
2133	71
2134	66
2135	59
2136	60
2137	71
2138	63
2139	64
2140	64
2141	69
2142	60
2143	74
2144	56
2145	85
2146	54
2147	55
2148	74
2149	64
2150	68
2151	71
2152	40
2153	64
2154	58
2155	46
2156	52
2157	63
2158	56
2159	54
2160	65
2161	70
2162	57
2163	61
2164	63
2165	68
2166	65
2167	73
2168	74
2169	72
2170	56
2171	59
2172	59
2173	65
2174	55
2175	58
2176	67
2177	71
2178	59
2179	53
2180	59
2181	60
2182	79
2183	57
2184	79
2185	66
2186	57
2187	59
2188	62
2189	63
2190	60
2191	65
2192	55
2193	57
2194	66
2195	57
2196	61
2197	59
2198	62
2199	68
2200	55
2201	71
2202	70
2203	64
2204	53
2205	71
2206	77
2207	71
2208	65
2209	51
2210	54
2211	56
2212	56
2213	54
2214	53
2215	79
2216	60
2217	71
2218	53
2219	62
2220	69
2221	64
2222	78
2223	66
2224	66
2225	61
2226	73
2227	66
2228	52
2229	70
2230	70
2231	77
2232	78
2233	69
2234	52
2235	63
2236	49
2237	64
2238	75
2239	61
2240	56
2241	67
2242	64
2243	71
2244	65
2245	56
2246	71
2247	73
2248	67
2249	68
2250	70
2251	62
2252	61
2253	77
2254	62
2255	69
2256	64
2257	45
2258	73
2259	63
2260	78
2261	70
2262	71
2263	54
2264	84
2265	76
2266	68
2267	71
2268	61
2269	62
2270	64
2271	59
2272	58
2273	77
2274	78
2275	57
2276	77
2277	69
2278	79
2279	78
2280	66
2281	82
2282	68
2283	73
2284	79
2285	68
2286	65
2287	75
2288	70
2289	68
2290	56
2291	67
2292	76
2293	71
2294	72
2295	79
2296	52
2297	74
2298	64
2299	69
2300	70
2301	49
2302	82
2303	71
2304	77
2305	83
2306	70
2307	79
2308	61
2309	77
2310	69
2311	57
2312	59
2313	76
2314	83
2315	68
2316	76
2317	73
2318	66
2319	73
2320	88
2321	71
2322	71
2323	63
2324	65
2325	69
2326	82
2327	72
2328	67
2329	79
2330	85
2331	81
2332	70
2333	76
2334	71
2335	65
2336	72
2337	77
2338	78
2339	65
2340	65
2341	84
2342	91
2343	57
2344	77
2345	76
2346	71
2347	55
2348	102
2349	80
2350	103
2351	68
2352	82
2353	66
2354	75
2355	73
2356	70
2357	74
2358	77
2359	88
2360	70
2361	84
2362	80
2363	66
2364	77
2365	84
2366	82
2367	92
2368	95
2369	86
2370	71
2371	79
2372	75
2373	68
2374	81
2375	92
2376	63
2377	96
2378	80
2379	71
2380	84
2381	84
2382	60
2383	81
2384	73
2385	70
2386	89
2387	81
2388	82
2389	76
2390	83
2391	90
2392	73
2393	73
2394	81
2395	78
2396	91
2397	84
2398	82
2399	90
2400	81
2401	98
2402	76
2403	83
2404	81
2405	77
2406	77
2407	72
2408	75
2409	73
2410	88
2411	93
2412	88
2413	94
2414	83
2415	86
2416	63
2417	71
2418	99
2419	90
2420	82
2421	72
2422	79
2423	80
2424	79
2425	90
2426	88
2427	87
2428	76
2429	75
2430	79
2431	84
2432	80
2433	72
2434	87
2435	75
2436	92
2437	81
2438	69
2439	79
2440	79
2441	85
2442	68
2443	81
2444	87
2445	71
2446	87
2447	92
2448	76
2449	85
2450	116
2451	82
2452	92
2453	74
2454	85
2455	79
2456	65
2457	79
2458	90
2459	68
2460	68
2461	70
2462	82
2463	84
2464	91
2465	74
2466	78
2467	97
2468	88
2469	71
2470	89
2471	71
2472	89
2473	80
2474	86
2475	78
2476	80
2477	66
2478	81
2479	94
2480	77
2481	75
2482	77
2483	93
2484	83
2485	81
2486	88
2487	102
2488	71
2489	83
2490	84
2491	87
2492	87
2493	79
2494	68
2495	94
2496	85
2497	85
2498	72
2499	81
2500	79
2501	86
2502	85
2503	89
2504	71
2505	82
2506	83
2507	98
2508	82
2509	87
2510	82
2511	67
2512	67
2513	73
2514	80
2515	77
2516	78
2517	81
2518	89
2519	79
2520	67
2521	78
2522	88
2523	84
2524	76
2525	85
2526	80
2527	83
2528	106
2529	79
2530	76
2531	82
2532	65
2533	75
2534	73
2535	89
2536	86
2537	71
2538	71
2539	84
2540	80
2541	95
2542	88
2543	76
2544	78
2545	79
2546	72
2547	77
2548	69
2549	75
2550	81
2551	72
2552	75
2553	96
2554	73
2555	84
2556	103
2557	94
2558	77
2559	66
2560	81
2561	84
2562	81
2563	69
2564	67
2565	81
2566	87
2567	77
2568	61
2569	77
2570	86
2571	92
2572	82
2573	77
2574	70
2575	89
2576	80
2577	73
2578	74
2579	71
2580	73
2581	70
2582	70
2583	86
2584	84
2585	80
2586	65
2587	84
2588	77
2589	79
2590	93
2591	68
2592	87
2593	75
2594	64
2595	67
2596	83
2597	93
2598	80
2599	92
2600	85
2601	76
2602	65
2603	73
2604	67
2605	63
2606	85
2607	82
2608	91
2609	84
2610	79
2611	74
2612	94
2613	87
2614	91
2615	71
2616	74
2617	90
2618	79
2619	73
2620	74
2621	74
2622	75
2623	84
2624	91
2625	80
2626	88
2627	70
2628	79
2629	78
2630	70
2631	69
2632	62
2633	81
2634	75
2635	76
2636	79
2637	95
2638	69
2639	74
2640	77
2641	59
2642	78
2643	78
2644	69
2645	78
2646	84
2647	66
2648	63
2649	66
2650	77
2651	78
2652	59
2653	70
2654	66
2655	79
2656	65
2657	77
2658	80
2659	78
2660	76
2661	84
2662	71
2663	60
2664	74
2665	64
2666	69
2667	76
2668	59
2669	55
2670	79
2671	74
2672	67
2673	94
2674	84
2675	73
2676	72
2677	85
2678	65
2679	75
2680	87
2681	81
2682	64
2683	80
2684	85
2685	67
2686	63
2687	81
2688	61
2689	74
2690	61
2691	87
2692	69
2693	59
2694	63
2695	75
2696	79
2697	70
2698	70
2699	88
2700	69
2701	75
2702	72
2703	70
2704	80
2705	60
2706	68
2707	63
2708	74
2709	58
2710	94
2711	73
2712	76
2713	80
2714	77
2715	88
2716	65
2717	77
2718	81
2719	53
2720	76
2721	67
2722	80
2723	54
2724	72
2725	70
2726	67
2727	71
2728	69
2729	74
2730	64
2731	83
2732	84
2733	72
2734	85
2735	74
2736	85
2737	81
2738	70
2739	72
2740	80
2741	69
2742	76
2743	70
2744	76
2745	79
2746	59
2747	75
2748	77
2749	81
2750	67
2751	74
2752	67
2753	85
2754	71
2755	60
2756	79
2757	57
2758	76
2759	65
2760	76
2761	69
2762	67
2763	62
2764	75
2765	77
2766	65
2767	65
2768	75
2769	65
2770	63
2771	74
2772	75
2773	50
2774	72
2775	82
2776	63
2777	68
2778	73
2779	64
2780	74
2781	58
2782	74
2783	76
2784	62
2785	48
2786	78
2787	68
2788	66
2789	72
2790	87
2791	82
2792	69
2793	63
2794	75
2795	57
2796	78
2797	66
2798	69
2799	61
2800	66
2801	71
2802	70
2803	80
2804	76
2805	64
2806	60
2807	68
2808	69
2809	69
2810	75
2811	70
2812	68
2813	54
2814	77
2815	63
2816	47
2817	66
2818	68
2819	64
2820	63
2821	68
2822	60
2823	50
2824	52
2825	65
2826	69
2827	63
2828	61
2829	78
2830	75
2831	85
2832	80
2833	70
2834	65
2835	83
2836	82
2837	72
2838	70
2839	65
2840	65
2841	76
2842	57
2843	61
2844	64
2845	80
2846	84
2847	64
2848	62
2849	68
2850	70
2851	72
2852	81
2853	65
2854	82
2855	75
2856	60
2857	69
2858	59
2859	62
2860	68
2861	63
2862	68
2863	78
2864	73
2865	63
2866	74
2867	82
2868	70
2869	85
2870	58
2871	77
2872	81
2873	70
2874	71
2875	66
2876	67
2877	76
2878	71
2879	80
2880	56
2881	70
2882	53
2883	58
2884	73
2885	68
2886	70
2887	45
2888	72
2889	73
2890	57
2891	65
2892	81
2893	58
2894	66
2895	57
2896	60
2897	59
2898	53
2899	69
2900	62
2901	71
2902	85
2903	67
2904	68
2905	73
2906	50
2907	62
2908	60
2909	69
2910	65
2911	66
2912	71
2913	77
2914	69
2915	73
2916	66
2917	62
2918	74
2919	60
2920	70
2921	74
2922	54
2923	68
2924	59
2925	65
2926	64
2927	73
2928	78
2929	68
2930	63
2931	68
2932	53
2933	53
2934	82
2935	72
2936	71
2937	63
2938	63
2939	68
2940	83
2941	68
2942	79
2943	78
2944	68
2945	73
2946	61
2947	72
2948	49
2949	67
2950	66
2951	59
2952	55
2953	70
2954	57
2955	65
2956	70
2957	68
2958	76
2959	66
2960	64
2961	79
2962	46
2963	75
2964	65
2965	63
2966	68
2967	71
2968	63
2969	75
2970	64
2971	62
2972	65
2973	58
2974	55
2975	76
2976	67
2977	61
2978	67
2979	53
2980	79
2981	61
2982	73
2983	61
2984	70
2985	56
2986	63
2987	68
2988	61
2989	60
2990	76
2991	65
2992	57
2993	67
2994	64
2995	61
2996	72
2997	63
2998	61
2999	44
3000	63
3001	61
3002	61
3003	49
3004	62
3005	58
3006	65
3007	57
3008	62
3009	61
3010	54
3011	63
3012	63
3013	72
3014	52
3015	56
3016	65
3017	83
3018	63
3019	80
3020	65
3021	66
3022	65
3023	73
3024	73
3025	76
3026	65
3027	63
3028	72
3029	66
3030	64
3031	74
3032	65
3033	63
3034	70
3035	70
3036	51
3037	63
3038	70
3039	77
3040	65
3041	56
3042	58
3043	69
3044	49
3045	74
3046	61
3047	77
3048	65
3049	66
3050	78
3051	61
3052	72
3053	72
3054	64
3055	66
3056	54
3057	73
3058	66
3059	61
3060	63
3061	56
3062	71
3063	52
3064	66
3065	63
3066	68
3067	56
3068	66
3069	66
3070	66
3071	69
3072	79
3073	60
3074	68
3075	66
3076	63
3077	59
3078	72
3079	70
3080	65
3081	75
3082	75
3083	70
3084	77
3085	71
3086	52
3087	59
3088	64
3089	59
3090	49
3091	75
3092	71
3093	75
3094	66
3095	52
3096	60
3097	54
3098	68
3099	61
3100	73
3101	67
3102	69
3103	66
3104	43
3105	60
3106	62
3107	66
3108	59
3109	55
3110	63
3111	70
3112	70
3113	67
3114	63
3115	76
3116	56
3117	73
3118	77
3119	66
3120	56
3121	60
3122	59
3123	64
3124	52
3125	46
3126	55
3127	59
3128	67
3129	90
3130	66
3131	63
3132	74
3133	52
3134	74
3135	70
3136	73
3137	65
3138	69
3139	61
3140	56
3141	54
3142	74
3143	55
3144	72
3145	64
3146	66
3147	69
3148	58
3149	71
3150	60
3151	62
3152	63
3153	65
3154	47
3155	52
3156	65
3157	67
3158	63
3159	68
3160	57
3161	57
3162	47
3163	58
3164	67
3165	60
3166	58
3167	53
3168	57
3169	59
3170	60
3171	65
3172	71
3173	61
3174	56
3175	63
3176	77
3177	72
3178	72
3179	60
3180	59
3181	60
3182	66
3183	65
3184	59
3185	58
3186	58
3187	78
3188	40
3189	54
3190	72
3191	54
3192	63
3193	60
3194	39
3195	50
3196	60
3197	53
3198	69
3199	46
3200	68
3201	54
3202	69
3203	52
3204	42
3205	65
3206	50
3207	57
3208	60
3209	68
3210	67
3211	63
3212	55
3213	62
3214	54
3215	50
3216	52
3217	60
3218	52
3219	60
3220	53
3221	57
3222	48
3223	73
3224	58
3225	57
3226	58
3227	48
3228	54
3229	61
3230	62
3231	64
3232	65
3233	57
3234	50
3235	71
3236	67
3237	67
3238	57
3239	73
3240	46
3241	64
3242	67
3243	46
3244	54
3245	68
3246	60
3247	50
3248	45
3249	64
3250	57
3251	53
3252	58
3253	68
3254	76
3255	47
3256	60
3257	64
3258	68
3259	59
3260	54
3261	53
3262	66
3263	60
3264	37
3265	66
3266	69
3267	67
3268	57
3269	73
3270	71
3271	68
3272	70
3273	65
3274	39
3275	70
3276	55
3277	58
3278	53
3279	63
3280	38
3281	70
3282	57
3283	60
3284	45
3285	48
3286	57
3287	63
3288	67
3289	54
3290	67
3291	52
3292	66
3293	63
3294	57
3295	66
3296	54
3297	64
3298	58
3299	65
3300	46
3301	62
3302	72
3303	45
3304	62
3305	45
3306	51
3307	52
3308	58
3309	58
3310	55
3311	61
3312	59
3313	57
3314	70
3315	56
3316	62
3317	52
3318	67
3319	64
3320	43
3321	48
3322	68
3323	46
3324	54
3325	55
3326	75
3327	44
3328	51
3329	71
3330	58
3331	53
3332	66
3333	64
3334	51
3335	59
3336	63
3337	62
3338	55
3339	58
3340	49
3341	50
3342	59
3343	58
3344	70
3345	42
3346	53
3347	59
3348	49
3349	51
3350	62
3351	49
3352	69
3353	59
3354	55
3355	69
3356	66
3357	55
3358	50
3359	53
3360	61
3361	39
3362	51
3363	50
3364	61
3365	62
3366	54
3367	67
3368	48
3369	45
3370	57
3371	50
3372	51
3373	60
3374	59
3375	56
3376	71
3377	54
3378	57
3379	67
3380	57
3381	54
3382	56
3383	60
3384	49
3385	58
3386	44
3387	60
3388	55
3389	49
3390	51
3391	68
3392	57
3393	50
3394	55
3395	61
3396	49
3397	59
3398	67
3399	59
3400	59
3401	52
3402	56
3403	56
3404	63
3405	64
3406	49
3407	59
3408	49
3409	53
3410	46
3411	57
3412	33
3413	59
3414	61
3415	63
3416	58
3417	46
3418	68
3419	61
3420	66
3421	43
3422	62
3423	57
3424	40
3425	45
3426	53
3427	47
3428	70
3429	54
3430	55
3431	43
3432	64
3433	58
3434	59
3435	50
3436	49
3437	54
3438	56
3439	58
3440	51
3441	40
3442	54
3443	62
3444	54
3445	67
3446	53
3447	66
3448	59
3449	55
3450	61
3451	64
3452	52
3453	62
3454	42
3455	48
3456	64
3457	54
3458	56
3459	54
3460	57
3461	57
3462	65
3463	41
3464	66
3465	45
3466	51
3467	50
3468	49
3469	57
3470	59
3471	57
3472	51
3473	63
3474	65
3475	47
3476	55
3477	56
3478	62
3479	61
3480	56
3481	41
3482	54
3483	52
3484	49
3485	57
3486	45
3487	53
3488	75
3489	46
3490	56
3491	59
3492	40
3493	55
3494	49
3495	54
3496	44
3497	40
3498	52
3499	54
3500	59
3501	52
3502	58
3503	56
3504	57
3505	59
3506	62
3507	51
3508	57
3509	64
3510	54
3511	51
3512	49
3513	54
3514	54
3515	46
3516	51
3517	63
3518	52
3519	75
3520	58
3521	56
3522	63
3523	60
3524	60
3525	61
3526	51
3527	50
3528	56
3529	61
3530	64
3531	49
3532	50
3533	55
3534	53
3535	44
3536	70
3537	49
3538	50
3539	49
3540	51
3541	59
3542	51
3543	51
3544	54
3545	67
3546	49
3547	47
3548	47
3549	51
3550	45
3551	62
3552	46
3553	42
3554	52
3555	52
3556	60
3557	50
3558	58
3559	57
3560	47
3561	37
3562	48
3563	54
3564	53
3565	48
3566	65
3567	47
3568	51
3569	44
3570	38
3571	47
3572	49
3573	72
3574	47
3575	43
3576	59
3577	49
3578	47
3579	42
3580	50
3581	55
3582	57
3583	40
3584	49
3585	61
3586	46
3587	58
3588	49
3589	42
3590	67
3591	39
3592	34
3593	53
3594	50
3595	54
3596	56
3597	51
3598	51
3599	72
3600	47
3601	44
3602	58
3603	46
3604	57
3605	52
3606	55
3607	58
3608	46
3609	46
3610	62
3611	57
3612	65
3613	50
3614	58
3615	53
3616	38
3617	48
3618	45
3619	49
3620	45
3621	66
3622	48
3623	44
3624	58
3625	56
3626	52
3627	56
3628	54
3629	49
3630	50
3631	60
3632	55
3633	58
3634	48
3635	56
3636	58
3637	70
3638	54
3639	49
3640	47
3641	56
3642	41
3643	39
3644	47
3645	65
3646	52
3647	37
3648	48
3649	59
3650	46
3651	44
3652	54
3653	61
3654	51
3655	36
3656	48
3657	61
3658	41
3659	52
3660	45
3661	48
3662	48
3663	54
3664	45
3665	42
3666	44
3667	47
3668	46
3669	42
3670	46
3671	48
3672	43
3673	55
3674	53
3675	60
3676	53
3677	49
3678	50
3679	51
3680	47
3681	47
3682	46
3683	52
3684	39
3685	47
3686	59
3687	47
3688	55
3689	42
3690	46
3691	53
3692	54
3693	51
3694	44
3695	48
3696	39
3697	48
3698	52
3699	52
3700	59
3701	50
3702	50
3703	48
3704	54
3705	59
3706	48
3707	38
3708	43
3709	64
3710	43
3711	36
3712	44
3713	55
3714	45
3715	54
3716	54
3717	65
3718	55
3719	60
3720	49
3721	49
3722	41
3723	45
3724	51
3725	51
3726	44
3727	49
3728	39
3729	49
3730	49
3731	57
3732	52
3733	42
3734	46
3735	57
3736	49
3737	45
3738	46
3739	57
3740	49
3741	49
3742	59
3743	42
3744	55
3745	38
3746	45
3747	49
3748	43
3749	58
3750	50
3751	54
3752	51
3753	55
3754	55
3755	44
3756	49
3757	60
3758	48
3759	56
3760	47
3761	53
3762	51
3763	53
3764	39
3765	48
3766	53
3767	51
3768	53
3769	45
3770	50
3771	51
3772	45
3773	51
3774	49
3775	51
3776	67
3777	44
3778	49
3779	52
3780	49
3781	55
3782	53
3783	49
3784	52
3785	54
3786	47
3787	53
3788	43
3789	59
3790	54
3791	50
3792	38
3793	52
3794	48
3795	45
3796	50
3797	48
3798	51
3799	62
3800	57
3801	61
3802	65
3803	35
3804	42
3805	58
3806	50
3807	46
3808	51
3809	43
3810	48
3811	48
3812	40
3813	50
3814	56
3815	44
3816	33
3817	55
3818	57
3819	45
3820	35
3821	47
3822	52
3823	54
3824	56
3825	62
3826	39
3827	41
3828	50
3829	50
3830	50
3831	47
3832	45
3833	40
3834	55
3835	56
3836	43
3837	34
3838	47
3839	40
3840	37
3841	53
3842	66
3843	63
3844	40
3845	54
3846	56
3847	49
3848	41
3849	52
3850	43
3851	51
3852	54
3853	50
3854	45
3855	56
3856	46
3857	45
3858	51
3859	60
3860	49
3861	39
3862	55
3863	46
3864	39
3865	40
3866	54
3867	50
3868	44
3869	58
3870	52
3871	60
3872	53
3873	58
3874	50
3875	35
3876	61
3877	58
3878	48
3879	43
3880	42
3881	56
3882	53
3883	61
3884	54
3885	57
3886	51
3887	52
3888	38
3889	28
3890	48
3891	52
3892	40
3893	50
3894	53
3895	51
3896	60
3897	54
3898	43
3899	51
3900	38
3901	52
3902	39
3903	40
3904	47
3905	52
3906	31
3907	48
3908	48
3909	39
3910	34
3911	48
3912	45
3913	43
3914	47
3915	49
3916	56
3917	44
3918	36
3919	42
3920	45
3921	45
3922	54
3923	52
3924	57
3925	53
3926	36
3927	55
3928	49
3929	44
3930	53
3931	53
3932	49
3933	51
3934	48
3935	51
3936	41
3937	32
3938	48
3939	42
3940	57
3941	66
3942	39
3943	54
3944	53
3945	44
3946	43
3947	54
3948	47
3949	42
3950	41
3951	53
3952	40
3953	42
3954	40
3955	52
3956	42
3957	57
3958	47
3959	38
3960	54
3961	57
3962	55
3963	56
3964	43
3965	41
3966	36
3967	49
3968	43
3969	57
3970	51
3971	56
3972	46
3973	47
3974	36
3975	45
3976	49
3977	53
3978	35
3979	51
3980	61
3981	52
3982	56
3983	48
3984	50
3985	42
3986	50
3987	48
3988	38
3989	61
3990	51
3991	52
3992	37
3993	46
3994	40
3995	46
3996	44
3997	40
3998	56
3999	59
4000	43
4001	49
4002	42
4003	56
4004	54
4005	38
4006	49
4007	51
4008	67
4009	45
4010	48
4011	43
4012	48
4013	55
4014	36
4015	57
4016	59
4017	45
4018	51
4019	55
4020	34
4021	48
4022	53
4023	34
4024	47
4025	56
4026	51
4027	46
4028	51
4029	47
4030	46
4031	42
4032	49
4033	41
4034	50
4035	58
4036	49
4037	35
4038	59
4039	45
4040	57
4041	59
4042	38
4043	42
4044	53
4045	41
4046	41
4047	52
4048	47
4049	51
4050	60
4051	62
4052	42
4053	51
4054	40
4055	54
4056	57
4057	65
4058	34
4059	55
4060	43
4061	45
4062	45
4063	49
4064	48
4065	50
4066	41
4067	58
4068	38
4069	37
4070	41
4071	41
4072	57
4073	44
4074	54
4075	59
4076	48
4077	46
4078	43
4079	41
4080	46
4081	42
4082	57
4083	46
4084	49
4085	47
4086	54
4087	36
4088	45
4089	41
4090	53
4091	65
4092	44
4093	38
4094	38
4095	52
4096	52
4097	30
4098	38
4099	46
4100	72
4101	45
4102	55
4103	62
4104	53
4105	70
4106	37
4107	43
4108	35
4109	47
4110	42
4111	56
4112	40
4113	49
4114	45
4115	49
4116	51
4117	61
4118	49
4119	38
4120	53
4121	58
4122	42
4123	46
4124	61
4125	41
4126	33
4127	53
4128	59
4129	41
4130	50
4131	57
4132	31
4133	35
4134	49
4135	41
4136	35
4137	33
4138	37
4139	27
4140	46
4141	46
4142	44
4143	40
4144	53
4145	42
4146	57
4147	42
4148	43
4149	50
4150	44
4151	62
4152	53
4153	58
4154	39
4155	47
4156	46
4157	51
4158	43
4159	40
4160	45
4161	43
4162	30
4163	57
4164	56
4165	53
4166	47
4167	39
4168	46
4169	45
4170	56
4171	43
4172	50
4173	50
4174	49
4175	41
4176	38
4177	47
4178	43
4179	37
4180	50
4181	54
4182	51
4183	60
4184	56
4185	43
4186	35
4187	58
4188	42
4189	58
4190	58
4191	44
4192	56
4193	47
4194	67
4195	48
4196	56
4197	45
4198	51
4199	53
4200	58
4201	49
4202	46
4203	43
4204	48
4205	56
4206	43
4207	46
4208	35
4209	45
4210	53
4211	45
4212	43
4213	48
4214	43
4215	42
4216	43
4217	43
4218	50
4219	39
4220	44
4221	64
4222	48
4223	42
4224	56
4225	48
4226	49
4227	56
4228	39
4229	44
4230	44
4231	48
4232	45
4233	41
4234	54
4235	47
4236	62
4237	50
4238	46
4239	39
4240	43
4241	57
4242	46
4243	52
4244	47
4245	38
4246	40
4247	44
4248	47
4249	43
4250	42
4251	39
4252	39
4253	52
4254	41
4255	37
4256	44
4257	48
4258	36
4259	43
4260	42
4261	46
4262	46
4263	29
4264	42
4265	53
4266	35
4267	52
4268	44
4269	43
4270	57
4271	40
4272	38
4273	47
4274	47
4275	35
4276	46
4277	51
4278	55
4279	32
4280	40
4281	48
4282	51
4283	43
4284	59
4285	53
4286	63
4287	37
4288	55
4289	46
4290	54
4291	49
4292	57
4293	44
4294	41
4295	50
4296	55
4297	45
4298	43
4299	44
4300	45
4301	50
4302	49
4303	35
4304	33
4305	45
4306	39
4307	44
4308	42
4309	51
4310	50
4311	53
4312	47
4313	52
4314	38
4315	35
4316	48
4317	44
4318	51
4319	44
4320	38
4321	42
4322	44
4323	33
4324	43
4325	49
4326	54
4327	37
4328	35
4329	35
4330	44
4331	54
4332	40
4333	43
4334	41
4335	46
4336	49
4337	48
4338	35
4339	37
4340	41
4341	35
4342	71
4343	46
4344	42
4345	39
4346	37
4347	51
4348	44
4349	52
4350	39
4351	35
4352	55
4353	41
4354	45
4355	53
4356	47
4357	41
4358	33
4359	48
4360	41
4361	35
4362	48
4363	39
4364	48
4365	46
4366	40
4367	33
4368	41
4369	52
4370	46
4371	47
4372	39
4373	46
4374	52
4375	46
4376	59
4377	52
4378	42
4379	50
4380	40
4381	44
4382	45
4383	38
4384	46
4385	33
4386	26
4387	45
4388	43
4389	46
4390	46
4391	45
4392	46
4393	40
4394	48
4395	46
4396	34
4397	45
4398	51
4399	37
4400	37
4401	39
4402	47
4403	32
4404	38
4405	37
4406	40
4407	43
4408	44
4409	33
4410	30
4411	35
4412	35
4413	47
4414	39
4415	40
4416	41
4417	37
4418	49
4419	39
4420	37
4421	34
4422	41
4423	37
4424	31
4425	31
4426	37
4427	37
4428	54
4429	43
4430	47
4431	44
4432	24
4433	36
4434	39
4435	41
4436	35
4437	40
4438	42
4439	38
4440	50
4441	31
4442	41
4443	38
4444	40
4445	44
4446	34
4447	45
4448	37
4449	27
4450	36
4451	40
4452	41
4453	36
4454	39
4455	43
4456	44
4457	43
4458	42
4459	35
4460	27
4461	43
4462	27
4463	39
4464	41
4465	30
4466	30
4467	37
4468	42
4469	41
4470	29
4471	40
4472	33
4473	41
4474	41
4475	33
4476	34
4477	37
4478	29
4479	35
4480	35
4481	37
4482	31
4483	40
4484	34
4485	41
4486	48
4487	36
4488	37
4489	42
4490	43
4491	33
4492	36
4493	31
4494	29
4495	31
4496	31
4497	37
4498	42
4499	47
4500	40
4501	36
4502	26
4503	37
4504	33
4505	39
4506	32
4507	42
4508	30
4509	45
4510	22
4511	42
4512	43
4513	31
4514	28
4515	41
4516	45
4517	38
4518	44
4519	24
4520	45
4521	39
4522	37
4523	42
4524	27
4525	45
4526	40
4527	30
4528	28
4529	46
4530	33
4531	26
4532	33
4533	35
4534	35
4535	28
4536	31
4537	33
4538	37
4539	34
4540	28
4541	38
4542	36
4543	29
4544	30
4545	27
4546	36
4547	49
4548	44
4549	32
4550	38
4551	38
4552	36
4553	37
4554	28
4555	37
4556	38
4557	23
4558	45
4559	35
4560	23
4561	31
4562	35
4563	24
4564	32
4565	25
4566	24
4567	37
4568	33
4569	39
4570	38
4571	35
4572	29
4573	28
4574	35
4575	34
4576	34
4577	30
4578	33
4579	32
4580	44
4581	48
4582	37
4583	27
4584	34
4585	35
4586	27
4587	33
4588	34
4589	22
4590	32
4591	30
4592	40
4593	28
4594	42
4595	40
4596	41
4597	36
4598	42
4599	30
4600	37
4601	26
4602	35
4603	26
4604	37
4605	23
4606	44
4607	26
4608	29
4609	29
4610	26
4611	24
4612	38
4613	25
4614	23
4615	37
4616	26
4617	36
4618	41
4619	25
4620	33
4621	31
4622	32
4623	29
4624	26
4625	21
4626	35
4627	30
4628	29
4629	32
4630	26
4631	22
4632	38
4633	27
4634	27
4635	30
4636	36
4637	27
4638	29
4639	32
4640	26
4641	27
4642	36
4643	24
4644	39
4645	34
4646	29
4647	35
4648	24
4649	35
4650	30
4651	23
4652	33
4653	38
4654	22
4655	30
4656	30
4657	32
4658	25
4659	26
4660	31
4661	23
4662	23
4663	22
4664	33
4665	23
4666	25
4667	24
4668	20
4669	33
4670	25
4671	29
4672	26
4673	34
4674	33
4675	29
4676	30
4677	22
4678	28
4679	31
4680	34
4681	29
4682	31
4683	27
4684	36
4685	25
4686	31
4687	28
4688	32
4689	27
4690	19
4691	27
4692	26
4693	38
4694	32
4695	41
4696	36
4697	26
4698	26
4699	34
4700	22
4701	32
4702	30
4703	25
4704	32
4705	32
4706	23
4707	19
4708	20
4709	28
4710	24
4711	28
4712	17
4713	33
4714	18
4715	31
4716	27
4717	25
4718	32
4719	28
4720	23
4721	29
4722	28
4723	27
4724	29
4725	23
4726	21
4727	36
4728	27
4729	22
4730	27
4731	21
4732	27
4733	17
4734	13
4735	21
4736	21
4737	20
4738	35
4739	24
4740	23
4741	23
4742	27
4743	36
4744	29
4745	20
4746	18
4747	29
4748	36
4749	25
4750	14
4751	27
4752	23
4753	20
4754	19
4755	23
4756	33
4757	34
4758	23
4759	20
4760	24
4761	16
4762	21
4763	20
4764	32
4765	21
4766	28
4767	24
4768	15
4769	22
4770	33
4771	29
4772	19
4773	23
4774	23
4775	24
4776	26
4777	23
4778	21
4779	26
4780	16
4781	23
4782	28
4783	23
4784	27
4785	25
4786	29
4787	21
4788	25
4789	31
4790	17
4791	29
4792	27
4793	19
4794	25
4795	16
4796	31
4797	20
4798	33
4799	24
4800	15
4801	32
4802	33
4803	27
4804	34
4805	31
4806	22
4807	19
4808	21
4809	27
4810	25
4811	20
4812	13
4813	32
4814	29
4815	27
4816	15
4817	21
4818	26
4819	30
4820	27
4821	27
4822	21
4823	27
4824	24
4825	27
4826	17
4827	24
4828	24
4829	27
4830	26
4831	28
4832	27
4833	24
4834	29
4835	37
4836	20
4837	24
4838	16
4839	26
4840	12
4841	18
4842	21
4843	22
4844	33
4845	20
4846	24
4847	27
4848	25
4849	29
4850	27
4851	26
4852	20
4853	27
4854	25
4855	30
4856	21
4857	25
4858	21
4859	28
4860	16
4861	29
4862	23
4863	30
4864	26
4865	15
4866	24
4867	20
4868	29
4869	16
4870	23
4871	20
4872	22
4873	27
4874	24
4875	12
4876	22
4877	18
4878	24
4879	29
4880	14
4881	31
4882	28
4883	22
4884	30
4885	22
4886	24
4887	17
4888	26
4889	23
4890	32
4891	27
4892	26
4893	39
4894	33
4895	17
4896	15
4897	26
4898	18
4899	29
4900	21
4901	21
4902	16
4903	25
4904	26
4905	28
4906	30
4907	16
4908	16
4909	20
4910	13
4911	17
4912	24
4913	20
4914	19
4915	28
4916	20
4917	12
4918	25
4919	19
4920	18
4921	24
4922	22
4923	17
4924	21
4925	18
4926	22
4927	24
4928	18
4929	21
4930	20
4931	11
4932	27
4933	16
4934	27
4935	27
4936	18
4937	17
4938	17
4939	28
4940	14
4941	25
4942	23
4943	21
4944	20
4945	20
4946	22
4947	21
4948	19
4949	21
4950	23
4951	21
4952	15
4953	15
4954	19
4955	16
4956	19
4957	18
4958	23
4959	21
4960	16
4961	17
4962	21
4963	21
4964	25
4965	25
4966	15
4967	16
4968	22
4969	11
4970	25
4971	17
4972	19
4973	20
4974	26
4975	15
4976	19
4977	27
4978	16
4979	20
4980	23
4981	26
4982	25
4983	19
4984	24
4985	20
4986	15
4987	25
4988	19
4989	22
4990	20
4991	23
4992	25
4993	17
4994	27
4995	14
4996	24
4997	14
4998	24
4999	23
5000	20
5001	20
5002	21
5003	27
5004	24
5005	24
5006	12
5007	19
5008	22
5009	16
5010	13
5011	16
5012	22
5013	20
5014	16
5015	20
5016	22
5017	15
5018	17
5019	26
5020	20
5021	11
5022	27
5023	20
5024	24
5025	27
5026	21
5027	25
5028	21
5029	13
5030	21
5031	15
5032	19
5033	26
5034	16
5035	24
5036	17
5037	18
5038	24
5039	20
5040	24
5041	21
5042	9
5043	19
5044	17
5045	21
5046	25
5047	20
5048	16
5049	21
5050	33
5051	19
5052	20
5053	15
5054	12
5055	30
5056	11
5057	20
5058	9
5059	13
5060	11
5061	23
5062	23
5063	19
5064	16
5065	16
5066	20
5067	18
5068	26
5069	21
5070	13
5071	26
5072	27
5073	20
5074	17
5075	27
5076	27
5077	18
5078	17
5079	22
5080	13
5081	14
5082	19
5083	23
5084	21
5085	20
5086	24
5087	21
5088	21
5089	26
5090	22
5091	18
5092	19
5093	26
5094	28
5095	22
5096	19
5097	29
5098	20
5099	29
5100	18
5101	18
5102	23
5103	21
5104	22
5105	19
5106	24
5107	11
5108	23
5109	17
5110	23
5111	18
5112	26
5113	24
5114	18
5115	19
5116	19
5117	18
5118	22
5119	25
5120	15
5121	16
5122	25
5123	26
5124	23
5125	18
5126	20
5127	15
5128	23
5129	23
5130	13
5131	28
5132	13
5133	26
5134	24
5135	20
5136	11
5137	16
5138	18
5139	16
5140	24
5141	15
5142	13
5143	17
5144	12
5145	19
5146	15
5147	25
5148	17
5149	17
5150	23
5151	22
5152	13
5153	19
5154	28
5155	19
5156	24
5157	14
5158	19
5159	22
5160	12
5161	19
5162	17
5163	18
5164	16
5165	17
5166	20
5167	18
5168	17
5169	18
5170	14
5171	18
5172	12
5173	26
5174	9
5175	23
5176	23
5177	25
5178	13
5179	13
5180	11
5181	13
5182	18
5183	23
5184	17
5185	23
5186	15
5187	20
5188	18
5189	26
5190	24
5191	12
5192	7
5193	18
5194	20
5195	15
5196	18
5197	11
5198	16
5199	16
5200	11
5201	19
5202	12
5203	27
5204	10
5205	16
5206	14
5207	33
5208	10
5209	17
5210	15
5211	17
5212	24
5213	17
5214	19
5215	14
5216	15
5217	24
5218	23
5219	15
5220	21
5221	25
5222	22
5223	20
5224	12
5225	15
5226	20
5227	18
5228	21
5229	20
5230	25
5231	15
5232	14
5233	20
5234	18
5235	18
5236	20
5237	25
5238	10
5239	14
5240	17
5241	13
5242	15
5243	20
5244	15
5245	28
5246	21
5247	17
5248	14
5249	18
5250	19
5251	17
5252	15
5253	16
5254	19
5255	15
5256	15
5257	21
5258	22
5259	13
5260	17
5261	20
5262	21
5263	24
5264	23
5265	14
5266	12
5267	24
5268	25
5269	18
5270	12
5271	23
5272	14
5273	19
5274	15
5275	24
5276	18
5277	14
5278	19
5279	18
5280	21
5281	18
5282	10
5283	24
5284	17
5285	15
5286	12
5287	22
5288	19
5289	18
5290	17
5291	16
5292	24
5293	16
5294	18
5295	17
5296	22
5297	15
5298	16
5299	23
5300	14
5301	12
5302	16
5303	18
5304	15
5305	19
5306	16
5307	16
5308	16
5309	14
5310	20
5311	25
5312	11
5313	17
5314	12
5315	17
5316	21
5317	24
5318	16
5319	20
5320	17
5321	22
5322	19
5323	19
5324	25
5325	15
5326	17
5327	12
5328	16
5329	13
5330	20
5331	17
5332	22
5333	16
5334	15
5335	21
5336	21
5337	18
5338	17
5339	15
5340	23
5341	18
5342	18
5343	26
5344	15
5345	11
5346	14
5347	12
5348	17
5349	23
5350	22
5351	18
5352	13
5353	18
5354	14
5355	16
5356	15
5357	19
5358	20
5359	15
5360	18
5361	15
5362	20
5363	13
5364	10
5365	26
5366	23
5367	32
5368	15
5369	14
5370	21
5371	25
5372	18
5373	17
5374	14
5375	13
5376	19
5377	21
5378	15
5379	17
5380	20
5381	17
5382	13
5383	23
5384	18
5385	24
5386	12
5387	14
5388	24
5389	22
5390	19
5391	14
5392	18
5393	16
5394	17
5395	13
5396	24
5397	15
5398	14
5399	22
5400	9
5401	14
5402	18
5403	18
5404	10
5405	17
5406	13
5407	16
5408	20
5409	19
5410	13
5411	18
5412	16
5413	26
5414	12
5415	14
5416	15
5417	22
5418	33
5419	13
5420	16
5421	12
5422	14
5423	17
5424	19
5425	13
5426	18
5427	11
5428	15
5429	15
5430	18
5431	16
5432	17
5433	18
5434	18
5435	10
5436	26
5437	10
5438	22
5439	16
5440	23
5441	21
5442	16
5443	14
5444	9
5445	15
5446	11
5447	17
5448	15
5449	12
5450	20
5451	13
5452	12
5453	14
5454	13
5455	15
5456	18
5457	24
5458	21
5459	14
5460	17
5461	20
5462	13
5463	13
5464	22
5465	13
5466	14
5467	17
5468	13
5469	22
5470	17
5471	12
5472	16
5473	12
5474	15
5475	18
5476	13
5477	16
5478	15
5479	16
5480	18
5481	14
5482	24
5483	19
5484	8
5485	13
5486	17
5487	19
5488	13
5489	9
5490	17
5491	18
5492	19
5493	21
5494	15
5495	21
5496	14
5497	17
5498	16
5499	17
5500	13
5501	14
5502	12
5503	13
5504	18
5505	19
5506	19
5507	15
5508	18
5509	10
5510	17
5511	13
5512	22
5513	19
5514	16
5515	13
5516	16
5517	18
5518	16
5519	19
5520	14
5521	14
5522	11
5523	21
5524	12
5525	10
5526	20
5527	16
5528	20
5529	18
5530	12
5531	18
5532	22
5533	18
5534	13
5535	14
5536	16
5537	14
5538	18
5539	17
5540	17
5541	18
5542	19
5543	14
5544	13
5545	15
5546	18
5547	13
5548	22
5549	12
5550	20
5551	25
5552	13
5553	12
5554	18
5555	14
5556	19
5557	11
5558	14
5559	20
5560	14
5561	19
5562	20
5563	20
5564	14
5565	11
5566	24
5567	19
5568	13
5569	19
5570	19
5571	16
5572	15
5573	16
5574	23
5575	14
5576	14
5577	20
5578	13
5579	12
5580	12
5581	22
5582	22
5583	11
5584	10
5585	19
5586	17
5587	19
5588	16
5589	16
5590	20
5591	13
5592	14
5593	18
5594	24
5595	15
5596	12
5597	18
5598	17
5599	14
5600	19
5601	13
5602	19
5603	13
5604	15
5605	21
5606	22
5607	18
5608	13
5609	18
5610	22
5611	17
5612	16
5613	28
5614	20
5615	15
5616	12
5617	17
5618	18
5619	20
5620	19
5621	7
5622	22
5623	10
5624	9
5625	13
5626	15
5627	18
5628	23
5629	17
5630	14
5631	22
5632	16
5633	16
5634	9
5635	21
5636	14
5637	16
5638	13
5639	15
5640	22
5641	16
5642	16
5643	19
5644	13
5645	16
5646	11
5647	20
5648	12
5649	18
5650	14
5651	19
5652	19
5653	18
5654	14
5655	18
5656	13
5657	22
5658	11
5659	15
5660	16
5661	15
5662	14
5663	16
5664	21
5665	15
5666	18
5667	13
5668	26
5669	17
5670	17
5671	10
5672	18
5673	13
5674	21
5675	17
5676	15
5677	22
5678	18
5679	15
5680	18
5681	13
5682	17
5683	18
5684	13
5685	12
5686	20
5687	17
5688	19
5689	11
5690	23
5691	18
5692	20
5693	16
5694	7
5695	15
5696	15
5697	20
5698	17
5699	20
5700	6
5701	18
5702	15
5703	10
5704	19
5705	12
5706	20
5707	15
5708	19
5709	9
5710	13
5711	17
5712	5
5713	17
5714	14
5715	19
5716	8
5717	21
5718	18
5719	8
5720	9
5721	13
5722	25
5723	23
5724	18
5725	21
5726	15
5727	13
5728	19
5729	17
5730	16
5731	23
5732	18
5733	13
5734	11
5735	24
5736	25
5737	15
5738	16
5739	13
5740	16
5741	19
5742	17
5743	20
5744	27
5745	15
5746	10
5747	20
5748	20
5749	16
5750	21
5751	14
5752	13
5753	14
5754	18
5755	21
5756	15
5757	15
5758	11
5759	7
5760	21
5761	11
5762	11
5763	18
5764	15
5765	20
5766	16
5767	21
5768	17
5769	12
5770	18
5771	17
5772	20
5773	18
5774	16
5775	13
5776	19
5777	15
5778	18
5779	18
5780	11
5781	16
5782	15
5783	19
5784	9
5785	11
5786	10
5787	14
5788	18
5789	13
5790	16
5791	16
5792	10
5793	9
5794	16
5795	23
5796	14
5797	12
5798	13
5799	14
5800	10
5801	11
5802	12
5803	18
5804	11
5805	14
5806	17
5807	15
5808	19
5809	18
5810	13
5811	13
5812	16
5813	14
5814	14
5815	15
5816	13
5817	25
5818	19
5819	9
5820	15
5821	15
5822	17
5823	14
5824	11
5825	14
5826	16
5827	17
5828	12
5829	15
5830	15
5831	13
5832	15
5833	15
5834	23
5835	19
5836	14
5837	12
5838	11
5839	15
5840	10
5841	17
5842	11
5843	20
5844	15
5845	18
5846	13
5847	22
5848	13
5849	18
5850	21
5851	16
5852	16
5853	10
5854	10
5855	16
5856	15
5857	19
5858	9
5859	10
5860	13
5861	13
5862	10
5863	12
5864	21
5865	15
5866	13
5867	9
5868	10
5869	6
5870	15
5871	12
5872	17
5873	18
5874	14
5875	15
5876	11
5877	15
5878	12
5879	12
5880	14
5881	12
5882	22
5883	21
5884	17
5885	15
5886	15
5887	15
5888	19
5889	18
5890	15
5891	11
5892	17
5893	22
5894	15
5895	27
5896	19
5897	12
5898	13
5899	19
5900	12
5901	19
5902	17
5903	16
5904	20
5905	17
5906	14
5907	25
5908	15
5909	22
5910	14
5911	22
5912	16
5913	18
5914	9
5915	24
5916	12
5917	20
5918	13
5919	14
5920	14
5921	11
5922	13
5923	14
5924	17
5925	15
5926	15
5927	18
5928	16
5929	16
5930	19
5931	18
5932	18
5933	22
5934	11
5935	19
5936	9
5937	18
5938	12
5939	13
5940	12
5941	14
5942	15
5943	13
5944	9
5945	14
5946	10
5947	10
5948	22
5949	14
5950	14
5951	17
5952	14
5953	18
5954	20
5955	19
5956	12
5957	16
5958	10
5959	17
5960	18
5961	18
5962	8
5963	11
5964	11
5965	16
5966	12
5967	17
5968	14
5969	11
5970	15
5971	14
5972	21
5973	14
5974	16
5975	17
5976	18
5977	16
5978	17
5979	15
5980	14
5981	15
5982	22
5983	17
5984	19
5985	20
5986	16
5987	25
5988	15
5989	10
5990	18
5991	11
5992	18
5993	15
5994	14
5995	13
5996	17
5997	18
5998	16
5999	26
6000	13
6001	16
6002	20
6003	17
6004	19
6005	15
6006	14
6007	16
6008	19
6009	13
6010	17
6011	18
6012	13
6013	22
6014	17
6015	17
6016	21
6017	25
6018	15
6019	14
6020	17
6021	17
6022	20
6023	11
6024	13
6025	15
6026	18
6027	18
6028	17
6029	20
6030	11
6031	18
6032	19
6033	13
6034	11
6035	18
6036	13
6037	18
6038	9
6039	16
6040	10
6041	13
6042	19
6043	14
6044	18
6045	22
6046	9
6047	9
6048	22
6049	19
6050	13
6051	12
6052	18
6053	9
6054	20
6055	16
6056	18
6057	19
6058	16
6059	16
6060	6
6061	25
6062	13
6063	17
6064	16
6065	12
6066	11
6067	15
6068	18
6069	18
6070	22
6071	20
6072	19
6073	15
6074	15
6075	18
6076	19
6077	16
6078	11
6079	12
6080	14
6081	17
6082	11
6083	12
6084	14
6085	15
6086	14
6087	13
6088	12
6089	15
6090	18
6091	14
6092	19
6093	25
6094	6
6095	22
6096	12
6097	19
6098	11
6099	16
6100	12
6101	23
6102	19
6103	20
6104	18
6105	12
6106	22
6107	16
6108	20
6109	12
6110	25
6111	14
6112	13
6113	17
6114	17
6115	15
6116	15
6117	17
6118	9
6119	11
6120	17
6121	11
6122	16
6123	20
6124	18
6125	14
6126	20
6127	16
6128	7
6129	14
6130	21
6131	18
6132	18
6133	14
6134	11
6135	14
6136	9
6137	12
6138	21
6139	16
6140	20
6141	15
6142	16
6143	14
6144	18
6145	12
6146	15
6147	17
6148	14
6149	15
6150	21
6151	19
6152	13
6153	8
6154	16
6155	13
6156	26
6157	19
6158	19
6159	14
6160	13
6161	13
6162	15
6163	18
6164	20
6165	20
6166	14
6167	16
6168	17
6169	15
6170	18
6171	13
6172	12
6173	15
6174	15
6175	12
6176	9
6177	18
6178	21
6179	20
6180	11
6181	15
6182	15
6183	15
6184	15
6185	23
6186	18
6187	19
6188	10
6189	14
6190	15
6191	19
6192	13
6193	21
6194	11
6195	12
6196	20
6197	23
6198	20
6199	15
6200	19
6201	14
6202	23
6203	13
6204	16
6205	18
6206	12
6207	13
6208	25
6209	9
6210	13
6211	9
6212	18
6213	14
6214	13
6215	10
6216	16
6217	11
6218	20
6219	19
6220	16
6221	18
6222	15
6223	12
6224	19
6225	19
6226	20
6227	18
6228	25
6229	21
6230	14
6231	14
6232	18
6233	19
6234	12
6235	20
6236	17
6237	18
6238	19
6239	19
6240	19
6241	19
6242	20
6243	19
6244	14
6245	15
6246	14
6247	24
6248	11
6249	23
6250	15
6251	17
6252	12
6253	20
6254	18
6255	15
6256	24
6257	18
6258	22
6259	15
6260	24
6261	25
6262	16
6263	20
6264	23
6265	14
6266	18
6267	17
6268	18
6269	15
6270	15
6271	16
6272	18
6273	19
6274	12
6275	11
6276	18
6277	15
6278	22
6279	24
6280	22
6281	23
6282	14
6283	20
6284	21
6285	21
6286	26
6287	13
6288	12
6289	15
6290	24
6291	21
6292	20
6293	20
6294	12
6295	17
6296	15
6297	20
6298	21
6299	20
6300	22
6301	18
6302	13
6303	17
6304	20
6305	19
6306	16
6307	8
6308	19
6309	20
6310	22
6311	20
6312	20
6313	17
6314	20
6315	14
6316	16
6317	27
6318	29
6319	16
6320	18
6321	22
6322	17
6323	26
6324	17
6325	26
6326	8
6327	19
6328	16
6329	20
6330	17
6331	17
6332	21
6333	22
6334	23
6335	19
6336	18
6337	21
6338	23
6339	15
6340	19
6341	21
6342	16
6343	19
6344	19
6345	19
6346	18
6347	15
6348	21
6349	19
6350	23
6351	17
6352	19
6353	22
6354	19
6355	15
6356	26
6357	24
6358	21
6359	18
6360	17
6361	23
6362	22
6363	15
6364	18
6365	25
6366	19
6367	20
6368	29
6369	23
6370	13
6371	18
6372	21
6373	24
6374	34
6375	21
6376	26
6377	14
6378	24
6379	25
6380	34
6381	26
6382	11
6383	26
6384	28
6385	24
6386	28
6387	28
6388	30
6389	20
6390	24
6391	24
6392	29
6393	28
6394	24
6395	26
6396	20
6397	24
6398	24
6399	30
6400	26
6401	30
6402	27
6403	33
6404	22
6405	27
6406	23
6407	31
6408	39
6409	30
6410	32
6411	16
6412	26
6413	28
6414	26
6415	40
6416	20
6417	34
6418	20
6419	31
6420	20
6421	30
6422	30
6423	27
6424	39
6425	35
6426	26
6427	37
6428	25
6429	24
6430	38
6431	27
6432	34
6433	29
6434	33
6435	24
6436	32
6437	25
6438	36
6439	47
6440	24
6441	35
6442	25
6443	43
6444	37
6445	31
6446	34
6447	24
6448	37
6449	26
6450	43
6451	36
6452	29
6453	34
6454	39
6455	31
6456	41
6457	31
6458	41
6459	34
6460	27
6461	28
6462	32
6463	38
6464	28
6465	33
6466	47
6467	35
6468	32
6469	28
6470	34
6471	37
6472	41
6473	39
6474	39
6475	42
6476	45
6477	40
6478	40
6479	30
6480	41
6481	36
6482	51
6483	42
6484	51
6485	31
6486	38
6487	44
6488	46
6489	44
6490	51
6491	40
6492	33
6493	42
6494	45
6495	44
6496	47
6497	44
6498	47
6499	40
6500	47
6501	48
6502	49
6503	41
6504	49
6505	48
6506	41
6507	46
6508	44
6509	45
6510	60
6511	52
6512	46
6513	41
6514	56
6515	44
6516	36
6517	54
6518	43
6519	64
6520	40
6521	49
6522	42
6523	43
6524	66
6525	48
6526	63
6527	58
6528	54
6529	67
6530	65
6531	52
6532	64
6533	67
6534	55
6535	51
6536	51
6537	54
6538	56
6539	58
6540	60
6541	69
6542	53
6543	58
6544	52
6545	47
6546	70
6547	53
6548	58
6549	66
6550	64
6551	66
6552	57
6553	63
6554	62
6555	63
6556	70
6557	71
6558	62
6559	76
6560	70
6561	70
6562	73
6563	70
6564	68
6565	62
6566	77
6567	59
6568	77
6569	80
6570	66
6571	64
6572	67
6573	70
6574	69
6575	64
6576	59
6577	73
6578	76
6579	71
6580	83
6581	80
6582	69
6583	66
6584	88
6585	86
6586	77
6587	78
6588	98
6589	63
6590	82
6591	96
6592	80
6593	95
6594	78
6595	83
6596	81
6597	85
6598	84
6599	72
6600	80
6601	78
6602	105
6603	98
6604	86
6605	67
6606	86
6607	94
6608	94
6609	83
6610	92
6611	70
6612	98
6613	100
6614	73
6615	81
6616	69
6617	99
6618	89
6619	79
6620	97
6621	92
6622	97
6623	116
6624	97
6625	79
6626	89
6627	104
6628	117
6629	101
6630	102
6631	107
6632	100
6633	86
6634	93
6635	109
6636	110
6637	107
6638	102
6639	122
6640	109
6641	123
6642	103
6643	90
6644	118
6645	112
6646	107
6647	103
6648	120
6649	106
6650	109
6651	119
6652	120
6653	114
6654	104
6655	117
6656	120
6657	111
6658	115
6659	118
6660	111
6661	130
6662	127
6663	121
6664	127
6665	125
6666	131
6667	131
6668	123
6669	122
6670	137
6671	137
6672	134
6673	100
6674	121
6675	132
6676	132
6677	138
6678	136
6679	133
6680	138
6681	153
6682	146
6683	136
6684	139
6685	145
6686	128
6687	132
6688	135
6689	129
6690	126
6691	161
6692	134
6693	130
6694	152
6695	149
6696	172
6697	152
6698	141
6699	152
6700	146
6701	127
6702	158
6703	150
6704	150
6705	151
6706	182
6707	158
6708	158
6709	160
6710	155
6711	136
6712	156
6713	155
6714	167
6715	160
6716	157
6717	183
6718	172
6719	169
6720	155
6721	149
6722	187
6723	135
6724	181
6725	151
6726	164
6727	177
6728	170
6729	179
6730	168
6731	166
6732	147
6733	147
6734	152
6735	181
6736	177
6737	162
6738	167
6739	156
6740	172
6741	190
6742	178
6743	166
6744	167
6745	167
6746	167
6747	196
6748	179
6749	183
6750	175
6751	175
6752	184
6753	172
6754	210
6755	195
6756	184
6757	177
6758	200
6759	170
6760	188
6761	172
6762	186
6763	203
6764	183
6765	204
6766	194
6767	211
6768	186
6769	176
6770	206
6771	191
6772	191
6773	232
6774	174
6775	203
6776	204
6777	185
6778	222
6779	200
6780	212
6781	224
6782	198
6783	208
6784	215
6785	198
6786	215
6787	201
6788	196
6789	183
6790	211
6791	216
6792	239
6793	201
6794	191
6795	209
6796	220
6797	235
6798	229
6799	189
6800	202
6801	242
6802	196
6803	224
6804	222
6805	215
6806	243
6807	240
6808	213
6809	230
6810	220
6811	241
6812	227
6813	242
6814	245
6815	205
6816	219
6817	237
6818	207
6819	239
6820	260
6821	269
6822	232
6823	235
6824	238
6825	270
6826	267
6827	243
6828	230
6829	226
6830	221
6831	220
6832	243
6833	265
6834	261
6835	233
6836	221
6837	229
6838	245
6839	237
6840	252
6841	257
6842	244
6843	256
6844	231
6845	248
6846	242
6847	280
6848	237
6849	252
6850	247
6851	284
6852	246
6853	254
6854	257
6855	268
6856	266
6857	249
6858	247
6859	252
6860	273
6861	260
6862	261
6863	264
6864	259
6865	285
6866	244
6867	254
6868	236
6869	277
6870	285
6871	283
6872	273
6873	272
6874	244
6875	260
6876	292
6877	263
6878	237
6879	297
6880	241
6881	293
6882	250
6883	248
6884	244
6885	293
6886	255
6887	288
6888	278
6889	263
6890	285
6891	286
6892	281
6893	279
6894	299
6895	282
6896	267
6897	295
6898	289
6899	255
6900	309
6901	292
6902	281
6903	266
6904	285
6905	319
6906	315
6907	276
6908	265
6909	284
6910	289
6911	255
6912	287
6913	289
6914	264
6915	248
6916	303
6917	297
6918	299
6919	295
6920	303
6921	265
6922	284
6923	312
6924	289
6925	257
6926	295
6927	311
6928	296
6929	278
6930	305
6931	274
6932	315
6933	285
6934	297
6935	317
6936	283
6937	290
6938	310
6939	276
6940	295
6941	267
6942	304
6943	304
6944	304
6945	301
6946	281
6947	317
6948	292
6949	322
6950	300
6951	337
6952	331
6953	315
6954	288
6955	294
6956	273
6957	290
6958	304
6959	300
6960	308
6961	278
6962	305
6963	278
6964	290
6965	310
6966	302
6967	281
6968	323
6969	290
6970	293
6971	310
6972	312
6973	291
6974	303
6975	312
6976	324
6977	281
6978	299
6979	309
6980	300
6981	288
6982	304
6983	302
6984	282
6985	341
6986	285
6987	320
6988	304
6989	304
6990	310
6991	286
6992	291
6993	285
6994	317
6995	287
6996	300
6997	284
6998	305
6999	299
7000	280
7001	287
7002	328
7003	323
7004	292
7005	328
7006	284
7007	336
7008	332
7009	329
7010	311
7011	306
7012	302
7013	307
7014	304
7015	280
7016	306
7017	315
7018	299
7019	296
7020	280
7021	304
7022	301
7023	287
7024	289
7025	291
7026	303
7027	300
7028	302
7029	317
7030	305
7031	311
7032	324
7033	312
7034	309
7035	266
7036	294
7037	300
7038	300
7039	256
7040	269
7041	313
7042	282
7043	300
7044	270
7045	275
7046	313
7047	284
7048	285
7049	287
7050	280
7051	276
7052	296
7053	263
7054	294
7055	292
7056	280
7057	320
7058	285
7059	293
7060	280
7061	252
7062	263
7063	275
7064	286
7065	251
7066	289
7067	269
7068	256
7069	303
7070	274
7071	284
7072	275
7073	304
7074	282
7075	285
7076	276
7077	260
7078	273
7079	295
7080	256
7081	292
7082	259
7083	284
7084	286
7085	271
7086	266
7087	293
7088	290
7089	251
7090	273
7091	263
7092	262
7093	245
7094	255
7095	274
7096	283
7097	255
7098	251
7099	286
7100	248
7101	243
7102	280
7103	288
7104	249
7105	277
7106	278
7107	258
7108	249
7109	246
7110	247
7111	261
7112	262
7113	255
7114	267
7115	241
7116	254
7117	262
7118	239
7119	242
7120	259
7121	292
7122	275
7123	263
7124	252
7125	239
7126	253
7127	275
7128	244
7129	224
7130	252
7131	241
7132	242
7133	244
7134	228
7135	252
7136	236
7137	254
7138	238
7139	250
7140	228
7141	212
7142	258
7143	234
7144	229
7145	217
7146	257
7147	220
7148	272
7149	254
7150	240
7151	231
7152	216
7153	224
7154	234
7155	202
7156	193
7157	206
7158	230
7159	209
7160	217
7161	211
7162	230
7163	229
7164	226
7165	224
7166	228
7167	230
7168	226
7169	212
7170	189
7171	204
7172	209
7173	231
7174	225
7175	197
7176	225
7177	219
7178	212
7179	199
7180	189
7181	215
7182	217
7183	218
7184	198
7185	208
7186	211
7187	233
7188	216
7189	204
7190	237
7191	219
7192	194
7193	194
7194	210
7195	151
7196	182
7197	205
7198	205
7199	175
7200	219
7201	206
7202	188
7203	197
7204	224
7205	190
7206	189
7207	201
7208	202
7209	202
7210	196
7211	187
7212	180
7213	193
7214	204
7215	179
7216	173
7217	153
7218	175
7219	183
7220	161
7221	155
7222	180
7223	176
7224	163
7225	183
7226	181
7227	171
7228	159
7229	160
7230	168
7231	175
7232	164
7233	183
7234	165
7235	154
7236	170
7237	166
7238	154
7239	169
7240	161
7241	153
7242	161
7243	160
7244	160
7245	156
7246	154
7247	167
7248	155
7249	150
7250	141
7251	145
7252	132
7253	141
7254	171
7255	166
7256	148
7257	132
7258	142
7259	138
7260	153
7261	127
7262	146
7263	155
7264	160
7265	149
7266	121
7267	112
7268	139
7269	134
7270	146
7271	150
7272	135
7273	135
7274	136
7275	132
7276	137
7277	143
7278	146
7279	129
7280	132
7281	135
7282	112
7283	133
7284	118
7285	109
7286	126
7287	108
7288	129
7289	112
7290	126
7291	114
7292	115
7293	122
7294	102
7295	107
7296	134
7297	98
7298	101
7299	113
7300	100
7301	93
7302	128
7303	98
7304	113
7305	105
7306	140
7307	117
7308	110
7309	112
7310	94
7311	106
7312	108
7313	112
7314	93
7315	104
7316	102
7317	88
7318	116
7319	88
7320	112
7321	114
7322	99
7323	96
7324	91
7325	110
7326	104
7327	87
7328	91
7329	95
7330	99
7331	91
7332	91
7333	86
7334	88
7335	82
7336	90
7337	93
7338	99
7339	83
7340	90
7341	101
7342	98
7343	108
7344	72
7345	59
7346	87
7347	60
7348	84
7349	73
7350	97
7351	99
7352	64
7353	75
7354	79
7355	67
7356	90
7357	84
7358	71
7359	69
7360	70
7361	86
7362	73
7363	58
7364	71
7365	58
7366	85
7367	69
7368	67
7369	74
7370	82
7371	73
7372	68
7373	60
7374	68
7375	62
7376	59
7377	66
7378	54
7379	72
7380	65
7381	66
7382	59
7383	69
7384	60
7385	64
7386	57
7387	77
7388	68
7389	67
7390	51
7391	52
7392	62
7393	55
7394	58
7395	61
7396	47
7397	70
7398	69
7399	52
7400	45
7401	40
7402	44
7403	68
7404	46
7405	66
7406	57
7407	61
7408	56
7409	44
7410	50
7411	56
7412	50
7413	54
7414	45
7415	43
7416	49
7417	45
7418	48
7419	63
7420	55
7421	55
7422	53
7423	48
7424	51
7425	51
7426	34
7427	57
7428	43
7429	41
7430	47
7431	58
7432	42
7433	33
7434	42
7435	46
7436	45
7437	40
7438	44
7439	45
7440	44
7441	31
7442	37
7443	29
7444	38
7445	34
7446	50
7447	37
7448	36
7449	40
7450	29
7451	46
7452	46
7453	38
7454	43
7455	33
7456	43
7457	50
7458	49
7459	38
7460	27
7461	50
7462	34
7463	32
7464	49
7465	36
7466	48
7467	37
7468	34
7469	34
7470	34
7471	36
7472	40
7473	36
7474	39
7475	32
7476	34
7477	28
7478	21
7479	28
7480	24
7481	25
7482	28
7483	21
7484	16
7485	17
7486	15
7487	14
7488	10
7489	14
7490	11
7491	15
7492	8
7493	8
7494	4
7495	4
7496	7
7497	4
7498	7
7499	0
7500	2
7501	3
7502	1
7503	1
7504	8
7505	2
7506	4
7507	3
7508	2
7509	2
7510	2
7511	2
7512	1
7513	1
7514	0
7515	0
7516	1
7517	1
7518	1
7519	2
7520	2
7521	0
7522	1
7523	0
7524	0
7525	0
7526	1
7527	0
7528	0
7529	0
7530	0
7531	0
7532	1
7533	0
7534	0
7535	0
7536	0
7537	0
7538	0
7539	1
7540	0
7541	0
7542	0
7543	0
7544	1
7545	1
7546	0
7547	1
7548	0
7549	0
7550	0
7551	0
7552	0
7553	1
7554	0
7555	0
7556	0
7557	0
7558	2
7559	0
7560	0
7561	1
7562	0
7563	0
7564	0
7565	0
7566	1
7567	0
7568	0
7569	0
7570	0
7571	0
7572	0
7573	1
7574	2
7575	0
7576	0
7577	0
7578	1
7579	1
7580	0
7581	0
7582	0
7583	0
7584	0
7585	0
7586	0
7587	1
7588	0
7589	0
7590	0
7591	1
7592	0
7593	0
7594	0
7595	0
7596	0
7597	0
7598	0
7599	0
7600	0
7601	0
7602	0
7603	0
7604	0
7605	0
7606	0
7607	0
7608	0
7609	0
7610	1
7611	0
7612	0
7613	0
7614	0
7615	0
7616	0
7617	0
7618	0
7619	0
7620	0
7621	0
7622	0
7623	0
7624	0
7625	0
7626	0
7627	0
7628	0
7629	0
7630	0
7631	0
7632	0
7633	0
7634	0
7635	0
7636	0
7637	0
7638	0
7639	0
7640	0
7641	0
7642	0
7643	1
7644	0
7645	0
7646	0
7647	0
7648	0
7649	0
7650	0
7651	0
7652	0
7653	0
7654	0
7655	0
7656	0
7657	0
7658	0
7659	0
7660	0
7661	0
7662	0
7663	1
7664	0
7665	0
7666	0
7667	1
7668	0
7669	0
7670	0
7671	0
7672	0
7673	0
7674	0
7675	1
7676	0
7677	0
7678	0
7679	0
7680	0
7681	0
7682	0
7683	0
7684	0
7685	0
7686	0
7687	0
7688	0
7689	0
7690	0
7691	0
7692	0
7693	0
7694	0
7695	0
7696	0
7697	1
7698	0
7699	0
7700	0
7701	1
7702	1
7703	0
7704	0
7705	0
7706	0
7707	0
7708	0
7709	0
7710	0
7711	0
7712	0
7713	0
7714	0
7715	0
7716	0
7717	0
7718	0
7719	0
7720	0
7721	0
7722	0
7723	0
7724	0
7725	0
7726	0
7727	0
7728	0
7729	0
7730	0
7731	0
7732	1
7733	0
7734	0
7735	0
7736	0
7737	0
7738	0
7739	0
7740	0
7741	0
7742	0
7743	0
7744	0
7745	0
7746	0
7747	0
7748	0
7749	0
7750	0
7751	0
7752	0
7753	0
7754	0
7755	0
7756	0
7757	0
7758	0
7759	0
7760	0
7761	0
7762	0
7763	0
7764	0
7765	0
7766	0
7767	0
7768	0
7769	1
7770	0
7771	0
7772	0
7773	0
7774	0
7775	0
7776	0
7777	0
7778	0
7779	0
7780	0
7781	0
7782	0
7783	0
7784	0
7785	0
7786	0
7787	0
7788	0
7789	0
7790	0
7791	0
7792	0
7793	0
7794	0
7795	0
7796	0
7797	0
7798	0
7799	0
7800	0
7801	0
7802	0
7803	0
7804	0
7805	0
7806	0
7807	0
7808	0
7809	0
7810	0
7811	0
7812	0
7813	0
7814	0
7815	0
7816	0
7817	0
7818	0
7819	0
7820	0
7821	0
7822	0
7823	0
7824	0
7825	0
7826	0
7827	0
7828	0
7829	0
7830	0
7831	0
7832	0
7833	0
7834	0
7835	0
7836	0
7837	0
7838	0
7839	0
7840	0
7841	0
7842	0
7843	0
7844	0
7845	0
7846	0
7847	0
7848	0
7849	0
7850	0
7851	0
7852	1
7853	0
7854	0
7855	0
7856	0
7857	0
7858	0
7859	0
7860	0
7861	0
7862	0
7863	0
7864	0
7865	0
7866	0
7867	0
7868	0
7869	0
7870	0
7871	0
7872	0
7873	0
7874	0
7875	0
7876	0
7877	0
7878	0
7879	0
7880	0
7881	0
7882	0
7883	0
7884	0
7885	0
7886	0
7887	0
7888	0
7889	0
7890	0
7891	0
7892	0
7893	0
7894	0
7895	0
7896	0
7897	0
7898	0
7899	0
7900	0
7901	0
7902	0
7903	0
7904	0
7905	0
7906	0
7907	0
7908	0
7909	0
7910	0
7911	0
7912	0
7913	0
7914	0
7915	0
7916	0
7917	0
7918	0
7919	0
7920	0
7921	0
7922	0
7923	0
7924	0
7925	0
7926	0
7927	0
7928	0
7929	0
7930	0
7931	1
7932	0
7933	0
7934	0
7935	0
7936	0
7937	0
7938	0
7939	0
7940	0
7941	0
7942	0
7943	0
7944	0
7945	0
7946	0
7947	0
7948	0
7949	0
7950	0
7951	0
7952	0
7953	0
7954	0
7955	0
7956	0
7957	0
7958	0
7959	0
7960	0
7961	0
7962	0
7963	0
7964	0
7965	0
7966	0
7967	0
7968	0
7969	0
7970	0
7971	0
7972	0
7973	0
7974	0
7975	0
7976	0
7977	0
7978	0
7979	0
7980	0
7981	0
7982	0
7983	0
7984	0
7985	0
7986	0
7987	0
7988	0
7989	0
7990	0
7991	0
7992	0
7993	0
7994	0
7995	0
7996	0
7997	0
7998	0
7999	0
8000	0
8001	0
8002	0
8003	0
8004	0
8005	0
8006	0
8007	0
8008	0
8009	0
8010	0
8011	0
8012	0
8013	0
8014	0
8015	0
8016	0
8017	0
8018	0
8019	0
8020	0
8021	0
8022	0
8023	0
8024	0
8025	0
8026	0
8027	0
8028	0
8029	0
8030	0
8031	0
8032	0
8033	0
8034	0
8035	0
8036	0
8037	0
8038	0
8039	0
8040	0
8041	0
8042	0
8043	0
8044	0
8045	0
8046	0
8047	0
8048	0
8049	0
8050	0
8051	0
8052	0
8053	0
8054	0
8055	0
8056	0
8057	0
8058	0
8059	0
8060	0
8061	0
8062	0
8063	0
8064	0
8065	0
8066	0
8067	0
8068	0
8069	0
8070	0
8071	0
8072	0
8073	0
8074	0
8075	0
8076	0
8077	0
8078	0
8079	0
8080	0
8081	0
8082	0
8083	0
8084	0
8085	0
8086	0
8087	0
8088	0
8089	0
8090	0
8091	0
8092	0
8093	0
8094	0
8095	0
8096	0
8097	0
8098	0
8099	0
8100	0
8101	0
8102	0
8103	0
8104	0
8105	0
8106	0
8107	0
8108	0
8109	0
8110	0
8111	0
8112	0
8113	0
8114	0
8115	0
8116	0
8117	0
8118	0
8119	0
8120	0
8121	0
8122	0
8123	0
8124	0
8125	0
8126	0
8127	0
8128	0
8129	0
8130	0
8131	0
8132	0
8133	0
8134	0
8135	0
8136	0
8137	0
8138	0
8139	0
8140	0
8141	0
8142	0
8143	0
8144	0
8145	0
8146	0
8147	0
8148	0
8149	0
8150	0
8151	0
8152	0
8153	0
8154	0
8155	0
8156	0
8157	0
8158	0
8159	0
8160	0
8161	0
8162	0
8163	0
8164	0
8165	0
8166	0
8167	0
8168	0
8169	0
8170	0
8171	0
8172	0
8173	0
8174	0
8175	0
8176	0
8177	0
8178	0
8179	0
8180	0
8181	0
8182	0
8183	0
8184	0
8185	0
8186	0
8187	0
8188	0
8189	0
8190	0
8191	0
