0	0
1	0
2	0
3	0
4	0
5	0
6	0
7	0
8	0
9	0
10	0
11	0
12	0
13	0
14	0
15	0
16	0
17	0
18	0
19	0
20	0
21	0
22	0
23	0
24	0
25	0
26	0
27	0
28	0
29	0
30	0
31	0
32	0
33	0
34	0
35	0
36	0
37	0
38	0
39	0
40	0
41	0
42	0
43	0
44	0
45	0
46	0
47	0
48	0
49	0
50	0
51	0
52	0
53	0
54	0
55	0
56	0
57	0
58	0
59	0
60	0
61	0
62	0
63	0
64	0
65	1
66	0
67	0
68	0
69	0
70	0
71	0
72	0
73	0
74	0
75	0
76	0
77	0
78	0
79	0
80	0
81	0
82	0
83	0
84	0
85	0
86	0
87	0
88	0
89	0
90	0
91	0
92	0
93	0
94	0
95	0
96	0
97	0
98	0
99	0
100	0
101	0
102	0
103	0
104	0
105	0
106	0
107	0
108	0
109	0
110	0
111	0
112	0
113	0
114	0
115	0
116	0
117	0
118	0
119	0
120	0
121	0
122	0
123	0
124	0
125	0
126	0
127	0
128	0
129	0
130	0
131	0
132	0
133	0
134	0
135	0
136	0
137	0
138	0
139	0
140	0
141	0
142	0
143	0
144	0
145	0
146	0
147	0
148	0
149	0
150	1
151	0
152	0
153	0
154	0
155	0
156	0
157	0
158	0
159	0
160	0
161	0
162	0
163	0
164	0
165	0
166	0
167	0
168	0
169	0
170	0
171	0
172	0
173	0
174	0
175	0
176	0
177	0
178	0
179	0
180	0
181	0
182	0
183	0
184	0
185	0
186	0
187	0
188	0
189	0
190	0
191	0
192	0
193	0
194	0
195	0
196	0
197	0
198	0
199	0
200	0
201	0
202	0
203	0
204	0
205	0
206	0
207	0
208	0
209	0
210	0
211	0
212	0
213	0
214	0
215	0
216	0
217	0
218	0
219	0
220	0
221	0
222	0
223	0
224	0
225	0
226	0
227	0
228	0
229	0
230	0
231	0
232	0
233	0
234	0
235	0
236	0
237	0
238	0
239	0
240	0
241	0
242	0
243	0
244	0
245	0
246	0
247	0
248	0
249	0
250	0
251	0
252	0
253	0
254	0
255	0
256	0
257	0
258	0
259	0
260	0
261	0
262	0
263	0
264	0
265	0
266	0
267	0
268	0
269	0
270	0
271	0
272	0
273	0
274	0
275	0
276	0
277	0
278	0
279	0
280	0
281	0
282	0
283	0
284	0
285	0
286	0
287	0
288	0
289	0
290	0
291	0
292	0
293	0
294	0
295	0
296	0
297	0
298	0
299	0
300	0
301	0
302	0
303	0
304	0
305	0
306	0
307	0
308	0
309	0
310	0
311	0
312	1
313	0
314	0
315	0
316	0
317	0
318	0
319	0
320	0
321	0
322	0
323	0
324	0
325	0
326	0
327	0
328	0
329	0
330	0
331	0
332	0
333	0
334	0
335	0
336	0
337	0
338	0
339	0
340	0
341	0
342	0
343	0
344	0
345	0
346	0
347	0
348	0
349	0
350	0
351	0
352	0
353	0
354	0
355	0
356	0
357	0
358	0
359	0
360	0
361	0
362	0
363	0
364	0
365	0
366	1
367	0
368	0
369	0
370	1
371	0
372	0
373	0
374	0
375	0
376	0
377	0
378	0
379	0
380	0
381	0
382	0
383	0
384	0
385	0
386	0
387	1
388	0
389	0
390	0
391	0
392	0
393	0
394	0
395	0
396	0
397	0
398	0
399	0
400	0
401	1
402	1
403	1
404	4
405	0
406	1
407	1
408	1
409	0
410	0
411	2
412	0
413	0
414	0
415	0
416	0
417	0
418	0
419	0
420	0
421	0
422	0
423	0
424	2
425	0
426	0
427	0
428	0
429	0
430	1
431	1
432	0
433	0
434	1
435	0
436	2
437	2
438	1
439	0
440	0
441	1
442	2
443	1
444	1
445	2
446	1
447	0
448	0
449	1
450	0
451	3
452	1
453	0
454	1
455	0
456	2
457	0
458	0
459	2
460	1
461	4
462	0
463	0
464	3
465	1
466	0
467	1
468	3
469	0
470	0
471	0
472	2
473	2
474	0
475	2
476	1
477	2
478	1
479	1
480	3
481	1
482	1
483	4
484	1
485	5
486	4
487	1
488	0
489	0
490	1
491	3
492	3
493	1
494	2
495	1
496	1
497	1
498	3
499	0
500	1
501	3
502	4
503	1
504	5
505	1
506	0
507	2
508	0
509	3
510	2
511	4
512	2
513	0
514	3
515	0
516	1
517	2
518	0
519	2
520	1
521	7
522	0
523	1
524	4
525	3
526	4
527	3
528	6
529	3
530	1
531	4
532	4
533	2
534	4
535	2
536	4
537	2
538	2
539	1
540	7
541	0
542	2
543	6
544	2
545	4
546	2
547	4
548	3
549	7
550	5
551	1
552	3
553	3
554	7
555	8
556	3
557	2
558	4
559	4
560	7
561	4
562	4
563	2
564	5
565	5
566	3
567	3
568	4
569	4
570	3
571	4
572	3
573	3
574	5
575	4
576	6
577	5
578	6
579	0
580	4
581	5
582	6
583	1
584	3
585	9
586	9
587	7
588	2
589	6
590	4
591	7
592	6
593	6
594	7
595	1
596	3
597	9
598	7
599	4
600	2
601	8
602	1
603	6
604	4
605	4
606	5
607	10
608	3
609	6
610	4
611	6
612	8
613	8
614	3
615	5
616	4
617	6
618	6
619	6
620	6
621	7
622	5
623	4
624	8
625	8
626	5
627	5
628	6
629	9
630	11
631	2
632	8
633	6
634	6
635	7
636	4
637	7
638	10
639	10
640	9
641	11
642	12
643	10
644	6
645	9
646	7
647	8
648	7
649	7
650	4
651	10
652	8
653	10
654	6
655	10
656	11
657	5
658	9
659	9
660	8
661	5
662	8
663	7
664	6
665	12
666	11
667	9
668	9
669	10
670	8
671	10
672	7
673	14
674	8
675	7
676	8
677	13
678	11
679	13
680	11
681	10
682	10
683	12
684	9
685	10
686	19
687	12
688	8
689	8
690	10
691	7
692	5
693	16
694	10
695	10
696	8
697	11
698	11
699	10
700	10
701	12
702	11
703	13
704	15
705	13
706	9
707	10
708	8
709	9
710	11
711	15
712	17
713	12
714	11
715	8
716	10
717	10
718	11
719	12
720	6
721	11
722	10
723	7
724	15
725	7
726	11
727	11
728	14
729	9
730	8
731	8
732	11
733	9
734	14
735	8
736	11
737	12
738	22
739	8
740	6
741	10
742	12
743	18
744	9
745	15
746	11
747	19
748	14
749	14
750	8
751	21
752	11
753	13
754	11
755	8
756	6
757	12
758	15
759	10
760	17
761	15
762	8
763	12
764	10
765	17
766	14
767	17
768	5
769	16
770	17
771	11
772	21
773	10
774	13
775	9
776	19
777	14
778	10
779	13
780	9
781	15
782	8
783	8
784	13
785	14
786	21
787	6
788	12
789	11
790	15
791	16
792	13
793	16
794	14
795	17
796	7
797	9
798	10
799	12
800	11
801	16
802	17
803	12
804	12
805	12
806	14
807	16
808	11
809	11
810	12
811	9
812	12
813	11
814	20
815	8
816	14
817	9
818	15
819	12
820	23
821	14
822	11
823	11
824	14
825	14
826	19
827	8
828	17
829	13
830	23
831	12
832	14
833	11
834	16
835	10
836	3
837	14
838	10
839	11
840	15
841	8
842	14
843	13
844	12
845	8
846	17
847	11
848	14
849	15
850	21
851	13
852	11
853	9
854	8
855	13
856	11
857	9
858	16
859	9
860	9
861	8
862	14
863	14
864	12
865	12
866	13
867	7
868	11
869	9
870	14
871	5
872	12
873	18
874	11
875	9
876	14
877	11
878	13
879	9
880	20
881	14
882	12
883	10
884	20
885	12
886	13
887	10
888	14
889	10
890	16
891	7
892	16
893	6
894	8
895	7
896	7
897	15
898	13
899	14
900	12
901	8
902	12
903	12
904	15
905	13
906	16
907	16
908	11
909	11
910	14
911	8
912	12
913	11
914	13
915	14
916	11
917	20
918	14
919	11
920	9
921	12
922	16
923	18
924	11
925	15
926	11
927	10
928	10
929	11
930	16
931	14
932	12
933	13
934	8
935	15
936	8
937	12
938	10
939	12
940	18
941	13
942	10
943	16
944	12
945	14
946	15
947	8
948	6
949	14
950	19
951	14
952	12
953	12
954	11
955	11
956	13
957	17
958	9
959	17
960	11
961	14
962	14
963	11
964	15
965	13
966	13
967	7
968	15
969	19
970	15
971	10
972	10
973	8
974	18
975	17
976	13
977	19
978	16
979	11
980	6
981	12
982	12
983	6
984	14
985	18
986	10
987	15
988	7
989	5
990	12
991	11
992	11
993	14
994	13
995	10
996	11
997	13
998	17
999	18
1000	14
1001	4
1002	10
1003	10
1004	11
1005	17
1006	8
1007	11
1008	12
1009	7
1010	12
1011	19
1012	14
1013	11
1014	9
1015	10
1016	12
1017	18
1018	12
1019	11
1020	9
1021	8
1022	11
1023	16
1024	14
1025	12
1026	9
1027	11
1028	11
1029	11
1030	13
1031	12
1032	13
1033	8
1034	14
1035	14
1036	6
1037	12
1038	4
1039	13
1040	12
1041	11
1042	19
1043	15
1044	17
1045	16
1046	19
1047	12
1048	12
1049	15
1050	10
1051	10
1052	16
1053	16
1054	11
1055	21
1056	13
1057	6
1058	18
1059	15
1060	13
1061	15
1062	14
1063	14
1064	15
1065	9
1066	15
1067	12
1068	12
1069	17
1070	12
1071	12
1072	14
1073	7
1074	15
1075	14
1076	13
1077	13
1078	14
1079	12
1080	10
1081	18
1082	13
1083	14
1084	13
1085	21
1086	8
1087	10
1088	12
1089	11
1090	5
1091	19
1092	11
1093	14
1094	9
1095	13
1096	16
1097	12
1098	17
1099	5
1100	16
1101	21
1102	16
1103	12
1104	9
1105	14
1106	15
1107	14
1108	8
1109	17
1110	15
1111	18
1112	13
1113	10
1114	10
1115	15
1116	14
1117	11
1118	12
1119	9
1120	11
1121	15
1122	13
1123	14
1124	10
1125	5
1126	15
1127	17
1128	12
1129	6
1130	21
1131	16
1132	11
1133	11
1134	15
1135	13
1136	11
1137	12
1138	12
1139	13
1140	12
1141	19
1142	15
1143	19
1144	14
1145	15
1146	21
1147	7
1148	13
1149	14
1150	9
1151	15
1152	18
1153	15
1154	13
1155	8
1156	13
1157	15
1158	10
1159	13
1160	11
1161	13
1162	14
1163	19
1164	13
1165	15
1166	10
1167	11
1168	11
1169	15
1170	11
1171	11
1172	13
1173	16
1174	19
1175	14
1176	13
1177	13
1178	17
1179	16
1180	7
1181	13
1182	12
1183	15
1184	16
1185	10
1186	13
1187	17
1188	11
1189	11
1190	19
1191	14
1192	11
1193	11
1194	12
1195	17
1196	17
1197	18
1198	9
1199	13
1200	16
1201	10
1202	14
1203	14
1204	17
1205	14
1206	16
1207	12
1208	9
1209	19
1210	21
1211	11
1212	14
1213	13
1214	12
1215	15
1216	19
1217	8
1218	19
1219	16
1220	12
1221	14
1222	13
1223	15
1224	10
1225	19
1226	13
1227	11
1228	16
1229	9
1230	8
1231	8
1232	11
1233	12
1234	5
1235	15
1236	11
1237	15
1238	10
1239	11
1240	6
1241	12
1242	11
1243	11
1244	9
1245	18
1246	10
1247	13
1248	12
1249	6
1250	19
1251	15
1252	22
1253	16
1254	8
1255	8
1256	12
1257	6
1258	6
1259	9
1260	6
1261	4
1262	10
1263	16
1264	14
1265	11
1266	8
1267	11
1268	13
1269	13
1270	12
1271	10
1272	17
1273	11
1274	6
1275	14
1276	7
1277	20
1278	14
1279	19
1280	11
1281	14
1282	9
1283	6
1284	12
1285	8
1286	11
1287	18
1288	15
1289	19
1290	10
1291	12
1292	8
1293	17
1294	8
1295	17
1296	9
1297	13
1298	10
1299	16
1300	13
1301	12
1302	13
1303	14
1304	13
1305	12
1306	15
1307	9
1308	10
1309	11
1310	12
1311	13
1312	14
1313	17
1314	12
1315	16
1316	8
1317	7
1318	12
1319	13
1320	8
1321	17
1322	7
1323	11
1324	10
1325	9
1326	10
1327	17
1328	7
1329	15
1330	17
1331	8
1332	8
1333	10
1334	13
1335	14
1336	14
1337	11
1338	13
1339	16
1340	10
1341	20
1342	5
1343	9
1344	11
1345	8
1346	12
1347	10
1348	11
1349	9
1350	13
1351	14
1352	6
1353	12
1354	10
1355	8
1356	15
1357	13
1358	10
1359	11
1360	16
1361	14
1362	13
1363	11
1364	14
1365	13
1366	9
1367	17
1368	23
1369	13
1370	9
1371	17
1372	15
1373	18
1374	8
1375	12
1376	11
1377	12
1378	15
1379	9
1380	12
1381	13
1382	18
1383	15
1384	9
1385	21
1386	13
1387	14
1388	9
1389	12
1390	22
1391	17
1392	16
1393	13
1394	10
1395	8
1396	14
1397	16
1398	17
1399	9
1400	13
1401	20
1402	6
1403	14
1404	18
1405	12
1406	11
1407	8
1408	19
1409	9
1410	8
1411	12
1412	12
1413	12
1414	11
1415	14
1416	11
1417	12
1418	12
1419	14
1420	19
1421	6
1422	15
1423	9
1424	14
1425	7
1426	4
1427	10
1428	9
1429	12
1430	17
1431	14
1432	10
1433	13
1434	13
1435	11
1436	15
1437	9
1438	13
1439	10
1440	11
1441	11
1442	11
1443	16
1444	22
1445	11
1446	11
1447	8
1448	8
1449	7
1450	18
1451	11
1452	7
1453	15
1454	13
1455	10
1456	11
1457	16
1458	15
1459	11
1460	12
1461	10
1462	18
1463	6
1464	18
1465	12
1466	7
1467	14
1468	13
1469	7
1470	10
1471	12
1472	17
1473	14
1474	4
1475	14
1476	21
1477	11
1478	8
1479	14
1480	11
1481	14
1482	19
1483	15
1484	11
1485	9
1486	16
1487	11
1488	9
1489	14
1490	17
1491	15
1492	19
1493	13
1494	19
1495	13
1496	15
1497	12
1498	12
1499	10
1500	7
1501	6
1502	9
1503	11
1504	12
1505	13
1506	7
1507	11
1508	9
1509	15
1510	16
1511	13
1512	16
1513	13
1514	17
1515	10
1516	11
1517	14
1518	11
1519	13
1520	13
1521	11
1522	15
1523	17
1524	14
1525	13
1526	19
1527	15
1528	18
1529	13
1530	17
1531	6
1532	11
1533	14
1534	11
1535	12
1536	8
1537	21
1538	12
1539	14
1540	12
1541	10
1542	11
1543	15
1544	15
1545	10
1546	18
1547	11
1548	22
1549	15
1550	11
1551	15
1552	16
1553	13
1554	13
1555	28
1556	8
1557	15
1558	15
1559	18
1560	12
1561	9
1562	16
1563	11
1564	13
1565	11
1566	10
1567	11
1568	7
1569	16
1570	13
1571	10
1572	6
1573	12
1574	13
1575	13
1576	19
1577	11
1578	12
1579	19
1580	16
1581	16
1582	14
1583	16
1584	14
1585	15
1586	17
1587	8
1588	13
1589	11
1590	13
1591	9
1592	12
1593	8
1594	6
1595	15
1596	8
1597	12
1598	10
1599	14
1600	14
1601	11
1602	15
1603	17
1604	16
1605	14
1606	16
1607	12
1608	7
1609	14
1610	8
1611	14
1612	19
1613	15
1614	13
1615	16
1616	15
1617	9
1618	11
1619	16
1620	16
1621	13
1622	9
1623	11
1624	6
1625	14
1626	12
1627	10
1628	9
1629	8
1630	11
1631	9
1632	11
1633	15
1634	11
1635	6
1636	14
1637	11
1638	10
1639	17
1640	10
1641	14
1642	12
1643	13
1644	13
1645	16
1646	17
1647	6
1648	8
1649	13
1650	13
1651	15
1652	8
1653	10
1654	13
1655	21
1656	10
1657	7
1658	13
1659	6
1660	11
1661	10
1662	13
1663	12
1664	16
1665	11
1666	14
1667	22
1668	11
1669	15
1670	11
1671	8
1672	13
1673	16
1674	10
1675	11
1676	17
1677	5
1678	13
1679	11
1680	9
1681	14
1682	10
1683	9
1684	13
1685	13
1686	10
1687	11
1688	16
1689	17
1690	19
1691	11
1692	11
1693	13
1694	14
1695	12
1696	13
1697	9
1698	9
1699	12
1700	8
1701	13
1702	15
1703	15
1704	10
1705	16
1706	11
1707	8
1708	18
1709	18
1710	13
1711	14
1712	12
1713	10
1714	11
1715	5
1716	10
1717	7
1718	17
1719	21
1720	17
1721	9
1722	13
1723	7
1724	21
1725	13
1726	10
1727	5
1728	15
1729	15
1730	7
1731	17
1732	11
1733	10
1734	10
1735	12
1736	11
1737	11
1738	14
1739	10
1740	8
1741	12
1742	9
1743	8
1744	9
1745	13
1746	12
1747	17
1748	12
1749	6
1750	14
1751	19
1752	20
1753	13
1754	15
1755	9
1756	15
1757	8
1758	11
1759	5
1760	4
1761	7
1762	12
1763	14
1764	17
1765	17
1766	17
1767	6
1768	6
1769	18
1770	8
1771	10
1772	10
1773	12
1774	8
1775	14
1776	12
1777	10
1778	13
1779	9
1780	10
1781	8
1782	16
1783	8
1784	8
1785	11
1786	19
1787	16
1788	10
1789	11
1790	13
1791	15
1792	13
1793	12
1794	11
1795	10
1796	10
1797	10
1798	8
1799	7
1800	23
1801	6
1802	7
1803	7
1804	14
1805	11
1806	14
1807	13
1808	5
1809	12
1810	13
1811	15
1812	12
1813	10
1814	9
1815	8
1816	16
1817	14
1818	16
1819	14
1820	15
1821	12
1822	15
1823	4
1824	12
1825	16
1826	16
1827	8
1828	22
1829	6
1830	7
1831	17
1832	18
1833	11
1834	14
1835	13
1836	15
1837	11
1838	16
1839	11
1840	10
1841	14
1842	15
1843	5
1844	8
1845	9
1846	13
1847	11
1848	14
1849	15
1850	12
1851	14
1852	12
1853	9
1854	4
1855	13
1856	13
1857	11
1858	16
1859	11
1860	8
1861	11
1862	13
1863	17
1864	12
1865	12
1866	13
1867	9
1868	13
1869	14
1870	6
1871	13
1872	8
1873	12
1874	14
1875	9
1876	8
1877	16
1878	12
1879	16
1880	12
1881	13
1882	12
1883	12
1884	9
1885	10
1886	12
1887	14
1888	11
1889	16
1890	17
1891	10
1892	11
1893	17
1894	18
1895	15
1896	13
1897	12
1898	13
1899	7
1900	7
1901	13
1902	18
1903	11
1904	13
1905	11
1906	8
1907	21
1908	9
1909	8
1910	7
1911	19
1912	8
1913	7
1914	20
1915	16
1916	10
1917	15
1918	11
1919	14
1920	9
1921	18
1922	9
1923	11
1924	11
1925	13
1926	6
1927	11
1928	13
1929	10
1930	7
1931	12
1932	19
1933	15
1934	7
1935	12
1936	7
1937	11
1938	8
1939	10
1940	10
1941	13
1942	12
1943	10
1944	23
1945	12
1946	14
1947	17
1948	11
1949	17
1950	7
1951	15
1952	12
1953	6
1954	19
1955	8
1956	10
1957	10
1958	20
1959	9
1960	10
1961	13
1962	10
1963	11
1964	9
1965	13
1966	11
1967	12
1968	14
1969	15
1970	10
1971	15
1972	13
1973	16
1974	17
1975	17
1976	13
1977	11
1978	13
1979	14
1980	8
1981	7
1982	11
1983	17
1984	6
1985	11
1986	21
1987	15
1988	16
1989	16
1990	15
1991	15
1992	10
1993	5
1994	18
1995	9
1996	7
1997	13
1998	12
1999	9
2000	8
2001	17
2002	9
2003	12
2004	11
2005	17
2006	11
2007	10
2008	9
2009	11
2010	20
2011	7
2012	8
2013	13
2014	10
2015	12
2016	12
2017	7
2018	13
2019	12
2020	12
2021	10
2022	15
2023	13
2024	8
2025	10
2026	11
2027	11
2028	14
2029	10
2030	12
2031	11
2032	10
2033	19
2034	14
2035	11
2036	14
2037	13
2038	10
2039	11
2040	13
2041	21
2042	9
2043	16
2044	11
2045	10
2046	17
2047	12
2048	10
2049	13
2050	10
2051	6
2052	18
2053	18
2054	13
2055	5
2056	12
2057	8
2058	11
2059	16
2060	12
2061	11
2062	15
2063	6
2064	11
2065	15
2066	15
2067	13
2068	15
2069	18
2070	13
2071	11
2072	16
2073	17
2074	8
2075	15
2076	13
2077	10
2078	5
2079	9
2080	12
2081	11
2082	16
2083	15
2084	8
2085	16
2086	10
2087	17
2088	11
2089	15
2090	15
2091	19
2092	12
2093	16
2094	14
2095	15
2096	15
2097	14
2098	14
2099	11
2100	12
2101	8
2102	11
2103	10
2104	15
2105	12
2106	20
2107	10
2108	14
2109	19
2110	12
2111	12
2112	13
2113	14
2114	17
2115	17
2116	20
2117	12
2118	19
2119	7
2120	12
2121	15
2122	19
2123	19
2124	16
2125	15
2126	15
2127	19
2128	18
2129	22
2130	10
2131	20
2132	13
2133	14
2134	15
2135	12
2136	15
2137	18
2138	19
2139	20
2140	13
2141	17
2142	9
2143	16
2144	8
2145	12
2146	22
2147	19
2148	24
2149	15
2150	12
2151	13
2152	12
2153	10
2154	14
2155	9
2156	11
2157	12
2158	11
2159	8
2160	16
2161	11
2162	17
2163	15
2164	9
2165	9
2166	19
2167	19
2168	19
2169	18
2170	23
2171	15
2172	19
2173	16
2174	8
2175	13
2176	12
2177	16
2178	10
2179	19
2180	15
2181	10
2182	18
2183	6
2184	17
2185	12
2186	13
2187	22
2188	14
2189	13
2190	8
2191	14
2192	13
2193	14
2194	17
2195	11
2196	10
2197	8
2198	24
2199	23
2200	12
2201	13
2202	17
2203	18
2204	15
2205	20
2206	13
2207	7
2208	13
2209	14
2210	18
2211	13
2212	16
2213	9
2214	8
2215	14
2216	19
2217	17
2218	17
2219	13
2220	20
2221	14
2222	16
2223	11
2224	25
2225	24
2226	14
2227	15
2228	17
2229	18
2230	14
2231	12
2232	15
2233	9
2234	21
2235	9
2236	14
2237	18
2238	19
2239	16
2240	17
2241	18
2242	18
2243	13
2244	18
2245	23
2246	13
2247	18
2248	12
2249	17
2250	12
2251	12
2252	21
2253	22
2254	17
2255	27
2256	23
2257	24
2258	16
2259	16
2260	19
2261	15
2262	18
2263	15
2264	14
2265	15
2266	17
2267	20
2268	16
2269	14
2270	12
2271	14
2272	13
2273	20
2274	19
2275	8
2276	16
2277	12
2278	21
2279	18
2280	20
2281	15
2282	17
2283	20
2284	13
2285	15
2286	14
2287	13
2288	28
2289	17
2290	12
2291	16
2292	18
2293	16
2294	14
2295	18
2296	13
2297	11
2298	15
2299	17
2300	22
2301	18
2302	21
2303	16
2304	17
2305	19
2306	18
2307	11
2308	15
2309	20
2310	16
2311	16
2312	16
2313	19
2314	11
2315	16
2316	27
2317	22
2318	15
2319	15
2320	22
2321	24
2322	16
2323	17
2324	15
2325	12
2326	7
2327	17
2328	15
2329	16
2330	14
2331	10
2332	14
2333	19
2334	8
2335	21
2336	13
2337	17
2338	17
2339	19
2340	20
2341	9
2342	15
2343	13
2344	15
2345	12
2346	17
2347	10
2348	22
2349	19
2350	17
2351	10
2352	16
2353	18
2354	20
2355	12
2356	23
2357	16
2358	13
2359	11
2360	13
2361	19
2362	12
2363	18
2364	21
2365	18
2366	14
2367	11
2368	10
2369	18
2370	11
2371	17
2372	24
2373	11
2374	12
2375	14
2376	17
2377	21
2378	13
2379	18
2380	19
2381	8
2382	18
2383	9
2384	17
2385	19
2386	24
2387	10
2388	18
2389	10
2390	7
2391	9
2392	13
2393	12
2394	20
2395	10
2396	16
2397	15
2398	10
2399	24
2400	16
2401	15
2402	16
2403	10
2404	16
2405	19
2406	19
2407	12
2408	17
2409	17
2410	11
2411	15
2412	16
2413	21
2414	15
2415	13
2416	19
2417	14
2418	13
2419	18
2420	23
2421	18
2422	15
2423	17
2424	11
2425	11
2426	19
2427	14
2428	16
2429	9
2430	16
2431	8
2432	8
2433	15
2434	22
2435	12
2436	13
2437	14
2438	20
2439	14
2440	18
2441	18
2442	11
2443	17
2444	21
2445	10
2446	9
2447	8
2448	19
2449	16
2450	27
2451	16
2452	15
2453	18
2454	15
2455	12
2456	18
2457	19
2458	13
2459	15
2460	16
2461	25
2462	15
2463	15
2464	20
2465	13
2466	17
2467	9
2468	16
2469	12
2470	17
2471	13
2472	11
2473	16
2474	14
2475	12
2476	20
2477	12
2478	21
2479	17
2480	18
2481	19
2482	17
2483	15
2484	9
2485	17
2486	11
2487	11
2488	20
2489	18
2490	22
2491	20
2492	12
2493	12
2494	20
2495	15
2496	7
2497	14
2498	13
2499	13
2500	16
2501	11
2502	20
2503	9
2504	21
2505	20
2506	17
2507	23
2508	12
2509	16
2510	17
2511	15
2512	17
2513	10
2514	10
2515	23
2516	9
2517	24
2518	15
2519	18
2520	8
2521	19
2522	16
2523	12
2524	17
2525	8
2526	14
2527	9
2528	11
2529	16
2530	13
2531	11
2532	16
2533	16
2534	10
2535	13
2536	15
2537	9
2538	15
2539	16
2540	15
2541	9
2542	17
2543	15
2544	16
2545	17
2546	7
2547	22
2548	7
2549	13
2550	16
2551	15
2552	16
2553	16
2554	7
2555	10
2556	10
2557	15
2558	11
2559	12
2560	16
2561	16
2562	15
2563	11
2564	11
2565	6
2566	14
2567	12
2568	15
2569	10
2570	15
2571	21
2572	20
2573	16
2574	13
2575	18
2576	15
2577	14
2578	14
2579	7
2580	11
2581	17
2582	13
2583	10
2584	13
2585	10
2586	13
2587	19
2588	14
2589	8
2590	13
2591	14
2592	18
2593	18
2594	14
2595	14
2596	15
2597	20
2598	19
2599	14
2600	13
2601	9
2602	18
2603	16
2604	15
2605	15
2606	14
2607	7
2608	16
2609	14
2610	13
2611	15
2612	11
2613	22
2614	10
2615	10
2616	15
2617	11
2618	21
2619	15
2620	13
2621	14
2622	7
2623	14
2624	10
2625	16
2626	14
2627	16
2628	13
2629	18
2630	15
2631	11
2632	16
2633	8
2634	9
2635	11
2636	18
2637	11
2638	17
2639	17
2640	8
2641	14
2642	14
2643	12
2644	12
2645	16
2646	7
2647	16
2648	8
2649	16
2650	12
2651	11
2652	16
2653	15
2654	17
2655	10
2656	15
2657	12
2658	13
2659	11
2660	8
2661	19
2662	13
2663	6
2664	14
2665	14
2666	20
2667	20
2668	8
2669	13
2670	12
2671	11
2672	14
2673	9
2674	11
2675	14
2676	11
2677	12
2678	12
2679	14
2680	13
2681	13
2682	17
2683	10
2684	16
2685	12
2686	14
2687	21
2688	19
2689	9
2690	12
2691	13
2692	14
2693	13
2694	14
2695	13
2696	14
2697	15
2698	11
2699	13
2700	10
2701	13
2702	16
2703	16
2704	18
2705	11
2706	9
2707	11
2708	16
2709	16
2710	8
2711	11
2712	18
2713	12
2714	16
2715	7
2716	17
2717	14
2718	14
2719	4
2720	14
2721	21
2722	22
2723	9
2724	8
2725	10
2726	11
2727	19
2728	8
2729	15
2730	15
2731	12
2732	9
2733	20
2734	10
2735	12
2736	16
2737	16
2738	14
2739	13
2740	12
2741	11
2742	14
2743	15
2744	10
2745	9
2746	17
2747	13
2748	18
2749	20
2750	10
2751	11
2752	8
2753	15
2754	16
2755	14
2756	17
2757	11
2758	13
2759	11
2760	18
2761	17
2762	19
2763	10
2764	8
2765	12
2766	12
2767	14
2768	8
2769	15
2770	13
2771	9
2772	14
2773	9
2774	12
2775	9
2776	14
2777	13
2778	14
2779	10
2780	8
2781	12
2782	19
2783	11
2784	20
2785	12
2786	10
2787	10
2788	16
2789	14
2790	16
2791	15
2792	10
2793	14
2794	15
2795	13
2796	18
2797	10
2798	10
2799	16
2800	13
2801	11
2802	15
2803	13
2804	11
2805	11
2806	15
2807	9
2808	19
2809	12
2810	13
2811	9
2812	12
2813	20
2814	16
2815	13
2816	12
2817	9
2818	11
2819	18
2820	13
2821	11
2822	9
2823	4
2824	9
2825	15
2826	7
2827	15
2828	18
2829	15
2830	12
2831	18
2832	12
2833	8
2834	11
2835	12
2836	13
2837	13
2838	15
2839	16
2840	11
2841	14
2842	16
2843	17
2844	9
2845	7
2846	12
2847	14
2848	15
2849	18
2850	12
2851	11
2852	15
2853	13
2854	7
2855	14
2856	16
2857	6
2858	10
2859	13
2860	13
2861	17
2862	22
2863	18
2864	16
2865	8
2866	13
2867	13
2868	13
2869	18
2870	18
2871	11
2872	9
2873	16
2874	14
2875	14
2876	9
2877	13
2878	16
2879	17
2880	13
2881	11
2882	14
2883	10
2884	13
2885	7
2886	11
2887	12
2888	8
2889	12
2890	10
2891	7
2892	11
2893	8
2894	16
2895	14
2896	9
2897	8
2898	4
2899	17
2900	8
2901	11
2902	15
2903	16
2904	13
2905	10
2906	13
2907	14
2908	9
2909	7
2910	15
2911	13
2912	9
2913	11
2914	12
2915	14
2916	14
2917	11
2918	19
2919	19
2920	10
2921	16
2922	11
2923	14
2924	18
2925	18
2926	16
2927	10
2928	12
2929	9
2930	15
2931	13
2932	15
2933	10
2934	10
2935	19
2936	15
2937	10
2938	16
2939	11
2940	9
2941	19
2942	9
2943	11
2944	12
2945	15
2946	14
2947	14
2948	8
2949	11
2950	14
2951	7
2952	19
2953	12
2954	7
2955	10
2956	12
2957	19
2958	15
2959	24
2960	12
2961	11
2962	13
2963	12
2964	17
2965	10
2966	12
2967	9
2968	10
2969	10
2970	12
2971	14
2972	10
2973	10
2974	12
2975	11
2976	15
2977	6
2978	16
2979	16
2980	12
2981	11
2982	16
2983	15
2984	10
2985	16
2986	10
2987	16
2988	17
2989	8
2990	10
2991	11
2992	14
2993	14
2994	17
2995	12
2996	12
2997	8
2998	6
2999	16
3000	20
3001	11
3002	13
3003	14
3004	15
3005	16
3006	11
3007	14
3008	16
3009	15
3010	7
3011	15
3012	14
3013	10
3014	9
3015	14
3016	7
3017	10
3018	12
3019	19
3020	9
3021	9
3022	15
3023	14
3024	16
3025	10
3026	12
3027	13
3028	15
3029	8
3030	8
3031	13
3032	3
3033	14
3034	7
3035	9
3036	21
3037	7
3038	5
3039	9
3040	10
3041	14
3042	14
3043	9
3044	19
3045	11
3046	6
3047	18
3048	8
3049	15
3050	9
3051	7
3052	12
3053	12
3054	6
3055	13
3056	10
3057	8
3058	19
3059	6
3060	17
3061	7
3062	8
3063	8
3064	14
3065	17
3066	8
3067	9
3068	16
3069	13
3070	13
3071	8
3072	16
3073	7
3074	17
3075	12
3076	15
3077	14
3078	17
3079	11
3080	12
3081	16
3082	11
3083	13
3084	11
3085	6
3086	10
3087	10
3088	10
3089	8
3090	8
3091	16
3092	14
3093	13
3094	9
3095	12
3096	11
3097	16
3098	12
3099	10
3100	12
3101	15
3102	14
3103	10
3104	7
3105	12
3106	9
3107	10
3108	14
3109	11
3110	8
3111	13
3112	13
3113	17
3114	8
3115	13
3116	14
3117	13
3118	11
3119	8
3120	9
3121	9
3122	11
3123	10
3124	14
3125	16
3126	13
3127	12
3128	8
3129	10
3130	10
3131	9
3132	13
3133	6
3134	14
3135	11
3136	7
3137	6
3138	6
3139	5
3140	13
3141	4
3142	11
3143	19
3144	15
3145	8
3146	13
3147	12
3148	9
3149	4
3150	10
3151	12
3152	8
3153	10
3154	9
3155	8
3156	19
3157	15
3158	3
3159	7
3160	14
3161	8
3162	11
3163	8
3164	14
3165	15
3166	13
3167	10
3168	7
3169	6
3170	12
3171	8
3172	9
3173	10
3174	11
3175	8
3176	10
3177	10
3178	10
3179	15
3180	11
3181	19
3182	10
3183	4
3184	11
3185	14
3186	7
3187	10
3188	11
3189	10
3190	8
3191	11
3192	6
3193	13
3194	14
3195	7
3196	14
3197	13
3198	6
3199	9
3200	9
3201	15
3202	14
3203	15
3204	6
3205	13
3206	3
3207	11
3208	10
3209	13
3210	13
3211	13
3212	13
3213	8
3214	9
3215	10
3216	10
3217	14
3218	7
3219	2
3220	8
3221	17
3222	10
3223	15
3224	16
3225	11
3226	7
3227	7
3228	8
3229	14
3230	14
3231	13
3232	6
3233	6
3234	9
3235	15
3236	12
3237	8
3238	20
3239	10
3240	8
3241	9
3242	9
3243	15
3244	14
3245	8
3246	10
3247	12
3248	9
3249	11
3250	6
3251	11
3252	10
3253	14
3254	10
3255	9
3256	8
3257	15
3258	7
3259	9
3260	8
3261	8
3262	9
3263	20
3264	10
3265	10
3266	7
3267	15
3268	8
3269	5
3270	7
3271	9
3272	12
3273	8
3274	11
3275	11
3276	12
3277	10
3278	9
3279	7
3280	7
3281	13
3282	8
3283	6
3284	9
3285	8
3286	11
3287	9
3288	5
3289	9
3290	12
3291	13
3292	12
3293	12
3294	11
3295	11
3296	7
3297	8
3298	8
3299	6
3300	7
3301	11
3302	10
3303	8
3304	15
3305	9
3306	11
3307	6
3308	10
3309	12
3310	13
3311	4
3312	10
3313	12
3314	12
3315	9
3316	7
3317	11
3318	11
3319	19
3320	10
3321	5
3322	11
3323	10
3324	9
3325	11
3326	11
3327	15
3328	10
3329	11
3330	15
3331	5
3332	10
3333	11
3334	13
3335	11
3336	5
3337	12
3338	8
3339	17
3340	9
3341	7
3342	13
3343	9
3344	12
3345	6
3346	8
3347	16
3348	5
3349	13
3350	11
3351	12
3352	10
3353	14
3354	9
3355	12
3356	15
3357	14
3358	9
3359	8
3360	15
3361	8
3362	13
3363	8
3364	8
3365	13
3366	11
3367	14
3368	5
3369	14
3370	13
3371	5
3372	7
3373	14
3374	6
3375	16
3376	7
3377	10
3378	16
3379	7
3380	14
3381	7
3382	6
3383	9
3384	17
3385	8
3386	12
3387	8
3388	8
3389	14
3390	8
3391	8
3392	8
3393	7
3394	9
3395	5
3396	13
3397	10
3398	6
3399	9
3400	9
3401	11
3402	10
3403	14
3404	14
3405	6
3406	10
3407	13
3408	13
3409	7
3410	6
3411	10
3412	10
3413	10
3414	8
3415	10
3416	12
3417	11
3418	11
3419	8
3420	3
3421	11
3422	10
3423	7
3424	11
3425	13
3426	10
3427	8
3428	10
3429	13
3430	11
3431	10
3432	14
3433	9
3434	5
3435	14
3436	10
3437	3
3438	18
3439	12
3440	10
3441	6
3442	15
3443	11
3444	12
3445	9
3446	9
3447	9
3448	11
3449	7
3450	7
3451	8
3452	10
3453	7
3454	11
3455	12
3456	13
3457	5
3458	3
3459	12
3460	11
3461	6
3462	10
3463	9
3464	9
3465	12
3466	12
3467	11
3468	9
3469	12
3470	10
3471	7
3472	12
3473	14
3474	12
3475	13
3476	11
3477	10
3478	9
3479	12
3480	5
3481	10
3482	11
3483	7
3484	4
3485	10
3486	8
3487	11
3488	9
3489	11
3490	11
3491	10
3492	7
3493	11
3494	9
3495	7
3496	8
3497	15
3498	9
3499	10
3500	11
3501	13
3502	9
3503	6
3504	6
3505	12
3506	15
3507	7
3508	9
3509	12
3510	8
3511	9
3512	9
3513	8
3514	13
3515	7
3516	6
3517	19
3518	7
3519	10
3520	16
3521	7
3522	10
3523	17
3524	8
3525	10
3526	8
3527	7
3528	8
3529	13
3530	7
3531	11
3532	6
3533	7
3534	9
3535	7
3536	11
3537	11
3538	7
3539	8
3540	7
3541	13
3542	8
3543	15
3544	8
3545	6
3546	16
3547	7
3548	6
3549	11
3550	14
3551	13
3552	6
3553	9
3554	10
3555	6
3556	5
3557	7
3558	12
3559	10
3560	15
3561	11
3562	12
3563	5
3564	9
3565	7
3566	7
3567	6
3568	10
3569	9
3570	13
3571	6
3572	8
3573	11
3574	9
3575	8
3576	9
3577	11
3578	9
3579	14
3580	11
3581	8
3582	8
3583	12
3584	7
3585	6
3586	11
3587	9
3588	11
3589	9
3590	6
3591	4
3592	12
3593	10
3594	7
3595	19
3596	8
3597	5
3598	11
3599	12
3600	5
3601	15
3602	11
3603	9
3604	7
3605	14
3606	11
3607	12
3608	10
3609	5
3610	15
3611	9
3612	9
3613	9
3614	12
3615	4
3616	7
3617	5
3618	5
3619	9
3620	9
3621	13
3622	10
3623	11
3624	5
3625	10
3626	10
3627	5
3628	9
3629	11
3630	8
3631	10
3632	5
3633	10
3634	14
3635	4
3636	11
3637	6
3638	9
3639	13
3640	17
3641	7
3642	10
3643	13
3644	7
3645	11
3646	7
3647	16
3648	6
3649	9
3650	7
3651	9
3652	11
3653	6
3654	14
3655	10
3656	7
3657	8
3658	7
3659	12
3660	9
3661	6
3662	7
3663	3
3664	2
3665	5
3666	19
3667	8
3668	7
3669	7
3670	7
3671	9
3672	9
3673	13
3674	9
3675	8
3676	9
3677	8
3678	9
3679	6
3680	11
3681	12
3682	10
3683	14
3684	12
3685	14
3686	8
3687	13
3688	11
3689	14
3690	8
3691	13
3692	9
3693	7
3694	11
3695	3
3696	3
3697	13
3698	13
3699	14
3700	7
3701	8
3702	12
3703	10
3704	7
3705	12
3706	7
3707	9
3708	14
3709	5
3710	7
3711	13
3712	9
3713	6
3714	9
3715	10
3716	10
3717	9
3718	6
3719	9
3720	7
3721	8
3722	9
3723	12
3724	15
3725	9
3726	10
3727	8
3728	6
3729	7
3730	9
3731	9
3732	11
3733	9
3734	12
3735	9
3736	10
3737	14
3738	9
3739	9
3740	7
3741	7
3742	10
3743	9
3744	8
3745	11
3746	9
3747	9
3748	14
3749	11
3750	7
3751	7
3752	9
3753	8
3754	15
3755	10
3756	12
3757	7
3758	6
3759	8
3760	4
3761	11
3762	9
3763	12
3764	15
3765	9
3766	10
3767	8
3768	7
3769	8
3770	12
3771	10
3772	13
3773	11
3774	13
3775	11
3776	16
3777	9
3778	12
3779	5
3780	12
3781	10
3782	12
3783	6
3784	6
3785	9
3786	8
3787	6
3788	11
3789	13
3790	11
3791	6
3792	11
3793	5
3794	7
3795	6
3796	7
3797	7
3798	15
3799	3
3800	10
3801	11
3802	13
3803	5
3804	11
3805	10
3806	6
3807	10
3808	10
3809	6
3810	14
3811	7
3812	7
3813	5
3814	5
3815	14
3816	14
3817	11
3818	9
3819	9
3820	8
3821	12
3822	13
3823	9
3824	8
3825	12
3826	15
3827	7
3828	10
3829	13
3830	9
3831	5
3832	8
3833	5
3834	12
3835	7
3836	13
3837	10
3838	9
3839	12
3840	5
3841	13
3842	9
3843	9
3844	10
3845	13
3846	12
3847	12
3848	5
3849	10
3850	10
3851	11
3852	6
3853	11
3854	11
3855	14
3856	18
3857	10
3858	11
3859	11
3860	13
3861	12
3862	11
3863	11
3864	14
3865	8
3866	9
3867	11
3868	4
3869	6
3870	5
3871	14
3872	8
3873	14
3874	7
3875	11
3876	3
3877	13
3878	6
3879	13
3880	14
3881	12
3882	12
3883	11
3884	13
3885	7
3886	10
3887	11
3888	12
3889	8
3890	12
3891	6
3892	6
3893	9
3894	3
3895	11
3896	6
3897	10
3898	12
3899	6
3900	8
3901	10
3902	4
3903	11
3904	9
3905	13
3906	6
3907	5
3908	9
3909	5
3910	7
3911	10
3912	12
3913	15
3914	7
3915	9
3916	4
3917	12
3918	10
3919	8
3920	10
3921	9
3922	9
3923	15
3924	8
3925	10
3926	9
3927	11
3928	9
3929	6
3930	7
3931	11
3932	11
3933	12
3934	16
3935	8
3936	11
3937	5
3938	8
3939	8
3940	9
3941	16
3942	15
3943	7
3944	10
3945	9
3946	1
3947	14
3948	12
3949	8
3950	8
3951	6
3952	10
3953	11
3954	7
3955	14
3956	10
3957	14
3958	12
3959	5
3960	11
3961	13
3962	5
3963	9
3964	10
3965	11
3966	7
3967	13
3968	11
3969	10
3970	9
3971	5
3972	8
3973	7
3974	17
3975	6
3976	9
3977	8
3978	7
3979	12
3980	9
3981	9
3982	9
3983	4
3984	7
3985	9
3986	8
3987	9
3988	2
3989	11
3990	6
3991	8
3992	8
3993	7
3994	5
3995	16
3996	11
3997	10
3998	9
3999	5
4000	5
4001	12
4002	8
4003	11
4004	9
4005	7
4006	4
4007	13
4008	14
4009	7
4010	9
4011	12
4012	8
4013	10
4014	14
4015	11
4016	12
4017	9
4018	12
4019	7
4020	8
4021	8
4022	3
4023	13
4024	10
4025	7
4026	7
4027	11
4028	7
4029	10
4030	10
4031	11
4032	13
4033	6
4034	13
4035	8
4036	5
4037	11
4038	10
4039	14
4040	8
4041	11
4042	5
4043	11
4044	6
4045	14
4046	6
4047	7
4048	13
4049	8
4050	13
4051	7
4052	9
4053	8
4054	10
4055	13
4056	8
4057	10
4058	10
4059	9
4060	14
4061	6
4062	11
4063	9
4064	12
4065	8
4066	12
4067	6
4068	5
4069	2
4070	8
4071	4
4072	2
4073	5
4074	9
4075	10
4076	9
4077	9
4078	8
4079	10
4080	11
4081	7
4082	9
4083	14
4084	5
4085	5
4086	4
4087	9
4088	10
4089	8
4090	10
4091	13
4092	10
4093	11
4094	6
4095	13
4096	10
4097	9
4098	10
4099	13
4100	12
4101	9
4102	6
4103	9
4104	8
4105	11
4106	9
4107	12
4108	8
4109	4
4110	7
4111	9
4112	11
4113	8
4114	12
4115	6
4116	11
4117	7
4118	14
4119	9
4120	10
4121	7
4122	4
4123	8
4124	7
4125	10
4126	6
4127	8
4128	4
4129	5
4130	12
4131	4
4132	10
4133	4
4134	14
4135	7
4136	9
4137	7
4138	7
4139	5
4140	11
4141	10
4142	9
4143	4
4144	7
4145	7
4146	8
4147	6
4148	8
4149	5
4150	13
4151	9
4152	16
4153	10
4154	12
4155	9
4156	12
4157	5
4158	13
4159	4
4160	6
4161	6
4162	9
4163	5
4164	8
4165	5
4166	2
4167	13
4168	3
4169	7
4170	5
4171	8
4172	8
4173	8
4174	9
4175	11
4176	5
4177	6
4178	6
4179	9
4180	11
4181	9
4182	10
4183	8
4184	7
4185	7
4186	6
4187	9
4188	9
4189	4
4190	10
4191	5
4192	8
4193	6
4194	10
4195	5
4196	7
4197	7
4198	6
4199	6
4200	4
4201	4
4202	5
4203	6
4204	5
4205	6
4206	5
4207	12
4208	5
4209	9
4210	11
4211	7
4212	6
4213	5
4214	7
4215	12
4216	12
4217	4
4218	5
4219	6
4220	6
4221	6
4222	7
4223	3
4224	9
4225	10
4226	9
4227	12
4228	9
4229	5
4230	7
4231	2
4232	5
4233	8
4234	6
4235	1
4236	7
4237	9
4238	6
4239	7
4240	8
4241	6
4242	6
4243	11
4244	2
4245	6
4246	3
4247	7
4248	9
4249	8
4250	4
4251	11
4252	6
4253	7
4254	6
4255	9
4256	7
4257	8
4258	8
4259	3
4260	8
4261	4
4262	9
4263	11
4264	7
4265	10
4266	12
4267	6
4268	10
4269	5
4270	9
4271	5
4272	7
4273	7
4274	7
4275	7
4276	16
4277	7
4278	7
4279	5
4280	7
4281	5
4282	9
4283	9
4284	5
4285	7
4286	9
4287	4
4288	9
4289	8
4290	5
4291	3
4292	2
4293	10
4294	5
4295	5
4296	8
4297	10
4298	5
4299	2
4300	4
4301	5
4302	2
4303	9
4304	8
4305	6
4306	10
4307	12
4308	8
4309	5
4310	5
4311	5
4312	7
4313	5
4314	5
4315	8
4316	10
4317	6
4318	5
4319	4
4320	6
4321	4
4322	4
4323	9
4324	3
4325	7
4326	6
4327	3
4328	6
4329	4
4330	3
4331	9
4332	2
4333	6
4334	9
4335	8
4336	5
4337	4
4338	4
4339	8
4340	8
4341	6
4342	1
4343	4
4344	10
4345	9
4346	3
4347	3
4348	5
4349	4
4350	6
4351	3
4352	4
4353	5
4354	5
4355	2
4356	2
4357	6
4358	8
4359	10
4360	6
4361	5
4362	3
4363	7
4364	4
4365	10
4366	11
4367	6
4368	6
4369	8
4370	4
4371	13
4372	5
4373	8
4374	3
4375	5
4376	6
4377	6
4378	4
4379	1
4380	5
4381	4
4382	8
4383	2
4384	8
4385	9
4386	5
4387	4
4388	4
4389	3
4390	5
4391	5
4392	5
4393	12
4394	4
4395	4
4396	4
4397	5
4398	3
4399	4
4400	5
4401	5
4402	4
4403	11
4404	8
4405	13
4406	8
4407	3
4408	7
4409	7
4410	3
4411	3
4412	3
4413	4
4414	3
4415	2
4416	1
4417	7
4418	4
4419	10
4420	5
4421	7
4422	5
4423	5
4424	7
4425	8
4426	7
4427	5
4428	5
4429	4
4430	4
4431	6
4432	4
4433	2
4434	4
4435	4
4436	5
4437	5
4438	6
4439	5
4440	2
4441	3
4442	5
4443	4
4444	8
4445	0
4446	3
4447	6
4448	5
4449	3
4450	4
4451	5
4452	8
4453	8
4454	3
4455	4
4456	6
4457	2
4458	6
4459	7
4460	2
4461	3
4462	6
4463	4
4464	2
4465	5
4466	7
4467	3
4468	2
4469	4
4470	4
4471	5
4472	2
4473	4
4474	5
4475	7
4476	4
4477	4
4478	2
4479	9
4480	6
4481	7
4482	6
4483	0
4484	4
4485	2
4486	3
4487	1
4488	5
4489	3
4490	8
4491	2
4492	5
4493	5
4494	4
4495	5
4496	2
4497	5
4498	3
4499	5
4500	6
4501	2
4502	4
4503	4
4504	2
4505	0
4506	5
4507	6
4508	4
4509	4
4510	7
4511	8
4512	6
4513	5
4514	6
4515	7
4516	5
4517	4
4518	6
4519	4
4520	7
4521	3
4522	4
4523	4
4524	7
4525	1
4526	5
4527	5
4528	3
4529	5
4530	6
4531	4
4532	0
4533	6
4534	3
4535	3
4536	3
4537	5
4538	2
4539	2
4540	3
4541	4
4542	3
4543	7
4544	8
4545	5
4546	2
4547	5
4548	3
4549	6
4550	2
4551	6
4552	6
4553	3
4554	3
4555	6
4556	4
4557	6
4558	2
4559	4
4560	4
4561	2
4562	5
4563	7
4564	3
4565	4
4566	6
4567	7
4568	3
4569	8
4570	7
4571	5
4572	4
4573	4
4574	1
4575	3
4576	13
4577	4
4578	3
4579	5
4580	5
4581	3
4582	4
4583	3
4584	8
4585	4
4586	3
4587	3
4588	1
4589	2
4590	6
4591	7
4592	8
4593	1
4594	5
4595	5
4596	3
4597	5
4598	5
4599	4
4600	9
4601	3
4602	6
4603	3
4604	4
4605	9
4606	6
4607	6
4608	5
4609	3
4610	4
4611	5
4612	1
4613	6
4614	7
4615	2
4616	1
4617	5
4618	4
4619	5
4620	2
4621	4
4622	4
4623	11
4624	5
4625	6
4626	5
4627	2
4628	5
4629	6
4630	3
4631	5
4632	1
4633	4
4634	2
4635	3
4636	4
4637	3
4638	5
4639	7
4640	3
4641	3
4642	5
4643	4
4644	9
4645	3
4646	8
4647	4
4648	3
4649	5
4650	7
4651	5
4652	4
4653	5
4654	3
4655	4
4656	3
4657	2
4658	2
4659	5
4660	3
4661	3
4662	5
4663	7
4664	6
4665	3
4666	3
4667	6
4668	5
4669	3
4670	3
4671	2
4672	5
4673	4
4674	0
4675	5
4676	2
4677	6
4678	8
4679	2
4680	3
4681	2
4682	2
4683	4
4684	1
4685	5
4686	3
4687	6
4688	2
4689	9
4690	2
4691	3
4692	7
4693	5
4694	4
4695	5
4696	4
4697	2
4698	5
4699	1
4700	5
4701	2
4702	2
4703	8
4704	2
4705	1
4706	2
4707	2
4708	2
4709	4
4710	3
4711	1
4712	2
4713	3
4714	4
4715	3
4716	5
4717	3
4718	0
4719	6
4720	1
4721	3
4722	2
4723	7
4724	4
4725	2
4726	4
4727	0
4728	2
4729	3
4730	6
4731	3
4732	4
4733	4
4734	6
4735	7
4736	1
4737	9
4738	6
4739	4
4740	4
4741	2
4742	3
4743	4
4744	4
4745	6
4746	3
4747	5
4748	1
4749	3
4750	5
4751	2
4752	4
4753	3
4754	3
4755	2
4756	2
4757	4
4758	2
4759	5
4760	4
4761	7
4762	6
4763	6
4764	3
4765	2
4766	2
4767	2
4768	3
4769	4
4770	10
4771	3
4772	2
4773	0
4774	3
4775	3
4776	6
4777	6
4778	6
4779	3
4780	6
4781	6
4782	3
4783	4
4784	6
4785	1
4786	5
4787	1
4788	1
4789	4
4790	2
4791	4
4792	4
4793	2
4794	2
4795	2
4796	1
4797	5
4798	4
4799	4
4800	4
4801	6
4802	3
4803	4
4804	6
4805	2
4806	3
4807	2
4808	4
4809	3
4810	2
4811	6
4812	1
4813	4
4814	6
4815	3
4816	5
4817	5
4818	3
4819	4
4820	6
4821	3
4822	0
4823	2
4824	9
4825	1
4826	3
4827	2
4828	5
4829	5
4830	4
4831	1
4832	1
4833	2
4834	2
4835	4
4836	1
4837	7
4838	4
4839	3
4840	2
4841	4
4842	4
4843	1
4844	2
4845	3
4846	2
4847	2
4848	4
4849	1
4850	0
4851	4
4852	5
4853	3
4854	4
4855	3
4856	3
4857	7
4858	1
4859	7
4860	2
4861	1
4862	2
4863	4
4864	1
4865	6
4866	3
4867	4
4868	0
4869	2
4870	4
4871	4
4872	7
4873	0
4874	2
4875	6
4876	1
4877	3
4878	6
4879	4
4880	2
4881	1
4882	5
4883	3
4884	4
4885	2
4886	6
4887	5
4888	1
4889	8
4890	2
4891	2
4892	1
4893	3
4894	5
4895	4
4896	3
4897	4
4898	1
4899	5
4900	2
4901	4
4902	3
4903	4
4904	1
4905	3
4906	5
4907	6
4908	2
4909	2
4910	2
4911	4
4912	3
4913	3
4914	1
4915	0
4916	3
4917	4
4918	5
4919	3
4920	3
4921	3
4922	2
4923	3
4924	4
4925	3
4926	3
4927	5
4928	5
4929	3
4930	8
4931	1
4932	4
4933	6
4934	3
4935	3
4936	7
4937	3
4938	5
4939	2
4940	4
4941	4
4942	5
4943	3
4944	4
4945	1
4946	3
4947	1
4948	1
4949	1
4950	3
4951	1
4952	3
4953	3
4954	3
4955	5
4956	2
4957	4
4958	1
4959	2
4960	3
4961	7
4962	1
4963	6
4964	4
4965	3
4966	1
4967	2
4968	2
4969	3
4970	1
4971	2
4972	5
4973	3
4974	2
4975	3
4976	4
4977	5
4978	1
4979	5
4980	3
4981	3
4982	6
4983	3
4984	3
4985	5
4986	3
4987	5
4988	3
4989	3
4990	6
4991	4
4992	2
4993	4
4994	2
4995	4
4996	2
4997	8
4998	3
4999	2
5000	4
5001	4
5002	4
5003	6
5004	2
5005	6
5006	5
5007	4
5008	4
5009	3
5010	5
5011	6
5012	3
5013	7
5014	2
5015	4
5016	3
5017	2
5018	7
5019	4
5020	5
5021	3
5022	8
5023	3
5024	4
5025	3
5026	4
5027	3
5028	2
5029	2
5030	7
5031	1
5032	8
5033	2
5034	3
5035	4
5036	1
5037	2
5038	5
5039	6
5040	2
5041	6
5042	1
5043	3
5044	3
5045	1
5046	2
5047	0
5048	5
5049	2
5050	0
5051	1
5052	1
5053	6
5054	6
5055	2
5056	1
5057	2
5058	3
5059	3
5060	8
5061	5
5062	5
5063	6
5064	3
5065	3
5066	4
5067	2
5068	2
5069	4
5070	8
5071	2
5072	4
5073	3
5074	0
5075	2
5076	2
5077	2
5078	6
5079	5
5080	3
5081	3
5082	2
5083	3
5084	4
5085	5
5086	3
5087	2
5088	8
5089	2
5090	1
5091	6
5092	2
5093	2
5094	2
5095	3
5096	6
5097	6
5098	3
5099	3
5100	3
5101	1
5102	5
5103	4
5104	5
5105	4
5106	0
5107	2
5108	6
5109	1
5110	6
5111	2
5112	9
5113	4
5114	1
5115	3
5116	1
5117	1
5118	4
5119	3
5120	4
5121	4
5122	3
5123	5
5124	5
5125	4
5126	2
5127	1
5128	4
5129	6
5130	2
5131	3
5132	4
5133	3
5134	5
5135	3
5136	3
5137	6
5138	5
5139	4
5140	5
5141	4
5142	2
5143	3
5144	3
5145	5
5146	6
5147	1
5148	6
5149	2
5150	2
5151	1
5152	2
5153	5
5154	2
5155	5
5156	4
5157	3
5158	4
5159	1
5160	3
5161	3
5162	3
5163	1
5164	3
5165	1
5166	5
5167	4
5168	2
5169	4
5170	2
5171	2
5172	2
5173	4
5174	3
5175	3
5176	3
5177	4
5178	4
5179	3
5180	1
5181	2
5182	2
5183	3
5184	1
5185	2
5186	1
5187	2
5188	1
5189	1
5190	2
5191	3
5192	5
5193	2
5194	4
5195	3
5196	3
5197	4
5198	4
5199	2
5200	2
5201	4
5202	5
5203	2
5204	4
5205	4
5206	0
5207	4
5208	2
5209	2
5210	3
5211	4
5212	5
5213	1
5214	4
5215	6
5216	5
5217	2
5218	5
5219	2
5220	3
5221	5
5222	0
5223	2
5224	6
5225	2
5226	4
5227	1
5228	3
5229	3
5230	2
5231	4
5232	6
5233	5
5234	2
5235	6
5236	3
5237	2
5238	6
5239	3
5240	5
5241	1
5242	2
5243	4
5244	3
5245	1
5246	3
5247	2
5248	4
5249	3
5250	7
5251	8
5252	3
5253	3
5254	3
5255	5
5256	5
5257	3
5258	6
5259	3
5260	7
5261	1
5262	5
5263	0
5264	2
5265	3
5266	3
5267	4
5268	5
5269	1
5270	3
5271	3
5272	1
5273	2
5274	4
5275	4
5276	9
5277	3
5278	3
5279	2
5280	5
5281	4
5282	3
5283	3
5284	1
5285	2
5286	4
5287	3
5288	1
5289	6
5290	2
5291	5
5292	3
5293	3
5294	3
5295	1
5296	2
5297	3
5298	2
5299	2
5300	4
5301	2
5302	2
5303	2
5304	0
5305	0
5306	6
5307	7
5308	4
5309	2
5310	3
5311	0
5312	2
5313	3
5314	3
5315	4
5316	5
5317	5
5318	3
5319	3
5320	0
5321	6
5322	2
5323	5
5324	2
5325	3
5326	4
5327	4
5328	3
5329	2
5330	1
5331	3
5332	3
5333	2
5334	5
5335	3
5336	2
5337	2
5338	2
5339	2
5340	2
5341	2
5342	3
5343	4
5344	1
5345	4
5346	0
5347	3
5348	3
5349	0
5350	2
5351	3
5352	3
5353	2
5354	2
5355	0
5356	2
5357	0
5358	3
5359	5
5360	5
5361	3
5362	8
5363	3
5364	4
5365	5
5366	1
5367	4
5368	6
5369	3
5370	1
5371	3
5372	2
5373	6
5374	1
5375	3
5376	1
5377	3
5378	4
5379	2
5380	9
5381	6
5382	4
5383	2
5384	3
5385	5
5386	7
5387	3
5388	2
5389	2
5390	2
5391	0
5392	1
5393	2
5394	4
5395	3
5396	0
5397	2
5398	6
5399	1
5400	3
5401	4
5402	2
5403	6
5404	7
5405	2
5406	2
5407	2
5408	4
5409	2
5410	3
5411	3
5412	8
5413	5
5414	4
5415	4
5416	0
5417	2
5418	2
5419	2
5420	5
5421	2
5422	6
5423	2
5424	4
5425	1
5426	3
5427	2
5428	1
5429	7
5430	3
5431	3
5432	4
5433	6
5434	4
5435	1
5436	2
5437	0
5438	1
5439	1
5440	3
5441	5
5442	4
5443	2
5444	5
5445	6
5446	3
5447	8
5448	7
5449	1
5450	4
5451	1
5452	2
5453	3
5454	8
5455	2
5456	2
5457	3
5458	1
5459	2
5460	1
5461	2
5462	5
5463	7
5464	4
5465	2
5466	4
5467	1
5468	4
5469	5
5470	2
5471	6
5472	5
5473	1
5474	2
5475	3
5476	3
5477	2
5478	2
5479	3
5480	3
5481	5
5482	5
5483	4
5484	1
5485	3
5486	2
5487	3
5488	2
5489	6
5490	2
5491	4
5492	4
5493	3
5494	4
5495	0
5496	4
5497	5
5498	4
5499	1
5500	3
5501	6
5502	1
5503	3
5504	2
5505	3
5506	3
5507	1
5508	4
5509	3
5510	3
5511	1
5512	1
5513	3
5514	5
5515	3
5516	2
5517	1
5518	1
5519	1
5520	2
5521	2
5522	1
5523	3
5524	2
5525	5
5526	3
5527	3
5528	3
5529	4
5530	6
5531	5
5532	3
5533	5
5534	2
5535	6
5536	3
5537	1
5538	5
5539	0
5540	1
5541	5
5542	5
5543	2
5544	3
5545	7
5546	3
5547	2
5548	4
5549	0
5550	3
5551	2
5552	2
5553	3
5554	1
5555	2
5556	6
5557	5
5558	3
5559	1
5560	2
5561	7
5562	7
5563	3
5564	5
5565	1
5566	5
5567	3
5568	3
5569	1
5570	3
5571	4
5572	2
5573	6
5574	4
5575	4
5576	4
5577	2
5578	0
5579	3
5580	2
5581	1
5582	1
5583	3
5584	2
5585	3
5586	2
5587	7
5588	0
5589	2
5590	5
5591	4
5592	1
5593	4
5594	3
5595	6
5596	5
5597	2
5598	3
5599	3
5600	1
5601	1
5602	1
5603	5
5604	0
5605	2
5606	3
5607	5
5608	2
5609	3
5610	0
5611	2
5612	2
5613	2
5614	5
5615	5
5616	5
5617	1
5618	5
5619	5
5620	2
5621	4
5622	5
5623	3
5624	2
5625	2
5626	3
5627	4
5628	7
5629	5
5630	3
5631	4
5632	3
5633	2
5634	0
5635	5
5636	4
5637	4
5638	2
5639	0
5640	2
5641	3
5642	1
5643	1
5644	4
5645	3
5646	3
5647	5
5648	4
5649	2
5650	4
5651	2
5652	3
5653	0
5654	3
5655	5
5656	0
5657	2
5658	3
5659	2
5660	4
5661	1
5662	2
5663	2
5664	0
5665	0
5666	4
5667	5
5668	0
5669	1
5670	9
5671	2
5672	2
5673	1
5674	2
5675	3
5676	3
5677	1
5678	2
5679	3
5680	7
5681	3
5682	1
5683	2
5684	5
5685	3
5686	2
5687	0
5688	1
5689	2
5690	3
5691	3
5692	4
5693	2
5694	1
5695	4
5696	3
5697	2
5698	3
5699	3
5700	2
5701	1
5702	5
5703	3
5704	4
5705	4
5706	4
5707	2
5708	3
5709	2
5710	2
5711	3
5712	3
5713	1
5714	6
5715	3
5716	3
5717	1
5718	8
5719	2
5720	2
5721	3
5722	4
5723	3
5724	2
5725	3
5726	2
5727	2
5728	1
5729	6
5730	2
5731	2
5732	10
5733	4
5734	3
5735	7
5736	3
5737	3
5738	4
5739	1
5740	2
5741	1
5742	2
5743	4
5744	4
5745	3
5746	2
5747	2
5748	2
5749	3
5750	5
5751	2
5752	2
5753	5
5754	5
5755	4
5756	4
5757	6
5758	0
5759	2
5760	0
5761	3
5762	6
5763	3
5764	1
5765	0
5766	4
5767	5
5768	2
5769	3
5770	4
5771	3
5772	2
5773	2
5774	5
5775	4
5776	6
5777	0
5778	2
5779	5
5780	4
5781	5
5782	5
5783	5
5784	4
5785	2
5786	2
5787	7
5788	3
5789	4
5790	2
5791	1
5792	3
5793	2
5794	2
5795	4
5796	6
5797	3
5798	0
5799	3
5800	3
5801	2
5802	3
5803	4
5804	4
5805	3
5806	4
5807	2
5808	3
5809	1
5810	1
5811	3
5812	5
5813	1
5814	4
5815	0
5816	4
5817	5
5818	1
5819	2
5820	5
5821	2
5822	2
5823	4
5824	5
5825	2
5826	2
5827	4
5828	1
5829	1
5830	6
5831	2
5832	7
5833	2
5834	5
5835	3
5836	2
5837	2
5838	3
5839	4
5840	3
5841	1
5842	2
5843	5
5844	2
5845	3
5846	4
5847	6
5848	2
5849	1
5850	2
5851	2
5852	2
5853	5
5854	3
5855	5
5856	2
5857	2
5858	3
5859	7
5860	7
5861	5
5862	6
5863	3
5864	6
5865	5
5866	5
5867	2
5868	1
5869	4
5870	1
5871	3
5872	1
5873	3
5874	2
5875	6
5876	3
5877	4
5878	8
5879	5
5880	3
5881	7
5882	6
5883	2
5884	5
5885	4
5886	3
5887	1
5888	3
5889	3
5890	6
5891	3
5892	7
5893	4
5894	1
5895	6
5896	4
5897	2
5898	4
5899	5
5900	6
5901	5
5902	4
5903	1
5904	1
5905	4
5906	4
5907	3
5908	5
5909	2
5910	5
5911	0
5912	5
5913	3
5914	4
5915	5
5916	3
5917	3
5918	5
5919	1
5920	2
5921	3
5922	4
5923	4
5924	4
5925	5
5926	4
5927	4
5928	6
5929	5
5930	2
5931	5
5932	2
5933	4
5934	4
5935	3
5936	2
5937	1
5938	5
5939	5
5940	3
5941	4
5942	3
5943	3
5944	5
5945	3
5946	3
5947	3
5948	7
5949	5
5950	5
5951	8
5952	6
5953	4
5954	7
5955	4
5956	4
5957	4
5958	6
5959	3
5960	6
5961	4
5962	3
5963	2
5964	4
5965	1
5966	4
5967	4
5968	3
5969	5
5970	2
5971	7
5972	6
5973	4
5974	5
5975	4
5976	4
5977	2
5978	6
5979	4
5980	2
5981	5
5982	5
5983	5
5984	4
5985	5
5986	7
5987	7
5988	5
5989	5
5990	6
5991	6
5992	3
5993	12
5994	5
5995	3
5996	2
5997	1
5998	6
5999	5
6000	2
6001	3
6002	7
6003	7
6004	6
6005	4
6006	4
6007	9
6008	2
6009	6
6010	10
6011	8
6012	8
6013	3
6014	1
6015	7
6016	4
6017	9
6018	4
6019	4
6020	4
6021	7
6022	10
6023	5
6024	6
6025	7
6026	4
6027	4
6028	9
6029	8
6030	2
6031	5
6032	4
6033	10
6034	3
6035	3
6036	5
6037	6
6038	7
6039	9
6040	9
6041	5
6042	7
6043	5
6044	6
6045	12
6046	4
6047	4
6048	6
6049	7
6050	7
6051	4
6052	7
6053	8
6054	5
6055	7
6056	3
6057	5
6058	5
6059	5
6060	5
6061	3
6062	6
6063	8
6064	5
6065	6
6066	4
6067	2
6068	8
6069	7
6070	7
6071	5
6072	11
6073	6
6074	8
6075	1
6076	7
6077	1
6078	5
6079	7
6080	6
6081	7
6082	4
6083	5
6084	5
6085	12
6086	4
6087	4
6088	10
6089	5
6090	7
6091	5
6092	6
6093	5
6094	4
6095	8
6096	4
6097	7
6098	11
6099	4
6100	3
6101	11
6102	3
6103	10
6104	14
6105	8
6106	6
6107	12
6108	8
6109	13
6110	10
6111	6
6112	15
6113	9
6114	10
6115	9
6116	11
6117	5
6118	8
6119	9
6120	4
6121	10
6122	10
6123	8
6124	9
6125	11
6126	5
6127	19
6128	10
6129	8
6130	6
6131	12
6132	12
6133	16
6134	6
6135	8
6136	13
6137	11
6138	11
6139	14
6140	7
6141	9
6142	11
6143	16
6144	11
6145	17
6146	17
6147	8
6148	17
6149	14
6150	8
6151	13
6152	11
6153	14
6154	11
6155	16
6156	13
6157	10
6158	13
6159	11
6160	7
6161	12
6162	15
6163	11
6164	15
6165	9
6166	15
6167	14
6168	14
6169	11
6170	13
6171	18
6172	13
6173	8
6174	11
6175	17
6176	19
6177	11
6178	10
6179	10
6180	11
6181	5
6182	14
6183	20
6184	7
6185	17
6186	21
6187	18
6188	16
6189	15
6190	17
6191	14
6192	18
6193	15
6194	17
6195	12
6196	23
6197	16
6198	14
6199	21
6200	17
6201	18
6202	16
6203	12
6204	24
6205	15
6206	18
6207	17
6208	13
6209	18
6210	17
6211	22
6212	23
6213	18
6214	25
6215	24
6216	14
6217	12
6218	19
6219	22
6220	19
6221	22
6222	19
6223	20
6224	18
6225	20
6226	20
6227	29
6228	25
6229	20
6230	14
6231	12
6232	14
6233	16
6234	18
6235	18
6236	14
6237	22
6238	20
6239	16
6240	19
6241	27
6242	15
6243	24
6244	16
6245	15
6246	14
6247	19
6248	26
6249	18
6250	21
6251	21
6252	21
6253	23
6254	31
6255	20
6256	28
6257	21
6258	16
6259	23
6260	16
6261	21
6262	16
6263	23
6264	24
6265	22
6266	20
6267	23
6268	31
6269	23
6270	23
6271	23
6272	24
6273	23
6274	17
6275	26
6276	31
6277	27
6278	33
6279	20
6280	20
6281	23
6282	28
6283	32
6284	26
6285	29
6286	31
6287	19
6288	20
6289	33
6290	25
6291	23
6292	30
6293	26
6294	29
6295	24
6296	33
6297	38
6298	32
6299	24
6300	33
6301	22
6302	24
6303	32
6304	37
6305	41
6306	32
6307	26
6308	38
6309	36
6310	46
6311	26
6312	34
6313	27
6314	40
6315	33
6316	31
6317	27
6318	24
6319	32
6320	29
6321	27
6322	40
6323	23
6324	23
6325	36
6326	27
6327	42
6328	33
6329	27
6330	31
6331	31
6332	33
6333	37
6334	37
6335	38
6336	29
6337	39
6338	33
6339	37
6340	36
6341	35
6342	45
6343	24
6344	33
6345	29
6346	39
6347	33
6348	40
6349	31
6350	40
6351	46
6352	33
6353	27
6354	40
6355	19
6356	33
6357	38
6358	49
6359	29
6360	38
6361	41
6362	46
6363	34
6364	17
6365	35
6366	35
6367	36
6368	43
6369	50
6370	33
6371	38
6372	38
6373	35
6374	35
6375	40
6376	39
6377	32
6378	46
6379	44
6380	45
6381	33
6382	43
6383	38
6384	48
6385	43
6386	34
6387	30
6388	42
6389	46
6390	43
6391	37
6392	52
6393	39
6394	46
6395	37
6396	53
6397	50
6398	54
6399	35
6400	44
6401	43
6402	34
6403	43
6404	40
6405	32
6406	52
6407	50
6408	39
6409	55
6410	42
6411	44
6412	43
6413	40
6414	46
6415	44
6416	60
6417	38
6418	44
6419	39
6420	56
6421	53
6422	33
6423	38
6424	60
6425	46
6426	56
6427	50
6428	43
6429	50
6430	53
6431	47
6432	43
6433	47
6434	53
6435	41
6436	45
6437	44
6438	46
6439	46
6440	42
6441	39
6442	50
6443	52
6444	35
6445	61
6446	50
6447	46
6448	50
6449	43
6450	52
6451	68
6452	59
6453	50
6454	55
6455	55
6456	62
6457	52
6458	56
6459	52
6460	50
6461	63
6462	48
6463	51
6464	55
6465	63
6466	60
6467	49
6468	47
6469	46
6470	57
6471	48
6472	47
6473	49
6474	52
6475	54
6476	62
6477	55
6478	59
6479	56
6480	47
6481	54
6482	58
6483	57
6484	50
6485	47
6486	54
6487	60
6488	60
6489	50
6490	43
6491	54
6492	51
6493	58
6494	58
6495	48
6496	50
6497	63
6498	59
6499	51
6500	66
6501	52
6502	57
6503	52
6504	65
6505	61
6506	62
6507	60
6508	52
6509	63
6510	53
6511	60
6512	47
6513	50
6514	55
6515	46
6516	48
6517	71
6518	48
6519	58
6520	72
6521	46
6522	62
6523	51
6524	49
6525	52
6526	53
6527	67
6528	52
6529	47
6530	60
6531	66
6532	57
6533	53
6534	52
6535	47
6536	59
6537	57
6538	60
6539	54
6540	60
6541	49
6542	77
6543	63
6544	64
6545	48
6546	52
6547	59
6548	41
6549	59
6550	60
6551	54
6552	46
6553	47
6554	67
6555	59
6556	54
6557	52
6558	55
6559	44
6560	62
6561	56
6562	72
6563	57
6564	58
6565	55
6566	58
6567	64
6568	65
6569	57
6570	58
6571	59
6572	61
6573	70
6574	55
6575	60
6576	67
6577	60
6578	64
6579	68
6580	61
6581	61
6582	58
6583	58
6584	57
6585	56
6586	61
6587	50
6588	53
6589	61
6590	75
6591	73
6592	53
6593	56
6594	66
6595	65
6596	51
6597	69
6598	60
6599	62
6600	60
6601	58
6602	43
6603	48
6604	68
6605	61
6606	61
6607	64
6608	50
6609	59
6610	65
6611	61
6612	65
6613	48
6614	50
6615	56
6616	61
6617	64
6618	68
6619	59
6620	52
6621	58
6622	57
6623	49
6624	51
6625	61
6626	59
6627	68
6628	60
6629	56
6630	68
6631	60
6632	56
6633	50
6634	55
6635	61
6636	56
6637	50
6638	51
6639	45
6640	58
6641	45
6642	48
6643	43
6644	61
6645	67
6646	66
6647	55
6648	44
6649	46
6650	62
6651	49
6652	51
6653	53
6654	51
6655	48
6656	65
6657	55
6658	65
6659	69
6660	69
6661	51
6662	51
6663	43
6664	47
6665	55
6666	50
6667	45
6668	49
6669	60
6670	39
6671	51
6672	56
6673	49
6674	49
6675	42
6676	53
6677	46
6678	79
6679	50
6680	59
6681	62
6682	57
6683	57
6684	49
6685	46
6686	37
6687	63
6688	42
6689	51
6690	46
6691	36
6692	50
6693	51
6694	45
6695	53
6696	61
6697	38
6698	37
6699	51
6700	46
6701	50
6702	47
6703	50
6704	65
6705	46
6706	48
6707	57
6708	40
6709	60
6710	53
6711	53
6712	46
6713	45
6714	46
6715	59
6716	36
6717	42
6718	49
6719	51
6720	37
6721	43
6722	42
6723	40
6724	48
6725	48
6726	44
6727	49
6728	38
6729	42
6730	42
6731	43
6732	38
6733	49
6734	56
6735	40
6736	46
6737	44
6738	31
6739	49
6740	40
6741	43
6742	33
6743	29
6744	50
6745	38
6746	51
6747	48
6748	53
6749	51
6750	36
6751	41
6752	44
6753	48
6754	42
6755	26
6756	37
6757	40
6758	36
6759	43
6760	49
6761	44
6762	36
6763	42
6764	39
6765	45
6766	38
6767	37
6768	33
6769	38
6770	33
6771	32
6772	35
6773	33
6774	37
6775	39
6776	32
6777	26
6778	39
6779	52
6780	29
6781	29
6782	30
6783	28
6784	35
6785	37
6786	38
6787	41
6788	42
6789	27
6790	33
6791	39
6792	22
6793	22
6794	39
6795	30
6796	30
6797	36
6798	42
6799	45
6800	30
6801	31
6802	29
6803	46
6804	28
6805	34
6806	31
6807	33
6808	28
6809	29
6810	26
6811	26
6812	30
6813	28
6814	31
6815	27
6816	39
6817	31
6818	20
6819	24
6820	25
6821	35
6822	28
6823	32
6824	34
6825	31
6826	31
6827	27
6828	31
6829	25
6830	32
6831	34
6832	26
6833	30
6834	37
6835	37
6836	27
6837	31
6838	30
6839	31
6840	28
6841	24
6842	28
6843	31
6844	18
6845	25
6846	21
6847	25
6848	31
6849	24
6850	33
6851	13
6852	25
6853	21
6854	30
6855	22
6856	20
6857	24
6858	21
6859	25
6860	32
6861	27
6862	30
6863	19
6864	21
6865	24
6866	31
6867	26
6868	24
6869	19
6870	22
6871	24
6872	32
6873	28
6874	24
6875	28
6876	30
6877	24
6878	17
6879	17
6880	19
6881	16
6882	16
6883	16
6884	20
6885	15
6886	12
6887	19
6888	20
6889	26
6890	19
6891	21
6892	22
6893	21
6894	19
6895	26
6896	17
6897	19
6898	22
6899	21
6900	24
6901	18
6902	15
6903	24
6904	19
6905	19
6906	14
6907	13
6908	21
6909	20
6910	17
6911	14
6912	28
6913	14
6914	16
6915	20
6916	15
6917	13
6918	12
6919	10
6920	24
6921	16
6922	16
6923	14
6924	13
6925	10
6926	10
6927	18
6928	13
6929	8
6930	17
6931	18
6932	13
6933	16
6934	12
6935	11
6936	18
6937	17
6938	16
6939	14
6940	16
6941	14
6942	16
6943	12
6944	15
6945	16
6946	10
6947	9
6948	16
6949	8
6950	10
6951	11
6952	6
6953	10
6954	14
6955	15
6956	15
6957	13
6958	16
6959	14
6960	9
6961	10
6962	11
6963	9
6964	11
6965	13
6966	9
6967	11
6968	10
6969	9
6970	12
6971	14
6972	9
6973	10
6974	15
6975	15
6976	8
6977	8
6978	12
6979	11
6980	8
6981	13
6982	9
6983	13
6984	8
6985	12
6986	9
6987	8
6988	9
6989	5
6990	6
6991	9
6992	11
6993	7
6994	9
6995	10
6996	14
6997	8
6998	12
6999	6
7000	13
7001	11
7002	8
7003	12
7004	9
7005	9
7006	5
7007	10
7008	4
7009	8
7010	10
7011	6
7012	11
7013	7
7014	2
7015	12
7016	11
7017	7
7018	8
7019	8
7020	10
7021	7
7022	8
7023	3
7024	6
7025	10
7026	4
7027	5
7028	6
7029	4
7030	5
7031	9
7032	6
7033	5
7034	6
7035	11
7036	7
7037	8
7038	5
7039	9
7040	7
7041	2
7042	2
7043	2
7044	7
7045	4
7046	2
7047	4
7048	6
7049	5
7050	5
7051	8
7052	2
7053	3
7054	1
7055	5
7056	6
7057	5
7058	4
7059	8
7060	5
7061	6
7062	6
7063	2
7064	3
7065	6
7066	14
7067	4
7068	5
7069	8
7070	2
7071	5
7072	3
7073	5
7074	5
7075	5
7076	7
7077	4
7078	2
7079	7
7080	5
7081	7
7082	8
7083	5
7084	2
7085	6
7086	3
7087	0
7088	2
7089	6
7090	4
7091	6
7092	3
7093	6
7094	4
7095	5
7096	3
7097	2
7098	3
7099	2
7100	3
7101	8
7102	3
7103	3
7104	0
7105	6
7106	3
7107	4
7108	2
7109	7
7110	3
7111	6
7112	3
7113	4
7114	3
7115	3
7116	1
7117	1
7118	2
7119	4
7120	4
7121	2
7122	6
7123	7
7124	1
7125	3
7126	3
7127	3
7128	5
7129	5
7130	3
7131	1
7132	3
7133	4
7134	2
7135	2
7136	3
7137	1
7138	0
7139	4
7140	1
7141	3
7142	3
7143	3
7144	4
7145	0
7146	3
7147	2
7148	3
7149	6
7150	2
7151	1
7152	2
7153	0
7154	0
7155	0
7156	4
7157	5
7158	0
7159	3
7160	5
7161	2
7162	4
7163	0
7164	3
7165	4
7166	2
7167	1
7168	2
7169	2
7170	1
7171	3
7172	4
7173	4
7174	3
7175	4
7176	4
7177	2
7178	0
7179	2
7180	6
7181	3
7182	2
7183	1
7184	0
7185	3
7186	2
7187	3
7188	0
7189	2
7190	6
7191	5
7192	7
7193	3
7194	6
7195	1
7196	3
7197	1
7198	5
7199	5
7200	2
7201	1
7202	2
7203	2
7204	1
7205	7
7206	3
7207	2
7208	1
7209	0
7210	4
7211	3
7212	7
7213	5
7214	0
7215	1
7216	2
7217	1
7218	1
7219	0
7220	2
7221	2
7222	2
7223	1
7224	3
7225	0
7226	4
7227	5
7228	3
7229	0
7230	3
7231	1
7232	3
7233	3
7234	3
7235	3
7236	1
7237	1
7238	1
7239	0
7240	1
7241	0
7242	0
7243	2
7244	3
7245	3
7246	1
7247	4
7248	1
7249	4
7250	4
7251	4
7252	2
7253	3
7254	2
7255	2
7256	1
7257	3
7258	6
7259	3
7260	1
7261	0
7262	2
7263	5
7264	1
7265	2
7266	4
7267	4
7268	2
7269	1
7270	4
7271	2
7272	2
7273	1
7274	1
7275	1
7276	2
7277	0
7278	1
7279	5
7280	3
7281	3
7282	2
7283	6
7284	0
7285	1
7286	2
7287	4
7288	5
7289	2
7290	2
7291	2
7292	0
7293	0
7294	2
7295	1
7296	4
7297	1
7298	2
7299	6
7300	2
7301	1
7302	2
7303	1
7304	2
7305	1
7306	2
7307	4
7308	1
7309	0
7310	0
7311	3
7312	1
7313	1
7314	4
7315	7
7316	0
7317	2
7318	0
7319	1
7320	2
7321	4
7322	1
7323	3
7324	1
7325	4
7326	3
7327	1
7328	2
7329	0
7330	2
7331	1
7332	4
7333	3
7334	0
7335	3
7336	2
7337	3
7338	8
7339	6
7340	4
7341	1
7342	1
7343	2
7344	2
7345	2
7346	2
7347	4
7348	1
7349	2
7350	1
7351	0
7352	1
7353	0
7354	2
7355	1
7356	2
7357	1
7358	1
7359	1
7360	1
7361	2
7362	4
7363	2
7364	0
7365	1
7366	2
7367	5
7368	3
7369	3
7370	3
7371	4
7372	0
7373	6
7374	4
7375	4
7376	2
7377	2
7378	4
7379	1
7380	0
7381	0
7382	1
7383	1
7384	2
7385	0
7386	2
7387	0
7388	5
7389	2
7390	2
7391	0
7392	1
7393	3
7394	0
7395	6
7396	0
7397	2
7398	1
7399	1
7400	3
7401	1
7402	2
7403	0
7404	1
7405	2
7406	2
7407	2
7408	3
7409	2
7410	2
7411	1
7412	4
7413	2
7414	1
7415	2
7416	1
7417	1
7418	1
7419	1
7420	2
7421	2
7422	1
7423	2
7424	1
7425	1
7426	1
7427	0
7428	0
7429	2
7430	1
7431	1
7432	3
7433	0
7434	1
7435	3
7436	1
7437	0
7438	1
7439	2
7440	2
7441	1
7442	2
7443	1
7444	2
7445	0
7446	0
7447	3
7448	0
7449	1
7450	2
7451	2
7452	2
7453	2
7454	2
7455	5
7456	3
7457	1
7458	2
7459	2
7460	3
7461	2
7462	0
7463	1
7464	2
7465	0
7466	2
7467	1
7468	1
7469	1
7470	3
7471	0
7472	2
7473	5
7474	0
7475	2
7476	2
7477	2
7478	2
7479	2
7480	1
7481	4
7482	3
7483	0
7484	1
7485	3
7486	1
7487	1
7488	1
7489	2
7490	1
7491	3
7492	0
7493	2
7494	3
7495	1
7496	1
7497	4
7498	2
7499	2
7500	4
7501	3
7502	0
7503	1
7504	1
7505	2
7506	1
7507	1
7508	5
7509	1
7510	2
7511	2
7512	1
7513	2
7514	1
7515	2
7516	2
7517	1
7518	2
7519	3
7520	3
7521	2
7522	1
7523	4
7524	0
7525	1
7526	3
7527	3
7528	2
7529	3
7530	1
7531	1
7532	1
7533	1
7534	0
7535	0
7536	1
7537	2
7538	3
7539	1
7540	1
7541	0
7542	0
7543	1
7544	1
7545	1
7546	4
7547	3
7548	2
7549	3
7550	2
7551	2
7552	1
7553	2
7554	3
7555	3
7556	5
7557	2
7558	2
7559	2
7560	0
7561	2
7562	0
7563	2
7564	3
7565	2
7566	0
7567	2
7568	3
7569	4
7570	1
7571	5
7572	2
7573	1
7574	2
7575	3
7576	1
7577	0
7578	3
7579	3
7580	4
7581	3
7582	3
7583	1
7584	0
7585	0
7586	0
7587	1
7588	1
7589	4
7590	0
7591	2
7592	1
7593	1
7594	0
7595	2
7596	5
7597	3
7598	0
7599	2
7600	1
7601	0
7602	3
7603	1
7604	5
7605	1
7606	2
7607	1
7608	1
7609	2
7610	1
7611	2
7612	2
7613	1
7614	0
7615	2
7616	3
7617	1
7618	3
7619	2
7620	2
7621	1
7622	4
7623	6
7624	0
7625	4
7626	0
7627	1
7628	1
7629	3
7630	2
7631	0
7632	1
7633	1
7634	3
7635	0
7636	1
7637	4
7638	3
7639	1
7640	1
7641	1
7642	1
7643	3
7644	1
7645	4
7646	3
7647	1
7648	1
7649	2
7650	0
7651	0
7652	3
7653	2
7654	4
7655	6
7656	3
7657	3
7658	1
7659	1
7660	1
7661	0
7662	0
7663	3
7664	4
7665	0
7666	3
7667	0
7668	0
7669	3
7670	2
7671	2
7672	2
7673	3
7674	1
7675	2
7676	1
7677	2
7678	2
7679	0
7680	2
7681	1
7682	2
7683	1
7684	1
7685	2
7686	3
7687	3
7688	1
7689	2
7690	1
7691	1
7692	2
7693	1
7694	2
7695	2
7696	1
7697	0
7698	0
7699	1
7700	1
7701	0
7702	0
7703	1
7704	0
7705	1
7706	0
7707	0
7708	0
7709	0
7710	0
7711	0
7712	0
7713	0
7714	0
7715	0
7716	0
7717	0
7718	0
7719	0
7720	0
7721	0
7722	0
7723	0
7724	0
7725	0
7726	0
7727	0
7728	0
7729	0
7730	0
7731	0
7732	0
7733	0
7734	0
7735	0
7736	0
7737	0
7738	0
7739	0
7740	0
7741	0
7742	0
7743	0
7744	0
7745	0
7746	0
7747	0
7748	0
7749	0
7750	0
7751	0
7752	0
7753	0
7754	0
7755	0
7756	0
7757	0
7758	0
7759	0
7760	0
7761	0
7762	0
7763	0
7764	0
7765	0
7766	0
7767	0
7768	0
7769	0
7770	0
7771	0
7772	0
7773	0
7774	0
7775	0
7776	0
7777	0
7778	0
7779	0
7780	0
7781	0
7782	0
7783	0
7784	0
7785	0
7786	0
7787	0
7788	0
7789	0
7790	0
7791	0
7792	0
7793	0
7794	0
7795	0
7796	0
7797	0
7798	0
7799	0
7800	0
7801	0
7802	0
7803	0
7804	0
7805	0
7806	0
7807	0
7808	0
7809	0
7810	0
7811	0
7812	0
7813	0
7814	0
7815	0
7816	0
7817	0
7818	0
7819	0
7820	0
7821	0
7822	0
7823	0
7824	0
7825	0
7826	0
7827	0
7828	0
7829	0
7830	0
7831	0
7832	0
7833	0
7834	0
7835	0
7836	0
7837	0
7838	0
7839	0
7840	0
7841	0
7842	0
7843	0
7844	0
7845	0
7846	0
7847	0
7848	0
7849	0
7850	0
7851	0
7852	0
7853	0
7854	0
7855	0
7856	0
7857	0
7858	0
7859	0
7860	0
7861	0
7862	0
7863	0
7864	0
7865	0
7866	0
7867	0
7868	0
7869	0
7870	0
7871	0
7872	0
7873	0
7874	0
7875	0
7876	0
7877	0
7878	0
7879	0
7880	0
7881	0
7882	0
7883	0
7884	0
7885	0
7886	0
7887	0
7888	0
7889	0
7890	0
7891	0
7892	0
7893	0
7894	0
7895	0
7896	0
7897	0
7898	0
7899	0
7900	0
7901	0
7902	0
7903	0
7904	0
7905	0
7906	0
7907	0
7908	0
7909	0
7910	0
7911	0
7912	0
7913	0
7914	0
7915	0
7916	0
7917	0
7918	0
7919	0
7920	0
7921	0
7922	0
7923	0
7924	0
7925	0
7926	0
7927	0
7928	0
7929	0
7930	0
7931	0
7932	0
7933	0
7934	0
7935	0
7936	0
7937	0
7938	0
7939	0
7940	0
7941	0
7942	0
7943	0
7944	0
7945	0
7946	0
7947	0
7948	0
7949	0
7950	0
7951	0
7952	0
7953	0
7954	0
7955	0
7956	0
7957	0
7958	0
7959	0
7960	0
7961	0
7962	0
7963	0
7964	0
7965	0
7966	0
7967	0
7968	0
7969	0
7970	0
7971	0
7972	0
7973	0
7974	0
7975	0
7976	0
7977	0
7978	0
7979	0
7980	0
7981	0
7982	0
7983	0
7984	0
7985	0
7986	0
7987	0
7988	0
7989	0
7990	0
7991	0
7992	0
7993	0
7994	0
7995	0
7996	0
7997	0
7998	0
7999	0
8000	0
8001	0
8002	0
8003	0
8004	0
8005	0
8006	0
8007	0
8008	0
8009	0
8010	0
8011	0
8012	0
8013	0
8014	0
8015	0
8016	0
8017	0
8018	0
8019	0
8020	0
8021	0
8022	0
8023	0
8024	0
8025	0
8026	0
8027	0
8028	0
8029	0
8030	0
8031	0
8032	0
8033	0
8034	0
8035	0
8036	0
8037	0
8038	0
8039	0
8040	0
8041	0
8042	0
8043	0
8044	0
8045	0
8046	0
8047	0
8048	0
8049	0
8050	0
8051	0
8052	0
8053	0
8054	0
8055	0
8056	0
8057	0
8058	0
8059	0
8060	0
8061	0
8062	0
8063	0
8064	0
8065	0
8066	0
8067	0
8068	0
8069	0
8070	0
8071	0
8072	0
8073	0
8074	0
8075	0
8076	0
8077	0
8078	0
8079	0
8080	0
8081	0
8082	0
8083	0
8084	0
8085	0
8086	0
8087	0
8088	0
8089	0
8090	0
8091	0
8092	0
8093	0
8094	0
8095	0
8096	0
8097	0
8098	0
8099	0
8100	0
8101	0
8102	0
8103	0
8104	0
8105	0
8106	0
8107	0
8108	0
8109	0
8110	0
8111	0
8112	0
8113	0
8114	0
8115	0
8116	0
8117	0
8118	0
8119	0
8120	0
8121	0
8122	0
8123	0
8124	0
8125	0
8126	0
8127	0
8128	0
8129	0
8130	0
8131	0
8132	0
8133	0
8134	0
8135	0
8136	0
8137	0
8138	0
8139	0
8140	0
8141	0
8142	0
8143	0
8144	0
8145	0
8146	0
8147	0
8148	0
8149	0
8150	0
8151	0
8152	0
8153	0
8154	0
8155	0
8156	0
8157	0
8158	0
8159	0
8160	0
8161	0
8162	0
8163	0
8164	0
8165	0
8166	0
8167	0
8168	0
8169	0
8170	0
8171	0
8172	0
8173	0
8174	0
8175	0
8176	0
8177	0
8178	0
8179	0
8180	0
8181	0
8182	0
8183	0
8184	0
8185	0
8186	0
8187	0
8188	0
8189	0
8190	0
8191	0
