0	0
1	0
2	0
3	0
4	0
5	0
6	0
7	0
8	0
9	0
10	0
11	0
12	0
13	0
14	0
15	0
16	0
17	0
18	0
19	0
20	0
21	0
22	0
23	0
24	0
25	0
26	0
27	0
28	0
29	0
30	0
31	0
32	0
33	0
34	0
35	0
36	0
37	0
38	0
39	0
40	0
41	0
42	0
43	0
44	0
45	0
46	0
47	0
48	0
49	0
50	0
51	0
52	0
53	0
54	0
55	0
56	0
57	0
58	0
59	0
60	0
61	0
62	0
63	0
64	0
65	0
66	0
67	0
68	0
69	0
70	0
71	0
72	0
73	0
74	0
75	0
76	0
77	0
78	0
79	0
80	0
81	0
82	0
83	0
84	0
85	0
86	0
87	0
88	0
89	0
90	0
91	0
92	0
93	0
94	0
95	0
96	0
97	0
98	0
99	0
100	0
101	0
102	0
103	0
104	0
105	0
106	0
107	0
108	0
109	0
110	0
111	0
112	0
113	0
114	0
115	0
116	0
117	0
118	0
119	0
120	0
121	0
122	0
123	0
124	0
125	0
126	0
127	0
128	0
129	0
130	0
131	0
132	0
133	0
134	0
135	0
136	0
137	0
138	0
139	0
140	0
141	0
142	0
143	0
144	0
145	0
146	0
147	0
148	0
149	0
150	0
151	0
152	0
153	0
154	0
155	0
156	0
157	0
158	0
159	0
160	0
161	0
162	0
163	0
164	0
165	0
166	0
167	0
168	0
169	0
170	0
171	0
172	0
173	0
174	0
175	0
176	0
177	0
178	0
179	0
180	0
181	0
182	0
183	0
184	0
185	0
186	0
187	0
188	0
189	0
190	0
191	0
192	0
193	0
194	0
195	0
196	0
197	0
198	0
199	0
200	0
201	0
202	0
203	0
204	0
205	0
206	0
207	0
208	0
209	0
210	0
211	0
212	0
213	0
214	0
215	0
216	0
217	0
218	0
219	0
220	0
221	0
222	0
223	0
224	0
225	0
226	0
227	0
228	0
229	0
230	0
231	0
232	0
233	0
234	0
235	0
236	0
237	0
238	0
239	0
240	0
241	0
242	0
243	0
244	0
245	0
246	0
247	0
248	0
249	0
250	0
251	0
252	0
253	0
254	0
255	0
256	0
257	0
258	0
259	0
260	0
261	0
262	0
263	0
264	0
265	0
266	0
267	0
268	0
269	0
270	0
271	0
272	0
273	0
274	0
275	0
276	0
277	0
278	0
279	0
280	0
281	0
282	0
283	0
284	0
285	0
286	0
287	0
288	0
289	0
290	0
291	0
292	0
293	0
294	0
295	0
296	0
297	0
298	0
299	0
300	0
301	0
302	0
303	0
304	0
305	0
306	0
307	0
308	0
309	0
310	0
311	0
312	0
313	0
314	0
315	0
316	0
317	0
318	0
319	0
320	0
321	0
322	0
323	0
324	0
325	0
326	0
327	0
328	0
329	0
330	0
331	0
332	0
333	0
334	0
335	0
336	1
337	0
338	0
339	0
340	0
341	0
342	0
343	0
344	0
345	0
346	0
347	0
348	0
349	0
350	0
351	0
352	0
353	0
354	0
355	0
356	0
357	0
358	0
359	0
360	0
361	0
362	0
363	0
364	0
365	0
366	0
367	0
368	0
369	0
370	0
371	0
372	0
373	0
374	0
375	0
376	0
377	0
378	0
379	0
380	0
381	0
382	0
383	0
384	0
385	0
386	0
387	0
388	0
389	0
390	0
391	0
392	0
393	0
394	0
395	0
396	0
397	0
398	0
399	0
400	0
401	0
402	0
403	0
404	0
405	0
406	0
407	0
408	0
409	0
410	0
411	0
412	0
413	0
414	0
415	0
416	0
417	0
418	0
419	0
420	0
421	0
422	0
423	0
424	0
425	0
426	0
427	0
428	0
429	0
430	0
431	0
432	0
433	0
434	0
435	0
436	0
437	0
438	0
439	0
440	0
441	0
442	0
443	0
444	0
445	0
446	0
447	0
448	0
449	0
450	0
451	0
452	0
453	0
454	0
455	0
456	0
457	0
458	0
459	0
460	0
461	0
462	0
463	0
464	0
465	0
466	0
467	0
468	0
469	0
470	0
471	0
472	0
473	0
474	0
475	0
476	0
477	0
478	0
479	0
480	0
481	0
482	0
483	0
484	0
485	0
486	0
487	0
488	0
489	0
490	0
491	0
492	0
493	0
494	0
495	0
496	0
497	0
498	0
499	0
500	0
501	0
502	0
503	0
504	0
505	0
506	0
507	0
508	0
509	0
510	0
511	0
512	0
513	0
514	0
515	0
516	0
517	0
518	0
519	0
520	0
521	0
522	0
523	0
524	0
525	0
526	0
527	0
528	0
529	0
530	0
531	0
532	0
533	0
534	0
535	0
536	0
537	0
538	0
539	0
540	0
541	0
542	0
543	0
544	0
545	0
546	0
547	0
548	0
549	0
550	0
551	0
552	0
553	0
554	0
555	0
556	0
557	0
558	0
559	0
560	0
561	0
562	0
563	0
564	0
565	0
566	0
567	0
568	0
569	0
570	0
571	0
572	0
573	0
574	0
575	0
576	0
577	0
578	0
579	0
580	0
581	0
582	0
583	0
584	0
585	0
586	0
587	0
588	0
589	0
590	0
591	0
592	0
593	0
594	0
595	0
596	0
597	0
598	0
599	0
600	0
601	0
602	0
603	0
604	0
605	0
606	0
607	0
608	0
609	0
610	0
611	0
612	0
613	0
614	0
615	0
616	0
617	0
618	0
619	0
620	0
621	0
622	0
623	0
624	0
625	0
626	0
627	0
628	0
629	0
630	0
631	0
632	0
633	0
634	0
635	0
636	0
637	0
638	0
639	0
640	0
641	0
642	0
643	0
644	0
645	0
646	0
647	0
648	0
649	0
650	0
651	0
652	0
653	0
654	0
655	0
656	0
657	0
658	0
659	0
660	0
661	0
662	0
663	0
664	0
665	0
666	0
667	0
668	0
669	0
670	0
671	0
672	0
673	0
674	0
675	0
676	0
677	0
678	0
679	0
680	0
681	0
682	0
683	0
684	0
685	0
686	0
687	0
688	0
689	0
690	0
691	0
692	0
693	0
694	0
695	0
696	0
697	0
698	0
699	0
700	0
701	0
702	0
703	0
704	0
705	0
706	0
707	0
708	0
709	0
710	0
711	0
712	0
713	0
714	0
715	0
716	0
717	0
718	0
719	0
720	0
721	0
722	0
723	0
724	0
725	0
726	0
727	0
728	0
729	0
730	0
731	0
732	0
733	0
734	0
735	0
736	0
737	0
738	0
739	0
740	0
741	0
742	0
743	0
744	0
745	0
746	0
747	0
748	0
749	0
750	0
751	0
752	0
753	0
754	0
755	0
756	0
757	0
758	0
759	0
760	0
761	0
762	0
763	0
764	0
765	0
766	0
767	0
768	0
769	0
770	0
771	0
772	0
773	0
774	0
775	0
776	0
777	0
778	0
779	0
780	0
781	0
782	0
783	0
784	0
785	0
786	0
787	0
788	0
789	0
790	0
791	0
792	0
793	0
794	0
795	0
796	0
797	0
798	0
799	0
800	0
801	0
802	0
803	0
804	0
805	0
806	0
807	0
808	0
809	0
810	0
811	0
812	0
813	0
814	0
815	0
816	0
817	0
818	0
819	0
820	0
821	0
822	0
823	0
824	0
825	0
826	0
827	0
828	0
829	0
830	0
831	0
832	0
833	0
834	0
835	0
836	0
837	0
838	0
839	0
840	0
841	0
842	0
843	0
844	0
845	0
846	0
847	0
848	0
849	0
850	0
851	0
852	0
853	0
854	0
855	0
856	0
857	0
858	0
859	0
860	0
861	0
862	0
863	0
864	0
865	0
866	0
867	0
868	0
869	0
870	0
871	0
872	0
873	0
874	0
875	0
876	0
877	0
878	0
879	0
880	0
881	0
882	0
883	0
884	0
885	0
886	0
887	0
888	0
889	0
890	0
891	0
892	0
893	0
894	0
895	0
896	0
897	0
898	0
899	0
900	0
901	0
902	0
903	0
904	0
905	0
906	0
907	0
908	0
909	0
910	0
911	0
912	0
913	0
914	0
915	0
916	0
917	0
918	0
919	0
920	0
921	0
922	0
923	0
924	0
925	0
926	0
927	0
928	0
929	0
930	0
931	0
932	0
933	0
934	0
935	0
936	0
937	0
938	0
939	0
940	0
941	0
942	0
943	0
944	0
945	0
946	0
947	0
948	0
949	0
950	0
951	0
952	0
953	0
954	0
955	0
956	0
957	0
958	0
959	0
960	0
961	0
962	0
963	0
964	0
965	0
966	0
967	0
968	0
969	0
970	0
971	0
972	0
973	0
974	0
975	0
976	0
977	0
978	0
979	0
980	0
981	0
982	0
983	0
984	0
985	0
986	0
987	0
988	0
989	0
990	0
991	0
992	0
993	0
994	0
995	0
996	0
997	0
998	0
999	0
1000	0
1001	0
1002	0
1003	0
1004	0
1005	0
1006	0
1007	0
1008	0
1009	0
1010	0
1011	0
1012	0
1013	0
1014	0
1015	0
1016	0
1017	0
1018	0
1019	0
1020	0
1021	0
1022	0
1023	0
1024	0
1025	0
1026	0
1027	0
1028	0
1029	0
1030	0
1031	0
1032	0
1033	0
1034	0
1035	0
1036	0
1037	0
1038	0
1039	0
1040	0
1041	0
1042	0
1043	0
1044	0
1045	0
1046	0
1047	0
1048	0
1049	0
1050	0
1051	0
1052	0
1053	0
1054	0
1055	0
1056	0
1057	0
1058	0
1059	0
1060	0
1061	0
1062	0
1063	0
1064	0
1065	0
1066	0
1067	0
1068	0
1069	0
1070	0
1071	0
1072	0
1073	0
1074	0
1075	0
1076	0
1077	0
1078	0
1079	0
1080	0
1081	0
1082	0
1083	0
1084	0
1085	0
1086	0
1087	0
1088	0
1089	0
1090	0
1091	0
1092	0
1093	0
1094	0
1095	0
1096	0
1097	0
1098	0
1099	0
1100	0
1101	0
1102	0
1103	0
1104	0
1105	0
1106	0
1107	0
1108	0
1109	0
1110	0
1111	0
1112	0
1113	0
1114	0
1115	0
1116	0
1117	0
1118	0
1119	0
1120	0
1121	0
1122	0
1123	0
1124	0
1125	0
1126	0
1127	0
1128	0
1129	0
1130	0
1131	0
1132	0
1133	0
1134	0
1135	0
1136	0
1137	0
1138	0
1139	0
1140	0
1141	0
1142	0
1143	0
1144	0
1145	0
1146	0
1147	0
1148	0
1149	0
1150	0
1151	0
1152	0
1153	0
1154	0
1155	0
1156	0
1157	0
1158	0
1159	0
1160	0
1161	0
1162	0
1163	0
1164	0
1165	0
1166	0
1167	0
1168	0
1169	0
1170	0
1171	0
1172	0
1173	0
1174	0
1175	0
1176	0
1177	0
1178	0
1179	0
1180	0
1181	0
1182	0
1183	0
1184	0
1185	0
1186	0
1187	0
1188	0
1189	0
1190	0
1191	0
1192	0
1193	0
1194	0
1195	0
1196	0
1197	0
1198	0
1199	0
1200	0
1201	0
1202	0
1203	0
1204	0
1205	0
1206	0
1207	0
1208	0
1209	0
1210	0
1211	0
1212	0
1213	0
1214	0
1215	0
1216	0
1217	0
1218	0
1219	0
1220	0
1221	0
1222	0
1223	0
1224	0
1225	0
1226	0
1227	0
1228	0
1229	0
1230	0
1231	0
1232	0
1233	0
1234	0
1235	0
1236	0
1237	0
1238	0
1239	0
1240	0
1241	0
1242	0
1243	0
1244	0
1245	0
1246	0
1247	0
1248	0
1249	0
1250	0
1251	0
1252	0
1253	0
1254	0
1255	0
1256	0
1257	0
1258	0
1259	0
1260	0
1261	0
1262	0
1263	0
1264	0
1265	0
1266	0
1267	0
1268	0
1269	0
1270	0
1271	0
1272	0
1273	0
1274	0
1275	0
1276	0
1277	0
1278	0
1279	0
1280	0
1281	0
1282	0
1283	0
1284	0
1285	0
1286	0
1287	0
1288	0
1289	0
1290	0
1291	0
1292	0
1293	0
1294	0
1295	0
1296	0
1297	0
1298	0
1299	0
1300	0
1301	0
1302	0
1303	0
1304	0
1305	0
1306	0
1307	0
1308	0
1309	0
1310	0
1311	0
1312	0
1313	0
1314	0
1315	0
1316	0
1317	0
1318	0
1319	0
1320	0
1321	0
1322	0
1323	0
1324	0
1325	0
1326	0
1327	0
1328	0
1329	0
1330	0
1331	0
1332	0
1333	0
1334	0
1335	0
1336	0
1337	0
1338	0
1339	0
1340	0
1341	0
1342	0
1343	0
1344	0
1345	0
1346	0
1347	0
1348	0
1349	0
1350	0
1351	0
1352	0
1353	0
1354	0
1355	0
1356	0
1357	0
1358	0
1359	0
1360	0
1361	0
1362	0
1363	0
1364	0
1365	0
1366	0
1367	0
1368	0
1369	0
1370	0
1371	0
1372	0
1373	0
1374	0
1375	0
1376	0
1377	0
1378	0
1379	0
1380	0
1381	0
1382	0
1383	0
1384	0
1385	0
1386	0
1387	0
1388	0
1389	0
1390	0
1391	0
1392	0
1393	0
1394	0
1395	0
1396	0
1397	0
1398	0
1399	0
1400	0
1401	0
1402	0
1403	0
1404	0
1405	0
1406	0
1407	0
1408	0
1409	0
1410	0
1411	0
1412	0
1413	0
1414	0
1415	0
1416	0
1417	0
1418	0
1419	0
1420	0
1421	0
1422	0
1423	0
1424	0
1425	0
1426	0
1427	0
1428	0
1429	0
1430	0
1431	0
1432	0
1433	0
1434	0
1435	0
1436	0
1437	0
1438	0
1439	0
1440	0
1441	0
1442	0
1443	0
1444	0
1445	0
1446	0
1447	0
1448	0
1449	0
1450	0
1451	0
1452	0
1453	0
1454	0
1455	0
1456	0
1457	0
1458	0
1459	0
1460	0
1461	0
1462	0
1463	0
1464	0
1465	0
1466	0
1467	0
1468	0
1469	0
1470	0
1471	0
1472	0
1473	0
1474	0
1475	0
1476	0
1477	0
1478	0
1479	0
1480	0
1481	0
1482	0
1483	0
1484	0
1485	0
1486	0
1487	0
1488	0
1489	0
1490	0
1491	0
1492	0
1493	0
1494	0
1495	0
1496	0
1497	0
1498	0
1499	0
1500	0
1501	0
1502	0
1503	0
1504	0
1505	0
1506	0
1507	0
1508	0
1509	0
1510	0
1511	0
1512	0
1513	0
1514	0
1515	0
1516	0
1517	0
1518	0
1519	0
1520	0
1521	0
1522	0
1523	0
1524	0
1525	0
1526	0
1527	0
1528	0
1529	0
1530	0
1531	0
1532	0
1533	0
1534	0
1535	0
1536	0
1537	0
1538	0
1539	0
1540	0
1541	0
1542	0
1543	0
1544	0
1545	0
1546	0
1547	0
1548	0
1549	0
1550	0
1551	0
1552	0
1553	0
1554	0
1555	0
1556	0
1557	0
1558	0
1559	0
1560	0
1561	0
1562	0
1563	0
1564	0
1565	0
1566	0
1567	0
1568	0
1569	0
1570	0
1571	0
1572	0
1573	0
1574	0
1575	0
1576	0
1577	0
1578	0
1579	0
1580	0
1581	0
1582	0
1583	0
1584	0
1585	0
1586	0
1587	0
1588	0
1589	0
1590	0
1591	0
1592	0
1593	0
1594	0
1595	0
1596	0
1597	0
1598	0
1599	0
1600	0
1601	0
1602	0
1603	0
1604	0
1605	0
1606	0
1607	0
1608	0
1609	0
1610	0
1611	0
1612	0
1613	0
1614	0
1615	0
1616	0
1617	0
1618	0
1619	0
1620	0
1621	0
1622	0
1623	0
1624	0
1625	0
1626	0
1627	0
1628	0
1629	0
1630	0
1631	0
1632	0
1633	0
1634	0
1635	0
1636	0
1637	0
1638	0
1639	0
1640	0
1641	0
1642	0
1643	0
1644	0
1645	0
1646	0
1647	0
1648	0
1649	0
1650	0
1651	0
1652	0
1653	0
1654	0
1655	0
1656	0
1657	0
1658	0
1659	0
1660	0
1661	0
1662	0
1663	0
1664	0
1665	0
1666	0
1667	0
1668	0
1669	0
1670	0
1671	0
1672	0
1673	0
1674	0
1675	0
1676	0
1677	0
1678	0
1679	0
1680	0
1681	0
1682	0
1683	0
1684	0
1685	0
1686	0
1687	0
1688	0
1689	0
1690	0
1691	0
1692	0
1693	0
1694	0
1695	0
1696	0
1697	0
1698	0
1699	0
1700	0
1701	0
1702	0
1703	0
1704	0
1705	0
1706	0
1707	0
1708	0
1709	0
1710	0
1711	0
1712	0
1713	0
1714	0
1715	0
1716	0
1717	0
1718	0
1719	0
1720	0
1721	0
1722	0
1723	0
1724	0
1725	0
1726	0
1727	0
1728	0
1729	0
1730	0
1731	0
1732	0
1733	0
1734	0
1735	0
1736	0
1737	0
1738	0
1739	0
1740	0
1741	0
1742	0
1743	0
1744	0
1745	0
1746	0
1747	0
1748	0
1749	0
1750	0
1751	0
1752	0
1753	0
1754	0
1755	0
1756	0
1757	0
1758	0
1759	0
1760	0
1761	0
1762	0
1763	0
1764	0
1765	0
1766	0
1767	0
1768	0
1769	0
1770	0
1771	0
1772	0
1773	0
1774	0
1775	0
1776	0
1777	0
1778	0
1779	0
1780	0
1781	0
1782	0
1783	0
1784	0
1785	0
1786	0
1787	0
1788	0
1789	0
1790	0
1791	0
1792	0
1793	0
1794	0
1795	0
1796	0
1797	0
1798	0
1799	0
1800	0
1801	0
1802	0
1803	0
1804	0
1805	0
1806	0
1807	0
1808	0
1809	0
1810	0
1811	0
1812	0
1813	0
1814	0
1815	0
1816	0
1817	0
1818	0
1819	0
1820	0
1821	0
1822	0
1823	0
1824	0
1825	0
1826	0
1827	0
1828	0
1829	0
1830	0
1831	0
1832	0
1833	0
1834	0
1835	0
1836	0
1837	0
1838	0
1839	0
1840	0
1841	0
1842	0
1843	0
1844	0
1845	0
1846	0
1847	0
1848	0
1849	0
1850	0
1851	0
1852	0
1853	0
1854	0
1855	0
1856	0
1857	0
1858	0
1859	0
1860	0
1861	0
1862	0
1863	0
1864	0
1865	0
1866	0
1867	0
1868	0
1869	0
1870	0
1871	0
1872	0
1873	0
1874	0
1875	0
1876	0
1877	0
1878	0
1879	0
1880	0
1881	0
1882	0
1883	0
1884	0
1885	0
1886	0
1887	0
1888	0
1889	0
1890	0
1891	0
1892	0
1893	0
1894	0
1895	0
1896	0
1897	0
1898	0
1899	0
1900	0
1901	0
1902	0
1903	0
1904	0
1905	0
1906	0
1907	0
1908	0
1909	0
1910	0
1911	0
1912	0
1913	0
1914	0
1915	0
1916	0
1917	0
1918	0
1919	0
1920	0
1921	0
1922	0
1923	0
1924	0
1925	0
1926	0
1927	0
1928	0
1929	0
1930	0
1931	0
1932	0
1933	0
1934	0
1935	0
1936	0
1937	0
1938	0
1939	0
1940	0
1941	0
1942	0
1943	0
1944	0
1945	0
1946	0
1947	0
1948	0
1949	0
1950	0
1951	0
1952	0
1953	0
1954	0
1955	0
1956	0
1957	0
1958	0
1959	0
1960	0
1961	0
1962	0
1963	0
1964	0
1965	0
1966	0
1967	0
1968	0
1969	0
1970	0
1971	0
1972	0
1973	0
1974	0
1975	0
1976	0
1977	0
1978	0
1979	0
1980	0
1981	0
1982	0
1983	0
1984	0
1985	0
1986	0
1987	0
1988	0
1989	0
1990	0
1991	0
1992	0
1993	0
1994	0
1995	0
1996	0
1997	0
1998	0
1999	0
2000	0
2001	0
2002	0
2003	0
2004	0
2005	0
2006	0
2007	0
2008	0
2009	0
2010	0
2011	0
2012	0
2013	0
2014	0
2015	0
2016	0
2017	0
2018	0
2019	0
2020	0
2021	0
2022	0
2023	0
2024	0
2025	0
2026	0
2027	0
2028	0
2029	0
2030	0
2031	0
2032	0
2033	0
2034	0
2035	0
2036	0
2037	0
2038	0
2039	0
2040	0
2041	0
2042	0
2043	0
2044	0
2045	0
2046	0
2047	0
2048	0
2049	0
2050	0
2051	0
2052	0
2053	0
2054	0
2055	0
2056	0
2057	0
2058	0
2059	0
2060	0
2061	0
2062	0
2063	0
2064	0
2065	0
2066	0
2067	0
2068	0
2069	0
2070	0
2071	0
2072	0
2073	0
2074	0
2075	0
2076	0
2077	0
2078	0
2079	0
2080	0
2081	0
2082	0
2083	0
2084	0
2085	0
2086	0
2087	0
2088	0
2089	0
2090	0
2091	0
2092	0
2093	0
2094	0
2095	0
2096	0
2097	0
2098	0
2099	0
2100	0
2101	0
2102	0
2103	0
2104	0
2105	0
2106	0
2107	0
2108	0
2109	0
2110	0
2111	0
2112	0
2113	0
2114	0
2115	0
2116	0
2117	0
2118	0
2119	0
2120	0
2121	0
2122	0
2123	0
2124	0
2125	0
2126	0
2127	0
2128	0
2129	0
2130	0
2131	0
2132	0
2133	0
2134	0
2135	0
2136	0
2137	0
2138	0
2139	0
2140	0
2141	0
2142	0
2143	0
2144	0
2145	0
2146	0
2147	0
2148	0
2149	0
2150	0
2151	0
2152	0
2153	0
2154	0
2155	0
2156	0
2157	0
2158	0
2159	0
2160	0
2161	0
2162	0
2163	0
2164	0
2165	0
2166	0
2167	0
2168	0
2169	0
2170	0
2171	0
2172	0
2173	0
2174	0
2175	0
2176	0
2177	0
2178	0
2179	0
2180	0
2181	0
2182	0
2183	0
2184	0
2185	0
2186	0
2187	0
2188	0
2189	0
2190	0
2191	0
2192	0
2193	0
2194	0
2195	0
2196	0
2197	0
2198	0
2199	0
2200	0
2201	0
2202	0
2203	0
2204	0
2205	0
2206	0
2207	0
2208	0
2209	0
2210	0
2211	0
2212	0
2213	0
2214	0
2215	0
2216	0
2217	0
2218	0
2219	0
2220	0
2221	0
2222	0
2223	0
2224	0
2225	0
2226	0
2227	0
2228	0
2229	0
2230	0
2231	0
2232	0
2233	0
2234	0
2235	0
2236	0
2237	0
2238	0
2239	0
2240	0
2241	0
2242	0
2243	0
2244	0
2245	0
2246	0
2247	0
2248	0
2249	0
2250	0
2251	0
2252	0
2253	0
2254	0
2255	0
2256	0
2257	0
2258	0
2259	0
2260	0
2261	0
2262	0
2263	0
2264	0
2265	0
2266	0
2267	0
2268	0
2269	0
2270	0
2271	0
2272	0
2273	0
2274	0
2275	0
2276	0
2277	0
2278	0
2279	0
2280	0
2281	0
2282	0
2283	0
2284	0
2285	0
2286	0
2287	0
2288	0
2289	0
2290	0
2291	0
2292	0
2293	0
2294	0
2295	0
2296	0
2297	0
2298	0
2299	0
2300	0
2301	0
2302	0
2303	0
2304	0
2305	0
2306	0
2307	0
2308	0
2309	0
2310	0
2311	0
2312	0
2313	0
2314	0
2315	0
2316	0
2317	0
2318	0
2319	0
2320	0
2321	0
2322	0
2323	0
2324	0
2325	0
2326	0
2327	0
2328	0
2329	0
2330	0
2331	0
2332	0
2333	0
2334	0
2335	0
2336	0
2337	0
2338	0
2339	0
2340	0
2341	0
2342	0
2343	0
2344	0
2345	0
2346	0
2347	0
2348	0
2349	0
2350	0
2351	0
2352	0
2353	0
2354	0
2355	0
2356	0
2357	0
2358	0
2359	0
2360	0
2361	0
2362	0
2363	0
2364	0
2365	0
2366	0
2367	0
2368	0
2369	0
2370	0
2371	0
2372	0
2373	0
2374	0
2375	0
2376	0
2377	0
2378	0
2379	0
2380	0
2381	0
2382	0
2383	0
2384	0
2385	0
2386	0
2387	0
2388	0
2389	0
2390	0
2391	0
2392	0
2393	0
2394	0
2395	0
2396	0
2397	0
2398	0
2399	0
2400	0
2401	0
2402	0
2403	0
2404	0
2405	0
2406	0
2407	0
2408	0
2409	0
2410	0
2411	0
2412	0
2413	0
2414	0
2415	0
2416	0
2417	0
2418	0
2419	0
2420	0
2421	0
2422	0
2423	0
2424	0
2425	0
2426	0
2427	0
2428	0
2429	0
2430	0
2431	0
2432	0
2433	0
2434	0
2435	0
2436	0
2437	0
2438	0
2439	0
2440	0
2441	0
2442	0
2443	0
2444	0
2445	0
2446	0
2447	0
2448	0
2449	0
2450	0
2451	0
2452	0
2453	0
2454	0
2455	0
2456	0
2457	0
2458	0
2459	0
2460	0
2461	0
2462	0
2463	0
2464	0
2465	0
2466	0
2467	0
2468	0
2469	0
2470	0
2471	0
2472	0
2473	0
2474	0
2475	0
2476	0
2477	0
2478	0
2479	0
2480	0
2481	0
2482	0
2483	0
2484	0
2485	0
2486	0
2487	0
2488	0
2489	0
2490	0
2491	0
2492	0
2493	0
2494	0
2495	0
2496	0
2497	0
2498	0
2499	0
2500	0
2501	0
2502	0
2503	0
2504	0
2505	0
2506	0
2507	0
2508	0
2509	0
2510	0
2511	0
2512	0
2513	0
2514	0
2515	0
2516	0
2517	0
2518	0
2519	0
2520	0
2521	0
2522	0
2523	0
2524	0
2525	0
2526	0
2527	0
2528	0
2529	0
2530	0
2531	0
2532	0
2533	0
2534	0
2535	0
2536	0
2537	0
2538	0
2539	0
2540	0
2541	0
2542	0
2543	0
2544	0
2545	0
2546	0
2547	0
2548	0
2549	0
2550	0
2551	0
2552	0
2553	0
2554	0
2555	0
2556	0
2557	0
2558	0
2559	0
2560	0
2561	0
2562	0
2563	0
2564	0
2565	0
2566	0
2567	0
2568	0
2569	0
2570	0
2571	0
2572	0
2573	0
2574	0
2575	0
2576	0
2577	0
2578	0
2579	0
2580	0
2581	0
2582	0
2583	0
2584	0
2585	0
2586	0
2587	0
2588	0
2589	0
2590	0
2591	0
2592	0
2593	0
2594	0
2595	0
2596	0
2597	0
2598	0
2599	0
2600	0
2601	0
2602	0
2603	0
2604	0
2605	0
2606	0
2607	0
2608	0
2609	0
2610	0
2611	0
2612	0
2613	0
2614	0
2615	0
2616	0
2617	0
2618	0
2619	0
2620	0
2621	0
2622	0
2623	0
2624	0
2625	0
2626	0
2627	0
2628	0
2629	0
2630	0
2631	0
2632	0
2633	0
2634	0
2635	0
2636	0
2637	0
2638	0
2639	0
2640	0
2641	0
2642	0
2643	0
2644	0
2645	0
2646	0
2647	0
2648	0
2649	0
2650	0
2651	0
2652	0
2653	0
2654	0
2655	0
2656	0
2657	0
2658	0
2659	0
2660	0
2661	0
2662	0
2663	0
2664	0
2665	0
2666	0
2667	0
2668	0
2669	0
2670	0
2671	0
2672	0
2673	0
2674	0
2675	0
2676	0
2677	0
2678	0
2679	0
2680	0
2681	0
2682	0
2683	0
2684	0
2685	0
2686	0
2687	0
2688	0
2689	0
2690	0
2691	0
2692	0
2693	0
2694	0
2695	0
2696	0
2697	0
2698	0
2699	0
2700	0
2701	0
2702	0
2703	0
2704	0
2705	0
2706	0
2707	0
2708	0
2709	0
2710	0
2711	0
2712	0
2713	0
2714	0
2715	0
2716	0
2717	0
2718	0
2719	0
2720	0
2721	0
2722	0
2723	0
2724	0
2725	0
2726	0
2727	0
2728	0
2729	0
2730	0
2731	0
2732	0
2733	0
2734	0
2735	0
2736	0
2737	0
2738	0
2739	0
2740	0
2741	0
2742	0
2743	0
2744	0
2745	0
2746	0
2747	0
2748	0
2749	0
2750	0
2751	0
2752	0
2753	0
2754	0
2755	0
2756	0
2757	0
2758	0
2759	0
2760	0
2761	0
2762	0
2763	0
2764	0
2765	0
2766	0
2767	0
2768	0
2769	0
2770	0
2771	0
2772	0
2773	0
2774	0
2775	0
2776	0
2777	0
2778	0
2779	0
2780	0
2781	0
2782	0
2783	0
2784	0
2785	0
2786	0
2787	0
2788	0
2789	0
2790	0
2791	0
2792	0
2793	0
2794	0
2795	0
2796	0
2797	0
2798	0
2799	0
2800	0
2801	0
2802	0
2803	0
2804	0
2805	0
2806	0
2807	0
2808	0
2809	0
2810	0
2811	0
2812	0
2813	0
2814	0
2815	0
2816	0
2817	0
2818	0
2819	0
2820	0
2821	0
2822	0
2823	0
2824	0
2825	0
2826	0
2827	0
2828	0
2829	0
2830	0
2831	0
2832	0
2833	0
2834	0
2835	0
2836	0
2837	0
2838	0
2839	0
2840	0
2841	0
2842	0
2843	0
2844	0
2845	0
2846	0
2847	0
2848	0
2849	0
2850	0
2851	0
2852	0
2853	0
2854	0
2855	0
2856	0
2857	0
2858	0
2859	0
2860	0
2861	0
2862	0
2863	0
2864	0
2865	0
2866	0
2867	0
2868	0
2869	0
2870	0
2871	0
2872	0
2873	0
2874	0
2875	0
2876	0
2877	0
2878	0
2879	0
2880	0
2881	0
2882	0
2883	0
2884	0
2885	0
2886	0
2887	0
2888	0
2889	0
2890	0
2891	0
2892	0
2893	0
2894	0
2895	0
2896	0
2897	0
2898	0
2899	0
2900	0
2901	0
2902	0
2903	0
2904	0
2905	0
2906	0
2907	0
2908	0
2909	0
2910	0
2911	0
2912	0
2913	0
2914	0
2915	0
2916	0
2917	0
2918	0
2919	0
2920	0
2921	0
2922	0
2923	0
2924	0
2925	0
2926	0
2927	0
2928	0
2929	0
2930	0
2931	0
2932	0
2933	0
2934	0
2935	0
2936	0
2937	0
2938	0
2939	0
2940	0
2941	0
2942	0
2943	0
2944	0
2945	0
2946	0
2947	0
2948	0
2949	0
2950	0
2951	0
2952	0
2953	0
2954	0
2955	0
2956	0
2957	0
2958	0
2959	0
2960	0
2961	0
2962	0
2963	0
2964	0
2965	0
2966	0
2967	0
2968	0
2969	0
2970	0
2971	0
2972	0
2973	0
2974	0
2975	0
2976	0
2977	0
2978	0
2979	0
2980	0
2981	0
2982	0
2983	0
2984	0
2985	0
2986	0
2987	0
2988	0
2989	0
2990	0
2991	0
2992	0
2993	0
2994	0
2995	0
2996	0
2997	0
2998	0
2999	0
3000	0
3001	0
3002	0
3003	0
3004	0
3005	0
3006	0
3007	0
3008	0
3009	0
3010	0
3011	0
3012	0
3013	0
3014	0
3015	0
3016	0
3017	0
3018	0
3019	0
3020	0
3021	0
3022	0
3023	0
3024	0
3025	0
3026	0
3027	0
3028	0
3029	0
3030	0
3031	0
3032	0
3033	0
3034	0
3035	0
3036	0
3037	0
3038	0
3039	0
3040	0
3041	0
3042	0
3043	0
3044	0
3045	0
3046	0
3047	0
3048	0
3049	0
3050	0
3051	0
3052	0
3053	0
3054	0
3055	0
3056	0
3057	0
3058	0
3059	0
3060	0
3061	0
3062	0
3063	0
3064	0
3065	0
3066	0
3067	0
3068	0
3069	0
3070	0
3071	0
3072	1
3073	0
3074	0
3075	0
3076	0
3077	0
3078	0
3079	0
3080	0
3081	0
3082	0
3083	0
3084	0
3085	0
3086	0
3087	0
3088	0
3089	0
3090	0
3091	0
3092	0
3093	0
3094	0
3095	0
3096	0
3097	0
3098	0
3099	0
3100	0
3101	0
3102	0
3103	0
3104	0
3105	0
3106	0
3107	0
3108	0
3109	0
3110	0
3111	0
3112	0
3113	0
3114	0
3115	0
3116	0
3117	0
3118	0
3119	0
3120	0
3121	0
3122	0
3123	0
3124	0
3125	0
3126	0
3127	0
3128	0
3129	0
3130	0
3131	0
3132	0
3133	0
3134	0
3135	0
3136	0
3137	0
3138	0
3139	0
3140	0
3141	0
3142	0
3143	0
3144	0
3145	0
3146	0
3147	0
3148	0
3149	0
3150	0
3151	0
3152	0
3153	0
3154	0
3155	0
3156	0
3157	0
3158	0
3159	0
3160	0
3161	0
3162	0
3163	0
3164	0
3165	0
3166	0
3167	0
3168	0
3169	0
3170	0
3171	0
3172	0
3173	0
3174	0
3175	0
3176	0
3177	0
3178	0
3179	0
3180	0
3181	0
3182	0
3183	0
3184	0
3185	0
3186	0
3187	0
3188	0
3189	0
3190	0
3191	0
3192	0
3193	0
3194	0
3195	0
3196	0
3197	0
3198	0
3199	0
3200	0
3201	0
3202	0
3203	0
3204	0
3205	0
3206	0
3207	0
3208	0
3209	0
3210	0
3211	0
3212	0
3213	0
3214	0
3215	0
3216	0
3217	0
3218	0
3219	0
3220	0
3221	0
3222	0
3223	0
3224	0
3225	0
3226	0
3227	0
3228	0
3229	0
3230	0
3231	0
3232	0
3233	0
3234	0
3235	0
3236	0
3237	0
3238	0
3239	0
3240	0
3241	0
3242	0
3243	0
3244	0
3245	0
3246	0
3247	0
3248	0
3249	0
3250	0
3251	0
3252	0
3253	0
3254	0
3255	0
3256	0
3257	0
3258	0
3259	0
3260	0
3261	0
3262	0
3263	0
3264	0
3265	0
3266	0
3267	0
3268	0
3269	0
3270	0
3271	0
3272	0
3273	0
3274	0
3275	0
3276	0
3277	0
3278	0
3279	0
3280	0
3281	0
3282	0
3283	0
3284	0
3285	0
3286	0
3287	0
3288	0
3289	0
3290	0
3291	0
3292	0
3293	0
3294	0
3295	0
3296	0
3297	0
3298	0
3299	0
3300	0
3301	0
3302	0
3303	0
3304	0
3305	0
3306	0
3307	0
3308	0
3309	0
3310	0
3311	0
3312	0
3313	0
3314	0
3315	0
3316	0
3317	0
3318	0
3319	0
3320	0
3321	0
3322	0
3323	0
3324	0
3325	0
3326	0
3327	0
3328	0
3329	0
3330	0
3331	0
3332	0
3333	0
3334	0
3335	0
3336	0
3337	0
3338	0
3339	0
3340	0
3341	0
3342	0
3343	0
3344	0
3345	0
3346	0
3347	0
3348	0
3349	0
3350	0
3351	0
3352	0
3353	0
3354	0
3355	0
3356	0
3357	0
3358	0
3359	0
3360	0
3361	0
3362	0
3363	0
3364	0
3365	0
3366	0
3367	0
3368	0
3369	0
3370	0
3371	0
3372	0
3373	0
3374	0
3375	0
3376	0
3377	0
3378	0
3379	0
3380	0
3381	0
3382	0
3383	0
3384	0
3385	0
3386	0
3387	0
3388	0
3389	0
3390	0
3391	0
3392	0
3393	0
3394	0
3395	0
3396	0
3397	0
3398	0
3399	0
3400	0
3401	0
3402	0
3403	0
3404	0
3405	0
3406	0
3407	0
3408	0
3409	0
3410	0
3411	0
3412	0
3413	0
3414	0
3415	0
3416	0
3417	0
3418	0
3419	0
3420	0
3421	0
3422	0
3423	0
3424	0
3425	0
3426	0
3427	0
3428	0
3429	0
3430	0
3431	0
3432	0
3433	0
3434	0
3435	0
3436	0
3437	0
3438	0
3439	0
3440	0
3441	0
3442	0
3443	0
3444	0
3445	0
3446	0
3447	0
3448	0
3449	0
3450	0
3451	0
3452	0
3453	0
3454	0
3455	0
3456	0
3457	0
3458	0
3459	0
3460	0
3461	0
3462	0
3463	0
3464	0
3465	0
3466	0
3467	0
3468	0
3469	0
3470	0
3471	0
3472	0
3473	0
3474	0
3475	0
3476	0
3477	0
3478	0
3479	0
3480	0
3481	0
3482	0
3483	0
3484	0
3485	0
3486	0
3487	0
3488	0
3489	0
3490	0
3491	0
3492	0
3493	0
3494	0
3495	0
3496	0
3497	0
3498	0
3499	0
3500	0
3501	0
3502	0
3503	0
3504	0
3505	0
3506	0
3507	0
3508	0
3509	0
3510	0
3511	0
3512	0
3513	0
3514	0
3515	0
3516	0
3517	0
3518	0
3519	0
3520	0
3521	0
3522	0
3523	0
3524	0
3525	0
3526	0
3527	0
3528	0
3529	0
3530	0
3531	0
3532	0
3533	0
3534	0
3535	0
3536	0
3537	0
3538	0
3539	0
3540	0
3541	0
3542	0
3543	0
3544	0
3545	0
3546	0
3547	0
3548	0
3549	0
3550	0
3551	0
3552	0
3553	0
3554	0
3555	0
3556	0
3557	0
3558	0
3559	0
3560	0
3561	0
3562	0
3563	0
3564	0
3565	0
3566	0
3567	0
3568	0
3569	0
3570	0
3571	0
3572	0
3573	0
3574	0
3575	0
3576	0
3577	0
3578	0
3579	0
3580	0
3581	0
3582	0
3583	0
3584	0
3585	0
3586	0
3587	0
3588	0
3589	0
3590	0
3591	0
3592	0
3593	0
3594	0
3595	0
3596	0
3597	0
3598	0
3599	0
3600	0
3601	0
3602	0
3603	0
3604	0
3605	0
3606	0
3607	0
3608	0
3609	0
3610	0
3611	0
3612	0
3613	0
3614	0
3615	0
3616	0
3617	0
3618	0
3619	0
3620	0
3621	0
3622	0
3623	0
3624	0
3625	0
3626	0
3627	0
3628	0
3629	0
3630	0
3631	0
3632	0
3633	0
3634	0
3635	0
3636	0
3637	0
3638	0
3639	0
3640	0
3641	0
3642	0
3643	0
3644	0
3645	0
3646	0
3647	0
3648	0
3649	0
3650	0
3651	0
3652	0
3653	0
3654	0
3655	0
3656	0
3657	0
3658	0
3659	0
3660	0
3661	0
3662	0
3663	0
3664	0
3665	0
3666	0
3667	0
3668	0
3669	0
3670	0
3671	0
3672	0
3673	0
3674	0
3675	0
3676	0
3677	0
3678	0
3679	0
3680	0
3681	0
3682	0
3683	0
3684	0
3685	0
3686	0
3687	0
3688	0
3689	0
3690	0
3691	0
3692	0
3693	0
3694	0
3695	0
3696	0
3697	0
3698	0
3699	0
3700	0
3701	0
3702	0
3703	0
3704	0
3705	0
3706	0
3707	0
3708	0
3709	0
3710	0
3711	0
3712	0
3713	0
3714	0
3715	0
3716	0
3717	0
3718	0
3719	0
3720	0
3721	0
3722	0
3723	0
3724	0
3725	0
3726	0
3727	0
3728	0
3729	0
3730	0
3731	0
3732	0
3733	0
3734	0
3735	0
3736	0
3737	0
3738	0
3739	0
3740	0
3741	0
3742	0
3743	0
3744	0
3745	0
3746	0
3747	0
3748	0
3749	0
3750	0
3751	0
3752	0
3753	0
3754	0
3755	0
3756	0
3757	0
3758	0
3759	0
3760	0
3761	0
3762	0
3763	0
3764	0
3765	0
3766	0
3767	0
3768	0
3769	0
3770	0
3771	0
3772	0
3773	0
3774	0
3775	0
3776	0
3777	0
3778	0
3779	0
3780	0
3781	0
3782	0
3783	0
3784	0
3785	0
3786	0
3787	0
3788	0
3789	0
3790	0
3791	0
3792	0
3793	0
3794	0
3795	0
3796	0
3797	0
3798	0
3799	0
3800	0
3801	0
3802	0
3803	0
3804	0
3805	0
3806	0
3807	0
3808	0
3809	0
3810	0
3811	0
3812	0
3813	0
3814	0
3815	0
3816	0
3817	0
3818	0
3819	0
3820	0
3821	0
3822	0
3823	0
3824	0
3825	0
3826	0
3827	0
3828	0
3829	0
3830	0
3831	0
3832	0
3833	0
3834	0
3835	0
3836	0
3837	0
3838	0
3839	0
3840	0
3841	0
3842	0
3843	0
3844	0
3845	0
3846	0
3847	0
3848	0
3849	0
3850	0
3851	0
3852	0
3853	0
3854	0
3855	0
3856	0
3857	0
3858	0
3859	0
3860	0
3861	0
3862	0
3863	0
3864	0
3865	0
3866	0
3867	0
3868	0
3869	0
3870	0
3871	0
3872	0
3873	0
3874	0
3875	0
3876	0
3877	0
3878	0
3879	0
3880	0
3881	0
3882	0
3883	0
3884	0
3885	0
3886	0
3887	0
3888	0
3889	0
3890	0
3891	0
3892	0
3893	0
3894	0
3895	0
3896	0
3897	0
3898	0
3899	0
3900	0
3901	0
3902	0
3903	0
3904	0
3905	0
3906	0
3907	0
3908	0
3909	0
3910	0
3911	0
3912	0
3913	0
3914	0
3915	0
3916	0
3917	0
3918	0
3919	0
3920	0
3921	0
3922	0
3923	0
3924	0
3925	0
3926	0
3927	0
3928	0
3929	0
3930	0
3931	0
3932	0
3933	0
3934	0
3935	0
3936	0
3937	0
3938	0
3939	0
3940	0
3941	0
3942	0
3943	0
3944	0
3945	0
3946	0
3947	0
3948	0
3949	0
3950	0
3951	0
3952	0
3953	0
3954	0
3955	0
3956	0
3957	0
3958	0
3959	0
3960	0
3961	0
3962	0
3963	0
3964	0
3965	0
3966	0
3967	0
3968	0
3969	0
3970	0
3971	0
3972	0
3973	0
3974	0
3975	0
3976	0
3977	0
3978	0
3979	0
3980	0
3981	0
3982	0
3983	0
3984	0
3985	0
3986	0
3987	0
3988	0
3989	0
3990	0
3991	0
3992	0
3993	0
3994	0
3995	0
3996	0
3997	0
3998	0
3999	0
4000	0
4001	0
4002	0
4003	0
4004	0
4005	0
4006	0
4007	0
4008	0
4009	0
4010	0
4011	0
4012	0
4013	0
4014	0
4015	0
4016	0
4017	0
4018	0
4019	0
4020	0
4021	0
4022	0
4023	0
4024	0
4025	0
4026	0
4027	0
4028	0
4029	0
4030	0
4031	0
4032	0
4033	0
4034	0
4035	0
4036	0
4037	0
4038	0
4039	0
4040	0
4041	0
4042	0
4043	0
4044	0
4045	0
4046	0
4047	0
4048	0
4049	0
4050	0
4051	0
4052	0
4053	0
4054	0
4055	0
4056	0
4057	0
4058	0
4059	0
4060	0
4061	0
4062	0
4063	0
4064	0
4065	0
4066	0
4067	0
4068	0
4069	0
4070	0
4071	0
4072	0
4073	0
4074	0
4075	0
4076	0
4077	0
4078	0
4079	0
4080	0
4081	0
4082	0
4083	0
4084	0
4085	0
4086	0
4087	0
4088	0
4089	0
4090	0
4091	0
4092	0
4093	0
4094	0
4095	0
4096	0
4097	0
4098	0
4099	0
4100	0
4101	0
4102	0
4103	0
4104	0
4105	0
4106	0
4107	0
4108	0
4109	0
4110	0
4111	0
4112	0
4113	0
4114	0
4115	0
4116	0
4117	0
4118	0
4119	0
4120	0
4121	0
4122	0
4123	0
4124	0
4125	0
4126	0
4127	0
4128	0
4129	0
4130	0
4131	0
4132	0
4133	0
4134	0
4135	0
4136	0
4137	0
4138	0
4139	0
4140	0
4141	0
4142	0
4143	0
4144	0
4145	0
4146	0
4147	0
4148	0
4149	0
4150	0
4151	0
4152	0
4153	0
4154	0
4155	0
4156	0
4157	0
4158	0
4159	0
4160	0
4161	0
4162	0
4163	0
4164	0
4165	0
4166	0
4167	0
4168	0
4169	0
4170	0
4171	0
4172	0
4173	0
4174	0
4175	0
4176	0
4177	0
4178	0
4179	0
4180	0
4181	0
4182	0
4183	0
4184	0
4185	0
4186	0
4187	0
4188	0
4189	0
4190	0
4191	0
4192	0
4193	0
4194	0
4195	0
4196	0
4197	0
4198	0
4199	0
4200	0
4201	0
4202	0
4203	0
4204	0
4205	0
4206	0
4207	0
4208	0
4209	0
4210	0
4211	0
4212	0
4213	0
4214	0
4215	0
4216	0
4217	0
4218	0
4219	0
4220	0
4221	0
4222	0
4223	0
4224	0
4225	0
4226	0
4227	0
4228	0
4229	0
4230	0
4231	0
4232	0
4233	0
4234	0
4235	0
4236	0
4237	0
4238	0
4239	0
4240	0
4241	0
4242	0
4243	0
4244	0
4245	0
4246	0
4247	0
4248	0
4249	0
4250	0
4251	0
4252	0
4253	0
4254	0
4255	0
4256	0
4257	0
4258	0
4259	0
4260	0
4261	0
4262	0
4263	0
4264	0
4265	0
4266	0
4267	0
4268	0
4269	0
4270	0
4271	0
4272	0
4273	0
4274	0
4275	0
4276	0
4277	0
4278	0
4279	0
4280	0
4281	0
4282	0
4283	0
4284	0
4285	0
4286	0
4287	0
4288	0
4289	0
4290	0
4291	0
4292	0
4293	0
4294	0
4295	0
4296	0
4297	0
4298	0
4299	0
4300	0
4301	0
4302	0
4303	0
4304	0
4305	0
4306	0
4307	0
4308	0
4309	0
4310	0
4311	0
4312	0
4313	0
4314	0
4315	0
4316	0
4317	0
4318	0
4319	0
4320	0
4321	0
4322	0
4323	0
4324	0
4325	0
4326	0
4327	0
4328	0
4329	0
4330	0
4331	0
4332	0
4333	0
4334	0
4335	0
4336	0
4337	0
4338	0
4339	0
4340	0
4341	0
4342	0
4343	0
4344	0
4345	0
4346	0
4347	0
4348	0
4349	0
4350	0
4351	0
4352	0
4353	0
4354	0
4355	0
4356	0
4357	0
4358	0
4359	0
4360	0
4361	0
4362	0
4363	0
4364	0
4365	0
4366	0
4367	0
4368	0
4369	0
4370	0
4371	0
4372	0
4373	0
4374	0
4375	0
4376	0
4377	0
4378	0
4379	0
4380	0
4381	0
4382	0
4383	0
4384	0
4385	0
4386	0
4387	0
4388	0
4389	0
4390	0
4391	0
4392	0
4393	0
4394	0
4395	0
4396	0
4397	0
4398	0
4399	0
4400	0
4401	0
4402	0
4403	0
4404	0
4405	0
4406	0
4407	0
4408	0
4409	0
4410	0
4411	0
4412	0
4413	0
4414	0
4415	0
4416	0
4417	0
4418	0
4419	0
4420	0
4421	0
4422	0
4423	0
4424	0
4425	0
4426	0
4427	0
4428	0
4429	0
4430	0
4431	0
4432	0
4433	0
4434	0
4435	0
4436	0
4437	0
4438	0
4439	0
4440	0
4441	0
4442	0
4443	0
4444	0
4445	0
4446	0
4447	0
4448	0
4449	0
4450	0
4451	0
4452	0
4453	0
4454	0
4455	0
4456	0
4457	0
4458	0
4459	0
4460	0
4461	0
4462	0
4463	0
4464	0
4465	0
4466	0
4467	0
4468	0
4469	0
4470	0
4471	0
4472	0
4473	0
4474	0
4475	0
4476	0
4477	0
4478	0
4479	0
4480	0
4481	0
4482	0
4483	0
4484	0
4485	0
4486	0
4487	0
4488	0
4489	0
4490	0
4491	0
4492	0
4493	0
4494	0
4495	0
4496	0
4497	0
4498	0
4499	0
4500	0
4501	0
4502	0
4503	0
4504	0
4505	0
4506	0
4507	0
4508	0
4509	0
4510	0
4511	0
4512	0
4513	0
4514	0
4515	0
4516	0
4517	0
4518	0
4519	0
4520	0
4521	0
4522	0
4523	0
4524	0
4525	0
4526	0
4527	0
4528	0
4529	0
4530	0
4531	0
4532	0
4533	0
4534	0
4535	0
4536	0
4537	0
4538	0
4539	0
4540	0
4541	0
4542	0
4543	0
4544	0
4545	1
4546	0
4547	0
4548	0
4549	0
4550	0
4551	0
4552	0
4553	0
4554	0
4555	0
4556	0
4557	0
4558	0
4559	0
4560	0
4561	0
4562	0
4563	0
4564	0
4565	0
4566	0
4567	0
4568	0
4569	0
4570	0
4571	0
4572	0
4573	0
4574	0
4575	0
4576	0
4577	0
4578	0
4579	0
4580	0
4581	0
4582	0
4583	0
4584	0
4585	0
4586	0
4587	0
4588	0
4589	0
4590	0
4591	0
4592	0
4593	0
4594	0
4595	0
4596	0
4597	0
4598	0
4599	0
4600	0
4601	0
4602	0
4603	0
4604	0
4605	0
4606	0
4607	0
4608	0
4609	0
4610	0
4611	0
4612	0
4613	0
4614	0
4615	0
4616	0
4617	0
4618	0
4619	0
4620	0
4621	0
4622	0
4623	0
4624	0
4625	0
4626	0
4627	0
4628	0
4629	0
4630	0
4631	0
4632	0
4633	0
4634	0
4635	0
4636	0
4637	0
4638	0
4639	0
4640	0
4641	0
4642	0
4643	0
4644	0
4645	0
4646	0
4647	0
4648	0
4649	0
4650	0
4651	0
4652	0
4653	0
4654	0
4655	0
4656	0
4657	0
4658	0
4659	0
4660	0
4661	0
4662	0
4663	0
4664	0
4665	0
4666	0
4667	0
4668	0
4669	0
4670	0
4671	0
4672	0
4673	0
4674	0
4675	0
4676	0
4677	0
4678	0
4679	0
4680	0
4681	0
4682	0
4683	0
4684	0
4685	0
4686	0
4687	0
4688	0
4689	0
4690	0
4691	0
4692	0
4693	0
4694	0
4695	0
4696	0
4697	0
4698	0
4699	0
4700	0
4701	0
4702	0
4703	0
4704	0
4705	0
4706	0
4707	0
4708	0
4709	0
4710	0
4711	0
4712	0
4713	0
4714	0
4715	0
4716	0
4717	0
4718	0
4719	0
4720	0
4721	0
4722	0
4723	0
4724	0
4725	0
4726	0
4727	0
4728	0
4729	0
4730	0
4731	0
4732	0
4733	0
4734	0
4735	0
4736	0
4737	0
4738	0
4739	0
4740	0
4741	0
4742	0
4743	0
4744	0
4745	0
4746	0
4747	0
4748	0
4749	0
4750	0
4751	0
4752	0
4753	0
4754	0
4755	0
4756	0
4757	0
4758	0
4759	0
4760	0
4761	0
4762	0
4763	0
4764	0
4765	0
4766	0
4767	0
4768	0
4769	0
4770	0
4771	0
4772	0
4773	0
4774	0
4775	0
4776	0
4777	0
4778	0
4779	0
4780	0
4781	0
4782	0
4783	0
4784	0
4785	0
4786	0
4787	0
4788	0
4789	0
4790	0
4791	0
4792	0
4793	0
4794	0
4795	0
4796	0
4797	0
4798	0
4799	0
4800	0
4801	0
4802	0
4803	0
4804	0
4805	0
4806	0
4807	0
4808	0
4809	0
4810	0
4811	0
4812	0
4813	0
4814	0
4815	0
4816	0
4817	0
4818	0
4819	0
4820	0
4821	0
4822	0
4823	0
4824	0
4825	0
4826	0
4827	0
4828	0
4829	0
4830	0
4831	0
4832	0
4833	0
4834	0
4835	0
4836	0
4837	0
4838	0
4839	0
4840	0
4841	0
4842	0
4843	0
4844	0
4845	0
4846	0
4847	0
4848	0
4849	0
4850	0
4851	0
4852	0
4853	0
4854	0
4855	0
4856	0
4857	0
4858	0
4859	0
4860	0
4861	0
4862	0
4863	0
4864	0
4865	0
4866	0
4867	0
4868	0
4869	0
4870	0
4871	0
4872	0
4873	0
4874	0
4875	0
4876	0
4877	0
4878	0
4879	0
4880	0
4881	0
4882	0
4883	0
4884	0
4885	0
4886	0
4887	0
4888	0
4889	0
4890	0
4891	1
4892	0
4893	0
4894	0
4895	0
4896	0
4897	0
4898	0
4899	0
4900	0
4901	0
4902	0
4903	0
4904	0
4905	0
4906	0
4907	0
4908	0
4909	0
4910	0
4911	0
4912	0
4913	0
4914	0
4915	0
4916	0
4917	0
4918	0
4919	0
4920	0
4921	0
4922	0
4923	0
4924	0
4925	0
4926	0
4927	0
4928	0
4929	0
4930	0
4931	0
4932	0
4933	0
4934	0
4935	0
4936	0
4937	0
4938	0
4939	0
4940	0
4941	0
4942	1
4943	0
4944	0
4945	0
4946	0
4947	1
4948	0
4949	0
4950	0
4951	0
4952	0
4953	0
4954	0
4955	0
4956	0
4957	0
4958	0
4959	0
4960	0
4961	0
4962	0
4963	0
4964	0
4965	0
4966	0
4967	0
4968	0
4969	0
4970	0
4971	0
4972	0
4973	0
4974	0
4975	0
4976	0
4977	0
4978	0
4979	0
4980	0
4981	0
4982	0
4983	1
4984	0
4985	0
4986	0
4987	0
4988	1
4989	0
4990	0
4991	0
4992	0
4993	0
4994	0
4995	0
4996	0
4997	0
4998	0
4999	0
5000	0
5001	0
5002	0
5003	0
5004	0
5005	0
5006	0
5007	0
5008	0
5009	0
5010	0
5011	0
5012	0
5013	0
5014	0
5015	0
5016	0
5017	0
5018	1
5019	0
5020	0
5021	0
5022	0
5023	0
5024	0
5025	0
5026	0
5027	0
5028	0
5029	0
5030	0
5031	0
5032	0
5033	0
5034	0
5035	0
5036	0
5037	0
5038	0
5039	0
5040	0
5041	0
5042	0
5043	0
5044	0
5045	0
5046	0
5047	0
5048	0
5049	0
5050	0
5051	0
5052	0
5053	0
5054	0
5055	0
5056	1
5057	0
5058	0
5059	0
5060	0
5061	0
5062	0
5063	0
5064	0
5065	0
5066	0
5067	0
5068	0
5069	0
5070	0
5071	0
5072	0
5073	0
5074	0
5075	0
5076	0
5077	0
5078	0
5079	0
5080	0
5081	1
5082	1
5083	0
5084	0
5085	0
5086	0
5087	0
5088	0
5089	0
5090	0
5091	0
5092	0
5093	0
5094	0
5095	0
5096	0
5097	0
5098	0
5099	1
5100	0
5101	0
5102	1
5103	0
5104	0
5105	1
5106	1
5107	0
5108	0
5109	0
5110	0
5111	0
5112	0
5113	0
5114	0
5115	0
5116	0
5117	0
5118	0
5119	0
5120	1
5121	1
5122	0
5123	0
5124	1
5125	0
5126	0
5127	1
5128	0
5129	0
5130	0
5131	1
5132	0
5133	1
5134	0
5135	2
5136	0
5137	1
5138	0
5139	0
5140	1
5141	0
5142	0
5143	0
5144	0
5145	0
5146	0
5147	1
5148	0
5149	0
5150	0
5151	0
5152	1
5153	0
5154	0
5155	1
5156	0
5157	0
5158	0
5159	0
5160	0
5161	0
5162	0
5163	0
5164	1
5165	0
5166	0
5167	0
5168	0
5169	0
5170	0
5171	0
5172	0
5173	0
5174	0
5175	0
5176	0
5177	0
5178	0
5179	0
5180	0
5181	0
5182	1
5183	0
5184	0
5185	0
5186	0
5187	0
5188	0
5189	0
5190	0
5191	0
5192	0
5193	0
5194	0
5195	0
5196	0
5197	0
5198	0
5199	0
5200	0
5201	0
5202	0
5203	0
5204	0
5205	1
5206	0
5207	0
5208	0
5209	0
5210	2
5211	0
5212	0
5213	2
5214	0
5215	1
5216	0
5217	0
5218	0
5219	0
5220	0
5221	0
5222	3
5223	2
5224	1
5225	0
5226	0
5227	0
5228	0
5229	0
5230	1
5231	0
5232	0
5233	1
5234	1
5235	0
5236	1
5237	0
5238	0
5239	0
5240	0
5241	0
5242	1
5243	1
5244	0
5245	0
5246	1
5247	0
5248	0
5249	0
5250	1
5251	0
5252	1
5253	0
5254	1
5255	0
5256	1
5257	0
5258	0
5259	0
5260	0
5261	0
5262	0
5263	0
5264	0
5265	0
5266	0
5267	0
5268	0
5269	0
5270	0
5271	0
5272	1
5273	1
5274	0
5275	1
5276	0
5277	0
5278	1
5279	0
5280	0
5281	0
5282	1
5283	1
5284	1
5285	1
5286	0
5287	1
5288	0
5289	0
5290	1
5291	0
5292	0
5293	0
5294	0
5295	0
5296	0
5297	2
5298	0
5299	1
5300	0
5301	0
5302	2
5303	0
5304	0
5305	0
5306	0
5307	0
5308	0
5309	1
5310	0
5311	0
5312	2
5313	1
5314	1
5315	0
5316	1
5317	2
5318	1
5319	1
5320	0
5321	3
5322	1
5323	1
5324	1
5325	1
5326	0
5327	0
5328	0
5329	1
5330	0
5331	0
5332	1
5333	0
5334	1
5335	0
5336	0
5337	0
5338	0
5339	0
5340	1
5341	0
5342	1
5343	0
5344	2
5345	0
5346	1
5347	0
5348	0
5349	0
5350	0
5351	1
5352	0
5353	2
5354	2
5355	3
5356	1
5357	1
5358	0
5359	0
5360	1
5361	0
5362	2
5363	0
5364	0
5365	1
5366	0
5367	2
5368	1
5369	0
5370	1
5371	0
5372	1
5373	2
5374	3
5375	2
5376	1
5377	1
5378	1
5379	1
5380	0
5381	3
5382	0
5383	2
5384	0
5385	1
5386	1
5387	1
5388	0
5389	2
5390	2
5391	3
5392	1
5393	0
5394	1
5395	2
5396	0
5397	0
5398	1
5399	2
5400	0
5401	1
5402	2
5403	1
5404	2
5405	0
5406	0
5407	1
5408	1
5409	1
5410	0
5411	0
5412	0
5413	0
5414	0
5415	1
5416	0
5417	2
5418	2
5419	0
5420	0
5421	2
5422	0
5423	3
5424	2
5425	1
5426	0
5427	1
5428	2
5429	0
5430	3
5431	0
5432	1
5433	1
5434	1
5435	0
5436	1
5437	1
5438	1
5439	1
5440	0
5441	0
5442	2
5443	1
5444	3
5445	0
5446	3
5447	1
5448	0
5449	1
5450	3
5451	1
5452	1
5453	1
5454	1
5455	0
5456	3
5457	2
5458	1
5459	0
5460	1
5461	0
5462	1
5463	1
5464	2
5465	0
5466	1
5467	2
5468	1
5469	1
5470	1
5471	0
5472	1
5473	2
5474	0
5475	2
5476	3
5477	0
5478	3
5479	1
5480	2
5481	2
5482	1
5483	2
5484	0
5485	1
5486	0
5487	3
5488	1
5489	4
5490	1
5491	1
5492	2
5493	0
5494	1
5495	0
5496	2
5497	2
5498	2
5499	0
5500	3
5501	0
5502	0
5503	1
5504	0
5505	0
5506	3
5507	1
5508	2
5509	2
5510	2
5511	2
5512	2
5513	2
5514	0
5515	0
5516	3
5517	3
5518	1
5519	1
5520	2
5521	2
5522	3
5523	2
5524	2
5525	1
5526	3
5527	2
5528	0
5529	2
5530	1
5531	5
5532	2
5533	2
5534	1
5535	3
5536	2
5537	3
5538	2
5539	2
5540	1
5541	2
5542	1
5543	2
5544	2
5545	3
5546	3
5547	3
5548	2
5549	2
5550	0
5551	1
5552	0
5553	2
5554	2
5555	2
5556	0
5557	2
5558	2
5559	1
5560	1
5561	0
5562	2
5563	1
5564	3
5565	2
5566	0
5567	2
5568	1
5569	1
5570	3
5571	2
5572	0
5573	2
5574	4
5575	1
5576	1
5577	1
5578	3
5579	1
5580	0
5581	3
5582	2
5583	0
5584	3
5585	1
5586	2
5587	2
5588	2
5589	4
5590	2
5591	2
5592	0
5593	1
5594	2
5595	0
5596	0
5597	2
5598	1
5599	4
5600	0
5601	3
5602	0
5603	2
5604	2
5605	1
5606	2
5607	2
5608	4
5609	1
5610	3
5611	0
5612	1
5613	2
5614	3
5615	2
5616	1
5617	3
5618	1
5619	2
5620	0
5621	1
5622	3
5623	3
5624	2
5625	3
5626	1
5627	2
5628	2
5629	3
5630	2
5631	1
5632	2
5633	2
5634	1
5635	6
5636	3
5637	1
5638	1
5639	2
5640	1
5641	3
5642	3
5643	1
5644	1
5645	2
5646	1
5647	4
5648	1
5649	1
5650	0
5651	1
5652	1
5653	4
5654	2
5655	3
5656	3
5657	2
5658	0
5659	2
5660	2
5661	0
5662	2
5663	0
5664	2
5665	0
5666	2
5667	3
5668	2
5669	1
5670	1
5671	4
5672	1
5673	1
5674	2
5675	4
5676	4
5677	0
5678	2
5679	0
5680	1
5681	1
5682	0
5683	3
5684	4
5685	2
5686	0
5687	3
5688	1
5689	1
5690	3
5691	2
5692	5
5693	5
5694	4
5695	5
5696	2
5697	1
5698	1
5699	3
5700	4
5701	4
5702	0
5703	2
5704	2
5705	5
5706	2
5707	3
5708	4
5709	1
5710	2
5711	4
5712	2
5713	3
5714	3
5715	1
5716	4
5717	4
5718	3
5719	0
5720	1
5721	3
5722	1
5723	2
5724	0
5725	2
5726	4
5727	1
5728	1
5729	2
5730	1
5731	2
5732	2
5733	3
5734	0
5735	2
5736	3
5737	4
5738	1
5739	6
5740	3
5741	4
5742	0
5743	5
5744	2
5745	3
5746	2
5747	3
5748	3
5749	1
5750	2
5751	1
5752	4
5753	0
5754	4
5755	4
5756	1
5757	3
5758	3
5759	4
5760	2
5761	0
5762	3
5763	3
5764	0
5765	1
5766	2
5767	2
5768	4
5769	2
5770	1
5771	7
5772	4
5773	4
5774	4
5775	3
5776	2
5777	3
5778	3
5779	1
5780	1
5781	4
5782	3
5783	1
5784	2
5785	2
5786	3
5787	1
5788	4
5789	1
5790	4
5791	1
5792	2
5793	3
5794	2
5795	0
5796	0
5797	3
5798	4
5799	2
5800	1
5801	4
5802	3
5803	2
5804	5
5805	2
5806	3
5807	2
5808	3
5809	3
5810	4
5811	3
5812	5
5813	3
5814	2
5815	1
5816	3
5817	3
5818	4
5819	4
5820	4
5821	3
5822	3
5823	2
5824	3
5825	2
5826	2
5827	1
5828	3
5829	3
5830	1
5831	0
5832	6
5833	2
5834	2
5835	1
5836	3
5837	4
5838	6
5839	0
5840	3
5841	3
5842	3
5843	7
5844	2
5845	1
5846	1
5847	4
5848	1
5849	1
5850	4
5851	3
5852	2
5853	1
5854	3
5855	2
5856	2
5857	4
5858	4
5859	1
5860	3
5861	2
5862	1
5863	7
5864	2
5865	1
5866	4
5867	3
5868	6
5869	6
5870	3
5871	1
5872	4
5873	2
5874	2
5875	1
5876	6
5877	4
5878	5
5879	6
5880	4
5881	2
5882	8
5883	4
5884	4
5885	8
5886	3
5887	6
5888	4
5889	2
5890	4
5891	2
5892	2
5893	2
5894	3
5895	7
5896	1
5897	5
5898	2
5899	6
5900	4
5901	7
5902	5
5903	4
5904	3
5905	2
5906	4
5907	3
5908	6
5909	4
5910	3
5911	0
5912	7
5913	2
5914	6
5915	2
5916	4
5917	2
5918	5
5919	4
5920	5
5921	2
5922	1
5923	2
5924	5
5925	2
5926	2
5927	4
5928	3
5929	1
5930	1
5931	0
5932	4
5933	2
5934	7
5935	1
5936	4
5937	1
5938	3
5939	6
5940	4
5941	1
5942	3
5943	3
5944	3
5945	1
5946	5
5947	4
5948	4
5949	5
5950	2
5951	4
5952	2
5953	2
5954	2
5955	6
5956	6
5957	3
5958	2
5959	4
5960	5
5961	3
5962	3
5963	2
5964	1
5965	3
5966	1
5967	2
5968	0
5969	4
5970	3
5971	7
5972	9
5973	3
5974	5
5975	8
5976	2
5977	7
5978	4
5979	2
5980	5
5981	2
5982	2
5983	4
5984	7
5985	2
5986	3
5987	7
5988	4
5989	3
5990	1
5991	6
5992	5
5993	3
5994	4
5995	3
5996	4
5997	5
5998	2
5999	6
6000	5
6001	3
6002	6
6003	2
6004	2
6005	2
6006	4
6007	6
6008	8
6009	6
6010	2
6011	7
6012	2
6013	4
6014	0
6015	6
6016	2
6017	4
6018	4
6019	2
6020	6
6021	7
6022	3
6023	5
6024	5
6025	7
6026	5
6027	10
6028	5
6029	7
6030	4
6031	5
6032	5
6033	3
6034	3
6035	5
6036	4
6037	9
6038	5
6039	1
6040	9
6041	5
6042	10
6043	6
6044	6
6045	2
6046	8
6047	5
6048	8
6049	9
6050	13
6051	7
6052	5
6053	3
6054	3
6055	7
6056	16
6057	7
6058	2
6059	7
6060	3
6061	8
6062	6
6063	5
6064	3
6065	5
6066	11
6067	7
6068	4
6069	9
6070	3
6071	3
6072	7
6073	7
6074	6
6075	4
6076	6
6077	6
6078	9
6079	6
6080	6
6081	9
6082	4
6083	5
6084	10
6085	9
6086	4
6087	8
6088	7
6089	6
6090	8
6091	10
6092	6
6093	8
6094	7
6095	11
6096	7
6097	7
6098	13
6099	8
6100	16
6101	8
6102	6
6103	8
6104	4
6105	8
6106	11
6107	13
6108	11
6109	10
6110	7
6111	4
6112	7
6113	7
6114	9
6115	8
6116	8
6117	11
6118	11
6119	9
6120	11
6121	14
6122	9
6123	11
6124	9
6125	10
6126	12
6127	6
6128	13
6129	8
6130	17
6131	10
6132	9
6133	9
6134	17
6135	8
6136	9
6137	11
6138	12
6139	16
6140	14
6141	13
6142	11
6143	15
6144	11
6145	7
6146	14
6147	15
6148	9
6149	12
6150	13
6151	17
6152	9
6153	15
6154	7
6155	15
6156	7
6157	10
6158	19
6159	11
6160	13
6161	16
6162	10
6163	13
6164	16
6165	17
6166	12
6167	10
6168	10
6169	10
6170	17
6171	19
6172	7
6173	13
6174	22
6175	15
6176	8
6177	21
6178	16
6179	16
6180	15
6181	15
6182	14
6183	18
6184	16
6185	11
6186	10
6187	19
6188	15
6189	15
6190	16
6191	12
6192	10
6193	19
6194	11
6195	11
6196	15
6197	18
6198	17
6199	19
6200	14
6201	15
6202	22
6203	12
6204	15
6205	21
6206	14
6207	18
6208	19
6209	18
6210	16
6211	20
6212	18
6213	15
6214	10
6215	23
6216	14
6217	22
6218	15
6219	16
6220	16
6221	18
6222	18
6223	20
6224	13
6225	17
6226	18
6227	15
6228	19
6229	19
6230	18
6231	22
6232	20
6233	28
6234	21
6235	20
6236	21
6237	17
6238	26
6239	17
6240	16
6241	21
6242	17
6243	24
6244	19
6245	15
6246	28
6247	21
6248	14
6249	18
6250	17
6251	23
6252	25
6253	23
6254	16
6255	25
6256	32
6257	19
6258	19
6259	21
6260	17
6261	18
6262	16
6263	32
6264	21
6265	24
6266	26
6267	31
6268	20
6269	16
6270	25
6271	25
6272	25
6273	21
6274	17
6275	21
6276	24
6277	22
6278	30
6279	26
6280	30
6281	27
6282	29
6283	25
6284	26
6285	22
6286	31
6287	20
6288	26
6289	25
6290	20
6291	14
6292	24
6293	31
6294	23
6295	35
6296	29
6297	28
6298	26
6299	26
6300	25
6301	20
6302	31
6303	27
6304	24
6305	27
6306	25
6307	29
6308	26
6309	26
6310	32
6311	38
6312	28
6313	38
6314	32
6315	32
6316	33
6317	29
6318	23
6319	30
6320	35
6321	35
6322	23
6323	43
6324	37
6325	31
6326	36
6327	30
6328	36
6329	34
6330	29
6331	25
6332	33
6333	31
6334	34
6335	32
6336	33
6337	30
6338	30
6339	29
6340	39
6341	22
6342	30
6343	24
6344	45
6345	37
6346	37
6347	39
6348	37
6349	30
6350	32
6351	37
6352	26
6353	44
6354	37
6355	31
6356	42
6357	35
6358	41
6359	33
6360	47
6361	39
6362	42
6363	30
6364	41
6365	34
6366	39
6367	51
6368	32
6369	21
6370	36
6371	23
6372	39
6373	37
6374	36
6375	41
6376	22
6377	39
6378	52
6379	42
6380	45
6381	46
6382	42
6383	56
6384	41
6385	34
6386	52
6387	37
6388	35
6389	48
6390	45
6391	35
6392	38
6393	34
6394	43
6395	44
6396	43
6397	40
6398	43
6399	47
6400	38
6401	37
6402	45
6403	45
6404	55
6405	50
6406	52
6407	50
6408	51
6409	51
6410	53
6411	45
6412	42
6413	47
6414	41
6415	43
6416	45
6417	40
6418	51
6419	50
6420	42
6421	38
6422	44
6423	47
6424	52
6425	47
6426	42
6427	46
6428	48
6429	42
6430	35
6431	45
6432	59
6433	54
6434	45
6435	64
6436	61
6437	52
6438	49
6439	50
6440	51
6441	53
6442	38
6443	57
6444	43
6445	51
6446	49
6447	45
6448	49
6449	47
6450	39
6451	55
6452	56
6453	45
6454	55
6455	53
6456	41
6457	44
6458	52
6459	48
6460	52
6461	57
6462	49
6463	43
6464	51
6465	60
6466	68
6467	51
6468	53
6469	60
6470	60
6471	49
6472	54
6473	58
6474	55
6475	49
6476	59
6477	58
6478	59
6479	45
6480	60
6481	50
6482	50
6483	66
6484	51
6485	48
6486	58
6487	58
6488	62
6489	57
6490	46
6491	40
6492	51
6493	56
6494	50
6495	70
6496	57
6497	64
6498	47
6499	50
6500	57
6501	62
6502	45
6503	47
6504	54
6505	48
6506	53
6507	65
6508	67
6509	46
6510	58
6511	63
6512	61
6513	69
6514	64
6515	61
6516	42
6517	56
6518	66
6519	49
6520	57
6521	45
6522	47
6523	61
6524	58
6525	54
6526	66
6527	65
6528	67
6529	62
6530	54
6531	68
6532	66
6533	52
6534	66
6535	53
6536	59
6537	65
6538	50
6539	74
6540	61
6541	78
6542	58
6543	65
6544	53
6545	52
6546	56
6547	57
6548	71
6549	54
6550	61
6551	65
6552	52
6553	66
6554	65
6555	58
6556	55
6557	54
6558	67
6559	55
6560	59
6561	69
6562	71
6563	63
6564	49
6565	60
6566	50
6567	51
6568	50
6569	55
6570	49
6571	57
6572	63
6573	55
6574	63
6575	51
6576	47
6577	61
6578	61
6579	58
6580	65
6581	62
6582	69
6583	58
6584	72
6585	61
6586	74
6587	56
6588	50
6589	56
6590	48
6591	71
6592	49
6593	65
6594	63
6595	72
6596	46
6597	60
6598	60
6599	59
6600	63
6601	66
6602	59
6603	60
6604	58
6605	75
6606	51
6607	49
6608	52
6609	69
6610	62
6611	67
6612	46
6613	61
6614	59
6615	64
6616	47
6617	61
6618	47
6619	53
6620	53
6621	57
6622	62
6623	60
6624	48
6625	62
6626	46
6627	63
6628	54
6629	62
6630	46
6631	64
6632	72
6633	68
6634	59
6635	60
6636	57
6637	59
6638	63
6639	51
6640	64
6641	51
6642	52
6643	43
6644	60
6645	63
6646	68
6647	68
6648	66
6649	55
6650	53
6651	77
6652	56
6653	68
6654	55
6655	52
6656	58
6657	47
6658	55
6659	38
6660	54
6661	63
6662	55
6663	55
6664	58
6665	42
6666	55
6667	62
6668	47
6669	44
6670	48
6671	42
6672	62
6673	67
6674	44
6675	55
6676	52
6677	55
6678	57
6679	46
6680	59
6681	51
6682	46
6683	49
6684	45
6685	52
6686	38
6687	40
6688	52
6689	44
6690	56
6691	64
6692	48
6693	61
6694	41
6695	55
6696	50
6697	47
6698	43
6699	65
6700	44
6701	46
6702	49
6703	49
6704	51
6705	37
6706	46
6707	40
6708	41
6709	49
6710	45
6711	44
6712	48
6713	48
6714	38
6715	47
6716	59
6717	40
6718	50
6719	52
6720	44
6721	50
6722	44
6723	35
6724	36
6725	38
6726	50
6727	48
6728	50
6729	44
6730	37
6731	38
6732	54
6733	50
6734	34
6735	35
6736	57
6737	49
6738	47
6739	43
6740	33
6741	40
6742	40
6743	47
6744	38
6745	34
6746	50
6747	47
6748	43
6749	37
6750	37
6751	47
6752	45
6753	36
6754	44
6755	33
6756	54
6757	40
6758	45
6759	21
6760	44
6761	41
6762	34
6763	37
6764	30
6765	37
6766	35
6767	36
6768	40
6769	37
6770	43
6771	30
6772	40
6773	26
6774	43
6775	51
6776	24
6777	49
6778	47
6779	46
6780	41
6781	39
6782	45
6783	37
6784	46
6785	34
6786	39
6787	37
6788	44
6789	32
6790	40
6791	34
6792	37
6793	45
6794	28
6795	43
6796	45
6797	30
6798	29
6799	35
6800	32
6801	27
6802	36
6803	40
6804	32
6805	30
6806	27
6807	35
6808	25
6809	39
6810	35
6811	34
6812	30
6813	30
6814	32
6815	29
6816	35
6817	38
6818	20
6819	39
6820	28
6821	29
6822	26
6823	32
6824	33
6825	22
6826	37
6827	32
6828	37
6829	28
6830	31
6831	20
6832	28
6833	16
6834	22
6835	25
6836	24
6837	24
6838	32
6839	23
6840	24
6841	29
6842	18
6843	22
6844	16
6845	32
6846	17
6847	18
6848	31
6849	29
6850	28
6851	22
6852	26
6853	25
6854	25
6855	29
6856	25
6857	26
6858	26
6859	21
6860	21
6861	26
6862	16
6863	33
6864	20
6865	19
6866	12
6867	32
6868	28
6869	20
6870	22
6871	27
6872	29
6873	16
6874	18
6875	20
6876	22
6877	23
6878	22
6879	19
6880	21
6881	28
6882	18
6883	16
6884	22
6885	17
6886	14
6887	23
6888	14
6889	25
6890	22
6891	24
6892	17
6893	16
6894	25
6895	19
6896	25
6897	21
6898	13
6899	21
6900	15
6901	18
6902	19
6903	15
6904	16
6905	17
6906	24
6907	21
6908	12
6909	13
6910	11
6911	19
6912	16
6913	26
6914	15
6915	20
6916	18
6917	19
6918	15
6919	18
6920	12
6921	9
6922	12
6923	19
6924	17
6925	20
6926	19
6927	13
6928	17
6929	18
6930	15
6931	15
6932	13
6933	12
6934	17
6935	13
6936	16
6937	11
6938	17
6939	12
6940	12
6941	14
6942	11
6943	16
6944	13
6945	13
6946	8
6947	13
6948	17
6949	14
6950	11
6951	11
6952	11
6953	12
6954	22
6955	7
6956	9
6957	11
6958	13
6959	10
6960	10
6961	11
6962	9
6963	5
6964	6
6965	9
6966	13
6967	15
6968	8
6969	12
6970	14
6971	5
6972	7
6973	13
6974	14
6975	12
6976	13
6977	9
6978	12
6979	11
6980	6
6981	6
6982	12
6983	8
6984	13
6985	7
6986	8
6987	12
6988	7
6989	8
6990	11
6991	8
6992	5
6993	10
6994	10
6995	4
6996	10
6997	4
6998	8
6999	13
7000	8
7001	3
7002	12
7003	8
7004	6
7005	8
7006	8
7007	6
7008	9
7009	10
7010	7
7011	5
7012	7
7013	8
7014	9
7015	6
7016	9
7017	7
7018	4
7019	8
7020	5
7021	7
7022	6
7023	6
7024	6
7025	8
7026	6
7027	4
7028	6
7029	7
7030	5
7031	7
7032	3
7033	3
7034	11
7035	10
7036	7
7037	7
7038	1
7039	12
7040	6
7041	3
7042	3
7043	5
7044	5
7045	6
7046	6
7047	4
7048	8
7049	7
7050	3
7051	1
7052	3
7053	4
7054	5
7055	4
7056	4
7057	2
7058	4
7059	6
7060	10
7061	4
7062	5
7063	8
7064	7
7065	3
7066	5
7067	5
7068	5
7069	3
7070	3
7071	3
7072	5
7073	8
7074	4
7075	6
7076	3
7077	2
7078	4
7079	5
7080	5
7081	4
7082	8
7083	3
7084	5
7085	0
7086	4
7087	3
7088	4
7089	8
7090	3
7091	4
7092	3
7093	5
7094	6
7095	3
7096	7
7097	5
7098	4
7099	3
7100	4
7101	2
7102	3
7103	3
7104	3
7105	7
7106	4
7107	4
7108	4
7109	3
7110	2
7111	4
7112	3
7113	5
7114	3
7115	1
7116	3
7117	4
7118	7
7119	4
7120	4
7121	5
7122	1
7123	3
7124	8
7125	5
7126	3
7127	4
7128	4
7129	4
7130	5
7131	1
7132	3
7133	5
7134	6
7135	2
7136	3
7137	5
7138	2
7139	1
7140	6
7141	4
7142	5
7143	4
7144	1
7145	3
7146	3
7147	1
7148	1
7149	2
7150	3
7151	3
7152	3
7153	5
7154	4
7155	1
7156	6
7157	1
7158	4
7159	5
7160	7
7161	3
7162	2
7163	2
7164	6
7165	2
7166	1
7167	4
7168	4
7169	0
7170	2
7171	2
7172	1
7173	3
7174	0
7175	2
7176	4
7177	7
7178	2
7179	2
7180	5
7181	2
7182	2
7183	2
7184	4
7185	2
7186	3
7187	0
7188	3
7189	2
7190	2
7191	1
7192	2
7193	2
7194	0
7195	3
7196	2
7197	4
7198	1
7199	2
7200	3
7201	1
7202	2
7203	5
7204	0
7205	0
7206	2
7207	2
7208	1
7209	1
7210	0
7211	1
7212	2
7213	5
7214	4
7215	2
7216	1
7217	4
7218	3
7219	1
7220	1
7221	5
7222	0
7223	0
7224	2
7225	3
7226	2
7227	0
7228	1
7229	2
7230	1
7231	2
7232	3
7233	1
7234	3
7235	3
7236	2
7237	4
7238	1
7239	2
7240	2
7241	1
7242	1
7243	3
7244	2
7245	0
7246	0
7247	1
7248	5
7249	1
7250	5
7251	5
7252	1
7253	1
7254	1
7255	0
7256	3
7257	2
7258	2
7259	7
7260	2
7261	6
7262	1
7263	3
7264	5
7265	1
7266	5
7267	2
7268	1
7269	3
7270	1
7271	2
7272	1
7273	1
7274	5
7275	3
7276	7
7277	2
7278	1
7279	0
7280	1
7281	4
7282	0
7283	1
7284	2
7285	5
7286	2
7287	2
7288	4
7289	1
7290	1
7291	0
7292	2
7293	3
7294	3
7295	5
7296	2
7297	3
7298	4
7299	2
7300	2
7301	1
7302	1
7303	1
7304	5
7305	3
7306	2
7307	1
7308	0
7309	2
7310	1
7311	3
7312	1
7313	4
7314	1
7315	1
7316	1
7317	3
7318	1
7319	1
7320	1
7321	3
7322	2
7323	1
7324	2
7325	1
7326	3
7327	2
7328	1
7329	3
7330	1
7331	1
7332	2
7333	2
7334	2
7335	4
7336	2
7337	2
7338	4
7339	0
7340	0
7341	0
7342	3
7343	0
7344	2
7345	0
7346	1
7347	1
7348	3
7349	2
7350	0
7351	0
7352	2
7353	2
7354	1
7355	1
7356	3
7357	6
7358	4
7359	1
7360	1
7361	1
7362	0
7363	3
7364	0
7365	2
7366	3
7367	6
7368	2
7369	3
7370	1
7371	0
7372	3
7373	1
7374	3
7375	2
7376	1
7377	3
7378	3
7379	5
7380	0
7381	1
7382	4
7383	2
7384	2
7385	2
7386	3
7387	3
7388	3
7389	1
7390	1
7391	5
7392	2
7393	1
7394	1
7395	0
7396	5
7397	3
7398	2
7399	1
7400	2
7401	0
7402	2
7403	1
7404	1
7405	3
7406	1
7407	0
7408	2
7409	3
7410	1
7411	4
7412	3
7413	0
7414	3
7415	1
7416	6
7417	2
7418	0
7419	4
7420	3
7421	1
7422	2
7423	1
7424	3
7425	0
7426	1
7427	2
7428	2
7429	2
7430	1
7431	2
7432	2
7433	2
7434	0
7435	2
7436	2
7437	1
7438	1
7439	3
7440	3
7441	4
7442	3
7443	1
7444	3
7445	1
7446	3
7447	4
7448	1
7449	2
7450	0
7451	6
7452	2
7453	3
7454	2
7455	1
7456	3
7457	0
7458	1
7459	1
7460	2
7461	1
7462	3
7463	6
7464	1
7465	3
7466	4
7467	0
7468	2
7469	1
7470	2
7471	2
7472	2
7473	1
7474	4
7475	1
7476	4
7477	3
7478	2
7479	0
7480	4
7481	2
7482	3
7483	0
7484	1
7485	0
7486	0
7487	2
7488	2
7489	4
7490	0
7491	4
7492	3
7493	2
7494	3
7495	4
7496	1
7497	4
7498	0
7499	1
7500	2
7501	2
7502	1
7503	2
7504	2
7505	0
7506	1
7507	1
7508	3
7509	0
7510	2
7511	1
7512	3
7513	3
7514	2
7515	1
7516	0
7517	0
7518	3
7519	4
7520	3
7521	2
7522	2
7523	1
7524	0
7525	3
7526	1
7527	0
7528	0
7529	1
7530	1
7531	0
7532	1
7533	3
7534	4
7535	1
7536	0
7537	1
7538	0
7539	0
7540	2
7541	3
7542	1
7543	2
7544	0
7545	1
7546	3
7547	2
7548	5
7549	0
7550	1
7551	0
7552	2
7553	3
7554	3
7555	3
7556	3
7557	2
7558	1
7559	3
7560	3
7561	2
7562	5
7563	2
7564	2
7565	1
7566	2
7567	0
7568	2
7569	0
7570	2
7571	0
7572	2
7573	0
7574	1
7575	5
7576	2
7577	1
7578	4
7579	1
7580	2
7581	0
7582	1
7583	2
7584	1
7585	3
7586	1
7587	3
7588	1
7589	1
7590	2
7591	1
7592	1
7593	1
7594	2
7595	1
7596	1
7597	3
7598	1
7599	3
7600	2
7601	2
7602	5
7603	1
7604	2
7605	3
7606	0
7607	1
7608	1
7609	1
7610	3
7611	4
7612	2
7613	2
7614	4
7615	2
7616	4
7617	1
7618	2
7619	4
7620	2
7621	2
7622	5
7623	2
7624	1
7625	1
7626	1
7627	3
7628	4
7629	2
7630	2
7631	2
7632	3
7633	1
7634	1
7635	5
7636	1
7637	2
7638	0
7639	4
7640	4
7641	1
7642	2
7643	2
7644	2
7645	1
7646	4
7647	1
7648	1
7649	0
7650	2
7651	4
7652	1
7653	2
7654	0
7655	1
7656	0
7657	0
7658	1
7659	1
7660	2
7661	1
7662	2
7663	3
7664	4
7665	1
7666	0
7667	3
7668	3
7669	0
7670	0
7671	2
7672	1
7673	0
7674	3
7675	2
7676	3
7677	3
7678	1
7679	4
7680	1
7681	2
7682	1
7683	2
7684	2
7685	2
7686	1
7687	1
7688	1
7689	2
7690	2
7691	1
7692	2
7693	1
7694	2
7695	2
7696	3
7697	2
7698	1
7699	0
7700	2
7701	0
7702	1
7703	0
7704	0
7705	0
7706	0
7707	0
7708	0
7709	0
7710	0
7711	0
7712	0
7713	0
7714	0
7715	0
7716	0
7717	0
7718	0
7719	0
7720	0
7721	0
7722	0
7723	0
7724	0
7725	0
7726	0
7727	0
7728	0
7729	0
7730	0
7731	0
7732	0
7733	0
7734	0
7735	0
7736	0
7737	0
7738	0
7739	0
7740	0
7741	0
7742	0
7743	0
7744	0
7745	0
7746	0
7747	0
7748	0
7749	0
7750	0
7751	0
7752	1
7753	0
7754	0
7755	0
7756	0
7757	0
7758	0
7759	0
7760	0
7761	0
7762	0
7763	0
7764	0
7765	0
7766	0
7767	0
7768	0
7769	0
7770	0
7771	0
7772	0
7773	0
7774	0
7775	0
7776	0
7777	0
7778	0
7779	0
7780	0
7781	0
7782	0
7783	0
7784	0
7785	0
7786	0
7787	0
7788	0
7789	0
7790	0
7791	0
7792	0
7793	0
7794	0
7795	0
7796	0
7797	0
7798	0
7799	0
7800	0
7801	0
7802	0
7803	0
7804	0
7805	0
7806	0
7807	0
7808	0
7809	0
7810	0
7811	0
7812	0
7813	0
7814	0
7815	0
7816	0
7817	0
7818	0
7819	0
7820	0
7821	0
7822	0
7823	0
7824	0
7825	0
7826	0
7827	0
7828	0
7829	0
7830	0
7831	0
7832	0
7833	0
7834	0
7835	0
7836	0
7837	0
7838	0
7839	0
7840	0
7841	0
7842	0
7843	0
7844	0
7845	0
7846	0
7847	0
7848	0
7849	0
7850	0
7851	0
7852	0
7853	0
7854	0
7855	0
7856	0
7857	0
7858	0
7859	0
7860	0
7861	0
7862	0
7863	0
7864	0
7865	0
7866	0
7867	0
7868	0
7869	0
7870	0
7871	0
7872	0
7873	0
7874	0
7875	0
7876	0
7877	0
7878	0
7879	0
7880	0
7881	0
7882	0
7883	0
7884	0
7885	0
7886	0
7887	0
7888	0
7889	0
7890	0
7891	0
7892	0
7893	0
7894	0
7895	0
7896	0
7897	0
7898	0
7899	0
7900	0
7901	0
7902	0
7903	0
7904	0
7905	0
7906	0
7907	0
7908	0
7909	0
7910	0
7911	0
7912	0
7913	0
7914	0
7915	0
7916	0
7917	0
7918	0
7919	0
7920	0
7921	0
7922	0
7923	0
7924	0
7925	0
7926	0
7927	0
7928	0
7929	0
7930	0
7931	0
7932	0
7933	0
7934	0
7935	0
7936	0
7937	0
7938	0
7939	0
7940	0
7941	0
7942	0
7943	0
7944	0
7945	0
7946	0
7947	0
7948	0
7949	0
7950	0
7951	0
7952	0
7953	0
7954	0
7955	0
7956	0
7957	0
7958	0
7959	0
7960	0
7961	0
7962	0
7963	0
7964	0
7965	0
7966	0
7967	0
7968	0
7969	0
7970	0
7971	0
7972	0
7973	0
7974	0
7975	0
7976	0
7977	0
7978	0
7979	0
7980	0
7981	0
7982	0
7983	0
7984	0
7985	0
7986	0
7987	0
7988	0
7989	0
7990	0
7991	0
7992	0
7993	0
7994	0
7995	0
7996	0
7997	0
7998	0
7999	0
8000	0
8001	0
8002	0
8003	0
8004	0
8005	0
8006	0
8007	0
8008	0
8009	0
8010	0
8011	0
8012	0
8013	0
8014	0
8015	0
8016	0
8017	0
8018	0
8019	0
8020	0
8021	0
8022	0
8023	0
8024	0
8025	0
8026	0
8027	0
8028	0
8029	0
8030	0
8031	0
8032	0
8033	0
8034	0
8035	0
8036	0
8037	0
8038	0
8039	0
8040	0
8041	0
8042	0
8043	0
8044	0
8045	0
8046	0
8047	0
8048	0
8049	0
8050	0
8051	0
8052	0
8053	0
8054	0
8055	0
8056	0
8057	0
8058	0
8059	0
8060	0
8061	0
8062	0
8063	0
8064	0
8065	0
8066	0
8067	0
8068	0
8069	0
8070	0
8071	0
8072	0
8073	0
8074	0
8075	0
8076	0
8077	0
8078	0
8079	0
8080	0
8081	0
8082	0
8083	0
8084	0
8085	0
8086	0
8087	0
8088	0
8089	0
8090	0
8091	0
8092	0
8093	0
8094	0
8095	0
8096	0
8097	0
8098	0
8099	0
8100	0
8101	0
8102	0
8103	0
8104	0
8105	0
8106	0
8107	0
8108	0
8109	0
8110	0
8111	0
8112	0
8113	0
8114	0
8115	0
8116	0
8117	0
8118	0
8119	0
8120	0
8121	0
8122	0
8123	0
8124	0
8125	0
8126	0
8127	0
8128	0
8129	0
8130	0
8131	0
8132	0
8133	0
8134	0
8135	0
8136	0
8137	0
8138	0
8139	0
8140	0
8141	0
8142	0
8143	0
8144	0
8145	0
8146	0
8147	0
8148	0
8149	0
8150	0
8151	0
8152	0
8153	0
8154	0
8155	0
8156	0
8157	0
8158	0
8159	0
8160	0
8161	0
8162	0
8163	0
8164	0
8165	0
8166	0
8167	0
8168	0
8169	0
8170	0
8171	0
8172	0
8173	0
8174	0
8175	0
8176	0
8177	0
8178	0
8179	0
8180	0
8181	0
8182	0
8183	0
8184	0
8185	0
8186	0
8187	0
8188	0
8189	0
8190	0
8191	0
