0	0
1	0
2	0
3	0
4	0
5	0
6	0
7	0
8	0
9	0
10	0
11	0
12	0
13	0
14	0
15	0
16	0
17	0
18	0
19	0
20	0
21	0
22	0
23	0
24	0
25	1
26	7
27	14
28	14
29	26
30	19
31	26
32	21
33	33
34	31
35	29
36	20
37	35
38	24
39	26
40	26
41	21
42	31
43	42
44	25
45	27
46	22
47	31
48	18
49	20
50	18
51	24
52	20
53	26
54	26
55	23
56	35
57	32
58	20
59	33
60	36
61	32
62	33
63	29
64	28
65	16
66	17
67	24
68	24
69	25
70	26
71	31
72	22
73	24
74	26
75	29
76	22
77	33
78	20
79	23
80	28
81	33
82	23
83	26
84	21
85	40
86	23
87	27
88	26
89	37
90	25
91	26
92	28
93	27
94	22
95	28
96	30
97	23
98	26
99	29
100	25
101	29
102	25
103	25
104	31
105	22
106	34
107	28
108	29
109	24
110	25
111	39
112	27
113	24
114	24
115	27
116	27
117	25
118	23
119	25
120	27
121	33
122	24
123	23
124	35
125	24
126	26
127	33
128	29
129	29
130	23
131	26
132	16
133	32
134	31
135	18
136	30
137	28
138	30
139	33
140	24
141	31
142	26
143	30
144	25
145	28
146	23
147	29
148	38
149	29
150	27
151	36
152	34
153	33
154	28
155	18
156	32
157	26
158	19
159	27
160	18
161	23
162	22
163	17
164	28
165	21
166	28
167	28
168	32
169	31
170	28
171	30
172	20
173	17
174	26
175	30
176	37
177	28
178	24
179	25
180	25
181	26
182	28
183	24
184	21
185	20
186	31
187	30
188	25
189	30
190	25
191	29
192	29
193	34
194	21
195	29
196	32
197	22
198	36
199	26
200	28
201	28
202	33
203	31
204	30
205	27
206	35
207	35
208	48
209	43
210	21
211	28
212	32
213	27
214	26
215	36
216	32
217	30
218	34
219	23
220	42
221	20
222	36
223	19
224	31
225	29
226	26
227	37
228	32
229	33
230	26
231	38
232	35
233	39
234	29
235	31
236	37
237	34
238	24
239	26
240	30
241	31
242	24
243	33
244	20
245	28
246	36
247	32
248	28
249	27
250	22
251	37
252	31
253	37
254	25
255	32
256	28
257	34
258	32
259	23
260	19
261	28
262	34
263	39
264	36
265	31
266	41
267	27
268	29
269	31
270	28
271	34
272	28
273	34
274	37
275	26
276	31
277	39
278	26
279	38
280	33
281	27
282	27
283	36
284	46
285	29
286	41
287	24
288	35
289	28
290	21
291	31
292	38
293	37
294	31
295	26
296	38
297	34
298	46
299	24
300	35
301	36
302	26
303	32
304	20
305	45
306	32
307	35
308	28
309	36
310	33
311	31
312	41
313	28
314	37
315	30
316	34
317	29
318	38
319	32
320	34
321	31
322	37
323	28
324	36
325	26
326	23
327	30
328	20
329	27
330	32
331	40
332	29
333	24
334	34
335	33
336	30
337	44
338	28
339	33
340	25
341	39
342	41
343	30
344	29
345	39
346	41
347	27
348	25
349	29
350	32
351	38
352	33
353	35
354	40
355	29
356	39
357	25
358	37
359	34
360	32
361	33
362	32
363	37
364	32
365	35
366	41
367	27
368	37
369	38
370	44
371	30
372	40
373	32
374	31
375	30
376	35
377	35
378	31
379	26
380	23
381	37
382	32
383	37
384	25
385	33
386	38
387	24
388	32
389	30
390	37
391	29
392	23
393	30
394	35
395	36
396	41
397	28
398	28
399	21
400	30
401	38
402	31
403	36
404	32
405	34
406	35
407	27
408	27
409	27
410	43
411	30
412	31
413	35
414	31
415	30
416	25
417	33
418	32
419	34
420	24
421	32
422	28
423	31
424	36
425	29
426	25
427	32
428	36
429	23
430	32
431	29
432	28
433	19
434	24
435	31
436	20
437	34
438	34
439	26
440	22
441	34
442	34
443	27
444	29
445	30
446	31
447	27
448	38
449	29
450	31
451	23
452	33
453	27
454	31
455	27
456	27
457	38
458	27
459	28
460	27
461	33
462	28
463	37
464	36
465	29
466	39
467	21
468	38
469	24
470	20
471	36
472	26
473	28
474	35
475	32
476	25
477	27
478	26
479	31
480	36
481	35
482	40
483	22
484	27
485	31
486	28
487	37
488	28
489	21
490	27
491	23
492	28
493	25
494	39
495	24
496	35
497	38
498	37
499	32
500	37
501	27
502	30
503	22
504	33
505	29
506	39
507	37
508	29
509	28
510	30
511	25
512	31
513	28
514	22
515	35
516	24
517	39
518	25
519	40
520	31
521	34
522	35
523	29
524	33
525	31
526	26
527	29
528	24
529	34
530	20
531	26
532	26
533	31
534	25
535	29
536	28
537	26
538	36
539	24
540	19
541	35
542	44
543	33
544	39
545	30
546	40
547	27
548	35
549	29
550	40
551	32
552	38
553	35
554	36
555	34
556	30
557	26
558	28
559	27
560	25
561	27
562	24
563	22
564	36
565	25
566	29
567	29
568	32
569	26
570	27
571	35
572	37
573	17
574	27
575	27
576	25
577	31
578	38
579	29
580	40
581	29
582	32
583	20
584	25
585	39
586	28
587	31
588	30
589	36
590	28
591	29
592	27
593	27
594	32
595	37
596	29
597	28
598	40
599	39
600	42
601	33
602	32
603	33
604	33
605	28
606	35
607	19
608	29
609	27
610	19
611	26
612	20
613	30
614	31
615	20
616	29
617	38
618	28
619	35
620	28
621	28
622	41
623	30
624	34
625	22
626	32
627	24
628	37
629	38
630	26
631	29
632	27
633	23
634	38
635	31
636	27
637	27
638	27
639	28
640	28
641	33
642	21
643	41
644	27
645	24
646	28
647	31
648	29
649	37
650	32
651	22
652	26
653	32
654	40
655	28
656	29
657	28
658	20
659	21
660	27
661	22
662	32
663	25
664	41
665	24
666	22
667	36
668	48
669	28
670	31
671	39
672	29
673	31
674	28
675	26
676	33
677	24
678	26
679	29
680	34
681	41
682	42
683	28
684	35
685	25
686	41
687	26
688	21
689	29
690	36
691	32
692	27
693	30
694	30
695	22
696	29
697	34
698	24
699	33
700	29
701	30
702	38
703	40
704	35
705	42
706	29
707	30
708	27
709	28
710	30
711	30
712	28
713	27
714	26
715	34
716	27
717	32
718	26
719	26
720	29
721	27
722	28
723	31
724	30
725	24
726	32
727	24
728	37
729	21
730	19
731	30
732	31
733	23
734	30
735	28
736	33
737	37
738	39
739	29
740	26
741	36
742	31
743	26
744	34
745	30
746	28
747	26
748	36
749	29
750	35
751	34
752	35
753	35
754	25
755	30
756	28
757	25
758	33
759	26
760	26
761	32
762	31
763	37
764	26
765	26
766	31
767	34
768	30
769	30
770	40
771	35
772	36
773	32
774	31
775	37
776	30
777	32
778	36
779	41
780	32
781	44
782	36
783	47
784	34
785	37
786	33
787	35
788	38
789	32
790	36
791	34
792	40
793	40
794	43
795	34
796	40
797	21
798	38
799	48
800	32
801	35
802	35
803	40
804	29
805	34
806	34
807	42
808	36
809	44
810	30
811	31
812	47
813	45
814	27
815	35
816	36
817	57
818	41
819	43
820	40
821	43
822	47
823	50
824	40
825	37
826	41
827	44
828	38
829	33
830	45
831	32
832	43
833	57
834	38
835	48
836	36
837	39
838	39
839	33
840	38
841	33
842	45
843	49
844	35
845	34
846	45
847	25
848	38
849	28
850	42
851	32
852	45
853	27
854	39
855	32
856	48
857	26
858	33
859	40
860	45
861	44
862	37
863	37
864	42
865	38
866	40
867	36
868	42
869	35
870	42
871	34
872	31
873	50
874	47
875	41
876	51
877	34
878	35
879	42
880	24
881	36
882	37
883	50
884	38
885	37
886	29
887	38
888	41
889	48
890	43
891	37
892	32
893	30
894	40
895	33
896	47
897	32
898	42
899	29
900	37
901	43
902	32
903	33
904	35
905	45
906	33
907	32
908	49
909	50
910	41
911	17
912	35
913	21
914	40
915	47
916	30
917	44
918	36
919	30
920	26
921	40
922	30
923	36
924	46
925	37
926	29
927	32
928	38
929	28
930	44
931	30
932	35
933	42
934	31
935	32
936	34
937	42
938	46
939	39
940	42
941	30
942	35
943	29
944	31
945	37
946	34
947	38
948	32
949	47
950	43
951	45
952	33
953	29
954	32
955	28
956	34
957	38
958	32
959	39
960	34
961	41
962	45
963	31
964	27
965	34
966	33
967	37
968	34
969	21
970	38
971	39
972	33
973	41
974	33
975	38
976	39
977	30
978	35
979	28
980	36
981	43
982	33
983	26
984	37
985	40
986	30
987	28
988	31
989	31
990	31
991	31
992	36
993	30
994	27
995	37
996	34
997	38
998	44
999	38
1000	42
1001	29
1002	40
1003	38
1004	36
1005	30
1006	37
1007	38
1008	33
1009	36
1010	36
1011	38
1012	39
1013	27
1014	30
1015	28
1016	24
1017	36
1018	36
1019	42
1020	40
1021	34
1022	21
1023	24
1024	30
1025	34
1026	34
1027	40
1028	30
1029	38
1030	26
1031	40
1032	40
1033	43
1034	31
1035	24
1036	24
1037	33
1038	37
1039	17
1040	29
1041	26
1042	28
1043	31
1044	26
1045	26
1046	32
1047	34
1048	38
1049	25
1050	28
1051	33
1052	32
1053	33
1054	26
1055	26
1056	30
1057	34
1058	32
1059	26
1060	36
1061	33
1062	25
1063	27
1064	33
1065	34
1066	37
1067	30
1068	31
1069	39
1070	28
1071	36
1072	38
1073	28
1074	38
1075	44
1076	29
1077	31
1078	29
1079	38
1080	40
1081	42
1082	32
1083	36
1084	38
1085	34
1086	32
1087	35
1088	30
1089	25
1090	23
1091	32
1092	28
1093	29
1094	40
1095	39
1096	27
1097	28
1098	36
1099	27
1100	31
1101	25
1102	21
1103	32
1104	23
1105	17
1106	30
1107	26
1108	37
1109	24
1110	42
1111	32
1112	31
1113	28
1114	33
1115	27
1116	29
1117	24
1118	30
1119	25
1120	25
1121	38
1122	34
1123	23
1124	25
1125	31
1126	36
1127	29
1128	29
1129	30
1130	25
1131	36
1132	39
1133	34
1134	33
1135	27
1136	29
1137	32
1138	28
1139	37
1140	32
1141	30
1142	32
1143	34
1144	26
1145	30
1146	24
1147	22
1148	24
1149	26
1150	42
1151	26
1152	29
1153	37
1154	27
1155	41
1156	26
1157	33
1158	41
1159	19
1160	34
1161	28
1162	28
1163	29
1164	23
1165	26
1166	38
1167	33
1168	24
1169	35
1170	26
1171	23
1172	22
1173	38
1174	22
1175	28
1176	32
1177	20
1178	36
1179	22
1180	25
1181	43
1182	21
1183	38
1184	16
1185	37
1186	28
1187	27
1188	29
1189	29
1190	35
1191	29
1192	24
1193	26
1194	31
1195	26
1196	29
1197	32
1198	24
1199	24
1200	29
1201	31
1202	35
1203	33
1204	22
1205	24
1206	24
1207	24
1208	22
1209	39
1210	21
1211	21
1212	24
1213	20
1214	33
1215	27
1216	19
1217	26
1218	28
1219	23
1220	20
1221	43
1222	17
1223	23
1224	27
1225	30
1226	19
1227	27
1228	26
1229	31
1230	29
1231	21
1232	26
1233	25
1234	18
1235	25
1236	32
1237	21
1238	16
1239	21
1240	20
1241	27
1242	23
1243	33
1244	22
1245	27
1246	18
1247	27
1248	32
1249	27
1250	25
1251	29
1252	22
1253	30
1254	19
1255	32
1256	30
1257	20
1258	20
1259	17
1260	21
1261	30
1262	25
1263	20
1264	22
1265	22
1266	19
1267	28
1268	28
1269	19
1270	27
1271	29
1272	23
1273	29
1274	29
1275	33
1276	22
1277	19
1278	33
1279	21
1280	22
1281	27
1282	38
1283	27
1284	26
1285	24
1286	30
1287	25
1288	14
1289	25
1290	28
1291	19
1292	25
1293	24
1294	29
1295	25
1296	28
1297	31
1298	26
1299	29
1300	31
1301	27
1302	18
1303	19
1304	23
1305	23
1306	24
1307	18
1308	25
1309	30
1310	25
1311	24
1312	31
1313	27
1314	22
1315	20
1316	24
1317	20
1318	24
1319	26
1320	27
1321	27
1322	20
1323	19
1324	28
1325	25
1326	25
1327	20
1328	19
1329	16
1330	20
1331	33
1332	17
1333	27
1334	26
1335	27
1336	23
1337	20
1338	29
1339	27
1340	25
1341	27
1342	16
1343	23
1344	25
1345	31
1346	24
1347	24
1348	27
1349	38
1350	18
1351	32
1352	25
1353	19
1354	24
1355	22
1356	17
1357	30
1358	29
1359	18
1360	18
1361	25
1362	33
1363	22
1364	27
1365	28
1366	31
1367	18
1368	28
1369	26
1370	30
1371	16
1372	24
1373	35
1374	27
1375	23
1376	35
1377	25
1378	28
1379	19
1380	11
1381	24
1382	22
1383	21
1384	17
1385	35
1386	22
1387	27
1388	27
1389	22
1390	28
1391	25
1392	23
1393	19
1394	27
1395	24
1396	25
1397	28
1398	25
1399	29
1400	13
1401	23
1402	20
1403	32
1404	14
1405	22
1406	31
1407	22
1408	18
1409	18
1410	26
1411	14
1412	19
1413	18
1414	23
1415	23
1416	26
1417	21
1418	29
1419	23
1420	25
1421	20
1422	33
1423	26
1424	33
1425	23
1426	17
1427	26
1428	23
1429	24
1430	28
1431	20
1432	26
1433	18
1434	30
1435	18
1436	22
1437	24
1438	18
1439	18
1440	30
1441	21
1442	29
1443	23
1444	31
1445	25
1446	17
1447	24
1448	26
1449	19
1450	25
1451	16
1452	33
1453	24
1454	27
1455	22
1456	23
1457	21
1458	22
1459	25
1460	24
1461	22
1462	21
1463	21
1464	19
1465	20
1466	22
1467	28
1468	19
1469	18
1470	24
1471	23
1472	23
1473	31
1474	25
1475	28
1476	16
1477	15
1478	27
1479	21
1480	32
1481	24
1482	22
1483	18
1484	30
1485	23
1486	20
1487	23
1488	17
1489	29
1490	20
1491	16
1492	25
1493	29
1494	18
1495	29
1496	31
1497	25
1498	24
1499	26
1500	30
1501	33
1502	23
1503	33
1504	27
1505	19
1506	27
1507	33
1508	21
1509	24
1510	23
1511	21
1512	30
1513	23
1514	25
1515	23
1516	23
1517	24
1518	19
1519	24
1520	20
1521	23
1522	30
1523	20
1524	26
1525	20
1526	24
1527	26
1528	25
1529	19
1530	26
1531	29
1532	19
1533	23
1534	28
1535	16
1536	18
1537	28
1538	26
1539	30
1540	19
1541	25
1542	20
1543	16
1544	21
1545	29
1546	15
1547	18
1548	24
1549	26
1550	22
1551	23
1552	23
1553	24
1554	32
1555	22
1556	22
1557	19
1558	22
1559	25
1560	28
1561	27
1562	27
1563	27
1564	19
1565	19
1566	23
1567	20
1568	35
1569	26
1570	26
1571	22
1572	23
1573	27
1574	24
1575	21
1576	21
1577	22
1578	32
1579	15
1580	22
1581	18
1582	17
1583	19
1584	24
1585	21
1586	24
1587	26
1588	20
1589	25
1590	23
1591	21
1592	20
1593	21
1594	19
1595	18
1596	22
1597	22
1598	17
1599	23
1600	16
1601	24
1602	19
1603	18
1604	21
1605	23
1606	29
1607	18
1608	14
1609	24
1610	19
1611	20
1612	24
1613	25
1614	16
1615	25
1616	21
1617	17
1618	26
1619	23
1620	14
1621	18
1622	20
1623	14
1624	15
1625	15
1626	21
1627	17
1628	20
1629	16
1630	22
1631	15
1632	25
1633	17
1634	18
1635	19
1636	13
1637	16
1638	11
1639	22
1640	13
1641	18
1642	17
1643	14
1644	13
1645	9
1646	13
1647	19
1648	22
1649	10
1650	23
1651	20
1652	12
1653	15
1654	16
1655	14
1656	18
1657	14
1658	9
1659	14
1660	13
1661	16
1662	21
1663	16
1664	12
1665	20
1666	10
1667	16
1668	24
1669	22
1670	17
1671	24
1672	16
1673	13
1674	13
1675	20
1676	20
1677	19
1678	13
1679	13
1680	14
1681	12
1682	16
1683	14
1684	11
1685	17
1686	11
1687	12
1688	13
1689	11
1690	12
1691	19
1692	14
1693	16
1694	16
1695	22
1696	22
1697	13
1698	11
1699	9
1700	14
1701	8
1702	15
1703	16
1704	12
1705	13
1706	15
1707	18
1708	12
1709	14
1710	10
1711	11
1712	18
1713	13
1714	19
1715	11
1716	9
1717	16
1718	13
1719	12
1720	9
1721	21
1722	9
1723	14
1724	16
1725	5
1726	13
1727	12
1728	17
1729	9
1730	17
1731	9
1732	5
1733	15
1734	13
1735	10
1736	12
1737	6
1738	14
1739	17
1740	17
1741	10
1742	12
1743	10
1744	10
1745	15
1746	11
1747	16
1748	14
1749	9
1750	9
1751	13
1752	16
1753	8
1754	18
1755	15
1756	7
1757	11
1758	12
1759	9
1760	7
1761	11
1762	10
1763	11
1764	15
1765	12
1766	12
1767	14
1768	10
1769	11
1770	7
1771	17
1772	9
1773	10
1774	9
1775	13
1776	9
1777	10
1778	6
1779	13
1780	11
1781	9
1782	10
1783	8
1784	11
1785	15
1786	11
1787	7
1788	8
1789	9
1790	14
1791	10
1792	11
1793	8
1794	13
1795	11
1796	9
1797	9
1798	13
1799	10
1800	5
1801	7
1802	14
1803	13
1804	14
1805	3
1806	11
1807	6
1808	14
1809	10
1810	10
1811	15
1812	8
1813	12
1814	7
1815	15
1816	15
1817	9
1818	10
1819	6
1820	11
1821	17
1822	8
1823	11
1824	10
1825	9
1826	12
1827	12
1828	5
1829	9
1830	6
1831	8
1832	6
1833	14
1834	11
1835	10
1836	12
1837	12
1838	8
1839	16
1840	9
1841	13
1842	7
1843	10
1844	12
1845	12
1846	5
1847	8
1848	12
1849	8
1850	12
1851	10
1852	6
1853	7
1854	7
1855	10
1856	10
1857	13
1858	10
1859	11
1860	6
1861	14
1862	11
1863	10
1864	4
1865	12
1866	11
1867	14
1868	10
1869	10
1870	10
1871	7
1872	11
1873	4
1874	14
1875	6
1876	11
1877	8
1878	12
1879	7
1880	11
1881	12
1882	4
1883	11
1884	14
1885	6
1886	10
1887	14
1888	9
1889	6
1890	8
1891	10
1892	10
1893	8
1894	9
1895	11
1896	11
1897	5
1898	5
1899	9
1900	15
1901	6
1902	9
1903	5
1904	7
1905	16
1906	10
1907	12
1908	9
1909	7
1910	10
1911	7
1912	8
1913	8
1914	5
1915	14
1916	8
1917	9
1918	7
1919	6
1920	7
1921	12
1922	4
1923	11
1924	9
1925	9
1926	7
1927	7
1928	6
1929	11
1930	8
1931	10
1932	10
1933	8
1934	8
1935	11
1936	14
1937	11
1938	12
1939	6
1940	9
1941	14
1942	9
1943	5
1944	12
1945	5
1946	12
1947	5
1948	10
1949	11
1950	12
1951	9
1952	4
1953	4
1954	10
1955	10
1956	10
1957	12
1958	10
1959	4
1960	12
1961	10
1962	8
1963	8
1964	6
1965	5
1966	9
1967	8
1968	6
1969	7
1970	4
1971	11
1972	3
1973	3
1974	12
1975	6
1976	8
1977	4
1978	6
1979	4
1980	5
1981	10
1982	7
1983	8
1984	4
1985	7
1986	7
1987	9
1988	6
1989	11
1990	7
1991	12
1992	11
1993	10
1994	12
1995	9
1996	7
1997	12
1998	9
1999	8
2000	11
2001	12
2002	10
2003	6
2004	10
2005	11
2006	13
2007	10
2008	9
2009	10
2010	10
2011	9
2012	16
2013	11
2014	6
2015	8
2016	8
2017	7
2018	5
2019	5
2020	3
2021	11
2022	7
2023	11
2024	4
2025	9
2026	6
2027	5
2028	11
2029	10
2030	3
2031	8
2032	7
2033	8
2034	7
2035	6
2036	9
2037	5
2038	6
2039	10
2040	8
2041	7
2042	5
2043	8
2044	8
2045	10
2046	15
2047	8
2048	4
2049	12
2050	12
2051	12
2052	17
2053	10
2054	5
2055	4
2056	4
2057	12
2058	5
2059	7
2060	13
2061	11
2062	3
2063	16
2064	6
2065	10
2066	8
2067	8
2068	6
2069	9
2070	4
2071	10
2072	7
2073	12
2074	4
2075	14
2076	4
2077	6
2078	10
2079	4
2080	6
2081	5
2082	8
2083	6
2084	10
2085	9
2086	8
2087	6
2088	13
2089	6
2090	6
2091	8
2092	13
2093	8
2094	7
2095	9
2096	8
2097	8
2098	11
2099	6
2100	9
2101	5
2102	3
2103	9
2104	11
2105	2
2106	10
2107	8
2108	13
2109	15
2110	8
2111	7
2112	7
2113	8
2114	6
2115	5
2116	7
2117	10
2118	10
2119	6
2120	6
2121	5
2122	5
2123	5
2124	8
2125	6
2126	7
2127	4
2128	11
2129	9
2130	5
2131	9
2132	10
2133	11
2134	13
2135	6
2136	9
2137	7
2138	3
2139	8
2140	16
2141	4
2142	10
2143	5
2144	5
2145	7
2146	9
2147	13
2148	8
2149	4
2150	11
2151	13
2152	8
2153	10
2154	9
2155	9
2156	7
2157	6
2158	11
2159	11
2160	8
2161	5
2162	8
2163	9
2164	7
2165	4
2166	11
2167	11
2168	10
2169	11
2170	5
2171	6
2172	4
2173	10
2174	6
2175	5
2176	4
2177	4
2178	10
2179	2
2180	6
2181	8
2182	8
2183	11
2184	8
2185	5
2186	6
2187	4
2188	11
2189	6
2190	7
2191	4
2192	6
2193	9
2194	5
2195	7
2196	7
2197	9
2198	12
2199	10
2200	8
2201	9
2202	4
2203	9
2204	8
2205	7
2206	8
2207	4
2208	8
2209	7
2210	5
2211	10
2212	14
2213	12
2214	6
2215	3
2216	6
2217	6
2218	8
2219	6
2220	5
2221	9
2222	9
2223	5
2224	6
2225	8
2226	10
2227	9
2228	10
2229	4
2230	7
2231	11
2232	10
2233	8
2234	5
2235	6
2236	7
2237	7
2238	7
2239	5
2240	9
2241	3
2242	6
2243	12
2244	8
2245	7
2246	9
2247	8
2248	6
2249	10
2250	7
2251	9
2252	9
2253	8
2254	6
2255	7
2256	5
2257	5
2258	6
2259	7
2260	10
2261	5
2262	13
2263	7
2264	7
2265	7
2266	4
2267	7
2268	13
2269	3
2270	13
2271	8
2272	13
2273	9
2274	8
2275	8
2276	6
2277	6
2278	4
2279	14
2280	8
2281	8
2282	4
2283	7
2284	8
2285	8
2286	11
2287	5
2288	7
2289	4
2290	10
2291	9
2292	12
2293	8
2294	10
2295	5
2296	10
2297	7
2298	8
2299	7
2300	6
2301	4
2302	6
2303	8
2304	8
2305	6
2306	7
2307	11
2308	10
2309	6
2310	8
2311	3
2312	8
2313	9
2314	13
2315	7
2316	14
2317	7
2318	8
2319	5
2320	7
2321	9
2322	8
2323	6
2324	13
2325	14
2326	5
2327	9
2328	11
2329	7
2330	12
2331	9
2332	11
2333	8
2334	13
2335	9
2336	9
2337	14
2338	5
2339	7
2340	12
2341	7
2342	11
2343	5
2344	12
2345	9
2346	11
2347	10
2348	12
2349	9
2350	9
2351	10
2352	11
2353	7
2354	12
2355	10
2356	14
2357	13
2358	7
2359	12
2360	11
2361	10
2362	8
2363	11
2364	8
2365	13
2366	9
2367	14
2368	8
2369	12
2370	14
2371	18
2372	24
2373	13
2374	9
2375	12
2376	8
2377	24
2378	17
2379	11
2380	10
2381	17
2382	8
2383	11
2384	11
2385	16
2386	11
2387	16
2388	17
2389	20
2390	18
2391	18
2392	11
2393	22
2394	18
2395	17
2396	23
2397	22
2398	21
2399	16
2400	16
2401	17
2402	24
2403	25
2404	27
2405	24
2406	12
2407	17
2408	32
2409	19
2410	25
2411	27
2412	20
2413	22
2414	29
2415	18
2416	25
2417	34
2418	28
2419	28
2420	39
2421	26
2422	25
2423	29
2424	27
2425	29
2426	34
2427	40
2428	27
2429	33
2430	31
2431	29
2432	36
2433	32
2434	38
2435	31
2436	38
2437	39
2438	41
2439	28
2440	31
2441	42
2442	42
2443	32
2444	48
2445	39
2446	48
2447	44
2448	50
2449	48
2450	53
2451	34
2452	44
2453	49
2454	47
2455	51
2456	49
2457	54
2458	52
2459	53
2460	56
2461	45
2462	56
2463	55
2464	57
2465	75
2466	70
2467	63
2468	63
2469	67
2470	48
2471	67
2472	51
2473	60
2474	68
2475	72
2476	81
2477	56
2478	65
2479	69
2480	68
2481	61
2482	67
2483	81
2484	58
2485	72
2486	78
2487	69
2488	80
2489	92
2490	82
2491	74
2492	94
2493	90
2494	71
2495	80
2496	83
2497	81
2498	80
2499	81
2500	77
2501	101
2502	87
2503	92
2504	85
2505	96
2506	89
2507	95
2508	89
2509	97
2510	97
2511	101
2512	110
2513	119
2514	100
2515	103
2516	106
2517	102
2518	112
2519	114
2520	122
2521	100
2522	103
2523	111
2524	124
2525	103
2526	114
2527	108
2528	107
2529	101
2530	117
2531	120
2532	118
2533	110
2534	106
2535	118
2536	139
2537	126
2538	137
2539	138
2540	126
2541	120
2542	167
2543	116
2544	132
2545	131
2546	144
2547	124
2548	137
2549	132
2550	130
2551	159
2552	149
2553	136
2554	129
2555	144
2556	146
2557	136
2558	162
2559	128
2560	142
2561	157
2562	129
2563	142
2564	143
2565	164
2566	151
2567	158
2568	132
2569	146
2570	133
2571	140
2572	184
2573	145
2574	148
2575	150
2576	133
2577	167
2578	146
2579	147
2580	170
2581	136
2582	155
2583	154
2584	143
2585	151
2586	173
2587	159
2588	128
2589	158
2590	123
2591	157
2592	153
2593	121
2594	147
2595	156
2596	160
2597	145
2598	150
2599	141
2600	157
2601	148
2602	142
2603	141
2604	164
2605	169
2606	142
2607	160
2608	149
2609	156
2610	158
2611	130
2612	131
2613	171
2614	154
2615	161
2616	156
2617	136
2618	132
2619	131
2620	143
2621	162
2622	135
2623	148
2624	149
2625	148
2626	148
2627	111
2628	146
2629	133
2630	134
2631	173
2632	153
2633	140
2634	155
2635	135
2636	136
2637	120
2638	152
2639	138
2640	128
2641	115
2642	150
2643	107
2644	129
2645	122
2646	122
2647	98
2648	126
2649	133
2650	113
2651	105
2652	135
2653	107
2654	121
2655	110
2656	114
2657	114
2658	119
2659	110
2660	101
2661	115
2662	110
2663	91
2664	94
2665	119
2666	104
2667	104
2668	114
2669	101
2670	91
2671	110
2672	101
2673	105
2674	104
2675	90
2676	86
2677	95
2678	79
2679	92
2680	90
2681	84
2682	71
2683	91
2684	88
2685	78
2686	90
2687	87
2688	75
2689	68
2690	77
2691	70
2692	69
2693	93
2694	70
2695	69
2696	75
2697	65
2698	82
2699	75
2700	82
2701	78
2702	65
2703	62
2704	55
2705	65
2706	73
2707	71
2708	53
2709	49
2710	50
2711	63
2712	59
2713	73
2714	59
2715	59
2716	52
2717	57
2718	46
2719	51
2720	52
2721	47
2722	51
2723	56
2724	59
2725	49
2726	52
2727	39
2728	51
2729	44
2730	36
2731	43
2732	50
2733	29
2734	37
2735	39
2736	39
2737	40
2738	32
2739	32
2740	44
2741	32
2742	39
2743	32
2744	32
2745	29
2746	32
2747	33
2748	26
2749	29
2750	26
2751	17
2752	29
2753	24
2754	27
2755	23
2756	25
2757	23
2758	27
2759	24
2760	29
2761	23
2762	21
2763	25
2764	28
2765	23
2766	23
2767	23
2768	27
2769	24
2770	14
2771	23
2772	20
2773	20
2774	14
2775	18
2776	10
2777	18
2778	19
2779	15
2780	24
2781	13
2782	13
2783	23
2784	18
2785	9
2786	8
2787	11
2788	10
2789	11
2790	6
2791	13
2792	7
2793	12
2794	18
2795	17
2796	12
2797	6
2798	8
2799	12
2800	7
2801	16
2802	7
2803	8
2804	14
2805	12
2806	11
2807	21
2808	5
2809	9
2810	12
2811	9
2812	9
2813	8
2814	8
2815	8
2816	6
2817	9
2818	12
2819	12
2820	9
2821	8
2822	10
2823	5
2824	4
2825	10
2826	4
2827	8
2828	8
2829	10
2830	7
2831	2
2832	7
2833	7
2834	2
2835	5
2836	6
2837	6
2838	4
2839	7
2840	8
2841	9
2842	5
2843	4
2844	6
2845	8
2846	6
2847	8
2848	3
2849	5
2850	3
2851	7
2852	4
2853	5
2854	4
2855	4
2856	6
2857	3
2858	6
2859	2
2860	6
2861	4
2862	10
2863	2
2864	6
2865	4
2866	3
2867	6
2868	6
2869	4
2870	5
2871	4
2872	3
2873	7
2874	4
2875	2
2876	2
2877	5
2878	10
2879	7
2880	4
2881	6
2882	5
2883	4
2884	7
2885	6
2886	8
2887	6
2888	5
2889	5
2890	3
2891	5
2892	6
2893	3
2894	5
2895	3
2896	2
2897	8
2898	4
2899	3
2900	7
2901	5
2902	7
2903	3
2904	5
2905	4
2906	2
2907	2
2908	4
2909	6
2910	3
2911	3
2912	6
2913	4
2914	4
2915	5
2916	4
2917	1
2918	8
2919	5
2920	6
2921	3
2922	3
2923	8
2924	5
2925	5
2926	4
2927	1
2928	4
2929	1
2930	6
2931	3
2932	5
2933	6
2934	2
2935	4
2936	7
2937	4
2938	5
2939	4
2940	6
2941	3
2942	5
2943	5
2944	5
2945	3
2946	5
2947	6
2948	2
2949	3
2950	5
2951	6
2952	8
2953	4
2954	8
2955	1
2956	7
2957	6
2958	4
2959	4
2960	3
2961	8
2962	6
2963	4
2964	3
2965	8
2966	1
2967	8
2968	5
2969	5
2970	1
2971	4
2972	6
2973	2
2974	2
2975	5
2976	5
2977	8
2978	3
2979	5
2980	3
2981	5
2982	4
2983	3
2984	3
2985	3
2986	6
2987	10
2988	6
2989	8
2990	4
2991	4
2992	8
2993	2
2994	5
2995	3
2996	6
2997	3
2998	5
2999	5
3000	5
3001	7
3002	6
3003	5
3004	7
3005	5
3006	4
3007	3
3008	0
3009	6
3010	5
3011	6
3012	7
3013	7
3014	7
3015	1
3016	9
3017	8
3018	3
3019	1
3020	6
3021	5
3022	5
3023	3
3024	3
3025	4
3026	3
3027	5
3028	4
3029	5
3030	4
3031	0
3032	3
3033	3
3034	3
3035	4
3036	8
3037	4
3038	7
3039	7
3040	5
3041	5
3042	3
3043	4
3044	6
3045	3
3046	4
3047	2
3048	7
3049	3
3050	3
3051	6
3052	6
3053	3
3054	8
3055	6
3056	5
3057	5
3058	8
3059	5
3060	7
3061	6
3062	8
3063	8
3064	3
3065	5
3066	8
3067	7
3068	3
3069	11
3070	4
3071	2
3072	8
3073	7
3074	8
3075	7
3076	5
3077	3
3078	3
3079	8
3080	6
3081	5
3082	11
3083	8
3084	4
3085	3
3086	6
3087	6
3088	5
3089	5
3090	4
3091	4
3092	6
3093	11
3094	2
3095	4
3096	4
3097	4
3098	1
3099	4
3100	7
3101	7
3102	6
3103	4
3104	6
3105	7
3106	6
3107	8
3108	7
3109	3
3110	6
3111	5
3112	5
3113	0
3114	3
3115	6
3116	3
3117	3
3118	1
3119	3
3120	5
3121	8
3122	6
3123	2
3124	6
3125	4
3126	7
3127	3
3128	7
3129	3
3130	6
3131	5
3132	6
3133	7
3134	5
3135	2
3136	6
3137	5
3138	2
3139	4
3140	5
3141	7
3142	7
3143	6
3144	7
3145	1
3146	3
3147	6
3148	3
3149	1
3150	7
3151	5
3152	4
3153	7
3154	8
3155	6
3156	4
3157	3
3158	2
3159	4
3160	6
3161	3
3162	2
3163	2
3164	4
3165	4
3166	5
3167	4
3168	1
3169	1
3170	4
3171	4
3172	10
3173	8
3174	2
3175	4
3176	11
3177	1
3178	3
3179	3
3180	4
3181	2
3182	4
3183	2
3184	4
3185	5
3186	4
3187	1
3188	3
3189	5
3190	4
3191	2
3192	4
3193	4
3194	5
3195	3
3196	4
3197	3
3198	4
3199	5
3200	10
3201	5
3202	6
3203	0
3204	7
3205	7
3206	3
3207	2
3208	3
3209	5
3210	3
3211	3
3212	5
3213	13
3214	3
3215	4
3216	3
3217	10
3218	3
3219	4
3220	5
3221	4
3222	6
3223	4
3224	3
3225	1
3226	3
3227	2
3228	3
3229	5
3230	6
3231	4
3232	6
3233	7
3234	4
3235	6
3236	3
3237	0
3238	7
3239	2
3240	5
3241	2
3242	10
3243	2
3244	6
3245	2
3246	3
3247	8
3248	6
3249	1
3250	4
3251	3
3252	6
3253	4
3254	5
3255	4
3256	1
3257	2
3258	5
3259	6
3260	7
3261	3
3262	4
3263	4
3264	3
3265	6
3266	3
3267	0
3268	5
3269	5
3270	3
3271	1
3272	7
3273	4
3274	9
3275	7
3276	4
3277	5
3278	7
3279	6
3280	4
3281	3
3282	5
3283	8
3284	3
3285	4
3286	6
3287	5
3288	3
3289	5
3290	1
3291	7
3292	6
3293	8
3294	9
3295	1
3296	2
3297	5
3298	2
3299	8
3300	8
3301	6
3302	6
3303	4
3304	2
3305	4
3306	1
3307	6
3308	2
3309	5
3310	5
3311	0
3312	5
3313	5
3314	6
3315	4
3316	4
3317	3
3318	6
3319	5
3320	3
3321	7
3322	5
3323	7
3324	6
3325	5
3326	8
3327	3
3328	8
3329	5
3330	8
3331	6
3332	2
3333	4
3334	4
3335	5
3336	7
3337	4
3338	2
3339	5
3340	1
3341	6
3342	1
3343	4
3344	3
3345	4
3346	4
3347	2
3348	4
3349	1
3350	5
3351	3
3352	6
3353	7
3354	5
3355	4
3356	8
3357	7
3358	4
3359	9
3360	2
3361	4
3362	7
3363	4
3364	5
3365	6
3366	9
3367	2
3368	5
3369	10
3370	7
3371	5
3372	9
3373	7
3374	7
3375	6
3376	4
3377	4
3378	4
3379	4
3380	5
3381	7
3382	5
3383	6
3384	7
3385	1
3386	4
3387	7
3388	0
3389	3
3390	9
3391	2
3392	6
3393	4
3394	5
3395	2
3396	5
3397	5
3398	7
3399	4
3400	5
3401	6
3402	4
3403	5
3404	5
3405	5
3406	1
3407	10
3408	8
3409	8
3410	2
3411	3
3412	5
3413	4
3414	4
3415	3
3416	5
3417	3
3418	4
3419	3
3420	4
3421	9
3422	5
3423	3
3424	6
3425	0
3426	4
3427	4
3428	4
3429	6
3430	6
3431	3
3432	4
3433	7
3434	4
3435	9
3436	12
3437	10
3438	8
3439	7
3440	9
3441	4
3442	7
3443	9
3444	12
3445	6
3446	2
3447	6
3448	5
3449	9
3450	7
3451	7
3452	5
3453	4
3454	6
3455	9
3456	6
3457	7
3458	5
3459	6
3460	10
3461	2
3462	3
3463	3
3464	3
3465	5
3466	6
3467	5
3468	8
3469	5
3470	2
3471	8
3472	6
3473	7
3474	4
3475	8
3476	6
3477	1
3478	7
3479	2
3480	3
3481	9
3482	5
3483	8
3484	6
3485	6
3486	2
3487	3
3488	4
3489	4
3490	8
3491	3
3492	7
3493	5
3494	7
3495	8
3496	8
3497	8
3498	3
3499	7
3500	9
3501	1
3502	8
3503	7
3504	6
3505	6
3506	7
3507	2
3508	5
3509	6
3510	10
3511	5
3512	10
3513	5
3514	9
3515	10
3516	7
3517	4
3518	5
3519	6
3520	6
3521	6
3522	10
3523	6
3524	3
3525	10
3526	9
3527	5
3528	3
3529	6
3530	2
3531	8
3532	9
3533	8
3534	8
3535	6
3536	7
3537	3
3538	5
3539	8
3540	7
3541	7
3542	10
3543	5
3544	5
3545	12
3546	7
3547	7
3548	10
3549	4
3550	5
3551	7
3552	4
3553	1
3554	4
3555	7
3556	9
3557	9
3558	8
3559	9
3560	8
3561	5
3562	7
3563	5
3564	5
3565	4
3566	9
3567	9
3568	7
3569	8
3570	8
3571	1
3572	4
3573	7
3574	7
3575	6
3576	7
3577	4
3578	10
3579	8
3580	6
3581	6
3582	7
3583	11
3584	6
3585	5
3586	8
3587	4
3588	4
3589	4
3590	7
3591	8
3592	6
3593	7
3594	4
3595	4
3596	5
3597	7
3598	10
3599	4
3600	1
3601	7
3602	3
3603	7
3604	7
3605	7
3606	6
3607	2
3608	9
3609	4
3610	6
3611	8
3612	3
3613	3
3614	13
3615	3
3616	4
3617	8
3618	7
3619	7
3620	11
3621	9
3622	5
3623	4
3624	3
3625	6
3626	8
3627	8
3628	9
3629	8
3630	5
3631	5
3632	9
3633	8
3634	10
3635	7
3636	7
3637	2
3638	6
3639	6
3640	5
3641	0
3642	5
3643	2
3644	9
3645	11
3646	5
3647	7
3648	5
3649	4
3650	9
3651	8
3652	5
3653	8
3654	4
3655	14
3656	8
3657	4
3658	5
3659	6
3660	7
3661	4
3662	5
3663	3
3664	5
3665	5
3666	1
3667	8
3668	8
3669	7
3670	13
3671	5
3672	6
3673	6
3674	3
3675	9
3676	7
3677	6
3678	6
3679	5
3680	8
3681	5
3682	6
3683	8
3684	4
3685	8
3686	4
3687	7
3688	8
3689	5
3690	7
3691	9
3692	9
3693	6
3694	11
3695	2
3696	6
3697	4
3698	7
3699	3
3700	10
3701	9
3702	6
3703	5
3704	9
3705	9
3706	5
3707	4
3708	6
3709	10
3710	12
3711	6
3712	3
3713	9
3714	6
3715	7
3716	10
3717	8
3718	7
3719	7
3720	3
3721	4
3722	6
3723	6
3724	8
3725	10
3726	7
3727	6
3728	5
3729	12
3730	4
3731	7
3732	8
3733	6
3734	5
3735	7
3736	5
3737	7
3738	9
3739	9
3740	3
3741	6
3742	6
3743	2
3744	5
3745	8
3746	8
3747	5
3748	11
3749	5
3750	6
3751	4
3752	7
3753	1
3754	5
3755	7
3756	5
3757	5
3758	4
3759	8
3760	5
3761	9
3762	6
3763	13
3764	4
3765	5
3766	1
3767	7
3768	8
3769	5
3770	5
3771	3
3772	8
3773	10
3774	7
3775	5
3776	6
3777	1
3778	9
3779	8
3780	6
3781	2
3782	7
3783	11
3784	7
3785	2
3786	8
3787	6
3788	2
3789	5
3790	3
3791	9
3792	10
3793	5
3794	5
3795	6
3796	3
3797	2
3798	2
3799	9
3800	7
3801	6
3802	14
3803	9
3804	6
3805	8
3806	7
3807	5
3808	6
3809	6
3810	5
3811	5
3812	7
3813	4
3814	8
3815	5
3816	3
3817	8
3818	5
3819	3
3820	2
3821	8
3822	3
3823	6
3824	2
3825	6
3826	2
3827	7
3828	6
3829	4
3830	4
3831	2
3832	4
3833	8
3834	5
3835	8
3836	4
3837	7
3838	6
3839	9
3840	2
3841	3
3842	5
3843	3
3844	4
3845	6
3846	7
3847	7
3848	5
3849	5
3850	9
3851	6
3852	3
3853	3
3854	4
3855	3
3856	4
3857	3
3858	6
3859	4
3860	5
3861	5
3862	1
3863	6
3864	4
3865	5
3866	9
3867	8
3868	6
3869	8
3870	2
3871	6
3872	1
3873	7
3874	8
3875	4
3876	6
3877	6
3878	3
3879	6
3880	4
3881	3
3882	4
3883	10
3884	6
3885	3
3886	4
3887	4
3888	5
3889	5
3890	9
3891	4
3892	7
3893	3
3894	7
3895	6
3896	3
3897	10
3898	6
3899	7
3900	7
3901	3
3902	7
3903	2
3904	9
3905	3
3906	4
3907	7
3908	13
3909	6
3910	6
3911	6
3912	9
3913	10
3914	2
3915	11
3916	8
3917	6
3918	4
3919	6
3920	5
3921	1
3922	5
3923	3
3924	4
3925	4
3926	1
3927	4
3928	4
3929	3
3930	3
3931	4
3932	3
3933	3
3934	8
3935	4
3936	9
3937	5
3938	7
3939	6
3940	5
3941	11
3942	4
3943	5
3944	3
3945	7
3946	4
3947	9
3948	2
3949	6
3950	5
3951	4
3952	4
3953	8
3954	5
3955	3
3956	6
3957	2
3958	8
3959	3
3960	3
3961	10
3962	9
3963	3
3964	0
3965	5
3966	8
3967	3
3968	8
3969	5
3970	9
3971	4
3972	4
3973	5
3974	1
3975	5
3976	6
3977	2
3978	3
3979	3
3980	6
3981	6
3982	5
3983	5
3984	4
3985	5
3986	2
3987	3
3988	7
3989	3
3990	1
3991	7
3992	4
3993	6
3994	6
3995	2
3996	3
3997	5
3998	3
3999	6
4000	6
4001	6
4002	7
4003	7
4004	7
4005	3
4006	5
4007	8
4008	4
4009	2
4010	2
4011	4
4012	4
4013	3
4014	3
4015	3
4016	9
4017	7
4018	4
4019	6
4020	7
4021	4
4022	5
4023	5
4024	2
4025	7
4026	11
4027	4
4028	2
4029	1
4030	4
4031	3
4032	6
4033	7
4034	4
4035	4
4036	4
4037	4
4038	4
4039	6
4040	2
4041	5
4042	11
4043	3
4044	3
4045	2
4046	1
4047	1
4048	7
4049	10
4050	4
4051	4
4052	3
4053	3
4054	8
4055	5
4056	4
4057	5
4058	5
4059	8
4060	9
4061	7
4062	6
4063	1
4064	4
4065	4
4066	7
4067	1
4068	6
4069	4
4070	3
4071	0
4072	4
4073	1
4074	8
4075	7
4076	5
4077	3
4078	6
4079	7
4080	3
4081	2
4082	5
4083	3
4084	4
4085	5
4086	2
4087	3
4088	3
4089	6
4090	3
4091	7
4092	5
4093	5
4094	3
4095	3
4096	2
4097	3
4098	2
4099	3
4100	2
4101	1
4102	3
4103	7
4104	6
4105	5
4106	3
4107	6
4108	8
4109	6
4110	3
4111	2
4112	3
4113	5
4114	4
4115	6
4116	6
4117	10
4118	3
4119	4
4120	5
4121	2
4122	10
4123	4
4124	2
4125	5
4126	2
4127	5
4128	10
4129	4
4130	3
4131	4
4132	4
4133	5
4134	5
4135	6
4136	2
4137	11
4138	2
4139	4
4140	2
4141	4
4142	4
4143	5
4144	7
4145	2
4146	6
4147	5
4148	4
4149	6
4150	5
4151	4
4152	4
4153	1
4154	2
4155	6
4156	6
4157	6
4158	3
4159	7
4160	6
4161	6
4162	8
4163	7
4164	4
4165	6
4166	4
4167	1
4168	4
4169	7
4170	1
4171	5
4172	5
4173	7
4174	3
4175	8
4176	6
4177	5
4178	2
4179	5
4180	5
4181	4
4182	4
4183	3
4184	11
4185	3
4186	7
4187	2
4188	1
4189	1
4190	3
4191	6
4192	5
4193	6
4194	8
4195	4
4196	4
4197	9
4198	1
4199	4
4200	2
4201	5
4202	9
4203	6
4204	4
4205	7
4206	0
4207	2
4208	10
4209	1
4210	5
4211	2
4212	1
4213	6
4214	5
4215	3
4216	4
4217	7
4218	4
4219	5
4220	5
4221	3
4222	2
4223	7
4224	9
4225	6
4226	2
4227	5
4228	4
4229	8
4230	4
4231	5
4232	2
4233	6
4234	3
4235	4
4236	2
4237	4
4238	1
4239	2
4240	3
4241	2
4242	5
4243	2
4244	3
4245	0
4246	3
4247	6
4248	3
4249	3
4250	3
4251	9
4252	5
4253	5
4254	9
4255	4
4256	8
4257	2
4258	3
4259	6
4260	3
4261	2
4262	7
4263	6
4264	7
4265	7
4266	7
4267	6
4268	8
4269	3
4270	2
4271	3
4272	7
4273	4
4274	2
4275	9
4276	0
4277	2
4278	4
4279	0
4280	2
4281	8
4282	2
4283	6
4284	3
4285	6
4286	2
4287	7
4288	4
4289	7
4290	2
4291	5
4292	4
4293	3
4294	2
4295	1
4296	3
4297	2
4298	6
4299	5
4300	4
4301	4
4302	4
4303	8
4304	2
4305	5
4306	6
4307	3
4308	4
4309	7
4310	4
4311	4
4312	5
4313	1
4314	2
4315	5
4316	0
4317	4
4318	3
4319	2
4320	3
4321	8
4322	4
4323	3
4324	8
4325	3
4326	2
4327	3
4328	3
4329	4
4330	4
4331	4
4332	4
4333	2
4334	5
4335	3
4336	5
4337	0
4338	6
4339	2
4340	7
4341	1
4342	2
4343	2
4344	4
4345	4
4346	4
4347	7
4348	9
4349	9
4350	3
4351	3
4352	1
4353	4
4354	4
4355	7
4356	2
4357	6
4358	3
4359	7
4360	3
4361	2
4362	3
4363	7
4364	5
4365	7
4366	6
4367	8
4368	1
4369	1
4370	4
4371	6
4372	3
4373	7
4374	3
4375	1
4376	5
4377	3
4378	7
4379	4
4380	3
4381	5
4382	5
4383	6
4384	7
4385	6
4386	5
4387	3
4388	4
4389	4
4390	1
4391	4
4392	6
4393	3
4394	4
4395	2
4396	8
4397	3
4398	3
4399	3
4400	9
4401	8
4402	5
4403	1
4404	2
4405	7
4406	7
4407	3
4408	7
4409	4
4410	2
4411	3
4412	6
4413	2
4414	4
4415	5
4416	1
4417	3
4418	8
4419	3
4420	1
4421	4
4422	9
4423	4
4424	7
4425	4
4426	9
4427	5
4428	7
4429	2
4430	1
4431	4
4432	3
4433	5
4434	6
4435	3
4436	0
4437	6
4438	2
4439	1
4440	3
4441	8
4442	4
4443	8
4444	4
4445	4
4446	3
4447	6
4448	5
4449	1
4450	1
4451	7
4452	5
4453	1
4454	5
4455	4
4456	4
4457	2
4458	3
4459	5
4460	2
4461	3
4462	4
4463	7
4464	3
4465	4
4466	2
4467	2
4468	12
4469	5
4470	6
4471	4
4472	0
4473	4
4474	4
4475	4
4476	5
4477	4
4478	3
4479	7
4480	4
4481	6
4482	4
4483	5
4484	5
4485	4
4486	6
4487	3
4488	5
4489	3
4490	3
4491	4
4492	5
4493	5
4494	5
4495	0
4496	3
4497	5
4498	4
4499	4
4500	9
4501	3
4502	4
4503	10
4504	7
4505	6
4506	5
4507	6
4508	4
4509	7
4510	7
4511	5
4512	6
4513	4
4514	2
4515	5
4516	2
4517	5
4518	3
4519	5
4520	5
4521	11
4522	3
4523	0
4524	6
4525	9
4526	3
4527	3
4528	3
4529	7
4530	4
4531	7
4532	3
4533	2
4534	5
4535	4
4536	4
4537	5
4538	5
4539	5
4540	6
4541	3
4542	3
4543	3
4544	4
4545	7
4546	2
4547	6
4548	3
4549	5
4550	4
4551	4
4552	3
4553	2
4554	2
4555	7
4556	6
4557	3
4558	2
4559	10
4560	4
4561	3
4562	8
4563	4
4564	8
4565	3
4566	4
4567	5
4568	2
4569	7
4570	5
4571	5
4572	8
4573	7
4574	4
4575	3
4576	2
4577	7
4578	6
4579	6
4580	4
4581	8
4582	3
4583	5
4584	5
4585	4
4586	6
4587	9
4588	7
4589	8
4590	6
4591	2
4592	6
4593	8
4594	5
4595	5
4596	5
4597	6
4598	4
4599	5
4600	7
4601	4
4602	5
4603	7
4604	5
4605	7
4606	3
4607	3
4608	7
4609	2
4610	3
4611	3
4612	6
4613	3
4614	3
4615	5
4616	2
4617	6
4618	5
4619	4
4620	5
4621	7
4622	7
4623	1
4624	5
4625	5
4626	6
4627	9
4628	3
4629	3
4630	6
4631	2
4632	3
4633	5
4634	3
4635	5
4636	0
4637	2
4638	4
4639	3
4640	7
4641	5
4642	0
4643	5
4644	4
4645	5
4646	8
4647	4
4648	4
4649	7
4650	2
4651	7
4652	4
4653	4
4654	6
4655	5
4656	3
4657	4
4658	5
4659	3
4660	2
4661	6
4662	4
4663	0
4664	2
4665	4
4666	5
4667	3
4668	7
4669	4
4670	6
4671	9
4672	8
4673	4
4674	7
4675	9
4676	3
4677	4
4678	8
4679	5
4680	4
4681	6
4682	8
4683	3
4684	9
4685	4
4686	7
4687	5
4688	3
4689	6
4690	4
4691	5
4692	3
4693	2
4694	8
4695	3
4696	6
4697	6
4698	4
4699	7
4700	4
4701	8
4702	5
4703	6
4704	4
4705	3
4706	8
4707	4
4708	3
4709	6
4710	9
4711	4
4712	4
4713	5
4714	4
4715	4
4716	2
4717	6
4718	4
4719	6
4720	4
4721	6
4722	3
4723	4
4724	5
4725	4
4726	3
4727	5
4728	4
4729	1
4730	2
4731	7
4732	6
4733	4
4734	9
4735	5
4736	6
4737	7
4738	5
4739	5
4740	3
4741	3
4742	3
4743	7
4744	7
4745	7
4746	3
4747	4
4748	6
4749	8
4750	4
4751	4
4752	5
4753	5
4754	7
4755	3
4756	8
4757	3
4758	3
4759	8
4760	4
4761	2
4762	4
4763	4
4764	5
4765	4
4766	2
4767	3
4768	5
4769	6
4770	3
4771	3
4772	3
4773	6
4774	5
4775	3
4776	3
4777	1
4778	2
4779	8
4780	5
4781	6
4782	5
4783	2
4784	5
4785	7
4786	1
4787	5
4788	2
4789	4
4790	2
4791	5
4792	8
4793	9
4794	3
4795	3
4796	9
4797	6
4798	4
4799	6
4800	4
4801	6
4802	2
4803	6
4804	5
4805	4
4806	3
4807	6
4808	5
4809	3
4810	4
4811	6
4812	4
4813	6
4814	7
4815	1
4816	6
4817	6
4818	7
4819	6
4820	5
4821	2
4822	5
4823	4
4824	9
4825	5
4826	5
4827	8
4828	7
4829	4
4830	7
4831	5
4832	6
4833	2
4834	3
4835	4
4836	1
4837	5
4838	5
4839	2
4840	9
4841	8
4842	0
4843	3
4844	6
4845	5
4846	5
4847	8
4848	5
4849	1
4850	1
4851	6
4852	6
4853	7
4854	6
4855	4
4856	3
4857	5
4858	4
4859	3
4860	4
4861	11
4862	3
4863	5
4864	5
4865	5
4866	0
4867	1
4868	8
4869	6
4870	6
4871	5
4872	3
4873	4
4874	3
4875	2
4876	3
4877	3
4878	4
4879	8
4880	5
4881	3
4882	7
4883	6
4884	5
4885	3
4886	7
4887	2
4888	4
4889	3
4890	4
4891	5
4892	7
4893	6
4894	1
4895	0
4896	5
4897	3
4898	4
4899	7
4900	2
4901	6
4902	5
4903	7
4904	3
4905	1
4906	3
4907	4
4908	4
4909	7
4910	7
4911	6
4912	7
4913	1
4914	5
4915	7
4916	4
4917	2
4918	6
4919	9
4920	4
4921	3
4922	6
4923	3
4924	5
4925	5
4926	4
4927	3
4928	4
4929	2
4930	6
4931	7
4932	9
4933	3
4934	2
4935	2
4936	5
4937	7
4938	5
4939	7
4940	8
4941	5
4942	6
4943	6
4944	4
4945	4
4946	4
4947	6
4948	4
4949	7
4950	4
4951	6
4952	5
4953	9
4954	3
4955	6
4956	7
4957	12
4958	2
4959	5
4960	5
4961	6
4962	4
4963	7
4964	3
4965	7
4966	8
4967	5
4968	5
4969	3
4970	4
4971	6
4972	3
4973	7
4974	4
4975	6
4976	2
4977	7
4978	9
4979	7
4980	2
4981	6
4982	1
4983	2
4984	1
4985	4
4986	7
4987	3
4988	4
4989	5
4990	6
4991	2
4992	4
4993	6
4994	3
4995	6
4996	5
4997	9
4998	5
4999	4
5000	3
5001	8
5002	5
5003	3
5004	2
5005	4
5006	5
5007	3
5008	8
5009	9
5010	3
5011	9
5012	5
5013	7
5014	7
5015	4
5016	2
5017	4
5018	12
5019	3
5020	2
5021	4
5022	6
5023	4
5024	5
5025	11
5026	8
5027	4
5028	5
5029	3
5030	2
5031	5
5032	6
5033	0
5034	3
5035	6
5036	4
5037	2
5038	5
5039	1
5040	3
5041	1
5042	4
5043	7
5044	10
5045	2
5046	3
5047	3
5048	3
5049	4
5050	7
5051	5
5052	3
5053	9
5054	9
5055	4
5056	5
5057	6
5058	6
5059	5
5060	6
5061	6
5062	4
5063	7
5064	8
5065	7
5066	4
5067	3
5068	7
5069	6
5070	5
5071	3
5072	6
5073	4
5074	4
5075	3
5076	1
5077	6
5078	6
5079	2
5080	3
5081	6
5082	5
5083	8
5084	4
5085	5
5086	4
5087	3
5088	6
5089	3
5090	5
5091	4
5092	5
5093	4
5094	6
5095	5
5096	5
5097	3
5098	5
5099	4
5100	3
5101	3
5102	5
5103	4
5104	2
5105	7
5106	6
5107	6
5108	8
5109	4
5110	8
5111	1
5112	3
5113	3
5114	8
5115	6
5116	4
5117	8
5118	3
5119	3
5120	8
5121	7
5122	1
5123	3
5124	3
5125	6
5126	6
5127	2
5128	8
5129	5
5130	7
5131	6
5132	2
5133	7
5134	7
5135	2
5136	1
5137	4
5138	5
5139	4
5140	5
5141	3
5142	4
5143	7
5144	4
5145	4
5146	9
5147	4
5148	9
5149	3
5150	5
5151	5
5152	5
5153	4
5154	6
5155	6
5156	6
5157	5
5158	4
5159	7
5160	6
5161	4
5162	4
5163	6
5164	8
5165	6
5166	8
5167	4
5168	9
5169	7
5170	3
5171	4
5172	5
5173	4
5174	8
5175	4
5176	2
5177	4
5178	3
5179	5
5180	4
5181	7
5182	7
5183	3
5184	2
5185	5
5186	1
5187	6
5188	6
5189	4
5190	3
5191	2
5192	8
5193	7
5194	1
5195	7
5196	4
5197	6
5198	4
5199	5
5200	8
5201	4
5202	5
5203	3
5204	6
5205	6
5206	1
5207	7
5208	6
5209	2
5210	4
5211	1
5212	8
5213	3
5214	4
5215	3
5216	3
5217	3
5218	6
5219	4
5220	4
5221	7
5222	6
5223	5
5224	2
5225	3
5226	5
5227	1
5228	7
5229	6
5230	6
5231	4
5232	4
5233	1
5234	3
5235	5
5236	4
5237	2
5238	0
5239	5
5240	7
5241	5
5242	1
5243	5
5244	2
5245	1
5246	5
5247	6
5248	7
5249	1
5250	6
5251	3
5252	8
5253	6
5254	2
5255	4
5256	4
5257	5
5258	2
5259	2
5260	4
5261	1
5262	3
5263	5
5264	6
5265	9
5266	3
5267	2
5268	3
5269	0
5270	8
5271	4
5272	2
5273	3
5274	4
5275	4
5276	3
5277	4
5278	4
5279	3
5280	4
5281	4
5282	5
5283	2
5284	4
5285	4
5286	7
5287	6
5288	3
5289	1
5290	4
5291	5
5292	4
5293	1
5294	8
5295	1
5296	2
5297	5
5298	5
5299	4
5300	5
5301	8
5302	4
5303	5
5304	6
5305	1
5306	3
5307	3
5308	3
5309	2
5310	3
5311	6
5312	6
5313	4
5314	4
5315	5
5316	5
5317	8
5318	3
5319	3
5320	4
5321	4
5322	3
5323	1
5324	6
5325	2
5326	2
5327	2
5328	1
5329	3
5330	1
5331	6
5332	1
5333	5
5334	3
5335	4
5336	0
5337	4
5338	3
5339	6
5340	3
5341	4
5342	3
5343	2
5344	2
5345	4
5346	2
5347	4
5348	2
5349	2
5350	5
5351	2
5352	5
5353	5
5354	2
5355	4
5356	6
5357	2
5358	5
5359	4
5360	2
5361	8
5362	3
5363	3
5364	7
5365	4
5366	3
5367	2
5368	3
5369	2
5370	4
5371	4
5372	6
5373	5
5374	1
5375	2
5376	10
5377	4
5378	4
5379	3
5380	3
5381	3
5382	0
5383	2
5384	3
5385	1
5386	0
5387	5
5388	3
5389	2
5390	5
5391	3
5392	2
5393	1
5394	4
5395	0
5396	2
5397	2
5398	4
5399	3
5400	6
5401	4
5402	1
5403	3
5404	5
5405	4
5406	0
5407	2
5408	3
5409	4
5410	1
5411	7
5412	4
5413	2
5414	4
5415	1
5416	3
5417	0
5418	2
5419	3
5420	2
5421	5
5422	2
5423	2
5424	8
5425	2
5426	6
5427	4
5428	3
5429	3
5430	3
5431	6
5432	4
5433	0
5434	3
5435	2
5436	0
5437	4
5438	3
5439	2
5440	0
5441	4
5442	3
5443	3
5444	3
5445	4
5446	3
5447	3
5448	3
5449	4
5450	7
5451	2
5452	2
5453	4
5454	4
5455	1
5456	2
5457	4
5458	2
5459	3
5460	4
5461	2
5462	4
5463	4
5464	0
5465	3
5466	1
5467	3
5468	3
5469	2
5470	4
5471	2
5472	1
5473	3
5474	3
5475	4
5476	3
5477	4
5478	1
5479	3
5480	0
5481	3
5482	4
5483	6
5484	5
5485	2
5486	3
5487	3
5488	3
5489	3
5490	1
5491	7
5492	6
5493	4
5494	4
5495	1
5496	2
5497	3
5498	0
5499	8
5500	2
5501	6
5502	6
5503	4
5504	2
5505	4
5506	4
5507	1
5508	3
5509	1
5510	2
5511	1
5512	5
5513	1
5514	1
5515	0
5516	2
5517	0
5518	2
5519	2
5520	4
5521	8
5522	1
5523	1
5524	1
5525	3
5526	3
5527	1
5528	2
5529	5
5530	3
5531	7
5532	1
5533	3
5534	5
5535	6
5536	3
5537	4
5538	5
5539	3
5540	4
5541	3
5542	4
5543	1
5544	1
5545	3
5546	4
5547	1
5548	0
5549	2
5550	4
5551	3
5552	2
5553	2
5554	5
5555	2
5556	6
5557	1
5558	0
5559	0
5560	3
5561	5
5562	1
5563	1
5564	4
5565	0
5566	0
5567	0
5568	1
5569	5
5570	3
5571	4
5572	2
5573	2
5574	3
5575	0
5576	5
5577	3
5578	5
5579	1
5580	0
5581	4
5582	3
5583	3
5584	4
5585	1
5586	4
5587	1
5588	1
5589	3
5590	6
5591	1
5592	2
5593	1
5594	3
5595	2
5596	1
5597	4
5598	3
5599	1
5600	3
5601	5
5602	4
5603	0
5604	5
5605	3
5606	1
5607	1
5608	2
5609	6
5610	7
5611	1
5612	2
5613	4
5614	2
5615	5
5616	2
5617	4
5618	1
5619	4
5620	5
5621	1
5622	0
5623	5
5624	2
5625	3
5626	1
5627	3
5628	2
5629	3
5630	2
5631	3
5632	0
5633	1
5634	3
5635	1
5636	0
5637	1
5638	2
5639	7
5640	7
5641	3
5642	3
5643	3
5644	1
5645	3
5646	0
5647	4
5648	4
5649	3
5650	0
5651	4
5652	1
5653	2
5654	0
5655	2
5656	4
5657	3
5658	1
5659	6
5660	2
5661	1
5662	2
5663	1
5664	2
5665	0
5666	1
5667	2
5668	1
5669	4
5670	0
5671	2
5672	1
5673	3
5674	3
5675	2
5676	2
5677	0
5678	2
5679	2
5680	0
5681	2
5682	0
5683	2
5684	1
5685	1
5686	1
5687	0
5688	1
5689	5
5690	1
5691	0
5692	5
5693	5
5694	3
5695	0
5696	2
5697	2
5698	3
5699	0
5700	0
5701	1
5702	1
5703	1
5704	2
5705	1
5706	4
5707	2
5708	1
5709	1
5710	1
5711	0
5712	0
5713	2
5714	0
5715	2
5716	1
5717	3
5718	2
5719	1
5720	5
5721	0
5722	2
5723	1
5724	1
5725	1
5726	2
5727	1
5728	0
5729	3
5730	1
5731	2
5732	2
5733	1
5734	3
5735	0
5736	2
5737	3
5738	0
5739	1
5740	0
5741	2
5742	3
5743	2
5744	2
5745	4
5746	2
5747	1
5748	1
5749	3
5750	1
5751	2
5752	1
5753	2
5754	1
5755	3
5756	1
5757	3
5758	1
5759	0
5760	1
5761	1
5762	2
5763	3
5764	4
5765	1
5766	1
5767	1
5768	1
5769	4
5770	3
5771	2
5772	1
5773	3
5774	2
5775	3
5776	0
5777	3
5778	3
5779	1
5780	2
5781	4
5782	2
5783	4
5784	1
5785	1
5786	0
5787	1
5788	0
5789	1
5790	5
5791	4
5792	1
5793	1
5794	2
5795	0
5796	2
5797	1
5798	1
5799	2
5800	3
5801	3
5802	2
5803	2
5804	1
5805	0
5806	1
5807	1
5808	0
5809	5
5810	0
5811	2
5812	2
5813	2
5814	2
5815	2
5816	2
5817	2
5818	0
5819	0
5820	5
5821	2
5822	1
5823	1
5824	2
5825	2
5826	1
5827	0
5828	4
5829	3
5830	2
5831	0
5832	2
5833	1
5834	1
5835	1
5836	3
5837	2
5838	2
5839	2
5840	1
5841	1
5842	1
5843	0
5844	0
5845	3
5846	1
5847	1
5848	3
5849	2
5850	2
5851	4
5852	4
5853	0
5854	0
5855	2
5856	2
5857	3
5858	1
5859	2
5860	2
5861	3
5862	1
5863	2
5864	1
5865	0
5866	0
5867	0
5868	0
5869	3
5870	2
5871	8
5872	1
5873	0
5874	1
5875	4
5876	0
5877	0
5878	0
5879	0
5880	0
5881	0
5882	1
5883	3
5884	1
5885	2
5886	4
5887	2
5888	0
5889	1
5890	2
5891	2
5892	1
5893	2
5894	2
5895	1
5896	5
5897	2
5898	2
5899	1
5900	3
5901	1
5902	1
5903	0
5904	4
5905	4
5906	3
5907	0
5908	4
5909	2
5910	1
5911	1
5912	0
5913	0
5914	3
5915	0
5916	1
5917	4
5918	1
5919	0
5920	2
5921	0
5922	1
5923	0
5924	1
5925	2
5926	4
5927	0
5928	2
5929	2
5930	0
5931	0
5932	1
5933	2
5934	0
5935	3
5936	1
5937	1
5938	4
5939	3
5940	0
5941	1
5942	0
5943	0
5944	0
5945	1
5946	0
5947	1
5948	1
5949	1
5950	3
5951	1
5952	2
5953	0
5954	3
5955	2
5956	2
5957	2
5958	2
5959	0
5960	1
5961	0
5962	1
5963	1
5964	2
5965	2
5966	1
5967	1
5968	5
5969	0
5970	1
5971	2
5972	2
5973	0
5974	1
5975	3
5976	2
5977	2
5978	1
5979	3
5980	2
5981	3
5982	1
5983	0
5984	1
5985	1
5986	0
5987	0
5988	0
5989	0
5990	2
5991	1
5992	3
5993	1
5994	2
5995	3
5996	2
5997	2
5998	0
5999	2
6000	3
6001	1
6002	3
6003	1
6004	1
6005	3
6006	2
6007	3
6008	2
6009	2
6010	0
6011	4
6012	1
6013	3
6014	1
6015	2
6016	3
6017	1
6018	0
6019	0
6020	2
6021	2
6022	1
6023	0
6024	3
6025	2
6026	0
6027	1
6028	3
6029	1
6030	3
6031	0
6032	3
6033	1
6034	3
6035	1
6036	3
6037	0
6038	1
6039	1
6040	1
6041	0
6042	2
6043	0
6044	2
6045	2
6046	3
6047	1
6048	0
6049	1
6050	1
6051	2
6052	3
6053	2
6054	2
6055	1
6056	1
6057	1
6058	0
6059	3
6060	1
6061	1
6062	3
6063	2
6064	1
6065	3
6066	2
6067	1
6068	1
6069	2
6070	0
6071	3
6072	0
6073	4
6074	2
6075	3
6076	5
6077	1
6078	0
6079	3
6080	3
6081	2
6082	2
6083	1
6084	1
6085	1
6086	1
6087	3
6088	5
6089	0
6090	5
6091	4
6092	0
6093	1
6094	0
6095	2
6096	2
6097	1
6098	3
6099	2
6100	1
6101	0
6102	1
6103	2
6104	0
6105	5
6106	3
6107	2
6108	4
6109	4
6110	5
6111	3
6112	1
6113	2
6114	3
6115	2
6116	2
6117	2
6118	3
6119	0
6120	1
6121	4
6122	4
6123	2
6124	1
6125	3
6126	3
6127	2
6128	1
6129	2
6130	2
6131	2
6132	2
6133	2
6134	2
6135	1
6136	3
6137	4
6138	5
6139	2
6140	4
6141	6
6142	0
6143	2
6144	1
6145	4
6146	3
6147	5
6148	0
6149	2
6150	3
6151	5
6152	4
6153	2
6154	1
6155	0
6156	1
6157	3
6158	4
6159	3
6160	1
6161	2
6162	2
6163	0
6164	6
6165	2
6166	4
6167	5
6168	3
6169	1
6170	0
6171	1
6172	3
6173	3
6174	2
6175	4
6176	1
6177	5
6178	4
6179	9
6180	4
6181	3
6182	5
6183	3
6184	4
6185	1
6186	1
6187	6
6188	3
6189	1
6190	6
6191	3
6192	4
6193	4
6194	1
6195	5
6196	2
6197	3
6198	4
6199	2
6200	3
6201	5
6202	2
6203	5
6204	5
6205	1
6206	4
6207	8
6208	5
6209	5
6210	5
6211	2
6212	5
6213	7
6214	5
6215	4
6216	7
6217	5
6218	9
6219	2
6220	2
6221	2
6222	2
6223	7
6224	4
6225	2
6226	5
6227	3
6228	8
6229	5
6230	6
6231	3
6232	5
6233	4
6234	4
6235	3
6236	6
6237	4
6238	5
6239	12
6240	4
6241	6
6242	4
6243	4
6244	5
6245	6
6246	11
6247	9
6248	6
6249	7
6250	9
6251	6
6252	5
6253	2
6254	6
6255	9
6256	7
6257	8
6258	3
6259	6
6260	3
6261	7
6262	6
6263	8
6264	8
6265	8
6266	11
6267	9
6268	3
6269	12
6270	9
6271	5
6272	9
6273	5
6274	2
6275	6
6276	6
6277	9
6278	6
6279	9
6280	10
6281	14
6282	12
6283	8
6284	10
6285	7
6286	9
6287	8
6288	8
6289	3
6290	7
6291	11
6292	7
6293	7
6294	8
6295	13
6296	9
6297	9
6298	12
6299	6
6300	6
6301	7
6302	17
6303	4
6304	10
6305	10
6306	12
6307	7
6308	16
6309	14
6310	12
6311	10
6312	13
6313	12
6314	8
6315	10
6316	16
6317	7
6318	15
6319	12
6320	9
6321	10
6322	6
6323	15
6324	16
6325	16
6326	7
6327	9
6328	16
6329	12
6330	9
6331	13
6332	5
6333	10
6334	5
6335	11
6336	7
6337	11
6338	9
6339	10
6340	7
6341	12
6342	6
6343	11
6344	6
6345	17
6346	15
6347	12
6348	14
6349	13
6350	13
6351	13
6352	10
6353	11
6354	9
6355	13
6356	12
6357	9
6358	11
6359	15
6360	20
6361	13
6362	15
6363	18
6364	18
6365	15
6366	13
6367	10
6368	15
6369	22
6370	16
6371	13
6372	10
6373	14
6374	10
6375	15
6376	8
6377	10
6378	14
6379	12
6380	14
6381	11
6382	16
6383	11
6384	12
6385	13
6386	13
6387	15
6388	20
6389	13
6390	17
6391	14
6392	17
6393	28
6394	19
6395	13
6396	15
6397	16
6398	19
6399	13
6400	16
6401	14
6402	21
6403	16
6404	20
6405	18
6406	12
6407	16
6408	19
6409	15
6410	8
6411	10
6412	24
6413	15
6414	14
6415	19
6416	2
6417	22
6418	14
6419	15
6420	18
6421	9
6422	16
6423	14
6424	12
6425	12
6426	17
6427	15
6428	9
6429	23
6430	17
6431	22
6432	16
6433	15
6434	17
6435	18
6436	19
6437	17
6438	16
6439	17
6440	18
6441	8
6442	18
6443	16
6444	18
6445	10
6446	19
6447	19
6448	19
6449	15
6450	12
6451	13
6452	18
6453	15
6454	21
6455	16
6456	18
6457	11
6458	17
6459	13
6460	20
6461	20
6462	14
6463	14
6464	16
6465	18
6466	14
6467	18
6468	16
6469	22
6470	26
6471	19
6472	17
6473	15
6474	25
6475	20
6476	18
6477	13
6478	15
6479	15
6480	18
6481	18
6482	16
6483	16
6484	13
6485	17
6486	11
6487	14
6488	21
6489	17
6490	21
6491	16
6492	15
6493	18
6494	11
6495	9
6496	15
6497	12
6498	18
6499	12
6500	13
6501	12
6502	14
6503	13
6504	13
6505	14
6506	12
6507	19
6508	20
6509	25
6510	18
6511	14
6512	10
6513	15
6514	15
6515	13
6516	18
6517	16
6518	14
6519	9
6520	16
6521	19
6522	14
6523	13
6524	16
6525	13
6526	15
6527	16
6528	9
6529	10
6530	18
6531	20
6532	11
6533	15
6534	20
6535	15
6536	16
6537	18
6538	13
6539	13
6540	10
6541	11
6542	12
6543	13
6544	10
6545	16
6546	21
6547	8
6548	19
6549	13
6550	8
6551	19
6552	16
6553	14
6554	15
6555	12
6556	5
6557	8
6558	12
6559	11
6560	16
6561	12
6562	14
6563	10
6564	13
6565	7
6566	15
6567	11
6568	14
6569	15
6570	14
6571	17
6572	13
6573	16
6574	13
6575	15
6576	14
6577	11
6578	13
6579	9
6580	14
6581	8
6582	11
6583	13
6584	15
6585	8
6586	13
6587	11
6588	4
6589	10
6590	15
6591	8
6592	12
6593	7
6594	14
6595	9
6596	8
6597	11
6598	15
6599	13
6600	12
6601	9
6602	7
6603	16
6604	10
6605	11
6606	9
6607	10
6608	10
6609	12
6610	10
6611	10
6612	7
6613	8
6614	5
6615	12
6616	5
6617	9
6618	13
6619	8
6620	12
6621	9
6622	7
6623	7
6624	10
6625	2
6626	9
6627	12
6628	13
6629	7
6630	7
6631	6
6632	11
6633	14
6634	7
6635	8
6636	8
6637	7
6638	7
6639	5
6640	7
6641	11
6642	8
6643	8
6644	6
6645	2
6646	9
6647	4
6648	10
6649	7
6650	4
6651	8
6652	5
6653	2
6654	8
6655	10
6656	9
6657	9
6658	5
6659	10
6660	7
6661	4
6662	11
6663	7
6664	7
6665	4
6666	7
6667	4
6668	3
6669	8
6670	2
6671	5
6672	4
6673	0
6674	7
6675	7
6676	2
6677	5
6678	6
6679	7
6680	6
6681	6
6682	6
6683	7
6684	5
6685	3
6686	6
6687	11
6688	9
6689	5
6690	3
6691	5
6692	7
6693	9
6694	3
6695	5
6696	7
6697	5
6698	3
6699	5
6700	3
6701	3
6702	7
6703	6
6704	0
6705	7
6706	5
6707	9
6708	5
6709	2
6710	5
6711	5
6712	5
6713	2
6714	7
6715	2
6716	4
6717	2
6718	1
6719	4
6720	5
6721	3
6722	3
6723	3
6724	2
6725	4
6726	5
6727	4
6728	2
6729	3
6730	3
6731	3
6732	5
6733	2
6734	4
6735	7
6736	4
6737	5
6738	3
6739	2
6740	4
6741	3
6742	3
6743	1
6744	4
6745	6
6746	3
6747	3
6748	5
6749	2
6750	0
6751	5
6752	2
6753	4
6754	2
6755	5
6756	7
6757	6
6758	1
6759	7
6760	3
6761	1
6762	1
6763	3
6764	3
6765	6
6766	1
6767	5
6768	1
6769	4
6770	4
6771	2
6772	2
6773	4
6774	2
6775	2
6776	3
6777	4
6778	5
6779	8
6780	2
6781	0
6782	3
6783	2
6784	1
6785	3
6786	5
6787	1
6788	1
6789	4
6790	4
6791	4
6792	4
6793	1
6794	1
6795	2
6796	2
6797	2
6798	0
6799	0
6800	2
6801	3
6802	2
6803	3
6804	1
6805	4
6806	1
6807	3
6808	3
6809	2
6810	2
6811	1
6812	4
6813	2
6814	1
6815	4
6816	0
6817	1
6818	2
6819	2
6820	2
6821	1
6822	4
6823	3
6824	3
6825	4
6826	3
6827	2
6828	0
6829	0
6830	2
6831	0
6832	0
6833	1
6834	2
6835	2
6836	1
6837	0
6838	3
6839	0
6840	0
6841	1
6842	1
6843	2
6844	2
6845	0
6846	1
6847	1
6848	1
6849	2
6850	2
6851	2
6852	1
6853	0
6854	1
6855	1
6856	0
6857	2
6858	2
6859	2
6860	0
6861	3
6862	1
6863	2
6864	6
6865	2
6866	1
6867	0
6868	1
6869	3
6870	3
6871	3
6872	4
6873	2
6874	1
6875	2
6876	1
6877	4
6878	2
6879	1
6880	0
6881	1
6882	3
6883	3
6884	2
6885	0
6886	1
6887	0
6888	2
6889	2
6890	1
6891	0
6892	2
6893	2
6894	1
6895	1
6896	1
6897	2
6898	1
6899	0
6900	1
6901	1
6902	4
6903	3
6904	1
6905	1
6906	5
6907	2
6908	2
6909	1
6910	1
6911	2
6912	0
6913	0
6914	2
6915	3
6916	2
6917	0
6918	2
6919	1
6920	0
6921	4
6922	2
6923	2
6924	1
6925	2
6926	1
6927	2
6928	1
6929	0
6930	2
6931	2
6932	4
6933	0
6934	2
6935	1
6936	1
6937	2
6938	4
6939	0
6940	0
6941	1
6942	1
6943	4
6944	1
6945	1
6946	1
6947	2
6948	0
6949	0
6950	0
6951	2
6952	2
6953	0
6954	1
6955	0
6956	2
6957	1
6958	4
6959	2
6960	3
6961	0
6962	1
6963	1
6964	3
6965	1
6966	1
6967	0
6968	4
6969	1
6970	2
6971	2
6972	5
6973	1
6974	1
6975	1
6976	2
6977	2
6978	3
6979	1
6980	2
6981	0
6982	1
6983	2
6984	3
6985	0
6986	1
6987	2
6988	2
6989	4
6990	7
6991	0
6992	1
6993	0
6994	3
6995	2
6996	4
6997	1
6998	2
6999	1
7000	3
7001	1
7002	2
7003	1
7004	2
7005	0
7006	1
7007	0
7008	1
7009	1
7010	0
7011	2
7012	2
7013	0
7014	1
7015	4
7016	0
7017	0
7018	3
7019	0
7020	0
7021	2
7022	2
7023	1
7024	0
7025	1
7026	3
7027	2
7028	1
7029	0
7030	0
7031	1
7032	1
7033	1
7034	2
7035	3
7036	2
7037	1
7038	2
7039	3
7040	1
7041	3
7042	1
7043	3
7044	2
7045	1
7046	0
7047	1
7048	1
7049	2
7050	2
7051	5
7052	0
7053	1
7054	1
7055	1
7056	1
7057	1
7058	1
7059	0
7060	3
7061	2
7062	2
7063	1
7064	3
7065	1
7066	3
7067	0
7068	0
7069	2
7070	3
7071	1
7072	0
7073	2
7074	0
7075	1
7076	2
7077	1
7078	4
7079	1
7080	2
7081	0
7082	0
7083	3
7084	0
7085	0
7086	3
7087	1
7088	0
7089	0
7090	2
7091	0
7092	3
7093	2
7094	0
7095	2
7096	3
7097	3
7098	2
7099	1
7100	3
7101	3
7102	1
7103	1
7104	0
7105	1
7106	1
7107	3
7108	2
7109	1
7110	0
7111	2
7112	0
7113	1
7114	1
7115	3
7116	0
7117	2
7118	4
7119	2
7120	3
7121	2
7122	2
7123	4
7124	1
7125	2
7126	1
7127	1
7128	1
7129	4
7130	3
7131	1
7132	1
7133	2
7134	3
7135	2
7136	2
7137	2
7138	0
7139	0
7140	0
7141	1
7142	2
7143	1
7144	0
7145	1
7146	1
7147	1
7148	2
7149	1
7150	3
7151	2
7152	2
7153	1
7154	2
7155	2
7156	1
7157	1
7158	2
7159	1
7160	3
7161	0
7162	0
7163	3
7164	2
7165	1
7166	2
7167	0
7168	3
7169	2
7170	1
7171	0
7172	1
7173	1
7174	0
7175	0
7176	3
7177	0
7178	0
7179	1
7180	1
7181	1
7182	2
7183	0
7184	1
7185	4
7186	3
7187	2
7188	3
7189	1
7190	4
7191	3
7192	0
7193	1
7194	2
7195	2
7196	0
7197	2
7198	3
7199	1
7200	3
7201	4
7202	0
7203	2
7204	4
7205	2
7206	2
7207	2
7208	2
7209	5
7210	1
7211	0
7212	1
7213	1
7214	2
7215	1
7216	0
7217	0
7218	1
7219	3
7220	1
7221	3
7222	1
7223	1
7224	1
7225	0
7226	4
7227	1
7228	2
7229	0
7230	2
7231	1
7232	1
7233	2
7234	0
7235	3
7236	3
7237	0
7238	0
7239	1
7240	2
7241	2
7242	1
7243	2
7244	1
7245	3
7246	1
7247	3
7248	1
7249	4
7250	0
7251	1
7252	2
7253	1
7254	3
7255	1
7256	1
7257	1
7258	1
7259	3
7260	2
7261	2
7262	1
7263	2
7264	0
7265	2
7266	4
7267	1
7268	3
7269	0
7270	3
7271	2
7272	0
7273	2
7274	2
7275	2
7276	3
7277	2
7278	3
7279	2
7280	3
7281	4
7282	2
7283	1
7284	3
7285	2
7286	2
7287	1
7288	1
7289	4
7290	1
7291	2
7292	5
7293	1
7294	3
7295	2
7296	2
7297	5
7298	0
7299	0
7300	1
7301	5
7302	0
7303	3
7304	0
7305	3
7306	2
7307	0
7308	0
7309	1
7310	0
7311	0
7312	2
7313	2
7314	3
7315	1
7316	1
7317	3
7318	2
7319	2
7320	0
7321	0
7322	2
7323	3
7324	1
7325	0
7326	2
7327	3
7328	3
7329	2
7330	0
7331	0
7332	0
7333	3
7334	0
7335	1
7336	4
7337	2
7338	1
7339	1
7340	2
7341	3
7342	2
7343	2
7344	4
7345	3
7346	1
7347	1
7348	3
7349	1
7350	6
7351	1
7352	0
7353	2
7354	2
7355	0
7356	2
7357	0
7358	2
7359	2
7360	2
7361	3
7362	2
7363	0
7364	2
7365	2
7366	2
7367	1
7368	1
7369	2
7370	1
7371	3
7372	4
7373	2
7374	4
7375	0
7376	2
7377	1
7378	0
7379	1
7380	1
7381	1
7382	1
7383	2
7384	3
7385	1
7386	2
7387	2
7388	1
7389	5
7390	4
7391	0
7392	3
7393	1
7394	2
7395	3
7396	1
7397	1
7398	2
7399	2
7400	1
7401	1
7402	3
7403	2
7404	1
7405	0
7406	1
7407	3
7408	5
7409	2
7410	1
7411	0
7412	0
7413	2
7414	2
7415	2
7416	1
7417	2
7418	1
7419	1
7420	1
7421	1
7422	2
7423	4
7424	1
7425	1
7426	0
7427	4
7428	2
7429	0
7430	1
7431	3
7432	3
7433	3
7434	0
7435	4
7436	1
7437	3
7438	1
7439	2
7440	1
7441	2
7442	5
7443	1
7444	2
7445	2
7446	0
7447	2
7448	5
7449	4
7450	1
7451	0
7452	3
7453	6
7454	1
7455	3
7456	1
7457	1
7458	0
7459	0
7460	3
7461	2
7462	2
7463	0
7464	1
7465	2
7466	0
7467	1
7468	4
7469	0
7470	3
7471	3
7472	1
7473	2
7474	3
7475	1
7476	3
7477	4
7478	2
7479	3
7480	3
7481	0
7482	1
7483	0
7484	3
7485	0
7486	2
7487	2
7488	0
7489	1
7490	0
7491	1
7492	0
7493	2
7494	1
7495	0
7496	0
7497	0
7498	0
7499	0
7500	0
7501	0
7502	0
7503	0
7504	0
7505	0
7506	0
7507	0
7508	0
7509	0
7510	0
7511	0
7512	0
7513	0
7514	0
7515	0
7516	0
7517	0
7518	0
7519	0
7520	0
7521	0
7522	0
7523	0
7524	0
7525	0
7526	0
7527	0
7528	0
7529	0
7530	0
7531	0
7532	0
7533	0
7534	0
7535	0
7536	0
7537	0
7538	0
7539	0
7540	0
7541	0
7542	0
7543	0
7544	0
7545	0
7546	0
7547	0
7548	0
7549	0
7550	0
7551	0
7552	0
7553	0
7554	0
7555	0
7556	0
7557	0
7558	0
7559	0
7560	0
7561	0
7562	0
7563	0
7564	0
7565	0
7566	0
7567	0
7568	0
7569	0
7570	0
7571	0
7572	0
7573	0
7574	0
7575	0
7576	0
7577	0
7578	0
7579	0
7580	0
7581	0
7582	0
7583	0
7584	0
7585	0
7586	0
7587	0
7588	0
7589	0
7590	0
7591	0
7592	0
7593	0
7594	0
7595	0
7596	0
7597	0
7598	0
7599	0
7600	0
7601	0
7602	0
7603	0
7604	0
7605	0
7606	0
7607	0
7608	0
7609	0
7610	0
7611	0
7612	0
7613	0
7614	0
7615	0
7616	0
7617	0
7618	0
7619	0
7620	0
7621	0
7622	0
7623	0
7624	0
7625	0
7626	0
7627	0
7628	0
7629	0
7630	0
7631	0
7632	0
7633	0
7634	0
7635	0
7636	0
7637	0
7638	0
7639	0
7640	0
7641	0
7642	0
7643	0
7644	0
7645	0
7646	0
7647	0
7648	0
7649	0
7650	0
7651	0
7652	0
7653	0
7654	0
7655	0
7656	0
7657	0
7658	0
7659	0
7660	0
7661	0
7662	0
7663	0
7664	0
7665	0
7666	0
7667	0
7668	0
7669	0
7670	0
7671	0
7672	0
7673	0
7674	0
7675	0
7676	0
7677	0
7678	0
7679	0
7680	0
7681	0
7682	0
7683	0
7684	0
7685	0
7686	0
7687	0
7688	0
7689	0
7690	0
7691	0
7692	0
7693	0
7694	0
7695	0
7696	0
7697	0
7698	0
7699	0
7700	0
7701	0
7702	0
7703	0
7704	0
7705	0
7706	0
7707	0
7708	0
7709	0
7710	0
7711	0
7712	0
7713	0
7714	0
7715	0
7716	0
7717	0
7718	0
7719	0
7720	0
7721	0
7722	0
7723	0
7724	0
7725	0
7726	0
7727	0
7728	0
7729	0
7730	0
7731	0
7732	0
7733	0
7734	0
7735	0
7736	0
7737	0
7738	0
7739	0
7740	0
7741	0
7742	0
7743	0
7744	0
7745	0
7746	0
7747	0
7748	0
7749	0
7750	0
7751	0
7752	0
7753	0
7754	0
7755	0
7756	0
7757	0
7758	0
7759	0
7760	0
7761	0
7762	0
7763	0
7764	0
7765	0
7766	0
7767	0
7768	0
7769	0
7770	0
7771	0
7772	0
7773	0
7774	0
7775	0
7776	0
7777	0
7778	0
7779	0
7780	0
7781	0
7782	0
7783	0
7784	0
7785	0
7786	0
7787	0
7788	0
7789	0
7790	0
7791	0
7792	0
7793	0
7794	0
7795	0
7796	0
7797	0
7798	0
7799	0
7800	0
7801	0
7802	0
7803	0
7804	0
7805	0
7806	0
7807	0
7808	0
7809	0
7810	0
7811	0
7812	0
7813	0
7814	0
7815	0
7816	0
7817	0
7818	0
7819	0
7820	0
7821	0
7822	0
7823	0
7824	0
7825	0
7826	0
7827	0
7828	0
7829	0
7830	0
7831	0
7832	0
7833	0
7834	0
7835	0
7836	0
7837	0
7838	0
7839	0
7840	0
7841	0
7842	0
7843	0
7844	0
7845	0
7846	0
7847	0
7848	0
7849	0
7850	0
7851	0
7852	0
7853	0
7854	0
7855	0
7856	0
7857	0
7858	0
7859	0
7860	0
7861	0
7862	0
7863	0
7864	0
7865	0
7866	0
7867	0
7868	0
7869	0
7870	0
7871	0
7872	0
7873	0
7874	0
7875	0
7876	0
7877	0
7878	0
7879	0
7880	0
7881	0
7882	0
7883	0
7884	0
7885	0
7886	0
7887	0
7888	0
7889	0
7890	0
7891	0
7892	0
7893	0
7894	0
7895	0
7896	0
7897	0
7898	0
7899	0
7900	0
7901	0
7902	0
7903	0
7904	0
7905	0
7906	0
7907	0
7908	0
7909	0
7910	0
7911	0
7912	0
7913	0
7914	0
7915	0
7916	0
7917	0
7918	0
7919	0
7920	0
7921	0
7922	0
7923	0
7924	0
7925	0
7926	0
7927	0
7928	0
7929	0
7930	0
7931	0
7932	0
7933	0
7934	0
7935	0
7936	0
7937	0
7938	0
7939	0
7940	0
7941	0
7942	0
7943	0
7944	0
7945	0
7946	0
7947	0
7948	0
7949	0
7950	0
7951	0
7952	0
7953	0
7954	0
7955	0
7956	0
7957	0
7958	0
7959	0
7960	0
7961	0
7962	0
7963	0
7964	0
7965	0
7966	0
7967	0
7968	0
7969	0
7970	0
7971	0
7972	0
7973	0
7974	0
7975	0
7976	0
7977	0
7978	0
7979	0
7980	0
7981	0
7982	0
7983	0
7984	0
7985	0
7986	0
7987	0
7988	0
7989	0
7990	0
7991	0
7992	0
7993	0
7994	0
7995	0
7996	0
7997	0
7998	0
7999	0
8000	0
8001	0
8002	0
8003	0
8004	0
8005	0
8006	0
8007	0
8008	0
8009	0
8010	0
8011	0
8012	0
8013	0
8014	0
8015	0
8016	0
8017	0
8018	0
8019	0
8020	0
8021	0
8022	0
8023	0
8024	0
8025	0
8026	0
8027	0
8028	0
8029	0
8030	0
8031	0
8032	0
8033	0
8034	0
8035	0
8036	0
8037	0
8038	0
8039	0
8040	0
8041	0
8042	0
8043	0
8044	0
8045	0
8046	0
8047	0
8048	0
8049	0
8050	0
8051	0
8052	0
8053	0
8054	0
8055	0
8056	0
8057	0
8058	0
8059	0
8060	0
8061	0
8062	0
8063	0
8064	0
8065	0
8066	0
8067	0
8068	0
8069	0
8070	0
8071	0
8072	0
8073	0
8074	0
8075	0
8076	0
8077	0
8078	0
8079	0
8080	0
8081	0
8082	0
8083	0
8084	0
8085	0
8086	0
8087	0
8088	0
8089	0
8090	0
8091	0
8092	0
8093	0
8094	0
8095	0
8096	0
8097	0
8098	0
8099	0
8100	0
8101	0
8102	0
8103	0
8104	0
8105	0
8106	0
8107	0
8108	0
8109	0
8110	0
8111	0
8112	0
8113	0
8114	0
8115	0
8116	0
8117	0
8118	0
8119	0
8120	0
8121	0
8122	0
8123	0
8124	0
8125	0
8126	0
8127	0
8128	0
8129	0
8130	0
8131	0
8132	0
8133	0
8134	0
8135	0
8136	0
8137	0
8138	0
8139	0
8140	0
8141	0
8142	0
8143	0
8144	0
8145	0
8146	0
8147	0
8148	0
8149	0
8150	0
8151	0
8152	0
8153	0
8154	0
8155	0
8156	0
8157	0
8158	0
8159	0
8160	0
8161	0
8162	0
8163	0
8164	0
8165	0
8166	0
8167	0
8168	0
8169	0
8170	0
8171	0
8172	0
8173	0
8174	0
8175	0
8176	0
8177	0
8178	0
8179	0
8180	0
8181	0
8182	0
8183	0
8184	0
8185	0
8186	0
8187	0
8188	0
8189	0
8190	0
8191	0
