0	0
1	0
2	0
3	0
4	0
5	0
6	0
7	0
8	0
9	0
10	0
11	0
12	0
13	0
14	0
15	0
16	0
17	0
18	0
19	0
20	0
21	0
22	0
23	0
24	0
25	0
26	0
27	0
28	0
29	0
30	0
31	0
32	0
33	0
34	0
35	0
36	0
37	0
38	0
39	1
40	4
41	3
42	5
43	5
44	4
45	8
46	5
47	7
48	4
49	3
50	4
51	7
52	7
53	9
54	5
55	9
56	10
57	10
58	9
59	7
60	2
61	3
62	6
63	10
64	10
65	9
66	6
67	10
68	5
69	11
70	6
71	4
72	4
73	8
74	4
75	5
76	6
77	11
78	9
79	6
80	13
81	11
82	16
83	16
84	20
85	8
86	20
87	11
88	17
89	11
90	19
91	32
92	8
93	14
94	9
95	17
96	12
97	12
98	9
99	13
100	8
101	11
102	5
103	7
104	7
105	12
106	9
107	8
108	9
109	10
110	7
111	10
112	14
113	10
114	9
115	4
116	11
117	11
118	13
119	11
120	5
121	11
122	7
123	4
124	9
125	9
126	10
127	11
128	10
129	8
130	6
131	11
132	6
133	6
134	6
135	4
136	10
137	8
138	8
139	6
140	6
141	4
142	6
143	6
144	7
145	9
146	8
147	1
148	15
149	13
150	5
151	5
152	8
153	6
154	7
155	7
156	5
157	13
158	6
159	13
160	6
161	7
162	3
163	7
164	5
165	3
166	7
167	3
168	7
169	4
170	9
171	10
172	7
173	4
174	8
175	6
176	3
177	10
178	5
179	7
180	10
181	5
182	9
183	7
184	6
185	13
186	11
187	4
188	8
189	5
190	12
191	7
192	10
193	6
194	9
195	7
196	9
197	4
198	6
199	4
200	9
201	7
202	9
203	7
204	1
205	4
206	10
207	11
208	11
209	8
210	4
211	10
212	2
213	7
214	6
215	8
216	8
217	13
218	6
219	4
220	4
221	8
222	9
223	10
224	8
225	11
226	5
227	7
228	10
229	9
230	2
231	3
232	7
233	5
234	6
235	8
236	6
237	11
238	6
239	9
240	7
241	5
242	9
243	9
244	2
245	12
246	7
247	6
248	8
249	7
250	6
251	4
252	7
253	11
254	12
255	7
256	7
257	6
258	7
259	7
260	6
261	11
262	5
263	9
264	3
265	10
266	2
267	10
268	8
269	13
270	9
271	3
272	6
273	9
274	6
275	7
276	6
277	8
278	7
279	6
280	7
281	5
282	9
283	7
284	8
285	5
286	9
287	7
288	4
289	8
290	8
291	8
292	9
293	8
294	11
295	5
296	8
297	7
298	4
299	11
300	4
301	6
302	6
303	14
304	12
305	9
306	6
307	9
308	14
309	7
310	8
311	9
312	8
313	7
314	10
315	11
316	8
317	8
318	9
319	4
320	13
321	8
322	5
323	7
324	9
325	9
326	7
327	6
328	11
329	6
330	7
331	4
332	8
333	7
334	9
335	7
336	10
337	14
338	8
339	12
340	9
341	11
342	9
343	1
344	8
345	11
346	10
347	10
348	5
349	9
350	11
351	4
352	9
353	3
354	9
355	6
356	9
357	9
358	9
359	4
360	4
361	4
362	7
363	11
364	7
365	3
366	9
367	11
368	9
369	17
370	7
371	7
372	8
373	10
374	16
375	12
376	9
377	6
378	6
379	11
380	5
381	5
382	9
383	3
384	9
385	6
386	8
387	5
388	17
389	9
390	11
391	8
392	9
393	8
394	12
395	6
396	9
397	11
398	7
399	8
400	4
401	5
402	4
403	7
404	7
405	2
406	8
407	10
408	8
409	4
410	6
411	7
412	10
413	4
414	7
415	4
416	7
417	9
418	9
419	10
420	6
421	9
422	5
423	4
424	4
425	9
426	12
427	11
428	7
429	6
430	8
431	9
432	8
433	5
434	10
435	10
436	13
437	6
438	7
439	14
440	6
441	9
442	6
443	9
444	9
445	7
446	9
447	9
448	7
449	7
450	7
451	8
452	10
453	10
454	9
455	5
456	8
457	4
458	9
459	6
460	6
461	11
462	9
463	8
464	6
465	8
466	5
467	9
468	6
469	4
470	4
471	4
472	7
473	4
474	8
475	5
476	11
477	5
478	8
479	6
480	8
481	5
482	11
483	6
484	8
485	11
486	8
487	9
488	12
489	6
490	10
491	7
492	10
493	7
494	8
495	9
496	7
497	9
498	7
499	3
500	9
501	6
502	7
503	8
504	5
505	11
506	7
507	8
508	8
509	6
510	14
511	10
512	8
513	4
514	11
515	8
516	9
517	6
518	9
519	11
520	8
521	7
522	10
523	6
524	6
525	5
526	9
527	11
528	11
529	9
530	12
531	14
532	7
533	7
534	7
535	7
536	4
537	10
538	7
539	4
540	18
541	10
542	6
543	6
544	10
545	6
546	11
547	12
548	7
549	11
550	9
551	8
552	9
553	7
554	9
555	11
556	6
557	9
558	10
559	6
560	7
561	5
562	7
563	9
564	9
565	11
566	17
567	7
568	2
569	8
570	6
571	7
572	6
573	2
574	11
575	10
576	10
577	7
578	12
579	5
580	4
581	9
582	5
583	11
584	5
585	11
586	9
587	5
588	9
589	8
590	11
591	12
592	6
593	7
594	7
595	3
596	4
597	9
598	7
599	10
600	6
601	12
602	5
603	7
604	8
605	8
606	7
607	11
608	10
609	11
610	5
611	8
612	4
613	6
614	4
615	9
616	5
617	10
618	10
619	10
620	8
621	9
622	5
623	7
624	4
625	8
626	9
627	6
628	8
629	8
630	7
631	11
632	9
633	8
634	8
635	3
636	10
637	13
638	9
639	10
640	10
641	9
642	7
643	16
644	12
645	10
646	10
647	3
648	7
649	14
650	11
651	12
652	10
653	15
654	4
655	11
656	10
657	11
658	9
659	8
660	4
661	9
662	11
663	10
664	7
665	9
666	5
667	8
668	13
669	7
670	7
671	10
672	9
673	6
674	8
675	3
676	5
677	6
678	4
679	8
680	7
681	8
682	10
683	6
684	5
685	6
686	11
687	5
688	4
689	4
690	8
691	3
692	10
693	12
694	7
695	9
696	13
697	6
698	8
699	12
700	7
701	7
702	12
703	8
704	8
705	9
706	9
707	10
708	5
709	6
710	8
711	9
712	10
713	9
714	7
715	7
716	8
717	11
718	11
719	4
720	5
721	8
722	5
723	8
724	10
725	13
726	8
727	11
728	10
729	13
730	9
731	9
732	14
733	10
734	8
735	5
736	5
737	8
738	13
739	10
740	10
741	9
742	12
743	9
744	8
745	10
746	8
747	9
748	18
749	6
750	19
751	5
752	14
753	4
754	8
755	6
756	6
757	10
758	14
759	12
760	6
761	12
762	12
763	9
764	9
765	8
766	10
767	9
768	2
769	11
770	13
771	13
772	8
773	11
774	11
775	14
776	15
777	9
778	7
779	9
780	11
781	8
782	8
783	8
784	8
785	7
786	3
787	12
788	11
789	11
790	12
791	6
792	9
793	12
794	11
795	6
796	19
797	10
798	4
799	11
800	10
801	16
802	13
803	12
804	12
805	6
806	10
807	13
808	8
809	5
810	5
811	14
812	10
813	8
814	6
815	14
816	7
817	12
818	9
819	11
820	8
821	10
822	10
823	9
824	8
825	9
826	4
827	5
828	10
829	3
830	13
831	11
832	13
833	12
834	6
835	8
836	6
837	8
838	8
839	9
840	8
841	10
842	18
843	10
844	8
845	10
846	7
847	14
848	11
849	6
850	9
851	9
852	9
853	11
854	10
855	12
856	12
857	8
858	6
859	12
860	13
861	10
862	9
863	14
864	8
865	12
866	13
867	10
868	8
869	9
870	8
871	6
872	8
873	14
874	10
875	13
876	7
877	8
878	17
879	12
880	9
881	6
882	8
883	11
884	5
885	13
886	4
887	9
888	13
889	9
890	11
891	7
892	8
893	10
894	9
895	8
896	7
897	12
898	9
899	9
900	7
901	4
902	6
903	11
904	5
905	12
906	12
907	15
908	7
909	15
910	16
911	9
912	4
913	5
914	8
915	16
916	6
917	5
918	9
919	19
920	9
921	7
922	13
923	12
924	11
925	8
926	6
927	5
928	12
929	9
930	8
931	8
932	15
933	10
934	14
935	7
936	15
937	9
938	9
939	3
940	6
941	11
942	9
943	9
944	12
945	10
946	3
947	9
948	5
949	10
950	6
951	10
952	8
953	13
954	12
955	11
956	13
957	4
958	16
959	7
960	8
961	10
962	9
963	11
964	11
965	4
966	10
967	14
968	6
969	9
970	9
971	11
972	5
973	9
974	13
975	11
976	20
977	10
978	9
979	13
980	6
981	7
982	4
983	15
984	10
985	13
986	8
987	11
988	10
989	9
990	13
991	12
992	7
993	6
994	10
995	10
996	10
997	11
998	9
999	14
1000	5
1001	16
1002	7
1003	6
1004	9
1005	12
1006	12
1007	17
1008	7
1009	12
1010	7
1011	11
1012	11
1013	14
1014	6
1015	12
1016	11
1017	11
1018	11
1019	12
1020	12
1021	4
1022	13
1023	2
1024	9
1025	7
1026	9
1027	9
1028	7
1029	13
1030	11
1031	14
1032	4
1033	9
1034	15
1035	8
1036	8
1037	11
1038	10
1039	9
1040	17
1041	10
1042	10
1043	9
1044	13
1045	8
1046	7
1047	11
1048	10
1049	11
1050	5
1051	6
1052	10
1053	13
1054	14
1055	12
1056	12
1057	11
1058	12
1059	10
1060	10
1061	13
1062	9
1063	6
1064	5
1065	9
1066	13
1067	7
1068	7
1069	16
1070	14
1071	6
1072	12
1073	12
1074	16
1075	8
1076	11
1077	16
1078	8
1079	13
1080	16
1081	8
1082	8
1083	14
1084	7
1085	10
1086	8
1087	14
1088	11
1089	9
1090	8
1091	14
1092	14
1093	9
1094	3
1095	8
1096	12
1097	12
1098	12
1099	12
1100	17
1101	8
1102	13
1103	5
1104	11
1105	9
1106	10
1107	9
1108	9
1109	13
1110	7
1111	14
1112	12
1113	11
1114	9
1115	9
1116	10
1117	16
1118	9
1119	14
1120	12
1121	10
1122	10
1123	11
1124	10
1125	11
1126	13
1127	12
1128	9
1129	8
1130	9
1131	10
1132	13
1133	13
1134	13
1135	10
1136	10
1137	11
1138	6
1139	6
1140	8
1141	8
1142	7
1143	10
1144	6
1145	11
1146	9
1147	7
1148	12
1149	7
1150	8
1151	7
1152	10
1153	16
1154	9
1155	14
1156	9
1157	11
1158	7
1159	9
1160	4
1161	11
1162	10
1163	14
1164	7
1165	12
1166	10
1167	11
1168	6
1169	11
1170	9
1171	6
1172	10
1173	15
1174	17
1175	9
1176	7
1177	9
1178	8
1179	10
1180	12
1181	12
1182	8
1183	4
1184	8
1185	6
1186	11
1187	6
1188	6
1189	11
1190	8
1191	12
1192	7
1193	8
1194	13
1195	9
1196	12
1197	11
1198	8
1199	8
1200	9
1201	9
1202	11
1203	11
1204	10
1205	17
1206	9
1207	10
1208	6
1209	10
1210	15
1211	14
1212	10
1213	14
1214	6
1215	9
1216	7
1217	11
1218	13
1219	12
1220	10
1221	15
1222	6
1223	8
1224	11
1225	12
1226	5
1227	9
1228	7
1229	5
1230	6
1231	14
1232	10
1233	12
1234	7
1235	10
1236	5
1237	17
1238	8
1239	9
1240	7
1241	14
1242	11
1243	9
1244	9
1245	12
1246	10
1247	9
1248	9
1249	6
1250	6
1251	12
1252	8
1253	16
1254	10
1255	11
1256	11
1257	9
1258	11
1259	13
1260	12
1261	8
1262	11
1263	9
1264	5
1265	10
1266	10
1267	10
1268	16
1269	12
1270	13
1271	9
1272	7
1273	6
1274	8
1275	12
1276	10
1277	9
1278	12
1279	9
1280	11
1281	7
1282	10
1283	7
1284	13
1285	15
1286	9
1287	7
1288	10
1289	8
1290	11
1291	6
1292	7
1293	10
1294	13
1295	9
1296	7
1297	9
1298	13
1299	11
1300	12
1301	11
1302	6
1303	11
1304	5
1305	8
1306	11
1307	8
1308	17
1309	12
1310	4
1311	9
1312	8
1313	9
1314	7
1315	14
1316	12
1317	14
1318	13
1319	10
1320	8
1321	13
1322	19
1323	5
1324	7
1325	5
1326	14
1327	7
1328	6
1329	8
1330	6
1331	10
1332	5
1333	13
1334	12
1335	5
1336	10
1337	17
1338	12
1339	10
1340	13
1341	8
1342	7
1343	13
1344	12
1345	12
1346	9
1347	10
1348	17
1349	11
1350	15
1351	11
1352	9
1353	9
1354	7
1355	7
1356	7
1357	15
1358	11
1359	10
1360	9
1361	5
1362	11
1363	6
1364	12
1365	10
1366	9
1367	16
1368	9
1369	8
1370	6
1371	11
1372	10
1373	7
1374	13
1375	16
1376	4
1377	6
1378	7
1379	12
1380	6
1381	9
1382	12
1383	11
1384	6
1385	13
1386	12
1387	13
1388	10
1389	8
1390	7
1391	9
1392	6
1393	12
1394	7
1395	10
1396	12
1397	17
1398	8
1399	7
1400	11
1401	12
1402	9
1403	12
1404	11
1405	14
1406	3
1407	11
1408	7
1409	11
1410	9
1411	7
1412	13
1413	8
1414	6
1415	12
1416	4
1417	8
1418	6
1419	7
1420	8
1421	9
1422	6
1423	4
1424	4
1425	8
1426	7
1427	15
1428	7
1429	11
1430	12
1431	12
1432	10
1433	9
1434	12
1435	6
1436	11
1437	8
1438	9
1439	6
1440	8
1441	10
1442	6
1443	6
1444	9
1445	11
1446	9
1447	8
1448	7
1449	15
1450	5
1451	13
1452	11
1453	9
1454	13
1455	9
1456	13
1457	10
1458	3
1459	7
1460	10
1461	21
1462	8
1463	14
1464	11
1465	13
1466	8
1467	13
1468	12
1469	13
1470	14
1471	10
1472	7
1473	4
1474	8
1475	6
1476	9
1477	8
1478	6
1479	10
1480	9
1481	11
1482	11
1483	13
1484	9
1485	10
1486	14
1487	10
1488	3
1489	15
1490	10
1491	11
1492	15
1493	3
1494	6
1495	11
1496	8
1497	8
1498	11
1499	9
1500	5
1501	14
1502	15
1503	12
1504	8
1505	8
1506	12
1507	6
1508	6
1509	16
1510	9
1511	17
1512	7
1513	7
1514	12
1515	11
1516	5
1517	12
1518	5
1519	5
1520	8
1521	9
1522	12
1523	7
1524	8
1525	9
1526	12
1527	5
1528	7
1529	14
1530	10
1531	7
1532	7
1533	6
1534	11
1535	10
1536	9
1537	12
1538	12
1539	12
1540	15
1541	9
1542	11
1543	5
1544	12
1545	12
1546	11
1547	9
1548	10
1549	6
1550	11
1551	3
1552	7
1553	6
1554	14
1555	14
1556	13
1557	10
1558	11
1559	13
1560	11
1561	13
1562	10
1563	10
1564	9
1565	7
1566	11
1567	9
1568	9
1569	9
1570	11
1571	8
1572	14
1573	9
1574	14
1575	13
1576	15
1577	8
1578	7
1579	10
1580	10
1581	11
1582	8
1583	10
1584	8
1585	12
1586	9
1587	8
1588	7
1589	9
1590	12
1591	6
1592	10
1593	13
1594	7
1595	11
1596	11
1597	8
1598	7
1599	15
1600	8
1601	6
1602	3
1603	7
1604	11
1605	15
1606	12
1607	6
1608	7
1609	5
1610	13
1611	11
1612	7
1613	5
1614	10
1615	14
1616	9
1617	6
1618	9
1619	9
1620	12
1621	10
1622	9
1623	7
1624	8
1625	10
1626	16
1627	8
1628	10
1629	12
1630	10
1631	6
1632	11
1633	5
1634	13
1635	8
1636	10
1637	15
1638	8
1639	3
1640	8
1641	9
1642	2
1643	11
1644	10
1645	11
1646	8
1647	4
1648	10
1649	9
1650	8
1651	10
1652	11
1653	9
1654	10
1655	8
1656	7
1657	10
1658	7
1659	11
1660	5
1661	6
1662	10
1663	4
1664	11
1665	15
1666	13
1667	11
1668	13
1669	6
1670	10
1671	10
1672	12
1673	3
1674	10
1675	8
1676	8
1677	11
1678	10
1679	9
1680	6
1681	10
1682	13
1683	9
1684	8
1685	14
1686	7
1687	8
1688	11
1689	8
1690	13
1691	6
1692	5
1693	7
1694	8
1695	9
1696	8
1697	10
1698	9
1699	9
1700	9
1701	10
1702	10
1703	8
1704	14
1705	4
1706	5
1707	15
1708	8
1709	9
1710	10
1711	7
1712	15
1713	12
1714	12
1715	9
1716	11
1717	10
1718	9
1719	11
1720	12
1721	10
1722	7
1723	7
1724	6
1725	10
1726	8
1727	10
1728	4
1729	8
1730	7
1731	12
1732	8
1733	6
1734	6
1735	6
1736	7
1737	16
1738	13
1739	8
1740	14
1741	4
1742	12
1743	16
1744	12
1745	8
1746	11
1747	6
1748	8
1749	10
1750	8
1751	12
1752	7
1753	6
1754	6
1755	6
1756	10
1757	10
1758	8
1759	9
1760	11
1761	9
1762	11
1763	9
1764	3
1765	10
1766	10
1767	6
1768	12
1769	7
1770	9
1771	11
1772	7
1773	6
1774	6
1775	15
1776	8
1777	14
1778	5
1779	14
1780	5
1781	8
1782	10
1783	6
1784	10
1785	6
1786	7
1787	9
1788	7
1789	14
1790	3
1791	9
1792	13
1793	12
1794	7
1795	13
1796	12
1797	12
1798	10
1799	7
1800	7
1801	10
1802	8
1803	13
1804	8
1805	11
1806	9
1807	8
1808	7
1809	9
1810	14
1811	7
1812	11
1813	5
1814	7
1815	7
1816	7
1817	16
1818	7
1819	10
1820	8
1821	12
1822	15
1823	11
1824	10
1825	12
1826	7
1827	8
1828	10
1829	9
1830	12
1831	10
1832	10
1833	16
1834	16
1835	8
1836	11
1837	7
1838	11
1839	11
1840	15
1841	21
1842	10
1843	12
1844	6
1845	9
1846	16
1847	12
1848	9
1849	9
1850	4
1851	8
1852	5
1853	3
1854	8
1855	8
1856	6
1857	8
1858	8
1859	18
1860	11
1861	11
1862	7
1863	5
1864	4
1865	7
1866	11
1867	6
1868	5
1869	9
1870	5
1871	10
1872	18
1873	9
1874	5
1875	12
1876	12
1877	12
1878	13
1879	7
1880	15
1881	7
1882	5
1883	3
1884	6
1885	8
1886	9
1887	13
1888	13
1889	12
1890	12
1891	17
1892	10
1893	9
1894	12
1895	8
1896	10
1897	18
1898	11
1899	11
1900	8
1901	12
1902	10
1903	14
1904	9
1905	13
1906	8
1907	12
1908	9
1909	12
1910	12
1911	15
1912	9
1913	9
1914	11
1915	12
1916	7
1917	9
1918	12
1919	8
1920	13
1921	9
1922	13
1923	11
1924	13
1925	10
1926	11
1927	7
1928	12
1929	7
1930	10
1931	12
1932	11
1933	10
1934	6
1935	7
1936	6
1937	9
1938	6
1939	9
1940	9
1941	7
1942	7
1943	10
1944	5
1945	12
1946	6
1947	10
1948	8
1949	12
1950	12
1951	7
1952	6
1953	13
1954	11
1955	5
1956	11
1957	7
1958	10
1959	16
1960	6
1961	7
1962	7
1963	6
1964	9
1965	13
1966	13
1967	6
1968	4
1969	13
1970	10
1971	11
1972	8
1973	5
1974	7
1975	6
1976	10
1977	12
1978	16
1979	4
1980	10
1981	14
1982	12
1983	18
1984	11
1985	10
1986	13
1987	8
1988	17
1989	8
1990	14
1991	13
1992	7
1993	9
1994	7
1995	10
1996	8
1997	12
1998	17
1999	13
2000	9
2001	9
2002	6
2003	7
2004	10
2005	8
2006	17
2007	7
2008	11
2009	12
2010	11
2011	5
2012	7
2013	7
2014	10
2015	5
2016	10
2017	11
2018	7
2019	9
2020	11
2021	10
2022	12
2023	8
2024	8
2025	7
2026	6
2027	16
2028	3
2029	9
2030	10
2031	8
2032	7
2033	6
2034	13
2035	6
2036	6
2037	11
2038	15
2039	12
2040	9
2041	8
2042	11
2043	11
2044	8
2045	10
2046	5
2047	10
2048	5
2049	12
2050	9
2051	7
2052	7
2053	8
2054	9
2055	12
2056	9
2057	8
2058	14
2059	8
2060	9
2061	10
2062	14
2063	8
2064	9
2065	8
2066	8
2067	9
2068	5
2069	5
2070	7
2071	5
2072	8
2073	10
2074	7
2075	10
2076	12
2077	9
2078	9
2079	10
2080	16
2081	6
2082	6
2083	2
2084	6
2085	9
2086	8
2087	10
2088	6
2089	14
2090	5
2091	8
2092	5
2093	13
2094	10
2095	8
2096	13
2097	10
2098	5
2099	11
2100	7
2101	17
2102	13
2103	9
2104	10
2105	11
2106	11
2107	7
2108	9
2109	13
2110	9
2111	15
2112	8
2113	13
2114	15
2115	10
2116	8
2117	9
2118	15
2119	10
2120	9
2121	8
2122	15
2123	13
2124	7
2125	9
2126	6
2127	8
2128	1
2129	7
2130	17
2131	14
2132	11
2133	13
2134	9
2135	8
2136	11
2137	6
2138	17
2139	10
2140	10
2141	12
2142	14
2143	8
2144	9
2145	11
2146	11
2147	9
2148	6
2149	12
2150	15
2151	8
2152	9
2153	7
2154	9
2155	3
2156	12
2157	16
2158	8
2159	10
2160	10
2161	11
2162	11
2163	7
2164	6
2165	13
2166	6
2167	25
2168	10
2169	11
2170	5
2171	11
2172	7
2173	11
2174	14
2175	9
2176	11
2177	14
2178	10
2179	5
2180	13
2181	14
2182	10
2183	8
2184	5
2185	12
2186	12
2187	11
2188	12
2189	6
2190	12
2191	10
2192	16
2193	8
2194	10
2195	6
2196	6
2197	10
2198	9
2199	8
2200	6
2201	21
2202	7
2203	11
2204	14
2205	7
2206	5
2207	8
2208	10
2209	6
2210	10
2211	9
2212	10
2213	10
2214	9
2215	6
2216	16
2217	5
2218	8
2219	13
2220	11
2221	5
2222	9
2223	11
2224	12
2225	14
2226	16
2227	5
2228	9
2229	11
2230	7
2231	14
2232	6
2233	5
2234	13
2235	11
2236	13
2237	3
2238	8
2239	13
2240	9
2241	8
2242	13
2243	10
2244	11
2245	17
2246	9
2247	8
2248	8
2249	7
2250	10
2251	13
2252	4
2253	8
2254	5
2255	6
2256	14
2257	14
2258	8
2259	15
2260	10
2261	10
2262	6
2263	13
2264	14
2265	5
2266	16
2267	9
2268	15
2269	12
2270	9
2271	9
2272	6
2273	10
2274	9
2275	17
2276	9
2277	12
2278	15
2279	10
2280	11
2281	9
2282	11
2283	10
2284	9
2285	15
2286	16
2287	11
2288	9
2289	10
2290	12
2291	7
2292	9
2293	13
2294	13
2295	12
2296	10
2297	9
2298	17
2299	9
2300	15
2301	11
2302	10
2303	13
2304	10
2305	13
2306	10
2307	13
2308	8
2309	5
2310	11
2311	14
2312	10
2313	10
2314	13
2315	15
2316	13
2317	13
2318	14
2319	13
2320	17
2321	8
2322	9
2323	11
2324	10
2325	9
2326	12
2327	13
2328	12
2329	12
2330	14
2331	12
2332	17
2333	6
2334	12
2335	10
2336	9
2337	10
2338	16
2339	14
2340	14
2341	20
2342	14
2343	11
2344	16
2345	13
2346	10
2347	10
2348	21
2349	16
2350	8
2351	14
2352	9
2353	13
2354	10
2355	11
2356	13
2357	11
2358	12
2359	13
2360	10
2361	11
2362	17
2363	17
2364	7
2365	13
2366	11
2367	17
2368	11
2369	11
2370	15
2371	7
2372	15
2373	11
2374	11
2375	8
2376	7
2377	14
2378	12
2379	13
2380	7
2381	14
2382	16
2383	15
2384	12
2385	12
2386	17
2387	11
2388	15
2389	17
2390	13
2391	10
2392	11
2393	8
2394	13
2395	9
2396	12
2397	15
2398	10
2399	7
2400	15
2401	16
2402	12
2403	12
2404	17
2405	16
2406	12
2407	15
2408	14
2409	12
2410	12
2411	16
2412	10
2413	14
2414	12
2415	12
2416	16
2417	11
2418	13
2419	14
2420	18
2421	13
2422	11
2423	14
2424	15
2425	15
2426	10
2427	17
2428	14
2429	12
2430	10
2431	14
2432	15
2433	14
2434	9
2435	7
2436	13
2437	14
2438	18
2439	18
2440	10
2441	13
2442	4
2443	11
2444	9
2445	17
2446	14
2447	10
2448	14
2449	13
2450	13
2451	6
2452	8
2453	13
2454	18
2455	10
2456	12
2457	13
2458	8
2459	16
2460	13
2461	11
2462	21
2463	9
2464	15
2465	8
2466	20
2467	11
2468	11
2469	23
2470	8
2471	13
2472	20
2473	15
2474	12
2475	9
2476	15
2477	12
2478	19
2479	12
2480	13
2481	13
2482	10
2483	11
2484	9
2485	20
2486	9
2487	7
2488	8
2489	9
2490	12
2491	13
2492	11
2493	9
2494	24
2495	13
2496	15
2497	14
2498	14
2499	7
2500	13
2501	12
2502	12
2503	5
2504	18
2505	11
2506	17
2507	11
2508	15
2509	16
2510	13
2511	13
2512	15
2513	11
2514	15
2515	14
2516	7
2517	11
2518	8
2519	6
2520	13
2521	9
2522	13
2523	17
2524	9
2525	15
2526	15
2527	9
2528	13
2529	15
2530	13
2531	13
2532	15
2533	14
2534	5
2535	14
2536	8
2537	9
2538	15
2539	12
2540	17
2541	20
2542	13
2543	17
2544	11
2545	8
2546	12
2547	8
2548	6
2549	6
2550	15
2551	13
2552	9
2553	11
2554	13
2555	18
2556	10
2557	7
2558	12
2559	9
2560	10
2561	14
2562	12
2563	11
2564	8
2565	15
2566	9
2567	8
2568	12
2569	8
2570	11
2571	18
2572	13
2573	10
2574	9
2575	8
2576	12
2577	5
2578	8
2579	7
2580	10
2581	16
2582	9
2583	9
2584	11
2585	15
2586	16
2587	8
2588	14
2589	14
2590	7
2591	10
2592	15
2593	14
2594	9
2595	18
2596	13
2597	8
2598	15
2599	13
2600	11
2601	11
2602	12
2603	14
2604	9
2605	12
2606	11
2607	11
2608	6
2609	15
2610	18
2611	15
2612	16
2613	8
2614	15
2615	11
2616	14
2617	14
2618	11
2619	11
2620	14
2621	11
2622	12
2623	12
2624	12
2625	13
2626	12
2627	9
2628	10
2629	13
2630	7
2631	11
2632	11
2633	6
2634	6
2635	10
2636	6
2637	13
2638	15
2639	13
2640	15
2641	10
2642	16
2643	9
2644	16
2645	11
2646	12
2647	9
2648	13
2649	4
2650	18
2651	11
2652	13
2653	8
2654	8
2655	10
2656	17
2657	12
2658	8
2659	9
2660	14
2661	12
2662	14
2663	14
2664	15
2665	14
2666	8
2667	8
2668	14
2669	17
2670	11
2671	12
2672	6
2673	17
2674	7
2675	12
2676	11
2677	15
2678	8
2679	19
2680	9
2681	7
2682	9
2683	15
2684	6
2685	15
2686	18
2687	12
2688	7
2689	12
2690	13
2691	10
2692	8
2693	9
2694	10
2695	14
2696	5
2697	9
2698	16
2699	8
2700	13
2701	10
2702	18
2703	7
2704	10
2705	12
2706	10
2707	15
2708	10
2709	17
2710	12
2711	10
2712	8
2713	16
2714	9
2715	6
2716	13
2717	13
2718	9
2719	13
2720	10
2721	10
2722	10
2723	14
2724	11
2725	10
2726	12
2727	14
2728	19
2729	12
2730	15
2731	8
2732	13
2733	10
2734	17
2735	10
2736	15
2737	18
2738	8
2739	8
2740	5
2741	7
2742	9
2743	11
2744	5
2745	15
2746	10
2747	5
2748	9
2749	12
2750	16
2751	10
2752	14
2753	5
2754	14
2755	9
2756	11
2757	10
2758	13
2759	8
2760	10
2761	15
2762	8
2763	15
2764	15
2765	14
2766	11
2767	13
2768	9
2769	8
2770	15
2771	10
2772	13
2773	14
2774	12
2775	10
2776	10
2777	9
2778	10
2779	10
2780	8
2781	5
2782	16
2783	10
2784	13
2785	15
2786	9
2787	12
2788	11
2789	18
2790	9
2791	9
2792	10
2793	14
2794	8
2795	11
2796	13
2797	15
2798	10
2799	11
2800	15
2801	11
2802	12
2803	11
2804	11
2805	11
2806	7
2807	7
2808	13
2809	5
2810	15
2811	14
2812	11
2813	18
2814	10
2815	9
2816	6
2817	14
2818	17
2819	7
2820	14
2821	12
2822	13
2823	10
2824	9
2825	12
2826	11
2827	17
2828	8
2829	15
2830	11
2831	9
2832	15
2833	5
2834	8
2835	19
2836	8
2837	16
2838	14
2839	8
2840	10
2841	9
2842	13
2843	14
2844	10
2845	13
2846	9
2847	9
2848	14
2849	15
2850	9
2851	2
2852	5
2853	8
2854	7
2855	14
2856	16
2857	14
2858	10
2859	7
2860	6
2861	7
2862	17
2863	14
2864	16
2865	12
2866	12
2867	8
2868	8
2869	12
2870	9
2871	5
2872	12
2873	13
2874	9
2875	9
2876	12
2877	7
2878	20
2879	12
2880	8
2881	6
2882	11
2883	9
2884	8
2885	9
2886	12
2887	9
2888	7
2889	10
2890	10
2891	17
2892	9
2893	11
2894	13
2895	12
2896	8
2897	5
2898	13
2899	10
2900	12
2901	8
2902	9
2903	10
2904	10
2905	11
2906	9
2907	6
2908	18
2909	12
2910	9
2911	11
2912	8
2913	11
2914	12
2915	17
2916	8
2917	3
2918	11
2919	16
2920	16
2921	6
2922	11
2923	5
2924	9
2925	13
2926	15
2927	11
2928	8
2929	15
2930	11
2931	9
2932	11
2933	10
2934	11
2935	10
2936	9
2937	16
2938	12
2939	15
2940	13
2941	8
2942	16
2943	12
2944	11
2945	14
2946	13
2947	15
2948	16
2949	14
2950	12
2951	9
2952	10
2953	5
2954	14
2955	10
2956	8
2957	8
2958	12
2959	13
2960	16
2961	10
2962	17
2963	14
2964	6
2965	7
2966	13
2967	16
2968	10
2969	13
2970	6
2971	8
2972	4
2973	10
2974	12
2975	6
2976	10
2977	14
2978	12
2979	10
2980	9
2981	13
2982	9
2983	10
2984	12
2985	11
2986	7
2987	13
2988	13
2989	11
2990	12
2991	11
2992	7
2993	5
2994	7
2995	11
2996	10
2997	9
2998	7
2999	8
3000	12
3001	10
3002	10
3003	11
3004	9
3005	7
3006	11
3007	8
3008	9
3009	15
3010	7
3011	8
3012	9
3013	7
3014	11
3015	12
3016	11
3017	8
3018	11
3019	12
3020	8
3021	11
3022	8
3023	3
3024	6
3025	10
3026	8
3027	11
3028	12
3029	14
3030	4
3031	8
3032	11
3033	2
3034	9
3035	9
3036	9
3037	13
3038	12
3039	10
3040	12
3041	14
3042	12
3043	8
3044	9
3045	12
3046	10
3047	7
3048	14
3049	8
3050	11
3051	11
3052	10
3053	14
3054	9
3055	11
3056	10
3057	11
3058	11
3059	8
3060	10
3061	8
3062	10
3063	9
3064	10
3065	14
3066	11
3067	20
3068	10
3069	7
3070	11
3071	12
3072	14
3073	10
3074	11
3075	9
3076	10
3077	11
3078	11
3079	13
3080	7
3081	10
3082	10
3083	11
3084	13
3085	4
3086	15
3087	10
3088	5
3089	10
3090	9
3091	4
3092	7
3093	17
3094	11
3095	12
3096	6
3097	10
3098	9
3099	9
3100	7
3101	11
3102	9
3103	10
3104	10
3105	11
3106	12
3107	9
3108	10
3109	10
3110	12
3111	11
3112	7
3113	9
3114	13
3115	10
3116	6
3117	14
3118	9
3119	9
3120	10
3121	5
3122	11
3123	13
3124	8
3125	9
3126	10
3127	8
3128	8
3129	18
3130	13
3131	16
3132	11
3133	5
3134	15
3135	7
3136	8
3137	16
3138	9
3139	7
3140	8
3141	9
3142	9
3143	10
3144	7
3145	12
3146	12
3147	6
3148	9
3149	17
3150	8
3151	6
3152	11
3153	11
3154	11
3155	13
3156	9
3157	11
3158	10
3159	8
3160	10
3161	4
3162	8
3163	13
3164	14
3165	6
3166	11
3167	13
3168	8
3169	13
3170	6
3171	6
3172	7
3173	7
3174	9
3175	6
3176	3
3177	10
3178	8
3179	10
3180	9
3181	13
3182	15
3183	6
3184	10
3185	11
3186	9
3187	6
3188	12
3189	8
3190	9
3191	7
3192	9
3193	2
3194	9
3195	11
3196	6
3197	8
3198	10
3199	13
3200	6
3201	11
3202	5
3203	6
3204	7
3205	14
3206	5
3207	11
3208	13
3209	7
3210	12
3211	8
3212	12
3213	5
3214	10
3215	12
3216	11
3217	10
3218	5
3219	9
3220	11
3221	14
3222	5
3223	8
3224	10
3225	6
3226	10
3227	15
3228	5
3229	6
3230	13
3231	8
3232	9
3233	11
3234	8
3235	9
3236	8
3237	6
3238	15
3239	7
3240	15
3241	7
3242	5
3243	6
3244	15
3245	10
3246	12
3247	9
3248	5
3249	6
3250	7
3251	7
3252	10
3253	7
3254	8
3255	6
3256	7
3257	12
3258	9
3259	11
3260	9
3261	7
3262	16
3263	14
3264	3
3265	8
3266	6
3267	6
3268	12
3269	8
3270	12
3271	6
3272	12
3273	9
3274	10
3275	6
3276	12
3277	10
3278	8
3279	10
3280	15
3281	10
3282	4
3283	9
3284	8
3285	9
3286	6
3287	5
3288	8
3289	12
3290	12
3291	7
3292	7
3293	8
3294	7
3295	6
3296	7
3297	12
3298	7
3299	7
3300	5
3301	11
3302	8
3303	9
3304	10
3305	8
3306	7
3307	6
3308	10
3309	6
3310	10
3311	10
3312	13
3313	8
3314	10
3315	10
3316	13
3317	14
3318	10
3319	7
3320	3
3321	12
3322	6
3323	10
3324	7
3325	12
3326	6
3327	9
3328	3
3329	10
3330	15
3331	13
3332	4
3333	14
3334	7
3335	13
3336	8
3337	8
3338	9
3339	6
3340	11
3341	7
3342	10
3343	5
3344	8
3345	9
3346	10
3347	9
3348	10
3349	8
3350	8
3351	11
3352	12
3353	2
3354	10
3355	13
3356	4
3357	10
3358	5
3359	12
3360	7
3361	6
3362	12
3363	10
3364	4
3365	8
3366	10
3367	11
3368	12
3369	7
3370	5
3371	8
3372	7
3373	9
3374	7
3375	4
3376	8
3377	14
3378	12
3379	9
3380	9
3381	9
3382	2
3383	8
3384	8
3385	8
3386	8
3387	11
3388	7
3389	9
3390	12
3391	10
3392	4
3393	7
3394	6
3395	9
3396	15
3397	9
3398	5
3399	12
3400	9
3401	4
3402	12
3403	3
3404	14
3405	6
3406	6
3407	12
3408	9
3409	5
3410	4
3411	5
3412	7
3413	11
3414	10
3415	6
3416	14
3417	8
3418	10
3419	4
3420	11
3421	8
3422	11
3423	12
3424	8
3425	3
3426	8
3427	10
3428	6
3429	9
3430	8
3431	5
3432	4
3433	7
3434	9
3435	10
3436	14
3437	7
3438	8
3439	5
3440	4
3441	10
3442	13
3443	11
3444	7
3445	8
3446	4
3447	8
3448	8
3449	2
3450	9
3451	11
3452	8
3453	10
3454	6
3455	5
3456	8
3457	11
3458	8
3459	13
3460	11
3461	9
3462	7
3463	11
3464	7
3465	14
3466	8
3467	13
3468	8
3469	7
3470	6
3471	11
3472	10
3473	5
3474	9
3475	9
3476	5
3477	8
3478	6
3479	8
3480	6
3481	7
3482	4
3483	8
3484	8
3485	9
3486	10
3487	11
3488	8
3489	8
3490	6
3491	8
3492	1
3493	11
3494	9
3495	5
3496	10
3497	11
3498	8
3499	10
3500	7
3501	8
3502	7
3503	8
3504	11
3505	4
3506	9
3507	4
3508	6
3509	12
3510	10
3511	10
3512	5
3513	10
3514	4
3515	12
3516	11
3517	12
3518	9
3519	9
3520	11
3521	7
3522	11
3523	13
3524	11
3525	8
3526	10
3527	4
3528	7
3529	6
3530	5
3531	5
3532	7
3533	5
3534	10
3535	5
3536	10
3537	7
3538	4
3539	9
3540	7
3541	8
3542	5
3543	11
3544	9
3545	7
3546	13
3547	7
3548	10
3549	4
3550	7
3551	11
3552	10
3553	7
3554	10
3555	8
3556	7
3557	9
3558	10
3559	12
3560	7
3561	10
3562	7
3563	10
3564	11
3565	8
3566	5
3567	7
3568	8
3569	7
3570	6
3571	9
3572	8
3573	7
3574	8
3575	10
3576	13
3577	7
3578	7
3579	8
3580	8
3581	11
3582	6
3583	5
3584	12
3585	12
3586	15
3587	13
3588	9
3589	3
3590	6
3591	8
3592	9
3593	8
3594	7
3595	8
3596	11
3597	9
3598	11
3599	6
3600	7
3601	3
3602	8
3603	3
3604	6
3605	10
3606	10
3607	8
3608	11
3609	8
3610	8
3611	11
3612	9
3613	8
3614	7
3615	4
3616	4
3617	7
3618	10
3619	8
3620	11
3621	5
3622	7
3623	8
3624	5
3625	6
3626	7
3627	9
3628	11
3629	12
3630	11
3631	8
3632	7
3633	8
3634	9
3635	11
3636	13
3637	6
3638	10
3639	5
3640	5
3641	8
3642	6
3643	5
3644	4
3645	8
3646	9
3647	9
3648	7
3649	12
3650	6
3651	6
3652	6
3653	10
3654	9
3655	7
3656	7
3657	11
3658	5
3659	6
3660	5
3661	8
3662	8
3663	3
3664	7
3665	5
3666	8
3667	2
3668	6
3669	12
3670	9
3671	11
3672	8
3673	3
3674	9
3675	10
3676	11
3677	11
3678	3
3679	7
3680	5
3681	11
3682	7
3683	10
3684	11
3685	13
3686	10
3687	10
3688	8
3689	9
3690	10
3691	10
3692	6
3693	4
3694	10
3695	14
3696	4
3697	6
3698	9
3699	8
3700	6
3701	9
3702	8
3703	7
3704	10
3705	6
3706	6
3707	11
3708	10
3709	5
3710	9
3711	8
3712	5
3713	8
3714	13
3715	2
3716	8
3717	9
3718	10
3719	10
3720	7
3721	6
3722	5
3723	4
3724	10
3725	7
3726	2
3727	5
3728	5
3729	9
3730	6
3731	4
3732	13
3733	6
3734	12
3735	7
3736	7
3737	11
3738	4
3739	6
3740	10
3741	7
3742	5
3743	12
3744	13
3745	11
3746	13
3747	11
3748	8
3749	13
3750	12
3751	11
3752	14
3753	15
3754	5
3755	8
3756	11
3757	9
3758	8
3759	8
3760	7
3761	8
3762	11
3763	10
3764	8
3765	9
3766	1
3767	8
3768	4
3769	2
3770	4
3771	13
3772	6
3773	5
3774	3
3775	7
3776	5
3777	4
3778	5
3779	8
3780	7
3781	10
3782	3
3783	14
3784	4
3785	6
3786	8
3787	9
3788	5
3789	5
3790	8
3791	8
3792	5
3793	7
3794	10
3795	14
3796	11
3797	7
3798	4
3799	8
3800	7
3801	11
3802	4
3803	13
3804	6
3805	5
3806	5
3807	16
3808	6
3809	8
3810	2
3811	10
3812	4
3813	7
3814	8
3815	8
3816	5
3817	7
3818	9
3819	9
3820	7
3821	6
3822	10
3823	7
3824	8
3825	2
3826	9
3827	4
3828	7
3829	8
3830	9
3831	10
3832	7
3833	4
3834	9
3835	8
3836	13
3837	6
3838	9
3839	7
3840	9
3841	6
3842	4
3843	9
3844	11
3845	7
3846	11
3847	11
3848	5
3849	7
3850	13
3851	5
3852	7
3853	7
3854	7
3855	4
3856	6
3857	12
3858	9
3859	6
3860	8
3861	13
3862	5
3863	6
3864	8
3865	4
3866	4
3867	12
3868	7
3869	8
3870	7
3871	8
3872	6
3873	14
3874	7
3875	6
3876	7
3877	9
3878	7
3879	6
3880	10
3881	11
3882	1
3883	6
3884	8
3885	3
3886	6
3887	4
3888	6
3889	8
3890	8
3891	9
3892	6
3893	7
3894	2
3895	8
3896	8
3897	14
3898	5
3899	6
3900	6
3901	8
3902	7
3903	8
3904	12
3905	4
3906	4
3907	8
3908	11
3909	7
3910	6
3911	9
3912	8
3913	6
3914	6
3915	9
3916	4
3917	6
3918	12
3919	5
3920	5
3921	5
3922	6
3923	4
3924	9
3925	8
3926	6
3927	10
3928	12
3929	12
3930	7
3931	8
3932	8
3933	10
3934	5
3935	10
3936	11
3937	6
3938	6
3939	5
3940	6
3941	12
3942	5
3943	7
3944	6
3945	8
3946	5
3947	6
3948	9
3949	10
3950	7
3951	5
3952	7
3953	8
3954	7
3955	5
3956	9
3957	7
3958	6
3959	7
3960	6
3961	5
3962	7
3963	4
3964	7
3965	8
3966	9
3967	12
3968	6
3969	12
3970	11
3971	9
3972	5
3973	12
3974	6
3975	5
3976	5
3977	4
3978	7
3979	8
3980	10
3981	8
3982	5
3983	7
3984	3
3985	4
3986	2
3987	5
3988	8
3989	5
3990	7
3991	6
3992	6
3993	10
3994	5
3995	3
3996	10
3997	7
3998	6
3999	8
4000	8
4001	6
4002	17
4003	7
4004	9
4005	11
4006	6
4007	4
4008	12
4009	8
4010	8
4011	7
4012	8
4013	8
4014	7
4015	9
4016	5
4017	6
4018	9
4019	7
4020	5
4021	6
4022	10
4023	8
4024	6
4025	10
4026	8
4027	4
4028	4
4029	6
4030	8
4031	4
4032	8
4033	12
4034	6
4035	12
4036	5
4037	6
4038	11
4039	5
4040	4
4041	7
4042	7
4043	10
4044	11
4045	5
4046	4
4047	6
4048	8
4049	7
4050	2
4051	11
4052	13
4053	11
4054	10
4055	13
4056	9
4057	6
4058	7
4059	8
4060	5
4061	10
4062	9
4063	7
4064	7
4065	2
4066	7
4067	4
4068	5
4069	11
4070	4
4071	5
4072	9
4073	8
4074	7
4075	7
4076	10
4077	0
4078	8
4079	7
4080	6
4081	7
4082	8
4083	8
4084	10
4085	8
4086	6
4087	5
4088	10
4089	4
4090	4
4091	8
4092	4
4093	12
4094	11
4095	7
4096	3
4097	6
4098	6
4099	11
4100	3
4101	8
4102	6
4103	10
4104	8
4105	8
4106	7
4107	10
4108	9
4109	5
4110	9
4111	7
4112	8
4113	9
4114	5
4115	7
4116	8
4117	3
4118	0
4119	4
4120	8
4121	3
4122	5
4123	3
4124	4
4125	4
4126	11
4127	11
4128	7
4129	6
4130	3
4131	3
4132	6
4133	8
4134	11
4135	7
4136	7
4137	8
4138	10
4139	13
4140	7
4141	6
4142	5
4143	7
4144	9
4145	5
4146	5
4147	13
4148	7
4149	9
4150	10
4151	8
4152	5
4153	7
4154	7
4155	8
4156	4
4157	8
4158	3
4159	10
4160	5
4161	4
4162	7
4163	6
4164	8
4165	8
4166	5
4167	8
4168	7
4169	10
4170	7
4171	4
4172	8
4173	4
4174	14
4175	8
4176	4
4177	4
4178	9
4179	4
4180	9
4181	5
4182	8
4183	7
4184	11
4185	6
4186	7
4187	4
4188	7
4189	5
4190	4
4191	7
4192	7
4193	3
4194	12
4195	3
4196	5
4197	6
4198	9
4199	10
4200	9
4201	3
4202	11
4203	7
4204	6
4205	7
4206	5
4207	9
4208	7
4209	8
4210	7
4211	8
4212	7
4213	9
4214	11
4215	7
4216	11
4217	5
4218	6
4219	6
4220	3
4221	7
4222	8
4223	7
4224	2
4225	10
4226	13
4227	7
4228	4
4229	8
4230	9
4231	2
4232	7
4233	2
4234	6
4235	8
4236	5
4237	8
4238	1
4239	8
4240	5
4241	10
4242	4
4243	10
4244	3
4245	7
4246	3
4247	5
4248	5
4249	5
4250	1
4251	3
4252	8
4253	10
4254	12
4255	11
4256	9
4257	4
4258	6
4259	5
4260	8
4261	7
4262	6
4263	8
4264	7
4265	6
4266	14
4267	11
4268	8
4269	8
4270	6
4271	5
4272	9
4273	2
4274	4
4275	5
4276	9
4277	8
4278	8
4279	6
4280	8
4281	4
4282	9
4283	5
4284	8
4285	8
4286	2
4287	5
4288	7
4289	7
4290	7
4291	10
4292	9
4293	1
4294	5
4295	10
4296	11
4297	6
4298	9
4299	3
4300	6
4301	9
4302	5
4303	6
4304	8
4305	2
4306	9
4307	10
4308	8
4309	9
4310	7
4311	5
4312	5
4313	6
4314	8
4315	10
4316	8
4317	6
4318	5
4319	4
4320	5
4321	7
4322	7
4323	8
4324	5
4325	5
4326	3
4327	7
4328	4
4329	8
4330	7
4331	6
4332	5
4333	7
4334	6
4335	4
4336	11
4337	5
4338	7
4339	6
4340	6
4341	11
4342	7
4343	13
4344	7
4345	5
4346	6
4347	4
4348	2
4349	10
4350	3
4351	6
4352	7
4353	2
4354	6
4355	8
4356	6
4357	3
4358	10
4359	6
4360	4
4361	5
4362	5
4363	10
4364	6
4365	5
4366	2
4367	4
4368	3
4369	5
4370	7
4371	10
4372	8
4373	7
4374	9
4375	8
4376	5
4377	5
4378	7
4379	2
4380	5
4381	4
4382	7
4383	4
4384	7
4385	10
4386	5
4387	8
4388	2
4389	6
4390	7
4391	3
4392	3
4393	6
4394	4
4395	6
4396	3
4397	5
4398	4
4399	3
4400	12
4401	4
4402	9
4403	11
4404	5
4405	5
4406	6
4407	6
4408	9
4409	6
4410	2
4411	3
4412	7
4413	5
4414	6
4415	4
4416	7
4417	8
4418	4
4419	11
4420	6
4421	7
4422	9
4423	6
4424	5
4425	5
4426	6
4427	6
4428	5
4429	6
4430	4
4431	4
4432	12
4433	5
4434	8
4435	4
4436	9
4437	4
4438	7
4439	7
4440	6
4441	3
4442	5
4443	7
4444	8
4445	5
4446	6
4447	4
4448	3
4449	5
4450	7
4451	6
4452	6
4453	4
4454	5
4455	7
4456	8
4457	4
4458	1
4459	4
4460	3
4461	8
4462	3
4463	4
4464	5
4465	7
4466	8
4467	5
4468	5
4469	7
4470	3
4471	9
4472	4
4473	6
4474	5
4475	8
4476	4
4477	5
4478	6
4479	6
4480	4
4481	5
4482	1
4483	4
4484	0
4485	7
4486	3
4487	8
4488	5
4489	2
4490	3
4491	7
4492	4
4493	2
4494	6
4495	5
4496	2
4497	4
4498	9
4499	2
4500	3
4501	6
4502	2
4503	5
4504	5
4505	7
4506	10
4507	7
4508	5
4509	3
4510	4
4511	2
4512	6
4513	4
4514	3
4515	6
4516	3
4517	5
4518	3
4519	6
4520	3
4521	6
4522	10
4523	5
4524	6
4525	3
4526	4
4527	6
4528	4
4529	5
4530	3
4531	5
4532	4
4533	3
4534	9
4535	3
4536	2
4537	2
4538	5
4539	4
4540	4
4541	3
4542	8
4543	6
4544	4
4545	3
4546	4
4547	2
4548	2
4549	5
4550	6
4551	3
4552	5
4553	6
4554	6
4555	3
4556	10
4557	5
4558	6
4559	4
4560	1
4561	7
4562	7
4563	6
4564	4
4565	6
4566	8
4567	6
4568	6
4569	2
4570	5
4571	4
4572	6
4573	9
4574	5
4575	2
4576	6
4577	6
4578	5
4579	6
4580	6
4581	2
4582	7
4583	0
4584	7
4585	1
4586	5
4587	4
4588	6
4589	8
4590	3
4591	7
4592	9
4593	6
4594	5
4595	6
4596	1
4597	5
4598	3
4599	3
4600	3
4601	3
4602	2
4603	7
4604	9
4605	4
4606	9
4607	3
4608	4
4609	3
4610	6
4611	5
4612	3
4613	3
4614	3
4615	3
4616	8
4617	3
4618	5
4619	4
4620	3
4621	7
4622	3
4623	4
4624	7
4625	9
4626	5
4627	4
4628	4
4629	6
4630	6
4631	4
4632	6
4633	2
4634	4
4635	1
4636	1
4637	4
4638	7
4639	4
4640	3
4641	2
4642	3
4643	4
4644	1
4645	5
4646	8
4647	2
4648	6
4649	3
4650	4
4651	9
4652	4
4653	8
4654	1
4655	3
4656	2
4657	2
4658	4
4659	3
4660	4
4661	5
4662	6
4663	6
4664	0
4665	8
4666	3
4667	4
4668	6
4669	6
4670	2
4671	4
4672	5
4673	8
4674	5
4675	2
4676	2
4677	4
4678	4
4679	7
4680	3
4681	3
4682	4
4683	5
4684	1
4685	1
4686	2
4687	5
4688	3
4689	3
4690	0
4691	2
4692	5
4693	3
4694	6
4695	4
4696	1
4697	2
4698	4
4699	4
4700	5
4701	3
4702	1
4703	2
4704	6
4705	3
4706	3
4707	0
4708	4
4709	5
4710	6
4711	4
4712	3
4713	4
4714	3
4715	5
4716	3
4717	3
4718	3
4719	6
4720	2
4721	11
4722	1
4723	4
4724	5
4725	4
4726	3
4727	2
4728	0
4729	3
4730	6
4731	2
4732	5
4733	3
4734	2
4735	1
4736	5
4737	7
4738	6
4739	3
4740	6
4741	7
4742	5
4743	5
4744	1
4745	0
4746	5
4747	4
4748	4
4749	3
4750	4
4751	3
4752	5
4753	4
4754	2
4755	5
4756	1
4757	4
4758	6
4759	5
4760	4
4761	1
4762	5
4763	6
4764	3
4765	3
4766	1
4767	2
4768	0
4769	2
4770	3
4771	1
4772	2
4773	3
4774	5
4775	7
4776	1
4777	4
4778	1
4779	3
4780	6
4781	6
4782	5
4783	6
4784	0
4785	2
4786	3
4787	3
4788	2
4789	2
4790	1
4791	8
4792	2
4793	6
4794	8
4795	5
4796	5
4797	5
4798	5
4799	1
4800	4
4801	7
4802	3
4803	3
4804	6
4805	2
4806	3
4807	2
4808	1
4809	3
4810	4
4811	4
4812	4
4813	2
4814	5
4815	6
4816	3
4817	3
4818	1
4819	5
4820	4
4821	5
4822	3
4823	3
4824	4
4825	4
4826	3
4827	2
4828	5
4829	4
4830	2
4831	7
4832	3
4833	4
4834	4
4835	3
4836	2
4837	6
4838	2
4839	2
4840	4
4841	3
4842	2
4843	6
4844	3
4845	1
4846	5
4847	2
4848	3
4849	1
4850	4
4851	3
4852	1
4853	2
4854	1
4855	8
4856	2
4857	3
4858	2
4859	4
4860	5
4861	1
4862	2
4863	6
4864	6
4865	4
4866	5
4867	3
4868	4
4869	2
4870	2
4871	3
4872	0
4873	1
4874	5
4875	1
4876	4
4877	3
4878	7
4879	2
4880	2
4881	1
4882	5
4883	5
4884	2
4885	8
4886	4
4887	1
4888	3
4889	3
4890	1
4891	2
4892	0
4893	4
4894	3
4895	6
4896	4
4897	6
4898	5
4899	2
4900	4
4901	1
4902	9
4903	3
4904	4
4905	3
4906	0
4907	3
4908	1
4909	2
4910	4
4911	1
4912	1
4913	4
4914	4
4915	5
4916	4
4917	4
4918	1
4919	2
4920	4
4921	4
4922	6
4923	4
4924	1
4925	5
4926	3
4927	2
4928	1
4929	4
4930	3
4931	3
4932	2
4933	4
4934	2
4935	4
4936	2
4937	3
4938	1
4939	3
4940	4
4941	1
4942	0
4943	2
4944	3
4945	4
4946	3
4947	4
4948	1
4949	1
4950	4
4951	1
4952	3
4953	3
4954	4
4955	3
4956	3
4957	2
4958	2
4959	1
4960	1
4961	8
4962	2
4963	2
4964	1
4965	3
4966	2
4967	2
4968	1
4969	4
4970	3
4971	0
4972	5
4973	1
4974	2
4975	1
4976	1
4977	2
4978	6
4979	2
4980	1
4981	1
4982	2
4983	1
4984	5
4985	5
4986	5
4987	3
4988	3
4989	4
4990	6
4991	4
4992	5
4993	2
4994	0
4995	2
4996	9
4997	3
4998	3
4999	3
5000	1
5001	8
5002	3
5003	3
5004	4
5005	2
5006	4
5007	3
5008	2
5009	6
5010	3
5011	3
5012	5
5013	4
5014	4
5015	3
5016	3
5017	2
5018	2
5019	7
5020	4
5021	4
5022	1
5023	0
5024	3
5025	4
5026	4
5027	2
5028	3
5029	3
5030	0
5031	1
5032	9
5033	2
5034	2
5035	2
5036	4
5037	3
5038	2
5039	1
5040	5
5041	3
5042	3
5043	3
5044	3
5045	2
5046	2
5047	2
5048	2
5049	4
5050	3
5051	3
5052	1
5053	5
5054	2
5055	4
5056	3
5057	1
5058	2
5059	4
5060	4
5061	2
5062	3
5063	0
5064	2
5065	5
5066	4
5067	1
5068	2
5069	3
5070	4
5071	7
5072	4
5073	4
5074	2
5075	3
5076	4
5077	4
5078	4
5079	3
5080	2
5081	4
5082	2
5083	2
5084	1
5085	4
5086	3
5087	1
5088	3
5089	3
5090	2
5091	1
5092	4
5093	1
5094	6
5095	5
5096	1
5097	1
5098	5
5099	7
5100	1
5101	2
5102	2
5103	2
5104	2
5105	6
5106	4
5107	0
5108	3
5109	3
5110	4
5111	2
5112	4
5113	1
5114	3
5115	4
5116	3
5117	4
5118	4
5119	3
5120	2
5121	3
5122	0
5123	5
5124	2
5125	0
5126	2
5127	3
5128	9
5129	4
5130	2
5131	4
5132	5
5133	3
5134	1
5135	1
5136	1
5137	6
5138	4
5139	5
5140	3
5141	4
5142	2
5143	3
5144	3
5145	2
5146	5
5147	4
5148	2
5149	2
5150	2
5151	4
5152	1
5153	4
5154	1
5155	3
5156	3
5157	5
5158	3
5159	1
5160	2
5161	1
5162	2
5163	3
5164	4
5165	0
5166	1
5167	4
5168	5
5169	3
5170	2
5171	3
5172	2
5173	4
5174	4
5175	3
5176	2
5177	2
5178	4
5179	4
5180	3
5181	1
5182	2
5183	10
5184	4
5185	3
5186	4
5187	5
5188	3
5189	0
5190	1
5191	7
5192	1
5193	6
5194	2
5195	5
5196	4
5197	1
5198	2
5199	4
5200	6
5201	1
5202	2
5203	2
5204	1
5205	2
5206	3
5207	6
5208	6
5209	1
5210	2
5211	3
5212	5
5213	7
5214	4
5215	2
5216	4
5217	3
5218	1
5219	4
5220	4
5221	4
5222	4
5223	2
5224	3
5225	0
5226	2
5227	2
5228	3
5229	4
5230	3
5231	5
5232	3
5233	3
5234	4
5235	5
5236	2
5237	3
5238	4
5239	3
5240	2
5241	1
5242	6
5243	1
5244	2
5245	3
5246	4
5247	3
5248	4
5249	2
5250	3
5251	2
5252	1
5253	2
5254	2
5255	3
5256	5
5257	2
5258	3
5259	3
5260	2
5261	5
5262	0
5263	3
5264	4
5265	0
5266	2
5267	3
5268	5
5269	3
5270	4
5271	3
5272	3
5273	1
5274	4
5275	2
5276	3
5277	2
5278	5
5279	5
5280	1
5281	4
5282	4
5283	4
5284	4
5285	4
5286	7
5287	4
5288	5
5289	1
5290	0
5291	3
5292	3
5293	3
5294	5
5295	2
5296	5
5297	4
5298	1
5299	1
5300	3
5301	2
5302	4
5303	4
5304	3
5305	4
5306	4
5307	1
5308	1
5309	1
5310	5
5311	2
5312	2
5313	3
5314	1
5315	2
5316	8
5317	3
5318	2
5319	1
5320	5
5321	4
5322	2
5323	5
5324	3
5325	4
5326	2
5327	3
5328	0
5329	6
5330	5
5331	3
5332	2
5333	4
5334	2
5335	5
5336	2
5337	0
5338	2
5339	5
5340	6
5341	7
5342	2
5343	5
5344	4
5345	2
5346	2
5347	4
5348	4
5349	1
5350	4
5351	1
5352	0
5353	2
5354	0
5355	6
5356	3
5357	3
5358	1
5359	0
5360	3
5361	4
5362	3
5363	3
5364	3
5365	5
5366	2
5367	2
5368	7
5369	0
5370	1
5371	3
5372	2
5373	3
5374	1
5375	2
5376	2
5377	2
5378	2
5379	4
5380	4
5381	2
5382	5
5383	2
5384	4
5385	3
5386	2
5387	3
5388	0
5389	2
5390	4
5391	3
5392	1
5393	2
5394	0
5395	4
5396	4
5397	0
5398	4
5399	4
5400	3
5401	0
5402	2
5403	0
5404	2
5405	0
5406	2
5407	2
5408	3
5409	2
5410	3
5411	2
5412	3
5413	5
5414	4
5415	0
5416	1
5417	2
5418	2
5419	4
5420	1
5421	1
5422	0
5423	3
5424	6
5425	3
5426	0
5427	4
5428	2
5429	2
5430	6
5431	2
5432	5
5433	6
5434	2
5435	2
5436	2
5437	4
5438	3
5439	1
5440	3
5441	0
5442	4
5443	2
5444	2
5445	3
5446	4
5447	1
5448	2
5449	2
5450	2
5451	0
5452	2
5453	1
5454	4
5455	0
5456	4
5457	4
5458	3
5459	3
5460	3
5461	1
5462	5
5463	2
5464	3
5465	1
5466	5
5467	3
5468	1
5469	3
5470	5
5471	6
5472	5
5473	5
5474	4
5475	1
5476	1
5477	2
5478	6
5479	0
5480	2
5481	3
5482	2
5483	1
5484	3
5485	1
5486	2
5487	1
5488	2
5489	5
5490	2
5491	2
5492	0
5493	3
5494	2
5495	2
5496	2
5497	5
5498	4
5499	2
5500	2
5501	2
5502	4
5503	2
5504	2
5505	1
5506	0
5507	1
5508	2
5509	3
5510	2
5511	2
5512	5
5513	2
5514	1
5515	5
5516	2
5517	5
5518	0
5519	4
5520	3
5521	4
5522	3
5523	3
5524	1
5525	3
5526	1
5527	4
5528	4
5529	2
5530	0
5531	0
5532	4
5533	3
5534	5
5535	1
5536	2
5537	2
5538	5
5539	3
5540	1
5541	4
5542	3
5543	2
5544	0
5545	1
5546	2
5547	1
5548	2
5549	5
5550	3
5551	1
5552	3
5553	5
5554	1
5555	2
5556	6
5557	4
5558	10
5559	4
5560	5
5561	2
5562	2
5563	3
5564	2
5565	5
5566	5
5567	2
5568	3
5569	5
5570	1
5571	1
5572	2
5573	1
5574	5
5575	4
5576	1
5577	3
5578	4
5579	3
5580	1
5581	1
5582	1
5583	0
5584	2
5585	3
5586	3
5587	1
5588	5
5589	5
5590	6
5591	4
5592	3
5593	3
5594	4
5595	4
5596	2
5597	3
5598	4
5599	3
5600	2
5601	3
5602	3
5603	4
5604	3
5605	0
5606	0
5607	2
5608	3
5609	1
5610	1
5611	0
5612	2
5613	4
5614	4
5615	3
5616	2
5617	2
5618	3
5619	2
5620	3
5621	1
5622	3
5623	1
5624	1
5625	2
5626	1
5627	2
5628	4
5629	5
5630	0
5631	2
5632	2
5633	0
5634	2
5635	5
5636	4
5637	1
5638	7
5639	3
5640	3
5641	0
5642	1
5643	2
5644	4
5645	2
5646	1
5647	3
5648	2
5649	1
5650	3
5651	2
5652	4
5653	4
5654	4
5655	0
5656	2
5657	4
5658	4
5659	4
5660	2
5661	4
5662	2
5663	0
5664	1
5665	2
5666	1
5667	1
5668	2
5669	1
5670	5
5671	3
5672	3
5673	2
5674	2
5675	2
5676	1
5677	3
5678	2
5679	2
5680	1
5681	2
5682	2
5683	3
5684	2
5685	3
5686	4
5687	3
5688	3
5689	1
5690	2
5691	4
5692	1
5693	2
5694	3
5695	4
5696	3
5697	2
5698	1
5699	4
5700	0
5701	0
5702	1
5703	5
5704	4
5705	2
5706	2
5707	3
5708	2
5709	8
5710	1
5711	2
5712	2
5713	3
5714	4
5715	4
5716	1
5717	2
5718	2
5719	0
5720	4
5721	1
5722	8
5723	1
5724	4
5725	0
5726	2
5727	1
5728	3
5729	2
5730	2
5731	6
5732	4
5733	0
5734	4
5735	4
5736	1
5737	3
5738	0
5739	2
5740	2
5741	2
5742	3
5743	2
5744	2
5745	3
5746	1
5747	1
5748	2
5749	1
5750	3
5751	7
5752	6
5753	1
5754	6
5755	3
5756	1
5757	2
5758	0
5759	4
5760	0
5761	3
5762	3
5763	4
5764	3
5765	2
5766	5
5767	3
5768	4
5769	2
5770	3
5771	6
5772	4
5773	4
5774	3
5775	4
5776	2
5777	3
5778	3
5779	2
5780	1
5781	5
5782	2
5783	3
5784	4
5785	4
5786	5
5787	1
5788	1
5789	3
5790	4
5791	0
5792	2
5793	5
5794	8
5795	2
5796	0
5797	4
5798	2
5799	2
5800	3
5801	3
5802	1
5803	3
5804	3
5805	6
5806	2
5807	1
5808	0
5809	2
5810	4
5811	1
5812	1
5813	5
5814	1
5815	3
5816	6
5817	2
5818	3
5819	3
5820	1
5821	4
5822	4
5823	2
5824	2
5825	4
5826	3
5827	3
5828	1
5829	2
5830	1
5831	6
5832	1
5833	4
5834	2
5835	5
5836	3
5837	2
5838	5
5839	1
5840	0
5841	1
5842	1
5843	0
5844	2
5845	1
5846	1
5847	3
5848	4
5849	2
5850	3
5851	3
5852	1
5853	3
5854	1
5855	2
5856	2
5857	1
5858	3
5859	0
5860	4
5861	5
5862	7
5863	1
5864	2
5865	0
5866	0
5867	0
5868	4
5869	4
5870	4
5871	1
5872	2
5873	0
5874	3
5875	3
5876	2
5877	4
5878	2
5879	2
5880	4
5881	1
5882	2
5883	2
5884	2
5885	1
5886	2
5887	1
5888	1
5889	3
5890	2
5891	0
5892	3
5893	2
5894	4
5895	4
5896	0
5897	4
5898	1
5899	0
5900	3
5901	4
5902	0
5903	1
5904	4
5905	2
5906	1
5907	5
5908	2
5909	3
5910	4
5911	3
5912	3
5913	1
5914	3
5915	3
5916	1
5917	2
5918	2
5919	2
5920	1
5921	3
5922	2
5923	4
5924	5
5925	0
5926	4
5927	2
5928	1
5929	3
5930	3
5931	3
5932	3
5933	0
5934	4
5935	2
5936	5
5937	5
5938	5
5939	0
5940	1
5941	2
5942	6
5943	1
5944	2
5945	4
5946	3
5947	1
5948	1
5949	2
5950	2
5951	2
5952	3
5953	4
5954	4
5955	2
5956	2
5957	3
5958	3
5959	2
5960	1
5961	2
5962	1
5963	1
5964	4
5965	4
5966	2
5967	0
5968	3
5969	0
5970	1
5971	2
5972	2
5973	2
5974	1
5975	2
5976	3
5977	4
5978	3
5979	5
5980	3
5981	0
5982	4
5983	2
5984	2
5985	0
5986	4
5987	0
5988	5
5989	0
5990	2
5991	5
5992	4
5993	0
5994	1
5995	2
5996	4
5997	1
5998	5
5999	3
6000	4
6001	5
6002	0
6003	6
6004	1
6005	4
6006	3
6007	3
6008	0
6009	2
6010	1
6011	4
6012	2
6013	1
6014	1
6015	4
6016	4
6017	2
6018	3
6019	4
6020	3
6021	0
6022	2
6023	1
6024	5
6025	4
6026	3
6027	2
6028	0
6029	4
6030	1
6031	6
6032	2
6033	1
6034	1
6035	1
6036	2
6037	4
6038	3
6039	5
6040	5
6041	3
6042	3
6043	1
6044	2
6045	4
6046	3
6047	5
6048	4
6049	0
6050	5
6051	1
6052	3
6053	3
6054	1
6055	1
6056	3
6057	2
6058	2
6059	3
6060	2
6061	0
6062	2
6063	2
6064	4
6065	1
6066	2
6067	3
6068	3
6069	3
6070	3
6071	2
6072	3
6073	2
6074	1
6075	3
6076	2
6077	1
6078	0
6079	6
6080	3
6081	1
6082	2
6083	0
6084	4
6085	0
6086	1
6087	4
6088	4
6089	2
6090	1
6091	6
6092	1
6093	5
6094	2
6095	1
6096	1
6097	2
6098	1
6099	5
6100	1
6101	3
6102	2
6103	2
6104	2
6105	2
6106	2
6107	1
6108	4
6109	2
6110	4
6111	4
6112	1
6113	3
6114	0
6115	0
6116	3
6117	3
6118	0
6119	2
6120	1
6121	3
6122	0
6123	3
6124	1
6125	0
6126	2
6127	1
6128	4
6129	2
6130	2
6131	0
6132	1
6133	0
6134	3
6135	0
6136	1
6137	2
6138	5
6139	2
6140	3
6141	5
6142	1
6143	2
6144	1
6145	2
6146	1
6147	2
6148	3
6149	0
6150	5
6151	4
6152	3
6153	2
6154	3
6155	1
6156	2
6157	2
6158	6
6159	4
6160	2
6161	0
6162	4
6163	1
6164	2
6165	3
6166	1
6167	1
6168	2
6169	0
6170	1
6171	2
6172	4
6173	2
6174	1
6175	4
6176	2
6177	3
6178	2
6179	2
6180	3
6181	4
6182	4
6183	3
6184	2
6185	2
6186	2
6187	1
6188	3
6189	3
6190	2
6191	2
6192	3
6193	3
6194	0
6195	4
6196	3
6197	2
6198	6
6199	4
6200	2
6201	6
6202	2
6203	1
6204	2
6205	0
6206	4
6207	1
6208	1
6209	4
6210	4
6211	3
6212	3
6213	3
6214	3
6215	3
6216	2
6217	5
6218	2
6219	5
6220	1
6221	5
6222	3
6223	3
6224	4
6225	2
6226	3
6227	2
6228	3
6229	4
6230	3
6231	3
6232	2
6233	5
6234	1
6235	4
6236	3
6237	3
6238	2
6239	1
6240	3
6241	2
6242	3
6243	6
6244	3
6245	2
6246	4
6247	3
6248	3
6249	2
6250	2
6251	1
6252	2
6253	3
6254	7
6255	0
6256	5
6257	2
6258	6
6259	5
6260	6
6261	4
6262	1
6263	3
6264	1
6265	2
6266	4
6267	5
6268	2
6269	3
6270	3
6271	1
6272	5
6273	5
6274	0
6275	3
6276	5
6277	0
6278	4
6279	1
6280	4
6281	4
6282	1
6283	3
6284	1
6285	5
6286	6
6287	2
6288	9
6289	3
6290	4
6291	0
6292	4
6293	7
6294	3
6295	4
6296	2
6297	6
6298	4
6299	2
6300	4
6301	2
6302	3
6303	3
6304	5
6305	1
6306	3
6307	3
6308	2
6309	2
6310	4
6311	4
6312	1
6313	7
6314	1
6315	4
6316	1
6317	5
6318	5
6319	2
6320	2
6321	5
6322	8
6323	6
6324	8
6325	5
6326	5
6327	4
6328	4
6329	1
6330	7
6331	3
6332	5
6333	5
6334	6
6335	5
6336	6
6337	5
6338	7
6339	3
6340	3
6341	2
6342	4
6343	5
6344	4
6345	11
6346	6
6347	4
6348	6
6349	3
6350	5
6351	4
6352	5
6353	2
6354	6
6355	3
6356	4
6357	1
6358	3
6359	5
6360	4
6361	5
6362	3
6363	5
6364	4
6365	5
6366	4
6367	14
6368	6
6369	6
6370	2
6371	5
6372	5
6373	5
6374	2
6375	6
6376	1
6377	4
6378	2
6379	5
6380	5
6381	8
6382	6
6383	9
6384	5
6385	7
6386	7
6387	3
6388	8
6389	2
6390	6
6391	2
6392	4
6393	8
6394	5
6395	6
6396	9
6397	10
6398	2
6399	5
6400	6
6401	11
6402	2
6403	5
6404	11
6405	3
6406	3
6407	7
6408	7
6409	5
6410	9
6411	5
6412	7
6413	4
6414	5
6415	6
6416	5
6417	4
6418	4
6419	11
6420	9
6421	9
6422	7
6423	12
6424	7
6425	7
6426	8
6427	7
6428	2
6429	10
6430	5
6431	6
6432	5
6433	4
6434	10
6435	8
6436	9
6437	11
6438	11
6439	3
6440	9
6441	12
6442	5
6443	7
6444	8
6445	11
6446	4
6447	6
6448	15
6449	9
6450	12
6451	11
6452	13
6453	13
6454	10
6455	16
6456	6
6457	13
6458	7
6459	9
6460	3
6461	8
6462	13
6463	7
6464	5
6465	11
6466	10
6467	11
6468	2
6469	12
6470	9
6471	3
6472	11
6473	13
6474	8
6475	9
6476	2
6477	5
6478	10
6479	3
6480	8
6481	14
6482	15
6483	13
6484	4
6485	11
6486	7
6487	11
6488	11
6489	16
6490	9
6491	11
6492	13
6493	15
6494	3
6495	16
6496	10
6497	8
6498	11
6499	12
6500	7
6501	10
6502	8
6503	9
6504	13
6505	9
6506	11
6507	15
6508	12
6509	13
6510	10
6511	10
6512	22
6513	8
6514	7
6515	9
6516	10
6517	9
6518	7
6519	14
6520	17
6521	9
6522	15
6523	22
6524	7
6525	14
6526	9
6527	12
6528	11
6529	14
6530	10
6531	12
6532	13
6533	15
6534	16
6535	14
6536	21
6537	12
6538	14
6539	12
6540	13
6541	15
6542	7
6543	14
6544	19
6545	15
6546	17
6547	17
6548	21
6549	15
6550	19
6551	16
6552	13
6553	17
6554	21
6555	14
6556	18
6557	14
6558	25
6559	36
6560	20
6561	17
6562	21
6563	23
6564	16
6565	19
6566	15
6567	22
6568	17
6569	19
6570	19
6571	14
6572	24
6573	11
6574	13
6575	16
6576	20
6577	15
6578	16
6579	18
6580	9
6581	21
6582	17
6583	24
6584	20
6585	31
6586	20
6587	21
6588	15
6589	24
6590	29
6591	14
6592	29
6593	11
6594	23
6595	25
6596	23
6597	20
6598	19
6599	22
6600	17
6601	19
6602	32
6603	17
6604	22
6605	22
6606	22
6607	18
6608	20
6609	19
6610	34
6611	22
6612	22
6613	22
6614	17
6615	29
6616	25
6617	31
6618	22
6619	22
6620	19
6621	27
6622	32
6623	27
6624	22
6625	19
6626	17
6627	24
6628	28
6629	20
6630	19
6631	22
6632	29
6633	19
6634	27
6635	20
6636	11
6637	20
6638	20
6639	30
6640	26
6641	33
6642	27
6643	26
6644	29
6645	31
6646	27
6647	25
6648	23
6649	26
6650	29
6651	29
6652	29
6653	32
6654	22
6655	27
6656	25
6657	20
6658	28
6659	27
6660	19
6661	18
6662	26
6663	18
6664	22
6665	28
6666	27
6667	35
6668	24
6669	28
6670	34
6671	20
6672	42
6673	28
6674	20
6675	33
6676	29
6677	24
6678	19
6679	45
6680	32
6681	24
6682	23
6683	23
6684	33
6685	29
6686	24
6687	28
6688	33
6689	24
6690	33
6691	26
6692	41
6693	31
6694	28
6695	21
6696	32
6697	27
6698	24
6699	27
6700	30
6701	35
6702	38
6703	35
6704	26
6705	28
6706	31
6707	34
6708	33
6709	38
6710	37
6711	29
6712	37
6713	31
6714	31
6715	29
6716	39
6717	43
6718	33
6719	37
6720	25
6721	31
6722	36
6723	35
6724	32
6725	36
6726	28
6727	42
6728	34
6729	37
6730	37
6731	32
6732	30
6733	35
6734	41
6735	42
6736	32
6737	26
6738	32
6739	52
6740	38
6741	36
6742	38
6743	44
6744	32
6745	46
6746	44
6747	38
6748	37
6749	30
6750	35
6751	32
6752	30
6753	27
6754	32
6755	42
6756	45
6757	35
6758	28
6759	42
6760	37
6761	46
6762	33
6763	41
6764	46
6765	38
6766	40
6767	37
6768	35
6769	39
6770	37
6771	50
6772	38
6773	45
6774	29
6775	51
6776	43
6777	41
6778	39
6779	41
6780	29
6781	57
6782	26
6783	50
6784	48
6785	41
6786	40
6787	37
6788	44
6789	42
6790	49
6791	44
6792	38
6793	46
6794	30
6795	36
6796	43
6797	39
6798	43
6799	45
6800	49
6801	48
6802	32
6803	45
6804	43
6805	45
6806	47
6807	48
6808	26
6809	34
6810	46
6811	42
6812	38
6813	40
6814	48
6815	47
6816	37
6817	58
6818	35
6819	41
6820	48
6821	39
6822	37
6823	42
6824	47
6825	40
6826	33
6827	39
6828	40
6829	33
6830	43
6831	48
6832	43
6833	42
6834	46
6835	44
6836	51
6837	37
6838	54
6839	43
6840	39
6841	38
6842	44
6843	49
6844	47
6845	31
6846	51
6847	42
6848	37
6849	47
6850	45
6851	38
6852	45
6853	60
6854	34
6855	53
6856	47
6857	33
6858	49
6859	42
6860	46
6861	43
6862	46
6863	39
6864	49
6865	55
6866	49
6867	48
6868	48
6869	53
6870	49
6871	53
6872	48
6873	41
6874	50
6875	46
6876	39
6877	44
6878	46
6879	44
6880	49
6881	48
6882	52
6883	40
6884	38
6885	43
6886	42
6887	46
6888	49
6889	47
6890	44
6891	50
6892	46
6893	51
6894	51
6895	61
6896	40
6897	42
6898	57
6899	48
6900	54
6901	50
6902	38
6903	39
6904	48
6905	48
6906	49
6907	49
6908	54
6909	45
6910	50
6911	38
6912	45
6913	45
6914	38
6915	44
6916	50
6917	52
6918	50
6919	40
6920	43
6921	37
6922	53
6923	49
6924	54
6925	46
6926	50
6927	57
6928	47
6929	50
6930	46
6931	45
6932	39
6933	40
6934	39
6935	39
6936	47
6937	57
6938	32
6939	41
6940	43
6941	39
6942	49
6943	48
6944	47
6945	43
6946	61
6947	40
6948	41
6949	55
6950	48
6951	37
6952	46
6953	42
6954	37
6955	39
6956	34
6957	41
6958	51
6959	38
6960	44
6961	38
6962	53
6963	53
6964	48
6965	44
6966	46
6967	38
6968	29
6969	38
6970	40
6971	44
6972	46
6973	29
6974	39
6975	53
6976	37
6977	55
6978	40
6979	42
6980	44
6981	31
6982	40
6983	40
6984	47
6985	41
6986	39
6987	37
6988	43
6989	57
6990	43
6991	51
6992	43
6993	43
6994	50
6995	43
6996	53
6997	50
6998	40
6999	44
7000	46
7001	38
7002	33
7003	39
7004	37
7005	38
7006	39
7007	44
7008	52
7009	39
7010	40
7011	46
7012	36
7013	41
7014	39
7015	45
7016	35
7017	49
7018	49
7019	34
7020	41
7021	45
7022	36
7023	45
7024	45
7025	52
7026	48
7027	40
7028	32
7029	51
7030	43
7031	37
7032	22
7033	39
7034	49
7035	37
7036	28
7037	33
7038	42
7039	22
7040	39
7041	34
7042	32
7043	40
7044	25
7045	30
7046	30
7047	42
7048	43
7049	35
7050	37
7051	33
7052	50
7053	42
7054	39
7055	34
7056	43
7057	28
7058	49
7059	25
7060	37
7061	32
7062	29
7063	34
7064	41
7065	37
7066	39
7067	36
7068	43
7069	35
7070	26
7071	35
7072	36
7073	32
7074	36
7075	34
7076	34
7077	29
7078	32
7079	37
7080	40
7081	33
7082	38
7083	43
7084	31
7085	33
7086	37
7087	32
7088	26
7089	25
7090	26
7091	30
7092	34
7093	29
7094	26
7095	28
7096	33
7097	28
7098	37
7099	42
7100	31
7101	41
7102	33
7103	36
7104	36
7105	32
7106	39
7107	24
7108	25
7109	35
7110	30
7111	30
7112	32
7113	28
7114	27
7115	27
7116	32
7117	17
7118	39
7119	25
7120	29
7121	22
7122	28
7123	31
7124	22
7125	30
7126	30
7127	33
7128	32
7129	22
7130	21
7131	37
7132	32
7133	21
7134	30
7135	30
7136	30
7137	26
7138	24
7139	21
7140	26
7141	45
7142	28
7143	28
7144	22
7145	20
7146	20
7147	25
7148	23
7149	21
7150	17
7151	36
7152	20
7153	19
7154	24
7155	22
7156	23
7157	25
7158	27
7159	24
7160	22
7161	25
7162	22
7163	19
7164	27
7165	30
7166	29
7167	21
7168	23
7169	17
7170	22
7171	29
7172	21
7173	16
7174	20
7175	20
7176	22
7177	29
7178	21
7179	26
7180	26
7181	17
7182	22
7183	19
7184	20
7185	33
7186	19
7187	19
7188	22
7189	27
7190	26
7191	17
7192	24
7193	23
7194	26
7195	14
7196	26
7197	18
7198	14
7199	20
7200	20
7201	19
7202	16
7203	23
7204	25
7205	22
7206	20
7207	22
7208	18
7209	19
7210	18
7211	17
7212	26
7213	12
7214	20
7215	16
7216	26
7217	14
7218	22
7219	19
7220	17
7221	18
7222	9
7223	19
7224	20
7225	14
7226	16
7227	18
7228	23
7229	15
7230	14
7231	15
7232	17
7233	12
7234	16
7235	21
7236	12
7237	15
7238	19
7239	19
7240	10
7241	11
7242	15
7243	15
7244	10
7245	9
7246	10
7247	10
7248	13
7249	16
7250	10
7251	19
7252	10
7253	13
7254	14
7255	21
7256	16
7257	8
7258	19
7259	11
7260	15
7261	11
7262	11
7263	9
7264	6
7265	14
7266	13
7267	11
7268	13
7269	11
7270	8
7271	16
7272	14
7273	12
7274	15
7275	4
7276	7
7277	9
7278	10
7279	16
7280	13
7281	13
7282	10
7283	14
7284	11
7285	10
7286	8
7287	11
7288	7
7289	6
7290	10
7291	10
7292	12
7293	14
7294	7
7295	7
7296	7
7297	11
7298	9
7299	7
7300	13
7301	9
7302	8
7303	10
7304	14
7305	13
7306	7
7307	10
7308	4
7309	6
7310	6
7311	6
7312	7
7313	8
7314	8
7315	10
7316	6
7317	8
7318	5
7319	9
7320	7
7321	7
7322	8
7323	10
7324	9
7325	7
7326	9
7327	7
7328	3
7329	6
7330	5
7331	12
7332	5
7333	10
7334	6
7335	9
7336	9
7337	6
7338	10
7339	5
7340	6
7341	9
7342	5
7343	3
7344	9
7345	8
7346	3
7347	10
7348	2
7349	5
7350	10
7351	5
7352	12
7353	4
7354	6
7355	4
7356	5
7357	13
7358	6
7359	4
7360	6
7361	4
7362	5
7363	4
7364	7
7365	7
7366	3
7367	3
7368	6
7369	3
7370	3
7371	6
7372	7
7373	4
7374	5
7375	8
7376	3
7377	4
7378	1
7379	5
7380	3
7381	9
7382	5
7383	1
7384	4
7385	7
7386	11
7387	5
7388	4
7389	7
7390	4
7391	1
7392	3
7393	5
7394	4
7395	2
7396	5
7397	2
7398	3
7399	3
7400	4
7401	6
7402	1
7403	4
7404	3
7405	3
7406	4
7407	8
7408	1
7409	4
7410	5
7411	3
7412	1
7413	8
7414	2
7415	5
7416	3
7417	4
7418	5
7419	5
7420	2
7421	2
7422	4
7423	6
7424	8
7425	2
7426	6
7427	2
7428	4
7429	3
7430	2
7431	2
7432	1
7433	1
7434	1
7435	4
7436	4
7437	5
7438	3
7439	3
7440	4
7441	3
7442	1
7443	5
7444	5
7445	3
7446	2
7447	3
7448	4
7449	1
7450	1
7451	1
7452	2
7453	3
7454	4
7455	3
7456	2
7457	1
7458	1
7459	2
7460	2
7461	4
7462	4
7463	4
7464	2
7465	4
7466	1
7467	3
7468	4
7469	5
7470	0
7471	5
7472	3
7473	2
7474	3
7475	4
7476	4
7477	2
7478	4
7479	1
7480	0
7481	4
7482	2
7483	2
7484	3
7485	0
7486	0
7487	0
7488	1
7489	1
7490	0
7491	0
7492	0
7493	0
7494	1
7495	1
7496	0
7497	1
7498	0
7499	1
7500	0
7501	0
7502	0
7503	0
7504	0
7505	0
7506	0
7507	0
7508	0
7509	0
7510	0
7511	0
7512	0
7513	0
7514	0
7515	0
7516	0
7517	0
7518	0
7519	0
7520	0
7521	0
7522	0
7523	0
7524	0
7525	0
7526	0
7527	0
7528	0
7529	0
7530	0
7531	0
7532	0
7533	0
7534	0
7535	0
7536	0
7537	0
7538	0
7539	0
7540	0
7541	0
7542	1
7543	0
7544	0
7545	0
7546	0
7547	0
7548	0
7549	0
7550	0
7551	0
7552	0
7553	0
7554	0
7555	0
7556	0
7557	0
7558	0
7559	0
7560	0
7561	1
7562	0
7563	0
7564	0
7565	0
7566	0
7567	0
7568	0
7569	0
7570	0
7571	0
7572	0
7573	0
7574	1
7575	0
7576	0
7577	0
7578	0
7579	0
7580	0
7581	0
7582	0
7583	0
7584	0
7585	0
7586	0
7587	0
7588	0
7589	0
7590	0
7591	0
7592	0
7593	0
7594	0
7595	0
7596	0
7597	0
7598	0
7599	0
7600	0
7601	0
7602	0
7603	0
7604	0
7605	0
7606	0
7607	0
7608	0
7609	0
7610	0
7611	0
7612	0
7613	0
7614	0
7615	0
7616	0
7617	0
7618	0
7619	0
7620	0
7621	0
7622	0
7623	0
7624	0
7625	0
7626	0
7627	0
7628	0
7629	0
7630	0
7631	0
7632	0
7633	0
7634	0
7635	0
7636	0
7637	0
7638	0
7639	0
7640	0
7641	0
7642	0
7643	0
7644	0
7645	0
7646	0
7647	0
7648	0
7649	0
7650	0
7651	0
7652	0
7653	0
7654	0
7655	0
7656	0
7657	0
7658	0
7659	0
7660	0
7661	0
7662	0
7663	0
7664	0
7665	0
7666	0
7667	0
7668	0
7669	0
7670	0
7671	0
7672	0
7673	0
7674	0
7675	0
7676	0
7677	0
7678	0
7679	0
7680	0
7681	0
7682	0
7683	0
7684	0
7685	0
7686	0
7687	0
7688	0
7689	0
7690	0
7691	0
7692	0
7693	0
7694	0
7695	0
7696	0
7697	0
7698	0
7699	0
7700	0
7701	0
7702	0
7703	0
7704	0
7705	0
7706	0
7707	0
7708	0
7709	0
7710	0
7711	0
7712	0
7713	0
7714	0
7715	0
7716	0
7717	0
7718	0
7719	0
7720	0
7721	0
7722	0
7723	0
7724	0
7725	0
7726	0
7727	0
7728	0
7729	0
7730	0
7731	0
7732	0
7733	0
7734	0
7735	0
7736	0
7737	0
7738	0
7739	0
7740	0
7741	0
7742	0
7743	0
7744	0
7745	0
7746	0
7747	0
7748	0
7749	0
7750	0
7751	0
7752	0
7753	0
7754	0
7755	0
7756	0
7757	0
7758	0
7759	0
7760	0
7761	0
7762	0
7763	0
7764	0
7765	0
7766	0
7767	0
7768	0
7769	0
7770	0
7771	0
7772	0
7773	0
7774	0
7775	0
7776	0
7777	0
7778	0
7779	0
7780	0
7781	0
7782	0
7783	0
7784	0
7785	0
7786	0
7787	0
7788	0
7789	0
7790	0
7791	0
7792	0
7793	0
7794	0
7795	0
7796	0
7797	0
7798	0
7799	0
7800	0
7801	0
7802	0
7803	0
7804	0
7805	0
7806	0
7807	0
7808	0
7809	0
7810	0
7811	0
7812	0
7813	0
7814	0
7815	0
7816	0
7817	0
7818	0
7819	0
7820	0
7821	0
7822	0
7823	0
7824	0
7825	0
7826	0
7827	0
7828	0
7829	0
7830	0
7831	0
7832	0
7833	0
7834	0
7835	0
7836	0
7837	0
7838	0
7839	0
7840	0
7841	0
7842	0
7843	0
7844	0
7845	0
7846	0
7847	0
7848	0
7849	0
7850	0
7851	0
7852	0
7853	0
7854	0
7855	0
7856	0
7857	0
7858	0
7859	0
7860	0
7861	0
7862	0
7863	0
7864	0
7865	0
7866	0
7867	0
7868	0
7869	0
7870	0
7871	0
7872	0
7873	0
7874	0
7875	0
7876	0
7877	0
7878	0
7879	0
7880	0
7881	0
7882	0
7883	0
7884	0
7885	0
7886	0
7887	0
7888	0
7889	0
7890	0
7891	0
7892	0
7893	0
7894	0
7895	0
7896	0
7897	0
7898	0
7899	0
7900	0
7901	0
7902	0
7903	0
7904	0
7905	0
7906	0
7907	0
7908	0
7909	0
7910	0
7911	0
7912	0
7913	0
7914	0
7915	0
7916	0
7917	0
7918	0
7919	0
7920	0
7921	0
7922	0
7923	0
7924	0
7925	0
7926	0
7927	0
7928	0
7929	0
7930	0
7931	0
7932	0
7933	0
7934	0
7935	0
7936	0
7937	0
7938	0
7939	0
7940	0
7941	0
7942	0
7943	0
7944	0
7945	0
7946	0
7947	0
7948	0
7949	0
7950	0
7951	0
7952	0
7953	0
7954	0
7955	0
7956	0
7957	0
7958	0
7959	0
7960	0
7961	0
7962	0
7963	0
7964	0
7965	0
7966	0
7967	0
7968	0
7969	0
7970	0
7971	0
7972	0
7973	0
7974	0
7975	0
7976	0
7977	0
7978	0
7979	0
7980	0
7981	0
7982	0
7983	0
7984	0
7985	0
7986	0
7987	0
7988	0
7989	0
7990	0
7991	0
7992	0
7993	0
7994	0
7995	0
7996	0
7997	0
7998	0
7999	0
8000	0
8001	0
8002	0
8003	0
8004	0
8005	0
8006	0
8007	0
8008	0
8009	0
8010	0
8011	0
8012	0
8013	0
8014	0
8015	0
8016	0
8017	0
8018	0
8019	0
8020	0
8021	0
8022	0
8023	0
8024	0
8025	0
8026	0
8027	0
8028	0
8029	0
8030	0
8031	0
8032	0
8033	0
8034	0
8035	0
8036	0
8037	0
8038	0
8039	0
8040	0
8041	0
8042	0
8043	0
8044	0
8045	0
8046	0
8047	0
8048	0
8049	0
8050	0
8051	0
8052	0
8053	0
8054	0
8055	0
8056	0
8057	0
8058	0
8059	0
8060	0
8061	0
8062	0
8063	0
8064	0
8065	0
8066	0
8067	0
8068	0
8069	0
8070	0
8071	0
8072	0
8073	0
8074	0
8075	0
8076	0
8077	0
8078	0
8079	0
8080	0
8081	0
8082	0
8083	0
8084	0
8085	0
8086	0
8087	0
8088	0
8089	0
8090	0
8091	0
8092	0
8093	0
8094	0
8095	0
8096	0
8097	0
8098	0
8099	0
8100	0
8101	0
8102	0
8103	0
8104	0
8105	0
8106	0
8107	0
8108	0
8109	0
8110	0
8111	0
8112	0
8113	0
8114	0
8115	0
8116	0
8117	0
8118	0
8119	0
8120	0
8121	0
8122	0
8123	0
8124	0
8125	0
8126	0
8127	0
8128	0
8129	0
8130	0
8131	0
8132	0
8133	0
8134	0
8135	0
8136	0
8137	0
8138	0
8139	0
8140	0
8141	0
8142	0
8143	0
8144	0
8145	0
8146	0
8147	0
8148	0
8149	0
8150	0
8151	0
8152	0
8153	0
8154	0
8155	0
8156	0
8157	0
8158	0
8159	0
8160	0
8161	0
8162	0
8163	0
8164	0
8165	0
8166	0
8167	0
8168	0
8169	0
8170	0
8171	0
8172	0
8173	0
8174	0
8175	0
8176	0
8177	0
8178	0
8179	0
8180	0
8181	0
8182	0
8183	0
8184	0
8185	0
8186	0
8187	0
8188	0
8189	0
8190	0
8191	0
