0	0
1	0
2	0
3	0
4	0
5	0
6	0
7	0
8	0
9	0
10	0
11	0
12	0
13	1
14	1
15	4
16	12
17	34
18	100
19	226
20	310
21	352
22	389
23	361
24	372
25	393
26	379
27	339
28	374
29	385
30	393
31	403
32	351
33	402
34	419
35	407
36	417
37	415
38	372
39	415
40	398
41	407
42	384
43	441
44	390
45	450
46	345
47	429
48	433
49	448
50	467
51	458
52	458
53	458
54	458
55	456
56	465
57	492
58	446
59	492
60	487
61	462
62	511
63	492
64	485
65	499
66	517
67	506
68	537
69	504
70	510
71	540
72	584
73	544
74	588
75	557
76	532
77	563
78	563
79	610
80	652
81	608
82	659
83	674
84	647
85	652
86	716
87	745
88	720
89	752
90	768
91	735
92	833
93	844
94	771
95	819
96	879
97	916
98	890
99	934
100	941
101	973
102	1028
103	1168
104	1064
105	1113
106	1119
107	1133
108	1222
109	1188
110	1253
111	1355
112	1332
113	1462
114	1472
115	1527
116	1564
117	1605
118	1736
119	1775
120	1770
121	1853
122	1910
123	2010
124	2066
125	2077
126	2134
127	2233
128	2326
129	2412
130	2543
131	2534
132	2709
133	2646
134	2743
135	2906
136	2984
137	3015
138	3193
139	3228
140	3337
141	3551
142	3507
143	3451
144	3648
145	3796
146	3853
147	3895
148	4063
149	4081
150	4239
151	4337
152	4407
153	4519
154	4639
155	4661
156	4628
157	4758
158	4827
159	4888
160	4933
161	5079
162	5251
163	5075
164	5200
165	5233
166	5242
167	5320
168	5204
169	5365
170	5414
171	5350
172	5443
173	5286
174	5402
175	5449
176	5456
177	5383
178	5467
179	5480
180	5284
181	5373
182	5165
183	5358
184	5424
185	5324
186	5354
187	5130
188	5198
189	5187
190	4965
191	5180
192	5058
193	4934
194	4875
195	4836
196	4859
197	4799
198	4685
199	4641
200	4601
201	4447
202	4450
203	4334
204	4427
205	4374
206	4274
207	4267
208	4022
209	4049
210	3949
211	3912
212	3778
213	3728
214	3688
215	3593
216	3587
217	3550
218	3465
219	3600
220	3266
221	3249
222	3249
223	3146
224	3022
225	3003
226	3031
227	2878
228	2851
229	2827
230	2717
231	2753
232	2601
233	2649
234	2620
235	2444
236	2529
237	2380
238	2364
239	2346
240	2217
241	2189
242	2241
243	2123
244	2149
245	1985
246	1971
247	2006
248	1877
249	1840
250	1867
251	1749
252	1812
253	1694
254	1661
255	1638
256	1634
257	1571
258	1470
259	1506
260	1457
261	1433
262	1367
263	1297
264	1307
265	1313
266	1241
267	1271
268	1163
269	1176
270	1132
271	1132
272	1144
273	1053
274	1074
275	1030
276	977
277	1000
278	949
279	891
280	878
281	889
282	819
283	813
284	795
285	826
286	779
287	709
288	723
289	699
290	695
291	678
292	636
293	617
294	640
295	623
296	586
297	571
298	554
299	562
300	545
301	533
302	500
303	515
304	490
305	485
306	495
307	487
308	472
309	471
310	432
311	437
312	408
313	390
314	393
315	376
316	424
317	413
318	401
319	354
320	402
321	360
322	366
323	369
324	344
325	330
326	336
327	309
328	282
329	288
330	331
331	306
332	306
333	294
334	299
335	314
336	310
337	286
338	282
339	287
340	288
341	279
342	310
343	279
344	264
345	270
346	289
347	276
348	276
349	250
350	246
351	274
352	237
353	293
354	252
355	258
356	263
357	231
358	262
359	262
360	246
361	226
362	257
363	253
364	263
365	244
366	208
367	246
368	262
369	243
370	246
371	249
372	240
373	260
374	261
375	238
376	237
377	226
378	253
379	269
380	279
381	263
382	265
383	252
384	235
385	289
386	283
387	274
388	265
389	253
390	262
391	281
392	260
393	280
394	274
395	275
396	270
397	246
398	279
399	293
400	288
401	297
402	281
403	263
404	298
405	271
406	278
407	293
408	321
409	289
410	302
411	287
412	292
413	303
414	331
415	332
416	328
417	335
418	313
419	300
420	306
421	338
422	360
423	305
424	334
425	344
426	350
427	336
428	345
429	354
430	306
431	364
432	349
433	348
434	357
435	375
436	360
437	360
438	366
439	335
440	352
441	361
442	351
443	364
444	375
445	373
446	420
447	374
448	384
449	408
450	383
451	377
452	389
453	416
454	376
455	417
456	418
457	427
458	404
459	395
460	389
461	425
462	413
463	430
464	433
465	366
466	410
467	417
468	433
469	456
470	449
471	448
472	433
473	453
474	465
475	476
476	490
477	428
478	473
479	481
480	443
481	482
482	441
483	461
484	453
485	447
486	439
487	448
488	452
489	473
490	493
491	471
492	443
493	427
494	492
495	470
496	472
497	470
498	447
499	461
500	520
501	483
502	453
503	471
504	443
505	473
506	436
507	448
508	509
509	457
510	494
511	441
512	476
513	441
514	487
515	470
516	450
517	422
518	454
519	446
520	466
521	446
522	465
523	437
524	462
525	411
526	432
527	451
528	446
529	451
530	438
531	477
532	453
533	446
534	430
535	401
536	448
537	461
538	428
539	415
540	421
541	410
542	405
543	392
544	410
545	403
546	398
547	395
548	423
549	403
550	404
551	432
552	412
553	399
554	371
555	371
556	404
557	433
558	373
559	382
560	346
561	349
562	357
563	390
564	366
565	332
566	389
567	378
568	325
569	338
570	343
571	363
572	426
573	365
574	317
575	344
576	364
577	357
578	348
579	332
580	356
581	371
582	364
583	333
584	331
585	359
586	374
587	365
588	316
589	375
590	331
591	335
592	341
593	348
594	368
595	373
596	362
597	366
598	373
599	303
600	331
601	358
602	329
603	354
604	362
605	355
606	362
607	370
608	372
609	367
610	396
611	355
612	367
613	368
614	366
615	388
616	418
617	366
618	387
619	406
620	363
621	378
622	369
623	394
624	410
625	363
626	398
627	350
628	404
629	441
630	394
631	402
632	383
633	422
634	418
635	389
636	415
637	397
638	419
639	407
640	446
641	481
642	494
643	457
644	430
645	425
646	436
647	447
648	434
649	447
650	487
651	452
652	438
653	445
654	484
655	499
656	518
657	464
658	505
659	461
660	466
661	453
662	478
663	462
664	498
665	503
666	497
667	499
668	484
669	447
670	462
671	484
672	500
673	486
674	476
675	459
676	488
677	505
678	470
679	487
680	508
681	511
682	520
683	489
684	548
685	509
686	456
687	528
688	516
689	484
690	488
691	522
692	492
693	558
694	482
695	497
696	523
697	464
698	509
699	458
700	496
701	471
702	497
703	482
704	503
705	484
706	486
707	464
708	473
709	509
710	498
711	507
712	460
713	493
714	482
715	478
716	449
717	478
718	480
719	464
720	478
721	462
722	455
723	493
724	474
725	477
726	475
727	458
728	482
729	453
730	480
731	458
732	473
733	450
734	462
735	453
736	444
737	419
738	441
739	463
740	437
741	476
742	440
743	418
744	456
745	417
746	451
747	417
748	470
749	430
750	460
751	460
752	441
753	433
754	436
755	445
756	420
757	446
758	435
759	399
760	439
761	433
762	428
763	439
764	448
765	454
766	433
767	451
768	430
769	420
770	387
771	433
772	438
773	443
774	453
775	470
776	427
777	446
778	420
779	470
780	428
781	442
782	451
783	414
784	427
785	490
786	458
787	437
788	444
789	477
790	454
791	450
792	462
793	468
794	474
795	453
796	454
797	527
798	478
799	509
800	534
801	472
802	517
803	525
804	499
805	508
806	556
807	500
808	473
809	539
810	534
811	513
812	543
813	570
814	547
815	530
816	571
817	575
818	598
819	576
820	568
821	610
822	601
823	552
824	628
825	638
826	672
827	649
828	660
829	592
830	681
831	675
832	664
833	703
834	718
835	709
836	686
837	705
838	739
839	740
840	761
841	781
842	793
843	779
844	834
845	868
846	806
847	862
848	821
849	880
850	854
851	896
852	932
853	943
854	942
855	994
856	954
857	1000
858	990
859	986
860	1082
861	1106
862	1032
863	1049
864	1127
865	1160
866	1209
867	1143
868	1148
869	1203
870	1287
871	1287
872	1271
873	1276
874	1322
875	1322
876	1386
877	1355
878	1402
879	1402
880	1482
881	1485
882	1436
883	1516
884	1536
885	1528
886	1553
887	1516
888	1687
889	1609
890	1679
891	1701
892	1684
893	1661
894	1742
895	1715
896	1828
897	1827
898	1832
899	1811
900	1878
901	1932
902	1868
903	1977
904	2019
905	2003
906	2064
907	2023
908	2042
909	2078
910	2135
911	2252
912	2228
913	2136
914	2276
915	2200
916	2171
917	2317
918	2209
919	2349
920	2343
921	2436
922	2379
923	2374
924	2411
925	2449
926	2425
927	2438
928	2367
929	2476
930	2437
931	2517
932	2491
933	2609
934	2564
935	2614
936	2582
937	2719
938	2593
939	2621
940	2612
941	2644
942	2527
943	2563
944	2705
945	2573
946	2589
947	2604
948	2667
949	2685
950	2513
951	2595
952	2702
953	2655
954	2661
955	2640
956	2610
957	2567
958	2617
959	2568
960	2656
961	2578
962	2532
963	2513
964	2508
965	2462
966	2470
967	2520
968	2488
969	2535
970	2489
971	2461
972	2413
973	2450
974	2367
975	2377
976	2337
977	2311
978	2260
979	2364
980	2190
981	2270
982	2182
983	2157
984	2163
985	2155
986	2169
987	2081
988	2152
989	2071
990	1992
991	2073
992	2003
993	1977
994	1990
995	1896
996	1988
997	1793
998	1879
999	1775
1000	1745
1001	1790
1002	1730
1003	1759
1004	1705
1005	1596
1006	1566
1007	1644
1008	1579
1009	1575
1010	1504
1011	1460
1012	1537
1013	1517
1014	1349
1015	1388
1016	1391
1017	1430
1018	1326
1019	1273
1020	1315
1021	1245
1022	1230
1023	1205
1024	1248
1025	1207
1026	1170
1027	1152
1028	1055
1029	1100
1030	1084
1031	1006
1032	1033
1033	1046
1034	957
1035	918
1036	929
1037	921
1038	897
1039	870
1040	876
1041	941
1042	760
1043	761
1044	854
1045	773
1046	724
1047	741
1048	714
1049	724
1050	668
1051	673
1052	665
1053	613
1054	614
1055	612
1056	608
1057	589
1058	589
1059	556
1060	527
1061	505
1062	537
1063	549
1064	510
1065	566
1066	471
1067	461
1068	479
1069	433
1070	449
1071	431
1072	418
1073	407
1074	403
1075	413
1076	427
1077	395
1078	403
1079	369
1080	390
1081	358
1082	359
1083	353
1084	361
1085	341
1086	323
1087	321
1088	328
1089	326
1090	312
1091	266
1092	314
1093	312
1094	269
1095	273
1096	268
1097	284
1098	294
1099	239
1100	268
1101	266
1102	255
1103	237
1104	244
1105	239
1106	233
1107	255
1108	235
1109	253
1110	236
1111	235
1112	240
1113	204
1114	219
1115	221
1116	219
1117	217
1118	223
1119	195
1120	212
1121	217
1122	193
1123	207
1124	183
1125	209
1126	196
1127	210
1128	200
1129	197
1130	185
1131	167
1132	206
1133	197
1134	174
1135	205
1136	171
1137	181
1138	144
1139	201
1140	172
1141	161
1142	169
1143	173
1144	157
1145	158
1146	168
1147	155
1148	178
1149	173
1150	176
1151	175
1152	176
1153	173
1154	159
1155	174
1156	135
1157	164
1158	161
1159	141
1160	147
1161	162
1162	166
1163	172
1164	145
1165	149
1166	169
1167	159
1168	175
1169	157
1170	158
1171	183
1172	172
1173	170
1174	174
1175	181
1176	142
1177	143
1178	156
1179	168
1180	162
1181	159
1182	159
1183	160
1184	170
1185	153
1186	152
1187	163
1188	155
1189	162
1190	149
1191	134
1192	167
1193	156
1194	180
1195	162
1196	183
1197	160
1198	165
1199	160
1200	165
1201	149
1202	159
1203	187
1204	151
1205	167
1206	167
1207	169
1208	149
1209	150
1210	171
1211	159
1212	176
1213	147
1214	180
1215	147
1216	162
1217	153
1218	161
1219	165
1220	144
1221	155
1222	157
1223	175
1224	167
1225	148
1226	153
1227	153
1228	162
1229	169
1230	146
1231	172
1232	155
1233	150
1234	167
1235	181
1236	154
1237	139
1238	167
1239	182
1240	141
1241	160
1242	201
1243	184
1244	149
1245	147
1246	182
1247	169
1248	177
1249	164
1250	137
1251	178
1252	182
1253	166
1254	176
1255	163
1256	164
1257	184
1258	165
1259	169
1260	166
1261	158
1262	162
1263	161
1264	166
1265	174
1266	148
1267	167
1268	173
1269	160
1270	172
1271	154
1272	159
1273	146
1274	159
1275	153
1276	152
1277	171
1278	179
1279	182
1280	197
1281	201
1282	193
1283	159
1284	146
1285	148
1286	174
1287	169
1288	158
1289	162
1290	175
1291	196
1292	185
1293	196
1294	162
1295	165
1296	175
1297	164
1298	172
1299	182
1300	187
1301	212
1302	177
1303	183
1304	173
1305	191
1306	155
1307	165
1308	182
1309	192
1310	176
1311	168
1312	193
1313	177
1314	183
1315	175
1316	191
1317	182
1318	178
1319	192
1320	206
1321	195
1322	224
1323	177
1324	191
1325	197
1326	221
1327	202
1328	179
1329	202
1330	199
1331	194
1332	203
1333	209
1334	191
1335	228
1336	195
1337	272
1338	203
1339	217
1340	225
1341	186
1342	209
1343	177
1344	216
1345	216
1346	208
1347	215
1348	241
1349	221
1350	226
1351	232
1352	217
1353	216
1354	222
1355	196
1356	236
1357	197
1358	220
1359	220
1360	222
1361	234
1362	229
1363	252
1364	239
1365	235
1366	235
1367	249
1368	246
1369	245
1370	248
1371	249
1372	237
1373	264
1374	247
1375	258
1376	271
1377	255
1378	249
1379	261
1380	293
1381	252
1382	253
1383	268
1384	267
1385	274
1386	291
1387	255
1388	274
1389	320
1390	265
1391	270
1392	325
1393	282
1394	299
1395	288
1396	271
1397	304
1398	312
1399	273
1400	308
1401	270
1402	315
1403	291
1404	277
1405	315
1406	321
1407	295
1408	333
1409	332
1410	333
1411	316
1412	293
1413	311
1414	272
1415	311
1416	314
1417	345
1418	319
1419	338
1420	324
1421	348
1422	330
1423	304
1424	308
1425	332
1426	340
1427	334
1428	285
1429	349
1430	338
1431	295
1432	348
1433	328
1434	365
1435	362
1436	333
1437	332
1438	335
1439	345
1440	358
1441	373
1442	372
1443	365
1444	344
1445	359
1446	369
1447	323
1448	346
1449	340
1450	338
1451	338
1452	315
1453	328
1454	345
1455	312
1456	361
1457	351
1458	331
1459	327
1460	368
1461	305
1462	317
1463	315
1464	333
1465	342
1466	343
1467	346
1468	308
1469	297
1470	324
1471	340
1472	333
1473	336
1474	317
1475	336
1476	307
1477	337
1478	312
1479	340
1480	356
1481	350
1482	320
1483	351
1484	289
1485	295
1486	345
1487	324
1488	302
1489	308
1490	312
1491	320
1492	326
1493	284
1494	320
1495	308
1496	293
1497	310
1498	293
1499	280
1500	291
1501	300
1502	309
1503	292
1504	260
1505	288
1506	304
1507	279
1508	282
1509	265
1510	292
1511	297
1512	269
1513	289
1514	284
1515	288
1516	262
1517	274
1518	275
1519	256
1520	255
1521	276
1522	260
1523	278
1524	254
1525	269
1526	270
1527	269
1528	252
1529	246
1530	244
1531	247
1532	267
1533	216
1534	225
1535	239
1536	233
1537	248
1538	235
1539	235
1540	245
1541	201
1542	232
1543	250
1544	224
1545	193
1546	188
1547	223
1548	215
1549	198
1550	220
1551	210
1552	209
1553	202
1554	222
1555	204
1556	204
1557	182
1558	223
1559	193
1560	220
1561	241
1562	201
1563	211
1564	202
1565	192
1566	209
1567	182
1568	206
1569	193
1570	203
1571	187
1572	205
1573	191
1574	204
1575	183
1576	188
1577	193
1578	192
1579	193
1580	164
1581	168
1582	175
1583	190
1584	180
1585	188
1586	177
1587	175
1588	165
1589	189
1590	153
1591	172
1592	153
1593	158
1594	173
1595	148
1596	170
1597	166
1598	183
1599	167
1600	156
1601	156
1602	158
1603	160
1604	154
1605	188
1606	170
1607	163
1608	154
1609	172
1610	145
1611	163
1612	142
1613	155
1614	131
1615	174
1616	154
1617	172
1618	146
1619	165
1620	153
1621	156
1622	152
1623	139
1624	141
1625	137
1626	148
1627	151
1628	144
1629	140
1630	158
1631	153
1632	148
1633	128
1634	152
1635	141
1636	158
1637	161
1638	145
1639	161
1640	155
1641	152
1642	126
1643	150
1644	147
1645	146
1646	170
1647	159
1648	148
1649	143
1650	161
1651	154
1652	121
1653	143
1654	146
1655	150
1656	139
1657	138
1658	150
1659	143
1660	156
1661	133
1662	170
1663	148
1664	150
1665	144
1666	129
1667	139
1668	181
1669	182
1670	134
1671	151
1672	149
1673	137
1674	143
1675	167
1676	130
1677	164
1678	156
1679	170
1680	149
1681	157
1682	135
1683	155
1684	129
1685	163
1686	154
1687	147
1688	152
1689	136
1690	162
1691	137
1692	143
1693	155
1694	153
1695	133
1696	149
1697	162
1698	142
1699	146
1700	146
1701	168
1702	138
1703	137
1704	136
1705	158
1706	137
1707	144
1708	138
1709	133
1710	159
1711	152
1712	147
1713	155
1714	155
1715	143
1716	151
1717	158
1718	165
1719	159
1720	167
1721	172
1722	170
1723	144
1724	152
1725	156
1726	149
1727	149
1728	138
1729	150
1730	168
1731	136
1732	163
1733	139
1734	145
1735	174
1736	137
1737	163
1738	165
1739	169
1740	155
1741	150
1742	157
1743	133
1744	144
1745	180
1746	166
1747	173
1748	158
1749	181
1750	179
1751	156
1752	136
1753	149
1754	176
1755	160
1756	180
1757	162
1758	173
1759	156
1760	168
1761	205
1762	151
1763	153
1764	163
1765	154
1766	160
1767	178
1768	181
1769	161
1770	168
1771	154
1772	150
1773	165
1774	160
1775	163
1776	187
1777	173
1778	158
1779	159
1780	145
1781	171
1782	166
1783	188
1784	154
1785	177
1786	175
1787	187
1788	176
1789	169
1790	169
1791	206
1792	177
1793	171
1794	151
1795	166
1796	175
1797	171
1798	186
1799	172
1800	172
1801	166
1802	186
1803	220
1804	175
1805	160
1806	182
1807	182
1808	201
1809	213
1810	161
1811	176
1812	173
1813	195
1814	177
1815	205
1816	171
1817	175
1818	142
1819	204
1820	186
1821	180
1822	201
1823	159
1824	182
1825	171
1826	196
1827	178
1828	195
1829	190
1830	181
1831	193
1832	175
1833	182
1834	196
1835	174
1836	181
1837	166
1838	215
1839	175
1840	207
1841	183
1842	214
1843	184
1844	179
1845	185
1846	188
1847	200
1848	208
1849	225
1850	173
1851	210
1852	207
1853	200
1854	189
1855	189
1856	192
1857	204
1858	208
1859	207
1860	216
1861	213
1862	209
1863	181
1864	199
1865	171
1866	200
1867	220
1868	192
1869	184
1870	186
1871	168
1872	203
1873	209
1874	197
1875	210
1876	180
1877	182
1878	177
1879	227
1880	217
1881	188
1882	217
1883	219
1884	203
1885	195
1886	184
1887	182
1888	228
1889	184
1890	193
1891	225
1892	190
1893	216
1894	216
1895	214
1896	188
1897	210
1898	197
1899	195
1900	212
1901	221
1902	218
1903	217
1904	224
1905	223
1906	210
1907	195
1908	202
1909	215
1910	223
1911	223
1912	206
1913	207
1914	228
1915	225
1916	211
1917	197
1918	223
1919	204
1920	228
1921	239
1922	215
1923	232
1924	219
1925	208
1926	200
1927	225
1928	229
1929	215
1930	244
1931	199
1932	216
1933	189
1934	193
1935	211
1936	231
1937	241
1938	218
1939	238
1940	250
1941	260
1942	232
1943	232
1944	228
1945	212
1946	217
1947	206
1948	229
1949	220
1950	224
1951	238
1952	232
1953	206
1954	241
1955	240
1956	211
1957	231
1958	227
1959	218
1960	244
1961	253
1962	227
1963	226
1964	238
1965	222
1966	245
1967	225
1968	220
1969	229
1970	226
1971	248
1972	231
1973	229
1974	211
1975	237
1976	244
1977	233
1978	228
1979	243
1980	224
1981	228
1982	201
1983	223
1984	230
1985	235
1986	215
1987	234
1988	226
1989	216
1990	223
1991	241
1992	215
1993	232
1994	251
1995	263
1996	249
1997	275
1998	251
1999	222
2000	238
2001	225
2002	243
2003	256
2004	257
2005	235
2006	233
2007	236
2008	228
2009	254
2010	227
2011	231
2012	228
2013	231
2014	230
2015	237
2016	248
2017	253
2018	274
2019	230
2020	232
2021	282
2022	246
2023	259
2024	240
2025	233
2026	269
2027	251
2028	245
2029	274
2030	284
2031	218
2032	217
2033	241
2034	217
2035	244
2036	231
2037	209
2038	233
2039	220
2040	272
2041	255
2042	262
2043	258
2044	253
2045	213
2046	268
2047	221
2048	249
2049	237
2050	241
2051	253
2052	213
2053	244
2054	195
2055	228
2056	205
2057	226
2058	248
2059	237
2060	241
2061	254
2062	240
2063	232
2064	245
2065	241
2066	229
2067	216
2068	233
2069	205
2070	254
2071	234
2072	234
2073	241
2074	263
2075	240
2076	233
2077	250
2078	235
2079	222
2080	257
2081	222
2082	252
2083	247
2084	239
2085	251
2086	233
2087	224
2088	258
2089	257
2090	229
2091	213
2092	255
2093	254
2094	249
2095	238
2096	231
2097	242
2098	236
2099	229
2100	226
2101	232
2102	232
2103	219
2104	227
2105	222
2106	217
2107	238
2108	236
2109	228
2110	225
2111	248
2112	241
2113	227
2114	231
2115	199
2116	242
2117	230
2118	257
2119	226
2120	259
2121	227
2122	256
2123	241
2124	223
2125	240
2126	226
2127	236
2128	218
2129	209
2130	221
2131	223
2132	236
2133	226
2134	239
2135	215
2136	210
2137	202
2138	236
2139	213
2140	216
2141	211
2142	229
2143	211
2144	234
2145	186
2146	231
2147	201
2148	215
2149	239
2150	239
2151	207
2152	233
2153	223
2154	236
2155	229
2156	212
2157	204
2158	204
2159	201
2160	226
2161	216
2162	228
2163	218
2164	200
2165	209
2166	198
2167	225
2168	222
2169	212
2170	241
2171	243
2172	210
2173	229
2174	210
2175	221
2176	234
2177	202
2178	226
2179	213
2180	220
2181	211
2182	202
2183	210
2184	211
2185	190
2186	228
2187	233
2188	208
2189	193
2190	198
2191	219
2192	244
2193	221
2194	204
2195	213
2196	202
2197	188
2198	215
2199	204
2200	213
2201	200
2202	199
2203	230
2204	212
2205	200
2206	228
2207	197
2208	201
2209	212
2210	198
2211	210
2212	214
2213	201
2214	220
2215	190
2216	220
2217	181
2218	208
2219	194
2220	209
2221	202
2222	192
2223	218
2224	196
2225	193
2226	221
2227	210
2228	198
2229	213
2230	245
2231	200
2232	194
2233	170
2234	191
2235	191
2236	196
2237	199
2238	193
2239	213
2240	181
2241	217
2242	209
2243	195
2244	192
2245	190
2246	204
2247	174
2248	192
2249	194
2250	177
2251	211
2252	191
2253	211
2254	201
2255	175
2256	195
2257	200
2258	171
2259	189
2260	177
2261	183
2262	197
2263	176
2264	197
2265	177
2266	186
2267	188
2268	210
2269	200
2270	184
2271	197
2272	199
2273	171
2274	190
2275	188
2276	192
2277	209
2278	169
2279	204
2280	163
2281	199
2282	197
2283	190
2284	171
2285	177
2286	191
2287	158
2288	174
2289	199
2290	194
2291	168
2292	162
2293	156
2294	171
2295	169
2296	186
2297	188
2298	157
2299	169
2300	195
2301	170
2302	204
2303	172
2304	168
2305	198
2306	186
2307	172
2308	161
2309	187
2310	153
2311	179
2312	187
2313	156
2314	180
2315	185
2316	191
2317	212
2318	171
2319	193
2320	165
2321	176
2322	187
2323	186
2324	181
2325	156
2326	170
2327	176
2328	173
2329	196
2330	177
2331	163
2332	176
2333	180
2334	165
2335	176
2336	180
2337	167
2338	166
2339	175
2340	184
2341	195
2342	169
2343	168
2344	188
2345	183
2346	153
2347	189
2348	190
2349	158
2350	162
2351	181
2352	164
2353	210
2354	162
2355	148
2356	161
2357	161
2358	164
2359	177
2360	181
2361	167
2362	171
2363	161
2364	158
2365	175
2366	151
2367	154
2368	176
2369	176
2370	179
2371	176
2372	183
2373	163
2374	159
2375	180
2376	175
2377	143
2378	171
2379	172
2380	193
2381	154
2382	146
2383	162
2384	178
2385	162
2386	162
2387	167
2388	165
2389	162
2390	168
2391	159
2392	173
2393	155
2394	184
2395	186
2396	161
2397	173
2398	184
2399	167
2400	143
2401	158
2402	153
2403	166
2404	170
2405	152
2406	137
2407	175
2408	165
2409	157
2410	176
2411	175
2412	161
2413	174
2414	179
2415	179
2416	160
2417	173
2418	148
2419	164
2420	172
2421	144
2422	122
2423	163
2424	172
2425	165
2426	142
2427	169
2428	168
2429	162
2430	171
2431	150
2432	164
2433	160
2434	165
2435	123
2436	150
2437	140
2438	170
2439	146
2440	149
2441	162
2442	168
2443	160
2444	135
2445	166
2446	165
2447	162
2448	157
2449	158
2450	158
2451	132
2452	168
2453	159
2454	166
2455	168
2456	169
2457	160
2458	168
2459	150
2460	153
2461	119
2462	155
2463	160
2464	175
2465	163
2466	141
2467	161
2468	132
2469	170
2470	161
2471	136
2472	150
2473	167
2474	162
2475	136
2476	124
2477	168
2478	165
2479	136
2480	157
2481	135
2482	154
2483	154
2484	170
2485	159
2486	154
2487	167
2488	172
2489	147
2490	199
2491	142
2492	150
2493	173
2494	150
2495	154
2496	147
2497	155
2498	165
2499	148
2500	126
2501	155
2502	170
2503	133
2504	130
2505	147
2506	159
2507	140
2508	161
2509	156
2510	173
2511	130
2512	135
2513	145
2514	152
2515	162
2516	158
2517	140
2518	171
2519	143
2520	177
2521	156
2522	164
2523	127
2524	131
2525	143
2526	144
2527	126
2528	169
2529	164
2530	147
2531	150
2532	152
2533	134
2534	141
2535	149
2536	139
2537	166
2538	159
2539	165
2540	188
2541	142
2542	155
2543	144
2544	157
2545	124
2546	147
2547	152
2548	128
2549	145
2550	139
2551	141
2552	137
2553	138
2554	158
2555	139
2556	171
2557	132
2558	141
2559	148
2560	155
2561	142
2562	149
2563	139
2564	183
2565	138
2566	146
2567	145
2568	137
2569	147
2570	148
2571	143
2572	142
2573	127
2574	149
2575	143
2576	124
2577	149
2578	141
2579	140
2580	134
2581	135
2582	148
2583	137
2584	159
2585	151
2586	144
2587	125
2588	129
2589	137
2590	143
2591	142
2592	141
2593	122
2594	126
2595	132
2596	136
2597	153
2598	132
2599	112
2600	139
2601	129
2602	129
2603	125
2604	154
2605	155
2606	153
2607	129
2608	141
2609	132
2610	146
2611	136
2612	133
2613	152
2614	128
2615	153
2616	136
2617	148
2618	150
2619	120
2620	129
2621	125
2622	134
2623	139
2624	137
2625	149
2626	122
2627	124
2628	122
2629	127
2630	121
2631	126
2632	131
2633	119
2634	132
2635	110
2636	142
2637	155
2638	133
2639	147
2640	120
2641	142
2642	125
2643	152
2644	132
2645	129
2646	144
2647	114
2648	117
2649	139
2650	135
2651	125
2652	121
2653	106
2654	115
2655	117
2656	120
2657	125
2658	128
2659	122
2660	132
2661	113
2662	105
2663	128
2664	122
2665	129
2666	125
2667	129
2668	122
2669	107
2670	127
2671	130
2672	129
2673	134
2674	126
2675	121
2676	126
2677	110
2678	139
2679	111
2680	131
2681	110
2682	139
2683	133
2684	110
2685	129
2686	112
2687	118
2688	124
2689	108
2690	105
2691	130
2692	115
2693	120
2694	120
2695	112
2696	139
2697	125
2698	119
2699	123
2700	128
2701	126
2702	111
2703	114
2704	118
2705	121
2706	114
2707	115
2708	115
2709	128
2710	115
2711	112
2712	117
2713	120
2714	114
2715	121
2716	111
2717	111
2718	125
2719	125
2720	109
2721	98
2722	110
2723	119
2724	120
2725	124
2726	112
2727	113
2728	101
2729	121
2730	108
2731	123
2732	117
2733	119
2734	124
2735	105
2736	106
2737	104
2738	121
2739	107
2740	112
2741	130
2742	125
2743	100
2744	106
2745	118
2746	118
2747	114
2748	103
2749	120
2750	117
2751	99
2752	89
2753	112
2754	108
2755	109
2756	110
2757	114
2758	134
2759	102
2760	127
2761	89
2762	106
2763	98
2764	112
2765	121
2766	98
2767	93
2768	101
2769	108
2770	118
2771	104
2772	99
2773	107
2774	106
2775	122
2776	89
2777	113
2778	98
2779	130
2780	106
2781	102
2782	115
2783	123
2784	99
2785	88
2786	107
2787	116
2788	100
2789	96
2790	107
2791	110
2792	115
2793	112
2794	105
2795	103
2796	87
2797	108
2798	118
2799	113
2800	112
2801	101
2802	116
2803	100
2804	107
2805	100
2806	105
2807	106
2808	89
2809	107
2810	96
2811	97
2812	96
2813	120
2814	104
2815	92
2816	107
2817	119
2818	107
2819	92
2820	90
2821	109
2822	99
2823	101
2824	109
2825	103
2826	96
2827	100
2828	112
2829	101
2830	101
2831	118
2832	112
2833	89
2834	118
2835	79
2836	102
2837	99
2838	91
2839	116
2840	98
2841	96
2842	96
2843	103
2844	99
2845	104
2846	109
2847	116
2848	97
2849	118
2850	124
2851	99
2852	108
2853	110
2854	112
2855	109
2856	97
2857	102
2858	100
2859	109
2860	122
2861	123
2862	106
2863	120
2864	99
2865	90
2866	96
2867	106
2868	92
2869	93
2870	113
2871	112
2872	105
2873	109
2874	101
2875	106
2876	87
2877	92
2878	118
2879	104
2880	120
2881	115
2882	95
2883	106
2884	101
2885	110
2886	112
2887	98
2888	106
2889	87
2890	112
2891	88
2892	98
2893	106
2894	96
2895	91
2896	96
2897	97
2898	104
2899	110
2900	98
2901	111
2902	93
2903	101
2904	127
2905	95
2906	90
2907	96
2908	107
2909	108
2910	84
2911	104
2912	113
2913	104
2914	102
2915	94
2916	83
2917	84
2918	122
2919	114
2920	104
2921	94
2922	99
2923	97
2924	118
2925	96
2926	110
2927	99
2928	103
2929	91
2930	107
2931	91
2932	93
2933	103
2934	101
2935	82
2936	97
2937	100
2938	104
2939	100
2940	87
2941	113
2942	94
2943	96
2944	124
2945	91
2946	94
2947	125
2948	88
2949	96
2950	106
2951	85
2952	94
2953	100
2954	101
2955	108
2956	96
2957	101
2958	107
2959	110
2960	91
2961	96
2962	93
2963	100
2964	108
2965	88
2966	84
2967	105
2968	90
2969	89
2970	105
2971	104
2972	94
2973	109
2974	85
2975	90
2976	90
2977	97
2978	92
2979	91
2980	91
2981	104
2982	97
2983	99
2984	89
2985	92
2986	101
2987	98
2988	103
2989	121
2990	109
2991	88
2992	76
2993	83
2994	89
2995	100
2996	97
2997	97
2998	94
2999	97
3000	84
3001	103
3002	100
3003	90
3004	91
3005	85
3006	94
3007	92
3008	110
3009	88
3010	107
3011	84
3012	106
3013	97
3014	97
3015	86
3016	92
3017	84
3018	98
3019	97
3020	87
3021	87
3022	91
3023	94
3024	90
3025	90
3026	107
3027	96
3028	82
3029	69
3030	97
3031	91
3032	98
3033	81
3034	85
3035	103
3036	103
3037	98
3038	92
3039	85
3040	92
3041	87
3042	100
3043	81
3044	94
3045	87
3046	93
3047	100
3048	99
3049	92
3050	99
3051	88
3052	90
3053	86
3054	95
3055	86
3056	99
3057	82
3058	102
3059	89
3060	104
3061	86
3062	91
3063	81
3064	93
3065	111
3066	78
3067	91
3068	76
3069	86
3070	86
3071	86
3072	79
3073	84
3074	98
3075	86
3076	87
3077	101
3078	77
3079	76
3080	80
3081	79
3082	90
3083	79
3084	74
3085	78
3086	70
3087	111
3088	94
3089	84
3090	96
3091	72
3092	81
3093	80
3094	91
3095	104
3096	82
3097	78
3098	85
3099	85
3100	92
3101	88
3102	92
3103	89
3104	89
3105	69
3106	91
3107	87
3108	74
3109	84
3110	93
3111	96
3112	90
3113	116
3114	77
3115	83
3116	80
3117	91
3118	79
3119	77
3120	72
3121	86
3122	95
3123	83
3124	68
3125	93
3126	92
3127	89
3128	91
3129	66
3130	77
3131	68
3132	86
3133	88
3134	88
3135	91
3136	75
3137	77
3138	90
3139	69
3140	78
3141	78
3142	85
3143	72
3144	90
3145	95
3146	85
3147	79
3148	79
3149	68
3150	80
3151	89
3152	83
3153	72
3154	90
3155	74
3156	83
3157	76
3158	72
3159	88
3160	77
3161	66
3162	84
3163	88
3164	56
3165	82
3166	80
3167	91
3168	95
3169	77
3170	98
3171	92
3172	96
3173	72
3174	88
3175	83
3176	86
3177	89
3178	81
3179	83
3180	72
3181	79
3182	75
3183	72
3184	76
3185	67
3186	78
3187	82
3188	69
3189	74
3190	88
3191	81
3192	95
3193	72
3194	89
3195	81
3196	70
3197	81
3198	85
3199	88
3200	86
3201	83
3202	76
3203	90
3204	81
3205	83
3206	65
3207	80
3208	82
3209	72
3210	82
3211	80
3212	65
3213	89
3214	80
3215	83
3216	83
3217	71
3218	81
3219	70
3220	67
3221	87
3222	83
3223	71
3224	73
3225	73
3226	79
3227	79
3228	78
3229	76
3230	67
3231	77
3232	90
3233	90
3234	72
3235	94
3236	63
3237	79
3238	76
3239	83
3240	77
3241	86
3242	60
3243	85
3244	76
3245	64
3246	61
3247	80
3248	76
3249	70
3250	75
3251	58
3252	91
3253	81
3254	80
3255	77
3256	75
3257	86
3258	76
3259	78
3260	102
3261	90
3262	91
3263	69
3264	82
3265	88
3266	68
3267	72
3268	74
3269	84
3270	68
3271	74
3272	75
3273	80
3274	90
3275	86
3276	66
3277	84
3278	79
3279	67
3280	89
3281	74
3282	76
3283	98
3284	69
3285	85
3286	49
3287	82
3288	92
3289	68
3290	87
3291	66
3292	82
3293	64
3294	68
3295	81
3296	81
3297	82
3298	72
3299	96
3300	77
3301	80
3302	87
3303	69
3304	79
3305	82
3306	88
3307	75
3308	82
3309	107
3310	82
3311	66
3312	61
3313	86
3314	69
3315	86
3316	82
3317	80
3318	66
3319	77
3320	85
3321	104
3322	75
3323	84
3324	78
3325	63
3326	76
3327	69
3328	94
3329	83
3330	83
3331	75
3332	66
3333	98
3334	63
3335	65
3336	77
3337	79
3338	70
3339	91
3340	77
3341	90
3342	70
3343	89
3344	71
3345	71
3346	67
3347	72
3348	68
3349	76
3350	68
3351	80
3352	90
3353	63
3354	88
3355	85
3356	73
3357	81
3358	82
3359	92
3360	78
3361	73
3362	81
3363	74
3364	82
3365	68
3366	112
3367	72
3368	82
3369	62
3370	79
3371	74
3372	90
3373	93
3374	85
3375	78
3376	89
3377	88
3378	72
3379	78
3380	96
3381	104
3382	83
3383	95
3384	76
3385	82
3386	91
3387	65
3388	92
3389	65
3390	89
3391	93
3392	95
3393	88
3394	79
3395	84
3396	97
3397	94
3398	75
3399	77
3400	75
3401	80
3402	103
3403	78
3404	83
3405	74
3406	93
3407	88
3408	91
3409	75
3410	87
3411	79
3412	85
3413	83
3414	73
3415	77
3416	96
3417	88
3418	83
3419	85
3420	99
3421	77
3422	87
3423	91
3424	67
3425	80
3426	85
3427	91
3428	98
3429	105
3430	84
3431	81
3432	83
3433	83
3434	86
3435	101
3436	96
3437	94
3438	92
3439	92
3440	111
3441	90
3442	85
3443	83
3444	106
3445	93
3446	104
3447	85
3448	89
3449	90
3450	93
3451	84
3452	84
3453	92
3454	101
3455	94
3456	85
3457	91
3458	97
3459	105
3460	84
3461	109
3462	104
3463	112
3464	110
3465	98
3466	100
3467	101
3468	109
3469	100
3470	99
3471	90
3472	89
3473	93
3474	111
3475	118
3476	111
3477	112
3478	103
3479	113
3480	128
3481	105
3482	110
3483	120
3484	100
3485	104
3486	112
3487	107
3488	115
3489	102
3490	117
3491	115
3492	108
3493	127
3494	114
3495	111
3496	111
3497	116
3498	114
3499	123
3500	122
3501	92
3502	108
3503	121
3504	115
3505	123
3506	118
3507	110
3508	110
3509	110
3510	133
3511	113
3512	115
3513	123
3514	112
3515	117
3516	136
3517	129
3518	118
3519	126
3520	127
3521	119
3522	123
3523	119
3524	116
3525	111
3526	117
3527	132
3528	149
3529	116
3530	139
3531	121
3532	133
3533	118
3534	138
3535	132
3536	149
3537	135
3538	115
3539	132
3540	125
3541	120
3542	135
3543	156
3544	149
3545	121
3546	152
3547	123
3548	133
3549	131
3550	142
3551	123
3552	139
3553	154
3554	118
3555	129
3556	134
3557	142
3558	138
3559	146
3560	135
3561	145
3562	148
3563	153
3564	139
3565	140
3566	143
3567	122
3568	126
3569	156
3570	182
3571	128
3572	145
3573	145
3574	144
3575	149
3576	141
3577	139
3578	165
3579	141
3580	150
3581	161
3582	147
3583	140
3584	135
3585	155
3586	148
3587	158
3588	153
3589	155
3590	145
3591	134
3592	165
3593	162
3594	151
3595	152
3596	178
3597	164
3598	169
3599	165
3600	136
3601	144
3602	183
3603	161
3604	142
3605	158
3606	147
3607	160
3608	137
3609	160
3610	175
3611	159
3612	169
3613	164
3614	180
3615	193
3616	169
3617	165
3618	145
3619	145
3620	172
3621	160
3622	150
3623	164
3624	191
3625	158
3626	170
3627	158
3628	170
3629	161
3630	170
3631	167
3632	181
3633	148
3634	152
3635	156
3636	157
3637	175
3638	176
3639	162
3640	177
3641	170
3642	153
3643	177
3644	164
3645	170
3646	191
3647	167
3648	189
3649	149
3650	174
3651	180
3652	173
3653	161
3654	163
3655	177
3656	168
3657	181
3658	172
3659	190
3660	170
3661	172
3662	196
3663	205
3664	171
3665	152
3666	184
3667	182
3668	207
3669	189
3670	161
3671	167
3672	192
3673	176
3674	179
3675	175
3676	194
3677	169
3678	182
3679	192
3680	178
3681	174
3682	197
3683	187
3684	166
3685	176
3686	175
3687	189
3688	174
3689	183
3690	193
3691	198
3692	170
3693	166
3694	192
3695	209
3696	152
3697	201
3698	188
3699	179
3700	181
3701	180
3702	138
3703	207
3704	185
3705	201
3706	195
3707	180
3708	201
3709	179
3710	195
3711	195
3712	183
3713	191
3714	196
3715	199
3716	194
3717	187
3718	169
3719	181
3720	181
3721	200
3722	180
3723	194
3724	181
3725	184
3726	196
3727	173
3728	200
3729	185
3730	186
3731	204
3732	216
3733	201
3734	195
3735	190
3736	188
3737	196
3738	191
3739	196
3740	182
3741	196
3742	186
3743	178
3744	186
3745	190
3746	196
3747	175
3748	215
3749	195
3750	199
3751	194
3752	180
3753	173
3754	184
3755	198
3756	204
3757	197
3758	201
3759	197
3760	206
3761	212
3762	211
3763	215
3764	196
3765	215
3766	199
3767	218
3768	217
3769	225
3770	211
3771	231
3772	209
3773	208
3774	209
3775	234
3776	234
3777	211
3778	205
3779	234
3780	220
3781	204
3782	204
3783	199
3784	193
3785	208
3786	217
3787	232
3788	205
3789	212
3790	215
3791	185
3792	187
3793	223
3794	234
3795	227
3796	205
3797	206
3798	212
3799	213
3800	201
3801	226
3802	231
3803	219
3804	235
3805	214
3806	222
3807	207
3808	225
3809	218
3810	219
3811	233
3812	211
3813	212
3814	209
3815	224
3816	223
3817	231
3818	206
3819	242
3820	218
3821	234
3822	218
3823	237
3824	255
3825	214
3826	229
3827	210
3828	254
3829	241
3830	219
3831	248
3832	213
3833	232
3834	228
3835	217
3836	221
3837	245
3838	261
3839	253
3840	233
3841	233
3842	218
3843	239
3844	229
3845	253
3846	249
3847	235
3848	231
3849	227
3850	246
3851	256
3852	267
3853	241
3854	257
3855	256
3856	252
3857	237
3858	219
3859	232
3860	256
3861	262
3862	251
3863	221
3864	228
3865	266
3866	252
3867	261
3868	250
3869	234
3870	245
3871	235
3872	258
3873	257
3874	252
3875	243
3876	268
3877	274
3878	269
3879	242
3880	277
3881	244
3882	282
3883	253
3884	258
3885	257
3886	265
3887	246
3888	289
3889	299
3890	279
3891	250
3892	271
3893	249
3894	259
3895	286
3896	222
3897	269
3898	265
3899	235
3900	278
3901	293
3902	274
3903	259
3904	261
3905	245
3906	282
3907	265
3908	279
3909	258
3910	277
3911	301
3912	263
3913	270
3914	289
3915	280
3916	253
3917	254
3918	288
3919	272
3920	306
3921	274
3922	289
3923	289
3924	268
3925	295
3926	263
3927	288
3928	272
3929	293
3930	281
3931	277
3932	281
3933	325
3934	305
3935	284
3936	284
3937	280
3938	291
3939	317
3940	313
3941	312
3942	250
3943	308
3944	289
3945	289
3946	290
3947	272
3948	318
3949	279
3950	295
3951	305
3952	305
3953	337
3954	324
3955	294
3956	301
3957	301
3958	309
3959	274
3960	285
3961	318
3962	332
3963	295
3964	268
3965	315
3966	314
3967	291
3968	326
3969	305
3970	333
3971	303
3972	297
3973	301
3974	298
3975	288
3976	321
3977	320
3978	293
3979	305
3980	301
3981	325
3982	304
3983	295
3984	323
3985	287
3986	327
3987	305
3988	330
3989	305
3990	333
3991	351
3992	352
3993	365
3994	348
3995	307
3996	307
3997	360
3998	280
3999	356
4000	331
4001	310
4002	328
4003	317
4004	330
4005	308
4006	321
4007	362
4008	351
4009	336
4010	331
4011	346
4012	314
4013	325
4014	355
4015	349
4016	317
4017	328
4018	347
4019	331
4020	328
4021	348
4022	329
4023	312
4024	368
4025	353
4026	352
4027	354
4028	322
4029	361
4030	369
4031	381
4032	336
4033	329
4034	360
4035	370
4036	350
4037	351
4038	330
4039	341
4040	349
4041	359
4042	364
4043	324
4044	327
4045	332
4046	346
4047	372
4048	371
4049	344
4050	382
4051	377
4052	321
4053	366
4054	369
4055	362
4056	348
4057	322
4058	349
4059	379
4060	322
4061	356
4062	347
4063	315
4064	317
4065	348
4066	359
4067	351
4068	330
4069	341
4070	384
4071	339
4072	311
4073	373
4074	343
4075	345
4076	372
4077	395
4078	368
4079	348
4080	361
4081	383
4082	322
4083	356
4084	287
4085	355
4086	361
4087	354
4088	344
4089	350
4090	353
4091	373
4092	384
4093	350
4094	373
4095	355
4096	339
4097	342
4098	318
4099	374
4100	330
4101	344
4102	331
4103	391
4104	354
4105	355
4106	358
4107	382
4108	322
4109	344
4110	337
4111	390
4112	355
4113	327
4114	329
4115	347
4116	317
4117	357
4118	361
4119	348
4120	342
4121	343
4122	350
4123	357
4124	343
4125	331
4126	349
4127	360
4128	356
4129	320
4130	314
4131	343
4132	368
4133	355
4134	308
4135	366
4136	363
4137	365
4138	353
4139	340
4140	330
4141	332
4142	354
4143	326
4144	352
4145	327
4146	321
4147	347
4148	321
4149	336
4150	324
4151	308
4152	355
4153	349
4154	353
4155	344
4156	319
4157	320
4158	311
4159	302
4160	332
4161	333
4162	318
4163	318
4164	349
4165	316
4166	322
4167	322
4168	327
4169	352
4170	285
4171	356
4172	309
4173	335
4174	344
4175	321
4176	332
4177	341
4178	320
4179	319
4180	306
4181	311
4182	319
4183	308
4184	297
4185	307
4186	316
4187	310
4188	311
4189	271
4190	309
4191	322
4192	325
4193	311
4194	269
4195	284
4196	312
4197	283
4198	297
4199	299
4200	259
4201	306
4202	294
4203	314
4204	310
4205	286
4206	295
4207	280
4208	309
4209	305
4210	274
4211	261
4212	301
4213	282
4214	310
4215	265
4216	284
4217	292
4218	257
4219	264
4220	292
4221	266
4222	248
4223	260
4224	252
4225	275
4226	262
4227	238
4228	256
4229	243
4230	266
4231	268
4232	271
4233	239
4234	241
4235	256
4236	294
4237	288
4238	250
4239	278
4240	259
4241	293
4242	273
4243	256
4244	282
4245	242
4246	254
4247	287
4248	243
4249	272
4250	240
4251	273
4252	273
4253	246
4254	262
4255	226
4256	262
4257	242
4258	235
4259	204
4260	309
4261	247
4262	251
4263	230
4264	233
4265	231
4266	259
4267	244
4268	209
4269	243
4270	293
4271	246
4272	228
4273	242
4274	254
4275	241
4276	258
4277	236
4278	252
4279	208
4280	249
4281	220
4282	220
4283	224
4284	216
4285	224
4286	226
4287	232
4288	243
4289	202
4290	197
4291	218
4292	224
4293	234
4294	223
4295	217
4296	234
4297	221
4298	211
4299	206
4300	212
4301	198
4302	208
4303	207
4304	211
4305	242
4306	240
4307	215
4308	205
4309	213
4310	233
4311	235
4312	212
4313	199
4314	186
4315	190
4316	199
4317	196
4318	190
4319	193
4320	223
4321	183
4322	224
4323	192
4324	180
4325	197
4326	209
4327	207
4328	170
4329	214
4330	199
4331	216
4332	190
4333	189
4334	173
4335	201
4336	192
4337	183
4338	212
4339	189
4340	203
4341	185
4342	169
4343	189
4344	191
4345	198
4346	186
4347	187
4348	195
4349	208
4350	178
4351	183
4352	169
4353	169
4354	177
4355	190
4356	185
4357	170
4358	183
4359	179
4360	175
4361	184
4362	194
4363	161
4364	157
4365	191
4366	198
4367	179
4368	199
4369	189
4370	171
4371	176
4372	165
4373	177
4374	202
4375	185
4376	188
4377	178
4378	185
4379	175
4380	182
4381	178
4382	192
4383	184
4384	196
4385	213
4386	218
4387	209
4388	202
4389	184
4390	212
4391	163
4392	179
4393	185
4394	182
4395	170
4396	192
4397	191
4398	166
4399	191
4400	156
4401	185
4402	159
4403	202
4404	186
4405	197
4406	156
4407	171
4408	177
4409	194
4410	179
4411	189
4412	172
4413	183
4414	182
4415	192
4416	201
4417	176
4418	182
4419	190
4420	211
4421	187
4422	197
4423	177
4424	170
4425	178
4426	192
4427	213
4428	199
4429	190
4430	200
4431	171
4432	190
4433	196
4434	195
4435	216
4436	215
4437	210
4438	215
4439	217
4440	225
4441	215
4442	191
4443	235
4444	209
4445	210
4446	245
4447	198
4448	220
4449	220
4450	221
4451	214
4452	212
4453	215
4454	218
4455	222
4456	192
4457	243
4458	221
4459	208
4460	232
4461	238
4462	216
4463	261
4464	240
4465	199
4466	235
4467	212
4468	246
4469	239
4470	241
4471	243
4472	218
4473	238
4474	237
4475	247
4476	242
4477	238
4478	276
4479	234
4480	260
4481	237
4482	270
4483	249
4484	266
4485	273
4486	250
4487	251
4488	251
4489	233
4490	282
4491	279
4492	261
4493	276
4494	262
4495	266
4496	270
4497	261
4498	283
4499	275
4500	292
4501	291
4502	254
4503	295
4504	286
4505	278
4506	298
4507	289
4508	282
4509	286
4510	309
4511	277
4512	284
4513	282
4514	304
4515	324
4516	285
4517	324
4518	307
4519	333
4520	307
4521	323
4522	361
4523	303
4524	294
4525	324
4526	358
4527	328
4528	345
4529	313
4530	340
4531	353
4532	342
4533	339
4534	313
4535	346
4536	354
4537	367
4538	347
4539	390
4540	345
4541	369
4542	334
4543	355
4544	339
4545	347
4546	339
4547	356
4548	398
4549	392
4550	342
4551	366
4552	356
4553	384
4554	418
4555	378
4556	359
4557	400
4558	390
4559	350
4560	396
4561	382
4562	410
4563	394
4564	425
4565	411
4566	393
4567	415
4568	407
4569	414
4570	382
4571	431
4572	428
4573	418
4574	435
4575	421
4576	469
4577	433
4578	442
4579	398
4580	414
4581	415
4582	432
4583	471
4584	467
4585	454
4586	427
4587	473
4588	452
4589	471
4590	455
4591	419
4592	473
4593	458
4594	473
4595	469
4596	482
4597	454
4598	462
4599	464
4600	504
4601	480
4602	489
4603	502
4604	481
4605	479
4606	498
4607	541
4608	498
4609	481
4610	535
4611	518
4612	514
4613	522
4614	500
4615	501
4616	529
4617	599
4618	510
4619	511
4620	500
4621	544
4622	498
4623	522
4624	550
4625	513
4626	515
4627	529
4628	547
4629	520
4630	629
4631	541
4632	504
4633	571
4634	566
4635	556
4636	568
4637	586
4638	569
4639	625
4640	586
4641	560
4642	553
4643	561
4644	545
4645	566
4646	556
4647	587
4648	581
4649	584
4650	612
4651	585
4652	586
4653	606
4654	594
4655	615
4656	653
4657	661
4658	626
4659	643
4660	587
4661	622
4662	638
4663	652
4664	628
4665	616
4666	647
4667	618
4668	672
4669	628
4670	625
4671	705
4672	650
4673	647
4674	608
4675	678
4676	656
4677	630
4678	676
4679	625
4680	651
4681	678
4682	649
4683	642
4684	677
4685	659
4686	684
4687	715
4688	653
4689	669
4690	677
4691	680
4692	716
4693	690
4694	750
4695	703
4696	706
4697	661
4698	687
4699	678
4700	702
4701	685
4702	713
4703	702
4704	702
4705	723
4706	692
4707	739
4708	707
4709	717
4710	689
4711	707
4712	741
4713	678
4714	774
4715	722
4716	739
4717	744
4718	766
4719	766
4720	736
4721	720
4722	783
4723	744
4724	723
4725	733
4726	732
4727	745
4728	768
4729	735
4730	768
4731	771
4732	770
4733	793
4734	757
4735	770
4736	759
4737	744
4738	749
4739	811
4740	805
4741	793
4742	734
4743	811
4744	827
4745	753
4746	768
4747	765
4748	808
4749	768
4750	839
4751	784
4752	785
4753	808
4754	797
4755	777
4756	804
4757	822
4758	838
4759	771
4760	794
4761	821
4762	777
4763	796
4764	789
4765	831
4766	846
4767	831
4768	776
4769	793
4770	773
4771	844
4772	816
4773	795
4774	799
4775	788
4776	900
4777	806
4778	799
4779	812
4780	838
4781	852
4782	874
4783	829
4784	837
4785	816
4786	812
4787	840
4788	804
4789	806
4790	801
4791	816
4792	853
4793	872
4794	779
4795	849
4796	834
4797	881
4798	790
4799	796
4800	863
4801	823
4802	817
4803	830
4804	856
4805	808
4806	817
4807	833
4808	842
4809	819
4810	791
4811	911
4812	859
4813	831
4814	866
4815	809
4816	838
4817	797
4818	861
4819	868
4820	891
4821	867
4822	817
4823	812
4824	843
4825	898
4826	828
4827	888
4828	867
4829	863
4830	890
4831	858
4832	807
4833	859
4834	826
4835	882
4836	870
4837	838
4838	884
4839	838
4840	811
4841	824
4842	839
4843	895
4844	841
4845	852
4846	811
4847	849
4848	854
4849	866
4850	852
4851	822
4852	850
4853	895
4854	887
4855	833
4856	851
4857	860
4858	866
4859	890
4860	815
4861	847
4862	829
4863	776
4864	798
4865	887
4866	844
4867	889
4868	845
4869	832
4870	870
4871	843
4872	832
4873	877
4874	795
4875	871
4876	808
4877	814
4878	804
4879	829
4880	827
4881	843
4882	816
4883	886
4884	836
4885	810
4886	824
4887	807
4888	777
4889	825
4890	845
4891	795
4892	868
4893	788
4894	809
4895	833
4896	800
4897	821
4898	823
4899	771
4900	831
4901	842
4902	816
4903	827
4904	813
4905	846
4906	768
4907	777
4908	883
4909	846
4910	801
4911	807
4912	756
4913	829
4914	809
4915	821
4916	831
4917	756
4918	842
4919	801
4920	756
4921	828
4922	774
4923	785
4924	765
4925	789
4926	819
4927	802
4928	807
4929	824
4930	767
4931	747
4932	749
4933	761
4934	763
4935	764
4936	757
4937	771
4938	731
4939	825
4940	809
4941	750
4942	774
4943	762
4944	743
4945	815
4946	721
4947	734
4948	798
4949	745
4950	777
4951	747
4952	765
4953	710
4954	734
4955	727
4956	734
4957	731
4958	743
4959	720
4960	736
4961	700
4962	731
4963	756
4964	746
4965	716
4966	748
4967	733
4968	756
4969	696
4970	718
4971	723
4972	655
4973	729
4974	712
4975	659
4976	637
4977	732
4978	706
4979	722
4980	690
4981	718
4982	679
4983	663
4984	683
4985	659
4986	693
4987	649
4988	686
4989	722
4990	643
4991	646
4992	691
4993	645
4994	650
4995	713
4996	699
4997	676
4998	675
4999	697
5000	684
5001	678
5002	631
5003	698
5004	650
5005	647
5006	674
5007	638
5008	638
5009	633
5010	618
5011	609
5012	624
5013	655
5014	653
5015	607
5016	587
5017	566
5018	635
5019	639
5020	635
5021	580
5022	643
5023	602
5024	629
5025	618
5026	597
5027	586
5028	606
5029	578
5030	579
5031	592
5032	601
5033	550
5034	601
5035	583
5036	591
5037	602
5038	546
5039	614
5040	591
5041	541
5042	564
5043	516
5044	567
5045	568
5046	591
5047	557
5048	574
5049	549
5050	472
5051	576
5052	570
5053	562
5054	542
5055	581
5056	527
5057	536
5058	589
5059	555
5060	552
5061	569
5062	566
5063	535
5064	527
5065	527
5066	499
5067	541
5068	525
5069	568
5070	529
5071	533
5072	484
5073	513
5074	493
5075	515
5076	531
5077	575
5078	525
5079	524
5080	483
5081	552
5082	499
5083	523
5084	490
5085	459
5086	476
5087	512
5088	457
5089	468
5090	478
5091	495
5092	501
5093	480
5094	467
5095	465
5096	489
5097	465
5098	484
5099	464
5100	480
5101	481
5102	462
5103	446
5104	470
5105	459
5106	458
5107	495
5108	441
5109	474
5110	447
5111	459
5112	463
5113	447
5114	438
5115	445
5116	479
5117	410
5118	442
5119	441
5120	442
5121	439
5122	441
5123	436
5124	420
5125	457
5126	425
5127	432
5128	439
5129	434
5130	447
5131	458
5132	428
5133	430
5134	437
5135	478
5136	437
5137	384
5138	446
5139	439
5140	392
5141	422
5142	452
5143	419
5144	352
5145	405
5146	411
5147	410
5148	410
5149	439
5150	402
5151	399
5152	382
5153	400
5154	386
5155	397
5156	393
5157	430
5158	399
5159	382
5160	405
5161	436
5162	408
5163	380
5164	383
5165	375
5166	389
5167	394
5168	383
5169	417
5170	414
5171	376
5172	365
5173	441
5174	403
5175	373
5176	341
5177	382
5178	364
5179	386
5180	397
5181	387
5182	423
5183	378
5184	370
5185	350
5186	389
5187	394
5188	333
5189	359
5190	392
5191	344
5192	360
5193	330
5194	346
5195	335
5196	358
5197	367
5198	342
5199	339
5200	339
5201	364
5202	372
5203	359
5204	326
5205	362
5206	343
5207	384
5208	336
5209	350
5210	349
5211	346
5212	347
5213	353
5214	342
5215	372
5216	341
5217	369
5218	318
5219	346
5220	355
5221	326
5222	334
5223	360
5224	333
5225	348
5226	359
5227	331
5228	333
5229	347
5230	344
5231	326
5232	307
5233	333
5234	317
5235	309
5236	368
5237	346
5238	339
5239	372
5240	325
5241	371
5242	348
5243	362
5244	319
5245	335
5246	362
5247	302
5248	333
5249	329
5250	321
5251	335
5252	305
5253	319
5254	339
5255	331
5256	349
5257	313
5258	317
5259	338
5260	320
5261	327
5262	324
5263	309
5264	340
5265	345
5266	347
5267	311
5268	333
5269	330
5270	321
5271	303
5272	304
5273	357
5274	326
5275	302
5276	294
5277	322
5278	280
5279	321
5280	299
5281	298
5282	313
5283	319
5284	290
5285	303
5286	318
5287	292
5288	298
5289	335
5290	304
5291	301
5292	313
5293	298
5294	297
5295	321
5296	343
5297	298
5298	260
5299	279
5300	313
5301	291
5302	337
5303	279
5304	323
5305	311
5306	302
5307	307
5308	266
5309	304
5310	268
5311	258
5312	324
5313	288
5314	283
5315	293
5316	322
5317	325
5318	351
5319	299
5320	324
5321	287
5322	281
5323	278
5324	282
5325	289
5326	285
5327	309
5328	302
5329	289
5330	301
5331	264
5332	289
5333	306
5334	309
5335	270
5336	288
5337	286
5338	315
5339	282
5340	296
5341	269
5342	308
5343	304
5344	282
5345	315
5346	264
5347	310
5348	268
5349	270
5350	255
5351	277
5352	291
5353	265
5354	296
5355	284
5356	262
5357	265
5358	272
5359	248
5360	261
5361	268
5362	303
5363	248
5364	267
5365	280
5366	289
5367	262
5368	286
5369	285
5370	261
5371	306
5372	276
5373	244
5374	239
5375	225
5376	243
5377	290
5378	266
5379	244
5380	231
5381	241
5382	254
5383	230
5384	247
5385	248
5386	276
5387	247
5388	264
5389	280
5390	266
5391	260
5392	257
5393	255
5394	245
5395	251
5396	226
5397	249
5398	258
5399	264
5400	253
5401	247
5402	269
5403	266
5404	217
5405	266
5406	250
5407	257
5408	259
5409	268
5410	236
5411	224
5412	216
5413	256
5414	246
5415	227
5416	234
5417	253
5418	241
5419	235
5420	231
5421	253
5422	223
5423	248
5424	248
5425	224
5426	227
5427	254
5428	239
5429	276
5430	225
5431	249
5432	246
5433	212
5434	237
5435	249
5436	258
5437	235
5438	235
5439	227
5440	237
5441	250
5442	215
5443	225
5444	262
5445	229
5446	210
5447	205
5448	250
5449	236
5450	197
5451	203
5452	230
5453	219
5454	214
5455	232
5456	183
5457	228
5458	189
5459	219
5460	194
5461	188
5462	191
5463	222
5464	230
5465	208
5466	229
5467	214
5468	175
5469	186
5470	220
5471	214
5472	221
5473	207
5474	197
5475	193
5476	214
5477	202
5478	188
5479	187
5480	200
5481	219
5482	189
5483	178
5484	182
5485	189
5486	201
5487	211
5488	216
5489	215
5490	160
5491	173
5492	169
5493	219
5494	176
5495	194
5496	217
5497	197
5498	166
5499	200
5500	205
5501	178
5502	162
5503	186
5504	182
5505	169
5506	167
5507	161
5508	171
5509	179
5510	187
5511	159
5512	192
5513	165
5514	184
5515	180
5516	179
5517	154
5518	183
5519	182
5520	157
5521	156
5522	184
5523	161
5524	168
5525	161
5526	164
5527	186
5528	179
5529	161
5530	151
5531	181
5532	142
5533	154
5534	144
5535	171
5536	157
5537	149
5538	169
5539	175
5540	163
5541	160
5542	139
5543	165
5544	137
5545	169
5546	139
5547	130
5548	159
5549	136
5550	150
5551	140
5552	136
5553	166
5554	133
5555	150
5556	145
5557	149
5558	140
5559	162
5560	159
5561	133
5562	141
5563	140
5564	158
5565	137
5566	130
5567	130
5568	128
5569	129
5570	156
5571	118
5572	125
5573	138
5574	136
5575	142
5576	139
5577	130
5578	120
5579	139
5580	144
5581	128
5582	127
5583	128
5584	104
5585	128
5586	130
5587	129
5588	125
5589	126
5590	115
5591	112
5592	121
5593	133
5594	117
5595	131
5596	114
5597	127
5598	107
5599	97
5600	106
5601	122
5602	102
5603	116
5604	106
5605	123
5606	129
5607	107
5608	134
5609	124
5610	127
5611	121
5612	123
5613	105
5614	106
5615	112
5616	107
5617	124
5618	114
5619	111
5620	107
5621	120
5622	119
5623	123
5624	121
5625	101
5626	106
5627	107
5628	127
5629	113
5630	114
5631	105
5632	122
5633	97
5634	98
5635	124
5636	106
5637	112
5638	113
5639	101
5640	106
5641	111
5642	91
5643	113
5644	121
5645	91
5646	91
5647	97
5648	102
5649	99
5650	92
5651	92
5652	103
5653	113
5654	90
5655	92
5656	95
5657	110
5658	97
5659	98
5660	121
5661	112
5662	98
5663	83
5664	95
5665	98
5666	87
5667	103
5668	93
5669	98
5670	80
5671	96
5672	80
5673	80
5674	91
5675	80
5676	114
5677	93
5678	85
5679	65
5680	80
5681	91
5682	87
5683	84
5684	91
5685	99
5686	84
5687	83
5688	80
5689	103
5690	80
5691	75
5692	92
5693	84
5694	72
5695	102
5696	76
5697	76
5698	107
5699	80
5700	93
5701	94
5702	90
5703	109
5704	72
5705	90
5706	90
5707	83
5708	74
5709	79
5710	80
5711	77
5712	92
5713	86
5714	82
5715	95
5716	84
5717	89
5718	80
5719	89
5720	75
5721	93
5722	89
5723	65
5724	87
5725	93
5726	81
5727	73
5728	91
5729	99
5730	86
5731	82
5732	84
5733	96
5734	103
5735	80
5736	90
5737	89
5738	72
5739	61
5740	77
5741	80
5742	71
5743	73
5744	74
5745	96
5746	95
5747	77
5748	90
5749	91
5750	87
5751	66
5752	78
5753	75
5754	69
5755	77
5756	74
5757	98
5758	84
5759	73
5760	65
5761	56
5762	78
5763	69
5764	72
5765	69
5766	66
5767	79
5768	64
5769	74
5770	78
5771	91
5772	85
5773	81
5774	86
5775	94
5776	82
5777	76
5778	92
5779	68
5780	81
5781	88
5782	74
5783	73
5784	91
5785	74
5786	78
5787	65
5788	71
5789	71
5790	89
5791	72
5792	67
5793	78
5794	79
5795	78
5796	72
5797	94
5798	90
5799	71
5800	88
5801	72
5802	109
5803	85
5804	83
5805	72
5806	89
5807	91
5808	88
5809	93
5810	82
5811	100
5812	72
5813	94
5814	72
5815	91
5816	108
5817	84
5818	76
5819	85
5820	83
5821	91
5822	67
5823	67
5824	97
5825	84
5826	89
5827	94
5828	97
5829	99
5830	85
5831	107
5832	78
5833	80
5834	59
5835	92
5836	84
5837	89
5838	90
5839	94
5840	71
5841	95
5842	87
5843	94
5844	79
5845	78
5846	89
5847	78
5848	97
5849	74
5850	83
5851	80
5852	96
5853	80
5854	82
5855	91
5856	97
5857	79
5858	106
5859	92
5860	100
5861	102
5862	92
5863	89
5864	102
5865	72
5866	86
5867	84
5868	88
5869	73
5870	82
5871	96
5872	92
5873	113
5874	103
5875	97
5876	82
5877	109
5878	90
5879	85
5880	80
5881	83
5882	97
5883	101
5884	82
5885	86
5886	83
5887	94
5888	91
5889	93
5890	83
5891	99
5892	96
5893	112
5894	101
5895	99
5896	102
5897	101
5898	86
5899	92
5900	96
5901	90
5902	97
5903	94
5904	88
5905	99
5906	109
5907	77
5908	90
5909	89
5910	78
5911	92
5912	92
5913	87
5914	79
5915	93
5916	85
5917	114
5918	114
5919	91
5920	98
5921	106
5922	98
5923	100
5924	94
5925	105
5926	94
5927	105
5928	104
5929	91
5930	100
5931	120
5932	106
5933	114
5934	98
5935	98
5936	115
5937	100
5938	95
5939	114
5940	99
5941	102
5942	106
5943	98
5944	111
5945	98
5946	112
5947	90
5948	107
5949	96
5950	111
5951	118
5952	108
5953	101
5954	107
5955	91
5956	118
5957	114
5958	115
5959	109
5960	100
5961	119
5962	130
5963	96
5964	96
5965	99
5966	111
5967	99
5968	128
5969	91
5970	101
5971	109
5972	95
5973	97
5974	107
5975	115
5976	91
5977	122
5978	95
5979	93
5980	99
5981	119
5982	120
5983	91
5984	109
5985	94
5986	88
5987	113
5988	126
5989	101
5990	111
5991	113
5992	107
5993	89
5994	106
5995	81
5996	114
5997	93
5998	115
5999	121
6000	97
6001	105
6002	95
6003	106
6004	118
6005	118
6006	105
6007	116
6008	125
6009	100
6010	120
6011	95
6012	107
6013	112
6014	122
6015	95
6016	123
6017	108
6018	106
6019	101
6020	109
6021	106
6022	126
6023	102
6024	115
6025	114
6026	89
6027	97
6028	98
6029	118
6030	101
6031	110
6032	117
6033	121
6034	116
6035	104
6036	84
6037	122
6038	88
6039	121
6040	111
6041	101
6042	113
6043	98
6044	100
6045	118
6046	99
6047	96
6048	116
6049	93
6050	121
6051	116
6052	113
6053	113
6054	101
6055	111
6056	118
6057	121
6058	125
6059	118
6060	126
6061	105
6062	111
6063	108
6064	112
6065	114
6066	133
6067	130
6068	96
6069	110
6070	101
6071	113
6072	100
6073	119
6074	118
6075	100
6076	127
6077	97
6078	119
6079	110
6080	120
6081	108
6082	128
6083	103
6084	102
6085	113
6086	100
6087	104
6088	104
6089	106
6090	121
6091	116
6092	105
6093	111
6094	114
6095	108
6096	105
6097	118
6098	108
6099	118
6100	112
6101	117
6102	127
6103	104
6104	103
6105	101
6106	119
6107	117
6108	90
6109	113
6110	110
6111	116
6112	113
6113	116
6114	106
6115	125
6116	126
6117	108
6118	98
6119	97
6120	112
6121	106
6122	110
6123	116
6124	93
6125	121
6126	96
6127	92
6128	133
6129	123
6130	112
6131	124
6132	103
6133	91
6134	95
6135	94
6136	109
6137	104
6138	107
6139	118
6140	111
6141	116
6142	111
6143	93
6144	114
6145	97
6146	102
6147	95
6148	101
6149	106
6150	104
6151	124
6152	85
6153	110
6154	97
6155	94
6156	120
6157	111
6158	109
6159	110
6160	88
6161	101
6162	103
6163	100
6164	120
6165	119
6166	97
6167	72
6168	108
6169	112
6170	93
6171	109
6172	85
6173	104
6174	110
6175	104
6176	77
6177	106
6178	96
6179	114
6180	105
6181	84
6182	107
6183	92
6184	95
6185	113
6186	81
6187	93
6188	103
6189	93
6190	102
6191	97
6192	86
6193	103
6194	108
6195	88
6196	102
6197	93
6198	86
6199	85
6200	107
6201	91
6202	95
6203	97
6204	98
6205	120
6206	101
6207	82
6208	98
6209	93
6210	91
6211	67
6212	95
6213	84
6214	95
6215	77
6216	105
6217	85
6218	72
6219	86
6220	89
6221	99
6222	87
6223	94
6224	88
6225	95
6226	94
6227	85
6228	73
6229	88
6230	91
6231	72
6232	75
6233	90
6234	107
6235	81
6236	84
6237	87
6238	97
6239	84
6240	86
6241	82
6242	82
6243	79
6244	81
6245	90
6246	68
6247	72
6248	100
6249	78
6250	98
6251	85
6252	66
6253	77
6254	82
6255	68
6256	64
6257	78
6258	90
6259	81
6260	70
6261	87
6262	70
6263	83
6264	87
6265	70
6266	91
6267	82
6268	89
6269	87
6270	58
6271	74
6272	65
6273	62
6274	71
6275	89
6276	77
6277	79
6278	66
6279	90
6280	71
6281	71
6282	74
6283	87
6284	84
6285	63
6286	77
6287	70
6288	69
6289	77
6290	65
6291	70
6292	60
6293	71
6294	86
6295	73
6296	65
6297	69
6298	77
6299	76
6300	65
6301	56
6302	79
6303	73
6304	66
6305	71
6306	60
6307	57
6308	55
6309	59
6310	73
6311	63
6312	62
6313	56
6314	53
6315	63
6316	69
6317	67
6318	61
6319	55
6320	42
6321	59
6322	60
6323	62
6324	71
6325	54
6326	57
6327	53
6328	54
6329	51
6330	75
6331	60
6332	76
6333	58
6334	65
6335	57
6336	51
6337	52
6338	55
6339	43
6340	66
6341	60
6342	50
6343	50
6344	61
6345	56
6346	52
6347	46
6348	52
6349	43
6350	53
6351	58
6352	61
6353	53
6354	57
6355	61
6356	55
6357	54
6358	63
6359	51
6360	44
6361	47
6362	46
6363	48
6364	49
6365	34
6366	48
6367	48
6368	48
6369	55
6370	51
6371	46
6372	45
6373	50
6374	48
6375	40
6376	45
6377	45
6378	49
6379	41
6380	37
6381	53
6382	43
6383	36
6384	41
6385	39
6386	41
6387	45
6388	56
6389	45
6390	45
6391	51
6392	59
6393	41
6394	45
6395	43
6396	31
6397	42
6398	42
6399	40
6400	48
6401	42
6402	45
6403	38
6404	28
6405	34
6406	39
6407	43
6408	46
6409	48
6410	43
6411	34
6412	33
6413	30
6414	55
6415	38
6416	38
6417	40
6418	37
6419	30
6420	32
6421	37
6422	32
6423	40
6424	21
6425	29
6426	42
6427	32
6428	38
6429	32
6430	31
6431	38
6432	37
6433	38
6434	27
6435	37
6436	30
6437	39
6438	28
6439	33
6440	32
6441	30
6442	34
6443	43
6444	34
6445	29
6446	31
6447	31
6448	33
6449	32
6450	26
6451	26
6452	31
6453	37
6454	27
6455	30
6456	40
6457	35
6458	33
6459	25
6460	29
6461	30
6462	32
6463	39
6464	25
6465	29
6466	38
6467	19
6468	29
6469	34
6470	28
6471	36
6472	29
6473	29
6474	33
6475	31
6476	28
6477	21
6478	28
6479	31
6480	29
6481	31
6482	30
6483	15
6484	30
6485	16
6486	25
6487	15
6488	29
6489	24
6490	28
6491	22
6492	25
6493	27
6494	21
6495	19
6496	28
6497	28
6498	15
6499	28
6500	29
6501	28
6502	23
6503	23
6504	21
6505	26
6506	28
6507	30
6508	28
6509	25
6510	26
6511	12
6512	27
6513	21
6514	22
6515	21
6516	14
6517	26
6518	35
6519	22
6520	25
6521	27
6522	18
6523	25
6524	20
6525	21
6526	20
6527	13
6528	26
6529	30
6530	21
6531	22
6532	16
6533	18
6534	20
6535	18
6536	24
6537	19
6538	20
6539	22
6540	7
6541	27
6542	11
6543	12
6544	20
6545	26
6546	17
6547	19
6548	16
6549	16
6550	20
6551	8
6552	23
6553	18
6554	30
6555	20
6556	13
6557	13
6558	21
6559	15
6560	18
6561	21
6562	13
6563	20
6564	16
6565	15
6566	16
6567	15
6568	17
6569	16
6570	22
6571	13
6572	19
6573	17
6574	18
6575	10
6576	16
6577	18
6578	11
6579	17
6580	21
6581	19
6582	17
6583	5
6584	18
6585	12
6586	19
6587	12
6588	15
6589	16
6590	16
6591	13
6592	18
6593	19
6594	18
6595	14
6596	16
6597	11
6598	12
6599	12
6600	15
6601	24
6602	11
6603	16
6604	18
6605	18
6606	14
6607	18
6608	14
6609	14
6610	20
6611	10
6612	14
6613	13
6614	10
6615	12
6616	7
6617	8
6618	11
6619	20
6620	22
6621	9
6622	13
6623	17
6624	20
6625	22
6626	14
6627	20
6628	9
6629	10
6630	12
6631	23
6632	12
6633	10
6634	13
6635	12
6636	15
6637	10
6638	22
6639	10
6640	12
6641	14
6642	14
6643	12
6644	16
6645	12
6646	18
6647	9
6648	16
6649	12
6650	11
6651	18
6652	22
6653	18
6654	12
6655	11
6656	18
6657	10
6658	15
6659	11
6660	16
6661	15
6662	14
6663	11
6664	14
6665	12
6666	13
6667	13
6668	15
6669	13
6670	9
6671	10
6672	10
6673	14
6674	6
6675	7
6676	11
6677	5
6678	12
6679	18
6680	16
6681	10
6682	11
6683	14
6684	8
6685	8
6686	8
6687	16
6688	11
6689	9
6690	14
6691	15
6692	14
6693	8
6694	11
6695	13
6696	12
6697	6
6698	9
6699	13
6700	16
6701	12
6702	14
6703	11
6704	11
6705	8
6706	11
6707	13
6708	13
6709	13
6710	15
6711	8
6712	11
6713	10
6714	16
6715	12
6716	19
6717	9
6718	10
6719	8
6720	10
6721	6
6722	11
6723	11
6724	12
6725	10
6726	9
6727	9
6728	8
6729	9
6730	8
6731	11
6732	7
6733	14
6734	8
6735	9
6736	10
6737	6
6738	8
6739	11
6740	11
6741	7
6742	4
6743	12
6744	9
6745	15
6746	7
6747	7
6748	14
6749	8
6750	11
6751	9
6752	12
6753	7
6754	7
6755	14
6756	11
6757	3
6758	6
6759	3
6760	9
6761	10
6762	15
6763	11
6764	9
6765	10
6766	11
6767	7
6768	7
6769	13
6770	7
6771	11
6772	14
6773	12
6774	19
6775	12
6776	8
6777	9
6778	3
6779	11
6780	8
6781	7
6782	5
6783	9
6784	8
6785	7
6786	11
6787	9
6788	4
6789	9
6790	17
6791	4
6792	8
6793	13
6794	7
6795	4
6796	10
6797	6
6798	5
6799	7
6800	12
6801	10
6802	6
6803	3
6804	7
6805	6
6806	11
6807	7
6808	7
6809	7
6810	10
6811	10
6812	9
6813	12
6814	7
6815	5
6816	10
6817	13
6818	6
6819	10
6820	5
6821	10
6822	3
6823	7
6824	12
6825	6
6826	7
6827	7
6828	7
6829	3
6830	6
6831	10
6832	9
6833	4
6834	9
6835	9
6836	11
6837	10
6838	7
6839	9
6840	7
6841	5
6842	6
6843	8
6844	8
6845	11
6846	9
6847	6
6848	10
6849	12
6850	6
6851	4
6852	8
6853	2
6854	5
6855	9
6856	9
6857	8
6858	6
6859	3
6860	7
6861	10
6862	7
6863	8
6864	6
6865	6
6866	11
6867	8
6868	4
6869	11
6870	6
6871	5
6872	8
6873	5
6874	4
6875	4
6876	8
6877	2
6878	7
6879	7
6880	7
6881	7
6882	10
6883	3
6884	3
6885	7
6886	7
6887	6
6888	3
6889	6
6890	7
6891	9
6892	5
6893	6
6894	5
6895	6
6896	4
6897	4
6898	6
6899	8
6900	4
6901	4
6902	8
6903	4
6904	3
6905	7
6906	2
6907	7
6908	6
6909	13
6910	8
6911	7
6912	5
6913	6
6914	7
6915	4
6916	6
6917	5
6918	4
6919	1
6920	7
6921	6
6922	3
6923	6
6924	2
6925	7
6926	1
6927	7
6928	3
6929	6
6930	4
6931	5
6932	4
6933	5
6934	4
6935	6
6936	4
6937	4
6938	4
6939	1
6940	4
6941	13
6942	14
6943	2
6944	5
6945	6
6946	6
6947	3
6948	3
6949	5
6950	5
6951	7
6952	7
6953	3
6954	4
6955	3
6956	7
6957	3
6958	5
6959	5
6960	3
6961	1
6962	8
6963	2
6964	5
6965	3
6966	4
6967	6
6968	5
6969	3
6970	5
6971	5
6972	5
6973	5
6974	2
6975	5
6976	6
6977	1
6978	2
6979	3
6980	4
6981	6
6982	10
6983	3
6984	5
6985	6
6986	6
6987	7
6988	5
6989	5
6990	5
6991	5
6992	4
6993	2
6994	4
6995	5
6996	1
6997	4
6998	3
6999	4
7000	4
7001	7
7002	5
7003	2
7004	4
7005	2
7006	3
7007	4
7008	1
7009	5
7010	8
7011	2
7012	4
7013	9
7014	5
7015	5
7016	5
7017	5
7018	0
7019	6
7020	7
7021	6
7022	3
7023	4
7024	6
7025	3
7026	6
7027	2
7028	0
7029	2
7030	2
7031	2
7032	4
7033	4
7034	0
7035	4
7036	1
7037	5
7038	5
7039	3
7040	4
7041	3
7042	6
7043	3
7044	8
7045	3
7046	5
7047	6
7048	6
7049	4
7050	5
7051	4
7052	2
7053	3
7054	4
7055	3
7056	2
7057	4
7058	9
7059	4
7060	5
7061	4
7062	5
7063	5
7064	2
7065	5
7066	8
7067	6
7068	3
7069	6
7070	5
7071	2
7072	5
7073	4
7074	6
7075	3
7076	5
7077	5
7078	2
7079	6
7080	5
7081	4
7082	3
7083	2
7084	3
7085	8
7086	3
7087	1
7088	4
7089	1
7090	3
7091	4
7092	4
7093	1
7094	5
7095	4
7096	3
7097	1
7098	5
7099	4
7100	2
7101	1
7102	1
7103	2
7104	4
7105	3
7106	0
7107	3
7108	0
7109	8
7110	1
7111	1
7112	0
7113	2
7114	2
7115	5
7116	2
7117	4
7118	4
7119	7
7120	3
7121	1
7122	5
7123	5
7124	3
7125	6
7126	2
7127	2
7128	3
7129	2
7130	1
7131	5
7132	4
7133	5
7134	1
7135	2
7136	6
7137	3
7138	6
7139	1
7140	0
7141	4
7142	0
7143	5
7144	4
7145	4
7146	3
7147	6
7148	2
7149	1
7150	0
7151	5
7152	1
7153	5
7154	3
7155	3
7156	4
7157	5
7158	4
7159	1
7160	2
7161	3
7162	3
7163	1
7164	1
7165	2
7166	2
7167	5
7168	2
7169	2
7170	1
7171	0
7172	2
7173	4
7174	4
7175	0
7176	1
7177	5
7178	5
7179	5
7180	3
7181	7
7182	5
7183	1
7184	5
7185	4
7186	1
7187	4
7188	2
7189	5
7190	5
7191	3
7192	4
7193	5
7194	6
7195	0
7196	2
7197	1
7198	2
7199	2
7200	2
7201	3
7202	1
7203	3
7204	4
7205	4
7206	0
7207	5
7208	1
7209	3
7210	2
7211	8
7212	4
7213	5
7214	1
7215	5
7216	1
7217	2
7218	6
7219	2
7220	2
7221	2
7222	2
7223	1
7224	4
7225	1
7226	1
7227	4
7228	3
7229	2
7230	5
7231	1
7232	5
7233	1
7234	2
7235	4
7236	4
7237	2
7238	1
7239	6
7240	1
7241	5
7242	2
7243	3
7244	1
7245	3
7246	3
7247	3
7248	6
7249	1
7250	0
7251	3
7252	6
7253	4
7254	2
7255	5
7256	2
7257	3
7258	6
7259	6
7260	1
7261	4
7262	3
7263	2
7264	6
7265	4
7266	3
7267	1
7268	2
7269	3
7270	0
7271	2
7272	2
7273	2
7274	0
7275	2
7276	0
7277	6
7278	0
7279	3
7280	2
7281	2
7282	4
7283	2
7284	1
7285	2
7286	0
7287	5
7288	0
7289	1
7290	4
7291	3
7292	1
7293	5
7294	4
7295	1
7296	2
7297	1
7298	3
7299	0
7300	7
7301	4
7302	2
7303	4
7304	0
7305	3
7306	3
7307	1
7308	3
7309	3
7310	1
7311	4
7312	2
7313	1
7314	2
7315	3
7316	2
7317	0
7318	5
7319	1
7320	3
7321	3
7322	1
7323	3
7324	3
7325	2
7326	1
7327	5
7328	2
7329	1
7330	3
7331	1
7332	4
7333	2
7334	4
7335	4
7336	1
7337	5
7338	2
7339	3
7340	3
7341	3
7342	3
7343	4
7344	3
7345	1
7346	1
7347	2
7348	3
7349	2
7350	3
7351	3
7352	2
7353	2
7354	2
7355	3
7356	2
7357	4
7358	1
7359	5
7360	3
7361	3
7362	0
7363	0
7364	1
7365	1
7366	4
7367	1
7368	1
7369	4
7370	0
7371	2
7372	2
7373	5
7374	0
7375	2
7376	0
7377	2
7378	1
7379	5
7380	1
7381	4
7382	2
7383	2
7384	1
7385	1
7386	4
7387	5
7388	1
7389	5
7390	1
7391	3
7392	2
7393	1
7394	2
7395	2
7396	4
7397	1
7398	0
7399	4
7400	1
7401	1
7402	1
7403	0
7404	3
7405	1
7406	2
7407	2
7408	2
7409	1
7410	2
7411	0
7412	1
7413	3
7414	3
7415	1
7416	3
7417	2
7418	2
7419	0
7420	1
7421	6
7422	2
7423	2
7424	2
7425	5
7426	1
7427	1
7428	2
7429	3
7430	0
7431	2
7432	2
7433	1
7434	0
7435	1
7436	0
7437	3
7438	0
7439	2
7440	1
7441	4
7442	2
7443	2
7444	2
7445	2
7446	1
7447	1
7448	1
7449	3
7450	0
7451	1
7452	2
7453	2
7454	3
7455	4
7456	4
7457	1
7458	1
7459	3
7460	0
7461	4
7462	1
7463	0
7464	1
7465	2
7466	2
7467	3
7468	2
7469	2
7470	0
7471	2
7472	1
7473	1
7474	2
7475	2
7476	0
7477	0
7478	1
7479	1
7480	0
7481	0
7482	2
7483	2
7484	1
7485	1
7486	3
7487	1
7488	2
7489	1
7490	1
7491	3
7492	1
7493	1
7494	2
7495	2
7496	0
7497	0
7498	0
7499	1
7500	1
7501	1
7502	4
7503	2
7504	1
7505	1
7506	1
7507	1
7508	0
7509	2
7510	3
7511	0
7512	0
7513	3
7514	1
7515	0
7516	1
7517	2
7518	2
7519	3
7520	0
7521	0
7522	2
7523	2
7524	2
7525	2
7526	0
7527	0
7528	1
7529	0
7530	1
7531	1
7532	1
7533	0
7534	1
7535	2
7536	0
7537	1
7538	0
7539	1
7540	0
7541	2
7542	0
7543	0
7544	3
7545	3
7546	2
7547	2
7548	1
7549	2
7550	0
7551	3
7552	0
7553	0
7554	0
7555	0
7556	2
7557	1
7558	0
7559	3
7560	1
7561	1
7562	0
7563	1
7564	0
7565	1
7566	0
7567	0
7568	1
7569	0
7570	0
7571	1
7572	2
7573	2
7574	0
7575	0
7576	1
7577	2
7578	3
7579	0
7580	2
7581	1
7582	0
7583	2
7584	0
7585	0
7586	0
7587	2
7588	0
7589	2
7590	3
7591	1
7592	1
7593	2
7594	1
7595	1
7596	2
7597	1
7598	1
7599	0
7600	0
7601	1
7602	1
7603	1
7604	2
7605	1
7606	0
7607	1
7608	2
7609	0
7610	2
7611	2
7612	1
7613	1
7614	1
7615	1
7616	0
7617	0
7618	2
7619	0
7620	0
7621	0
7622	0
7623	2
7624	0
7625	2
7626	3
7627	1
7628	0
7629	0
7630	1
7631	2
7632	0
7633	1
7634	0
7635	3
7636	1
7637	2
7638	1
7639	1
7640	1
7641	2
7642	0
7643	0
7644	1
7645	0
7646	1
7647	0
7648	2
7649	0
7650	2
7651	1
7652	0
7653	1
7654	1
7655	0
7656	1
7657	0
7658	1
7659	0
7660	2
7661	1
7662	3
7663	2
7664	1
7665	0
7666	2
7667	0
7668	1
7669	0
7670	2
7671	2
7672	1
7673	0
7674	1
7675	0
7676	0
7677	0
7678	0
7679	2
7680	1
7681	1
7682	0
7683	1
7684	0
7685	1
7686	1
7687	4
7688	0
7689	1
7690	1
7691	2
7692	1
7693	1
7694	2
7695	0
7696	0
7697	0
7698	3
7699	1
7700	0
7701	2
7702	4
7703	0
7704	1
7705	1
7706	2
7707	1
7708	0
7709	2
7710	2
7711	5
7712	1
7713	0
7714	2
7715	1
7716	1
7717	1
7718	1
7719	1
7720	0
7721	1
7722	3
7723	2
7724	0
7725	0
7726	0
7727	2
7728	0
7729	1
7730	0
7731	0
7732	0
7733	0
7734	1
7735	2
7736	0
7737	0
7738	0
7739	1
7740	0
7741	0
7742	2
7743	0
7744	0
7745	1
7746	2
7747	0
7748	2
7749	2
7750	0
7751	0
7752	2
7753	0
7754	3
7755	0
7756	1
7757	2
7758	0
7759	1
7760	0
7761	0
7762	2
7763	2
7764	0
7765	1
7766	1
7767	0
7768	2
7769	2
7770	0
7771	0
7772	1
7773	2
7774	0
7775	1
7776	0
7777	1
7778	2
7779	3
7780	1
7781	1
7782	0
7783	1
7784	0
7785	0
7786	1
7787	0
7788	1
7789	0
7790	0
7791	0
7792	3
7793	1
7794	0
7795	0
7796	0
7797	3
7798	2
7799	0
7800	0
7801	3
7802	1
7803	1
7804	0
7805	1
7806	0
7807	0
7808	1
7809	0
7810	2
7811	0
7812	0
7813	1
7814	0
7815	0
7816	1
7817	1
7818	0
7819	0
7820	2
7821	0
7822	0
7823	1
7824	0
7825	0
7826	0
7827	0
7828	0
7829	0
7830	0
7831	3
7832	0
7833	0
7834	0
7835	0
7836	0
7837	1
7838	0
7839	0
7840	0
7841	0
7842	1
7843	1
7844	1
7845	0
7846	2
7847	0
7848	2
7849	0
7850	0
7851	1
7852	0
7853	1
7854	1
7855	1
7856	1
7857	0
7858	2
7859	0
7860	0
7861	1
7862	1
7863	1
7864	1
7865	0
7866	1
7867	0
7868	2
7869	0
7870	1
7871	0
7872	0
7873	0
7874	0
7875	0
7876	0
7877	0
7878	0
7879	0
7880	0
7881	0
7882	1
7883	0
7884	0
7885	0
7886	0
7887	1
7888	0
7889	0
7890	1
7891	0
7892	0
7893	1
7894	2
7895	0
7896	0
7897	0
7898	1
7899	0
7900	0
7901	0
7902	0
7903	0
7904	0
7905	0
7906	0
7907	1
7908	1
7909	1
7910	0
7911	0
7912	0
7913	1
7914	0
7915	0
7916	0
7917	0
7918	0
7919	0
7920	0
7921	2
7922	0
7923	1
7924	0
7925	0
7926	0
7927	0
7928	0
7929	0
7930	0
7931	0
7932	0
7933	0
7934	0
7935	1
7936	0
7937	0
7938	1
7939	0
7940	0
7941	0
7942	0
7943	0
7944	0
7945	0
7946	0
7947	0
7948	0
7949	0
7950	0
7951	0
7952	0
7953	0
7954	0
7955	0
7956	0
7957	0
7958	0
7959	0
7960	0
7961	0
7962	0
7963	0
7964	0
7965	0
7966	0
7967	0
7968	0
7969	0
7970	0
7971	0
7972	0
7973	0
7974	0
7975	0
7976	0
7977	0
7978	0
7979	0
7980	0
7981	0
7982	0
7983	0
7984	0
7985	0
7986	0
7987	0
7988	0
7989	0
7990	0
7991	0
7992	0
7993	0
7994	0
7995	0
7996	0
7997	0
7998	0
7999	0
8000	1
8001	0
8002	0
8003	0
8004	0
8005	0
8006	0
8007	0
8008	0
8009	0
8010	0
8011	0
8012	0
8013	0
8014	0
8015	0
8016	0
8017	0
8018	0
8019	0
8020	0
8021	0
8022	0
8023	0
8024	0
8025	0
8026	0
8027	0
8028	0
8029	0
8030	0
8031	0
8032	0
8033	0
8034	0
8035	0
8036	0
8037	0
8038	0
8039	0
8040	0
8041	0
8042	0
8043	0
8044	0
8045	0
8046	0
8047	0
8048	0
8049	0
8050	0
8051	0
8052	0
8053	0
8054	0
8055	0
8056	0
8057	0
8058	0
8059	0
8060	0
8061	0
8062	0
8063	0
8064	0
8065	0
8066	0
8067	0
8068	0
8069	0
8070	0
8071	0
8072	0
8073	0
8074	0
8075	0
8076	0
8077	0
8078	0
8079	0
8080	0
8081	0
8082	0
8083	0
8084	0
8085	0
8086	0
8087	0
8088	0
8089	0
8090	0
8091	0
8092	0
8093	0
8094	0
8095	0
8096	0
8097	0
8098	0
8099	0
8100	0
8101	0
8102	0
8103	0
8104	0
8105	0
8106	0
8107	0
8108	0
8109	0
8110	0
8111	0
8112	0
8113	0
8114	0
8115	0
8116	0
8117	0
8118	0
8119	0
8120	0
8121	0
8122	0
8123	0
8124	0
8125	0
8126	0
8127	0
8128	0
8129	0
8130	0
8131	0
8132	0
8133	0
8134	0
8135	0
8136	0
8137	0
8138	0
8139	0
8140	0
8141	0
8142	0
8143	0
8144	0
8145	0
8146	0
8147	0
8148	0
8149	0
8150	0
8151	0
8152	0
8153	0
8154	0
8155	0
8156	0
8157	0
8158	0
8159	0
8160	0
8161	0
8162	0
8163	0
8164	0
8165	0
8166	0
8167	0
8168	0
8169	0
8170	0
8171	0
8172	0
8173	0
8174	0
8175	0
8176	0
8177	0
8178	0
8179	0
8180	0
8181	0
8182	0
8183	0
8184	0
8185	0
8186	0
8187	0
8188	0
8189	0
8190	0
8191	0
