0	0
1	0
2	0
3	0
4	0
5	0
6	0
7	0
8	0
9	0
10	0
11	0
12	0
13	0
14	0
15	0
16	0
17	0
18	0
19	0
20	0
21	0
22	0
23	0
24	0
25	0
26	0
27	0
28	0
29	0
30	0
31	0
32	0
33	1
34	0
35	1
36	0
37	1
38	0
39	1
40	0
41	0
42	0
43	0
44	1
45	0
46	0
47	0
48	1
49	0
50	0
51	0
52	0
53	0
54	0
55	1
56	1
57	0
58	0
59	0
60	0
61	0
62	0
63	0
64	0
65	0
66	0
67	1
68	0
69	0
70	0
71	0
72	1
73	0
74	0
75	0
76	0
77	0
78	1
79	0
80	0
81	2
82	0
83	0
84	0
85	0
86	1
87	0
88	0
89	1
90	0
91	0
92	0
93	0
94	0
95	1
96	0
97	1
98	0
99	0
100	0
101	0
102	0
103	1
104	0
105	1
106	1
107	0
108	0
109	0
110	0
111	0
112	0
113	0
114	0
115	0
116	0
117	1
118	0
119	0
120	0
121	0
122	0
123	0
124	0
125	0
126	0
127	1
128	0
129	2
130	0
131	0
132	2
133	2
134	0
135	1
136	0
137	1
138	0
139	1
140	2
141	0
142	0
143	1
144	0
145	1
146	1
147	1
148	1
149	0
150	1
151	0
152	0
153	0
154	0
155	0
156	1
157	2
158	2
159	0
160	2
161	1
162	2
163	1
164	0
165	0
166	2
167	1
168	1
169	0
170	2
171	0
172	0
173	0
174	1
175	4
176	1
177	1
178	3
179	2
180	0
181	1
182	3
183	0
184	1
185	4
186	1
187	5
188	3
189	3
190	1
191	3
192	6
193	5
194	1
195	2
196	1
197	5
198	3
199	2
200	5
201	1
202	5
203	4
204	3
205	2
206	7
207	2
208	1
209	4
210	5
211	3
212	4
213	1
214	10
215	4
216	1
217	2
218	1
219	5
220	1
221	1
222	2
223	2
224	3
225	3
226	6
227	2
228	1
229	2
230	2
231	2
232	1
233	8
234	3
235	1
236	1
237	2
238	2
239	1
240	0
241	2
242	3
243	1
244	0
245	1
246	3
247	1
248	0
249	1
250	0
251	5
252	3
253	1
254	0
255	1
256	3
257	3
258	2
259	0
260	2
261	1
262	1
263	1
264	2
265	2
266	1
267	3
268	2
269	2
270	2
271	2
272	1
273	2
274	1
275	1
276	0
277	4
278	0
279	0
280	3
281	1
282	0
283	0
284	0
285	0
286	6
287	0
288	0
289	3
290	1
291	1
292	1
293	0
294	1
295	0
296	1
297	1
298	0
299	0
300	1
301	0
302	1
303	0
304	0
305	1
306	0
307	0
308	1
309	1
310	1
311	0
312	0
313	0
314	0
315	0
316	0
317	1
318	1
319	0
320	1
321	0
322	1
323	1
324	1
325	0
326	0
327	0
328	0
329	0
330	0
331	0
332	0
333	0
334	1
335	0
336	0
337	1
338	0
339	0
340	0
341	0
342	0
343	0
344	0
345	1
346	2
347	0
348	0
349	0
350	0
351	1
352	1
353	0
354	0
355	0
356	0
357	0
358	1
359	0
360	0
361	0
362	0
363	0
364	0
365	0
366	0
367	0
368	0
369	0
370	0
371	0
372	2
373	0
374	1
375	0
376	1
377	0
378	1
379	2
380	0
381	0
382	0
383	1
384	0
385	0
386	0
387	0
388	0
389	1
390	0
391	0
392	0
393	0
394	0
395	1
396	0
397	1
398	0
399	0
400	0
401	0
402	1
403	0
404	0
405	0
406	0
407	0
408	0
409	0
410	0
411	0
412	0
413	0
414	0
415	0
416	1
417	0
418	0
419	0
420	0
421	0
422	0
423	0
424	0
425	0
426	0
427	0
428	0
429	0
430	0
431	0
432	0
433	0
434	0
435	0
436	0
437	0
438	1
439	0
440	1
441	1
442	0
443	0
444	0
445	0
446	0
447	1
448	0
449	0
450	1
451	0
452	0
453	0
454	1
455	1
456	0
457	1
458	0
459	0
460	0
461	0
462	1
463	0
464	0
465	1
466	1
467	0
468	0
469	0
470	1
471	1
472	0
473	0
474	0
475	0
476	0
477	0
478	0
479	0
480	0
481	1
482	0
483	0
484	0
485	0
486	0
487	0
488	0
489	0
490	0
491	0
492	0
493	1
494	0
495	0
496	0
497	0
498	0
499	2
500	1
501	1
502	0
503	2
504	0
505	0
506	0
507	0
508	0
509	0
510	0
511	0
512	0
513	0
514	1
515	0
516	0
517	0
518	0
519	0
520	0
521	0
522	1
523	0
524	0
525	0
526	1
527	0
528	1
529	0
530	0
531	1
532	1
533	0
534	1
535	0
536	0
537	0
538	0
539	0
540	1
541	0
542	0
543	0
544	0
545	0
546	0
547	1
548	0
549	0
550	1
551	1
552	0
553	0
554	0
555	1
556	0
557	1
558	0
559	0
560	0
561	0
562	0
563	2
564	1
565	0
566	0
567	0
568	1
569	0
570	0
571	1
572	1
573	0
574	0
575	0
576	0
577	1
578	0
579	0
580	0
581	1
582	0
583	0
584	0
585	0
586	0
587	0
588	1
589	0
590	1
591	0
592	0
593	0
594	0
595	1
596	0
597	0
598	0
599	0
600	0
601	0
602	0
603	0
604	0
605	0
606	0
607	0
608	2
609	0
610	1
611	0
612	0
613	0
614	0
615	1
616	0
617	0
618	0
619	0
620	0
621	1
622	2
623	1
624	0
625	0
626	0
627	1
628	2
629	0
630	1
631	0
632	0
633	0
634	1
635	0
636	0
637	0
638	0
639	0
640	0
641	1
642	0
643	1
644	0
645	1
646	0
647	0
648	0
649	0
650	0
651	0
652	0
653	0
654	1
655	0
656	0
657	2
658	0
659	0
660	0
661	0
662	0
663	1
664	1
665	1
666	0
667	1
668	0
669	0
670	2
671	0
672	0
673	0
674	1
675	0
676	0
677	0
678	1
679	0
680	0
681	1
682	0
683	0
684	0
685	0
686	0
687	1
688	1
689	1
690	0
691	0
692	0
693	0
694	0
695	0
696	1
697	0
698	1
699	0
700	1
701	1
702	1
703	1
704	0
705	0
706	0
707	1
708	0
709	0
710	2
711	0
712	1
713	0
714	0
715	0
716	0
717	0
718	0
719	0
720	0
721	0
722	0
723	0
724	0
725	0
726	1
727	0
728	0
729	0
730	0
731	0
732	0
733	1
734	0
735	0
736	0
737	1
738	1
739	0
740	1
741	1
742	0
743	0
744	0
745	0
746	0
747	0
748	0
749	0
750	0
751	0
752	0
753	0
754	1
755	1
756	0
757	0
758	0
759	0
760	0
761	1
762	1
763	0
764	0
765	1
766	0
767	0
768	0
769	1
770	0
771	2
772	0
773	0
774	0
775	1
776	0
777	0
778	0
779	0
780	0
781	1
782	0
783	1
784	0
785	3
786	0
787	0
788	1
789	0
790	0
791	0
792	0
793	0
794	0
795	1
796	0
797	0
798	0
799	0
800	1
801	1
802	1
803	0
804	0
805	0
806	0
807	1
808	2
809	1
810	0
811	0
812	0
813	0
814	0
815	1
816	0
817	1
818	0
819	1
820	0
821	0
822	2
823	0
824	0
825	0
826	0
827	1
828	0
829	0
830	0
831	0
832	0
833	0
834	0
835	1
836	1
837	1
838	0
839	0
840	0
841	0
842	0
843	0
844	1
845	0
846	1
847	1
848	1
849	0
850	1
851	0
852	0
853	0
854	0
855	1
856	1
857	1
858	0
859	0
860	1
861	0
862	0
863	1
864	0
865	1
866	0
867	1
868	2
869	0
870	0
871	0
872	0
873	1
874	0
875	0
876	1
877	2
878	3
879	1
880	1
881	1
882	1
883	2
884	0
885	3
886	1
887	1
888	1
889	1
890	2
891	0
892	2
893	3
894	1
895	2
896	4
897	3
898	1
899	1
900	1
901	2
902	1
903	2
904	0
905	1
906	1
907	3
908	0
909	1
910	1
911	2
912	2
913	2
914	2
915	1
916	0
917	0
918	1
919	4
920	5
921	2
922	2
923	3
924	1
925	0
926	1
927	0
928	1
929	1
930	3
931	1
932	0
933	1
934	3
935	1
936	1
937	0
938	3
939	6
940	0
941	0
942	2
943	1
944	1
945	3
946	3
947	1
948	2
949	1
950	1
951	2
952	5
953	4
954	2
955	2
956	2
957	0
958	1
959	0
960	0
961	1
962	3
963	3
964	1
965	2
966	1
967	2
968	2
969	0
970	2
971	1
972	1
973	0
974	4
975	2
976	1
977	2
978	1
979	2
980	0
981	1
982	0
983	4
984	0
985	4
986	0
987	1
988	0
989	0
990	3
991	1
992	2
993	1
994	1
995	0
996	1
997	2
998	1
999	0
1000	2
1001	1
1002	1
1003	2
1004	0
1005	2
1006	0
1007	1
1008	0
1009	0
1010	0
1011	2
1012	1
1013	0
1014	1
1015	0
1016	0
1017	1
1018	2
1019	0
1020	0
1021	2
1022	2
1023	0
1024	2
1025	0
1026	1
1027	1
1028	0
1029	2
1030	0
1031	0
1032	0
1033	0
1034	0
1035	1
1036	2
1037	2
1038	0
1039	0
1040	1
1041	1
1042	2
1043	1
1044	0
1045	2
1046	0
1047	0
1048	0
1049	0
1050	0
1051	2
1052	0
1053	0
1054	1
1055	0
1056	0
1057	2
1058	1
1059	1
1060	0
1061	0
1062	0
1063	0
1064	0
1065	0
1066	0
1067	0
1068	0
1069	1
1070	1
1071	0
1072	0
1073	0
1074	0
1075	1
1076	0
1077	0
1078	1
1079	0
1080	0
1081	0
1082	1
1083	0
1084	0
1085	0
1086	0
1087	1
1088	0
1089	0
1090	0
1091	0
1092	0
1093	0
1094	0
1095	1
1096	0
1097	0
1098	1
1099	1
1100	0
1101	0
1102	0
1103	0
1104	0
1105	1
1106	0
1107	1
1108	0
1109	1
1110	0
1111	0
1112	0
1113	0
1114	0
1115	0
1116	0
1117	0
1118	0
1119	0
1120	0
1121	0
1122	0
1123	0
1124	0
1125	0
1126	0
1127	0
1128	0
1129	0
1130	0
1131	0
1132	0
1133	0
1134	0
1135	0
1136	0
1137	2
1138	0
1139	1
1140	0
1141	1
1142	0
1143	0
1144	0
1145	0
1146	0
1147	0
1148	0
1149	0
1150	0
1151	0
1152	0
1153	0
1154	0
1155	0
1156	0
1157	1
1158	0
1159	0
1160	0
1161	0
1162	0
1163	0
1164	0
1165	0
1166	0
1167	1
1168	0
1169	0
1170	0
1171	0
1172	1
1173	0
1174	0
1175	0
1176	0
1177	0
1178	0
1179	0
1180	0
1181	0
1182	0
1183	1
1184	0
1185	0
1186	0
1187	0
1188	0
1189	0
1190	1
1191	0
1192	0
1193	0
1194	0
1195	0
1196	0
1197	0
1198	0
1199	0
1200	0
1201	0
1202	0
1203	0
1204	0
1205	0
1206	0
1207	0
1208	1
1209	0
1210	0
1211	0
1212	0
1213	0
1214	0
1215	0
1216	0
1217	0
1218	0
1219	0
1220	0
1221	0
1222	0
1223	0
1224	1
1225	0
1226	0
1227	0
1228	0
1229	0
1230	0
1231	0
1232	0
1233	0
1234	0
1235	0
1236	0
1237	0
1238	0
1239	0
1240	0
1241	0
1242	1
1243	0
1244	0
1245	0
1246	0
1247	0
1248	0
1249	1
1250	1
1251	0
1252	0
1253	0
1254	0
1255	0
1256	0
1257	0
1258	0
1259	0
1260	0
1261	0
1262	0
1263	0
1264	0
1265	0
1266	0
1267	0
1268	0
1269	0
1270	0
1271	0
1272	0
1273	1
1274	1
1275	0
1276	0
1277	0
1278	0
1279	0
1280	1
1281	0
1282	0
1283	0
1284	0
1285	0
1286	3
1287	0
1288	0
1289	0
1290	1
1291	0
1292	0
1293	1
1294	0
1295	0
1296	1
1297	0
1298	0
1299	0
1300	0
1301	0
1302	0
1303	0
1304	0
1305	0
1306	0
1307	0
1308	0
1309	0
1310	0
1311	0
1312	0
1313	0
1314	0
1315	0
1316	0
1317	0
1318	0
1319	0
1320	0
1321	0
1322	0
1323	0
1324	0
1325	1
1326	0
1327	0
1328	1
1329	0
1330	0
1331	0
1332	0
1333	0
1334	0
1335	1
1336	0
1337	0
1338	0
1339	0
1340	0
1341	0
1342	0
1343	0
1344	0
1345	0
1346	0
1347	1
1348	0
1349	2
1350	0
1351	0
1352	3
1353	0
1354	0
1355	0
1356	1
1357	0
1358	0
1359	0
1360	0
1361	1
1362	0
1363	0
1364	0
1365	1
1366	1
1367	0
1368	0
1369	0
1370	0
1371	0
1372	0
1373	0
1374	0
1375	0
1376	0
1377	0
1378	0
1379	0
1380	0
1381	0
1382	0
1383	1
1384	0
1385	0
1386	0
1387	0
1388	0
1389	0
1390	0
1391	1
1392	1
1393	0
1394	0
1395	1
1396	0
1397	1
1398	0
1399	1
1400	1
1401	1
1402	0
1403	1
1404	0
1405	0
1406	0
1407	0
1408	0
1409	0
1410	0
1411	0
1412	0
1413	1
1414	0
1415	0
1416	1
1417	0
1418	0
1419	1
1420	0
1421	0
1422	0
1423	0
1424	0
1425	0
1426	0
1427	0
1428	0
1429	0
1430	1
1431	0
1432	0
1433	1
1434	0
1435	0
1436	0
1437	0
1438	0
1439	0
1440	0
1441	0
1442	1
1443	0
1444	0
1445	2
1446	2
1447	0
1448	1
1449	0
1450	0
1451	1
1452	0
1453	0
1454	1
1455	0
1456	1
1457	0
1458	0
1459	0
1460	0
1461	0
1462	0
1463	0
1464	0
1465	0
1466	0
1467	0
1468	1
1469	0
1470	0
1471	0
1472	0
1473	0
1474	0
1475	1
1476	1
1477	0
1478	0
1479	0
1480	0
1481	1
1482	0
1483	0
1484	0
1485	1
1486	0
1487	1
1488	0
1489	0
1490	0
1491	0
1492	1
1493	0
1494	1
1495	0
1496	0
1497	0
1498	1
1499	1
1500	1
1501	0
1502	0
1503	0
1504	0
1505	1
1506	0
1507	0
1508	1
1509	2
1510	1
1511	0
1512	1
1513	0
1514	0
1515	0
1516	0
1517	0
1518	0
1519	0
1520	0
1521	0
1522	0
1523	0
1524	0
1525	0
1526	0
1527	0
1528	0
1529	0
1530	1
1531	0
1532	0
1533	0
1534	0
1535	0
1536	0
1537	1
1538	0
1539	0
1540	0
1541	0
1542	0
1543	1
1544	0
1545	0
1546	0
1547	1
1548	0
1549	1
1550	0
1551	0
1552	0
1553	0
1554	1
1555	0
1556	0
1557	0
1558	0
1559	0
1560	0
1561	0
1562	0
1563	1
1564	0
1565	0
1566	0
1567	0
1568	0
1569	0
1570	0
1571	0
1572	0
1573	0
1574	0
1575	0
1576	0
1577	0
1578	0
1579	0
1580	0
1581	0
1582	0
1583	0
1584	1
1585	0
1586	0
1587	0
1588	0
1589	0
1590	0
1591	0
1592	0
1593	0
1594	0
1595	1
1596	0
1597	0
1598	0
1599	1
1600	0
1601	0
1602	0
1603	0
1604	1
1605	0
1606	0
1607	0
1608	0
1609	0
1610	0
1611	0
1612	0
1613	0
1614	0
1615	0
1616	0
1617	0
1618	0
1619	0
1620	0
1621	0
1622	0
1623	0
1624	0
1625	0
1626	1
1627	0
1628	0
1629	1
1630	0
1631	0
1632	0
1633	0
1634	0
1635	0
1636	0
1637	0
1638	0
1639	0
1640	0
1641	0
1642	0
1643	0
1644	0
1645	0
1646	0
1647	0
1648	0
1649	0
1650	0
1651	0
1652	0
1653	0
1654	0
1655	0
1656	0
1657	0
1658	0
1659	0
1660	0
1661	0
1662	0
1663	0
1664	0
1665	0
1666	0
1667	0
1668	1
1669	0
1670	0
1671	0
1672	0
1673	0
1674	0
1675	0
1676	0
1677	0
1678	0
1679	0
1680	0
1681	0
1682	0
1683	0
1684	0
1685	0
1686	1
1687	0
1688	0
1689	0
1690	0
1691	1
1692	0
1693	0
1694	0
1695	0
1696	0
1697	0
1698	0
1699	0
1700	0
1701	1
1702	0
1703	0
1704	0
1705	0
1706	0
1707	0
1708	0
1709	0
1710	0
1711	1
1712	0
1713	0
1714	0
1715	0
1716	0
1717	0
1718	0
1719	0
1720	0
1721	0
1722	0
1723	0
1724	0
1725	0
1726	1
1727	0
1728	0
1729	0
1730	1
1731	0
1732	0
1733	0
1734	0
1735	0
1736	1
1737	0
1738	0
1739	0
1740	0
1741	0
1742	0
1743	0
1744	1
1745	0
1746	0
1747	0
1748	0
1749	0
1750	0
1751	0
1752	0
1753	0
1754	0
1755	0
1756	0
1757	1
1758	0
1759	1
1760	1
1761	1
1762	1
1763	0
1764	1
1765	0
1766	1
1767	0
1768	0
1769	0
1770	0
1771	0
1772	0
1773	0
1774	0
1775	1
1776	0
1777	0
1778	0
1779	0
1780	0
1781	0
1782	0
1783	0
1784	0
1785	0
1786	0
1787	0
1788	0
1789	0
1790	0
1791	0
1792	0
1793	0
1794	0
1795	0
1796	0
1797	1
1798	0
1799	1
1800	0
1801	0
1802	0
1803	0
1804	0
1805	0
1806	0
1807	0
1808	0
1809	1
1810	1
1811	0
1812	0
1813	0
1814	1
1815	0
1816	0
1817	0
1818	0
1819	0
1820	0
1821	1
1822	1
1823	1
1824	0
1825	0
1826	0
1827	0
1828	0
1829	0
1830	0
1831	0
1832	0
1833	0
1834	0
1835	0
1836	0
1837	0
1838	0
1839	0
1840	0
1841	0
1842	1
1843	0
1844	0
1845	0
1846	0
1847	0
1848	0
1849	0
1850	1
1851	0
1852	1
1853	0
1854	0
1855	0
1856	0
1857	0
1858	0
1859	0
1860	0
1861	0
1862	0
1863	0
1864	0
1865	1
1866	0
1867	0
1868	1
1869	0
1870	0
1871	0
1872	2
1873	0
1874	0
1875	0
1876	0
1877	0
1878	0
1879	0
1880	0
1881	0
1882	1
1883	1
1884	0
1885	0
1886	0
1887	0
1888	0
1889	0
1890	1
1891	1
1892	0
1893	0
1894	0
1895	0
1896	0
1897	1
1898	0
1899	0
1900	1
1901	1
1902	0
1903	0
1904	1
1905	0
1906	0
1907	0
1908	0
1909	0
1910	0
1911	0
1912	0
1913	0
1914	1
1915	0
1916	0
1917	0
1918	0
1919	1
1920	0
1921	0
1922	1
1923	0
1924	0
1925	1
1926	0
1927	0
1928	0
1929	0
1930	0
1931	0
1932	0
1933	0
1934	1
1935	0
1936	0
1937	0
1938	0
1939	0
1940	0
1941	0
1942	0
1943	1
1944	1
1945	0
1946	0
1947	0
1948	0
1949	1
1950	0
1951	0
1952	0
1953	0
1954	1
1955	0
1956	1
1957	0
1958	0
1959	0
1960	1
1961	0
1962	1
1963	0
1964	0
1965	0
1966	0
1967	0
1968	0
1969	0
1970	0
1971	1
1972	0
1973	1
1974	1
1975	0
1976	1
1977	0
1978	1
1979	0
1980	0
1981	1
1982	0
1983	0
1984	0
1985	1
1986	0
1987	0
1988	0
1989	0
1990	0
1991	0
1992	0
1993	0
1994	0
1995	0
1996	0
1997	0
1998	0
1999	0
2000	0
2001	0
2002	2
2003	0
2004	0
2005	1
2006	0
2007	0
2008	0
2009	0
2010	0
2011	0
2012	0
2013	0
2014	0
2015	0
2016	1
2017	0
2018	1
2019	0
2020	0
2021	0
2022	1
2023	0
2024	0
2025	0
2026	0
2027	0
2028	0
2029	1
2030	1
2031	0
2032	0
2033	0
2034	1
2035	0
2036	0
2037	1
2038	0
2039	0
2040	0
2041	0
2042	0
2043	0
2044	0
2045	0
2046	0
2047	0
2048	0
2049	0
2050	1
2051	0
2052	0
2053	0
2054	1
2055	1
2056	0
2057	0
2058	0
2059	1
2060	0
2061	0
2062	0
2063	0
2064	1
2065	0
2066	0
2067	0
2068	0
2069	0
2070	0
2071	0
2072	0
2073	0
2074	0
2075	0
2076	0
2077	0
2078	0
2079	0
2080	0
2081	0
2082	0
2083	0
2084	1
2085	0
2086	2
2087	0
2088	1
2089	1
2090	0
2091	0
2092	0
2093	0
2094	0
2095	0
2096	0
2097	1
2098	2
2099	1
2100	0
2101	0
2102	0
2103	1
2104	1
2105	0
2106	0
2107	0
2108	1
2109	0
2110	1
2111	0
2112	0
2113	0
2114	0
2115	0
2116	0
2117	0
2118	0
2119	0
2120	0
2121	0
2122	0
2123	0
2124	0
2125	0
2126	0
2127	0
2128	0
2129	0
2130	0
2131	0
2132	0
2133	2
2134	0
2135	0
2136	0
2137	0
2138	1
2139	0
2140	0
2141	0
2142	0
2143	0
2144	0
2145	0
2146	0
2147	0
2148	0
2149	1
2150	0
2151	0
2152	0
2153	0
2154	0
2155	0
2156	0
2157	0
2158	3
2159	0
2160	0
2161	0
2162	0
2163	0
2164	0
2165	1
2166	0
2167	0
2168	0
2169	0
2170	0
2171	0
2172	0
2173	1
2174	0
2175	0
2176	0
2177	0
2178	0
2179	0
2180	0
2181	0
2182	0
2183	0
2184	1
2185	0
2186	0
2187	0
2188	1
2189	1
2190	0
2191	0
2192	0
2193	0
2194	0
2195	0
2196	1
2197	0
2198	0
2199	1
2200	0
2201	0
2202	1
2203	0
2204	0
2205	0
2206	0
2207	0
2208	0
2209	2
2210	0
2211	0
2212	0
2213	0
2214	0
2215	0
2216	1
2217	0
2218	0
2219	0
2220	1
2221	0
2222	0
2223	0
2224	0
2225	1
2226	0
2227	0
2228	0
2229	0
2230	0
2231	0
2232	1
2233	0
2234	0
2235	0
2236	2
2237	1
2238	0
2239	0
2240	0
2241	0
2242	0
2243	2
2244	1
2245	0
2246	0
2247	0
2248	0
2249	0
2250	0
2251	0
2252	2
2253	0
2254	0
2255	0
2256	0
2257	0
2258	0
2259	0
2260	0
2261	0
2262	0
2263	0
2264	1
2265	0
2266	1
2267	0
2268	0
2269	0
2270	0
2271	0
2272	0
2273	0
2274	0
2275	1
2276	0
2277	0
2278	0
2279	0
2280	0
2281	0
2282	0
2283	0
2284	1
2285	0
2286	0
2287	0
2288	0
2289	0
2290	0
2291	0
2292	0
2293	0
2294	0
2295	1
2296	0
2297	0
2298	0
2299	0
2300	0
2301	0
2302	0
2303	0
2304	0
2305	0
2306	1
2307	0
2308	0
2309	0
2310	1
2311	0
2312	0
2313	1
2314	0
2315	0
2316	1
2317	0
2318	0
2319	0
2320	0
2321	0
2322	0
2323	0
2324	1
2325	0
2326	1
2327	0
2328	0
2329	0
2330	0
2331	0
2332	0
2333	0
2334	0
2335	0
2336	0
2337	1
2338	0
2339	2
2340	0
2341	0
2342	0
2343	0
2344	1
2345	0
2346	0
2347	0
2348	0
2349	0
2350	0
2351	0
2352	0
2353	0
2354	0
2355	0
2356	0
2357	0
2358	0
2359	0
2360	0
2361	0
2362	0
2363	1
2364	0
2365	0
2366	0
2367	0
2368	0
2369	0
2370	0
2371	0
2372	0
2373	0
2374	0
2375	0
2376	0
2377	0
2378	2
2379	0
2380	0
2381	0
2382	0
2383	1
2384	0
2385	0
2386	0
2387	0
2388	0
2389	0
2390	0
2391	0
2392	0
2393	1
2394	0
2395	0
2396	0
2397	0
2398	0
2399	1
2400	0
2401	0
2402	0
2403	0
2404	0
2405	1
2406	0
2407	0
2408	0
2409	2
2410	0
2411	0
2412	0
2413	1
2414	0
2415	0
2416	0
2417	1
2418	1
2419	1
2420	1
2421	0
2422	1
2423	0
2424	1
2425	0
2426	0
2427	0
2428	0
2429	0
2430	0
2431	0
2432	0
2433	0
2434	0
2435	0
2436	0
2437	0
2438	0
2439	0
2440	0
2441	0
2442	0
2443	1
2444	0
2445	0
2446	1
2447	0
2448	0
2449	0
2450	0
2451	0
2452	2
2453	0
2454	0
2455	1
2456	0
2457	0
2458	0
2459	0
2460	0
2461	0
2462	1
2463	0
2464	0
2465	0
2466	1
2467	0
2468	1
2469	0
2470	0
2471	0
2472	0
2473	0
2474	0
2475	0
2476	0
2477	1
2478	0
2479	0
2480	0
2481	0
2482	0
2483	0
2484	0
2485	0
2486	0
2487	1
2488	0
2489	0
2490	0
2491	0
2492	0
2493	0
2494	0
2495	0
2496	0
2497	0
2498	0
2499	0
2500	0
2501	1
2502	0
2503	0
2504	0
2505	0
2506	0
2507	2
2508	1
2509	0
2510	0
2511	1
2512	0
2513	0
2514	0
2515	0
2516	0
2517	0
2518	0
2519	0
2520	0
2521	0
2522	0
2523	0
2524	0
2525	0
2526	0
2527	1
2528	0
2529	0
2530	0
2531	0
2532	0
2533	0
2534	0
2535	1
2536	0
2537	0
2538	0
2539	0
2540	0
2541	0
2542	0
2543	0
2544	0
2545	0
2546	0
2547	0
2548	0
2549	0
2550	0
2551	1
2552	0
2553	0
2554	0
2555	0
2556	0
2557	0
2558	0
2559	0
2560	0
2561	0
2562	0
2563	2
2564	0
2565	0
2566	1
2567	0
2568	0
2569	0
2570	0
2571	0
2572	0
2573	0
2574	0
2575	0
2576	0
2577	0
2578	0
2579	1
2580	0
2581	0
2582	0
2583	0
2584	0
2585	0
2586	0
2587	0
2588	0
2589	0
2590	0
2591	0
2592	0
2593	0
2594	0
2595	0
2596	0
2597	0
2598	0
2599	1
2600	0
2601	0
2602	1
2603	1
2604	0
2605	0
2606	0
2607	0
2608	1
2609	0
2610	0
2611	0
2612	0
2613	0
2614	0
2615	0
2616	0
2617	1
2618	0
2619	0
2620	0
2621	1
2622	0
2623	1
2624	0
2625	0
2626	1
2627	0
2628	0
2629	0
2630	1
2631	0
2632	0
2633	0
2634	1
2635	0
2636	0
2637	0
2638	0
2639	0
2640	0
2641	0
2642	0
2643	0
2644	0
2645	0
2646	0
2647	1
2648	0
2649	0
2650	0
2651	0
2652	0
2653	0
2654	0
2655	0
2656	0
2657	0
2658	1
2659	0
2660	0
2661	1
2662	0
2663	0
2664	0
2665	0
2666	0
2667	0
2668	0
2669	0
2670	0
2671	0
2672	0
2673	0
2674	0
2675	0
2676	0
2677	0
2678	0
2679	0
2680	0
2681	0
2682	0
2683	0
2684	0
2685	0
2686	0
2687	0
2688	0
2689	0
2690	0
2691	0
2692	0
2693	1
2694	0
2695	1
2696	0
2697	0
2698	0
2699	0
2700	0
2701	0
2702	0
2703	0
2704	0
2705	0
2706	0
2707	0
2708	0
2709	0
2710	0
2711	0
2712	0
2713	1
2714	0
2715	0
2716	0
2717	1
2718	0
2719	0
2720	0
2721	1
2722	0
2723	0
2724	0
2725	0
2726	0
2727	0
2728	0
2729	0
2730	0
2731	0
2732	0
2733	0
2734	1
2735	0
2736	0
2737	0
2738	1
2739	1
2740	0
2741	0
2742	0
2743	1
2744	0
2745	0
2746	0
2747	0
2748	0
2749	0
2750	0
2751	0
2752	0
2753	0
2754	0
2755	0
2756	0
2757	0
2758	0
2759	0
2760	0
2761	0
2762	0
2763	0
2764	0
2765	0
2766	0
2767	0
2768	0
2769	1
2770	0
2771	0
2772	0
2773	0
2774	0
2775	0
2776	0
2777	0
2778	0
2779	1
2780	0
2781	0
2782	0
2783	0
2784	0
2785	0
2786	0
2787	0
2788	1
2789	0
2790	0
2791	0
2792	0
2793	0
2794	0
2795	0
2796	0
2797	0
2798	0
2799	0
2800	0
2801	0
2802	0
2803	0
2804	0
2805	0
2806	0
2807	0
2808	0
2809	0
2810	0
2811	0
2812	0
2813	1
2814	1
2815	0
2816	0
2817	0
2818	0
2819	0
2820	0
2821	0
2822	0
2823	0
2824	0
2825	0
2826	0
2827	0
2828	0
2829	0
2830	0
2831	1
2832	0
2833	0
2834	1
2835	0
2836	0
2837	0
2838	0
2839	0
2840	0
2841	0
2842	0
2843	0
2844	0
2845	0
2846	1
2847	0
2848	0
2849	0
2850	0
2851	0
2852	0
2853	0
2854	0
2855	0
2856	0
2857	0
2858	0
2859	0
2860	0
2861	0
2862	0
2863	0
2864	1
2865	1
2866	0
2867	2
2868	0
2869	1
2870	1
2871	0
2872	0
2873	0
2874	0
2875	0
2876	0
2877	0
2878	0
2879	0
2880	0
2881	0
2882	0
2883	0
2884	0
2885	0
2886	0
2887	1
2888	0
2889	0
2890	0
2891	0
2892	0
2893	0
2894	0
2895	0
2896	0
2897	0
2898	0
2899	0
2900	0
2901	0
2902	0
2903	0
2904	0
2905	0
2906	0
2907	0
2908	0
2909	0
2910	0
2911	0
2912	0
2913	0
2914	0
2915	0
2916	0
2917	0
2918	1
2919	0
2920	0
2921	0
2922	0
2923	0
2924	1
2925	0
2926	1
2927	0
2928	0
2929	0
2930	0
2931	0
2932	0
2933	0
2934	1
2935	0
2936	1
2937	0
2938	0
2939	0
2940	0
2941	0
2942	0
2943	0
2944	0
2945	0
2946	0
2947	0
2948	0
2949	0
2950	0
2951	0
2952	0
2953	0
2954	0
2955	1
2956	0
2957	0
2958	0
2959	0
2960	0
2961	0
2962	0
2963	0
2964	0
2965	0
2966	0
2967	0
2968	0
2969	0
2970	0
2971	0
2972	0
2973	0
2974	0
2975	0
2976	0
2977	0
2978	0
2979	0
2980	0
2981	1
2982	0
2983	1
2984	0
2985	1
2986	0
2987	0
2988	0
2989	0
2990	0
2991	0
2992	0
2993	0
2994	1
2995	1
2996	0
2997	1
2998	0
2999	1
3000	1
3001	0
3002	0
3003	0
3004	0
3005	0
3006	0
3007	0
3008	0
3009	0
3010	0
3011	0
3012	0
3013	0
3014	0
3015	0
3016	1
3017	0
3018	0
3019	0
3020	0
3021	0
3022	0
3023	0
3024	0
3025	0
3026	0
3027	0
3028	0
3029	0
3030	0
3031	1
3032	0
3033	0
3034	0
3035	0
3036	1
3037	0
3038	0
3039	0
3040	0
3041	0
3042	1
3043	0
3044	0
3045	0
3046	0
3047	0
3048	0
3049	0
3050	0
3051	0
3052	1
3053	0
3054	1
3055	0
3056	0
3057	0
3058	0
3059	0
3060	0
3061	0
3062	0
3063	0
3064	0
3065	1
3066	0
3067	1
3068	0
3069	0
3070	0
3071	0
3072	0
3073	0
3074	0
3075	0
3076	0
3077	0
3078	1
3079	0
3080	1
3081	0
3082	0
3083	0
3084	0
3085	0
3086	0
3087	0
3088	0
3089	0
3090	0
3091	0
3092	0
3093	0
3094	0
3095	0
3096	1
3097	0
3098	0
3099	0
3100	0
3101	0
3102	0
3103	0
3104	0
3105	1
3106	0
3107	0
3108	0
3109	0
3110	0
3111	0
3112	0
3113	0
3114	1
3115	1
3116	0
3117	0
3118	0
3119	0
3120	0
3121	0
3122	0
3123	0
3124	0
3125	1
3126	1
3127	1
3128	0
3129	0
3130	0
3131	0
3132	1
3133	0
3134	0
3135	0
3136	0
3137	1
3138	0
3139	0
3140	0
3141	0
3142	0
3143	0
3144	0
3145	0
3146	0
3147	0
3148	1
3149	0
3150	0
3151	0
3152	0
3153	0
3154	0
3155	0
3156	0
3157	0
3158	2
3159	1
3160	2
3161	0
3162	0
3163	0
3164	0
3165	0
3166	1
3167	0
3168	0
3169	1
3170	0
3171	0
3172	0
3173	0
3174	0
3175	0
3176	0
3177	0
3178	0
3179	0
3180	1
3181	0
3182	0
3183	0
3184	0
3185	1
3186	0
3187	0
3188	0
3189	0
3190	0
3191	1
3192	1
3193	0
3194	1
3195	0
3196	0
3197	1
3198	1
3199	0
3200	0
3201	0
3202	0
3203	1
3204	0
3205	1
3206	0
3207	0
3208	0
3209	0
3210	0
3211	0
3212	0
3213	1
3214	1
3215	0
3216	0
3217	0
3218	2
3219	0
3220	0
3221	0
3222	0
3223	1
3224	0
3225	0
3226	2
3227	0
3228	1
3229	0
3230	1
3231	0
3232	2
3233	0
3234	0
3235	1
3236	0
3237	0
3238	0
3239	0
3240	2
3241	1
3242	2
3243	0
3244	0
3245	1
3246	2
3247	1
3248	0
3249	1
3250	1
3251	1
3252	0
3253	0
3254	0
3255	0
3256	1
3257	2
3258	1
3259	1
3260	0
3261	1
3262	1
3263	0
3264	0
3265	2
3266	0
3267	0
3268	1
3269	0
3270	0
3271	1
3272	0
3273	1
3274	0
3275	1
3276	1
3277	0
3278	0
3279	1
3280	1
3281	1
3282	0
3283	1
3284	1
3285	0
3286	0
3287	0
3288	0
3289	0
3290	2
3291	1
3292	0
3293	0
3294	2
3295	0
3296	2
3297	5
3298	1
3299	2
3300	0
3301	0
3302	1
3303	3
3304	1
3305	0
3306	1
3307	1
3308	0
3309	1
3310	0
3311	0
3312	1
3313	3
3314	2
3315	0
3316	1
3317	2
3318	1
3319	1
3320	1
3321	5
3322	0
3323	0
3324	1
3325	0
3326	1
3327	0
3328	3
3329	0
3330	2
3331	1
3332	1
3333	2
3334	1
3335	1
3336	1
3337	3
3338	1
3339	0
3340	0
3341	1
3342	2
3343	0
3344	2
3345	1
3346	2
3347	0
3348	0
3349	0
3350	2
3351	3
3352	2
3353	1
3354	1
3355	0
3356	1
3357	3
3358	1
3359	2
3360	0
3361	4
3362	3
3363	1
3364	0
3365	2
3366	2
3367	3
3368	3
3369	1
3370	0
3371	2
3372	0
3373	2
3374	4
3375	2
3376	4
3377	2
3378	3
3379	5
3380	3
3381	0
3382	4
3383	2
3384	7
3385	0
3386	3
3387	2
3388	2
3389	6
3390	1
3391	1
3392	3
3393	4
3394	4
3395	5
3396	1
3397	4
3398	2
3399	3
3400	4
3401	3
3402	2
3403	3
3404	3
3405	5
3406	1
3407	5
3408	2
3409	5
3410	7
3411	7
3412	2
3413	1
3414	4
3415	6
3416	3
3417	6
3418	3
3419	8
3420	4
3421	2
3422	5
3423	2
3424	2
3425	6
3426	3
3427	0
3428	6
3429	5
3430	2
3431	4
3432	2
3433	1
3434	4
3435	5
3436	5
3437	3
3438	3
3439	7
3440	5
3441	3
3442	3
3443	2
3444	3
3445	5
3446	3
3447	3
3448	9
3449	5
3450	5
3451	5
3452	5
3453	3
3454	5
3455	8
3456	12
3457	6
3458	3
3459	6
3460	8
3461	8
3462	10
3463	6
3464	7
3465	2
3466	7
3467	6
3468	4
3469	6
3470	2
3471	5
3472	6
3473	6
3474	8
3475	8
3476	6
3477	10
3478	7
3479	9
3480	8
3481	11
3482	6
3483	12
3484	7
3485	10
3486	14
3487	11
3488	10
3489	6
3490	9
3491	3
3492	11
3493	13
3494	6
3495	10
3496	11
3497	8
3498	8
3499	6
3500	10
3501	4
3502	7
3503	12
3504	14
3505	11
3506	8
3507	6
3508	11
3509	14
3510	9
3511	10
3512	14
3513	4
3514	6
3515	14
3516	9
3517	8
3518	16
3519	11
3520	17
3521	12
3522	13
3523	13
3524	7
3525	14
3526	14
3527	17
3528	9
3529	13
3530	8
3531	16
3532	12
3533	12
3534	14
3535	12
3536	11
3537	8
3538	10
3539	20
3540	12
3541	16
3542	13
3543	24
3544	12
3545	12
3546	18
3547	12
3548	15
3549	18
3550	10
3551	13
3552	11
3553	11
3554	11
3555	12
3556	16
3557	18
3558	26
3559	23
3560	6
3561	10
3562	20
3563	10
3564	13
3565	12
3566	5
3567	16
3568	17
3569	17
3570	14
3571	23
3572	13
3573	15
3574	14
3575	17
3576	20
3577	16
3578	15
3579	14
3580	16
3581	19
3582	14
3583	18
3584	20
3585	24
3586	11
3587	16
3588	13
3589	13
3590	22
3591	16
3592	18
3593	21
3594	20
3595	21
3596	12
3597	29
3598	21
3599	21
3600	29
3601	20
3602	22
3603	20
3604	23
3605	25
3606	27
3607	21
3608	28
3609	25
3610	27
3611	32
3612	27
3613	43
3614	24
3615	23
3616	25
3617	22
3618	23
3619	31
3620	26
3621	27
3622	18
3623	18
3624	29
3625	20
3626	24
3627	21
3628	38
3629	26
3630	18
3631	28
3632	35
3633	31
3634	21
3635	35
3636	28
3637	37
3638	32
3639	32
3640	22
3641	37
3642	23
3643	31
3644	33
3645	28
3646	29
3647	27
3648	28
3649	18
3650	36
3651	33
3652	36
3653	30
3654	34
3655	33
3656	36
3657	34
3658	28
3659	27
3660	38
3661	48
3662	48
3663	43
3664	50
3665	40
3666	30
3667	40
3668	35
3669	45
3670	40
3671	42
3672	39
3673	46
3674	39
3675	48
3676	48
3677	43
3678	40
3679	50
3680	43
3681	63
3682	44
3683	42
3684	38
3685	40
3686	41
3687	41
3688	42
3689	50
3690	52
3691	48
3692	59
3693	43
3694	54
3695	57
3696	38
3697	51
3698	49
3699	40
3700	60
3701	46
3702	54
3703	45
3704	51
3705	63
3706	64
3707	45
3708	46
3709	54
3710	53
3711	58
3712	50
3713	51
3714	53
3715	57
3716	51
3717	57
3718	58
3719	57
3720	61
3721	52
3722	67
3723	53
3724	55
3725	54
3726	54
3727	60
3728	58
3729	47
3730	58
3731	75
3732	60
3733	62
3734	59
3735	60
3736	65
3737	73
3738	73
3739	66
3740	61
3741	70
3742	80
3743	80
3744	72
3745	90
3746	71
3747	76
3748	73
3749	71
3750	86
3751	74
3752	76
3753	77
3754	78
3755	61
3756	81
3757	97
3758	77
3759	78
3760	83
3761	100
3762	85
3763	73
3764	83
3765	70
3766	91
3767	77
3768	83
3769	79
3770	84
3771	82
3772	106
3773	92
3774	83
3775	97
3776	83
3777	84
3778	99
3779	80
3780	85
3781	90
3782	95
3783	84
3784	93
3785	104
3786	103
3787	103
3788	92
3789	82
3790	94
3791	119
3792	109
3793	100
3794	85
3795	103
3796	98
3797	109
3798	102
3799	119
3800	96
3801	127
3802	100
3803	111
3804	117
3805	95
3806	106
3807	125
3808	122
3809	136
3810	133
3811	125
3812	130
3813	117
3814	117
3815	107
3816	115
3817	113
3818	109
3819	115
3820	112
3821	112
3822	128
3823	124
3824	139
3825	140
3826	139
3827	138
3828	125
3829	124
3830	120
3831	141
3832	125
3833	107
3834	116
3835	142
3836	135
3837	137
3838	128
3839	150
3840	137
3841	130
3842	142
3843	134
3844	144
3845	139
3846	150
3847	157
3848	141
3849	129
3850	155
3851	146
3852	155
3853	136
3854	170
3855	137
3856	142
3857	127
3858	162
3859	157
3860	150
3861	144
3862	162
3863	162
3864	141
3865	146
3866	157
3867	156
3868	153
3869	188
3870	166
3871	171
3872	171
3873	151
3874	182
3875	180
3876	142
3877	135
3878	135
3879	168
3880	182
3881	164
3882	151
3883	181
3884	170
3885	146
3886	157
3887	178
3888	168
3889	197
3890	179
3891	178
3892	169
3893	182
3894	174
3895	157
3896	174
3897	158
3898	176
3899	194
3900	177
3901	197
3902	182
3903	187
3904	185
3905	176
3906	180
3907	188
3908	193
3909	180
3910	179
3911	186
3912	180
3913	168
3914	200
3915	184
3916	189
3917	213
3918	208
3919	183
3920	222
3921	163
3922	200
3923	209
3924	215
3925	193
3926	213
3927	171
3928	201
3929	195
3930	180
3931	190
3932	211
3933	197
3934	197
3935	199
3936	209
3937	188
3938	207
3939	164
3940	211
3941	191
3942	195
3943	206
3944	199
3945	196
3946	233
3947	210
3948	213
3949	204
3950	198
3951	196
3952	193
3953	215
3954	219
3955	182
3956	206
3957	207
3958	209
3959	215
3960	210
3961	215
3962	204
3963	232
3964	192
3965	212
3966	203
3967	210
3968	186
3969	241
3970	211
3971	216
3972	214
3973	208
3974	206
3975	197
3976	219
3977	213
3978	200
3979	207
3980	208
3981	219
3982	222
3983	249
3984	187
3985	220
3986	230
3987	221
3988	204
3989	219
3990	207
3991	212
3992	221
3993	195
3994	218
3995	210
3996	219
3997	219
3998	222
3999	214
4000	234
4001	205
4002	240
4003	211
4004	207
4005	240
4006	245
4007	213
4008	193
4009	195
4010	208
4011	225
4012	222
4013	216
4014	213
4015	221
4016	225
4017	217
4018	205
4019	200
4020	223
4021	210
4022	225
4023	200
4024	212
4025	193
4026	201
4027	213
4028	205
4029	229
4030	191
4031	178
4032	216
4033	210
4034	212
4035	225
4036	217
4037	202
4038	234
4039	217
4040	221
4041	205
4042	212
4043	242
4044	217
4045	174
4046	192
4047	220
4048	196
4049	192
4050	218
4051	204
4052	217
4053	215
4054	231
4055	198
4056	211
4057	199
4058	199
4059	210
4060	204
4061	193
4062	193
4063	235
4064	203
4065	193
4066	225
4067	205
4068	215
4069	168
4070	195
4071	195
4072	192
4073	194
4074	184
4075	201
4076	192
4077	194
4078	176
4079	158
4080	183
4081	199
4082	200
4083	176
4084	196
4085	162
4086	176
4087	204
4088	191
4089	234
4090	183
4091	181
4092	192
4093	181
4094	194
4095	176
4096	192
4097	187
4098	195
4099	165
4100	171
4101	204
4102	182
4103	159
4104	167
4105	160
4106	201
4107	199
4108	157
4109	188
4110	171
4111	174
4112	185
4113	169
4114	187
4115	159
4116	173
4117	185
4118	204
4119	183
4120	176
4121	192
4122	172
4123	201
4124	196
4125	193
4126	178
4127	189
4128	182
4129	152
4130	170
4131	163
4132	172
4133	172
4134	180
4135	169
4136	166
4137	176
4138	162
4139	169
4140	194
4141	184
4142	172
4143	143
4144	169
4145	148
4146	179
4147	186
4148	174
4149	176
4150	152
4151	185
4152	194
4153	178
4154	180
4155	188
4156	177
4157	175
4158	185
4159	186
4160	169
4161	148
4162	168
4163	166
4164	153
4165	177
4166	176
4167	166
4168	156
4169	149
4170	171
4171	170
4172	181
4173	175
4174	183
4175	162
4176	160
4177	151
4178	156
4179	158
4180	176
4181	171
4182	173
4183	183
4184	188
4185	180
4186	176
4187	171
4188	141
4189	167
4190	174
4191	175
4192	148
4193	187
4194	172
4195	190
4196	172
4197	166
4198	182
4199	189
4200	169
4201	179
4202	170
4203	172
4204	168
4205	184
4206	173
4207	165
4208	186
4209	179
4210	176
4211	153
4212	173
4213	170
4214	190
4215	163
4216	176
4217	179
4218	188
4219	194
4220	167
4221	166
4222	182
4223	170
4224	174
4225	203
4226	178
4227	180
4228	180
4229	186
4230	202
4231	214
4232	192
4233	176
4234	215
4235	173
4236	198
4237	196
4238	191
4239	201
4240	199
4241	183
4242	194
4243	180
4244	203
4245	216
4246	194
4247	229
4248	201
4249	208
4250	215
4251	234
4252	201
4253	238
4254	230
4255	221
4256	195
4257	200
4258	215
4259	202
4260	212
4261	215
4262	203
4263	248
4264	249
4265	231
4266	250
4267	214
4268	216
4269	230
4270	218
4271	253
4272	217
4273	237
4274	236
4275	237
4276	227
4277	263
4278	231
4279	257
4280	247
4281	228
4282	243
4283	271
4284	257
4285	246
4286	249
4287	241
4288	255
4289	293
4290	276
4291	272
4292	272
4293	257
4294	250
4295	269
4296	263
4297	261
4298	277
4299	260
4300	248
4301	295
4302	306
4303	283
4304	247
4305	317
4306	322
4307	245
4308	283
4309	270
4310	314
4311	264
4312	319
4313	292
4314	328
4315	330
4316	311
4317	339
4318	280
4319	294
4320	312
4321	339
4322	313
4323	317
4324	328
4325	339
4326	295
4327	327
4328	314
4329	344
4330	321
4331	341
4332	325
4333	335
4334	320
4335	363
4336	356
4337	348
4338	334
4339	345
4340	354
4341	366
4342	356
4343	370
4344	377
4345	411
4346	342
4347	396
4348	379
4349	399
4350	329
4351	369
4352	403
4353	362
4354	366
4355	403
4356	389
4357	394
4358	375
4359	399
4360	406
4361	384
4362	404
4363	430
4364	447
4365	379
4366	419
4367	445
4368	422
4369	436
4370	457
4371	454
4372	404
4373	413
4374	449
4375	417
4376	441
4377	431
4378	400
4379	450
4380	425
4381	493
4382	501
4383	453
4384	487
4385	477
4386	454
4387	459
4388	469
4389	516
4390	493
4391	474
4392	478
4393	473
4394	491
4395	514
4396	471
4397	491
4398	499
4399	534
4400	524
4401	511
4402	513
4403	477
4404	494
4405	516
4406	476
4407	513
4408	485
4409	488
4410	529
4411	522
4412	521
4413	540
4414	535
4415	580
4416	560
4417	536
4418	546
4419	548
4420	573
4421	585
4422	605
4423	581
4424	557
4425	552
4426	546
4427	590
4428	569
4429	582
4430	549
4431	602
4432	588
4433	558
4434	577
4435	589
4436	563
4437	636
4438	584
4439	591
4440	614
4441	595
4442	614
4443	593
4444	586
4445	660
4446	596
4447	638
4448	635
4449	600
4450	607
4451	619
4452	623
4453	639
4454	634
4455	629
4456	670
4457	638
4458	662
4459	616
4460	636
4461	657
4462	627
4463	651
4464	684
4465	668
4466	666
4467	650
4468	648
4469	654
4470	677
4471	728
4472	691
4473	667
4474	727
4475	690
4476	732
4477	740
4478	652
4479	697
4480	638
4481	723
4482	725
4483	681
4484	702
4485	742
4486	697
4487	689
4488	705
4489	718
4490	769
4491	698
4492	760
4493	754
4494	743
4495	709
4496	700
4497	739
4498	763
4499	712
4500	764
4501	749
4502	704
4503	744
4504	680
4505	717
4506	760
4507	788
4508	740
4509	726
4510	707
4511	782
4512	693
4513	782
4514	779
4515	764
4516	717
4517	767
4518	811
4519	811
4520	757
4521	827
4522	798
4523	798
4524	763
4525	796
4526	785
4527	807
4528	793
4529	781
4530	788
4531	812
4532	814
4533	774
4534	786
4535	786
4536	799
4537	790
4538	813
4539	792
4540	825
4541	823
4542	813
4543	800
4544	830
4545	847
4546	837
4547	781
4548	783
4549	752
4550	871
4551	819
4552	760
4553	805
4554	808
4555	830
4556	851
4557	833
4558	847
4559	833
4560	857
4561	809
4562	833
4563	834
4564	870
4565	836
4566	821
4567	839
4568	839
4569	844
4570	850
4571	921
4572	837
4573	868
4574	879
4575	848
4576	826
4577	859
4578	820
4579	826
4580	927
4581	858
4582	817
4583	895
4584	847
4585	862
4586	832
4587	880
4588	875
4589	922
4590	802
4591	844
4592	873
4593	885
4594	871
4595	897
4596	866
4597	814
4598	921
4599	854
4600	889
4601	916
4602	931
4603	860
4604	844
4605	866
4606	882
4607	862
4608	866
4609	903
4610	823
4611	890
4612	868
4613	917
4614	855
4615	842
4616	857
4617	862
4618	884
4619	913
4620	868
4621	864
4622	847
4623	881
4624	888
4625	896
4626	879
4627	922
4628	821
4629	841
4630	830
4631	826
4632	851
4633	843
4634	869
4635	896
4636	916
4637	820
4638	873
4639	840
4640	859
4641	875
4642	829
4643	907
4644	851
4645	855
4646	893
4647	834
4648	887
4649	868
4650	913
4651	835
4652	900
4653	823
4654	873
4655	854
4656	876
4657	894
4658	864
4659	880
4660	861
4661	879
4662	856
4663	877
4664	853
4665	841
4666	842
4667	899
4668	886
4669	875
4670	846
4671	852
4672	868
4673	788
4674	811
4675	871
4676	865
4677	884
4678	847
4679	801
4680	847
4681	807
4682	888
4683	885
4684	850
4685	776
4686	801
4687	817
4688	842
4689	836
4690	783
4691	766
4692	843
4693	822
4694	847
4695	862
4696	826
4697	828
4698	807
4699	777
4700	833
4701	804
4702	785
4703	817
4704	823
4705	788
4706	789
4707	834
4708	842
4709	785
4710	822
4711	843
4712	781
4713	775
4714	792
4715	799
4716	804
4717	843
4718	806
4719	779
4720	772
4721	792
4722	776
4723	782
4724	805
4725	753
4726	774
4727	857
4728	803
4729	782
4730	801
4731	747
4732	766
4733	740
4734	743
4735	779
4736	767
4737	765
4738	772
4739	758
4740	719
4741	704
4742	701
4743	738
4744	737
4745	695
4746	753
4747	737
4748	724
4749	702
4750	753
4751	695
4752	728
4753	728
4754	695
4755	709
4756	696
4757	724
4758	686
4759	732
4760	702
4761	657
4762	735
4763	685
4764	642
4765	717
4766	706
4767	671
4768	693
4769	690
4770	653
4771	655
4772	704
4773	646
4774	698
4775	640
4776	650
4777	624
4778	684
4779	681
4780	665
4781	698
4782	633
4783	692
4784	650
4785	625
4786	626
4787	637
4788	635
4789	659
4790	654
4791	678
4792	596
4793	606
4794	624
4795	600
4796	619
4797	633
4798	613
4799	643
4800	612
4801	647
4802	636
4803	598
4804	607
4805	619
4806	583
4807	596
4808	598
4809	595
4810	575
4811	577
4812	598
4813	596
4814	564
4815	605
4816	578
4817	612
4818	588
4819	600
4820	530
4821	593
4822	580
4823	572
4824	615
4825	563
4826	581
4827	553
4828	560
4829	604
4830	549
4831	548
4832	602
4833	592
4834	613
4835	569
4836	550
4837	576
4838	526
4839	516
4840	567
4841	559
4842	556
4843	535
4844	577
4845	544
4846	531
4847	502
4848	507
4849	515
4850	522
4851	541
4852	516
4853	507
4854	502
4855	504
4856	536
4857	528
4858	519
4859	492
4860	507
4861	505
4862	487
4863	501
4864	507
4865	458
4866	502
4867	448
4868	497
4869	490
4870	503
4871	534
4872	498
4873	477
4874	482
4875	483
4876	472
4877	478
4878	473
4879	480
4880	441
4881	484
4882	480
4883	474
4884	503
4885	492
4886	448
4887	448
4888	455
4889	438
4890	436
4891	443
4892	454
4893	445
4894	436
4895	463
4896	461
4897	404
4898	444
4899	439
4900	471
4901	415
4902	479
4903	432
4904	442
4905	416
4906	451
4907	433
4908	414
4909	455
4910	440
4911	427
4912	419
4913	387
4914	382
4915	387
4916	435
4917	425
4918	429
4919	437
4920	402
4921	399
4922	431
4923	404
4924	391
4925	418
4926	415
4927	407
4928	418
4929	404
4930	395
4931	384
4932	378
4933	401
4934	410
4935	445
4936	351
4937	403
4938	416
4939	396
4940	405
4941	423
4942	364
4943	397
4944	351
4945	408
4946	403
4947	414
4948	402
4949	384
4950	376
4951	385
4952	403
4953	372
4954	361
4955	405
4956	390
4957	363
4958	372
4959	366
4960	398
4961	363
4962	358
4963	367
4964	361
4965	380
4966	364
4967	366
4968	351
4969	387
4970	385
4971	364
4972	337
4973	368
4974	344
4975	353
4976	343
4977	348
4978	316
4979	355
4980	367
4981	357
4982	348
4983	379
4984	353
4985	345
4986	342
4987	351
4988	336
4989	368
4990	346
4991	311
4992	312
4993	341
4994	346
4995	357
4996	332
4997	344
4998	345
4999	332
5000	356
5001	344
5002	381
5003	355
5004	305
5005	356
5006	330
5007	362
5008	363
5009	330
5010	349
5011	348
5012	338
5013	306
5014	313
5015	314
5016	340
5017	319
5018	350
5019	360
5020	345
5021	344
5022	334
5023	352
5024	332
5025	313
5026	364
5027	362
5028	307
5029	328
5030	313
5031	349
5032	300
5033	348
5034	327
5035	338
5036	320
5037	333
5038	342
5039	312
5040	312
5041	328
5042	319
5043	303
5044	296
5045	286
5046	326
5047	291
5048	332
5049	318
5050	328
5051	339
5052	379
5053	328
5054	317
5055	334
5056	329
5057	344
5058	283
5059	285
5060	299
5061	312
5062	303
5063	278
5064	298
5065	317
5066	308
5067	319
5068	299
5069	337
5070	319
5071	279
5072	319
5073	293
5074	285
5075	298
5076	319
5077	306
5078	334
5079	326
5080	325
5081	287
5082	324
5083	313
5084	297
5085	299
5086	311
5087	318
5088	311
5089	280
5090	305
5091	300
5092	311
5093	275
5094	283
5095	283
5096	296
5097	277
5098	275
5099	312
5100	285
5101	300
5102	285
5103	286
5104	308
5105	300
5106	292
5107	301
5108	270
5109	286
5110	290
5111	308
5112	289
5113	285
5114	299
5115	265
5116	287
5117	289
5118	302
5119	260
5120	291
5121	274
5122	289
5123	292
5124	271
5125	295
5126	271
5127	296
5128	286
5129	255
5130	279
5131	295
5132	264
5133	295
5134	294
5135	270
5136	293
5137	286
5138	261
5139	231
5140	274
5141	270
5142	266
5143	257
5144	280
5145	263
5146	252
5147	249
5148	266
5149	279
5150	274
5151	263
5152	249
5153	255
5154	276
5155	280
5156	227
5157	247
5158	272
5159	289
5160	255
5161	255
5162	292
5163	247
5164	263
5165	257
5166	248
5167	250
5168	289
5169	269
5170	277
5171	233
5172	242
5173	255
5174	262
5175	221
5176	244
5177	225
5178	256
5179	245
5180	250
5181	226
5182	224
5183	239
5184	240
5185	266
5186	230
5187	208
5188	243
5189	254
5190	246
5191	211
5192	248
5193	236
5194	227
5195	237
5196	212
5197	259
5198	242
5199	219
5200	248
5201	220
5202	225
5203	238
5204	254
5205	219
5206	269
5207	255
5208	245
5209	201
5210	218
5211	257
5212	211
5213	239
5214	210
5215	235
5216	226
5217	213
5218	236
5219	227
5220	186
5221	194
5222	220
5223	203
5224	228
5225	207
5226	218
5227	209
5228	213
5229	233
5230	210
5231	205
5232	200
5233	221
5234	205
5235	212
5236	208
5237	201
5238	205
5239	180
5240	196
5241	195
5242	206
5243	209
5244	189
5245	201
5246	175
5247	181
5248	172
5249	202
5250	185
5251	195
5252	175
5253	181
5254	195
5255	195
5256	154
5257	180
5258	190
5259	194
5260	210
5261	175
5262	184
5263	185
5264	176
5265	184
5266	185
5267	180
5268	178
5269	166
5270	151
5271	187
5272	181
5273	146
5274	167
5275	177
5276	171
5277	149
5278	178
5279	171
5280	165
5281	164
5282	166
5283	179
5284	176
5285	187
5286	157
5287	151
5288	179
5289	144
5290	163
5291	165
5292	140
5293	163
5294	176
5295	168
5296	155
5297	133
5298	141
5299	133
5300	157
5301	165
5302	160
5303	132
5304	157
5305	135
5306	168
5307	124
5308	150
5309	131
5310	171
5311	177
5312	151
5313	161
5314	163
5315	149
5316	138
5317	147
5318	163
5319	134
5320	156
5321	131
5322	131
5323	138
5324	130
5325	148
5326	154
5327	124
5328	129
5329	114
5330	133
5331	112
5332	123
5333	137
5334	131
5335	127
5336	124
5337	136
5338	129
5339	114
5340	138
5341	114
5342	111
5343	124
5344	137
5345	148
5346	127
5347	124
5348	115
5349	108
5350	110
5351	135
5352	120
5353	127
5354	117
5355	124
5356	141
5357	117
5358	124
5359	123
5360	107
5361	127
5362	136
5363	97
5364	115
5365	107
5366	118
5367	97
5368	120
5369	117
5370	113
5371	114
5372	108
5373	118
5374	106
5375	113
5376	92
5377	99
5378	109
5379	97
5380	111
5381	85
5382	110
5383	106
5384	109
5385	109
5386	97
5387	113
5388	94
5389	114
5390	105
5391	92
5392	98
5393	103
5394	104
5395	97
5396	97
5397	87
5398	110
5399	92
5400	103
5401	97
5402	108
5403	107
5404	86
5405	92
5406	94
5407	86
5408	84
5409	108
5410	104
5411	93
5412	105
5413	95
5414	103
5415	100
5416	92
5417	104
5418	119
5419	101
5420	124
5421	95
5422	78
5423	108
5424	91
5425	86
5426	103
5427	91
5428	101
5429	94
5430	99
5431	101
5432	89
5433	87
5434	95
5435	103
5436	75
5437	80
5438	75
5439	76
5440	83
5441	89
5442	81
5443	74
5444	86
5445	94
5446	86
5447	98
5448	92
5449	87
5450	90
5451	82
5452	75
5453	73
5454	90
5455	97
5456	105
5457	91
5458	89
5459	79
5460	97
5461	91
5462	78
5463	65
5464	79
5465	80
5466	67
5467	88
5468	88
5469	77
5470	80
5471	98
5472	67
5473	105
5474	87
5475	79
5476	79
5477	81
5478	99
5479	76
5480	71
5481	72
5482	76
5483	77
5484	93
5485	81
5486	90
5487	71
5488	79
5489	77
5490	75
5491	71
5492	96
5493	88
5494	76
5495	73
5496	84
5497	94
5498	86
5499	81
5500	83
5501	77
5502	76
5503	93
5504	78
5505	92
5506	92
5507	65
5508	92
5509	78
5510	74
5511	74
5512	96
5513	91
5514	90
5515	87
5516	70
5517	86
5518	76
5519	68
5520	75
5521	69
5522	95
5523	84
5524	98
5525	85
5526	76
5527	87
5528	92
5529	88
5530	81
5531	100
5532	91
5533	81
5534	91
5535	75
5536	71
5537	74
5538	66
5539	83
5540	85
5541	76
5542	82
5543	80
5544	84
5545	75
5546	93
5547	85
5548	98
5549	80
5550	86
5551	59
5552	96
5553	77
5554	92
5555	88
5556	88
5557	94
5558	104
5559	115
5560	85
5561	94
5562	94
5563	79
5564	93
5565	81
5566	91
5567	98
5568	88
5569	89
5570	71
5571	77
5572	98
5573	86
5574	81
5575	94
5576	93
5577	83
5578	91
5579	81
5580	89
5581	86
5582	90
5583	93
5584	81
5585	92
5586	102
5587	91
5588	80
5589	99
5590	92
5591	92
5592	86
5593	85
5594	90
5595	88
5596	90
5597	84
5598	81
5599	75
5600	100
5601	106
5602	94
5603	86
5604	103
5605	88
5606	88
5607	113
5608	75
5609	92
5610	105
5611	97
5612	79
5613	94
5614	84
5615	108
5616	111
5617	111
5618	107
5619	83
5620	96
5621	90
5622	102
5623	103
5624	83
5625	81
5626	94
5627	92
5628	97
5629	88
5630	98
5631	86
5632	105
5633	97
5634	84
5635	96
5636	98
5637	78
5638	95
5639	101
5640	85
5641	105
5642	95
5643	108
5644	109
5645	84
5646	106
5647	85
5648	90
5649	107
5650	118
5651	96
5652	99
5653	94
5654	105
5655	97
5656	103
5657	110
5658	102
5659	81
5660	95
5661	96
5662	121
5663	97
5664	101
5665	89
5666	95
5667	81
5668	122
5669	119
5670	122
5671	103
5672	106
5673	92
5674	99
5675	99
5676	116
5677	117
5678	87
5679	122
5680	110
5681	98
5682	100
5683	90
5684	115
5685	117
5686	115
5687	107
5688	103
5689	109
5690	101
5691	101
5692	108
5693	110
5694	107
5695	97
5696	106
5697	98
5698	110
5699	101
5700	116
5701	116
5702	107
5703	89
5704	114
5705	122
5706	113
5707	90
5708	105
5709	107
5710	103
5711	108
5712	111
5713	103
5714	123
5715	114
5716	125
5717	100
5718	114
5719	123
5720	123
5721	111
5722	106
5723	118
5724	122
5725	121
5726	110
5727	107
5728	111
5729	120
5730	97
5731	107
5732	115
5733	102
5734	107
5735	109
5736	107
5737	132
5738	120
5739	110
5740	128
5741	128
5742	123
5743	109
5744	106
5745	133
5746	125
5747	126
5748	106
5749	114
5750	108
5751	118
5752	117
5753	125
5754	107
5755	107
5756	117
5757	126
5758	103
5759	121
5760	100
5761	124
5762	114
5763	119
5764	119
5765	136
5766	114
5767	118
5768	128
5769	106
5770	105
5771	102
5772	103
5773	125
5774	128
5775	111
5776	114
5777	121
5778	121
5779	123
5780	108
5781	119
5782	127
5783	115
5784	91
5785	114
5786	100
5787	139
5788	112
5789	93
5790	92
5791	96
5792	113
5793	93
5794	110
5795	98
5796	132
5797	90
5798	102
5799	131
5800	109
5801	107
5802	108
5803	109
5804	124
5805	116
5806	120
5807	116
5808	105
5809	125
5810	112
5811	123
5812	115
5813	102
5814	98
5815	115
5816	108
5817	108
5818	108
5819	119
5820	119
5821	100
5822	94
5823	109
5824	114
5825	127
5826	113
5827	141
5828	97
5829	122
5830	109
5831	132
5832	102
5833	122
5834	117
5835	109
5836	127
5837	107
5838	130
5839	123
5840	107
5841	87
5842	118
5843	122
5844	114
5845	106
5846	103
5847	101
5848	100
5849	139
5850	105
5851	110
5852	118
5853	117
5854	114
5855	119
5856	120
5857	113
5858	111
5859	102
5860	92
5861	107
5862	121
5863	100
5864	106
5865	96
5866	101
5867	112
5868	121
5869	107
5870	129
5871	114
5872	112
5873	105
5874	90
5875	86
5876	111
5877	103
5878	106
5879	98
5880	102
5881	100
5882	141
5883	119
5884	109
5885	111
5886	97
5887	98
5888	91
5889	103
5890	109
5891	95
5892	86
5893	101
5894	107
5895	109
5896	101
5897	105
5898	85
5899	111
5900	122
5901	116
5902	88
5903	82
5904	92
5905	92
5906	102
5907	98
5908	88
5909	106
5910	102
5911	115
5912	85
5913	99
5914	109
5915	92
5916	106
5917	113
5918	104
5919	97
5920	101
5921	95
5922	99
5923	96
5924	100
5925	86
5926	112
5927	91
5928	104
5929	114
5930	98
5931	96
5932	88
5933	108
5934	103
5935	82
5936	85
5937	88
5938	82
5939	105
5940	109
5941	103
5942	89
5943	109
5944	91
5945	113
5946	81
5947	95
5948	98
5949	95
5950	98
5951	89
5952	81
5953	81
5954	84
5955	79
5956	81
5957	87
5958	89
5959	75
5960	84
5961	97
5962	86
5963	93
5964	87
5965	82
5966	91
5967	93
5968	92
5969	95
5970	72
5971	94
5972	94
5973	85
5974	83
5975	99
5976	79
5977	90
5978	74
5979	89
5980	87
5981	92
5982	72
5983	80
5984	89
5985	91
5986	78
5987	74
5988	92
5989	85
5990	86
5991	88
5992	85
5993	95
5994	89
5995	69
5996	64
5997	77
5998	89
5999	61
6000	70
6001	59
6002	59
6003	76
6004	76
6005	76
6006	85
6007	72
6008	87
6009	62
6010	82
6011	62
6012	74
6013	65
6014	87
6015	86
6016	86
6017	77
6018	68
6019	82
6020	71
6021	76
6022	57
6023	69
6024	76
6025	66
6026	82
6027	72
6028	77
6029	66
6030	65
6031	71
6032	57
6033	67
6034	63
6035	53
6036	69
6037	66
6038	66
6039	67
6040	56
6041	54
6042	66
6043	58
6044	68
6045	67
6046	67
6047	57
6048	51
6049	59
6050	62
6051	62
6052	57
6053	53
6054	56
6055	57
6056	65
6057	54
6058	75
6059	37
6060	51
6061	62
6062	50
6063	64
6064	59
6065	54
6066	54
6067	61
6068	46
6069	46
6070	57
6071	58
6072	47
6073	76
6074	49
6075	41
6076	55
6077	46
6078	52
6079	50
6080	67
6081	49
6082	44
6083	40
6084	44
6085	53
6086	49
6087	47
6088	53
6089	46
6090	56
6091	44
6092	48
6093	55
6094	37
6095	49
6096	42
6097	48
6098	37
6099	47
6100	48
6101	40
6102	45
6103	46
6104	48
6105	39
6106	46
6107	50
6108	45
6109	48
6110	46
6111	47
6112	45
6113	50
6114	33
6115	34
6116	39
6117	41
6118	44
6119	54
6120	39
6121	41
6122	45
6123	39
6124	38
6125	43
6126	43
6127	42
6128	19
6129	37
6130	53
6131	45
6132	44
6133	49
6134	48
6135	44
6136	37
6137	40
6138	27
6139	43
6140	34
6141	35
6142	35
6143	34
6144	23
6145	30
6146	29
6147	32
6148	38
6149	34
6150	20
6151	34
6152	31
6153	30
6154	42
6155	36
6156	28
6157	30
6158	33
6159	43
6160	36
6161	31
6162	31
6163	37
6164	28
6165	31
6166	29
6167	45
6168	38
6169	28
6170	30
6171	26
6172	35
6173	32
6174	33
6175	29
6176	27
6177	36
6178	23
6179	22
6180	39
6181	27
6182	38
6183	33
6184	25
6185	34
6186	30
6187	24
6188	22
6189	27
6190	28
6191	25
6192	37
6193	36
6194	20
6195	28
6196	35
6197	17
6198	20
6199	16
6200	30
6201	14
6202	29
6203	30
6204	19
6205	29
6206	28
6207	20
6208	29
6209	27
6210	18
6211	22
6212	28
6213	24
6214	24
6215	23
6216	32
6217	31
6218	20
6219	24
6220	13
6221	16
6222	19
6223	22
6224	17
6225	26
6226	21
6227	18
6228	22
6229	14
6230	14
6231	18
6232	27
6233	23
6234	18
6235	16
6236	30
6237	17
6238	17
6239	23
6240	22
6241	18
6242	17
6243	17
6244	16
6245	19
6246	23
6247	15
6248	18
6249	20
6250	23
6251	13
6252	15
6253	11
6254	27
6255	19
6256	14
6257	19
6258	16
6259	17
6260	22
6261	27
6262	21
6263	16
6264	20
6265	19
6266	16
6267	20
6268	21
6269	21
6270	16
6271	11
6272	17
6273	18
6274	18
6275	17
6276	21
6277	12
6278	14
6279	18
6280	10
6281	17
6282	18
6283	23
6284	22
6285	25
6286	14
6287	15
6288	23
6289	19
6290	16
6291	10
6292	10
6293	14
6294	9
6295	13
6296	18
6297	12
6298	12
6299	14
6300	13
6301	21
6302	21
6303	21
6304	11
6305	17
6306	15
6307	7
6308	8
6309	20
6310	17
6311	20
6312	14
6313	13
6314	20
6315	13
6316	18
6317	11
6318	11
6319	22
6320	14
6321	13
6322	15
6323	12
6324	13
6325	11
6326	19
6327	18
6328	7
6329	17
6330	15
6331	20
6332	15
6333	22
6334	11
6335	13
6336	15
6337	14
6338	10
6339	20
6340	10
6341	12
6342	15
6343	14
6344	14
6345	11
6346	10
6347	10
6348	13
6349	24
6350	8
6351	24
6352	14
6353	16
6354	12
6355	12
6356	15
6357	6
6358	9
6359	11
6360	13
6361	12
6362	10
6363	10
6364	6
6365	15
6366	12
6367	7
6368	15
6369	22
6370	12
6371	11
6372	14
6373	12
6374	10
6375	12
6376	11
6377	9
6378	13
6379	17
6380	17
6381	18
6382	8
6383	17
6384	12
6385	11
6386	10
6387	10
6388	12
6389	8
6390	14
6391	17
6392	14
6393	12
6394	14
6395	12
6396	11
6397	11
6398	14
6399	10
6400	10
6401	12
6402	13
6403	10
6404	12
6405	15
6406	10
6407	11
6408	10
6409	12
6410	14
6411	12
6412	15
6413	15
6414	14
6415	11
6416	12
6417	12
6418	12
6419	11
6420	13
6421	8
6422	11
6423	12
6424	8
6425	10
6426	9
6427	8
6428	11
6429	11
6430	18
6431	9
6432	15
6433	8
6434	12
6435	16
6436	7
6437	8
6438	9
6439	12
6440	7
6441	11
6442	18
6443	14
6444	15
6445	12
6446	7
6447	7
6448	7
6449	20
6450	10
6451	9
6452	12
6453	14
6454	10
6455	11
6456	16
6457	10
6458	14
6459	15
6460	13
6461	10
6462	8
6463	13
6464	8
6465	12
6466	12
6467	10
6468	6
6469	10
6470	13
6471	10
6472	11
6473	6
6474	6
6475	9
6476	12
6477	7
6478	4
6479	14
6480	10
6481	10
6482	11
6483	11
6484	9
6485	11
6486	8
6487	10
6488	11
6489	5
6490	6
6491	14
6492	7
6493	6
6494	8
6495	9
6496	11
6497	10
6498	10
6499	4
6500	9
6501	8
6502	7
6503	7
6504	7
6505	5
6506	11
6507	7
6508	7
6509	14
6510	9
6511	6
6512	14
6513	5
6514	7
6515	13
6516	10
6517	13
6518	14
6519	8
6520	10
6521	7
6522	7
6523	7
6524	6
6525	5
6526	8
6527	8
6528	12
6529	10
6530	8
6531	12
6532	11
6533	5
6534	6
6535	6
6536	6
6537	8
6538	6
6539	9
6540	11
6541	10
6542	4
6543	11
6544	9
6545	6
6546	5
6547	14
6548	8
6549	10
6550	2
6551	6
6552	7
6553	7
6554	7
6555	4
6556	10
6557	6
6558	8
6559	10
6560	8
6561	5
6562	7
6563	4
6564	8
6565	7
6566	5
6567	4
6568	7
6569	4
6570	5
6571	8
6572	6
6573	10
6574	6
6575	9
6576	4
6577	7
6578	5
6579	5
6580	5
6581	6
6582	9
6583	11
6584	6
6585	2
6586	5
6587	6
6588	6
6589	5
6590	8
6591	7
6592	5
6593	5
6594	6
6595	8
6596	5
6597	3
6598	11
6599	4
6600	4
6601	7
6602	4
6603	6
6604	6
6605	11
6606	1
6607	5
6608	4
6609	5
6610	7
6611	7
6612	8
6613	2
6614	4
6615	5
6616	10
6617	7
6618	6
6619	5
6620	6
6621	7
6622	9
6623	3
6624	8
6625	1
6626	5
6627	8
6628	6
6629	3
6630	12
6631	2
6632	4
6633	2
6634	7
6635	4
6636	9
6637	3
6638	5
6639	4
6640	8
6641	9
6642	4
6643	6
6644	5
6645	4
6646	7
6647	5
6648	3
6649	6
6650	6
6651	12
6652	3
6653	4
6654	3
6655	6
6656	4
6657	3
6658	2
6659	5
6660	7
6661	3
6662	3
6663	2
6664	7
6665	7
6666	2
6667	4
6668	4
6669	3
6670	8
6671	3
6672	7
6673	3
6674	5
6675	10
6676	6
6677	1
6678	7
6679	7
6680	7
6681	4
6682	5
6683	3
6684	3
6685	4
6686	2
6687	1
6688	7
6689	6
6690	2
6691	5
6692	5
6693	1
6694	6
6695	4
6696	5
6697	3
6698	3
6699	4
6700	4
6701	6
6702	3
6703	3
6704	7
6705	5
6706	6
6707	4
6708	2
6709	4
6710	3
6711	4
6712	1
6713	2
6714	6
6715	5
6716	3
6717	4
6718	1
6719	6
6720	4
6721	5
6722	3
6723	6
6724	11
6725	5
6726	5
6727	5
6728	6
6729	5
6730	3
6731	7
6732	3
6733	2
6734	1
6735	2
6736	3
6737	4
6738	4
6739	2
6740	2
6741	2
6742	3
6743	3
6744	4
6745	6
6746	6
6747	2
6748	5
6749	2
6750	2
6751	4
6752	2
6753	5
6754	2
6755	2
6756	4
6757	2
6758	3
6759	1
6760	1
6761	2
6762	5
6763	3
6764	3
6765	2
6766	5
6767	3
6768	1
6769	3
6770	2
6771	4
6772	3
6773	4
6774	2
6775	5
6776	5
6777	2
6778	2
6779	1
6780	5
6781	0
6782	1
6783	6
6784	3
6785	7
6786	2
6787	4
6788	7
6789	4
6790	4
6791	3
6792	5
6793	2
6794	5
6795	2
6796	2
6797	4
6798	1
6799	4
6800	4
6801	5
6802	1
6803	2
6804	6
6805	5
6806	3
6807	3
6808	4
6809	6
6810	3
6811	3
6812	6
6813	4
6814	4
6815	5
6816	1
6817	0
6818	4
6819	2
6820	3
6821	1
6822	2
6823	1
6824	3
6825	4
6826	6
6827	3
6828	5
6829	2
6830	3
6831	3
6832	2
6833	3
6834	2
6835	5
6836	1
6837	6
6838	2
6839	3
6840	4
6841	2
6842	2
6843	5
6844	1
6845	3
6846	3
6847	5
6848	1
6849	0
6850	4
6851	5
6852	4
6853	3
6854	4
6855	2
6856	4
6857	2
6858	2
6859	1
6860	7
6861	5
6862	0
6863	2
6864	2
6865	1
6866	3
6867	2
6868	2
6869	2
6870	3
6871	5
6872	2
6873	3
6874	4
6875	5
6876	2
6877	4
6878	3
6879	2
6880	1
6881	2
6882	2
6883	4
6884	2
6885	1
6886	4
6887	4
6888	2
6889	4
6890	6
6891	6
6892	4
6893	3
6894	0
6895	1
6896	1
6897	2
6898	2
6899	7
6900	1
6901	3
6902	2
6903	4
6904	1
6905	2
6906	5
6907	4
6908	3
6909	3
6910	6
6911	1
6912	5
6913	5
6914	3
6915	3
6916	1
6917	3
6918	3
6919	2
6920	1
6921	3
6922	2
6923	0
6924	1
6925	2
6926	3
6927	2
6928	7
6929	4
6930	1
6931	2
6932	2
6933	4
6934	1
6935	2
6936	0
6937	2
6938	2
6939	2
6940	3
6941	0
6942	1
6943	2
6944	1
6945	3
6946	0
6947	3
6948	3
6949	2
6950	1
6951	0
6952	5
6953	3
6954	2
6955	0
6956	2
6957	5
6958	4
6959	5
6960	2
6961	3
6962	3
6963	3
6964	2
6965	3
6966	4
6967	3
6968	5
6969	4
6970	3
6971	4
6972	3
6973	0
6974	3
6975	4
6976	3
6977	3
6978	0
6979	1
6980	5
6981	2
6982	2
6983	6
6984	1
6985	1
6986	3
6987	1
6988	3
6989	4
6990	3
6991	2
6992	3
6993	3
6994	4
6995	5
6996	2
6997	0
6998	3
6999	4
7000	5
7001	2
7002	4
7003	3
7004	4
7005	3
7006	4
7007	3
7008	2
7009	4
7010	4
7011	5
7012	2
7013	5
7014	2
7015	6
7016	3
7017	2
7018	4
7019	3
7020	3
7021	5
7022	3
7023	3
7024	4
7025	3
7026	1
7027	3
7028	2
7029	3
7030	1
7031	2
7032	5
7033	1
7034	2
7035	2
7036	6
7037	1
7038	5
7039	0
7040	2
7041	1
7042	0
7043	0
7044	1
7045	3
7046	3
7047	0
7048	2
7049	4
7050	2
7051	3
7052	1
7053	2
7054	2
7055	0
7056	2
7057	0
7058	0
7059	3
7060	2
7061	5
7062	4
7063	5
7064	4
7065	1
7066	2
7067	3
7068	0
7069	2
7070	6
7071	0
7072	0
7073	1
7074	0
7075	1
7076	1
7077	3
7078	2
7079	3
7080	1
7081	1
7082	3
7083	2
7084	2
7085	3
7086	1
7087	2
7088	2
7089	3
7090	2
7091	1
7092	1
7093	1
7094	1
7095	1
7096	1
7097	4
7098	2
7099	1
7100	4
7101	3
7102	1
7103	1
7104	1
7105	4
7106	1
7107	1
7108	4
7109	3
7110	1
7111	4
7112	4
7113	2
7114	1
7115	1
7116	2
7117	3
7118	3
7119	1
7120	1
7121	3
7122	0
7123	2
7124	2
7125	3
7126	2
7127	3
7128	1
7129	2
7130	1
7131	2
7132	1
7133	1
7134	1
7135	4
7136	3
7137	2
7138	2
7139	5
7140	1
7141	0
7142	2
7143	2
7144	1
7145	1
7146	3
7147	4
7148	1
7149	1
7150	1
7151	2
7152	2
7153	0
7154	0
7155	5
7156	1
7157	3
7158	1
7159	2
7160	2
7161	6
7162	3
7163	5
7164	0
7165	1
7166	2
7167	0
7168	2
7169	2
7170	3
7171	3
7172	0
7173	0
7174	1
7175	0
7176	1
7177	3
7178	2
7179	2
7180	1
7181	3
7182	5
7183	2
7184	2
7185	2
7186	4
7187	1
7188	0
7189	2
7190	2
7191	2
7192	1
7193	2
7194	0
7195	1
7196	1
7197	2
7198	0
7199	2
7200	1
7201	2
7202	1
7203	3
7204	0
7205	1
7206	2
7207	2
7208	3
7209	0
7210	3
7211	4
7212	0
7213	2
7214	1
7215	2
7216	0
7217	0
7218	0
7219	2
7220	2
7221	2
7222	3
7223	2
7224	1
7225	1
7226	1
7227	2
7228	1
7229	4
7230	1
7231	2
7232	1
7233	1
7234	5
7235	4
7236	3
7237	2
7238	5
7239	1
7240	2
7241	2
7242	2
7243	2
7244	2
7245	1
7246	2
7247	0
7248	3
7249	3
7250	2
7251	2
7252	2
7253	0
7254	2
7255	1
7256	3
7257	3
7258	3
7259	3
7260	3
7261	1
7262	3
7263	2
7264	1
7265	3
7266	3
7267	2
7268	0
7269	1
7270	4
7271	3
7272	5
7273	2
7274	1
7275	0
7276	3
7277	1
7278	0
7279	1
7280	2
7281	2
7282	3
7283	4
7284	5
7285	2
7286	3
7287	1
7288	0
7289	2
7290	0
7291	0
7292	1
7293	2
7294	2
7295	1
7296	3
7297	2
7298	2
7299	3
7300	2
7301	3
7302	2
7303	1
7304	1
7305	1
7306	2
7307	3
7308	3
7309	1
7310	0
7311	1
7312	4
7313	4
7314	3
7315	1
7316	1
7317	4
7318	4
7319	2
7320	2
7321	4
7322	2
7323	3
7324	3
7325	4
7326	2
7327	2
7328	5
7329	4
7330	0
7331	1
7332	1
7333	2
7334	0
7335	2
7336	7
7337	3
7338	0
7339	0
7340	4
7341	1
7342	4
7343	0
7344	1
7345	3
7346	2
7347	2
7348	4
7349	2
7350	2
7351	2
7352	2
7353	0
7354	3
7355	4
7356	2
7357	5
7358	3
7359	4
7360	2
7361	4
7362	0
7363	2
7364	2
7365	1
7366	1
7367	3
7368	3
7369	2
7370	2
7371	3
7372	2
7373	3
7374	2
7375	1
7376	1
7377	1
7378	2
7379	0
7380	1
7381	2
7382	1
7383	1
7384	3
7385	2
7386	1
7387	3
7388	0
7389	2
7390	3
7391	1
7392	2
7393	0
7394	4
7395	3
7396	1
7397	0
7398	0
7399	0
7400	1
7401	2
7402	2
7403	3
7404	5
7405	2
7406	1
7407	7
7408	2
7409	2
7410	0
7411	3
7412	3
7413	4
7414	1
7415	4
7416	1
7417	2
7418	1
7419	3
7420	1
7421	3
7422	4
7423	3
7424	3
7425	3
7426	1
7427	0
7428	3
7429	2
7430	2
7431	1
7432	2
7433	2
7434	1
7435	2
7436	6
7437	2
7438	2
7439	1
7440	4
7441	0
7442	1
7443	3
7444	1
7445	1
7446	3
7447	0
7448	1
7449	4
7450	1
7451	2
7452	3
7453	2
7454	4
7455	2
7456	0
7457	3
7458	1
7459	3
7460	4
7461	4
7462	0
7463	5
7464	2
7465	2
7466	2
7467	1
7468	2
7469	1
7470	3
7471	1
7472	1
7473	4
7474	6
7475	1
7476	3
7477	0
7478	3
7479	3
7480	4
7481	3
7482	0
7483	5
7484	3
7485	1
7486	0
7487	0
7488	2
7489	2
7490	2
7491	0
7492	1
7493	5
7494	3
7495	6
7496	1
7497	2
7498	4
7499	3
7500	2
7501	3
7502	1
7503	2
7504	4
7505	5
7506	1
7507	3
7508	0
7509	2
7510	1
7511	1
7512	1
7513	0
7514	0
7515	0
7516	5
7517	1
7518	3
7519	1
7520	0
7521	1
7522	2
7523	0
7524	2
7525	3
7526	2
7527	3
7528	1
7529	0
7530	1
7531	3
7532	1
7533	3
7534	0
7535	1
7536	5
7537	3
7538	1
7539	3
7540	1
7541	0
7542	3
7543	0
7544	1
7545	0
7546	2
7547	1
7548	3
7549	0
7550	0
7551	1
7552	3
7553	0
7554	4
7555	2
7556	1
7557	1
7558	2
7559	1
7560	2
7561	2
7562	1
7563	0
7564	3
7565	2
7566	2
7567	2
7568	2
7569	0
7570	1
7571	3
7572	2
7573	1
7574	2
7575	1
7576	2
7577	1
7578	4
7579	2
7580	4
7581	0
7582	3
7583	2
7584	1
7585	3
7586	1
7587	1
7588	2
7589	1
7590	2
7591	3
7592	3
7593	2
7594	3
7595	3
7596	1
7597	2
7598	1
7599	2
7600	1
7601	2
7602	2
7603	1
7604	1
7605	1
7606	1
7607	2
7608	0
7609	2
7610	1
7611	1
7612	0
7613	0
7614	1
7615	0
7616	2
7617	3
7618	2
7619	1
7620	2
7621	0
7622	3
7623	1
7624	1
7625	1
7626	1
7627	2
7628	3
7629	0
7630	0
7631	0
7632	5
7633	1
7634	0
7635	1
7636	0
7637	0
7638	0
7639	2
7640	0
7641	1
7642	0
7643	2
7644	1
7645	0
7646	1
7647	1
7648	1
7649	1
7650	2
7651	0
7652	3
7653	1
7654	1
7655	2
7656	0
7657	0
7658	0
7659	2
7660	2
7661	2
7662	1
7663	1
7664	2
7665	0
7666	2
7667	0
7668	0
7669	2
7670	0
7671	0
7672	0
7673	1
7674	1
7675	3
7676	6
7677	3
7678	1
7679	1
7680	1
7681	0
7682	1
7683	3
7684	1
7685	0
7686	0
7687	0
7688	0
7689	1
7690	3
7691	1
7692	1
7693	1
7694	1
7695	0
7696	1
7697	1
7698	3
7699	2
7700	1
7701	1
7702	1
7703	1
7704	1
7705	1
7706	2
7707	1
7708	0
7709	2
7710	0
7711	2
7712	3
7713	2
7714	0
7715	3
7716	1
7717	1
7718	1
7719	0
7720	2
7721	1
7722	2
7723	1
7724	3
7725	0
7726	0
7727	1
7728	1
7729	1
7730	1
7731	2
7732	3
7733	0
7734	0
7735	1
7736	0
7737	1
7738	0
7739	1
7740	2
7741	0
7742	1
7743	0
7744	1
7745	1
7746	1
7747	0
7748	0
7749	1
7750	0
7751	0
7752	0
7753	0
7754	1
7755	0
7756	1
7757	1
7758	3
7759	0
7760	1
7761	1
7762	1
7763	3
7764	0
7765	1
7766	0
7767	0
7768	0
7769	2
7770	0
7771	0
7772	2
7773	0
7774	2
7775	2
7776	1
7777	1
7778	2
7779	0
7780	0
7781	0
7782	2
7783	0
7784	1
7785	0
7786	0
7787	1
7788	1
7789	1
7790	1
7791	0
7792	1
7793	2
7794	0
7795	3
7796	0
7797	2
7798	0
7799	0
7800	0
7801	0
7802	2
7803	0
7804	1
7805	0
7806	0
7807	0
7808	0
7809	0
7810	2
7811	0
7812	1
7813	2
7814	0
7815	1
7816	0
7817	0
7818	0
7819	2
7820	1
7821	0
7822	0
7823	0
7824	0
7825	1
7826	1
7827	0
7828	1
7829	1
7830	1
7831	0
7832	0
7833	0
7834	0
7835	0
7836	3
7837	1
7838	0
7839	1
7840	0
7841	2
7842	0
7843	2
7844	0
7845	0
7846	1
7847	0
7848	0
7849	0
7850	0
7851	0
7852	0
7853	0
7854	2
7855	0
7856	2
7857	1
7858	2
7859	0
7860	1
7861	0
7862	0
7863	0
7864	1
7865	1
7866	0
7867	0
7868	0
7869	0
7870	0
7871	1
7872	0
7873	1
7874	2
7875	1
7876	0
7877	0
7878	0
7879	0
7880	0
7881	0
7882	1
7883	0
7884	0
7885	1
7886	0
7887	0
7888	1
7889	0
7890	0
7891	0
7892	0
7893	0
7894	0
7895	0
7896	0
7897	0
7898	0
7899	0
7900	0
7901	0
7902	0
7903	0
7904	0
7905	0
7906	0
7907	0
7908	0
7909	0
7910	0
7911	1
7912	1
7913	0
7914	0
7915	0
7916	0
7917	0
7918	0
7919	0
7920	0
7921	0
7922	0
7923	0
7924	0
7925	0
7926	1
7927	0
7928	0
7929	0
7930	0
7931	0
7932	0
7933	0
7934	0
7935	0
7936	0
7937	0
7938	0
7939	0
7940	1
7941	1
7942	0
7943	0
7944	0
7945	0
7946	0
7947	0
7948	0
7949	0
7950	0
7951	0
7952	0
7953	0
7954	0
7955	0
7956	0
7957	0
7958	0
7959	0
7960	0
7961	0
7962	0
7963	0
7964	0
7965	0
7966	0
7967	1
7968	0
7969	0
7970	0
7971	0
7972	0
7973	0
7974	0
7975	0
7976	0
7977	0
7978	0
7979	0
7980	0
7981	0
7982	0
7983	0
7984	0
7985	0
7986	0
7987	0
7988	0
7989	0
7990	0
7991	0
7992	0
7993	0
7994	0
7995	0
7996	0
7997	0
7998	0
7999	0
8000	0
8001	0
8002	0
8003	0
8004	0
8005	0
8006	0
8007	0
8008	0
8009	0
8010	0
8011	0
8012	0
8013	0
8014	0
8015	0
8016	0
8017	0
8018	0
8019	0
8020	0
8021	0
8022	0
8023	0
8024	0
8025	0
8026	0
8027	0
8028	0
8029	0
8030	0
8031	0
8032	0
8033	0
8034	0
8035	0
8036	0
8037	0
8038	0
8039	0
8040	0
8041	0
8042	0
8043	0
8044	0
8045	0
8046	0
8047	0
8048	0
8049	0
8050	0
8051	0
8052	0
8053	0
8054	0
8055	0
8056	0
8057	0
8058	0
8059	0
8060	0
8061	0
8062	0
8063	0
8064	0
8065	0
8066	0
8067	0
8068	0
8069	0
8070	0
8071	0
8072	0
8073	0
8074	0
8075	0
8076	0
8077	0
8078	0
8079	0
8080	0
8081	0
8082	0
8083	0
8084	0
8085	0
8086	0
8087	0
8088	0
8089	0
8090	0
8091	0
8092	0
8093	0
8094	0
8095	0
8096	0
8097	0
8098	0
8099	0
8100	0
8101	0
8102	0
8103	0
8104	0
8105	0
8106	0
8107	0
8108	0
8109	0
8110	0
8111	0
8112	0
8113	0
8114	0
8115	0
8116	0
8117	0
8118	0
8119	0
8120	0
8121	0
8122	0
8123	0
8124	0
8125	0
8126	0
8127	0
8128	0
8129	0
8130	0
8131	0
8132	0
8133	0
8134	0
8135	0
8136	0
8137	0
8138	0
8139	0
8140	0
8141	0
8142	0
8143	0
8144	0
8145	0
8146	0
8147	0
8148	0
8149	0
8150	0
8151	0
8152	0
8153	0
8154	0
8155	0
8156	0
8157	0
8158	0
8159	0
8160	0
8161	0
8162	0
8163	0
8164	0
8165	0
8166	0
8167	0
8168	0
8169	0
8170	0
8171	0
8172	0
8173	0
8174	0
8175	0
8176	0
8177	0
8178	0
8179	0
8180	0
8181	0
8182	0
8183	0
8184	0
8185	0
8186	0
8187	0
8188	0
8189	0
8190	0
8191	0
