0	0
1	0
2	0
3	0
4	0
5	0
6	0
7	0
8	0
9	0
10	0
11	0
12	0
13	0
14	0
15	0
16	1
17	0
18	1
19	0
20	0
21	0
22	0
23	0
24	0
25	0
26	0
27	1
28	0
29	0
30	2
31	0
32	2
33	0
34	0
35	0
36	0
37	0
38	2
39	0
40	1
41	0
42	0
43	0
44	0
45	1
46	2
47	0
48	0
49	0
50	0
51	0
52	0
53	1
54	0
55	0
56	0
57	0
58	0
59	0
60	1
61	0
62	0
63	0
64	0
65	0
66	0
67	0
68	0
69	0
70	0
71	0
72	0
73	0
74	1
75	0
76	0
77	0
78	0
79	0
80	0
81	1
82	0
83	0
84	0
85	0
86	1
87	0
88	0
89	0
90	0
91	0
92	0
93	0
94	0
95	0
96	0
97	0
98	0
99	0
100	0
101	0
102	1
103	0
104	0
105	0
106	0
107	0
108	0
109	0
110	0
111	0
112	0
113	1
114	0
115	0
116	0
117	0
118	0
119	1
120	0
121	0
122	0
123	0
124	0
125	0
126	0
127	0
128	0
129	0
130	0
131	0
132	0
133	0
134	0
135	0
136	0
137	0
138	0
139	0
140	0
141	0
142	0
143	0
144	0
145	0
146	0
147	0
148	0
149	0
150	1
151	0
152	0
153	0
154	0
155	0
156	1
157	0
158	0
159	1
160	0
161	0
162	0
163	1
164	1
165	0
166	1
167	0
168	0
169	0
170	0
171	0
172	1
173	0
174	0
175	1
176	0
177	1
178	0
179	0
180	1
181	1
182	0
183	0
184	1
185	0
186	1
187	0
188	1
189	0
190	2
191	1
192	0
193	0
194	2
195	0
196	0
197	1
198	1
199	1
200	0
201	2
202	0
203	1
204	1
205	0
206	1
207	0
208	1
209	1
210	0
211	3
212	2
213	0
214	1
215	2
216	1
217	0
218	2
219	1
220	1
221	1
222	1
223	0
224	1
225	1
226	0
227	1
228	1
229	1
230	2
231	2
232	0
233	0
234	2
235	0
236	3
237	0
238	0
239	2
240	3
241	4
242	3
243	1
244	2
245	0
246	0
247	3
248	1
249	2
250	1
251	3
252	3
253	0
254	1
255	3
256	1
257	5
258	1
259	4
260	1
261	3
262	5
263	1
264	3
265	2
266	6
267	2
268	0
269	1
270	5
271	3
272	4
273	4
274	1
275	3
276	4
277	4
278	5
279	0
280	5
281	2
282	6
283	6
284	1
285	2
286	1
287	3
288	5
289	2
290	4
291	3
292	5
293	7
294	3
295	3
296	4
297	3
298	2
299	3
300	8
301	7
302	3
303	6
304	5
305	3
306	1
307	6
308	2
309	1
310	3
311	8
312	3
313	3
314	4
315	1
316	9
317	9
318	4
319	9
320	6
321	4
322	8
323	4
324	2
325	6
326	5
327	2
328	4
329	4
330	2
331	6
332	6
333	7
334	9
335	6
336	6
337	6
338	10
339	6
340	6
341	12
342	7
343	5
344	5
345	4
346	10
347	10
348	9
349	8
350	9
351	7
352	9
353	4
354	7
355	2
356	2
357	12
358	6
359	4
360	7
361	6
362	5
363	7
364	13
365	10
366	6
367	10
368	12
369	6
370	11
371	10
372	6
373	12
374	8
375	9
376	9
377	7
378	10
379	7
380	15
381	7
382	7
383	10
384	13
385	8
386	13
387	9
388	9
389	3
390	7
391	11
392	7
393	8
394	10
395	6
396	10
397	10
398	13
399	3
400	10
401	6
402	9
403	6
404	10
405	13
406	8
407	10
408	11
409	4
410	12
411	8
412	8
413	14
414	10
415	11
416	7
417	11
418	13
419	8
420	12
421	11
422	11
423	13
424	9
425	10
426	15
427	13
428	9
429	11
430	15
431	7
432	9
433	12
434	13
435	12
436	8
437	4
438	11
439	8
440	12
441	4
442	5
443	6
444	16
445	13
446	12
447	11
448	14
449	10
450	5
451	11
452	13
453	11
454	12
455	13
456	11
457	10
458	13
459	16
460	10
461	9
462	14
463	11
464	14
465	5
466	16
467	7
468	8
469	11
470	11
471	16
472	13
473	13
474	23
475	10
476	16
477	13
478	12
479	13
480	7
481	12
482	10
483	13
484	6
485	11
486	10
487	13
488	7
489	8
490	12
491	11
492	9
493	3
494	14
495	13
496	10
497	8
498	12
499	9
500	12
501	16
502	8
503	7
504	9
505	10
506	13
507	11
508	12
509	7
510	11
511	10
512	7
513	11
514	17
515	8
516	9
517	22
518	12
519	3
520	10
521	15
522	12
523	10
524	14
525	13
526	8
527	10
528	11
529	7
530	12
531	10
532	15
533	14
534	16
535	6
536	12
537	9
538	11
539	15
540	15
541	14
542	14
543	16
544	9
545	13
546	17
547	12
548	12
549	18
550	18
551	11
552	12
553	7
554	6
555	12
556	12
557	13
558	9
559	12
560	9
561	22
562	11
563	13
564	8
565	7
566	9
567	19
568	13
569	8
570	13
571	9
572	16
573	10
574	16
575	16
576	8
577	13
578	12
579	12
580	17
581	9
582	9
583	9
584	19
585	12
586	17
587	15
588	6
589	11
590	10
591	15
592	10
593	15
594	11
595	12
596	19
597	8
598	16
599	16
600	9
601	13
602	10
603	13
604	11
605	14
606	20
607	8
608	15
609	16
610	16
611	9
612	15
613	12
614	9
615	10
616	7
617	10
618	10
619	10
620	15
621	17
622	10
623	11
624	13
625	11
626	14
627	12
628	10
629	10
630	16
631	10
632	12
633	14
634	9
635	15
636	18
637	6
638	13
639	16
640	15
641	12
642	13
643	21
644	17
645	6
646	14
647	10
648	6
649	18
650	9
651	12
652	13
653	15
654	19
655	14
656	5
657	14
658	12
659	17
660	9
661	12
662	14
663	6
664	18
665	13
666	11
667	14
668	11
669	13
670	12
671	16
672	15
673	13
674	10
675	9
676	14
677	8
678	14
679	18
680	8
681	11
682	19
683	10
684	12
685	15
686	12
687	13
688	15
689	16
690	20
691	13
692	7
693	8
694	15
695	10
696	12
697	13
698	20
699	8
700	8
701	14
702	13
703	13
704	12
705	11
706	13
707	12
708	18
709	20
710	10
711	22
712	10
713	10
714	13
715	7
716	13
717	12
718	11
719	13
720	14
721	16
722	23
723	8
724	16
725	14
726	18
727	13
728	18
729	16
730	14
731	14
732	7
733	15
734	15
735	5
736	13
737	12
738	13
739	16
740	17
741	14
742	11
743	9
744	16
745	12
746	15
747	10
748	13
749	14
750	12
751	20
752	16
753	9
754	12
755	9
756	13
757	9
758	12
759	16
760	9
761	9
762	21
763	13
764	18
765	16
766	17
767	16
768	14
769	9
770	12
771	10
772	16
773	16
774	13
775	16
776	10
777	15
778	12
779	17
780	9
781	10
782	11
783	12
784	7
785	22
786	13
787	15
788	13
789	18
790	11
791	15
792	14
793	18
794	11
795	13
796	18
797	13
798	16
799	8
800	13
801	10
802	19
803	15
804	17
805	19
806	14
807	11
808	15
809	9
810	16
811	16
812	11
813	11
814	13
815	13
816	18
817	11
818	12
819	21
820	14
821	10
822	9
823	7
824	11
825	9
826	13
827	4
828	14
829	15
830	19
831	11
832	11
833	17
834	17
835	11
836	10
837	15
838	17
839	13
840	13
841	11
842	17
843	20
844	13
845	16
846	18
847	13
848	15
849	11
850	17
851	9
852	11
853	17
854	9
855	9
856	14
857	17
858	10
859	18
860	16
861	11
862	7
863	10
864	19
865	9
866	13
867	16
868	12
869	14
870	13
871	17
872	12
873	25
874	17
875	10
876	16
877	14
878	13
879	22
880	6
881	12
882	13
883	15
884	16
885	15
886	16
887	11
888	13
889	20
890	11
891	19
892	11
893	11
894	6
895	20
896	12
897	8
898	15
899	14
900	10
901	14
902	20
903	14
904	17
905	11
906	20
907	12
908	14
909	14
910	17
911	13
912	21
913	14
914	23
915	11
916	11
917	13
918	15
919	8
920	17
921	12
922	16
923	11
924	14
925	16
926	13
927	9
928	9
929	13
930	12
931	14
932	12
933	26
934	20
935	16
936	7
937	17
938	15
939	13
940	17
941	13
942	16
943	19
944	7
945	18
946	14
947	6
948	6
949	24
950	8
951	11
952	11
953	11
954	8
955	11
956	7
957	14
958	22
959	13
960	12
961	12
962	17
963	13
964	22
965	10
966	16
967	9
968	9
969	17
970	12
971	14
972	18
973	8
974	7
975	12
976	12
977	12
978	12
979	15
980	13
981	13
982	15
983	15
984	9
985	10
986	15
987	9
988	16
989	7
990	15
991	9
992	14
993	14
994	15
995	9
996	11
997	10
998	12
999	10
1000	10
1001	13
1002	12
1003	14
1004	13
1005	13
1006	16
1007	13
1008	14
1009	13
1010	9
1011	15
1012	13
1013	15
1014	8
1015	9
1016	14
1017	9
1018	20
1019	14
1020	16
1021	15
1022	16
1023	12
1024	15
1025	9
1026	17
1027	16
1028	9
1029	10
1030	11
1031	9
1032	9
1033	13
1034	11
1035	15
1036	14
1037	14
1038	17
1039	10
1040	10
1041	15
1042	6
1043	18
1044	15
1045	14
1046	14
1047	12
1048	11
1049	11
1050	11
1051	11
1052	16
1053	15
1054	13
1055	10
1056	8
1057	8
1058	13
1059	13
1060	12
1061	13
1062	6
1063	17
1064	15
1065	10
1066	12
1067	9
1068	10
1069	19
1070	17
1071	12
1072	10
1073	11
1074	18
1075	10
1076	8
1077	14
1078	15
1079	16
1080	13
1081	8
1082	11
1083	10
1084	14
1085	9
1086	8
1087	14
1088	11
1089	17
1090	10
1091	10
1092	19
1093	14
1094	8
1095	9
1096	11
1097	11
1098	12
1099	17
1100	13
1101	14
1102	9
1103	6
1104	19
1105	14
1106	14
1107	10
1108	19
1109	18
1110	7
1111	6
1112	13
1113	14
1114	17
1115	8
1116	12
1117	13
1118	10
1119	10
1120	14
1121	14
1122	14
1123	19
1124	19
1125	13
1126	18
1127	9
1128	13
1129	16
1130	12
1131	10
1132	12
1133	16
1134	14
1135	12
1136	14
1137	17
1138	15
1139	13
1140	14
1141	9
1142	13
1143	12
1144	16
1145	7
1146	16
1147	13
1148	21
1149	14
1150	15
1151	13
1152	10
1153	12
1154	9
1155	15
1156	16
1157	14
1158	10
1159	9
1160	11
1161	18
1162	12
1163	17
1164	16
1165	17
1166	11
1167	11
1168	14
1169	11
1170	17
1171	16
1172	17
1173	17
1174	18
1175	16
1176	16
1177	15
1178	16
1179	9
1180	14
1181	10
1182	13
1183	19
1184	14
1185	12
1186	15
1187	11
1188	9
1189	10
1190	10
1191	15
1192	9
1193	13
1194	7
1195	14
1196	22
1197	12
1198	15
1199	15
1200	11
1201	17
1202	16
1203	12
1204	15
1205	7
1206	13
1207	16
1208	9
1209	13
1210	8
1211	15
1212	6
1213	19
1214	12
1215	11
1216	8
1217	11
1218	14
1219	12
1220	13
1221	9
1222	16
1223	10
1224	16
1225	10
1226	8
1227	17
1228	14
1229	16
1230	16
1231	16
1232	17
1233	11
1234	17
1235	13
1236	18
1237	14
1238	14
1239	11
1240	16
1241	9
1242	17
1243	8
1244	10
1245	12
1246	7
1247	9
1248	10
1249	15
1250	16
1251	17
1252	3
1253	11
1254	22
1255	12
1256	13
1257	19
1258	14
1259	8
1260	12
1261	14
1262	24
1263	11
1264	14
1265	13
1266	8
1267	18
1268	16
1269	20
1270	16
1271	15
1272	10
1273	12
1274	16
1275	11
1276	19
1277	18
1278	17
1279	6
1280	18
1281	9
1282	11
1283	20
1284	19
1285	10
1286	9
1287	11
1288	9
1289	14
1290	11
1291	9
1292	10
1293	13
1294	8
1295	15
1296	16
1297	13
1298	11
1299	12
1300	13
1301	14
1302	15
1303	17
1304	14
1305	17
1306	14
1307	15
1308	11
1309	15
1310	12
1311	14
1312	11
1313	14
1314	10
1315	10
1316	13
1317	10
1318	9
1319	14
1320	15
1321	10
1322	12
1323	10
1324	12
1325	11
1326	16
1327	15
1328	20
1329	8
1330	9
1331	14
1332	12
1333	11
1334	12
1335	11
1336	14
1337	6
1338	7
1339	16
1340	11
1341	10
1342	13
1343	9
1344	9
1345	16
1346	8
1347	9
1348	13
1349	16
1350	17
1351	11
1352	12
1353	15
1354	9
1355	14
1356	13
1357	12
1358	13
1359	14
1360	14
1361	10
1362	7
1363	9
1364	16
1365	11
1366	18
1367	11
1368	9
1369	13
1370	12
1371	15
1372	12
1373	12
1374	13
1375	13
1376	12
1377	16
1378	16
1379	10
1380	14
1381	16
1382	16
1383	13
1384	15
1385	14
1386	13
1387	14
1388	9
1389	18
1390	10
1391	18
1392	9
1393	12
1394	11
1395	11
1396	10
1397	14
1398	20
1399	11
1400	12
1401	7
1402	16
1403	20
1404	8
1405	11
1406	13
1407	18
1408	11
1409	21
1410	10
1411	17
1412	10
1413	5
1414	8
1415	22
1416	12
1417	13
1418	16
1419	10
1420	9
1421	10
1422	11
1423	10
1424	11
1425	7
1426	16
1427	7
1428	14
1429	8
1430	18
1431	21
1432	15
1433	17
1434	10
1435	11
1436	17
1437	10
1438	17
1439	18
1440	12
1441	13
1442	15
1443	7
1444	12
1445	13
1446	15
1447	14
1448	13
1449	9
1450	16
1451	10
1452	15
1453	12
1454	26
1455	10
1456	19
1457	14
1458	14
1459	9
1460	14
1461	11
1462	14
1463	15
1464	19
1465	19
1466	11
1467	17
1468	15
1469	15
1470	7
1471	12
1472	13
1473	7
1474	11
1475	9
1476	11
1477	15
1478	16
1479	8
1480	18
1481	11
1482	17
1483	13
1484	11
1485	12
1486	19
1487	12
1488	11
1489	20
1490	16
1491	13
1492	19
1493	13
1494	17
1495	10
1496	13
1497	19
1498	6
1499	14
1500	16
1501	9
1502	10
1503	15
1504	17
1505	10
1506	12
1507	13
1508	9
1509	9
1510	10
1511	3
1512	13
1513	15
1514	8
1515	13
1516	12
1517	11
1518	14
1519	9
1520	12
1521	9
1522	19
1523	14
1524	13
1525	16
1526	15
1527	12
1528	13
1529	11
1530	15
1531	8
1532	13
1533	12
1534	11
1535	5
1536	9
1537	15
1538	17
1539	18
1540	8
1541	11
1542	14
1543	16
1544	14
1545	14
1546	17
1547	7
1548	16
1549	13
1550	16
1551	21
1552	18
1553	13
1554	11
1555	19
1556	7
1557	10
1558	16
1559	8
1560	10
1561	9
1562	14
1563	13
1564	8
1565	7
1566	12
1567	10
1568	10
1569	9
1570	4
1571	10
1572	12
1573	11
1574	13
1575	16
1576	11
1577	16
1578	14
1579	10
1580	11
1581	8
1582	8
1583	9
1584	16
1585	14
1586	13
1587	11
1588	21
1589	8
1590	16
1591	13
1592	9
1593	9
1594	17
1595	17
1596	9
1597	13
1598	7
1599	12
1600	6
1601	13
1602	8
1603	20
1604	12
1605	8
1606	17
1607	9
1608	14
1609	9
1610	12
1611	14
1612	12
1613	14
1614	9
1615	12
1616	21
1617	14
1618	9
1619	15
1620	10
1621	9
1622	12
1623	7
1624	14
1625	16
1626	10
1627	14
1628	15
1629	12
1630	14
1631	9
1632	11
1633	20
1634	16
1635	13
1636	10
1637	10
1638	22
1639	9
1640	8
1641	17
1642	13
1643	14
1644	7
1645	20
1646	8
1647	15
1648	21
1649	13
1650	14
1651	7
1652	12
1653	11
1654	10
1655	11
1656	11
1657	15
1658	14
1659	11
1660	14
1661	10
1662	12
1663	11
1664	13
1665	7
1666	15
1667	13
1668	10
1669	16
1670	10
1671	10
1672	8
1673	10
1674	13
1675	8
1676	8
1677	13
1678	12
1679	17
1680	14
1681	12
1682	13
1683	16
1684	9
1685	13
1686	11
1687	13
1688	10
1689	8
1690	9
1691	11
1692	11
1693	12
1694	15
1695	14
1696	19
1697	20
1698	18
1699	9
1700	11
1701	8
1702	15
1703	10
1704	19
1705	11
1706	22
1707	10
1708	12
1709	12
1710	10
1711	9
1712	13
1713	13
1714	15
1715	14
1716	11
1717	7
1718	17
1719	21
1720	14
1721	17
1722	9
1723	14
1724	11
1725	14
1726	13
1727	11
1728	19
1729	15
1730	16
1731	9
1732	15
1733	10
1734	13
1735	9
1736	16
1737	14
1738	11
1739	14
1740	10
1741	9
1742	11
1743	11
1744	15
1745	5
1746	10
1747	11
1748	9
1749	15
1750	22
1751	18
1752	14
1753	15
1754	7
1755	14
1756	9
1757	14
1758	11
1759	14
1760	14
1761	14
1762	10
1763	13
1764	16
1765	9
1766	6
1767	7
1768	9
1769	11
1770	16
1771	13
1772	10
1773	8
1774	16
1775	7
1776	7
1777	6
1778	13
1779	17
1780	19
1781	18
1782	9
1783	12
1784	14
1785	13
1786	10
1787	14
1788	11
1789	13
1790	8
1791	11
1792	8
1793	10
1794	17
1795	13
1796	8
1797	10
1798	14
1799	7
1800	14
1801	8
1802	5
1803	13
1804	16
1805	17
1806	12
1807	16
1808	19
1809	19
1810	14
1811	12
1812	11
1813	6
1814	16
1815	10
1816	11
1817	15
1818	10
1819	10
1820	12
1821	3
1822	13
1823	13
1824	13
1825	9
1826	8
1827	12
1828	9
1829	8
1830	15
1831	9
1832	9
1833	9
1834	7
1835	11
1836	7
1837	12
1838	8
1839	12
1840	11
1841	8
1842	11
1843	9
1844	10
1845	15
1846	10
1847	7
1848	13
1849	9
1850	9
1851	13
1852	12
1853	8
1854	13
1855	13
1856	20
1857	14
1858	14
1859	11
1860	9
1861	18
1862	10
1863	10
1864	9
1865	14
1866	6
1867	9
1868	9
1869	21
1870	7
1871	24
1872	12
1873	6
1874	14
1875	17
1876	18
1877	10
1878	6
1879	18
1880	13
1881	9
1882	22
1883	8
1884	11
1885	17
1886	13
1887	12
1888	12
1889	17
1890	19
1891	8
1892	8
1893	13
1894	17
1895	12
1896	12
1897	7
1898	11
1899	11
1900	8
1901	6
1902	8
1903	9
1904	16
1905	19
1906	15
1907	10
1908	16
1909	9
1910	12
1911	9
1912	14
1913	12
1914	23
1915	15
1916	21
1917	10
1918	18
1919	11
1920	11
1921	20
1922	13
1923	17
1924	5
1925	13
1926	14
1927	11
1928	13
1929	15
1930	12
1931	7
1932	14
1933	15
1934	13
1935	8
1936	7
1937	12
1938	12
1939	10
1940	11
1941	10
1942	21
1943	14
1944	12
1945	19
1946	12
1947	10
1948	14
1949	8
1950	17
1951	11
1952	15
1953	15
1954	10
1955	14
1956	20
1957	9
1958	9
1959	9
1960	12
1961	16
1962	13
1963	16
1964	19
1965	9
1966	20
1967	16
1968	16
1969	16
1970	13
1971	14
1972	10
1973	13
1974	12
1975	14
1976	16
1977	8
1978	18
1979	13
1980	9
1981	14
1982	20
1983	18
1984	9
1985	12
1986	14
1987	13
1988	12
1989	22
1990	12
1991	15
1992	9
1993	11
1994	16
1995	13
1996	10
1997	12
1998	13
1999	6
2000	10
2001	15
2002	8
2003	13
2004	13
2005	3
2006	14
2007	15
2008	10
2009	19
2010	9
2011	18
2012	17
2013	17
2014	12
2015	25
2016	17
2017	8
2018	17
2019	16
2020	12
2021	9
2022	8
2023	14
2024	12
2025	13
2026	7
2027	3
2028	14
2029	14
2030	9
2031	17
2032	9
2033	19
2034	12
2035	12
2036	11
2037	12
2038	10
2039	15
2040	19
2041	10
2042	12
2043	9
2044	10
2045	10
2046	11
2047	17
2048	15
2049	11
2050	12
2051	16
2052	13
2053	18
2054	12
2055	17
2056	12
2057	11
2058	16
2059	17
2060	15
2061	20
2062	15
2063	17
2064	9
2065	17
2066	15
2067	19
2068	21
2069	12
2070	19
2071	17
2072	17
2073	14
2074	21
2075	11
2076	18
2077	19
2078	11
2079	15
2080	9
2081	21
2082	14
2083	13
2084	12
2085	15
2086	11
2087	20
2088	17
2089	13
2090	17
2091	20
2092	13
2093	17
2094	19
2095	15
2096	14
2097	18
2098	11
2099	13
2100	8
2101	21
2102	13
2103	14
2104	16
2105	17
2106	17
2107	17
2108	16
2109	19
2110	17
2111	16
2112	21
2113	15
2114	13
2115	14
2116	23
2117	17
2118	21
2119	16
2120	17
2121	12
2122	25
2123	15
2124	23
2125	16
2126	11
2127	13
2128	10
2129	14
2130	15
2131	19
2132	16
2133	16
2134	19
2135	15
2136	10
2137	18
2138	22
2139	13
2140	14
2141	18
2142	21
2143	24
2144	17
2145	14
2146	9
2147	12
2148	11
2149	15
2150	20
2151	19
2152	23
2153	9
2154	16
2155	18
2156	14
2157	17
2158	16
2159	8
2160	13
2161	14
2162	13
2163	13
2164	16
2165	18
2166	14
2167	20
2168	23
2169	14
2170	14
2171	14
2172	20
2173	20
2174	24
2175	16
2176	17
2177	20
2178	8
2179	19
2180	12
2181	16
2182	11
2183	15
2184	20
2185	15
2186	14
2187	21
2188	25
2189	15
2190	18
2191	13
2192	18
2193	15
2194	11
2195	21
2196	13
2197	10
2198	14
2199	19
2200	14
2201	28
2202	15
2203	16
2204	19
2205	15
2206	23
2207	15
2208	20
2209	17
2210	16
2211	13
2212	16
2213	18
2214	21
2215	12
2216	24
2217	16
2218	18
2219	23
2220	17
2221	15
2222	12
2223	11
2224	16
2225	15
2226	21
2227	21
2228	16
2229	19
2230	15
2231	12
2232	24
2233	13
2234	22
2235	19
2236	15
2237	13
2238	21
2239	21
2240	16
2241	19
2242	8
2243	9
2244	12
2245	28
2246	14
2247	9
2248	17
2249	10
2250	13
2251	14
2252	20
2253	15
2254	15
2255	13
2256	17
2257	17
2258	10
2259	19
2260	15
2261	14
2262	10
2263	17
2264	16
2265	18
2266	17
2267	14
2268	6
2269	18
2270	12
2271	12
2272	17
2273	20
2274	24
2275	17
2276	13
2277	19
2278	10
2279	18
2280	14
2281	19
2282	18
2283	16
2284	11
2285	11
2286	14
2287	17
2288	18
2289	17
2290	13
2291	12
2292	20
2293	17
2294	17
2295	19
2296	14
2297	12
2298	15
2299	16
2300	15
2301	17
2302	10
2303	21
2304	16
2305	14
2306	14
2307	11
2308	15
2309	15
2310	13
2311	15
2312	10
2313	12
2314	18
2315	8
2316	13
2317	15
2318	12
2319	12
2320	18
2321	19
2322	16
2323	21
2324	19
2325	20
2326	17
2327	23
2328	14
2329	13
2330	12
2331	15
2332	20
2333	11
2334	18
2335	16
2336	16
2337	24
2338	14
2339	11
2340	12
2341	20
2342	17
2343	20
2344	17
2345	20
2346	12
2347	16
2348	8
2349	20
2350	17
2351	18
2352	14
2353	24
2354	15
2355	14
2356	17
2357	16
2358	8
2359	12
2360	12
2361	13
2362	10
2363	17
2364	24
2365	19
2366	13
2367	16
2368	12
2369	13
2370	13
2371	13
2372	9
2373	16
2374	21
2375	18
2376	13
2377	14
2378	11
2379	22
2380	19
2381	15
2382	17
2383	14
2384	12
2385	17
2386	12
2387	13
2388	18
2389	12
2390	12
2391	9
2392	12
2393	16
2394	13
2395	12
2396	15
2397	9
2398	17
2399	10
2400	10
2401	18
2402	18
2403	11
2404	13
2405	20
2406	16
2407	11
2408	22
2409	14
2410	14
2411	13
2412	13
2413	15
2414	12
2415	15
2416	12
2417	16
2418	18
2419	21
2420	11
2421	15
2422	10
2423	11
2424	11
2425	20
2426	17
2427	17
2428	12
2429	14
2430	11
2431	10
2432	14
2433	8
2434	13
2435	14
2436	17
2437	19
2438	8
2439	10
2440	20
2441	20
2442	18
2443	21
2444	24
2445	11
2446	16
2447	10
2448	10
2449	16
2450	8
2451	15
2452	16
2453	17
2454	21
2455	16
2456	18
2457	14
2458	14
2459	17
2460	18
2461	11
2462	16
2463	16
2464	17
2465	13
2466	16
2467	13
2468	18
2469	14
2470	19
2471	17
2472	9
2473	9
2474	13
2475	18
2476	14
2477	16
2478	17
2479	18
2480	10
2481	11
2482	16
2483	15
2484	13
2485	9
2486	8
2487	19
2488	16
2489	18
2490	9
2491	13
2492	16
2493	10
2494	10
2495	14
2496	19
2497	9
2498	14
2499	15
2500	9
2501	13
2502	15
2503	14
2504	8
2505	10
2506	18
2507	17
2508	17
2509	15
2510	17
2511	22
2512	11
2513	13
2514	15
2515	14
2516	20
2517	13
2518	15
2519	18
2520	17
2521	19
2522	18
2523	13
2524	17
2525	14
2526	23
2527	12
2528	9
2529	16
2530	17
2531	13
2532	9
2533	16
2534	10
2535	16
2536	12
2537	13
2538	14
2539	15
2540	5
2541	15
2542	8
2543	19
2544	13
2545	11
2546	17
2547	12
2548	16
2549	11
2550	8
2551	10
2552	13
2553	16
2554	17
2555	14
2556	14
2557	12
2558	11
2559	16
2560	9
2561	6
2562	20
2563	20
2564	11
2565	18
2566	15
2567	13
2568	8
2569	7
2570	7
2571	12
2572	15
2573	14
2574	14
2575	13
2576	10
2577	10
2578	13
2579	20
2580	12
2581	17
2582	12
2583	24
2584	14
2585	11
2586	9
2587	12
2588	16
2589	10
2590	8
2591	8
2592	12
2593	13
2594	16
2595	10
2596	10
2597	16
2598	14
2599	16
2600	19
2601	12
2602	16
2603	12
2604	14
2605	13
2606	16
2607	15
2608	15
2609	12
2610	19
2611	8
2612	15
2613	15
2614	14
2615	22
2616	4
2617	13
2618	17
2619	13
2620	15
2621	16
2622	9
2623	11
2624	14
2625	11
2626	16
2627	21
2628	9
2629	6
2630	17
2631	18
2632	14
2633	14
2634	11
2635	12
2636	11
2637	16
2638	15
2639	17
2640	14
2641	6
2642	12
2643	15
2644	11
2645	17
2646	14
2647	16
2648	9
2649	18
2650	15
2651	18
2652	13
2653	17
2654	12
2655	8
2656	13
2657	14
2658	13
2659	17
2660	14
2661	12
2662	16
2663	6
2664	15
2665	17
2666	12
2667	13
2668	17
2669	10
2670	17
2671	11
2672	15
2673	13
2674	15
2675	13
2676	16
2677	21
2678	17
2679	16
2680	21
2681	23
2682	25
2683	15
2684	11
2685	9
2686	10
2687	9
2688	13
2689	9
2690	15
2691	16
2692	10
2693	20
2694	11
2695	17
2696	19
2697	12
2698	14
2699	9
2700	11
2701	14
2702	8
2703	15
2704	18
2705	12
2706	17
2707	7
2708	17
2709	13
2710	14
2711	18
2712	16
2713	11
2714	18
2715	8
2716	10
2717	16
2718	16
2719	12
2720	13
2721	12
2722	21
2723	20
2724	10
2725	12
2726	8
2727	16
2728	11
2729	6
2730	17
2731	11
2732	11
2733	15
2734	11
2735	12
2736	16
2737	11
2738	10
2739	15
2740	12
2741	17
2742	10
2743	15
2744	11
2745	13
2746	12
2747	12
2748	12
2749	10
2750	11
2751	8
2752	16
2753	15
2754	15
2755	13
2756	10
2757	14
2758	16
2759	13
2760	16
2761	9
2762	15
2763	17
2764	8
2765	14
2766	19
2767	11
2768	13
2769	20
2770	14
2771	8
2772	17
2773	14
2774	12
2775	12
2776	16
2777	15
2778	10
2779	9
2780	15
2781	9
2782	17
2783	16
2784	12
2785	13
2786	13
2787	9
2788	12
2789	8
2790	13
2791	19
2792	16
2793	10
2794	17
2795	15
2796	14
2797	17
2798	13
2799	11
2800	13
2801	14
2802	14
2803	14
2804	10
2805	15
2806	12
2807	14
2808	14
2809	8
2810	12
2811	17
2812	13
2813	19
2814	15
2815	14
2816	12
2817	12
2818	17
2819	15
2820	18
2821	14
2822	10
2823	15
2824	11
2825	8
2826	9
2827	11
2828	18
2829	13
2830	12
2831	15
2832	11
2833	14
2834	18
2835	12
2836	12
2837	21
2838	6
2839	15
2840	14
2841	14
2842	11
2843	9
2844	18
2845	16
2846	11
2847	14
2848	8
2849	12
2850	13
2851	14
2852	7
2853	9
2854	13
2855	15
2856	10
2857	13
2858	19
2859	8
2860	15
2861	7
2862	15
2863	17
2864	17
2865	14
2866	9
2867	17
2868	15
2869	8
2870	11
2871	6
2872	10
2873	14
2874	15
2875	20
2876	11
2877	10
2878	17
2879	11
2880	12
2881	11
2882	14
2883	19
2884	4
2885	14
2886	18
2887	12
2888	10
2889	8
2890	11
2891	17
2892	14
2893	17
2894	18
2895	15
2896	13
2897	13
2898	8
2899	11
2900	10
2901	19
2902	13
2903	16
2904	11
2905	15
2906	11
2907	10
2908	17
2909	13
2910	10
2911	18
2912	7
2913	16
2914	12
2915	18
2916	15
2917	14
2918	8
2919	16
2920	14
2921	8
2922	5
2923	13
2924	9
2925	4
2926	17
2927	15
2928	10
2929	11
2930	17
2931	14
2932	3
2933	13
2934	10
2935	10
2936	19
2937	10
2938	16
2939	5
2940	16
2941	11
2942	9
2943	18
2944	12
2945	13
2946	16
2947	12
2948	10
2949	16
2950	6
2951	15
2952	13
2953	12
2954	11
2955	11
2956	12
2957	8
2958	10
2959	10
2960	11
2961	14
2962	15
2963	13
2964	9
2965	15
2966	10
2967	13
2968	10
2969	19
2970	6
2971	13
2972	11
2973	12
2974	10
2975	13
2976	10
2977	8
2978	15
2979	12
2980	6
2981	10
2982	15
2983	14
2984	22
2985	11
2986	15
2987	10
2988	10
2989	13
2990	15
2991	9
2992	12
2993	10
2994	7
2995	11
2996	16
2997	11
2998	10
2999	10
3000	17
3001	11
3002	9
3003	10
3004	10
3005	15
3006	8
3007	13
3008	8
3009	14
3010	15
3011	10
3012	21
3013	15
3014	16
3015	13
3016	10
3017	23
3018	13
3019	10
3020	7
3021	12
3022	19
3023	15
3024	14
3025	14
3026	11
3027	13
3028	21
3029	8
3030	9
3031	12
3032	9
3033	15
3034	12
3035	15
3036	10
3037	17
3038	3
3039	9
3040	9
3041	13
3042	10
3043	15
3044	15
3045	9
3046	15
3047	8
3048	12
3049	7
3050	12
3051	12
3052	15
3053	12
3054	15
3055	13
3056	8
3057	12
3058	13
3059	15
3060	8
3061	16
3062	11
3063	10
3064	11
3065	12
3066	12
3067	14
3068	10
3069	13
3070	10
3071	16
3072	12
3073	11
3074	8
3075	15
3076	11
3077	13
3078	6
3079	8
3080	11
3081	18
3082	11
3083	18
3084	12
3085	15
3086	13
3087	12
3088	15
3089	16
3090	15
3091	12
3092	13
3093	11
3094	15
3095	10
3096	13
3097	5
3098	11
3099	8
3100	12
3101	12
3102	15
3103	13
3104	16
3105	13
3106	16
3107	8
3108	12
3109	12
3110	7
3111	10
3112	15
3113	10
3114	7
3115	19
3116	10
3117	17
3118	10
3119	6
3120	12
3121	8
3122	9
3123	17
3124	7
3125	12
3126	4
3127	12
3128	18
3129	5
3130	10
3131	10
3132	15
3133	11
3134	11
3135	13
3136	11
3137	24
3138	12
3139	10
3140	14
3141	14
3142	12
3143	14
3144	5
3145	19
3146	10
3147	11
3148	15
3149	14
3150	9
3151	17
3152	6
3153	13
3154	16
3155	11
3156	14
3157	7
3158	10
3159	12
3160	6
3161	10
3162	8
3163	10
3164	10
3165	6
3166	7
3167	8
3168	12
3169	9
3170	9
3171	8
3172	8
3173	12
3174	15
3175	9
3176	14
3177	8
3178	8
3179	15
3180	13
3181	15
3182	13
3183	10
3184	12
3185	10
3186	12
3187	12
3188	11
3189	8
3190	11
3191	8
3192	11
3193	13
3194	14
3195	14
3196	14
3197	11
3198	10
3199	15
3200	6
3201	10
3202	9
3203	6
3204	3
3205	7
3206	10
3207	14
3208	15
3209	14
3210	7
3211	5
3212	9
3213	7
3214	7
3215	15
3216	13
3217	8
3218	8
3219	22
3220	9
3221	15
3222	13
3223	10
3224	10
3225	13
3226	13
3227	14
3228	7
3229	8
3230	7
3231	15
3232	8
3233	10
3234	11
3235	14
3236	16
3237	10
3238	12
3239	13
3240	10
3241	11
3242	11
3243	6
3244	5
3245	10
3246	14
3247	15
3248	11
3249	13
3250	10
3251	12
3252	8
3253	12
3254	11
3255	9
3256	9
3257	11
3258	6
3259	13
3260	14
3261	12
3262	16
3263	9
3264	12
3265	15
3266	10
3267	12
3268	10
3269	15
3270	16
3271	15
3272	17
3273	7
3274	12
3275	12
3276	9
3277	18
3278	9
3279	11
3280	6
3281	8
3282	6
3283	12
3284	6
3285	11
3286	8
3287	18
3288	13
3289	12
3290	8
3291	20
3292	13
3293	18
3294	13
3295	13
3296	13
3297	9
3298	10
3299	6
3300	7
3301	19
3302	15
3303	13
3304	10
3305	5
3306	11
3307	5
3308	15
3309	5
3310	10
3311	15
3312	11
3313	10
3314	14
3315	14
3316	9
3317	11
3318	6
3319	7
3320	13
3321	8
3322	8
3323	10
3324	13
3325	14
3326	14
3327	9
3328	9
3329	6
3330	8
3331	8
3332	10
3333	8
3334	10
3335	17
3336	12
3337	11
3338	7
3339	11
3340	9
3341	10
3342	10
3343	12
3344	10
3345	8
3346	10
3347	10
3348	14
3349	16
3350	16
3351	11
3352	13
3353	12
3354	14
3355	12
3356	13
3357	20
3358	17
3359	3
3360	8
3361	8
3362	11
3363	7
3364	10
3365	6
3366	18
3367	8
3368	12
3369	9
3370	10
3371	12
3372	14
3373	18
3374	12
3375	11
3376	9
3377	8
3378	10
3379	14
3380	5
3381	7
3382	10
3383	12
3384	11
3385	11
3386	8
3387	12
3388	7
3389	9
3390	8
3391	7
3392	20
3393	14
3394	14
3395	6
3396	8
3397	9
3398	6
3399	11
3400	14
3401	7
3402	9
3403	11
3404	12
3405	20
3406	13
3407	15
3408	10
3409	10
3410	13
3411	15
3412	6
3413	12
3414	9
3415	5
3416	12
3417	10
3418	10
3419	13
3420	16
3421	15
3422	13
3423	9
3424	13
3425	3
3426	11
3427	11
3428	10
3429	6
3430	4
3431	13
3432	13
3433	7
3434	16
3435	8
3436	14
3437	4
3438	12
3439	6
3440	8
3441	13
3442	10
3443	10
3444	9
3445	12
3446	5
3447	14
3448	14
3449	12
3450	14
3451	10
3452	9
3453	12
3454	14
3455	13
3456	11
3457	12
3458	13
3459	17
3460	11
3461	14
3462	7
3463	7
3464	13
3465	5
3466	7
3467	15
3468	12
3469	13
3470	9
3471	13
3472	6
3473	9
3474	11
3475	15
3476	9
3477	9
3478	12
3479	12
3480	10
3481	10
3482	11
3483	8
3484	9
3485	7
3486	13
3487	8
3488	10
3489	12
3490	15
3491	6
3492	9
3493	9
3494	10
3495	9
3496	4
3497	11
3498	11
3499	11
3500	7
3501	14
3502	12
3503	13
3504	7
3505	14
3506	13
3507	12
3508	3
3509	10
3510	13
3511	17
3512	12
3513	10
3514	14
3515	9
3516	10
3517	6
3518	7
3519	12
3520	14
3521	8
3522	5
3523	13
3524	6
3525	10
3526	10
3527	16
3528	8
3529	10
3530	6
3531	9
3532	5
3533	16
3534	7
3535	6
3536	11
3537	14
3538	12
3539	12
3540	11
3541	11
3542	8
3543	10
3544	14
3545	13
3546	11
3547	11
3548	8
3549	8
3550	19
3551	11
3552	15
3553	16
3554	15
3555	10
3556	7
3557	10
3558	10
3559	10
3560	6
3561	13
3562	10
3563	15
3564	14
3565	7
3566	13
3567	11
3568	9
3569	8
3570	7
3571	12
3572	13
3573	10
3574	12
3575	6
3576	5
3577	9
3578	6
3579	15
3580	12
3581	8
3582	10
3583	8
3584	10
3585	7
3586	7
3587	9
3588	10
3589	12
3590	5
3591	9
3592	11
3593	9
3594	7
3595	9
3596	12
3597	7
3598	16
3599	9
3600	8
3601	14
3602	9
3603	9
3604	12
3605	10
3606	7
3607	11
3608	12
3609	13
3610	12
3611	8
3612	6
3613	10
3614	11
3615	12
3616	11
3617	9
3618	10
3619	19
3620	12
3621	10
3622	20
3623	13
3624	11
3625	13
3626	9
3627	10
3628	14
3629	20
3630	11
3631	9
3632	13
3633	12
3634	14
3635	8
3636	9
3637	9
3638	9
3639	11
3640	6
3641	9
3642	8
3643	4
3644	11
3645	7
3646	8
3647	6
3648	10
3649	16
3650	12
3651	11
3652	7
3653	10
3654	12
3655	12
3656	11
3657	13
3658	12
3659	12
3660	9
3661	10
3662	9
3663	11
3664	11
3665	8
3666	11
3667	10
3668	8
3669	13
3670	7
3671	9
3672	14
3673	15
3674	10
3675	10
3676	13
3677	15
3678	6
3679	12
3680	11
3681	8
3682	10
3683	15
3684	11
3685	6
3686	9
3687	6
3688	14
3689	13
3690	11
3691	12
3692	6
3693	13
3694	7
3695	6
3696	8
3697	7
3698	8
3699	7
3700	13
3701	5
3702	13
3703	8
3704	10
3705	14
3706	12
3707	11
3708	12
3709	11
3710	11
3711	10
3712	9
3713	12
3714	10
3715	5
3716	14
3717	5
3718	9
3719	9
3720	10
3721	10
3722	8
3723	16
3724	9
3725	10
3726	8
3727	8
3728	14
3729	3
3730	12
3731	8
3732	9
3733	11
3734	5
3735	5
3736	9
3737	13
3738	13
3739	14
3740	5
3741	12
3742	11
3743	7
3744	11
3745	10
3746	3
3747	12
3748	8
3749	12
3750	2
3751	13
3752	13
3753	4
3754	8
3755	12
3756	8
3757	5
3758	13
3759	6
3760	15
3761	11
3762	8
3763	11
3764	12
3765	8
3766	12
3767	7
3768	6
3769	7
3770	13
3771	5
3772	12
3773	9
3774	7
3775	10
3776	6
3777	5
3778	12
3779	7
3780	13
3781	8
3782	12
3783	6
3784	9
3785	9
3786	6
3787	12
3788	10
3789	9
3790	5
3791	13
3792	4
3793	9
3794	13
3795	6
3796	9
3797	5
3798	9
3799	10
3800	11
3801	7
3802	10
3803	12
3804	10
3805	11
3806	12
3807	12
3808	7
3809	9
3810	7
3811	6
3812	6
3813	11
3814	4
3815	7
3816	8
3817	7
3818	11
3819	8
3820	9
3821	11
3822	10
3823	8
3824	6
3825	14
3826	13
3827	10
3828	10
3829	12
3830	10
3831	11
3832	11
3833	10
3834	11
3835	8
3836	12
3837	10
3838	9
3839	11
3840	13
3841	15
3842	8
3843	11
3844	11
3845	10
3846	8
3847	9
3848	8
3849	14
3850	9
3851	12
3852	11
3853	10
3854	6
3855	8
3856	10
3857	8
3858	8
3859	12
3860	10
3861	9
3862	4
3863	8
3864	13
3865	7
3866	10
3867	11
3868	14
3869	3
3870	12
3871	8
3872	6
3873	14
3874	9
3875	12
3876	7
3877	13
3878	11
3879	7
3880	10
3881	11
3882	12
3883	11
3884	11
3885	11
3886	11
3887	10
3888	12
3889	8
3890	8
3891	9
3892	12
3893	14
3894	13
3895	11
3896	5
3897	5
3898	7
3899	11
3900	12
3901	9
3902	9
3903	11
3904	12
3905	12
3906	11
3907	10
3908	8
3909	12
3910	7
3911	13
3912	17
3913	13
3914	12
3915	12
3916	8
3917	6
3918	9
3919	11
3920	7
3921	9
3922	6
3923	8
3924	10
3925	10
3926	9
3927	13
3928	6
3929	11
3930	9
3931	9
3932	13
3933	14
3934	6
3935	8
3936	14
3937	5
3938	5
3939	12
3940	11
3941	12
3942	9
3943	11
3944	8
3945	11
3946	14
3947	11
3948	9
3949	10
3950	4
3951	9
3952	8
3953	9
3954	16
3955	10
3956	10
3957	10
3958	10
3959	12
3960	7
3961	13
3962	9
3963	15
3964	9
3965	8
3966	5
3967	11
3968	7
3969	16
3970	5
3971	11
3972	8
3973	6
3974	11
3975	7
3976	10
3977	14
3978	14
3979	7
3980	13
3981	12
3982	8
3983	9
3984	5
3985	7
3986	9
3987	5
3988	10
3989	11
3990	7
3991	7
3992	11
3993	10
3994	7
3995	8
3996	7
3997	7
3998	15
3999	5
4000	10
4001	10
4002	7
4003	5
4004	9
4005	9
4006	5
4007	9
4008	12
4009	13
4010	11
4011	6
4012	7
4013	6
4014	10
4015	8
4016	10
4017	5
4018	11
4019	10
4020	7
4021	15
4022	14
4023	9
4024	12
4025	9
4026	18
4027	8
4028	12
4029	6
4030	9
4031	10
4032	16
4033	8
4034	12
4035	10
4036	20
4037	11
4038	12
4039	17
4040	10
4041	7
4042	11
4043	6
4044	6
4045	15
4046	9
4047	3
4048	9
4049	8
4050	5
4051	6
4052	10
4053	13
4054	17
4055	9
4056	9
4057	13
4058	6
4059	9
4060	9
4061	14
4062	10
4063	5
4064	11
4065	10
4066	4
4067	13
4068	5
4069	6
4070	10
4071	7
4072	13
4073	5
4074	12
4075	13
4076	8
4077	10
4078	7
4079	9
4080	14
4081	9
4082	8
4083	9
4084	3
4085	7
4086	7
4087	9
4088	9
4089	12
4090	9
4091	7
4092	12
4093	11
4094	9
4095	6
4096	15
4097	7
4098	10
4099	7
4100	8
4101	8
4102	9
4103	11
4104	5
4105	15
4106	14
4107	12
4108	8
4109	7
4110	11
4111	8
4112	7
4113	12
4114	7
4115	11
4116	8
4117	9
4118	9
4119	6
4120	9
4121	9
4122	13
4123	9
4124	11
4125	15
4126	9
4127	13
4128	7
4129	12
4130	9
4131	9
4132	7
4133	3
4134	12
4135	11
4136	6
4137	5
4138	12
4139	8
4140	8
4141	5
4142	9
4143	14
4144	7
4145	14
4146	4
4147	9
4148	7
4149	8
4150	9
4151	18
4152	7
4153	5
4154	6
4155	7
4156	9
4157	8
4158	2
4159	11
4160	6
4161	9
4162	11
4163	12
4164	7
4165	13
4166	10
4167	12
4168	8
4169	11
4170	10
4171	9
4172	13
4173	4
4174	6
4175	6
4176	10
4177	6
4178	7
4179	9
4180	4
4181	6
4182	8
4183	6
4184	11
4185	8
4186	9
4187	14
4188	10
4189	8
4190	4
4191	12
4192	9
4193	5
4194	7
4195	10
4196	5
4197	7
4198	6
4199	9
4200	5
4201	6
4202	6
4203	6
4204	8
4205	7
4206	2
4207	9
4208	8
4209	6
4210	18
4211	6
4212	13
4213	9
4214	9
4215	7
4216	5
4217	7
4218	11
4219	7
4220	10
4221	9
4222	7
4223	3
4224	4
4225	7
4226	8
4227	4
4228	9
4229	10
4230	6
4231	8
4232	10
4233	17
4234	9
4235	5
4236	9
4237	4
4238	11
4239	5
4240	7
4241	3
4242	9
4243	8
4244	7
4245	4
4246	7
4247	7
4248	6
4249	8
4250	9
4251	10
4252	9
4253	7
4254	7
4255	9
4256	10
4257	9
4258	9
4259	8
4260	9
4261	4
4262	7
4263	10
4264	5
4265	6
4266	6
4267	6
4268	8
4269	5
4270	7
4271	3
4272	11
4273	9
4274	8
4275	7
4276	7
4277	8
4278	7
4279	7
4280	9
4281	3
4282	9
4283	4
4284	6
4285	7
4286	2
4287	7
4288	5
4289	10
4290	9
4291	5
4292	6
4293	5
4294	8
4295	6
4296	7
4297	11
4298	7
4299	7
4300	9
4301	9
4302	7
4303	6
4304	4
4305	4
4306	10
4307	4
4308	3
4309	9
4310	6
4311	4
4312	12
4313	7
4314	12
4315	8
4316	9
4317	3
4318	11
4319	9
4320	5
4321	5
4322	9
4323	10
4324	5
4325	10
4326	6
4327	12
4328	8
4329	9
4330	9
4331	10
4332	6
4333	10
4334	8
4335	7
4336	3
4337	7
4338	5
4339	7
4340	6
4341	6
4342	3
4343	5
4344	10
4345	3
4346	4
4347	5
4348	4
4349	6
4350	6
4351	10
4352	3
4353	7
4354	4
4355	5
4356	7
4357	8
4358	7
4359	10
4360	7
4361	4
4362	7
4363	7
4364	8
4365	5
4366	6
4367	3
4368	5
4369	7
4370	8
4371	2
4372	9
4373	8
4374	2
4375	5
4376	9
4377	9
4378	6
4379	13
4380	4
4381	4
4382	7
4383	5
4384	4
4385	5
4386	8
4387	8
4388	2
4389	7
4390	6
4391	4
4392	5
4393	12
4394	4
4395	7
4396	7
4397	3
4398	9
4399	5
4400	5
4401	3
4402	7
4403	12
4404	7
4405	4
4406	1
4407	3
4408	7
4409	5
4410	6
4411	3
4412	8
4413	8
4414	9
4415	4
4416	9
4417	7
4418	6
4419	6
4420	5
4421	7
4422	2
4423	5
4424	8
4425	8
4426	4
4427	4
4428	9
4429	9
4430	9
4431	4
4432	6
4433	6
4434	4
4435	2
4436	12
4437	3
4438	6
4439	4
4440	6
4441	4
4442	3
4443	3
4444	13
4445	4
4446	4
4447	7
4448	6
4449	3
4450	4
4451	4
4452	8
4453	5
4454	6
4455	7
4456	3
4457	3
4458	3
4459	1
4460	4
4461	2
4462	2
4463	7
4464	4
4465	6
4466	6
4467	3
4468	3
4469	6
4470	6
4471	8
4472	5
4473	2
4474	2
4475	6
4476	6
4477	5
4478	5
4479	5
4480	9
4481	3
4482	4
4483	10
4484	8
4485	8
4486	7
4487	1
4488	3
4489	3
4490	11
4491	5
4492	4
4493	2
4494	9
4495	5
4496	4
4497	6
4498	6
4499	6
4500	5
4501	9
4502	6
4503	7
4504	4
4505	6
4506	4
4507	2
4508	3
4509	3
4510	8
4511	2
4512	2
4513	2
4514	4
4515	4
4516	8
4517	4
4518	3
4519	3
4520	8
4521	4
4522	7
4523	4
4524	4
4525	7
4526	5
4527	6
4528	10
4529	6
4530	7
4531	9
4532	4
4533	1
4534	6
4535	3
4536	4
4537	8
4538	9
4539	3
4540	9
4541	5
4542	8
4543	3
4544	3
4545	5
4546	4
4547	8
4548	5
4549	7
4550	6
4551	4
4552	4
4553	4
4554	6
4555	5
4556	7
4557	4
4558	6
4559	3
4560	3
4561	4
4562	4
4563	6
4564	0
4565	8
4566	1
4567	6
4568	4
4569	8
4570	7
4571	5
4572	2
4573	7
4574	6
4575	2
4576	4
4577	5
4578	5
4579	6
4580	4
4581	6
4582	7
4583	7
4584	2
4585	5
4586	8
4587	5
4588	3
4589	4
4590	5
4591	6
4592	5
4593	3
4594	6
4595	7
4596	4
4597	7
4598	2
4599	4
4600	7
4601	3
4602	4
4603	7
4604	6
4605	6
4606	8
4607	2
4608	10
4609	2
4610	5
4611	7
4612	3
4613	3
4614	4
4615	4
4616	2
4617	3
4618	3
4619	12
4620	7
4621	7
4622	2
4623	3
4624	3
4625	6
4626	5
4627	3
4628	7
4629	6
4630	5
4631	6
4632	6
4633	2
4634	5
4635	7
4636	7
4637	2
4638	4
4639	4
4640	5
4641	5
4642	1
4643	5
4644	5
4645	3
4646	4
4647	0
4648	1
4649	5
4650	4
4651	2
4652	6
4653	5
4654	1
4655	3
4656	4
4657	4
4658	1
4659	6
4660	1
4661	4
4662	1
4663	3
4664	4
4665	1
4666	6
4667	3
4668	2
4669	4
4670	6
4671	9
4672	5
4673	6
4674	9
4675	6
4676	3
4677	3
4678	4
4679	9
4680	5
4681	1
4682	5
4683	7
4684	2
4685	0
4686	4
4687	4
4688	7
4689	10
4690	1
4691	3
4692	2
4693	1
4694	3
4695	5
4696	7
4697	5
4698	2
4699	9
4700	6
4701	6
4702	2
4703	4
4704	3
4705	5
4706	3
4707	5
4708	3
4709	3
4710	9
4711	6
4712	6
4713	4
4714	7
4715	4
4716	4
4717	6
4718	7
4719	3
4720	4
4721	6
4722	5
4723	2
4724	3
4725	5
4726	4
4727	2
4728	2
4729	5
4730	2
4731	6
4732	3
4733	6
4734	4
4735	3
4736	9
4737	5
4738	4
4739	6
4740	5
4741	7
4742	8
4743	4
4744	5
4745	2
4746	2
4747	6
4748	6
4749	5
4750	5
4751	10
4752	4
4753	5
4754	3
4755	3
4756	5
4757	3
4758	5
4759	4
4760	5
4761	5
4762	3
4763	4
4764	4
4765	5
4766	3
4767	6
4768	2
4769	6
4770	4
4771	1
4772	3
4773	5
4774	2
4775	5
4776	6
4777	1
4778	0
4779	5
4780	2
4781	7
4782	4
4783	1
4784	0
4785	6
4786	4
4787	4
4788	4
4789	2
4790	2
4791	5
4792	3
4793	3
4794	7
4795	3
4796	3
4797	7
4798	3
4799	5
4800	2
4801	3
4802	8
4803	4
4804	8
4805	3
4806	10
4807	3
4808	2
4809	3
4810	2
4811	4
4812	3
4813	1
4814	2
4815	7
4816	2
4817	5
4818	3
4819	2
4820	6
4821	9
4822	3
4823	2
4824	4
4825	6
4826	1
4827	4
4828	3
4829	3
4830	0
4831	6
4832	7
4833	4
4834	8
4835	3
4836	1
4837	4
4838	5
4839	4
4840	4
4841	4
4842	5
4843	5
4844	2
4845	3
4846	3
4847	5
4848	6
4849	4
4850	7
4851	5
4852	6
4853	1
4854	4
4855	5
4856	4
4857	3
4858	5
4859	2
4860	4
4861	4
4862	1
4863	2
4864	3
4865	4
4866	2
4867	4
4868	4
4869	6
4870	6
4871	2
4872	2
4873	5
4874	10
4875	1
4876	4
4877	2
4878	6
4879	6
4880	6
4881	4
4882	6
4883	7
4884	3
4885	0
4886	2
4887	2
4888	4
4889	6
4890	3
4891	4
4892	1
4893	4
4894	4
4895	5
4896	5
4897	2
4898	7
4899	6
4900	3
4901	2
4902	4
4903	5
4904	6
4905	1
4906	4
4907	2
4908	3
4909	5
4910	2
4911	7
4912	3
4913	7
4914	5
4915	4
4916	4
4917	6
4918	4
4919	4
4920	5
4921	8
4922	7
4923	1
4924	5
4925	8
4926	4
4927	5
4928	4
4929	2
4930	6
4931	2
4932	6
4933	3
4934	3
4935	5
4936	2
4937	3
4938	2
4939	3
4940	5
4941	5
4942	2
4943	2
4944	4
4945	4
4946	4
4947	4
4948	3
4949	3
4950	3
4951	2
4952	1
4953	3
4954	5
4955	3
4956	6
4957	4
4958	4
4959	9
4960	2
4961	5
4962	5
4963	6
4964	3
4965	1
4966	1
4967	4
4968	3
4969	7
4970	5
4971	4
4972	2
4973	5
4974	1
4975	1
4976	2
4977	3
4978	4
4979	6
4980	2
4981	1
4982	3
4983	7
4984	3
4985	6
4986	0
4987	3
4988	3
4989	4
4990	2
4991	8
4992	4
4993	9
4994	7
4995	3
4996	6
4997	3
4998	4
4999	5
5000	2
5001	2
5002	6
5003	5
5004	5
5005	2
5006	1
5007	4
5008	6
5009	1
5010	3
5011	4
5012	5
5013	6
5014	1
5015	8
5016	3
5017	4
5018	4
5019	4
5020	3
5021	5
5022	5
5023	7
5024	4
5025	4
5026	5
5027	1
5028	5
5029	5
5030	6
5031	3
5032	1
5033	3
5034	4
5035	5
5036	1
5037	2
5038	2
5039	4
5040	1
5041	7
5042	3
5043	0
5044	3
5045	1
5046	4
5047	4
5048	6
5049	10
5050	6
5051	7
5052	1
5053	3
5054	5
5055	4
5056	2
5057	4
5058	3
5059	4
5060	5
5061	3
5062	4
5063	0
5064	2
5065	2
5066	6
5067	5
5068	8
5069	4
5070	3
5071	4
5072	5
5073	3
5074	10
5075	3
5076	2
5077	1
5078	8
5079	1
5080	5
5081	8
5082	6
5083	2
5084	2
5085	3
5086	6
5087	2
5088	3
5089	4
5090	1
5091	2
5092	5
5093	6
5094	5
5095	8
5096	0
5097	3
5098	5
5099	3
5100	3
5101	1
5102	5
5103	3
5104	3
5105	3
5106	5
5107	2
5108	8
5109	3
5110	2
5111	6
5112	2
5113	3
5114	4
5115	6
5116	7
5117	3
5118	7
5119	4
5120	5
5121	4
5122	4
5123	2
5124	4
5125	3
5126	0
5127	1
5128	5
5129	3
5130	3
5131	2
5132	4
5133	1
5134	1
5135	4
5136	3
5137	4
5138	2
5139	5
5140	9
5141	4
5142	7
5143	5
5144	5
5145	1
5146	2
5147	3
5148	4
5149	3
5150	4
5151	7
5152	1
5153	2
5154	4
5155	3
5156	1
5157	2
5158	3
5159	6
5160	1
5161	1
5162	5
5163	6
5164	4
5165	5
5166	4
5167	1
5168	1
5169	6
5170	7
5171	3
5172	2
5173	5
5174	6
5175	4
5176	6
5177	3
5178	6
5179	2
5180	3
5181	5
5182	3
5183	5
5184	3
5185	4
5186	2
5187	5
5188	6
5189	4
5190	2
5191	4
5192	2
5193	1
5194	2
5195	2
5196	2
5197	2
5198	4
5199	4
5200	3
5201	4
5202	6
5203	1
5204	5
5205	3
5206	2
5207	4
5208	9
5209	4
5210	3
5211	7
5212	0
5213	2
5214	4
5215	2
5216	3
5217	4
5218	2
5219	3
5220	1
5221	3
5222	2
5223	3
5224	4
5225	2
5226	3
5227	3
5228	7
5229	4
5230	6
5231	3
5232	5
5233	8
5234	3
5235	4
5236	1
5237	3
5238	3
5239	2
5240	3
5241	1
5242	1
5243	6
5244	2
5245	2
5246	7
5247	4
5248	5
5249	4
5250	0
5251	3
5252	4
5253	6
5254	7
5255	4
5256	1
5257	2
5258	1
5259	7
5260	4
5261	2
5262	3
5263	3
5264	4
5265	6
5266	1
5267	5
5268	4
5269	2
5270	4
5271	1
5272	3
5273	5
5274	4
5275	4
5276	3
5277	6
5278	2
5279	5
5280	6
5281	6
5282	3
5283	4
5284	8
5285	2
5286	6
5287	6
5288	3
5289	1
5290	0
5291	4
5292	2
5293	2
5294	4
5295	4
5296	3
5297	2
5298	2
5299	6
5300	2
5301	5
5302	4
5303	2
5304	3
5305	5
5306	5
5307	2
5308	2
5309	3
5310	3
5311	2
5312	5
5313	2
5314	3
5315	3
5316	9
5317	5
5318	4
5319	7
5320	7
5321	4
5322	2
5323	5
5324	6
5325	2
5326	1
5327	6
5328	1
5329	4
5330	6
5331	3
5332	5
5333	5
5334	4
5335	3
5336	3
5337	3
5338	4
5339	2
5340	4
5341	4
5342	5
5343	4
5344	2
5345	5
5346	6
5347	3
5348	5
5349	6
5350	4
5351	1
5352	3
5353	1
5354	5
5355	4
5356	4
5357	6
5358	4
5359	2
5360	3
5361	4
5362	3
5363	5
5364	3
5365	2
5366	5
5367	3
5368	4
5369	6
5370	2
5371	6
5372	2
5373	3
5374	5
5375	6
5376	5
5377	1
5378	4
5379	6
5380	2
5381	2
5382	2
5383	3
5384	1
5385	2
5386	4
5387	1
5388	6
5389	4
5390	5
5391	5
5392	5
5393	2
5394	5
5395	4
5396	8
5397	3
5398	1
5399	3
5400	1
5401	2
5402	3
5403	4
5404	4
5405	3
5406	3
5407	6
5408	3
5409	6
5410	1
5411	4
5412	2
5413	6
5414	5
5415	2
5416	4
5417	5
5418	3
5419	5
5420	8
5421	5
5422	3
5423	4
5424	0
5425	7
5426	3
5427	3
5428	4
5429	5
5430	4
5431	2
5432	2
5433	3
5434	2
5435	2
5436	4
5437	3
5438	7
5439	5
5440	5
5441	3
5442	4
5443	4
5444	6
5445	0
5446	4
5447	3
5448	5
5449	4
5450	2
5451	2
5452	6
5453	2
5454	3
5455	3
5456	2
5457	1
5458	4
5459	2
5460	3
5461	3
5462	2
5463	1
5464	2
5465	3
5466	5
5467	2
5468	4
5469	2
5470	3
5471	2
5472	9
5473	1
5474	4
5475	6
5476	3
5477	4
5478	4
5479	5
5480	4
5481	3
5482	3
5483	5
5484	2
5485	6
5486	8
5487	4
5488	3
5489	1
5490	1
5491	4
5492	4
5493	2
5494	2
5495	5
5496	3
5497	3
5498	5
5499	5
5500	2
5501	1
5502	4
5503	4
5504	5
5505	1
5506	2
5507	4
5508	1
5509	7
5510	3
5511	3
5512	2
5513	6
5514	7
5515	3
5516	3
5517	3
5518	2
5519	8
5520	5
5521	4
5522	2
5523	5
5524	2
5525	6
5526	3
5527	4
5528	1
5529	7
5530	6
5531	6
5532	2
5533	5
5534	2
5535	4
5536	6
5537	4
5538	4
5539	3
5540	1
5541	3
5542	4
5543	3
5544	4
5545	3
5546	5
5547	5
5548	2
5549	2
5550	5
5551	1
5552	1
5553	3
5554	4
5555	3
5556	3
5557	5
5558	5
5559	3
5560	3
5561	2
5562	7
5563	3
5564	4
5565	5
5566	4
5567	6
5568	4
5569	2
5570	2
5571	7
5572	0
5573	1
5574	5
5575	2
5576	3
5577	4
5578	6
5579	3
5580	5
5581	4
5582	3
5583	4
5584	2
5585	4
5586	3
5587	2
5588	2
5589	6
5590	1
5591	2
5592	4
5593	3
5594	0
5595	4
5596	1
5597	3
5598	3
5599	4
5600	4
5601	2
5602	5
5603	6
5604	1
5605	3
5606	2
5607	0
5608	1
5609	6
5610	2
5611	1
5612	4
5613	1
5614	6
5615	3
5616	3
5617	3
5618	2
5619	0
5620	6
5621	4
5622	2
5623	2
5624	6
5625	2
5626	1
5627	5
5628	3
5629	6
5630	0
5631	2
5632	3
5633	3
5634	2
5635	1
5636	7
5637	2
5638	2
5639	4
5640	7
5641	5
5642	3
5643	4
5644	3
5645	1
5646	0
5647	3
5648	1
5649	4
5650	4
5651	4
5652	3
5653	1
5654	5
5655	3
5656	1
5657	5
5658	3
5659	2
5660	4
5661	2
5662	6
5663	3
5664	2
5665	8
5666	0
5667	9
5668	6
5669	1
5670	2
5671	2
5672	3
5673	2
5674	6
5675	3
5676	1
5677	4
5678	1
5679	4
5680	6
5681	4
5682	3
5683	2
5684	3
5685	2
5686	3
5687	5
5688	1
5689	3
5690	5
5691	2
5692	1
5693	2
5694	4
5695	2
5696	3
5697	3
5698	6
5699	3
5700	6
5701	4
5702	3
5703	4
5704	4
5705	4
5706	1
5707	1
5708	0
5709	11
5710	2
5711	5
5712	5
5713	3
5714	2
5715	4
5716	3
5717	2
5718	0
5719	4
5720	3
5721	2
5722	3
5723	3
5724	3
5725	5
5726	3
5727	5
5728	7
5729	7
5730	2
5731	1
5732	4
5733	6
5734	1
5735	5
5736	1
5737	4
5738	2
5739	1
5740	3
5741	5
5742	4
5743	3
5744	1
5745	2
5746	2
5747	2
5748	3
5749	1
5750	4
5751	2
5752	3
5753	4
5754	2
5755	3
5756	1
5757	2
5758	4
5759	4
5760	2
5761	3
5762	4
5763	3
5764	3
5765	5
5766	4
5767	4
5768	3
5769	2
5770	5
5771	4
5772	5
5773	3
5774	2
5775	2
5776	5
5777	2
5778	4
5779	5
5780	2
5781	3
5782	5
5783	2
5784	3
5785	2
5786	3
5787	5
5788	4
5789	3
5790	2
5791	2
5792	2
5793	6
5794	1
5795	3
5796	2
5797	3
5798	5
5799	2
5800	4
5801	5
5802	5
5803	3
5804	2
5805	3
5806	1
5807	2
5808	4
5809	6
5810	5
5811	1
5812	3
5813	4
5814	4
5815	3
5816	3
5817	4
5818	3
5819	5
5820	3
5821	7
5822	3
5823	7
5824	4
5825	4
5826	3
5827	1
5828	3
5829	5
5830	3
5831	4
5832	4
5833	4
5834	10
5835	3
5836	2
5837	6
5838	6
5839	3
5840	4
5841	3
5842	2
5843	4
5844	2
5845	2
5846	3
5847	2
5848	2
5849	1
5850	4
5851	2
5852	5
5853	0
5854	6
5855	7
5856	2
5857	4
5858	4
5859	7
5860	5
5861	6
5862	2
5863	4
5864	6
5865	2
5866	3
5867	1
5868	4
5869	2
5870	3
5871	7
5872	4
5873	4
5874	6
5875	1
5876	1
5877	5
5878	5
5879	4
5880	3
5881	2
5882	6
5883	1
5884	1
5885	3
5886	3
5887	6
5888	4
5889	3
5890	2
5891	4
5892	5
5893	2
5894	1
5895	7
5896	5
5897	5
5898	6
5899	4
5900	4
5901	3
5902	1
5903	3
5904	6
5905	1
5906	6
5907	3
5908	2
5909	6
5910	2
5911	3
5912	1
5913	1
5914	4
5915	3
5916	4
5917	5
5918	1
5919	5
5920	5
5921	5
5922	2
5923	5
5924	5
5925	7
5926	3
5927	1
5928	4
5929	4
5930	5
5931	3
5932	3
5933	9
5934	3
5935	3
5936	2
5937	3
5938	6
5939	3
5940	1
5941	5
5942	5
5943	3
5944	2
5945	4
5946	3
5947	3
5948	3
5949	2
5950	2
5951	1
5952	6
5953	3
5954	5
5955	3
5956	6
5957	6
5958	6
5959	4
5960	7
5961	6
5962	2
5963	5
5964	4
5965	4
5966	1
5967	4
5968	0
5969	4
5970	0
5971	2
5972	7
5973	3
5974	3
5975	5
5976	9
5977	3
5978	2
5979	4
5980	3
5981	6
5982	3
5983	4
5984	6
5985	1
5986	4
5987	2
5988	5
5989	1
5990	3
5991	2
5992	1
5993	2
5994	5
5995	1
5996	2
5997	2
5998	3
5999	3
6000	1
6001	4
6002	3
6003	6
6004	3
6005	5
6006	2
6007	2
6008	4
6009	7
6010	3
6011	2
6012	6
6013	2
6014	3
6015	2
6016	1
6017	5
6018	4
6019	6
6020	4
6021	2
6022	9
6023	5
6024	4
6025	7
6026	3
6027	3
6028	2
6029	5
6030	5
6031	5
6032	4
6033	5
6034	2
6035	6
6036	3
6037	3
6038	5
6039	8
6040	5
6041	6
6042	8
6043	3
6044	4
6045	4
6046	10
6047	7
6048	5
6049	2
6050	2
6051	7
6052	1
6053	11
6054	4
6055	3
6056	1
6057	5
6058	5
6059	3
6060	4
6061	4
6062	5
6063	4
6064	4
6065	8
6066	7
6067	5
6068	4
6069	6
6070	4
6071	6
6072	4
6073	5
6074	6
6075	3
6076	8
6077	0
6078	4
6079	3
6080	5
6081	4
6082	7
6083	10
6084	7
6085	4
6086	5
6087	8
6088	3
6089	3
6090	4
6091	2
6092	1
6093	5
6094	4
6095	6
6096	8
6097	8
6098	8
6099	6
6100	6
6101	3
6102	5
6103	6
6104	6
6105	6
6106	4
6107	3
6108	13
6109	4
6110	7
6111	4
6112	5
6113	5
6114	6
6115	5
6116	4
6117	6
6118	5
6119	4
6120	7
6121	4
6122	5
6123	5
6124	5
6125	8
6126	10
6127	10
6128	8
6129	4
6130	5
6131	9
6132	10
6133	6
6134	6
6135	7
6136	4
6137	11
6138	7
6139	7
6140	9
6141	6
6142	5
6143	6
6144	5
6145	9
6146	13
6147	8
6148	4
6149	5
6150	7
6151	11
6152	1
6153	7
6154	9
6155	4
6156	9
6157	7
6158	6
6159	5
6160	10
6161	6
6162	7
6163	6
6164	8
6165	6
6166	10
6167	9
6168	6
6169	8
6170	9
6171	8
6172	6
6173	14
6174	4
6175	13
6176	7
6177	8
6178	5
6179	10
6180	7
6181	3
6182	13
6183	9
6184	9
6185	9
6186	13
6187	9
6188	14
6189	8
6190	11
6191	7
6192	12
6193	10
6194	7
6195	12
6196	13
6197	11
6198	9
6199	10
6200	11
6201	7
6202	6
6203	14
6204	7
6205	9
6206	10
6207	5
6208	8
6209	11
6210	9
6211	14
6212	15
6213	15
6214	7
6215	8
6216	16
6217	9
6218	6
6219	12
6220	12
6221	5
6222	6
6223	12
6224	12
6225	11
6226	16
6227	12
6228	14
6229	7
6230	8
6231	9
6232	6
6233	15
6234	16
6235	7
6236	12
6237	14
6238	11
6239	11
6240	15
6241	13
6242	14
6243	15
6244	13
6245	14
6246	18
6247	14
6248	15
6249	7
6250	11
6251	11
6252	11
6253	10
6254	9
6255	20
6256	8
6257	16
6258	8
6259	16
6260	22
6261	12
6262	18
6263	17
6264	12
6265	17
6266	15
6267	7
6268	12
6269	14
6270	16
6271	18
6272	14
6273	15
6274	18
6275	17
6276	16
6277	14
6278	17
6279	15
6280	18
6281	10
6282	19
6283	24
6284	16
6285	17
6286	18
6287	11
6288	23
6289	11
6290	18
6291	21
6292	21
6293	15
6294	25
6295	16
6296	18
6297	17
6298	22
6299	18
6300	25
6301	18
6302	27
6303	17
6304	15
6305	15
6306	17
6307	20
6308	16
6309	23
6310	20
6311	21
6312	18
6313	15
6314	17
6315	18
6316	15
6317	18
6318	23
6319	18
6320	14
6321	21
6322	37
6323	10
6324	22
6325	25
6326	14
6327	31
6328	16
6329	13
6330	24
6331	20
6332	21
6333	16
6334	21
6335	18
6336	24
6337	17
6338	33
6339	22
6340	30
6341	23
6342	27
6343	19
6344	30
6345	24
6346	24
6347	26
6348	25
6349	26
6350	24
6351	26
6352	22
6353	27
6354	35
6355	22
6356	33
6357	31
6358	25
6359	22
6360	17
6361	24
6362	26
6363	30
6364	33
6365	21
6366	30
6367	27
6368	27
6369	20
6370	30
6371	17
6372	22
6373	21
6374	28
6375	22
6376	27
6377	27
6378	25
6379	32
6380	29
6381	30
6382	27
6383	30
6384	28
6385	29
6386	27
6387	33
6388	29
6389	33
6390	35
6391	30
6392	25
6393	31
6394	29
6395	26
6396	21
6397	27
6398	35
6399	33
6400	30
6401	22
6402	30
6403	39
6404	36
6405	28
6406	49
6407	41
6408	34
6409	38
6410	29
6411	21
6412	24
6413	29
6414	32
6415	43
6416	26
6417	28
6418	41
6419	35
6420	18
6421	25
6422	27
6423	33
6424	47
6425	45
6426	32
6427	34
6428	32
6429	44
6430	34
6431	38
6432	37
6433	32
6434	32
6435	36
6436	40
6437	34
6438	42
6439	37
6440	43
6441	32
6442	37
6443	36
6444	44
6445	42
6446	38
6447	40
6448	37
6449	34
6450	49
6451	32
6452	43
6453	31
6454	48
6455	29
6456	42
6457	43
6458	44
6459	38
6460	34
6461	45
6462	57
6463	46
6464	41
6465	43
6466	49
6467	50
6468	35
6469	44
6470	38
6471	37
6472	40
6473	38
6474	32
6475	47
6476	50
6477	52
6478	57
6479	52
6480	33
6481	49
6482	42
6483	39
6484	55
6485	51
6486	43
6487	36
6488	37
6489	48
6490	43
6491	48
6492	35
6493	51
6494	44
6495	42
6496	47
6497	43
6498	59
6499	51
6500	54
6501	47
6502	45
6503	37
6504	45
6505	47
6506	48
6507	46
6508	44
6509	36
6510	65
6511	36
6512	50
6513	50
6514	48
6515	46
6516	44
6517	44
6518	66
6519	42
6520	48
6521	60
6522	50
6523	33
6524	47
6525	61
6526	54
6527	56
6528	56
6529	47
6530	35
6531	48
6532	53
6533	58
6534	48
6535	63
6536	55
6537	47
6538	46
6539	53
6540	45
6541	49
6542	46
6543	52
6544	40
6545	67
6546	46
6547	70
6548	50
6549	56
6550	52
6551	56
6552	48
6553	54
6554	53
6555	50
6556	62
6557	47
6558	46
6559	48
6560	62
6561	70
6562	50
6563	53
6564	60
6565	64
6566	62
6567	59
6568	46
6569	64
6570	57
6571	63
6572	43
6573	60
6574	63
6575	54
6576	55
6577	49
6578	86
6579	74
6580	79
6581	61
6582	51
6583	75
6584	57
6585	71
6586	59
6587	55
6588	53
6589	70
6590	58
6591	68
6592	63
6593	50
6594	48
6595	72
6596	53
6597	56
6598	62
6599	52
6600	51
6601	65
6602	64
6603	58
6604	52
6605	57
6606	75
6607	56
6608	63
6609	63
6610	63
6611	61
6612	56
6613	72
6614	54
6615	56
6616	53
6617	73
6618	65
6619	53
6620	60
6621	77
6622	63
6623	57
6624	68
6625	76
6626	60
6627	48
6628	63
6629	49
6630	75
6631	72
6632	62
6633	57
6634	46
6635	59
6636	56
6637	54
6638	70
6639	60
6640	59
6641	66
6642	65
6643	71
6644	72
6645	82
6646	52
6647	52
6648	71
6649	49
6650	54
6651	72
6652	71
6653	54
6654	70
6655	56
6656	62
6657	67
6658	59
6659	67
6660	47
6661	67
6662	68
6663	55
6664	69
6665	61
6666	65
6667	68
6668	41
6669	62
6670	82
6671	69
6672	63
6673	57
6674	68
6675	62
6676	64
6677	68
6678	79
6679	65
6680	60
6681	57
6682	82
6683	69
6684	66
6685	56
6686	57
6687	61
6688	79
6689	75
6690	61
6691	58
6692	53
6693	73
6694	57
6695	55
6696	70
6697	65
6698	72
6699	66
6700	61
6701	64
6702	57
6703	88
6704	57
6705	68
6706	52
6707	57
6708	65
6709	75
6710	62
6711	64
6712	54
6713	58
6714	76
6715	60
6716	65
6717	68
6718	60
6719	58
6720	72
6721	73
6722	63
6723	77
6724	66
6725	60
6726	60
6727	71
6728	56
6729	73
6730	69
6731	69
6732	49
6733	72
6734	71
6735	55
6736	75
6737	66
6738	61
6739	62
6740	64
6741	62
6742	57
6743	59
6744	65
6745	44
6746	64
6747	54
6748	59
6749	57
6750	41
6751	50
6752	71
6753	78
6754	65
6755	75
6756	64
6757	56
6758	79
6759	57
6760	60
6761	55
6762	58
6763	56
6764	65
6765	52
6766	59
6767	59
6768	58
6769	59
6770	51
6771	72
6772	69
6773	75
6774	58
6775	61
6776	59
6777	65
6778	64
6779	52
6780	59
6781	48
6782	48
6783	63
6784	56
6785	73
6786	66
6787	44
6788	62
6789	44
6790	59
6791	68
6792	62
6793	58
6794	35
6795	62
6796	44
6797	69
6798	48
6799	55
6800	58
6801	49
6802	53
6803	49
6804	58
6805	60
6806	51
6807	54
6808	50
6809	51
6810	57
6811	51
6812	53
6813	51
6814	57
6815	53
6816	55
6817	56
6818	55
6819	49
6820	49
6821	68
6822	53
6823	49
6824	43
6825	51
6826	65
6827	55
6828	58
6829	63
6830	45
6831	56
6832	52
6833	44
6834	43
6835	55
6836	58
6837	41
6838	49
6839	50
6840	61
6841	45
6842	45
6843	48
6844	53
6845	47
6846	47
6847	43
6848	52
6849	73
6850	67
6851	47
6852	51
6853	58
6854	40
6855	39
6856	49
6857	32
6858	47
6859	42
6860	48
6861	51
6862	46
6863	43
6864	54
6865	48
6866	37
6867	43
6868	46
6869	65
6870	42
6871	55
6872	39
6873	49
6874	44
6875	33
6876	37
6877	48
6878	50
6879	51
6880	39
6881	53
6882	37
6883	42
6884	44
6885	44
6886	47
6887	53
6888	31
6889	46
6890	49
6891	38
6892	35
6893	43
6894	49
6895	38
6896	48
6897	45
6898	43
6899	34
6900	42
6901	37
6902	30
6903	41
6904	38
6905	39
6906	44
6907	37
6908	34
6909	40
6910	39
6911	41
6912	35
6913	35
6914	40
6915	43
6916	34
6917	42
6918	37
6919	41
6920	38
6921	44
6922	27
6923	42
6924	32
6925	37
6926	43
6927	37
6928	28
6929	33
6930	45
6931	42
6932	33
6933	32
6934	33
6935	34
6936	29
6937	25
6938	35
6939	27
6940	40
6941	33
6942	28
6943	37
6944	30
6945	35
6946	35
6947	39
6948	32
6949	42
6950	40
6951	33
6952	37
6953	31
6954	26
6955	30
6956	33
6957	34
6958	42
6959	23
6960	37
6961	30
6962	27
6963	29
6964	32
6965	28
6966	32
6967	28
6968	19
6969	38
6970	24
6971	26
6972	27
6973	28
6974	34
6975	32
6976	28
6977	30
6978	25
6979	27
6980	29
6981	29
6982	30
6983	28
6984	25
6985	31
6986	26
6987	22
6988	15
6989	29
6990	24
6991	24
6992	30
6993	25
6994	31
6995	21
6996	25
6997	28
6998	26
6999	16
7000	15
7001	23
7002	24
7003	12
7004	26
7005	29
7006	22
7007	27
7008	25
7009	19
7010	15
7011	23
7012	12
7013	20
7014	17
7015	24
7016	20
7017	14
7018	19
7019	24
7020	25
7021	30
7022	20
7023	13
7024	23
7025	22
7026	24
7027	24
7028	28
7029	21
7030	20
7031	21
7032	21
7033	17
7034	29
7035	29
7036	21
7037	21
7038	18
7039	28
7040	16
7041	17
7042	13
7043	20
7044	24
7045	24
7046	13
7047	14
7048	14
7049	13
7050	17
7051	23
7052	11
7053	15
7054	11
7055	17
7056	12
7057	20
7058	13
7059	15
7060	16
7061	19
7062	15
7063	24
7064	26
7065	19
7066	14
7067	18
7068	9
7069	16
7070	14
7071	13
7072	9
7073	14
7074	10
7075	15
7076	13
7077	9
7078	18
7079	14
7080	17
7081	13
7082	19
7083	15
7084	8
7085	8
7086	11
7087	15
7088	10
7089	13
7090	9
7091	10
7092	14
7093	19
7094	13
7095	11
7096	15
7097	10
7098	11
7099	10
7100	15
7101	10
7102	12
7103	12
7104	6
7105	8
7106	12
7107	8
7108	13
7109	12
7110	12
7111	14
7112	9
7113	15
7114	16
7115	9
7116	13
7117	6
7118	12
7119	13
7120	12
7121	9
7122	12
7123	10
7124	16
7125	10
7126	9
7127	10
7128	12
7129	6
7130	9
7131	11
7132	12
7133	13
7134	8
7135	5
7136	7
7137	8
7138	8
7139	15
7140	10
7141	7
7142	3
7143	10
7144	10
7145	6
7146	12
7147	10
7148	11
7149	12
7150	5
7151	5
7152	7
7153	10
7154	8
7155	7
7156	3
7157	8
7158	6
7159	6
7160	13
7161	11
7162	2
7163	6
7164	6
7165	8
7166	7
7167	12
7168	8
7169	9
7170	9
7171	5
7172	7
7173	5
7174	12
7175	6
7176	3
7177	3
7178	8
7179	3
7180	7
7181	3
7182	7
7183	10
7184	6
7185	9
7186	4
7187	13
7188	3
7189	9
7190	4
7191	1
7192	9
7193	12
7194	6
7195	5
7196	6
7197	3
7198	5
7199	5
7200	8
7201	10
7202	7
7203	7
7204	5
7205	3
7206	4
7207	8
7208	10
7209	4
7210	10
7211	3
7212	8
7213	3
7214	6
7215	7
7216	7
7217	4
7218	8
7219	5
7220	6
7221	7
7222	3
7223	11
7224	2
7225	3
7226	2
7227	3
7228	3
7229	6
7230	2
7231	4
7232	6
7233	6
7234	2
7235	3
7236	5
7237	5
7238	2
7239	5
7240	9
7241	10
7242	4
7243	5
7244	6
7245	6
7246	5
7247	5
7248	4
7249	7
7250	6
7251	6
7252	2
7253	3
7254	5
7255	3
7256	3
7257	2
7258	6
7259	2
7260	6
7261	3
7262	2
7263	2
7264	2
7265	5
7266	5
7267	9
7268	7
7269	6
7270	3
7271	4
7272	1
7273	7
7274	3
7275	4
7276	4
7277	3
7278	2
7279	3
7280	4
7281	5
7282	2
7283	3
7284	3
7285	3
7286	2
7287	6
7288	5
7289	2
7290	7
7291	2
7292	7
7293	4
7294	0
7295	3
7296	2
7297	5
7298	2
7299	3
7300	3
7301	3
7302	4
7303	6
7304	4
7305	5
7306	1
7307	4
7308	4
7309	7
7310	4
7311	3
7312	2
7313	1
7314	6
7315	4
7316	1
7317	3
7318	4
7319	1
7320	2
7321	2
7322	4
7323	2
7324	3
7325	3
7326	3
7327	2
7328	2
7329	1
7330	2
7331	2
7332	4
7333	6
7334	3
7335	1
7336	2
7337	3
7338	6
7339	6
7340	1
7341	2
7342	4
7343	2
7344	3
7345	1
7346	7
7347	6
7348	2
7349	2
7350	4
7351	1
7352	1
7353	1
7354	3
7355	2
7356	1
7357	0
7358	4
7359	4
7360	3
7361	1
7362	0
7363	3
7364	3
7365	3
7366	3
7367	6
7368	2
7369	2
7370	5
7371	2
7372	2
7373	0
7374	3
7375	1
7376	0
7377	3
7378	2
7379	3
7380	1
7381	7
7382	2
7383	3
7384	3
7385	4
7386	2
7387	4
7388	1
7389	1
7390	1
7391	5
7392	1
7393	2
7394	1
7395	5
7396	1
7397	1
7398	2
7399	2
7400	3
7401	0
7402	2
7403	0
7404	1
7405	1
7406	3
7407	1
7408	6
7409	2
7410	2
7411	1
7412	5
7413	5
7414	1
7415	3
7416	1
7417	2
7418	1
7419	1
7420	2
7421	1
7422	2
7423	3
7424	1
7425	0
7426	1
7427	3
7428	4
7429	2
7430	1
7431	6
7432	0
7433	4
7434	2
7435	2
7436	3
7437	1
7438	1
7439	2
7440	3
7441	4
7442	2
7443	4
7444	3
7445	0
7446	4
7447	3
7448	3
7449	3
7450	1
7451	2
7452	2
7453	4
7454	5
7455	1
7456	2
7457	8
7458	3
7459	1
7460	3
7461	1
7462	4
7463	1
7464	2
7465	2
7466	3
7467	4
7468	1
7469	1
7470	4
7471	0
7472	3
7473	5
7474	4
7475	3
7476	3
7477	1
7478	1
7479	1
7480	2
7481	2
7482	0
7483	2
7484	5
7485	3
7486	1
7487	1
7488	4
7489	2
7490	2
7491	3
7492	5
7493	2
7494	4
7495	3
7496	2
7497	0
7498	3
7499	2
7500	4
7501	1
7502	3
7503	4
7504	1
7505	0
7506	1
7507	2
7508	1
7509	2
7510	0
7511	1
7512	3
7513	4
7514	0
7515	1
7516	2
7517	1
7518	1
7519	2
7520	2
7521	3
7522	4
7523	3
7524	3
7525	0
7526	2
7527	2
7528	3
7529	0
7530	3
7531	3
7532	2
7533	4
7534	2
7535	1
7536	3
7537	4
7538	4
7539	0
7540	3
7541	3
7542	4
7543	3
7544	2
7545	0
7546	5
7547	3
7548	3
7549	3
7550	3
7551	3
7552	3
7553	3
7554	1
7555	2
7556	2
7557	1
7558	3
7559	1
7560	1
7561	1
7562	1
7563	3
7564	2
7565	4
7566	0
7567	4
7568	5
7569	3
7570	2
7571	4
7572	4
7573	3
7574	3
7575	4
7576	3
7577	1
7578	2
7579	3
7580	1
7581	0
7582	1
7583	0
7584	4
7585	0
7586	3
7587	0
7588	3
7589	1
7590	1
7591	3
7592	1
7593	3
7594	1
7595	1
7596	4
7597	2
7598	2
7599	3
7600	1
7601	1
7602	1
7603	3
7604	4
7605	3
7606	2
7607	3
7608	1
7609	3
7610	1
7611	1
7612	3
7613	2
7614	1
7615	1
7616	0
7617	1
7618	3
7619	1
7620	4
7621	1
7622	2
7623	4
7624	0
7625	1
7626	1
7627	3
7628	4
7629	2
7630	4
7631	4
7632	2
7633	1
7634	3
7635	0
7636	0
7637	3
7638	3
7639	1
7640	1
7641	2
7642	3
7643	2
7644	4
7645	2
7646	2
7647	2
7648	3
7649	2
7650	1
7651	4
7652	5
7653	1
7654	1
7655	3
7656	3
7657	2
7658	2
7659	2
7660	0
7661	3
7662	2
7663	2
7664	3
7665	2
7666	2
7667	2
7668	2
7669	2
7670	2
7671	0
7672	1
7673	1
7674	3
7675	1
7676	0
7677	6
7678	0
7679	2
7680	1
7681	3
7682	3
7683	0
7684	2
7685	1
7686	3
7687	1
7688	2
7689	3
7690	1
7691	4
7692	0
7693	2
7694	3
7695	1
7696	3
7697	1
7698	0
7699	4
7700	2
7701	2
7702	1
7703	3
7704	1
7705	1
7706	2
7707	2
7708	4
7709	4
7710	1
7711	2
7712	4
7713	2
7714	0
7715	1
7716	1
7717	3
7718	3
7719	0
7720	1
7721	1
7722	2
7723	3
7724	0
7725	1
7726	1
7727	0
7728	0
7729	0
7730	0
7731	0
7732	0
7733	0
7734	0
7735	0
7736	0
7737	0
7738	0
7739	0
7740	0
7741	0
7742	0
7743	0
7744	0
7745	0
7746	0
7747	0
7748	0
7749	0
7750	0
7751	0
7752	0
7753	0
7754	0
7755	0
7756	0
7757	0
7758	0
7759	0
7760	0
7761	0
7762	0
7763	0
7764	0
7765	0
7766	0
7767	0
7768	0
7769	0
7770	0
7771	0
7772	0
7773	0
7774	0
7775	0
7776	0
7777	0
7778	0
7779	0
7780	0
7781	0
7782	0
7783	0
7784	0
7785	0
7786	0
7787	0
7788	0
7789	0
7790	0
7791	0
7792	0
7793	0
7794	0
7795	0
7796	0
7797	0
7798	0
7799	0
7800	0
7801	0
7802	0
7803	0
7804	0
7805	0
7806	0
7807	0
7808	0
7809	0
7810	0
7811	0
7812	0
7813	0
7814	0
7815	0
7816	0
7817	0
7818	0
7819	0
7820	0
7821	0
7822	0
7823	0
7824	0
7825	0
7826	0
7827	0
7828	0
7829	0
7830	0
7831	0
7832	0
7833	0
7834	0
7835	0
7836	0
7837	0
7838	0
7839	0
7840	0
7841	0
7842	0
7843	0
7844	0
7845	0
7846	0
7847	0
7848	0
7849	0
7850	0
7851	0
7852	0
7853	0
7854	0
7855	0
7856	0
7857	0
7858	0
7859	0
7860	0
7861	0
7862	0
7863	0
7864	0
7865	0
7866	0
7867	0
7868	0
7869	0
7870	0
7871	0
7872	0
7873	0
7874	0
7875	0
7876	0
7877	0
7878	0
7879	0
7880	0
7881	0
7882	0
7883	0
7884	0
7885	0
7886	0
7887	0
7888	0
7889	0
7890	0
7891	0
7892	0
7893	0
7894	0
7895	0
7896	0
7897	0
7898	0
7899	0
7900	0
7901	0
7902	0
7903	0
7904	0
7905	0
7906	0
7907	0
7908	0
7909	0
7910	0
7911	0
7912	0
7913	0
7914	0
7915	0
7916	0
7917	0
7918	0
7919	0
7920	0
7921	0
7922	0
7923	0
7924	0
7925	0
7926	0
7927	0
7928	0
7929	0
7930	0
7931	0
7932	0
7933	0
7934	0
7935	0
7936	0
7937	0
7938	0
7939	0
7940	0
7941	0
7942	0
7943	0
7944	0
7945	0
7946	0
7947	0
7948	0
7949	0
7950	0
7951	0
7952	0
7953	0
7954	0
7955	0
7956	0
7957	0
7958	0
7959	0
7960	0
7961	0
7962	0
7963	0
7964	0
7965	0
7966	0
7967	0
7968	0
7969	0
7970	0
7971	0
7972	0
7973	0
7974	0
7975	0
7976	0
7977	0
7978	0
7979	0
7980	0
7981	0
7982	0
7983	0
7984	0
7985	0
7986	0
7987	0
7988	0
7989	0
7990	0
7991	0
7992	0
7993	0
7994	0
7995	0
7996	0
7997	0
7998	0
7999	0
8000	0
8001	0
8002	0
8003	0
8004	0
8005	0
8006	0
8007	0
8008	0
8009	0
8010	0
8011	0
8012	0
8013	0
8014	0
8015	0
8016	0
8017	0
8018	0
8019	0
8020	0
8021	0
8022	0
8023	0
8024	0
8025	0
8026	0
8027	0
8028	0
8029	0
8030	0
8031	0
8032	0
8033	0
8034	0
8035	0
8036	0
8037	0
8038	0
8039	0
8040	0
8041	0
8042	0
8043	0
8044	0
8045	0
8046	0
8047	0
8048	0
8049	0
8050	0
8051	0
8052	0
8053	0
8054	0
8055	0
8056	0
8057	0
8058	0
8059	0
8060	0
8061	0
8062	0
8063	0
8064	0
8065	0
8066	0
8067	0
8068	0
8069	0
8070	0
8071	0
8072	0
8073	0
8074	0
8075	0
8076	0
8077	0
8078	0
8079	0
8080	0
8081	0
8082	0
8083	0
8084	0
8085	0
8086	0
8087	0
8088	0
8089	0
8090	0
8091	0
8092	0
8093	0
8094	0
8095	0
8096	0
8097	0
8098	0
8099	0
8100	0
8101	0
8102	0
8103	0
8104	0
8105	0
8106	0
8107	0
8108	0
8109	0
8110	0
8111	0
8112	0
8113	0
8114	0
8115	0
8116	0
8117	0
8118	0
8119	0
8120	0
8121	0
8122	0
8123	0
8124	0
8125	0
8126	0
8127	0
8128	0
8129	0
8130	0
8131	0
8132	0
8133	0
8134	0
8135	0
8136	0
8137	0
8138	0
8139	0
8140	0
8141	0
8142	0
8143	0
8144	0
8145	0
8146	0
8147	0
8148	0
8149	0
8150	0
8151	0
8152	0
8153	0
8154	0
8155	0
8156	0
8157	0
8158	0
8159	0
8160	0
8161	0
8162	0
8163	0
8164	0
8165	0
8166	0
8167	0
8168	0
8169	0
8170	0
8171	0
8172	0
8173	0
8174	0
8175	0
8176	0
8177	0
8178	0
8179	0
8180	0
8181	0
8182	0
8183	0
8184	0
8185	0
8186	0
8187	0
8188	0
8189	0
8190	0
8191	0
