0	0
1	0
2	0
3	0
4	0
5	0
6	0
7	0
8	0
9	0
10	0
11	0
12	0
13	0
14	0
15	0
16	0
17	0
18	1
19	4
20	13
21	30
22	33
23	19
24	23
25	20
26	24
27	23
28	23
29	18
30	20
31	19
32	24
33	20
34	20
35	24
36	20
37	26
38	31
39	19
40	18
41	27
42	22
43	23
44	26
45	27
46	21
47	21
48	16
49	18
50	36
51	20
52	28
53	22
54	14
55	20
56	17
57	28
58	28
59	18
60	14
61	21
62	23
63	22
64	23
65	21
66	28
67	23
68	19
69	18
70	29
71	16
72	28
73	21
74	16
75	14
76	18
77	30
78	28
79	13
80	23
81	24
82	25
83	15
84	25
85	26
86	20
87	22
88	20
89	22
90	15
91	29
92	12
93	19
94	14
95	23
96	25
97	17
98	26
99	19
100	17
101	18
102	30
103	24
104	26
105	22
106	17
107	32
108	26
109	19
110	28
111	23
112	18
113	26
114	27
115	18
116	18
117	26
118	22
119	22
120	22
121	21
122	25
123	15
124	26
125	18
126	30
127	22
128	26
129	24
130	30
131	23
132	21
133	23
134	26
135	35
136	26
137	20
138	18
139	34
140	25
141	23
142	26
143	18
144	26
145	30
146	32
147	19
148	22
149	29
150	31
151	16
152	30
153	13
154	23
155	27
156	31
157	22
158	19
159	29
160	21
161	33
162	22
163	33
164	18
165	25
166	13
167	21
168	18
169	27
170	21
171	25
172	22
173	21
174	21
175	29
176	35
177	32
178	22
179	25
180	27
181	24
182	29
183	33
184	27
185	19
186	31
187	19
188	15
189	29
190	30
191	32
192	25
193	29
194	25
195	35
196	25
197	25
198	28
199	26
200	37
201	22
202	34
203	20
204	27
205	19
206	24
207	25
208	25
209	23
210	20
211	28
212	18
213	23
214	16
215	16
216	21
217	23
218	21
219	32
220	20
221	19
222	31
223	28
224	32
225	22
226	22
227	19
228	28
229	25
230	23
231	25
232	19
233	26
234	28
235	21
236	25
237	27
238	26
239	23
240	25
241	27
242	23
243	27
244	20
245	28
246	32
247	25
248	22
249	33
250	29
251	19
252	22
253	27
254	26
255	27
256	30
257	30
258	15
259	28
260	24
261	28
262	26
263	26
264	24
265	24
266	24
267	20
268	30
269	28
270	32
271	27
272	35
273	20
274	26
275	25
276	25
277	27
278	24
279	28
280	23
281	24
282	26
283	26
284	27
285	31
286	28
287	31
288	31
289	21
290	26
291	25
292	30
293	27
294	26
295	25
296	22
297	18
298	34
299	22
300	23
301	25
302	23
303	18
304	29
305	30
306	33
307	21
308	27
309	30
310	21
311	29
312	25
313	25
314	22
315	26
316	21
317	14
318	31
319	20
320	27
321	26
322	31
323	28
324	20
325	28
326	25
327	25
328	24
329	26
330	34
331	26
332	23
333	30
334	25
335	25
336	28
337	24
338	26
339	20
340	26
341	29
342	31
343	29
344	22
345	29
346	20
347	25
348	26
349	27
350	23
351	28
352	17
353	21
354	28
355	25
356	22
357	25
358	25
359	28
360	29
361	29
362	31
363	22
364	34
365	24
366	29
367	29
368	30
369	37
370	25
371	21
372	31
373	28
374	30
375	28
376	20
377	18
378	29
379	18
380	25
381	30
382	31
383	28
384	26
385	30
386	25
387	23
388	35
389	19
390	28
391	31
392	23
393	18
394	22
395	32
396	26
397	22
398	20
399	24
400	26
401	28
402	25
403	21
404	30
405	16
406	29
407	30
408	30
409	23
410	25
411	24
412	32
413	24
414	20
415	22
416	25
417	32
418	27
419	23
420	27
421	26
422	25
423	29
424	34
425	26
426	22
427	23
428	22
429	26
430	22
431	28
432	20
433	15
434	26
435	25
436	32
437	22
438	31
439	15
440	24
441	18
442	16
443	30
444	25
445	22
446	19
447	19
448	24
449	33
450	19
451	20
452	10
453	30
454	28
455	26
456	27
457	18
458	25
459	26
460	20
461	25
462	32
463	26
464	25
465	22
466	28
467	23
468	26
469	23
470	29
471	28
472	19
473	16
474	23
475	35
476	21
477	23
478	23
479	18
480	33
481	24
482	22
483	33
484	22
485	24
486	18
487	17
488	20
489	22
490	22
491	26
492	22
493	21
494	18
495	28
496	17
497	23
498	25
499	35
500	25
501	17
502	21
503	27
504	29
505	32
506	18
507	23
508	23
509	18
510	20
511	25
512	25
513	24
514	24
515	33
516	27
517	27
518	19
519	18
520	20
521	29
522	24
523	25
524	20
525	23
526	23
527	23
528	23
529	27
530	24
531	23
532	28
533	21
534	27
535	26
536	15
537	23
538	32
539	24
540	26
541	12
542	32
543	31
544	20
545	30
546	21
547	29
548	18
549	16
550	12
551	24
552	23
553	20
554	28
555	31
556	32
557	21
558	21
559	23
560	18
561	20
562	26
563	24
564	33
565	20
566	26
567	30
568	27
569	24
570	24
571	25
572	26
573	20
574	23
575	27
576	13
577	16
578	15
579	36
580	26
581	21
582	28
583	28
584	26
585	29
586	22
587	22
588	26
589	24
590	27
591	22
592	25
593	28
594	13
595	17
596	19
597	18
598	29
599	21
600	32
601	19
602	32
603	27
604	29
605	30
606	15
607	28
608	24
609	20
610	26
611	36
612	24
613	22
614	18
615	19
616	22
617	25
618	20
619	12
620	23
621	23
622	25
623	21
624	31
625	20
626	23
627	32
628	21
629	28
630	33
631	31
632	20
633	19
634	21
635	30
636	19
637	20
638	27
639	30
640	19
641	20
642	23
643	30
644	29
645	26
646	19
647	25
648	17
649	17
650	27
651	24
652	26
653	33
654	22
655	21
656	20
657	20
658	21
659	24
660	18
661	28
662	16
663	32
664	16
665	25
666	27
667	14
668	22
669	24
670	17
671	27
672	17
673	20
674	28
675	22
676	21
677	23
678	26
679	30
680	23
681	24
682	41
683	35
684	25
685	25
686	25
687	19
688	19
689	16
690	23
691	17
692	25
693	25
694	24
695	24
696	13
697	28
698	24
699	30
700	26
701	22
702	26
703	28
704	21
705	23
706	29
707	31
708	18
709	20
710	24
711	30
712	22
713	31
714	32
715	34
716	23
717	22
718	29
719	18
720	18
721	32
722	33
723	22
724	27
725	24
726	33
727	20
728	19
729	25
730	23
731	26
732	22
733	19
734	18
735	24
736	24
737	18
738	25
739	24
740	18
741	24
742	27
743	28
744	20
745	26
746	30
747	27
748	15
749	27
750	21
751	27
752	16
753	24
754	23
755	22
756	29
757	17
758	22
759	36
760	23
761	23
762	22
763	17
764	16
765	21
766	42
767	20
768	18
769	21
770	28
771	12
772	17
773	27
774	25
775	20
776	18
777	22
778	26
779	35
780	25
781	28
782	24
783	30
784	27
785	20
786	24
787	29
788	25
789	28
790	16
791	18
792	24
793	30
794	21
795	32
796	22
797	23
798	25
799	20
800	20
801	22
802	21
803	28
804	25
805	27
806	24
807	25
808	22
809	19
810	26
811	21
812	22
813	16
814	24
815	25
816	27
817	18
818	24
819	23
820	21
821	18
822	26
823	26
824	20
825	23
826	27
827	23
828	29
829	23
830	25
831	21
832	18
833	16
834	20
835	19
836	25
837	21
838	20
839	26
840	30
841	20
842	15
843	16
844	24
845	30
846	22
847	25
848	19
849	17
850	25
851	31
852	31
853	25
854	25
855	24
856	23
857	21
858	23
859	24
860	24
861	21
862	19
863	18
864	29
865	29
866	23
867	24
868	20
869	29
870	35
871	25
872	24
873	31
874	29
875	29
876	35
877	30
878	27
879	21
880	22
881	28
882	35
883	30
884	26
885	26
886	21
887	18
888	30
889	26
890	23
891	29
892	24
893	31
894	24
895	21
896	26
897	24
898	29
899	23
900	27
901	28
902	35
903	18
904	27
905	25
906	34
907	29
908	33
909	41
910	25
911	34
912	24
913	28
914	27
915	29
916	28
917	24
918	31
919	26
920	34
921	29
922	37
923	25
924	36
925	20
926	27
927	36
928	27
929	33
930	16
931	21
932	39
933	34
934	21
935	32
936	33
937	28
938	27
939	38
940	28
941	24
942	43
943	30
944	39
945	31
946	28
947	27
948	24
949	39
950	31
951	27
952	36
953	39
954	31
955	34
956	29
957	37
958	40
959	41
960	31
961	30
962	29
963	22
964	27
965	38
966	26
967	32
968	32
969	29
970	35
971	31
972	31
973	23
974	35
975	27
976	31
977	30
978	30
979	32
980	49
981	32
982	40
983	34
984	20
985	28
986	31
987	31
988	31
989	27
990	31
991	30
992	32
993	35
994	34
995	27
996	35
997	20
998	29
999	36
1000	32
1001	21
1002	31
1003	40
1004	31
1005	34
1006	37
1007	35
1008	36
1009	27
1010	28
1011	24
1012	23
1013	34
1014	35
1015	33
1016	37
1017	30
1018	30
1019	29
1020	23
1021	28
1022	21
1023	37
1024	22
1025	33
1026	34
1027	32
1028	37
1029	36
1030	22
1031	34
1032	31
1033	26
1034	30
1035	24
1036	26
1037	32
1038	28
1039	34
1040	26
1041	29
1042	33
1043	22
1044	27
1045	35
1046	29
1047	24
1048	24
1049	39
1050	26
1051	36
1052	33
1053	28
1054	34
1055	30
1056	37
1057	36
1058	25
1059	29
1060	26
1061	25
1062	34
1063	32
1064	27
1065	25
1066	28
1067	31
1068	21
1069	32
1070	29
1071	25
1072	28
1073	33
1074	22
1075	34
1076	30
1077	29
1078	35
1079	27
1080	29
1081	32
1082	20
1083	26
1084	34
1085	31
1086	29
1087	34
1088	27
1089	35
1090	19
1091	28
1092	27
1093	24
1094	29
1095	26
1096	22
1097	26
1098	17
1099	31
1100	23
1101	26
1102	28
1103	19
1104	20
1105	31
1106	28
1107	34
1108	36
1109	21
1110	30
1111	24
1112	20
1113	26
1114	23
1115	18
1116	31
1117	27
1118	22
1119	31
1120	38
1121	21
1122	30
1123	26
1124	28
1125	27
1126	35
1127	29
1128	27
1129	27
1130	28
1131	26
1132	31
1133	24
1134	20
1135	23
1136	25
1137	29
1138	29
1139	26
1140	28
1141	29
1142	26
1143	32
1144	24
1145	26
1146	20
1147	29
1148	24
1149	19
1150	28
1151	22
1152	24
1153	28
1154	20
1155	33
1156	26
1157	18
1158	21
1159	22
1160	30
1161	26
1162	24
1163	25
1164	31
1165	25
1166	27
1167	26
1168	33
1169	21
1170	30
1171	28
1172	29
1173	21
1174	29
1175	39
1176	26
1177	23
1178	25
1179	23
1180	24
1181	20
1182	29
1183	21
1184	32
1185	21
1186	26
1187	26
1188	19
1189	22
1190	29
1191	30
1192	26
1193	23
1194	32
1195	22
1196	22
1197	32
1198	43
1199	29
1200	28
1201	25
1202	19
1203	26
1204	20
1205	27
1206	23
1207	21
1208	29
1209	25
1210	22
1211	26
1212	31
1213	30
1214	30
1215	27
1216	21
1217	32
1218	33
1219	32
1220	30
1221	31
1222	21
1223	12
1224	22
1225	26
1226	33
1227	25
1228	22
1229	25
1230	30
1231	17
1232	19
1233	35
1234	21
1235	25
1236	20
1237	20
1238	31
1239	28
1240	23
1241	34
1242	23
1243	23
1244	23
1245	27
1246	38
1247	24
1248	30
1249	31
1250	36
1251	28
1252	31
1253	14
1254	28
1255	22
1256	30
1257	27
1258	26
1259	24
1260	30
1261	38
1262	28
1263	25
1264	25
1265	27
1266	23
1267	27
1268	29
1269	32
1270	29
1271	31
1272	24
1273	24
1274	31
1275	27
1276	24
1277	31
1278	19
1279	28
1280	24
1281	24
1282	34
1283	25
1284	30
1285	24
1286	20
1287	24
1288	30
1289	20
1290	33
1291	27
1292	24
1293	31
1294	15
1295	26
1296	29
1297	19
1298	18
1299	22
1300	20
1301	24
1302	31
1303	22
1304	24
1305	26
1306	22
1307	22
1308	27
1309	32
1310	25
1311	28
1312	28
1313	16
1314	27
1315	32
1316	29
1317	28
1318	29
1319	25
1320	21
1321	20
1322	14
1323	25
1324	17
1325	16
1326	27
1327	33
1328	36
1329	30
1330	20
1331	23
1332	23
1333	30
1334	22
1335	31
1336	22
1337	33
1338	26
1339	24
1340	33
1341	17
1342	21
1343	29
1344	27
1345	20
1346	22
1347	18
1348	20
1349	20
1350	27
1351	25
1352	18
1353	28
1354	20
1355	24
1356	24
1357	25
1358	28
1359	30
1360	34
1361	29
1362	23
1363	27
1364	17
1365	20
1366	15
1367	18
1368	30
1369	24
1370	31
1371	23
1372	19
1373	25
1374	20
1375	25
1376	23
1377	15
1378	32
1379	19
1380	14
1381	25
1382	16
1383	33
1384	19
1385	23
1386	21
1387	20
1388	21
1389	29
1390	27
1391	22
1392	23
1393	28
1394	24
1395	27
1396	23
1397	21
1398	19
1399	19
1400	25
1401	20
1402	22
1403	25
1404	24
1405	26
1406	16
1407	14
1408	23
1409	23
1410	18
1411	21
1412	21
1413	15
1414	25
1415	15
1416	23
1417	18
1418	18
1419	23
1420	28
1421	23
1422	23
1423	18
1424	21
1425	25
1426	21
1427	18
1428	19
1429	29
1430	20
1431	13
1432	23
1433	20
1434	22
1435	25
1436	18
1437	21
1438	29
1439	24
1440	22
1441	21
1442	22
1443	22
1444	24
1445	19
1446	26
1447	15
1448	31
1449	25
1450	17
1451	23
1452	24
1453	23
1454	19
1455	27
1456	25
1457	26
1458	22
1459	35
1460	23
1461	19
1462	28
1463	27
1464	22
1465	26
1466	27
1467	17
1468	27
1469	20
1470	25
1471	21
1472	16
1473	21
1474	22
1475	21
1476	22
1477	22
1478	21
1479	20
1480	20
1481	18
1482	17
1483	20
1484	22
1485	21
1486	25
1487	17
1488	21
1489	22
1490	17
1491	27
1492	26
1493	21
1494	18
1495	21
1496	22
1497	13
1498	20
1499	31
1500	21
1501	24
1502	27
1503	15
1504	24
1505	16
1506	24
1507	22
1508	9
1509	19
1510	26
1511	22
1512	19
1513	27
1514	16
1515	26
1516	24
1517	21
1518	13
1519	24
1520	18
1521	18
1522	36
1523	17
1524	20
1525	17
1526	23
1527	30
1528	20
1529	18
1530	19
1531	21
1532	18
1533	23
1534	21
1535	26
1536	19
1537	19
1538	21
1539	18
1540	18
1541	23
1542	17
1543	18
1544	20
1545	17
1546	15
1547	23
1548	21
1549	18
1550	26
1551	20
1552	18
1553	16
1554	14
1555	15
1556	19
1557	19
1558	23
1559	24
1560	19
1561	19
1562	20
1563	22
1564	20
1565	11
1566	11
1567	16
1568	14
1569	22
1570	19
1571	13
1572	23
1573	15
1574	19
1575	25
1576	29
1577	14
1578	14
1579	20
1580	31
1581	11
1582	23
1583	19
1584	17
1585	21
1586	24
1587	19
1588	22
1589	16
1590	19
1591	19
1592	22
1593	20
1594	18
1595	22
1596	15
1597	20
1598	16
1599	11
1600	14
1601	18
1602	22
1603	19
1604	28
1605	11
1606	9
1607	14
1608	17
1609	19
1610	21
1611	24
1612	21
1613	12
1614	14
1615	23
1616	17
1617	18
1618	14
1619	15
1620	19
1621	14
1622	30
1623	16
1624	19
1625	19
1626	23
1627	18
1628	13
1629	21
1630	27
1631	20
1632	21
1633	23
1634	19
1635	26
1636	18
1637	15
1638	15
1639	19
1640	10
1641	28
1642	23
1643	13
1644	20
1645	16
1646	23
1647	23
1648	16
1649	22
1650	14
1651	20
1652	18
1653	13
1654	22
1655	20
1656	12
1657	13
1658	16
1659	21
1660	14
1661	23
1662	22
1663	20
1664	20
1665	10
1666	17
1667	27
1668	19
1669	17
1670	29
1671	21
1672	17
1673	19
1674	16
1675	18
1676	21
1677	12
1678	24
1679	19
1680	17
1681	15
1682	26
1683	15
1684	17
1685	15
1686	18
1687	16
1688	22
1689	14
1690	18
1691	21
1692	18
1693	18
1694	22
1695	21
1696	23
1697	19
1698	17
1699	26
1700	14
1701	19
1702	14
1703	18
1704	10
1705	17
1706	20
1707	12
1708	20
1709	16
1710	19
1711	13
1712	18
1713	13
1714	22
1715	18
1716	12
1717	10
1718	20
1719	22
1720	11
1721	18
1722	16
1723	22
1724	17
1725	19
1726	20
1727	12
1728	20
1729	22
1730	19
1731	14
1732	17
1733	23
1734	17
1735	28
1736	25
1737	24
1738	21
1739	18
1740	8
1741	17
1742	22
1743	15
1744	21
1745	16
1746	21
1747	14
1748	14
1749	12
1750	14
1751	21
1752	13
1753	22
1754	32
1755	23
1756	23
1757	19
1758	18
1759	16
1760	24
1761	10
1762	17
1763	22
1764	17
1765	13
1766	23
1767	16
1768	20
1769	16
1770	23
1771	21
1772	20
1773	16
1774	13
1775	23
1776	26
1777	21
1778	19
1779	21
1780	14
1781	18
1782	12
1783	21
1784	20
1785	12
1786	25
1787	17
1788	16
1789	19
1790	24
1791	20
1792	15
1793	23
1794	15
1795	22
1796	18
1797	21
1798	17
1799	31
1800	11
1801	17
1802	17
1803	11
1804	22
1805	23
1806	20
1807	17
1808	18
1809	14
1810	24
1811	15
1812	16
1813	17
1814	14
1815	14
1816	19
1817	22
1818	18
1819	18
1820	21
1821	23
1822	12
1823	13
1824	20
1825	20
1826	10
1827	17
1828	13
1829	16
1830	19
1831	13
1832	21
1833	20
1834	19
1835	23
1836	20
1837	22
1838	21
1839	27
1840	17
1841	13
1842	21
1843	23
1844	16
1845	23
1846	18
1847	15
1848	13
1849	22
1850	12
1851	20
1852	24
1853	23
1854	20
1855	16
1856	22
1857	26
1858	19
1859	15
1860	16
1861	21
1862	22
1863	20
1864	26
1865	16
1866	17
1867	23
1868	21
1869	23
1870	20
1871	15
1872	17
1873	17
1874	20
1875	21
1876	22
1877	22
1878	17
1879	15
1880	20
1881	18
1882	12
1883	15
1884	20
1885	21
1886	31
1887	23
1888	19
1889	20
1890	14
1891	16
1892	17
1893	20
1894	18
1895	21
1896	14
1897	19
1898	12
1899	22
1900	19
1901	16
1902	22
1903	22
1904	20
1905	24
1906	16
1907	16
1908	15
1909	14
1910	11
1911	21
1912	20
1913	14
1914	19
1915	16
1916	23
1917	23
1918	12
1919	15
1920	11
1921	17
1922	15
1923	18
1924	17
1925	18
1926	13
1927	22
1928	14
1929	28
1930	22
1931	16
1932	15
1933	21
1934	22
1935	19
1936	15
1937	26
1938	24
1939	15
1940	18
1941	18
1942	21
1943	10
1944	20
1945	15
1946	17
1947	14
1948	15
1949	13
1950	15
1951	19
1952	17
1953	18
1954	15
1955	6
1956	12
1957	16
1958	11
1959	16
1960	13
1961	11
1962	12
1963	14
1964	12
1965	24
1966	15
1967	10
1968	9
1969	16
1970	19
1971	15
1972	18
1973	17
1974	17
1975	19
1976	21
1977	20
1978	6
1979	11
1980	16
1981	18
1982	16
1983	13
1984	9
1985	14
1986	16
1987	15
1988	13
1989	24
1990	20
1991	15
1992	12
1993	20
1994	12
1995	11
1996	14
1997	20
1998	10
1999	15
2000	15
2001	17
2002	7
2003	15
2004	9
2005	9
2006	15
2007	15
2008	16
2009	13
2010	13
2011	19
2012	17
2013	14
2014	10
2015	17
2016	16
2017	14
2018	15
2019	12
2020	13
2021	18
2022	12
2023	12
2024	11
2025	15
2026	14
2027	16
2028	9
2029	15
2030	7
2031	13
2032	14
2033	14
2034	6
2035	13
2036	14
2037	7
2038	16
2039	9
2040	15
2041	9
2042	15
2043	14
2044	9
2045	18
2046	7
2047	11
2048	6
2049	14
2050	7
2051	16
2052	10
2053	16
2054	15
2055	13
2056	12
2057	14
2058	14
2059	9
2060	8
2061	10
2062	14
2063	14
2064	14
2065	10
2066	10
2067	11
2068	17
2069	11
2070	10
2071	10
2072	14
2073	10
2074	19
2075	14
2076	10
2077	18
2078	13
2079	13
2080	14
2081	11
2082	4
2083	9
2084	14
2085	9
2086	7
2087	12
2088	14
2089	3
2090	11
2091	6
2092	11
2093	9
2094	9
2095	10
2096	6
2097	11
2098	14
2099	8
2100	12
2101	3
2102	7
2103	9
2104	11
2105	8
2106	7
2107	13
2108	5
2109	11
2110	6
2111	10
2112	13
2113	7
2114	13
2115	12
2116	5
2117	11
2118	8
2119	6
2120	6
2121	8
2122	9
2123	9
2124	10
2125	10
2126	11
2127	7
2128	4
2129	13
2130	9
2131	7
2132	5
2133	9
2134	16
2135	12
2136	7
2137	5
2138	11
2139	4
2140	6
2141	8
2142	7
2143	13
2144	8
2145	7
2146	15
2147	12
2148	14
2149	9
2150	5
2151	8
2152	9
2153	13
2154	10
2155	13
2156	4
2157	7
2158	13
2159	9
2160	9
2161	7
2162	9
2163	8
2164	8
2165	10
2166	7
2167	7
2168	9
2169	11
2170	10
2171	13
2172	10
2173	12
2174	9
2175	9
2176	10
2177	7
2178	12
2179	8
2180	11
2181	6
2182	9
2183	8
2184	7
2185	11
2186	6
2187	12
2188	12
2189	13
2190	11
2191	15
2192	6
2193	8
2194	11
2195	10
2196	10
2197	9
2198	7
2199	14
2200	7
2201	10
2202	10
2203	11
2204	11
2205	6
2206	11
2207	10
2208	6
2209	5
2210	8
2211	10
2212	6
2213	9
2214	10
2215	8
2216	6
2217	10
2218	5
2219	10
2220	11
2221	12
2222	8
2223	12
2224	6
2225	10
2226	7
2227	9
2228	4
2229	6
2230	6
2231	15
2232	12
2233	12
2234	8
2235	7
2236	6
2237	11
2238	11
2239	14
2240	9
2241	10
2242	10
2243	5
2244	5
2245	13
2246	9
2247	9
2248	10
2249	7
2250	8
2251	14
2252	8
2253	7
2254	6
2255	12
2256	7
2257	3
2258	7
2259	10
2260	10
2261	8
2262	4
2263	10
2264	5
2265	8
2266	12
2267	2
2268	6
2269	6
2270	6
2271	9
2272	17
2273	12
2274	10
2275	9
2276	7
2277	10
2278	11
2279	8
2280	8
2281	12
2282	10
2283	7
2284	10
2285	2
2286	6
2287	7
2288	9
2289	7
2290	8
2291	8
2292	8
2293	10
2294	6
2295	12
2296	7
2297	11
2298	5
2299	5
2300	10
2301	9
2302	5
2303	7
2304	10
2305	3
2306	8
2307	7
2308	9
2309	8
2310	9
2311	4
2312	6
2313	7
2314	7
2315	8
2316	5
2317	12
2318	6
2319	7
2320	5
2321	5
2322	7
2323	7
2324	8
2325	4
2326	3
2327	5
2328	6
2329	9
2330	4
2331	4
2332	7
2333	8
2334	3
2335	13
2336	5
2337	7
2338	9
2339	3
2340	4
2341	5
2342	7
2343	5
2344	3
2345	6
2346	7
2347	12
2348	8
2349	5
2350	6
2351	3
2352	5
2353	4
2354	15
2355	10
2356	2
2357	6
2358	9
2359	5
2360	4
2361	8
2362	10
2363	3
2364	11
2365	10
2366	7
2367	10
2368	10
2369	3
2370	7
2371	9
2372	5
2373	6
2374	10
2375	6
2376	7
2377	4
2378	8
2379	10
2380	6
2381	5
2382	6
2383	5
2384	3
2385	8
2386	3
2387	6
2388	5
2389	5
2390	7
2391	8
2392	10
2393	5
2394	5
2395	10
2396	9
2397	10
2398	7
2399	8
2400	9
2401	5
2402	7
2403	9
2404	4
2405	9
2406	8
2407	7
2408	5
2409	5
2410	9
2411	11
2412	6
2413	8
2414	6
2415	4
2416	6
2417	2
2418	8
2419	7
2420	8
2421	2
2422	5
2423	4
2424	5
2425	9
2426	10
2427	2
2428	5
2429	10
2430	5
2431	6
2432	5
2433	5
2434	14
2435	6
2436	8
2437	7
2438	11
2439	10
2440	5
2441	2
2442	5
2443	3
2444	5
2445	3
2446	10
2447	5
2448	5
2449	6
2450	7
2451	2
2452	11
2453	3
2454	10
2455	8
2456	7
2457	9
2458	6
2459	9
2460	2
2461	4
2462	5
2463	8
2464	9
2465	5
2466	9
2467	8
2468	4
2469	3
2470	8
2471	7
2472	6
2473	4
2474	3
2475	12
2476	13
2477	5
2478	10
2479	8
2480	5
2481	8
2482	5
2483	7
2484	6
2485	3
2486	9
2487	7
2488	6
2489	5
2490	12
2491	9
2492	6
2493	10
2494	11
2495	8
2496	4
2497	5
2498	8
2499	7
2500	2
2501	11
2502	8
2503	11
2504	4
2505	7
2506	5
2507	8
2508	4
2509	11
2510	5
2511	4
2512	2
2513	7
2514	4
2515	7
2516	10
2517	6
2518	6
2519	7
2520	6
2521	5
2522	8
2523	7
2524	4
2525	5
2526	7
2527	6
2528	5
2529	5
2530	7
2531	6
2532	4
2533	4
2534	4
2535	6
2536	8
2537	4
2538	1
2539	3
2540	4
2541	5
2542	5
2543	6
2544	10
2545	9
2546	6
2547	5
2548	3
2549	8
2550	5
2551	7
2552	6
2553	7
2554	2
2555	1
2556	4
2557	4
2558	6
2559	7
2560	5
2561	4
2562	6
2563	6
2564	11
2565	6
2566	4
2567	4
2568	10
2569	6
2570	7
2571	4
2572	2
2573	8
2574	6
2575	5
2576	10
2577	3
2578	5
2579	5
2580	5
2581	8
2582	6
2583	3
2584	9
2585	14
2586	4
2587	8
2588	7
2589	7
2590	8
2591	9
2592	3
2593	7
2594	8
2595	9
2596	8
2597	3
2598	5
2599	7
2600	5
2601	3
2602	5
2603	6
2604	9
2605	5
2606	6
2607	4
2608	2
2609	10
2610	5
2611	6
2612	3
2613	5
2614	7
2615	5
2616	8
2617	5
2618	10
2619	4
2620	8
2621	15
2622	7
2623	14
2624	6
2625	6
2626	7
2627	5
2628	9
2629	7
2630	5
2631	7
2632	3
2633	4
2634	7
2635	6
2636	7
2637	4
2638	9
2639	6
2640	10
2641	7
2642	4
2643	8
2644	8
2645	10
2646	5
2647	4
2648	5
2649	8
2650	4
2651	9
2652	5
2653	10
2654	8
2655	6
2656	7
2657	7
2658	9
2659	5
2660	4
2661	4
2662	3
2663	9
2664	8
2665	8
2666	6
2667	4
2668	11
2669	11
2670	5
2671	9
2672	7
2673	7
2674	5
2675	10
2676	3
2677	6
2678	6
2679	6
2680	4
2681	4
2682	3
2683	5
2684	5
2685	4
2686	9
2687	3
2688	5
2689	10
2690	9
2691	1
2692	9
2693	6
2694	12
2695	5
2696	6
2697	6
2698	11
2699	10
2700	8
2701	2
2702	6
2703	3
2704	10
2705	6
2706	6
2707	6
2708	9
2709	4
2710	5
2711	13
2712	11
2713	7
2714	4
2715	5
2716	5
2717	7
2718	5
2719	5
2720	7
2721	6
2722	6
2723	3
2724	7
2725	7
2726	4
2727	5
2728	5
2729	3
2730	7
2731	10
2732	6
2733	9
2734	4
2735	8
2736	3
2737	10
2738	7
2739	7
2740	2
2741	5
2742	7
2743	5
2744	5
2745	5
2746	12
2747	2
2748	7
2749	9
2750	4
2751	2
2752	10
2753	5
2754	9
2755	9
2756	9
2757	7
2758	8
2759	8
2760	6
2761	5
2762	5
2763	9
2764	9
2765	3
2766	7
2767	4
2768	10
2769	5
2770	6
2771	7
2772	5
2773	8
2774	7
2775	1
2776	3
2777	6
2778	4
2779	9
2780	7
2781	10
2782	9
2783	4
2784	6
2785	7
2786	9
2787	5
2788	2
2789	5
2790	7
2791	6
2792	6
2793	3
2794	6
2795	10
2796	6
2797	5
2798	3
2799	8
2800	10
2801	10
2802	11
2803	5
2804	5
2805	7
2806	4
2807	7
2808	5
2809	5
2810	6
2811	7
2812	7
2813	8
2814	4
2815	6
2816	9
2817	7
2818	8
2819	7
2820	3
2821	7
2822	9
2823	9
2824	3
2825	5
2826	6
2827	5
2828	3
2829	10
2830	8
2831	7
2832	4
2833	11
2834	7
2835	6
2836	4
2837	5
2838	11
2839	4
2840	7
2841	10
2842	9
2843	7
2844	8
2845	3
2846	4
2847	7
2848	9
2849	7
2850	7
2851	5
2852	7
2853	9
2854	9
2855	5
2856	5
2857	7
2858	6
2859	8
2860	7
2861	3
2862	10
2863	6
2864	9
2865	5
2866	9
2867	2
2868	8
2869	4
2870	2
2871	5
2872	6
2873	7
2874	5
2875	4
2876	4
2877	11
2878	10
2879	5
2880	8
2881	2
2882	5
2883	8
2884	3
2885	9
2886	5
2887	4
2888	7
2889	6
2890	8
2891	3
2892	9
2893	7
2894	8
2895	7
2896	6
2897	3
2898	5
2899	3
2900	11
2901	7
2902	8
2903	5
2904	7
2905	6
2906	4
2907	5
2908	7
2909	6
2910	7
2911	9
2912	12
2913	3
2914	4
2915	6
2916	10
2917	5
2918	11
2919	9
2920	5
2921	9
2922	9
2923	4
2924	10
2925	5
2926	5
2927	9
2928	7
2929	8
2930	11
2931	6
2932	10
2933	13
2934	12
2935	4
2936	5
2937	10
2938	8
2939	8
2940	17
2941	6
2942	9
2943	13
2944	6
2945	3
2946	11
2947	8
2948	11
2949	12
2950	9
2951	11
2952	9
2953	12
2954	13
2955	6
2956	10
2957	12
2958	17
2959	6
2960	10
2961	7
2962	19
2963	18
2964	13
2965	13
2966	7
2967	16
2968	7
2969	12
2970	9
2971	13
2972	12
2973	15
2974	10
2975	18
2976	4
2977	16
2978	13
2979	19
2980	8
2981	10
2982	5
2983	14
2984	17
2985	10
2986	17
2987	19
2988	17
2989	19
2990	20
2991	18
2992	15
2993	10
2994	18
2995	11
2996	18
2997	16
2998	16
2999	18
3000	19
3001	16
3002	20
3003	18
3004	14
3005	13
3006	11
3007	12
3008	19
3009	18
3010	12
3011	14
3012	14
3013	26
3014	22
3015	20
3016	18
3017	20
3018	23
3019	22
3020	21
3021	21
3022	24
3023	27
3024	26
3025	20
3026	20
3027	30
3028	27
3029	15
3030	24
3031	20
3032	22
3033	28
3034	26
3035	17
3036	27
3037	26
3038	25
3039	18
3040	21
3041	30
3042	40
3043	51
3044	30
3045	30
3046	29
3047	32
3048	40
3049	29
3050	31
3051	35
3052	25
3053	26
3054	31
3055	32
3056	39
3057	35
3058	36
3059	29
3060	44
3061	46
3062	34
3063	33
3064	32
3065	34
3066	38
3067	32
3068	39
3069	48
3070	41
3071	31
3072	49
3073	53
3074	42
3075	47
3076	63
3077	49
3078	36
3079	44
3080	42
3081	47
3082	38
3083	45
3084	49
3085	39
3086	43
3087	41
3088	43
3089	38
3090	47
3091	40
3092	46
3093	39
3094	46
3095	48
3096	59
3097	47
3098	54
3099	49
3100	54
3101	58
3102	49
3103	51
3104	60
3105	60
3106	54
3107	61
3108	72
3109	58
3110	53
3111	58
3112	65
3113	65
3114	64
3115	70
3116	62
3117	58
3118	76
3119	58
3120	60
3121	71
3122	58
3123	64
3124	61
3125	76
3126	64
3127	58
3128	61
3129	68
3130	64
3131	82
3132	62
3133	76
3134	72
3135	76
3136	61
3137	68
3138	77
3139	72
3140	87
3141	73
3142	76
3143	73
3144	83
3145	78
3146	87
3147	95
3148	88
3149	86
3150	70
3151	81
3152	65
3153	70
3154	103
3155	90
3156	88
3157	90
3158	103
3159	94
3160	85
3161	88
3162	84
3163	87
3164	83
3165	83
3166	105
3167	100
3168	72
3169	88
3170	93
3171	97
3172	94
3173	94
3174	87
3175	92
3176	90
3177	96
3178	103
3179	96
3180	80
3181	87
3182	96
3183	90
3184	107
3185	99
3186	114
3187	95
3188	100
3189	89
3190	104
3191	105
3192	107
3193	91
3194	109
3195	106
3196	96
3197	93
3198	99
3199	105
3200	113
3201	88
3202	128
3203	106
3204	112
3205	104
3206	113
3207	109
3208	104
3209	99
3210	93
3211	117
3212	113
3213	106
3214	107
3215	120
3216	109
3217	131
3218	99
3219	111
3220	123
3221	112
3222	132
3223	110
3224	114
3225	113
3226	119
3227	127
3228	110
3229	120
3230	112
3231	99
3232	116
3233	125
3234	117
3235	132
3236	100
3237	114
3238	120
3239	128
3240	105
3241	121
3242	108
3243	120
3244	114
3245	120
3246	122
3247	100
3248	111
3249	114
3250	112
3251	119
3252	100
3253	117
3254	126
3255	124
3256	105
3257	120
3258	130
3259	105
3260	109
3261	117
3262	110
3263	100
3264	116
3265	124
3266	111
3267	130
3268	101
3269	125
3270	106
3271	117
3272	100
3273	114
3274	108
3275	113
3276	111
3277	115
3278	139
3279	91
3280	125
3281	128
3282	113
3283	92
3284	108
3285	103
3286	102
3287	128
3288	121
3289	118
3290	127
3291	105
3292	130
3293	109
3294	110
3295	123
3296	114
3297	94
3298	98
3299	116
3300	102
3301	90
3302	108
3303	116
3304	92
3305	98
3306	82
3307	125
3308	100
3309	90
3310	100
3311	97
3312	110
3313	109
3314	112
3315	99
3316	118
3317	115
3318	103
3319	99
3320	98
3321	109
3322	84
3323	89
3324	129
3325	76
3326	110
3327	93
3328	107
3329	104
3330	82
3331	93
3332	76
3333	105
3334	94
3335	118
3336	88
3337	84
3338	107
3339	87
3340	83
3341	102
3342	84
3343	97
3344	72
3345	88
3346	76
3347	81
3348	71
3349	77
3350	75
3351	81
3352	88
3353	78
3354	67
3355	79
3356	78
3357	69
3358	64
3359	82
3360	87
3361	81
3362	61
3363	80
3364	81
3365	62
3366	67
3367	70
3368	75
3369	73
3370	71
3371	73
3372	69
3373	68
3374	93
3375	58
3376	73
3377	64
3378	84
3379	53
3380	74
3381	66
3382	62
3383	47
3384	54
3385	57
3386	68
3387	70
3388	64
3389	61
3390	62
3391	61
3392	64
3393	54
3394	54
3395	49
3396	62
3397	41
3398	58
3399	64
3400	37
3401	46
3402	44
3403	33
3404	56
3405	50
3406	43
3407	58
3408	45
3409	42
3410	48
3411	46
3412	32
3413	56
3414	37
3415	39
3416	48
3417	42
3418	41
3419	39
3420	42
3421	42
3422	49
3423	42
3424	41
3425	45
3426	39
3427	29
3428	38
3429	29
3430	37
3431	31
3432	33
3433	34
3434	26
3435	35
3436	40
3437	22
3438	38
3439	32
3440	25
3441	29
3442	30
3443	31
3444	23
3445	29
3446	19
3447	25
3448	25
3449	24
3450	29
3451	24
3452	23
3453	24
3454	25
3455	24
3456	24
3457	22
3458	21
3459	25
3460	19
3461	24
3462	20
3463	24
3464	16
3465	21
3466	24
3467	24
3468	26
3469	16
3470	19
3471	17
3472	12
3473	11
3474	15
3475	18
3476	22
3477	20
3478	21
3479	17
3480	20
3481	17
3482	15
3483	17
3484	15
3485	17
3486	17
3487	18
3488	17
3489	20
3490	17
3491	12
3492	14
3493	14
3494	15
3495	14
3496	19
3497	15
3498	10
3499	17
3500	8
3501	14
3502	13
3503	15
3504	12
3505	10
3506	4
3507	12
3508	11
3509	14
3510	7
3511	10
3512	9
3513	8
3514	12
3515	5
3516	8
3517	9
3518	12
3519	9
3520	7
3521	9
3522	11
3523	11
3524	12
3525	15
3526	11
3527	8
3528	8
3529	7
3530	10
3531	6
3532	5
3533	4
3534	3
3535	2
3536	4
3537	14
3538	11
3539	7
3540	9
3541	10
3542	5
3543	7
3544	7
3545	3
3546	2
3547	2
3548	4
3549	5
3550	9
3551	6
3552	6
3553	3
3554	7
3555	7
3556	11
3557	6
3558	4
3559	4
3560	7
3561	4
3562	4
3563	6
3564	6
3565	5
3566	9
3567	5
3568	6
3569	5
3570	3
3571	8
3572	5
3573	6
3574	7
3575	5
3576	3
3577	5
3578	4
3579	3
3580	2
3581	8
3582	5
3583	8
3584	9
3585	3
3586	6
3587	4
3588	4
3589	4
3590	6
3591	4
3592	2
3593	5
3594	1
3595	8
3596	4
3597	3
3598	4
3599	5
3600	3
3601	5
3602	5
3603	5
3604	4
3605	4
3606	4
3607	6
3608	3
3609	7
3610	6
3611	1
3612	6
3613	4
3614	4
3615	4
3616	5
3617	4
3618	8
3619	3
3620	1
3621	5
3622	1
3623	3
3624	4
3625	4
3626	4
3627	5
3628	4
3629	7
3630	4
3631	3
3632	4
3633	1
3634	0
3635	3
3636	5
3637	3
3638	7
3639	4
3640	2
3641	3
3642	4
3643	2
3644	4
3645	3
3646	7
3647	3
3648	6
3649	2
3650	2
3651	1
3652	5
3653	3
3654	1
3655	2
3656	2
3657	3
3658	5
3659	6
3660	4
3661	5
3662	2
3663	5
3664	3
3665	4
3666	3
3667	1
3668	5
3669	3
3670	1
3671	3
3672	2
3673	4
3674	2
3675	3
3676	3
3677	3
3678	6
3679	6
3680	3
3681	6
3682	7
3683	1
3684	4
3685	4
3686	5
3687	5
3688	0
3689	2
3690	7
3691	2
3692	4
3693	2
3694	1
3695	1
3696	1
3697	3
3698	4
3699	4
3700	3
3701	5
3702	9
3703	2
3704	7
3705	7
3706	4
3707	3
3708	5
3709	3
3710	2
3711	2
3712	4
3713	5
3714	3
3715	5
3716	3
3717	4
3718	6
3719	3
3720	4
3721	2
3722	5
3723	4
3724	4
3725	2
3726	2
3727	6
3728	4
3729	5
3730	3
3731	7
3732	2
3733	3
3734	3
3735	3
3736	4
3737	3
3738	6
3739	3
3740	1
3741	1
3742	2
3743	3
3744	5
3745	6
3746	3
3747	3
3748	3
3749	2
3750	5
3751	6
3752	5
3753	9
3754	6
3755	5
3756	4
3757	6
3758	6
3759	8
3760	3
3761	0
3762	5
3763	7
3764	3
3765	5
3766	1
3767	6
3768	3
3769	6
3770	1
3771	4
3772	7
3773	3
3774	2
3775	7
3776	3
3777	7
3778	5
3779	0
3780	4
3781	5
3782	6
3783	3
3784	3
3785	2
3786	3
3787	2
3788	2
3789	5
3790	3
3791	3
3792	4
3793	1
3794	2
3795	4
3796	2
3797	3
3798	8
3799	6
3800	4
3801	5
3802	8
3803	4
3804	2
3805	5
3806	3
3807	2
3808	4
3809	1
3810	2
3811	3
3812	4
3813	2
3814	9
3815	4
3816	5
3817	4
3818	6
3819	3
3820	3
3821	2
3822	5
3823	4
3824	5
3825	5
3826	3
3827	3
3828	5
3829	3
3830	3
3831	1
3832	1
3833	5
3834	4
3835	2
3836	6
3837	4
3838	3
3839	4
3840	3
3841	3
3842	4
3843	5
3844	6
3845	2
3846	0
3847	1
3848	4
3849	4
3850	3
3851	4
3852	1
3853	4
3854	2
3855	1
3856	2
3857	5
3858	4
3859	2
3860	3
3861	4
3862	8
3863	1
3864	0
3865	3
3866	4
3867	4
3868	8
3869	1
3870	2
3871	3
3872	1
3873	9
3874	1
3875	2
3876	2
3877	6
3878	3
3879	3
3880	4
3881	4
3882	7
3883	7
3884	0
3885	4
3886	4
3887	2
3888	2
3889	5
3890	3
3891	2
3892	4
3893	4
3894	7
3895	2
3896	5
3897	4
3898	5
3899	2
3900	5
3901	8
3902	3
3903	3
3904	2
3905	6
3906	3
3907	5
3908	1
3909	5
3910	1
3911	6
3912	3
3913	6
3914	1
3915	7
3916	5
3917	3
3918	6
3919	2
3920	4
3921	4
3922	4
3923	4
3924	3
3925	3
3926	7
3927	7
3928	9
3929	1
3930	5
3931	4
3932	2
3933	4
3934	2
3935	11
3936	8
3937	3
3938	4
3939	3
3940	4
3941	1
3942	4
3943	4
3944	1
3945	3
3946	2
3947	3
3948	4
3949	7
3950	2
3951	5
3952	4
3953	7
3954	2
3955	1
3956	3
3957	4
3958	7
3959	9
3960	5
3961	4
3962	5
3963	2
3964	4
3965	5
3966	4
3967	4
3968	5
3969	2
3970	4
3971	4
3972	4
3973	4
3974	3
3975	7
3976	7
3977	3
3978	4
3979	1
3980	4
3981	1
3982	3
3983	2
3984	2
3985	4
3986	3
3987	2
3988	7
3989	3
3990	0
3991	4
3992	3
3993	3
3994	2
3995	8
3996	4
3997	6
3998	3
3999	2
4000	6
4001	3
4002	5
4003	5
4004	0
4005	3
4006	7
4007	2
4008	4
4009	0
4010	1
4011	3
4012	3
4013	0
4014	4
4015	4
4016	1
4017	2
4018	2
4019	3
4020	4
4021	6
4022	6
4023	4
4024	3
4025	7
4026	3
4027	3
4028	3
4029	2
4030	4
4031	3
4032	2
4033	3
4034	5
4035	5
4036	7
4037	3
4038	3
4039	2
4040	4
4041	4
4042	3
4043	5
4044	1
4045	3
4046	0
4047	1
4048	4
4049	3
4050	3
4051	3
4052	10
4053	3
4054	7
4055	6
4056	5
4057	4
4058	4
4059	2
4060	4
4061	1
4062	5
4063	4
4064	5
4065	4
4066	0
4067	2
4068	4
4069	2
4070	1
4071	2
4072	4
4073	1
4074	2
4075	2
4076	0
4077	10
4078	5
4079	5
4080	3
4081	3
4082	7
4083	2
4084	10
4085	2
4086	9
4087	2
4088	4
4089	3
4090	4
4091	4
4092	3
4093	4
4094	5
4095	5
4096	7
4097	3
4098	2
4099	5
4100	4
4101	8
4102	0
4103	3
4104	5
4105	6
4106	4
4107	2
4108	2
4109	3
4110	3
4111	3
4112	2
4113	3
4114	3
4115	6
4116	2
4117	4
4118	5
4119	1
4120	6
4121	1
4122	2
4123	3
4124	1
4125	4
4126	4
4127	5
4128	5
4129	8
4130	9
4131	4
4132	3
4133	0
4134	5
4135	4
4136	2
4137	4
4138	5
4139	3
4140	1
4141	3
4142	0
4143	3
4144	3
4145	4
4146	1
4147	0
4148	6
4149	2
4150	6
4151	4
4152	5
4153	6
4154	3
4155	1
4156	3
4157	2
4158	5
4159	3
4160	4
4161	2
4162	5
4163	4
4164	5
4165	2
4166	2
4167	5
4168	3
4169	8
4170	1
4171	7
4172	5
4173	1
4174	3
4175	3
4176	1
4177	3
4178	1
4179	7
4180	4
4181	1
4182	2
4183	5
4184	4
4185	3
4186	4
4187	5
4188	3
4189	1
4190	8
4191	2
4192	3
4193	4
4194	5
4195	5
4196	4
4197	2
4198	6
4199	7
4200	1
4201	1
4202	4
4203	4
4204	5
4205	2
4206	8
4207	3
4208	4
4209	5
4210	3
4211	5
4212	4
4213	0
4214	4
4215	3
4216	1
4217	3
4218	3
4219	3
4220	1
4221	1
4222	3
4223	3
4224	3
4225	4
4226	4
4227	2
4228	3
4229	2
4230	4
4231	8
4232	9
4233	4
4234	7
4235	1
4236	3
4237	1
4238	4
4239	5
4240	1
4241	8
4242	4
4243	3
4244	4
4245	3
4246	4
4247	1
4248	2
4249	4
4250	2
4251	6
4252	5
4253	8
4254	2
4255	4
4256	4
4257	5
4258	4
4259	3
4260	3
4261	3
4262	1
4263	2
4264	0
4265	2
4266	5
4267	3
4268	4
4269	1
4270	1
4271	5
4272	7
4273	3
4274	4
4275	4
4276	2
4277	5
4278	8
4279	5
4280	4
4281	4
4282	6
4283	3
4284	6
4285	1
4286	3
4287	4
4288	4
4289	3
4290	4
4291	7
4292	5
4293	7
4294	3
4295	2
4296	3
4297	6
4298	2
4299	4
4300	7
4301	5
4302	6
4303	3
4304	2
4305	0
4306	3
4307	7
4308	3
4309	4
4310	7
4311	5
4312	1
4313	6
4314	6
4315	2
4316	5
4317	4
4318	4
4319	4
4320	2
4321	4
4322	3
4323	2
4324	5
4325	8
4326	4
4327	4
4328	5
4329	1
4330	5
4331	4
4332	4
4333	1
4334	1
4335	3
4336	1
4337	3
4338	1
4339	1
4340	4
4341	0
4342	2
4343	4
4344	7
4345	3
4346	5
4347	2
4348	2
4349	7
4350	7
4351	2
4352	4
4353	6
4354	3
4355	6
4356	2
4357	5
4358	1
4359	2
4360	5
4361	5
4362	6
4363	4
4364	5
4365	8
4366	4
4367	7
4368	3
4369	3
4370	1
4371	5
4372	7
4373	9
4374	1
4375	2
4376	7
4377	3
4378	3
4379	3
4380	3
4381	4
4382	9
4383	1
4384	2
4385	2
4386	9
4387	3
4388	4
4389	10
4390	5
4391	4
4392	5
4393	7
4394	6
4395	3
4396	1
4397	3
4398	5
4399	4
4400	2
4401	4
4402	2
4403	7
4404	5
4405	2
4406	7
4407	4
4408	5
4409	3
4410	4
4411	3
4412	4
4413	9
4414	4
4415	4
4416	4
4417	4
4418	4
4419	5
4420	6
4421	5
4422	3
4423	6
4424	7
4425	5
4426	9
4427	2
4428	4
4429	7
4430	7
4431	7
4432	7
4433	6
4434	7
4435	9
4436	1
4437	10
4438	5
4439	2
4440	6
4441	9
4442	2
4443	7
4444	3
4445	7
4446	3
4447	4
4448	3
4449	9
4450	4
4451	4
4452	4
4453	3
4454	5
4455	4
4456	4
4457	3
4458	3
4459	2
4460	5
4461	2
4462	8
4463	8
4464	6
4465	4
4466	3
4467	4
4468	7
4469	5
4470	6
4471	2
4472	4
4473	6
4474	7
4475	1
4476	3
4477	6
4478	4
4479	3
4480	8
4481	5
4482	5
4483	4
4484	7
4485	6
4486	7
4487	5
4488	4
4489	3
4490	7
4491	4
4492	7
4493	3
4494	6
4495	2
4496	4
4497	3
4498	5
4499	2
4500	8
4501	4
4502	5
4503	5
4504	5
4505	1
4506	9
4507	9
4508	4
4509	2
4510	6
4511	7
4512	7
4513	5
4514	7
4515	7
4516	4
4517	2
4518	4
4519	6
4520	2
4521	6
4522	3
4523	3
4524	5
4525	2
4526	2
4527	6
4528	2
4529	4
4530	7
4531	7
4532	8
4533	2
4534	8
4535	4
4536	7
4537	9
4538	4
4539	11
4540	6
4541	5
4542	7
4543	5
4544	4
4545	4
4546	5
4547	7
4548	4
4549	4
4550	3
4551	8
4552	5
4553	0
4554	3
4555	7
4556	4
4557	5
4558	3
4559	6
4560	9
4561	6
4562	8
4563	7
4564	2
4565	5
4566	4
4567	9
4568	5
4569	3
4570	6
4571	7
4572	3
4573	3
4574	1
4575	2
4576	3
4577	9
4578	3
4579	10
4580	4
4581	5
4582	2
4583	7
4584	9
4585	7
4586	2
4587	9
4588	7
4589	5
4590	5
4591	9
4592	6
4593	3
4594	6
4595	6
4596	3
4597	4
4598	1
4599	2
4600	4
4601	0
4602	3
4603	4
4604	2
4605	8
4606	6
4607	3
4608	5
4609	2
4610	8
4611	4
4612	2
4613	9
4614	8
4615	6
4616	4
4617	6
4618	5
4619	5
4620	4
4621	3
4622	7
4623	2
4624	3
4625	7
4626	6
4627	4
4628	4
4629	6
4630	8
4631	3
4632	9
4633	5
4634	6
4635	5
4636	3
4637	4
4638	6
4639	5
4640	4
4641	5
4642	10
4643	4
4644	4
4645	3
4646	2
4647	5
4648	7
4649	2
4650	4
4651	2
4652	3
4653	6
4654	4
4655	5
4656	4
4657	0
4658	5
4659	4
4660	6
4661	6
4662	4
4663	6
4664	3
4665	2
4666	7
4667	5
4668	3
4669	5
4670	5
4671	5
4672	3
4673	6
4674	3
4675	8
4676	4
4677	3
4678	2
4679	3
4680	2
4681	8
4682	5
4683	5
4684	7
4685	8
4686	3
4687	3
4688	5
4689	6
4690	4
4691	2
4692	4
4693	4
4694	6
4695	7
4696	5
4697	8
4698	4
4699	1
4700	5
4701	3
4702	2
4703	7
4704	6
4705	7
4706	5
4707	7
4708	4
4709	3
4710	3
4711	2
4712	3
4713	2
4714	4
4715	3
4716	3
4717	4
4718	6
4719	5
4720	6
4721	3
4722	4
4723	2
4724	7
4725	9
4726	2
4727	4
4728	6
4729	3
4730	3
4731	3
4732	6
4733	9
4734	4
4735	4
4736	2
4737	5
4738	1
4739	5
4740	2
4741	7
4742	4
4743	4
4744	3
4745	6
4746	9
4747	3
4748	3
4749	4
4750	3
4751	8
4752	7
4753	7
4754	3
4755	4
4756	3
4757	2
4758	10
4759	2
4760	6
4761	3
4762	1
4763	4
4764	3
4765	5
4766	3
4767	6
4768	8
4769	5
4770	7
4771	7
4772	6
4773	5
4774	5
4775	6
4776	5
4777	1
4778	8
4779	5
4780	5
4781	3
4782	5
4783	3
4784	3
4785	4
4786	4
4787	4
4788	4
4789	3
4790	3
4791	3
4792	8
4793	4
4794	4
4795	3
4796	5
4797	6
4798	5
4799	4
4800	5
4801	5
4802	1
4803	5
4804	8
4805	2
4806	6
4807	6
4808	5
4809	5
4810	7
4811	2
4812	3
4813	5
4814	3
4815	7
4816	5
4817	3
4818	1
4819	6
4820	4
4821	3
4822	3
4823	1
4824	4
4825	2
4826	3
4827	5
4828	5
4829	3
4830	2
4831	6
4832	2
4833	7
4834	6
4835	4
4836	5
4837	7
4838	4
4839	7
4840	4
4841	6
4842	3
4843	3
4844	4
4845	3
4846	3
4847	5
4848	3
4849	2
4850	4
4851	7
4852	2
4853	1
4854	0
4855	2
4856	3
4857	4
4858	2
4859	3
4860	3
4861	5
4862	2
4863	5
4864	3
4865	6
4866	4
4867	9
4868	4
4869	2
4870	10
4871	2
4872	2
4873	4
4874	5
4875	4
4876	4
4877	4
4878	5
4879	8
4880	5
4881	2
4882	2
4883	3
4884	2
4885	7
4886	5
4887	6
4888	5
4889	7
4890	0
4891	5
4892	2
4893	2
4894	4
4895	4
4896	5
4897	3
4898	4
4899	3
4900	2
4901	5
4902	5
4903	2
4904	5
4905	2
4906	4
4907	1
4908	2
4909	5
4910	2
4911	2
4912	3
4913	7
4914	6
4915	2
4916	4
4917	0
4918	2
4919	7
4920	3
4921	1
4922	2
4923	7
4924	3
4925	6
4926	7
4927	5
4928	4
4929	5
4930	5
4931	5
4932	8
4933	6
4934	9
4935	7
4936	8
4937	4
4938	3
4939	5
4940	1
4941	1
4942	0
4943	7
4944	6
4945	3
4946	5
4947	10
4948	3
4949	8
4950	2
4951	5
4952	5
4953	2
4954	3
4955	3
4956	4
4957	3
4958	3
4959	11
4960	5
4961	4
4962	0
4963	4
4964	3
4965	4
4966	5
4967	3
4968	0
4969	6
4970	2
4971	4
4972	5
4973	3
4974	2
4975	5
4976	5
4977	5
4978	5
4979	3
4980	4
4981	3
4982	2
4983	5
4984	5
4985	3
4986	3
4987	2
4988	4
4989	7
4990	6
4991	5
4992	3
4993	6
4994	1
4995	7
4996	2
4997	3
4998	2
4999	6
5000	4
5001	5
5002	4
5003	4
5004	7
5005	5
5006	4
5007	6
5008	2
5009	4
5010	6
5011	3
5012	6
5013	5
5014	5
5015	4
5016	6
5017	4
5018	4
5019	4
5020	6
5021	5
5022	4
5023	11
5024	3
5025	5
5026	3
5027	9
5028	3
5029	1
5030	3
5031	4
5032	4
5033	3
5034	3
5035	4
5036	4
5037	4
5038	2
5039	5
5040	4
5041	5
5042	2
5043	7
5044	4
5045	0
5046	1
5047	6
5048	4
5049	0
5050	1
5051	5
5052	3
5053	3
5054	4
5055	6
5056	5
5057	5
5058	5
5059	3
5060	4
5061	2
5062	4
5063	4
5064	4
5065	5
5066	3
5067	8
5068	3
5069	3
5070	1
5071	3
5072	4
5073	6
5074	2
5075	3
5076	1
5077	0
5078	3
5079	5
5080	2
5081	2
5082	1
5083	3
5084	3
5085	6
5086	5
5087	1
5088	5
5089	2
5090	5
5091	4
5092	2
5093	4
5094	4
5095	6
5096	3
5097	2
5098	7
5099	4
5100	5
5101	4
5102	2
5103	5
5104	3
5105	4
5106	4
5107	2
5108	6
5109	5
5110	1
5111	3
5112	2
5113	3
5114	2
5115	2
5116	9
5117	5
5118	4
5119	3
5120	6
5121	6
5122	4
5123	4
5124	4
5125	3
5126	4
5127	1
5128	4
5129	5
5130	6
5131	5
5132	0
5133	4
5134	6
5135	6
5136	2
5137	4
5138	1
5139	5
5140	1
5141	1
5142	2
5143	5
5144	4
5145	1
5146	4
5147	6
5148	3
5149	6
5150	4
5151	1
5152	1
5153	2
5154	6
5155	2
5156	6
5157	2
5158	3
5159	6
5160	6
5161	6
5162	3
5163	5
5164	1
5165	4
5166	2
5167	6
5168	3
5169	3
5170	2
5171	3
5172	3
5173	5
5174	3
5175	3
5176	3
5177	2
5178	3
5179	3
5180	0
5181	2
5182	5
5183	3
5184	4
5185	3
5186	4
5187	2
5188	5
5189	1
5190	7
5191	0
5192	4
5193	2
5194	5
5195	2
5196	2
5197	2
5198	4
5199	2
5200	4
5201	2
5202	5
5203	6
5204	3
5205	5
5206	4
5207	6
5208	1
5209	3
5210	1
5211	2
5212	5
5213	1
5214	2
5215	5
5216	4
5217	0
5218	2
5219	3
5220	2
5221	3
5222	5
5223	6
5224	4
5225	4
5226	2
5227	1
5228	4
5229	5
5230	1
5231	6
5232	2
5233	1
5234	2
5235	6
5236	0
5237	6
5238	5
5239	1
5240	6
5241	4
5242	7
5243	4
5244	6
5245	1
5246	7
5247	2
5248	6
5249	7
5250	7
5251	3
5252	5
5253	5
5254	7
5255	3
5256	2
5257	3
5258	8
5259	2
5260	1
5261	4
5262	4
5263	3
5264	5
5265	2
5266	1
5267	3
5268	6
5269	2
5270	0
5271	3
5272	4
5273	3
5274	5
5275	3
5276	1
5277	3
5278	2
5279	4
5280	3
5281	4
5282	5
5283	2
5284	1
5285	0
5286	4
5287	3
5288	8
5289	6
5290	5
5291	3
5292	6
5293	5
5294	2
5295	5
5296	3
5297	4
5298	4
5299	5
5300	2
5301	5
5302	3
5303	5
5304	4
5305	3
5306	4
5307	5
5308	4
5309	5
5310	2
5311	4
5312	2
5313	4
5314	3
5315	2
5316	3
5317	3
5318	2
5319	4
5320	5
5321	7
5322	4
5323	4
5324	2
5325	2
5326	5
5327	4
5328	3
5329	3
5330	1
5331	4
5332	2
5333	3
5334	3
5335	3
5336	2
5337	4
5338	4
5339	1
5340	6
5341	4
5342	4
5343	4
5344	3
5345	2
5346	3
5347	4
5348	1
5349	1
5350	5
5351	3
5352	3
5353	3
5354	2
5355	5
5356	4
5357	2
5358	4
5359	1
5360	2
5361	5
5362	4
5363	2
5364	5
5365	3
5366	7
5367	3
5368	5
5369	4
5370	3
5371	4
5372	3
5373	4
5374	3
5375	6
5376	5
5377	6
5378	5
5379	4
5380	5
5381	2
5382	2
5383	4
5384	4
5385	5
5386	3
5387	3
5388	3
5389	2
5390	4
5391	2
5392	6
5393	3
5394	2
5395	4
5396	3
5397	0
5398	2
5399	0
5400	3
5401	1
5402	6
5403	2
5404	4
5405	1
5406	3
5407	1
5408	6
5409	4
5410	3
5411	3
5412	1
5413	2
5414	4
5415	2
5416	1
5417	7
5418	3
5419	2
5420	7
5421	3
5422	2
5423	6
5424	6
5425	3
5426	3
5427	3
5428	3
5429	2
5430	2
5431	6
5432	2
5433	3
5434	2
5435	3
5436	2
5437	6
5438	3
5439	6
5440	4
5441	4
5442	4
5443	4
5444	2
5445	6
5446	3
5447	5
5448	0
5449	4
5450	5
5451	2
5452	8
5453	7
5454	5
5455	1
5456	2
5457	2
5458	2
5459	0
5460	2
5461	5
5462	4
5463	6
5464	0
5465	4
5466	8
5467	2
5468	9
5469	5
5470	6
5471	3
5472	7
5473	4
5474	5
5475	1
5476	3
5477	0
5478	4
5479	4
5480	1
5481	8
5482	3
5483	3
5484	3
5485	1
5486	1
5487	7
5488	4
5489	1
5490	5
5491	5
5492	6
5493	1
5494	6
5495	4
5496	4
5497	5
5498	8
5499	3
5500	7
5501	4
5502	6
5503	3
5504	4
5505	2
5506	4
5507	3
5508	1
5509	2
5510	4
5511	3
5512	1
5513	4
5514	5
5515	3
5516	5
5517	6
5518	3
5519	3
5520	2
5521	5
5522	2
5523	4
5524	2
5525	3
5526	2
5527	5
5528	9
5529	8
5530	8
5531	2
5532	3
5533	2
5534	2
5535	2
5536	3
5537	2
5538	1
5539	1
5540	3
5541	5
5542	5
5543	3
5544	3
5545	1
5546	0
5547	3
5548	4
5549	2
5550	2
5551	3
5552	3
5553	3
5554	8
5555	4
5556	4
5557	3
5558	2
5559	0
5560	0
5561	6
5562	3
5563	2
5564	2
5565	4
5566	5
5567	6
5568	7
5569	6
5570	6
5571	4
5572	5
5573	6
5574	5
5575	4
5576	3
5577	3
5578	1
5579	2
5580	4
5581	1
5582	4
5583	2
5584	5
5585	0
5586	4
5587	2
5588	4
5589	4
5590	1
5591	4
5592	4
5593	2
5594	3
5595	3
5596	3
5597	9
5598	5
5599	4
5600	1
5601	3
5602	2
5603	2
5604	1
5605	2
5606	4
5607	4
5608	3
5609	7
5610	2
5611	4
5612	2
5613	4
5614	2
5615	0
5616	6
5617	4
5618	6
5619	5
5620	3
5621	6
5622	5
5623	2
5624	3
5625	4
5626	3
5627	5
5628	4
5629	2
5630	5
5631	4
5632	1
5633	5
5634	3
5635	5
5636	3
5637	6
5638	5
5639	6
5640	5
5641	4
5642	6
5643	4
5644	2
5645	1
5646	4
5647	6
5648	1
5649	4
5650	6
5651	4
5652	5
5653	5
5654	2
5655	5
5656	2
5657	4
5658	0
5659	1
5660	1
5661	5
5662	1
5663	6
5664	2
5665	2
5666	6
5667	4
5668	5
5669	2
5670	1
5671	6
5672	3
5673	2
5674	3
5675	4
5676	6
5677	9
5678	4
5679	5
5680	1
5681	4
5682	3
5683	6
5684	7
5685	4
5686	4
5687	1
5688	7
5689	3
5690	3
5691	6
5692	4
5693	5
5694	4
5695	8
5696	6
5697	10
5698	5
5699	5
5700	3
5701	4
5702	2
5703	6
5704	2
5705	5
5706	7
5707	4
5708	2
5709	3
5710	6
5711	7
5712	1
5713	5
5714	2
5715	0
5716	5
5717	5
5718	2
5719	6
5720	3
5721	4
5722	4
5723	4
5724	3
5725	6
5726	5
5727	5
5728	7
5729	5
5730	3
5731	2
5732	7
5733	4
5734	6
5735	1
5736	3
5737	3
5738	2
5739	1
5740	3
5741	3
5742	3
5743	3
5744	5
5745	1
5746	3
5747	6
5748	8
5749	1
5750	2
5751	4
5752	1
5753	4
5754	4
5755	6
5756	4
5757	4
5758	5
5759	1
5760	2
5761	4
5762	5
5763	2
5764	3
5765	4
5766	4
5767	5
5768	1
5769	5
5770	6
5771	4
5772	5
5773	2
5774	4
5775	2
5776	3
5777	3
5778	2
5779	5
5780	1
5781	4
5782	4
5783	3
5784	4
5785	1
5786	3
5787	3
5788	4
5789	1
5790	4
5791	4
5792	4
5793	7
5794	5
5795	6
5796	7
5797	3
5798	3
5799	6
5800	0
5801	5
5802	5
5803	3
5804	4
5805	8
5806	5
5807	1
5808	4
5809	4
5810	2
5811	2
5812	4
5813	5
5814	3
5815	0
5816	1
5817	3
5818	3
5819	6
5820	4
5821	1
5822	3
5823	4
5824	4
5825	2
5826	3
5827	3
5828	4
5829	3
5830	5
5831	5
5832	2
5833	1
5834	2
5835	2
5836	4
5837	4
5838	3
5839	4
5840	4
5841	7
5842	2
5843	5
5844	3
5845	6
5846	2
5847	5
5848	2
5849	1
5850	5
5851	5
5852	7
5853	1
5854	5
5855	5
5856	4
5857	6
5858	5
5859	2
5860	6
5861	2
5862	5
5863	3
5864	2
5865	4
5866	5
5867	4
5868	4
5869	4
5870	4
5871	2
5872	3
5873	5
5874	4
5875	4
5876	6
5877	2
5878	4
5879	3
5880	10
5881	3
5882	2
5883	5
5884	5
5885	0
5886	5
5887	2
5888	2
5889	3
5890	3
5891	1
5892	2
5893	3
5894	1
5895	5
5896	4
5897	6
5898	4
5899	8
5900	3
5901	5
5902	4
5903	5
5904	5
5905	4
5906	3
5907	6
5908	2
5909	5
5910	4
5911	2
5912	6
5913	3
5914	2
5915	3
5916	6
5917	3
5918	6
5919	6
5920	4
5921	7
5922	3
5923	4
5924	5
5925	5
5926	2
5927	5
5928	2
5929	5
5930	3
5931	2
5932	5
5933	5
5934	2
5935	3
5936	7
5937	4
5938	1
5939	2
5940	3
5941	3
5942	4
5943	6
5944	5
5945	3
5946	7
5947	4
5948	6
5949	7
5950	4
5951	2
5952	0
5953	4
5954	6
5955	4
5956	5
5957	3
5958	5
5959	4
5960	4
5961	2
5962	6
5963	4
5964	2
5965	6
5966	3
5967	5
5968	3
5969	3
5970	7
5971	8
5972	7
5973	7
5974	5
5975	4
5976	6
5977	5
5978	7
5979	1
5980	3
5981	4
5982	3
5983	5
5984	3
5985	5
5986	3
5987	5
5988	7
5989	6
5990	3
5991	1
5992	4
5993	2
5994	2
5995	4
5996	5
5997	5
5998	7
5999	4
6000	5
6001	4
6002	2
6003	10
6004	4
6005	2
6006	6
6007	3
6008	6
6009	6
6010	2
6011	2
6012	6
6013	5
6014	1
6015	4
6016	7
6017	3
6018	0
6019	0
6020	4
6021	3
6022	2
6023	6
6024	2
6025	5
6026	3
6027	3
6028	4
6029	3
6030	5
6031	2
6032	4
6033	4
6034	6
6035	7
6036	3
6037	2
6038	2
6039	3
6040	7
6041	4
6042	1
6043	4
6044	3
6045	4
6046	3
6047	3
6048	5
6049	6
6050	3
6051	1
6052	2
6053	4
6054	5
6055	5
6056	6
6057	5
6058	1
6059	7
6060	4
6061	6
6062	3
6063	1
6064	5
6065	6
6066	3
6067	3
6068	2
6069	4
6070	4
6071	4
6072	4
6073	2
6074	1
6075	7
6076	1
6077	4
6078	3
6079	2
6080	4
6081	6
6082	3
6083	3
6084	2
6085	3
6086	4
6087	2
6088	5
6089	6
6090	3
6091	3
6092	2
6093	4
6094	7
6095	7
6096	4
6097	7
6098	3
6099	7
6100	6
6101	7
6102	6
6103	3
6104	5
6105	2
6106	1
6107	3
6108	3
6109	2
6110	3
6111	7
6112	0
6113	7
6114	2
6115	3
6116	3
6117	4
6118	7
6119	5
6120	3
6121	5
6122	3
6123	7
6124	2
6125	4
6126	5
6127	5
6128	1
6129	7
6130	4
6131	5
6132	3
6133	2
6134	2
6135	4
6136	6
6137	6
6138	5
6139	4
6140	2
6141	3
6142	3
6143	3
6144	6
6145	1
6146	9
6147	5
6148	4
6149	2
6150	1
6151	2
6152	3
6153	3
6154	4
6155	5
6156	5
6157	8
6158	5
6159	2
6160	2
6161	4
6162	1
6163	3
6164	0
6165	5
6166	3
6167	2
6168	4
6169	4
6170	2
6171	2
6172	6
6173	7
6174	2
6175	3
6176	6
6177	3
6178	5
6179	6
6180	7
6181	4
6182	4
6183	1
6184	5
6185	5
6186	12
6187	1
6188	3
6189	4
6190	5
6191	2
6192	5
6193	3
6194	7
6195	1
6196	4
6197	4
6198	4
6199	7
6200	4
6201	10
6202	2
6203	2
6204	3
6205	1
6206	7
6207	5
6208	3
6209	4
6210	4
6211	1
6212	3
6213	8
6214	3
6215	2
6216	4
6217	1
6218	1
6219	3
6220	7
6221	1
6222	4
6223	0
6224	2
6225	4
6226	1
6227	4
6228	3
6229	1
6230	1
6231	3
6232	3
6233	8
6234	1
6235	1
6236	3
6237	3
6238	2
6239	4
6240	5
6241	5
6242	4
6243	5
6244	4
6245	1
6246	2
6247	5
6248	3
6249	5
6250	10
6251	3
6252	4
6253	7
6254	7
6255	2
6256	7
6257	4
6258	6
6259	6
6260	3
6261	3
6262	6
6263	8
6264	2
6265	6
6266	5
6267	6
6268	4
6269	3
6270	2
6271	2
6272	7
6273	4
6274	2
6275	3
6276	3
6277	1
6278	4
6279	4
6280	3
6281	5
6282	3
6283	3
6284	1
6285	7
6286	4
6287	2
6288	2
6289	5
6290	4
6291	8
6292	2
6293	0
6294	1
6295	7
6296	7
6297	8
6298	4
6299	5
6300	8
6301	4
6302	2
6303	6
6304	2
6305	7
6306	0
6307	3
6308	4
6309	2
6310	4
6311	6
6312	4
6313	9
6314	4
6315	5
6316	2
6317	3
6318	4
6319	6
6320	7
6321	2
6322	8
6323	1
6324	1
6325	6
6326	4
6327	5
6328	8
6329	3
6330	8
6331	9
6332	2
6333	3
6334	4
6335	4
6336	4
6337	6
6338	4
6339	6
6340	6
6341	2
6342	3
6343	6
6344	9
6345	7
6346	2
6347	3
6348	0
6349	2
6350	4
6351	2
6352	6
6353	6
6354	3
6355	1
6356	2
6357	1
6358	4
6359	2
6360	2
6361	6
6362	3
6363	6
6364	5
6365	4
6366	3
6367	1
6368	2
6369	5
6370	4
6371	2
6372	6
6373	9
6374	4
6375	5
6376	7
6377	4
6378	5
6379	5
6380	7
6381	9
6382	5
6383	2
6384	6
6385	6
6386	4
6387	3
6388	4
6389	1
6390	4
6391	5
6392	4
6393	4
6394	1
6395	7
6396	6
6397	5
6398	4
6399	5
6400	2
6401	3
6402	2
6403	2
6404	6
6405	5
6406	3
6407	7
6408	5
6409	5
6410	2
6411	6
6412	7
6413	7
6414	6
6415	7
6416	6
6417	7
6418	2
6419	5
6420	5
6421	5
6422	3
6423	1
6424	4
6425	5
6426	4
6427	4
6428	8
6429	6
6430	4
6431	4
6432	5
6433	5
6434	1
6435	4
6436	4
6437	5
6438	2
6439	4
6440	5
6441	3
6442	2
6443	3
6444	4
6445	8
6446	8
6447	3
6448	0
6449	5
6450	3
6451	2
6452	5
6453	4
6454	6
6455	8
6456	2
6457	2
6458	6
6459	1
6460	8
6461	5
6462	3
6463	4
6464	4
6465	4
6466	5
6467	5
6468	1
6469	3
6470	4
6471	8
6472	3
6473	5
6474	5
6475	4
6476	4
6477	0
6478	3
6479	7
6480	5
6481	5
6482	5
6483	1
6484	3
6485	5
6486	4
6487	7
6488	5
6489	5
6490	4
6491	2
6492	5
6493	2
6494	2
6495	6
6496	4
6497	3
6498	1
6499	3
6500	3
6501	1
6502	4
6503	1
6504	6
6505	4
6506	3
6507	1
6508	2
6509	6
6510	1
6511	4
6512	2
6513	7
6514	4
6515	4
6516	3
6517	4
6518	5
6519	3
6520	2
6521	8
6522	5
6523	5
6524	6
6525	4
6526	3
6527	3
6528	3
6529	5
6530	3
6531	3
6532	3
6533	4
6534	4
6535	6
6536	2
6537	4
6538	4
6539	4
6540	3
6541	3
6542	3
6543	1
6544	1
6545	8
6546	4
6547	7
6548	3
6549	3
6550	2
6551	4
6552	6
6553	7
6554	5
6555	4
6556	5
6557	5
6558	3
6559	4
6560	3
6561	4
6562	6
6563	4
6564	2
6565	4
6566	4
6567	3
6568	2
6569	1
6570	2
6571	1
6572	3
6573	1
6574	6
6575	4
6576	2
6577	2
6578	2
6579	4
6580	1
6581	3
6582	3
6583	2
6584	0
6585	2
6586	6
6587	3
6588	2
6589	3
6590	5
6591	2
6592	7
6593	6
6594	0
6595	5
6596	6
6597	2
6598	4
6599	1
6600	4
6601	5
6602	2
6603	3
6604	2
6605	3
6606	7
6607	1
6608	5
6609	6
6610	5
6611	5
6612	3
6613	2
6614	4
6615	1
6616	3
6617	4
6618	2
6619	4
6620	3
6621	2
6622	1
6623	2
6624	5
6625	1
6626	2
6627	0
6628	4
6629	2
6630	0
6631	1
6632	3
6633	3
6634	2
6635	4
6636	3
6637	3
6638	4
6639	3
6640	1
6641	1
6642	3
6643	4
6644	4
6645	2
6646	6
6647	3
6648	3
6649	1
6650	4
6651	3
6652	1
6653	5
6654	3
6655	2
6656	3
6657	7
6658	3
6659	5
6660	0
6661	1
6662	3
6663	1
6664	4
6665	3
6666	1
6667	4
6668	5
6669	7
6670	2
6671	2
6672	1
6673	3
6674	2
6675	4
6676	3
6677	2
6678	3
6679	2
6680	3
6681	3
6682	4
6683	3
6684	3
6685	1
6686	1
6687	4
6688	2
6689	3
6690	2
6691	2
6692	4
6693	3
6694	4
6695	3
6696	1
6697	8
6698	5
6699	4
6700	3
6701	3
6702	7
6703	2
6704	6
6705	2
6706	2
6707	3
6708	4
6709	4
6710	3
6711	5
6712	1
6713	6
6714	4
6715	3
6716	4
6717	4
6718	4
6719	3
6720	3
6721	2
6722	9
6723	3
6724	2
6725	4
6726	3
6727	4
6728	4
6729	1
6730	3
6731	3
6732	2
6733	2
6734	1
6735	4
6736	5
6737	4
6738	2
6739	1
6740	3
6741	3
6742	0
6743	4
6744	2
6745	3
6746	1
6747	5
6748	3
6749	4
6750	6
6751	5
6752	2
6753	2
6754	2
6755	1
6756	5
6757	0
6758	2
6759	4
6760	5
6761	2
6762	0
6763	2
6764	1
6765	4
6766	2
6767	3
6768	3
6769	3
6770	3
6771	3
6772	3
6773	1
6774	6
6775	2
6776	3
6777	3
6778	2
6779	1
6780	1
6781	5
6782	4
6783	4
6784	4
6785	3
6786	2
6787	4
6788	3
6789	0
6790	2
6791	3
6792	4
6793	2
6794	4
6795	2
6796	0
6797	1
6798	2
6799	1
6800	2
6801	3
6802	3
6803	1
6804	5
6805	3
6806	3
6807	1
6808	3
6809	5
6810	0
6811	2
6812	2
6813	0
6814	1
6815	2
6816	0
6817	1
6818	4
6819	2
6820	1
6821	5
6822	1
6823	3
6824	4
6825	5
6826	4
6827	3
6828	5
6829	1
6830	1
6831	1
6832	6
6833	2
6834	0
6835	4
6836	2
6837	3
6838	5
6839	1
6840	0
6841	1
6842	0
6843	2
6844	1
6845	4
6846	5
6847	4
6848	3
6849	0
6850	1
6851	4
6852	2
6853	2
6854	4
6855	3
6856	3
6857	3
6858	6
6859	2
6860	2
6861	1
6862	2
6863	1
6864	3
6865	3
6866	5
6867	3
6868	3
6869	4
6870	2
6871	1
6872	2
6873	0
6874	4
6875	1
6876	3
6877	2
6878	0
6879	1
6880	1
6881	1
6882	4
6883	1
6884	2
6885	1
6886	0
6887	1
6888	2
6889	2
6890	2
6891	2
6892	1
6893	4
6894	1
6895	2
6896	1
6897	2
6898	1
6899	3
6900	2
6901	0
6902	1
6903	2
6904	1
6905	3
6906	3
6907	2
6908	1
6909	4
6910	4
6911	2
6912	6
6913	1
6914	2
6915	2
6916	1
6917	1
6918	1
6919	2
6920	3
6921	3
6922	5
6923	2
6924	0
6925	2
6926	3
6927	3
6928	3
6929	2
6930	1
6931	4
6932	3
6933	0
6934	1
6935	0
6936	5
6937	1
6938	6
6939	3
6940	1
6941	2
6942	2
6943	4
6944	0
6945	2
6946	5
6947	3
6948	2
6949	2
6950	4
6951	4
6952	5
6953	5
6954	0
6955	5
6956	4
6957	2
6958	2
6959	3
6960	4
6961	3
6962	3
6963	0
6964	2
6965	4
6966	2
6967	1
6968	0
6969	0
6970	3
6971	2
6972	3
6973	2
6974	0
6975	1
6976	0
6977	4
6978	4
6979	1
6980	2
6981	1
6982	0
6983	0
6984	6
6985	2
6986	3
6987	0
6988	2
6989	1
6990	3
6991	4
6992	2
6993	2
6994	3
6995	3
6996	4
6997	3
6998	1
6999	1
7000	3
7001	3
7002	1
7003	3
7004	6
7005	2
7006	0
7007	3
7008	1
7009	1
7010	2
7011	1
7012	3
7013	1
7014	3
7015	0
7016	3
7017	2
7018	0
7019	4
7020	4
7021	1
7022	3
7023	4
7024	0
7025	3
7026	2
7027	0
7028	2
7029	0
7030	1
7031	2
7032	0
7033	0
7034	3
7035	3
7036	4
7037	1
7038	4
7039	2
7040	1
7041	3
7042	2
7043	1
7044	3
7045	2
7046	2
7047	1
7048	1
7049	3
7050	1
7051	0
7052	2
7053	3
7054	1
7055	1
7056	5
7057	2
7058	2
7059	1
7060	1
7061	2
7062	5
7063	2
7064	1
7065	2
7066	1
7067	2
7068	2
7069	1
7070	1
7071	2
7072	0
7073	1
7074	3
7075	3
7076	5
7077	0
7078	3
7079	0
7080	0
7081	2
7082	3
7083	2
7084	3
7085	1
7086	3
7087	1
7088	2
7089	0
7090	0
7091	1
7092	2
7093	1
7094	2
7095	1
7096	1
7097	1
7098	1
7099	4
7100	0
7101	0
7102	2
7103	4
7104	0
7105	0
7106	0
7107	0
7108	3
7109	1
7110	2
7111	0
7112	1
7113	5
7114	3
7115	2
7116	1
7117	1
7118	2
7119	3
7120	4
7121	3
7122	0
7123	3
7124	5
7125	0
7126	1
7127	1
7128	3
7129	1
7130	1
7131	3
7132	1
7133	0
7134	0
7135	1
7136	3
7137	2
7138	2
7139	2
7140	0
7141	0
7142	1
7143	0
7144	5
7145	2
7146	1
7147	3
7148	2
7149	3
7150	3
7151	2
7152	2
7153	0
7154	1
7155	0
7156	1
7157	2
7158	1
7159	2
7160	1
7161	0
7162	2
7163	1
7164	2
7165	1
7166	3
7167	0
7168	1
7169	4
7170	3
7171	0
7172	0
7173	0
7174	2
7175	2
7176	0
7177	2
7178	2
7179	1
7180	3
7181	0
7182	1
7183	4
7184	3
7185	4
7186	2
7187	1
7188	0
7189	1
7190	0
7191	0
7192	2
7193	2
7194	1
7195	3
7196	1
7197	1
7198	0
7199	1
7200	0
7201	2
7202	2
7203	1
7204	1
7205	1
7206	2
7207	3
7208	2
7209	1
7210	1
7211	2
7212	3
7213	0
7214	0
7215	0
7216	2
7217	3
7218	0
7219	2
7220	2
7221	1
7222	4
7223	1
7224	3
7225	3
7226	2
7227	4
7228	1
7229	3
7230	2
7231	2
7232	0
7233	1
7234	2
7235	2
7236	1
7237	0
7238	0
7239	1
7240	2
7241	2
7242	1
7243	2
7244	0
7245	1
7246	1
7247	2
7248	0
7249	3
7250	2
7251	3
7252	5
7253	1
7254	1
7255	1
7256	0
7257	3
7258	1
7259	2
7260	1
7261	1
7262	1
7263	2
7264	1
7265	2
7266	1
7267	1
7268	0
7269	1
7270	0
7271	1
7272	1
7273	3
7274	2
7275	0
7276	2
7277	1
7278	3
7279	0
7280	0
7281	1
7282	1
7283	2
7284	3
7285	1
7286	2
7287	1
7288	1
7289	2
7290	1
7291	3
7292	0
7293	2
7294	2
7295	2
7296	1
7297	6
7298	1
7299	0
7300	2
7301	3
7302	0
7303	3
7304	1
7305	0
7306	2
7307	2
7308	0
7309	2
7310	1
7311	0
7312	1
7313	1
7314	1
7315	1
7316	1
7317	0
7318	0
7319	2
7320	1
7321	0
7322	0
7323	2
7324	0
7325	1
7326	2
7327	3
7328	3
7329	0
7330	0
7331	2
7332	0
7333	0
7334	1
7335	1
7336	2
7337	0
7338	1
7339	2
7340	2
7341	3
7342	1
7343	1
7344	2
7345	5
7346	2
7347	0
7348	2
7349	1
7350	1
7351	0
7352	2
7353	0
7354	1
7355	1
7356	1
7357	1
7358	0
7359	1
7360	0
7361	0
7362	0
7363	0
7364	2
7365	0
7366	0
7367	0
7368	1
7369	0
7370	0
7371	0
7372	0
7373	0
7374	0
7375	0
7376	0
7377	0
7378	0
7379	0
7380	0
7381	0
7382	0
7383	0
7384	0
7385	0
7386	0
7387	0
7388	0
7389	0
7390	0
7391	0
7392	0
7393	0
7394	0
7395	0
7396	0
7397	0
7398	0
7399	0
7400	0
7401	0
7402	0
7403	0
7404	0
7405	0
7406	0
7407	0
7408	0
7409	0
7410	0
7411	0
7412	0
7413	0
7414	0
7415	0
7416	0
7417	0
7418	0
7419	0
7420	0
7421	0
7422	0
7423	0
7424	0
7425	0
7426	0
7427	0
7428	0
7429	0
7430	0
7431	0
7432	0
7433	0
7434	0
7435	0
7436	0
7437	0
7438	0
7439	0
7440	0
7441	0
7442	0
7443	0
7444	0
7445	0
7446	0
7447	0
7448	0
7449	0
7450	0
7451	0
7452	0
7453	0
7454	0
7455	0
7456	0
7457	0
7458	0
7459	0
7460	0
7461	0
7462	0
7463	0
7464	0
7465	0
7466	0
7467	0
7468	0
7469	0
7470	0
7471	0
7472	0
7473	0
7474	0
7475	0
7476	0
7477	0
7478	0
7479	0
7480	0
7481	0
7482	0
7483	0
7484	0
7485	0
7486	0
7487	0
7488	0
7489	0
7490	0
7491	0
7492	0
7493	0
7494	0
7495	0
7496	0
7497	0
7498	0
7499	0
7500	0
7501	0
7502	0
7503	0
7504	0
7505	0
7506	0
7507	0
7508	0
7509	0
7510	0
7511	0
7512	0
7513	0
7514	0
7515	0
7516	0
7517	0
7518	0
7519	0
7520	0
7521	0
7522	0
7523	0
7524	0
7525	0
7526	0
7527	0
7528	0
7529	0
7530	0
7531	0
7532	0
7533	0
7534	0
7535	0
7536	0
7537	0
7538	0
7539	0
7540	0
7541	0
7542	0
7543	0
7544	0
7545	0
7546	0
7547	0
7548	0
7549	0
7550	0
7551	0
7552	0
7553	0
7554	0
7555	0
7556	0
7557	0
7558	0
7559	0
7560	0
7561	0
7562	0
7563	0
7564	0
7565	0
7566	0
7567	0
7568	0
7569	0
7570	0
7571	0
7572	0
7573	0
7574	0
7575	0
7576	0
7577	0
7578	0
7579	0
7580	0
7581	0
7582	0
7583	0
7584	0
7585	0
7586	0
7587	0
7588	0
7589	0
7590	0
7591	0
7592	0
7593	0
7594	0
7595	0
7596	0
7597	0
7598	0
7599	0
7600	0
7601	0
7602	0
7603	0
7604	0
7605	0
7606	0
7607	0
7608	0
7609	0
7610	0
7611	0
7612	0
7613	0
7614	0
7615	0
7616	0
7617	0
7618	0
7619	0
7620	0
7621	0
7622	0
7623	0
7624	0
7625	0
7626	0
7627	0
7628	0
7629	0
7630	0
7631	0
7632	0
7633	0
7634	0
7635	0
7636	0
7637	0
7638	0
7639	0
7640	0
7641	0
7642	0
7643	0
7644	0
7645	0
7646	0
7647	0
7648	0
7649	0
7650	0
7651	0
7652	0
7653	0
7654	0
7655	0
7656	0
7657	0
7658	0
7659	0
7660	0
7661	0
7662	0
7663	0
7664	0
7665	0
7666	0
7667	0
7668	0
7669	0
7670	0
7671	0
7672	0
7673	0
7674	0
7675	0
7676	0
7677	0
7678	0
7679	0
7680	0
7681	0
7682	0
7683	0
7684	0
7685	0
7686	0
7687	0
7688	0
7689	0
7690	0
7691	0
7692	0
7693	0
7694	0
7695	0
7696	0
7697	0
7698	0
7699	0
7700	0
7701	0
7702	0
7703	0
7704	0
7705	0
7706	0
7707	0
7708	0
7709	0
7710	0
7711	0
7712	0
7713	0
7714	0
7715	0
7716	0
7717	0
7718	0
7719	0
7720	0
7721	0
7722	0
7723	0
7724	0
7725	0
7726	0
7727	0
7728	0
7729	0
7730	0
7731	0
7732	0
7733	0
7734	0
7735	0
7736	0
7737	0
7738	0
7739	0
7740	0
7741	0
7742	0
7743	0
7744	0
7745	0
7746	0
7747	0
7748	0
7749	0
7750	0
7751	0
7752	0
7753	0
7754	0
7755	0
7756	0
7757	0
7758	0
7759	0
7760	0
7761	0
7762	0
7763	0
7764	0
7765	0
7766	0
7767	0
7768	0
7769	0
7770	0
7771	0
7772	0
7773	0
7774	0
7775	0
7776	0
7777	0
7778	0
7779	0
7780	0
7781	0
7782	0
7783	0
7784	0
7785	0
7786	0
7787	0
7788	0
7789	0
7790	0
7791	0
7792	0
7793	0
7794	0
7795	0
7796	0
7797	0
7798	0
7799	0
7800	0
7801	0
7802	0
7803	0
7804	0
7805	0
7806	0
7807	0
7808	0
7809	0
7810	0
7811	0
7812	0
7813	0
7814	0
7815	0
7816	0
7817	0
7818	0
7819	0
7820	0
7821	0
7822	0
7823	0
7824	0
7825	0
7826	0
7827	0
7828	0
7829	0
7830	0
7831	0
7832	0
7833	0
7834	0
7835	0
7836	0
7837	0
7838	0
7839	0
7840	0
7841	0
7842	0
7843	0
7844	0
7845	0
7846	0
7847	0
7848	0
7849	0
7850	0
7851	0
7852	0
7853	0
7854	0
7855	0
7856	0
7857	0
7858	0
7859	0
7860	0
7861	0
7862	0
7863	0
7864	0
7865	0
7866	0
7867	0
7868	0
7869	0
7870	0
7871	0
7872	0
7873	0
7874	0
7875	0
7876	0
7877	0
7878	0
7879	0
7880	0
7881	0
7882	0
7883	0
7884	0
7885	0
7886	0
7887	0
7888	0
7889	0
7890	0
7891	0
7892	0
7893	0
7894	0
7895	0
7896	0
7897	0
7898	0
7899	0
7900	0
7901	0
7902	0
7903	0
7904	0
7905	0
7906	0
7907	0
7908	0
7909	0
7910	0
7911	0
7912	0
7913	0
7914	0
7915	0
7916	0
7917	0
7918	0
7919	0
7920	0
7921	0
7922	0
7923	0
7924	0
7925	0
7926	0
7927	0
7928	0
7929	0
7930	0
7931	0
7932	0
7933	0
7934	0
7935	0
7936	0
7937	0
7938	0
7939	0
7940	0
7941	0
7942	0
7943	0
7944	0
7945	0
7946	0
7947	0
7948	0
7949	0
7950	0
7951	0
7952	0
7953	0
7954	0
7955	0
7956	0
7957	0
7958	0
7959	0
7960	0
7961	0
7962	0
7963	0
7964	0
7965	0
7966	0
7967	0
7968	0
7969	0
7970	0
7971	0
7972	0
7973	0
7974	0
7975	0
7976	0
7977	0
7978	0
7979	0
7980	0
7981	0
7982	0
7983	0
7984	0
7985	0
7986	0
7987	0
7988	0
7989	0
7990	0
7991	0
7992	0
7993	0
7994	0
7995	0
7996	0
7997	0
7998	0
7999	0
8000	0
8001	0
8002	0
8003	0
8004	0
8005	0
8006	0
8007	0
8008	0
8009	0
8010	0
8011	0
8012	0
8013	0
8014	0
8015	0
8016	0
8017	0
8018	0
8019	0
8020	0
8021	0
8022	0
8023	0
8024	0
8025	0
8026	0
8027	0
8028	0
8029	0
8030	0
8031	0
8032	0
8033	0
8034	0
8035	0
8036	0
8037	0
8038	0
8039	0
8040	0
8041	0
8042	0
8043	0
8044	0
8045	0
8046	0
8047	0
8048	0
8049	0
8050	0
8051	0
8052	0
8053	0
8054	0
8055	0
8056	0
8057	0
8058	0
8059	0
8060	0
8061	0
8062	0
8063	0
8064	0
8065	0
8066	0
8067	0
8068	0
8069	0
8070	0
8071	0
8072	0
8073	0
8074	0
8075	0
8076	0
8077	0
8078	0
8079	0
8080	0
8081	0
8082	0
8083	0
8084	0
8085	0
8086	0
8087	0
8088	0
8089	0
8090	0
8091	0
8092	0
8093	0
8094	0
8095	0
8096	0
8097	0
8098	0
8099	0
8100	0
8101	0
8102	0
8103	0
8104	0
8105	0
8106	0
8107	0
8108	0
8109	0
8110	0
8111	0
8112	0
8113	0
8114	0
8115	0
8116	0
8117	0
8118	0
8119	0
8120	0
8121	0
8122	0
8123	0
8124	0
8125	0
8126	0
8127	0
8128	0
8129	0
8130	0
8131	0
8132	0
8133	0
8134	0
8135	0
8136	0
8137	0
8138	0
8139	0
8140	0
8141	0
8142	0
8143	0
8144	0
8145	0
8146	0
8147	0
8148	0
8149	0
8150	0
8151	0
8152	0
8153	0
8154	0
8155	0
8156	0
8157	0
8158	0
8159	0
8160	0
8161	0
8162	0
8163	0
8164	0
8165	0
8166	0
8167	0
8168	0
8169	0
8170	0
8171	0
8172	0
8173	0
8174	0
8175	0
8176	0
8177	0
8178	0
8179	0
8180	0
8181	0
8182	0
8183	0
8184	0
8185	0
8186	0
8187	0
8188	0
8189	0
8190	0
8191	0
