0	0
1	0
2	0
3	0
4	0
5	0
6	0
7	0
8	0
9	0
10	0
11	0
12	0
13	0
14	0
15	0
16	0
17	0
18	1
19	8
20	7
21	7
22	8
23	9
24	7
25	6
26	10
27	9
28	11
29	9
30	8
31	5
32	7
33	7
34	7
35	9
36	3
37	6
38	7
39	7
40	7
41	8
42	11
43	12
44	9
45	10
46	9
47	8
48	9
49	10
50	7
51	7
52	7
53	6
54	8
55	9
56	2
57	8
58	5
59	8
60	6
61	12
62	15
63	6
64	2
65	13
66	11
67	8
68	12
69	10
70	8
71	9
72	7
73	4
74	10
75	9
76	6
77	7
78	6
79	7
80	5
81	9
82	9
83	5
84	7
85	14
86	10
87	10
88	10
89	14
90	9
91	10
92	5
93	7
94	11
95	10
96	6
97	10
98	10
99	8
100	5
101	9
102	6
103	11
104	13
105	2
106	11
107	8
108	11
109	7
110	11
111	7
112	8
113	5
114	9
115	6
116	8
117	1
118	7
119	9
120	7
121	5
122	8
123	14
124	7
125	8
126	9
127	7
128	8
129	11
130	6
131	14
132	7
133	3
134	10
135	10
136	11
137	12
138	8
139	7
140	3
141	8
142	5
143	11
144	10
145	4
146	7
147	8
148	5
149	11
150	9
151	5
152	6
153	6
154	15
155	3
156	15
157	5
158	8
159	10
160	8
161	12
162	7
163	6
164	4
165	12
166	10
167	13
168	9
169	12
170	7
171	10
172	8
173	10
174	11
175	5
176	6
177	7
178	9
179	16
180	10
181	16
182	10
183	11
184	8
185	8
186	9
187	6
188	7
189	7
190	5
191	5
192	3
193	5
194	8
195	10
196	10
197	6
198	7
199	4
200	8
201	6
202	5
203	14
204	3
205	4
206	7
207	8
208	13
209	4
210	5
211	6
212	15
213	4
214	5
215	6
216	5
217	9
218	7
219	4
220	4
221	9
222	3
223	6
224	10
225	8
226	7
227	5
228	9
229	9
230	8
231	8
232	4
233	3
234	8
235	8
236	10
237	6
238	6
239	11
240	6
241	6
242	11
243	8
244	7
245	6
246	3
247	3
248	7
249	3
250	2
251	14
252	11
253	9
254	5
255	7
256	5
257	2
258	10
259	10
260	5
261	8
262	8
263	7
264	11
265	9
266	6
267	5
268	8
269	11
270	6
271	5
272	12
273	11
274	7
275	10
276	6
277	18
278	14
279	13
280	6
281	8
282	7
283	10
284	4
285	6
286	5
287	4
288	6
289	9
290	3
291	10
292	7
293	5
294	6
295	9
296	16
297	5
298	7
299	12
300	9
301	12
302	4
303	10
304	11
305	9
306	8
307	5
308	8
309	12
310	10
311	6
312	11
313	7
314	7
315	8
316	6
317	11
318	8
319	9
320	4
321	12
322	8
323	8
324	5
325	8
326	9
327	9
328	3
329	4
330	11
331	8
332	9
333	10
334	7
335	9
336	14
337	9
338	8
339	9
340	4
341	10
342	14
343	4
344	4
345	6
346	12
347	9
348	11
349	6
350	13
351	8
352	10
353	9
354	8
355	7
356	7
357	9
358	12
359	10
360	9
361	8
362	7
363	6
364	8
365	9
366	7
367	11
368	13
369	8
370	9
371	8
372	8
373	5
374	7
375	7
376	14
377	8
378	9
379	13
380	6
381	10
382	4
383	6
384	5
385	3
386	6
387	6
388	8
389	7
390	8
391	9
392	6
393	8
394	12
395	6
396	7
397	9
398	9
399	8
400	8
401	3
402	13
403	6
404	7
405	6
406	5
407	8
408	9
409	5
410	4
411	13
412	10
413	14
414	4
415	8
416	5
417	6
418	9
419	12
420	10
421	3
422	9
423	7
424	7
425	9
426	8
427	10
428	5
429	7
430	11
431	11
432	17
433	7
434	4
435	7
436	4
437	7
438	6
439	8
440	7
441	3
442	12
443	13
444	5
445	10
446	8
447	10
448	15
449	5
450	9
451	9
452	3
453	13
454	10
455	14
456	10
457	8
458	9
459	4
460	11
461	8
462	6
463	8
464	9
465	8
466	11
467	11
468	8
469	8
470	9
471	9
472	9
473	6
474	6
475	9
476	7
477	10
478	7
479	9
480	5
481	9
482	11
483	12
484	6
485	7
486	16
487	14
488	9
489	9
490	7
491	9
492	9
493	12
494	9
495	13
496	13
497	6
498	4
499	10
500	9
501	9
502	11
503	4
504	13
505	5
506	9
507	14
508	9
509	13
510	9
511	5
512	9
513	15
514	9
515	9
516	7
517	12
518	13
519	7
520	11
521	6
522	12
523	9
524	4
525	6
526	4
527	5
528	7
529	7
530	17
531	7
532	13
533	4
534	16
535	9
536	11
537	6
538	9
539	9
540	10
541	8
542	13
543	6
544	13
545	8
546	13
547	11
548	11
549	8
550	6
551	14
552	6
553	8
554	5
555	14
556	6
557	12
558	10
559	8
560	7
561	8
562	8
563	11
564	11
565	5
566	9
567	6
568	9
569	8
570	9
571	11
572	18
573	9
574	5
575	6
576	9
577	3
578	11
579	3
580	9
581	8
582	8
583	9
584	10
585	4
586	11
587	6
588	8
589	18
590	9
591	12
592	5
593	14
594	7
595	14
596	12
597	10
598	8
599	10
600	10
601	12
602	6
603	10
604	15
605	8
606	11
607	5
608	8
609	8
610	6
611	9
612	9
613	14
614	11
615	10
616	11
617	13
618	11
619	14
620	5
621	9
622	9
623	8
624	7
625	19
626	10
627	6
628	12
629	9
630	16
631	5
632	9
633	8
634	5
635	10
636	12
637	8
638	15
639	11
640	8
641	11
642	8
643	11
644	2
645	18
646	10
647	7
648	4
649	10
650	9
651	11
652	7
653	6
654	11
655	9
656	12
657	4
658	10
659	6
660	4
661	7
662	6
663	12
664	8
665	12
666	7
667	6
668	6
669	5
670	11
671	10
672	10
673	12
674	10
675	7
676	10
677	11
678	12
679	8
680	7
681	9
682	8
683	2
684	6
685	7
686	13
687	8
688	10
689	8
690	8
691	8
692	13
693	15
694	13
695	9
696	20
697	11
698	11
699	13
700	5
701	15
702	8
703	6
704	7
705	11
706	9
707	8
708	8
709	9
710	9
711	7
712	9
713	7
714	7
715	12
716	13
717	16
718	20
719	12
720	14
721	6
722	12
723	9
724	10
725	12
726	13
727	8
728	6
729	14
730	6
731	12
732	13
733	8
734	4
735	10
736	9
737	11
738	10
739	4
740	5
741	11
742	11
743	10
744	11
745	4
746	16
747	9
748	3
749	10
750	11
751	7
752	7
753	12
754	6
755	6
756	7
757	7
758	10
759	17
760	2
761	6
762	5
763	9
764	10
765	6
766	15
767	8
768	11
769	11
770	18
771	11
772	17
773	14
774	14
775	11
776	10
777	11
778	10
779	8
780	9
781	6
782	8
783	7
784	7
785	10
786	9
787	7
788	7
789	7
790	5
791	7
792	11
793	9
794	11
795	10
796	13
797	15
798	16
799	16
800	7
801	4
802	12
803	8
804	11
805	10
806	11
807	8
808	5
809	12
810	11
811	10
812	9
813	4
814	9
815	6
816	10
817	12
818	15
819	9
820	9
821	9
822	7
823	6
824	12
825	13
826	12
827	14
828	10
829	9
830	7
831	13
832	8
833	6
834	12
835	12
836	11
837	9
838	9
839	10
840	6
841	8
842	7
843	6
844	13
845	6
846	10
847	9
848	13
849	12
850	20
851	10
852	11
853	9
854	7
855	6
856	7
857	8
858	11
859	9
860	13
861	14
862	8
863	11
864	17
865	11
866	23
867	9
868	7
869	5
870	9
871	7
872	8
873	11
874	15
875	9
876	8
877	10
878	6
879	6
880	11
881	8
882	10
883	9
884	11
885	8
886	8
887	13
888	8
889	10
890	8
891	10
892	10
893	8
894	13
895	7
896	11
897	15
898	6
899	12
900	12
901	19
902	7
903	9
904	7
905	7
906	12
907	12
908	10
909	12
910	11
911	9
912	8
913	8
914	6
915	3
916	10
917	6
918	8
919	9
920	5
921	13
922	4
923	8
924	6
925	14
926	8
927	8
928	7
929	9
930	7
931	7
932	5
933	11
934	8
935	10
936	13
937	9
938	3
939	5
940	5
941	12
942	10
943	9
944	6
945	10
946	8
947	4
948	6
949	8
950	9
951	15
952	10
953	7
954	10
955	5
956	5
957	12
958	7
959	11
960	4
961	16
962	10
963	14
964	19
965	8
966	7
967	9
968	8
969	6
970	12
971	6
972	11
973	11
974	6
975	14
976	10
977	13
978	8
979	8
980	13
981	9
982	12
983	4
984	11
985	13
986	7
987	10
988	9
989	7
990	8
991	9
992	3
993	8
994	9
995	7
996	12
997	17
998	10
999	9
1000	17
1001	9
1002	10
1003	12
1004	13
1005	8
1006	9
1007	17
1008	7
1009	13
1010	11
1011	3
1012	6
1013	5
1014	7
1015	10
1016	12
1017	12
1018	9
1019	8
1020	12
1021	11
1022	4
1023	11
1024	8
1025	6
1026	8
1027	5
1028	5
1029	9
1030	9
1031	8
1032	11
1033	14
1034	7
1035	7
1036	10
1037	10
1038	6
1039	10
1040	18
1041	7
1042	9
1043	4
1044	20
1045	12
1046	6
1047	7
1048	9
1049	9
1050	7
1051	6
1052	7
1053	15
1054	15
1055	8
1056	6
1057	12
1058	7
1059	9
1060	9
1061	8
1062	11
1063	10
1064	10
1065	7
1066	6
1067	9
1068	7
1069	9
1070	8
1071	6
1072	14
1073	6
1074	6
1075	10
1076	14
1077	9
1078	6
1079	6
1080	13
1081	11
1082	9
1083	15
1084	14
1085	9
1086	8
1087	5
1088	7
1089	5
1090	8
1091	7
1092	9
1093	9
1094	8
1095	7
1096	16
1097	9
1098	14
1099	14
1100	11
1101	11
1102	7
1103	6
1104	13
1105	12
1106	6
1107	11
1108	6
1109	8
1110	6
1111	9
1112	12
1113	11
1114	5
1115	5
1116	10
1117	7
1118	8
1119	7
1120	9
1121	5
1122	8
1123	5
1124	15
1125	12
1126	7
1127	13
1128	11
1129	8
1130	14
1131	15
1132	13
1133	8
1134	10
1135	14
1136	9
1137	10
1138	9
1139	6
1140	10
1141	10
1142	10
1143	10
1144	7
1145	13
1146	16
1147	13
1148	11
1149	9
1150	9
1151	9
1152	10
1153	9
1154	9
1155	8
1156	10
1157	7
1158	9
1159	8
1160	11
1161	7
1162	13
1163	9
1164	9
1165	10
1166	10
1167	10
1168	5
1169	10
1170	3
1171	12
1172	13
1173	9
1174	11
1175	9
1176	14
1177	8
1178	6
1179	10
1180	7
1181	12
1182	11
1183	7
1184	10
1185	9
1186	9
1187	12
1188	8
1189	5
1190	7
1191	5
1192	8
1193	13
1194	7
1195	14
1196	5
1197	14
1198	12
1199	13
1200	11
1201	11
1202	12
1203	15
1204	11
1205	13
1206	8
1207	11
1208	9
1209	10
1210	12
1211	6
1212	6
1213	11
1214	12
1215	8
1216	12
1217	9
1218	8
1219	14
1220	11
1221	7
1222	8
1223	11
1224	10
1225	10
1226	6
1227	5
1228	14
1229	10
1230	5
1231	13
1232	5
1233	12
1234	10
1235	12
1236	13
1237	6
1238	11
1239	10
1240	13
1241	10
1242	11
1243	13
1244	9
1245	8
1246	11
1247	9
1248	14
1249	6
1250	11
1251	3
1252	12
1253	9
1254	5
1255	7
1256	5
1257	7
1258	7
1259	13
1260	7
1261	5
1262	11
1263	7
1264	5
1265	12
1266	10
1267	4
1268	13
1269	10
1270	10
1271	14
1272	8
1273	15
1274	6
1275	11
1276	8
1277	10
1278	15
1279	11
1280	12
1281	5
1282	11
1283	7
1284	6
1285	7
1286	7
1287	12
1288	7
1289	8
1290	6
1291	7
1292	8
1293	13
1294	10
1295	11
1296	8
1297	5
1298	14
1299	5
1300	7
1301	8
1302	7
1303	5
1304	11
1305	15
1306	11
1307	12
1308	5
1309	11
1310	10
1311	16
1312	4
1313	11
1314	7
1315	8
1316	10
1317	11
1318	12
1319	7
1320	9
1321	7
1322	10
1323	15
1324	9
1325	7
1326	16
1327	8
1328	8
1329	7
1330	7
1331	6
1332	10
1333	11
1334	11
1335	7
1336	11
1337	9
1338	7
1339	7
1340	7
1341	7
1342	15
1343	7
1344	9
1345	14
1346	10
1347	5
1348	19
1349	11
1350	5
1351	7
1352	15
1353	8
1354	17
1355	14
1356	9
1357	15
1358	8
1359	10
1360	3
1361	9
1362	10
1363	8
1364	9
1365	12
1366	9
1367	7
1368	11
1369	9
1370	12
1371	10
1372	13
1373	10
1374	7
1375	8
1376	13
1377	7
1378	7
1379	7
1380	8
1381	9
1382	8
1383	9
1384	17
1385	7
1386	10
1387	10
1388	6
1389	9
1390	11
1391	10
1392	8
1393	6
1394	11
1395	8
1396	12
1397	15
1398	14
1399	8
1400	11
1401	9
1402	5
1403	10
1404	8
1405	8
1406	8
1407	13
1408	6
1409	14
1410	7
1411	8
1412	8
1413	8
1414	8
1415	12
1416	7
1417	14
1418	9
1419	11
1420	9
1421	9
1422	12
1423	8
1424	8
1425	8
1426	10
1427	9
1428	8
1429	13
1430	9
1431	11
1432	4
1433	7
1434	11
1435	10
1436	14
1437	6
1438	9
1439	9
1440	6
1441	15
1442	10
1443	15
1444	5
1445	9
1446	12
1447	5
1448	8
1449	7
1450	9
1451	14
1452	7
1453	9
1454	7
1455	4
1456	7
1457	11
1458	10
1459	12
1460	12
1461	3
1462	12
1463	9
1464	8
1465	7
1466	10
1467	7
1468	6
1469	9
1470	6
1471	8
1472	6
1473	11
1474	10
1475	9
1476	8
1477	12
1478	8
1479	9
1480	14
1481	10
1482	7
1483	12
1484	8
1485	3
1486	8
1487	3
1488	9
1489	12
1490	5
1491	11
1492	7
1493	6
1494	7
1495	10
1496	6
1497	10
1498	13
1499	10
1500	5
1501	14
1502	9
1503	12
1504	15
1505	8
1506	11
1507	10
1508	8
1509	16
1510	8
1511	6
1512	13
1513	7
1514	12
1515	13
1516	9
1517	5
1518	9
1519	8
1520	2
1521	11
1522	13
1523	4
1524	15
1525	8
1526	14
1527	12
1528	7
1529	12
1530	9
1531	13
1532	12
1533	9
1534	12
1535	9
1536	14
1537	8
1538	15
1539	9
1540	11
1541	13
1542	10
1543	11
1544	9
1545	10
1546	10
1547	11
1548	10
1549	10
1550	13
1551	9
1552	12
1553	10
1554	9
1555	11
1556	6
1557	5
1558	6
1559	13
1560	9
1561	9
1562	6
1563	8
1564	4
1565	4
1566	7
1567	14
1568	8
1569	12
1570	5
1571	7
1572	8
1573	13
1574	5
1575	13
1576	10
1577	8
1578	8
1579	7
1580	11
1581	15
1582	8
1583	4
1584	5
1585	9
1586	9
1587	7
1588	9
1589	4
1590	5
1591	12
1592	7
1593	12
1594	10
1595	13
1596	7
1597	8
1598	9
1599	13
1600	12
1601	7
1602	7
1603	8
1604	7
1605	9
1606	16
1607	7
1608	6
1609	5
1610	10
1611	5
1612	13
1613	9
1614	10
1615	11
1616	6
1617	10
1618	8
1619	12
1620	11
1621	7
1622	6
1623	14
1624	14
1625	12
1626	6
1627	7
1628	7
1629	13
1630	9
1631	8
1632	14
1633	11
1634	9
1635	12
1636	8
1637	9
1638	6
1639	9
1640	11
1641	9
1642	7
1643	8
1644	11
1645	7
1646	10
1647	8
1648	12
1649	7
1650	11
1651	11
1652	6
1653	11
1654	6
1655	5
1656	12
1657	11
1658	6
1659	6
1660	15
1661	4
1662	9
1663	10
1664	9
1665	5
1666	12
1667	10
1668	10
1669	6
1670	12
1671	3
1672	4
1673	15
1674	9
1675	7
1676	9
1677	7
1678	8
1679	14
1680	3
1681	20
1682	10
1683	12
1684	10
1685	7
1686	10
1687	12
1688	10
1689	7
1690	6
1691	7
1692	8
1693	12
1694	8
1695	16
1696	9
1697	4
1698	12
1699	4
1700	7
1701	11
1702	12
1703	9
1704	9
1705	8
1706	7
1707	9
1708	10
1709	11
1710	7
1711	7
1712	8
1713	7
1714	5
1715	7
1716	9
1717	13
1718	9
1719	10
1720	7
1721	6
1722	11
1723	5
1724	14
1725	11
1726	7
1727	9
1728	8
1729	10
1730	10
1731	9
1732	13
1733	3
1734	11
1735	12
1736	10
1737	6
1738	7
1739	10
1740	6
1741	6
1742	7
1743	6
1744	9
1745	8
1746	8
1747	8
1748	10
1749	11
1750	6
1751	10
1752	11
1753	9
1754	9
1755	6
1756	5
1757	6
1758	12
1759	8
1760	8
1761	3
1762	7
1763	9
1764	11
1765	4
1766	21
1767	6
1768	15
1769	9
1770	10
1771	13
1772	8
1773	11
1774	9
1775	6
1776	7
1777	8
1778	9
1779	9
1780	10
1781	9
1782	6
1783	9
1784	11
1785	17
1786	11
1787	8
1788	5
1789	7
1790	9
1791	8
1792	8
1793	6
1794	5
1795	8
1796	12
1797	10
1798	12
1799	10
1800	7
1801	9
1802	3
1803	12
1804	11
1805	9
1806	12
1807	8
1808	8
1809	9
1810	10
1811	5
1812	10
1813	11
1814	11
1815	13
1816	5
1817	7
1818	10
1819	17
1820	13
1821	15
1822	11
1823	10
1824	8
1825	9
1826	11
1827	7
1828	11
1829	14
1830	14
1831	9
1832	6
1833	9
1834	11
1835	6
1836	12
1837	9
1838	9
1839	8
1840	5
1841	14
1842	13
1843	7
1844	8
1845	6
1846	11
1847	15
1848	9
1849	16
1850	6
1851	9
1852	6
1853	11
1854	8
1855	13
1856	6
1857	7
1858	10
1859	10
1860	10
1861	13
1862	8
1863	7
1864	7
1865	11
1866	8
1867	7
1868	8
1869	13
1870	14
1871	8
1872	10
1873	6
1874	16
1875	8
1876	10
1877	10
1878	3
1879	6
1880	9
1881	5
1882	12
1883	12
1884	8
1885	11
1886	5
1887	6
1888	14
1889	9
1890	16
1891	7
1892	8
1893	4
1894	12
1895	12
1896	8
1897	5
1898	4
1899	7
1900	8
1901	5
1902	10
1903	7
1904	8
1905	11
1906	4
1907	8
1908	2
1909	4
1910	4
1911	11
1912	9
1913	5
1914	7
1915	9
1916	15
1917	11
1918	7
1919	10
1920	12
1921	19
1922	11
1923	7
1924	11
1925	5
1926	5
1927	9
1928	6
1929	9
1930	5
1931	8
1932	8
1933	10
1934	8
1935	10
1936	7
1937	7
1938	4
1939	6
1940	12
1941	7
1942	17
1943	4
1944	11
1945	9
1946	11
1947	13
1948	10
1949	12
1950	7
1951	5
1952	9
1953	8
1954	12
1955	5
1956	9
1957	17
1958	8
1959	12
1960	11
1961	9
1962	14
1963	11
1964	7
1965	9
1966	10
1967	8
1968	6
1969	15
1970	9
1971	6
1972	9
1973	9
1974	9
1975	2
1976	15
1977	8
1978	8
1979	10
1980	6
1981	7
1982	6
1983	3
1984	9
1985	11
1986	9
1987	12
1988	11
1989	3
1990	7
1991	12
1992	9
1993	9
1994	8
1995	9
1996	12
1997	10
1998	10
1999	11
2000	9
2001	9
2002	7
2003	9
2004	10
2005	15
2006	9
2007	7
2008	5
2009	10
2010	9
2011	6
2012	5
2013	4
2014	17
2015	11
2016	16
2017	8
2018	12
2019	9
2020	7
2021	12
2022	14
2023	5
2024	14
2025	9
2026	10
2027	14
2028	8
2029	9
2030	9
2031	7
2032	6
2033	8
2034	7
2035	12
2036	11
2037	10
2038	7
2039	7
2040	8
2041	7
2042	13
2043	8
2044	12
2045	10
2046	10
2047	5
2048	16
2049	4
2050	7
2051	9
2052	8
2053	13
2054	8
2055	10
2056	7
2057	9
2058	12
2059	15
2060	11
2061	11
2062	6
2063	10
2064	13
2065	7
2066	11
2067	9
2068	8
2069	11
2070	8
2071	6
2072	4
2073	12
2074	11
2075	9
2076	8
2077	15
2078	10
2079	11
2080	10
2081	11
2082	9
2083	15
2084	18
2085	10
2086	8
2087	9
2088	12
2089	9
2090	6
2091	13
2092	12
2093	13
2094	12
2095	13
2096	15
2097	12
2098	14
2099	14
2100	11
2101	14
2102	10
2103	6
2104	6
2105	7
2106	8
2107	11
2108	12
2109	12
2110	16
2111	15
2112	11
2113	16
2114	9
2115	9
2116	12
2117	8
2118	10
2119	10
2120	7
2121	14
2122	12
2123	9
2124	8
2125	9
2126	10
2127	8
2128	19
2129	9
2130	13
2131	10
2132	9
2133	11
2134	19
2135	8
2136	10
2137	12
2138	10
2139	9
2140	11
2141	10
2142	13
2143	13
2144	14
2145	14
2146	15
2147	12
2148	10
2149	11
2150	8
2151	9
2152	18
2153	15
2154	8
2155	14
2156	16
2157	8
2158	7
2159	10
2160	9
2161	15
2162	9
2163	12
2164	5
2165	7
2166	9
2167	13
2168	17
2169	11
2170	15
2171	12
2172	11
2173	17
2174	10
2175	11
2176	16
2177	12
2178	14
2179	12
2180	9
2181	17
2182	8
2183	13
2184	12
2185	16
2186	8
2187	11
2188	11
2189	12
2190	12
2191	13
2192	14
2193	11
2194	9
2195	16
2196	16
2197	11
2198	14
2199	14
2200	9
2201	16
2202	12
2203	15
2204	8
2205	11
2206	13
2207	12
2208	15
2209	7
2210	24
2211	15
2212	8
2213	10
2214	9
2215	19
2216	9
2217	9
2218	11
2219	10
2220	14
2221	15
2222	15
2223	9
2224	9
2225	7
2226	14
2227	12
2228	11
2229	10
2230	10
2231	10
2232	12
2233	19
2234	9
2235	13
2236	9
2237	11
2238	9
2239	9
2240	6
2241	14
2242	5
2243	18
2244	16
2245	7
2246	13
2247	5
2248	13
2249	18
2250	17
2251	15
2252	11
2253	13
2254	17
2255	14
2256	17
2257	15
2258	13
2259	13
2260	9
2261	10
2262	15
2263	13
2264	13
2265	10
2266	5
2267	14
2268	14
2269	11
2270	14
2271	9
2272	13
2273	18
2274	20
2275	13
2276	15
2277	8
2278	10
2279	8
2280	13
2281	10
2282	12
2283	13
2284	9
2285	10
2286	10
2287	18
2288	16
2289	11
2290	11
2291	13
2292	11
2293	12
2294	8
2295	13
2296	14
2297	11
2298	11
2299	14
2300	12
2301	11
2302	11
2303	15
2304	11
2305	16
2306	10
2307	14
2308	6
2309	13
2310	13
2311	10
2312	10
2313	16
2314	14
2315	13
2316	9
2317	9
2318	9
2319	7
2320	10
2321	12
2322	8
2323	15
2324	13
2325	15
2326	10
2327	16
2328	13
2329	13
2330	11
2331	12
2332	13
2333	16
2334	12
2335	8
2336	12
2337	9
2338	17
2339	5
2340	7
2341	10
2342	10
2343	11
2344	18
2345	11
2346	9
2347	15
2348	21
2349	11
2350	12
2351	20
2352	11
2353	15
2354	14
2355	17
2356	15
2357	13
2358	16
2359	13
2360	12
2361	12
2362	7
2363	13
2364	12
2365	15
2366	9
2367	7
2368	7
2369	11
2370	17
2371	7
2372	13
2373	11
2374	11
2375	14
2376	12
2377	17
2378	12
2379	16
2380	12
2381	9
2382	11
2383	13
2384	10
2385	11
2386	13
2387	11
2388	11
2389	11
2390	12
2391	8
2392	12
2393	10
2394	14
2395	11
2396	13
2397	10
2398	7
2399	12
2400	8
2401	14
2402	15
2403	12
2404	8
2405	5
2406	12
2407	11
2408	8
2409	13
2410	14
2411	16
2412	21
2413	8
2414	7
2415	11
2416	7
2417	10
2418	8
2419	17
2420	10
2421	16
2422	9
2423	8
2424	11
2425	13
2426	10
2427	10
2428	14
2429	7
2430	9
2431	12
2432	16
2433	8
2434	6
2435	9
2436	8
2437	11
2438	10
2439	15
2440	10
2441	8
2442	21
2443	10
2444	7
2445	11
2446	8
2447	9
2448	13
2449	11
2450	12
2451	8
2452	14
2453	13
2454	18
2455	13
2456	8
2457	9
2458	12
2459	11
2460	8
2461	13
2462	7
2463	7
2464	13
2465	14
2466	15
2467	9
2468	13
2469	10
2470	14
2471	8
2472	11
2473	8
2474	19
2475	13
2476	7
2477	16
2478	8
2479	8
2480	18
2481	13
2482	15
2483	8
2484	6
2485	19
2486	4
2487	6
2488	8
2489	11
2490	10
2491	10
2492	10
2493	16
2494	8
2495	13
2496	14
2497	13
2498	9
2499	8
2500	15
2501	16
2502	13
2503	7
2504	11
2505	12
2506	13
2507	5
2508	3
2509	16
2510	12
2511	7
2512	11
2513	6
2514	19
2515	9
2516	8
2517	6
2518	13
2519	18
2520	9
2521	12
2522	9
2523	9
2524	4
2525	11
2526	17
2527	9
2528	15
2529	12
2530	13
2531	11
2532	14
2533	11
2534	15
2535	15
2536	7
2537	7
2538	5
2539	12
2540	12
2541	6
2542	13
2543	11
2544	4
2545	15
2546	10
2547	7
2548	7
2549	13
2550	11
2551	8
2552	14
2553	11
2554	4
2555	10
2556	7
2557	13
2558	6
2559	8
2560	14
2561	15
2562	15
2563	10
2564	15
2565	14
2566	9
2567	7
2568	9
2569	8
2570	8
2571	11
2572	9
2573	14
2574	10
2575	8
2576	15
2577	9
2578	9
2579	9
2580	7
2581	7
2582	13
2583	14
2584	11
2585	10
2586	7
2587	11
2588	10
2589	10
2590	13
2591	6
2592	6
2593	10
2594	11
2595	8
2596	8
2597	9
2598	8
2599	7
2600	8
2601	9
2602	10
2603	10
2604	6
2605	12
2606	5
2607	9
2608	8
2609	13
2610	16
2611	5
2612	10
2613	8
2614	14
2615	11
2616	18
2617	14
2618	11
2619	13
2620	5
2621	8
2622	9
2623	10
2624	16
2625	10
2626	13
2627	13
2628	9
2629	9
2630	3
2631	6
2632	13
2633	11
2634	15
2635	11
2636	16
2637	11
2638	9
2639	11
2640	14
2641	12
2642	12
2643	9
2644	8
2645	8
2646	9
2647	12
2648	16
2649	10
2650	8
2651	13
2652	15
2653	11
2654	10
2655	10
2656	4
2657	6
2658	15
2659	6
2660	8
2661	17
2662	20
2663	11
2664	9
2665	8
2666	9
2667	15
2668	9
2669	10
2670	11
2671	9
2672	5
2673	9
2674	9
2675	16
2676	10
2677	7
2678	6
2679	12
2680	12
2681	10
2682	15
2683	8
2684	12
2685	13
2686	9
2687	5
2688	11
2689	9
2690	8
2691	12
2692	8
2693	9
2694	5
2695	12
2696	10
2697	9
2698	11
2699	12
2700	11
2701	6
2702	8
2703	11
2704	8
2705	10
2706	6
2707	8
2708	7
2709	9
2710	7
2711	12
2712	12
2713	7
2714	13
2715	9
2716	6
2717	10
2718	13
2719	8
2720	14
2721	7
2722	10
2723	5
2724	10
2725	9
2726	8
2727	7
2728	8
2729	17
2730	6
2731	12
2732	9
2733	10
2734	9
2735	12
2736	8
2737	19
2738	15
2739	6
2740	15
2741	10
2742	5
2743	9
2744	12
2745	11
2746	11
2747	11
2748	7
2749	10
2750	9
2751	10
2752	6
2753	7
2754	11
2755	10
2756	12
2757	12
2758	13
2759	11
2760	14
2761	6
2762	12
2763	17
2764	10
2765	11
2766	5
2767	6
2768	11
2769	7
2770	6
2771	13
2772	13
2773	8
2774	1
2775	13
2776	12
2777	13
2778	9
2779	14
2780	12
2781	18
2782	9
2783	12
2784	9
2785	16
2786	8
2787	4
2788	5
2789	5
2790	12
2791	10
2792	9
2793	9
2794	14
2795	9
2796	11
2797	7
2798	6
2799	12
2800	10
2801	11
2802	8
2803	7
2804	13
2805	12
2806	9
2807	8
2808	9
2809	11
2810	4
2811	13
2812	10
2813	14
2814	6
2815	4
2816	6
2817	6
2818	9
2819	19
2820	16
2821	6
2822	15
2823	12
2824	11
2825	12
2826	16
2827	5
2828	9
2829	13
2830	7
2831	10
2832	16
2833	10
2834	11
2835	4
2836	13
2837	8
2838	8
2839	10
2840	8
2841	9
2842	6
2843	10
2844	9
2845	9
2846	11
2847	11
2848	8
2849	9
2850	10
2851	8
2852	13
2853	9
2854	12
2855	11
2856	4
2857	8
2858	6
2859	6
2860	9
2861	7
2862	8
2863	9
2864	15
2865	9
2866	5
2867	7
2868	9
2869	7
2870	12
2871	14
2872	14
2873	5
2874	7
2875	6
2876	13
2877	10
2878	15
2879	9
2880	7
2881	10
2882	5
2883	9
2884	5
2885	11
2886	8
2887	8
2888	10
2889	8
2890	9
2891	13
2892	10
2893	16
2894	5
2895	7
2896	12
2897	12
2898	10
2899	7
2900	5
2901	13
2902	4
2903	12
2904	6
2905	13
2906	10
2907	8
2908	8
2909	19
2910	12
2911	4
2912	7
2913	14
2914	9
2915	7
2916	9
2917	17
2918	6
2919	11
2920	10
2921	7
2922	6
2923	9
2924	9
2925	8
2926	15
2927	7
2928	8
2929	7
2930	8
2931	6
2932	4
2933	1
2934	10
2935	9
2936	11
2937	13
2938	7
2939	6
2940	14
2941	9
2942	13
2943	8
2944	7
2945	10
2946	10
2947	9
2948	11
2949	7
2950	13
2951	6
2952	11
2953	8
2954	9
2955	7
2956	8
2957	11
2958	8
2959	5
2960	5
2961	12
2962	11
2963	9
2964	17
2965	7
2966	12
2967	5
2968	13
2969	10
2970	5
2971	13
2972	6
2973	10
2974	10
2975	13
2976	6
2977	11
2978	9
2979	7
2980	8
2981	8
2982	7
2983	14
2984	7
2985	6
2986	5
2987	6
2988	5
2989	11
2990	11
2991	6
2992	6
2993	11
2994	10
2995	8
2996	15
2997	8
2998	6
2999	8
3000	9
3001	7
3002	9
3003	6
3004	7
3005	8
3006	9
3007	11
3008	6
3009	10
3010	11
3011	4
3012	2
3013	6
3014	13
3015	10
3016	11
3017	7
3018	4
3019	10
3020	7
3021	4
3022	8
3023	6
3024	9
3025	8
3026	9
3027	9
3028	9
3029	9
3030	5
3031	7
3032	8
3033	8
3034	8
3035	7
3036	7
3037	3
3038	12
3039	12
3040	9
3041	10
3042	12
3043	6
3044	8
3045	11
3046	8
3047	9
3048	12
3049	7
3050	11
3051	10
3052	9
3053	8
3054	3
3055	13
3056	5
3057	11
3058	8
3059	10
3060	9
3061	8
3062	14
3063	7
3064	7
3065	11
3066	10
3067	13
3068	6
3069	7
3070	6
3071	8
3072	10
3073	13
3074	7
3075	7
3076	9
3077	7
3078	4
3079	9
3080	6
3081	4
3082	1
3083	6
3084	8
3085	6
3086	9
3087	11
3088	10
3089	11
3090	12
3091	4
3092	11
3093	8
3094	10
3095	8
3096	7
3097	7
3098	11
3099	5
3100	9
3101	8
3102	11
3103	9
3104	12
3105	14
3106	7
3107	10
3108	13
3109	9
3110	5
3111	7
3112	11
3113	12
3114	11
3115	9
3116	10
3117	11
3118	6
3119	13
3120	12
3121	9
3122	8
3123	11
3124	8
3125	8
3126	8
3127	10
3128	7
3129	9
3130	10
3131	10
3132	8
3133	14
3134	5
3135	10
3136	9
3137	7
3138	9
3139	10
3140	10
3141	14
3142	7
3143	4
3144	9
3145	8
3146	6
3147	4
3148	8
3149	16
3150	5
3151	14
3152	8
3153	7
3154	4
3155	9
3156	2
3157	11
3158	9
3159	14
3160	5
3161	9
3162	7
3163	13
3164	7
3165	7
3166	7
3167	8
3168	4
3169	12
3170	3
3171	4
3172	6
3173	7
3174	12
3175	6
3176	5
3177	5
3178	9
3179	7
3180	8
3181	5
3182	7
3183	7
3184	11
3185	6
3186	5
3187	8
3188	8
3189	9
3190	3
3191	11
3192	12
3193	8
3194	7
3195	11
3196	5
3197	13
3198	8
3199	8
3200	9
3201	12
3202	7
3203	11
3204	5
3205	14
3206	5
3207	9
3208	13
3209	10
3210	14
3211	10
3212	5
3213	7
3214	8
3215	7
3216	5
3217	14
3218	8
3219	5
3220	7
3221	6
3222	9
3223	12
3224	8
3225	9
3226	9
3227	6
3228	6
3229	9
3230	5
3231	11
3232	11
3233	8
3234	8
3235	9
3236	6
3237	13
3238	10
3239	5
3240	9
3241	3
3242	12
3243	7
3244	11
3245	12
3246	10
3247	15
3248	11
3249	7
3250	9
3251	6
3252	9
3253	5
3254	4
3255	10
3256	8
3257	12
3258	4
3259	13
3260	8
3261	6
3262	6
3263	5
3264	7
3265	6
3266	7
3267	6
3268	7
3269	7
3270	4
3271	14
3272	11
3273	7
3274	9
3275	12
3276	4
3277	9
3278	7
3279	7
3280	9
3281	8
3282	3
3283	9
3284	11
3285	6
3286	5
3287	10
3288	6
3289	8
3290	14
3291	4
3292	7
3293	8
3294	7
3295	4
3296	6
3297	5
3298	6
3299	3
3300	9
3301	8
3302	9
3303	10
3304	6
3305	5
3306	7
3307	6
3308	6
3309	10
3310	8
3311	3
3312	8
3313	9
3314	13
3315	7
3316	10
3317	11
3318	10
3319	12
3320	9
3321	8
3322	15
3323	6
3324	9
3325	9
3326	7
3327	4
3328	6
3329	4
3330	8
3331	5
3332	5
3333	6
3334	10
3335	5
3336	4
3337	7
3338	5
3339	5
3340	7
3341	6
3342	11
3343	7
3344	8
3345	6
3346	15
3347	7
3348	9
3349	7
3350	5
3351	7
3352	10
3353	7
3354	6
3355	11
3356	10
3357	12
3358	6
3359	11
3360	6
3361	8
3362	9
3363	7
3364	9
3365	4
3366	8
3367	9
3368	8
3369	9
3370	6
3371	7
3372	8
3373	7
3374	4
3375	9
3376	5
3377	0
3378	8
3379	10
3380	10
3381	4
3382	5
3383	8
3384	5
3385	7
3386	8
3387	12
3388	9
3389	11
3390	9
3391	9
3392	7
3393	6
3394	8
3395	6
3396	8
3397	8
3398	4
3399	4
3400	8
3401	6
3402	11
3403	6
3404	7
3405	10
3406	7
3407	5
3408	8
3409	5
3410	5
3411	8
3412	13
3413	5
3414	7
3415	7
3416	4
3417	13
3418	9
3419	9
3420	12
3421	7
3422	4
3423	5
3424	5
3425	8
3426	11
3427	10
3428	6
3429	5
3430	9
3431	11
3432	9
3433	4
3434	10
3435	5
3436	10
3437	9
3438	12
3439	5
3440	7
3441	5
3442	9
3443	8
3444	10
3445	15
3446	7
3447	3
3448	6
3449	4
3450	12
3451	9
3452	5
3453	9
3454	9
3455	7
3456	6
3457	9
3458	8
3459	6
3460	2
3461	8
3462	9
3463	10
3464	6
3465	11
3466	9
3467	8
3468	5
3469	6
3470	9
3471	5
3472	8
3473	10
3474	10
3475	9
3476	6
3477	4
3478	6
3479	6
3480	8
3481	8
3482	7
3483	11
3484	12
3485	12
3486	5
3487	8
3488	8
3489	8
3490	7
3491	7
3492	9
3493	7
3494	9
3495	8
3496	7
3497	8
3498	10
3499	5
3500	3
3501	8
3502	9
3503	9
3504	5
3505	6
3506	9
3507	11
3508	4
3509	9
3510	9
3511	7
3512	3
3513	8
3514	5
3515	5
3516	8
3517	4
3518	6
3519	1
3520	3
3521	9
3522	5
3523	8
3524	5
3525	7
3526	4
3527	7
3528	8
3529	6
3530	10
3531	5
3532	7
3533	8
3534	9
3535	7
3536	7
3537	9
3538	7
3539	8
3540	6
3541	7
3542	6
3543	9
3544	7
3545	10
3546	4
3547	4
3548	7
3549	9
3550	6
3551	6
3552	7
3553	6
3554	4
3555	8
3556	5
3557	7
3558	7
3559	18
3560	8
3561	4
3562	7
3563	11
3564	10
3565	7
3566	10
3567	10
3568	5
3569	6
3570	9
3571	4
3572	4
3573	7
3574	10
3575	6
3576	4
3577	16
3578	6
3579	4
3580	5
3581	9
3582	6
3583	6
3584	8
3585	9
3586	10
3587	6
3588	9
3589	9
3590	6
3591	7
3592	5
3593	11
3594	3
3595	9
3596	10
3597	5
3598	6
3599	8
3600	7
3601	8
3602	10
3603	6
3604	8
3605	9
3606	8
3607	3
3608	6
3609	7
3610	6
3611	10
3612	1
3613	6
3614	12
3615	9
3616	12
3617	9
3618	7
3619	5
3620	8
3621	4
3622	9
3623	2
3624	5
3625	7
3626	5
3627	5
3628	8
3629	3
3630	5
3631	8
3632	8
3633	6
3634	8
3635	8
3636	10
3637	7
3638	5
3639	8
3640	7
3641	3
3642	11
3643	7
3644	5
3645	7
3646	7
3647	5
3648	7
3649	6
3650	9
3651	10
3652	5
3653	10
3654	9
3655	9
3656	10
3657	5
3658	6
3659	7
3660	5
3661	9
3662	8
3663	6
3664	5
3665	13
3666	5
3667	14
3668	8
3669	7
3670	16
3671	10
3672	6
3673	7
3674	6
3675	8
3676	7
3677	6
3678	6
3679	6
3680	3
3681	6
3682	2
3683	9
3684	6
3685	5
3686	6
3687	12
3688	17
3689	10
3690	13
3691	4
3692	9
3693	6
3694	10
3695	8
3696	5
3697	7
3698	8
3699	5
3700	5
3701	5
3702	7
3703	12
3704	6
3705	11
3706	11
3707	4
3708	10
3709	6
3710	10
3711	11
3712	10
3713	5
3714	8
3715	6
3716	9
3717	5
3718	9
3719	5
3720	5
3721	10
3722	11
3723	6
3724	7
3725	10
3726	10
3727	5
3728	7
3729	4
3730	12
3731	4
3732	3
3733	4
3734	9
3735	9
3736	8
3737	8
3738	3
3739	2
3740	7
3741	3
3742	11
3743	8
3744	5
3745	10
3746	1
3747	7
3748	5
3749	7
3750	10
3751	5
3752	4
3753	7
3754	5
3755	6
3756	13
3757	8
3758	6
3759	8
3760	8
3761	12
3762	7
3763	7
3764	7
3765	14
3766	5
3767	11
3768	9
3769	6
3770	4
3771	5
3772	6
3773	5
3774	12
3775	10
3776	4
3777	4
3778	5
3779	5
3780	7
3781	9
3782	6
3783	1
3784	12
3785	3
3786	6
3787	4
3788	6
3789	8
3790	4
3791	9
3792	10
3793	5
3794	4
3795	4
3796	9
3797	11
3798	10
3799	8
3800	6
3801	7
3802	10
3803	9
3804	7
3805	10
3806	6
3807	9
3808	3
3809	4
3810	7
3811	13
3812	4
3813	8
3814	7
3815	10
3816	8
3817	9
3818	7
3819	6
3820	4
3821	9
3822	11
3823	9
3824	7
3825	7
3826	7
3827	8
3828	6
3829	5
3830	8
3831	4
3832	11
3833	10
3834	4
3835	5
3836	11
3837	10
3838	4
3839	6
3840	10
3841	15
3842	3
3843	10
3844	6
3845	6
3846	6
3847	5
3848	7
3849	9
3850	9
3851	8
3852	12
3853	8
3854	8
3855	5
3856	7
3857	7
3858	8
3859	6
3860	11
3861	6
3862	10
3863	8
3864	7
3865	4
3866	6
3867	5
3868	6
3869	12
3870	7
3871	14
3872	7
3873	8
3874	5
3875	5
3876	11
3877	5
3878	7
3879	6
3880	6
3881	4
3882	6
3883	7
3884	10
3885	8
3886	10
3887	5
3888	8
3889	6
3890	6
3891	7
3892	6
3893	4
3894	8
3895	8
3896	11
3897	3
3898	10
3899	7
3900	7
3901	9
3902	7
3903	5
3904	5
3905	10
3906	11
3907	8
3908	6
3909	14
3910	8
3911	7
3912	10
3913	5
3914	6
3915	4
3916	9
3917	12
3918	5
3919	5
3920	21
3921	7
3922	5
3923	5
3924	5
3925	2
3926	4
3927	7
3928	5
3929	4
3930	8
3931	2
3932	11
3933	6
3934	6
3935	8
3936	6
3937	9
3938	6
3939	9
3940	5
3941	10
3942	7
3943	9
3944	4
3945	8
3946	8
3947	9
3948	7
3949	6
3950	4
3951	9
3952	7
3953	5
3954	6
3955	9
3956	4
3957	5
3958	6
3959	8
3960	7
3961	7
3962	5
3963	3
3964	13
3965	6
3966	5
3967	8
3968	7
3969	8
3970	10
3971	8
3972	5
3973	5
3974	11
3975	10
3976	10
3977	6
3978	8
3979	5
3980	6
3981	7
3982	11
3983	7
3984	4
3985	8
3986	8
3987	8
3988	6
3989	6
3990	3
3991	9
3992	5
3993	8
3994	5
3995	6
3996	12
3997	6
3998	6
3999	10
4000	9
4001	7
4002	7
4003	5
4004	10
4005	6
4006	7
4007	8
4008	9
4009	8
4010	9
4011	10
4012	6
4013	7
4014	5
4015	9
4016	10
4017	2
4018	5
4019	7
4020	11
4021	5
4022	8
4023	12
4024	11
4025	6
4026	6
4027	8
4028	7
4029	5
4030	9
4031	7
4032	6
4033	7
4034	6
4035	10
4036	7
4037	7
4038	12
4039	6
4040	7
4041	6
4042	6
4043	9
4044	12
4045	6
4046	5
4047	7
4048	5
4049	10
4050	12
4051	10
4052	9
4053	4
4054	4
4055	11
4056	6
4057	10
4058	5
4059	4
4060	5
4061	5
4062	6
4063	7
4064	7
4065	10
4066	6
4067	7
4068	14
4069	10
4070	4
4071	4
4072	12
4073	5
4074	5
4075	6
4076	5
4077	4
4078	9
4079	11
4080	3
4081	5
4082	8
4083	5
4084	11
4085	9
4086	4
4087	7
4088	6
4089	19
4090	8
4091	10
4092	7
4093	6
4094	9
4095	8
4096	4
4097	3
4098	8
4099	10
4100	9
4101	7
4102	4
4103	5
4104	7
4105	6
4106	5
4107	9
4108	9
4109	6
4110	7
4111	6
4112	10
4113	4
4114	8
4115	1
4116	7
4117	12
4118	15
4119	8
4120	8
4121	6
4122	11
4123	8
4124	5
4125	6
4126	6
4127	9
4128	3
4129	6
4130	9
4131	6
4132	8
4133	8
4134	9
4135	3
4136	9
4137	4
4138	8
4139	4
4140	5
4141	6
4142	12
4143	5
4144	5
4145	6
4146	5
4147	7
4148	4
4149	4
4150	10
4151	9
4152	5
4153	2
4154	6
4155	4
4156	10
4157	9
4158	7
4159	6
4160	12
4161	8
4162	5
4163	7
4164	7
4165	10
4166	13
4167	7
4168	10
4169	8
4170	14
4171	8
4172	8
4173	4
4174	3
4175	7
4176	7
4177	5
4178	8
4179	7
4180	4
4181	8
4182	8
4183	5
4184	6
4185	8
4186	6
4187	13
4188	2
4189	4
4190	5
4191	8
4192	8
4193	2
4194	8
4195	8
4196	4
4197	7
4198	4
4199	9
4200	7
4201	6
4202	11
4203	8
4204	4
4205	7
4206	3
4207	5
4208	7
4209	6
4210	7
4211	3
4212	10
4213	5
4214	3
4215	8
4216	10
4217	6
4218	3
4219	4
4220	5
4221	6
4222	11
4223	7
4224	8
4225	6
4226	4
4227	10
4228	9
4229	7
4230	5
4231	5
4232	4
4233	6
4234	3
4235	5
4236	6
4237	4
4238	6
4239	3
4240	10
4241	7
4242	13
4243	8
4244	4
4245	5
4246	8
4247	7
4248	9
4249	6
4250	4
4251	9
4252	4
4253	11
4254	7
4255	4
4256	8
4257	3
4258	4
4259	3
4260	8
4261	6
4262	8
4263	6
4264	3
4265	2
4266	10
4267	4
4268	4
4269	8
4270	3
4271	3
4272	4
4273	6
4274	6
4275	4
4276	9
4277	4
4278	9
4279	8
4280	6
4281	2
4282	3
4283	5
4284	8
4285	7
4286	6
4287	7
4288	5
4289	7
4290	11
4291	8
4292	9
4293	4
4294	4
4295	9
4296	2
4297	4
4298	7
4299	4
4300	4
4301	6
4302	2
4303	7
4304	6
4305	7
4306	5
4307	5
4308	7
4309	6
4310	6
4311	2
4312	9
4313	7
4314	7
4315	2
4316	4
4317	3
4318	5
4319	5
4320	5
4321	6
4322	3
4323	5
4324	3
4325	8
4326	6
4327	4
4328	4
4329	3
4330	1
4331	3
4332	6
4333	5
4334	7
4335	5
4336	6
4337	6
4338	7
4339	4
4340	3
4341	3
4342	4
4343	8
4344	0
4345	7
4346	1
4347	8
4348	2
4349	4
4350	6
4351	4
4352	4
4353	5
4354	3
4355	5
4356	3
4357	12
4358	4
4359	3
4360	5
4361	6
4362	4
4363	8
4364	4
4365	7
4366	2
4367	6
4368	8
4369	6
4370	2
4371	4
4372	3
4373	6
4374	7
4375	8
4376	1
4377	2
4378	3
4379	3
4380	4
4381	3
4382	4
4383	3
4384	3
4385	5
4386	5
4387	2
4388	2
4389	4
4390	3
4391	3
4392	3
4393	7
4394	3
4395	6
4396	7
4397	3
4398	3
4399	1
4400	4
4401	4
4402	5
4403	8
4404	7
4405	4
4406	6
4407	2
4408	1
4409	5
4410	3
4411	6
4412	9
4413	4
4414	4
4415	6
4416	3
4417	6
4418	4
4419	2
4420	2
4421	5
4422	3
4423	5
4424	5
4425	6
4426	5
4427	2
4428	5
4429	6
4430	4
4431	3
4432	6
4433	9
4434	1
4435	3
4436	4
4437	8
4438	7
4439	6
4440	1
4441	2
4442	1
4443	6
4444	8
4445	6
4446	4
4447	3
4448	4
4449	4
4450	3
4451	4
4452	4
4453	6
4454	5
4455	4
4456	4
4457	4
4458	4
4459	2
4460	5
4461	4
4462	3
4463	4
4464	5
4465	5
4466	10
4467	4
4468	2
4469	7
4470	7
4471	7
4472	8
4473	2
4474	1
4475	2
4476	5
4477	2
4478	1
4479	3
4480	3
4481	4
4482	6
4483	4
4484	2
4485	4
4486	1
4487	1
4488	6
4489	2
4490	5
4491	7
4492	5
4493	2
4494	8
4495	6
4496	6
4497	3
4498	7
4499	6
4500	3
4501	5
4502	4
4503	1
4504	5
4505	1
4506	4
4507	3
4508	2
4509	5
4510	4
4511	5
4512	4
4513	0
4514	5
4515	6
4516	4
4517	5
4518	4
4519	6
4520	5
4521	4
4522	3
4523	6
4524	8
4525	6
4526	7
4527	2
4528	8
4529	3
4530	7
4531	4
4532	4
4533	4
4534	3
4535	5
4536	2
4537	6
4538	3
4539	1
4540	3
4541	3
4542	3
4543	2
4544	4
4545	5
4546	3
4547	4
4548	2
4549	2
4550	7
4551	4
4552	5
4553	5
4554	9
4555	3
4556	3
4557	0
4558	5
4559	4
4560	5
4561	3
4562	4
4563	3
4564	5
4565	5
4566	3
4567	1
4568	4
4569	1
4570	3
4571	5
4572	4
4573	3
4574	7
4575	5
4576	1
4577	4
4578	5
4579	3
4580	2
4581	3
4582	5
4583	8
4584	4
4585	3
4586	1
4587	6
4588	2
4589	6
4590	4
4591	4
4592	4
4593	1
4594	4
4595	6
4596	3
4597	2
4598	2
4599	4
4600	4
4601	4
4602	2
4603	4
4604	3
4605	2
4606	4
4607	3
4608	2
4609	2
4610	2
4611	3
4612	2
4613	4
4614	6
4615	4
4616	0
4617	5
4618	2
4619	7
4620	4
4621	4
4622	1
4623	1
4624	2
4625	4
4626	3
4627	4
4628	6
4629	3
4630	4
4631	5
4632	2
4633	4
4634	5
4635	3
4636	6
4637	7
4638	5
4639	4
4640	0
4641	4
4642	3
4643	7
4644	0
4645	4
4646	3
4647	7
4648	3
4649	6
4650	5
4651	4
4652	3
4653	1
4654	4
4655	5
4656	5
4657	6
4658	4
4659	6
4660	5
4661	4
4662	0
4663	5
4664	3
4665	4
4666	3
4667	1
4668	7
4669	3
4670	5
4671	1
4672	4
4673	3
4674	3
4675	4
4676	5
4677	1
4678	1
4679	3
4680	3
4681	3
4682	2
4683	3
4684	4
4685	1
4686	1
4687	3
4688	1
4689	3
4690	3
4691	4
4692	3
4693	0
4694	4
4695	2
4696	4
4697	4
4698	2
4699	2
4700	3
4701	4
4702	3
4703	6
4704	3
4705	0
4706	5
4707	1
4708	3
4709	0
4710	3
4711	2
4712	4
4713	3
4714	5
4715	2
4716	2
4717	1
4718	4
4719	2
4720	2
4721	3
4722	0
4723	4
4724	6
4725	2
4726	1
4727	7
4728	1
4729	5
4730	3
4731	3
4732	1
4733	3
4734	6
4735	2
4736	2
4737	3
4738	7
4739	0
4740	3
4741	3
4742	3
4743	3
4744	3
4745	3
4746	4
4747	2
4748	2
4749	3
4750	0
4751	3
4752	5
4753	5
4754	2
4755	3
4756	3
4757	5
4758	1
4759	2
4760	4
4761	4
4762	3
4763	4
4764	3
4765	0
4766	1
4767	3
4768	2
4769	3
4770	2
4771	6
4772	4
4773	0
4774	0
4775	6
4776	4
4777	6
4778	1
4779	1
4780	3
4781	2
4782	1
4783	4
4784	2
4785	3
4786	2
4787	3
4788	4
4789	6
4790	5
4791	0
4792	3
4793	4
4794	3
4795	3
4796	1
4797	1
4798	4
4799	1
4800	3
4801	4
4802	2
4803	2
4804	6
4805	4
4806	3
4807	4
4808	4
4809	2
4810	7
4811	9
4812	4
4813	3
4814	3
4815	2
4816	2
4817	4
4818	5
4819	3
4820	4
4821	7
4822	2
4823	4
4824	4
4825	3
4826	0
4827	2
4828	4
4829	4
4830	3
4831	1
4832	1
4833	4
4834	1
4835	2
4836	2
4837	4
4838	3
4839	3
4840	4
4841	6
4842	4
4843	6
4844	4
4845	2
4846	6
4847	3
4848	2
4849	3
4850	5
4851	2
4852	4
4853	3
4854	1
4855	4
4856	9
4857	2
4858	3
4859	1
4860	5
4861	5
4862	3
4863	8
4864	3
4865	3
4866	2
4867	1
4868	3
4869	2
4870	4
4871	1
4872	3
4873	2
4874	4
4875	3
4876	2
4877	4
4878	1
4879	5
4880	2
4881	4
4882	7
4883	4
4884	4
4885	1
4886	3
4887	3
4888	2
4889	2
4890	2
4891	1
4892	3
4893	6
4894	3
4895	2
4896	2
4897	3
4898	4
4899	2
4900	0
4901	3
4902	2
4903	2
4904	2
4905	3
4906	3
4907	1
4908	2
4909	2
4910	5
4911	2
4912	2
4913	5
4914	2
4915	5
4916	3
4917	2
4918	10
4919	4
4920	2
4921	2
4922	4
4923	5
4924	0
4925	8
4926	1
4927	5
4928	1
4929	5
4930	4
4931	6
4932	1
4933	3
4934	2
4935	2
4936	1
4937	1
4938	2
4939	7
4940	3
4941	4
4942	4
4943	2
4944	3
4945	4
4946	2
4947	2
4948	4
4949	1
4950	4
4951	2
4952	2
4953	4
4954	1
4955	3
4956	3
4957	3
4958	2
4959	1
4960	6
4961	2
4962	3
4963	1
4964	3
4965	3
4966	5
4967	3
4968	3
4969	3
4970	4
4971	2
4972	6
4973	2
4974	1
4975	1
4976	3
4977	2
4978	3
4979	4
4980	3
4981	3
4982	2
4983	5
4984	2
4985	2
4986	4
4987	2
4988	2
4989	1
4990	3
4991	2
4992	2
4993	3
4994	4
4995	1
4996	3
4997	6
4998	5
4999	1
5000	1
5001	0
5002	2
5003	1
5004	6
5005	7
5006	5
5007	3
5008	1
5009	5
5010	3
5011	2
5012	1
5013	3
5014	4
5015	5
5016	4
5017	3
5018	0
5019	3
5020	3
5021	3
5022	0
5023	3
5024	2
5025	2
5026	3
5027	1
5028	1
5029	3
5030	5
5031	1
5032	2
5033	5
5034	1
5035	6
5036	3
5037	2
5038	2
5039	3
5040	5
5041	2
5042	5
5043	3
5044	2
5045	3
5046	3
5047	5
5048	1
5049	7
5050	5
5051	2
5052	2
5053	1
5054	2
5055	2
5056	6
5057	3
5058	2
5059	2
5060	1
5061	2
5062	3
5063	2
5064	2
5065	0
5066	3
5067	2
5068	5
5069	5
5070	3
5071	4
5072	2
5073	3
5074	3
5075	2
5076	4
5077	3
5078	2
5079	1
5080	2
5081	0
5082	2
5083	1
5084	3
5085	3
5086	1
5087	3
5088	3
5089	3
5090	1
5091	1
5092	2
5093	2
5094	3
5095	2
5096	2
5097	4
5098	0
5099	3
5100	4
5101	4
5102	5
5103	1
5104	4
5105	3
5106	5
5107	5
5108	4
5109	2
5110	3
5111	7
5112	2
5113	3
5114	0
5115	0
5116	2
5117	4
5118	2
5119	2
5120	1
5121	0
5122	1
5123	1
5124	3
5125	1
5126	3
5127	4
5128	3
5129	4
5130	4
5131	4
5132	3
5133	2
5134	3
5135	0
5136	7
5137	5
5138	4
5139	4
5140	3
5141	4
5142	3
5143	1
5144	2
5145	5
5146	1
5147	2
5148	1
5149	1
5150	4
5151	3
5152	3
5153	2
5154	1
5155	7
5156	2
5157	4
5158	2
5159	5
5160	5
5161	3
5162	1
5163	4
5164	3
5165	3
5166	6
5167	2
5168	2
5169	3
5170	4
5171	7
5172	5
5173	2
5174	2
5175	2
5176	4
5177	2
5178	2
5179	4
5180	1
5181	2
5182	0
5183	3
5184	4
5185	3
5186	3
5187	3
5188	2
5189	1
5190	3
5191	3
5192	0
5193	0
5194	3
5195	6
5196	4
5197	2
5198	1
5199	1
5200	5
5201	1
5202	3
5203	0
5204	3
5205	2
5206	2
5207	5
5208	1
5209	3
5210	1
5211	4
5212	3
5213	4
5214	2
5215	1
5216	4
5217	1
5218	1
5219	1
5220	2
5221	2
5222	3
5223	3
5224	1
5225	4
5226	3
5227	1
5228	2
5229	4
5230	3
5231	2
5232	6
5233	2
5234	8
5235	3
5236	5
5237	0
5238	4
5239	1
5240	2
5241	4
5242	3
5243	2
5244	3
5245	0
5246	1
5247	1
5248	3
5249	4
5250	2
5251	0
5252	0
5253	3
5254	4
5255	3
5256	2
5257	1
5258	1
5259	4
5260	2
5261	0
5262	4
5263	4
5264	2
5265	2
5266	0
5267	3
5268	2
5269	3
5270	2
5271	2
5272	4
5273	3
5274	0
5275	5
5276	2
5277	6
5278	3
5279	1
5280	1
5281	4
5282	2
5283	1
5284	1
5285	3
5286	5
5287	0
5288	2
5289	1
5290	2
5291	5
5292	1
5293	2
5294	1
5295	2
5296	1
5297	8
5298	5
5299	4
5300	2
5301	7
5302	2
5303	3
5304	1
5305	4
5306	3
5307	4
5308	2
5309	5
5310	3
5311	3
5312	1
5313	3
5314	3
5315	2
5316	3
5317	3
5318	3
5319	3
5320	0
5321	2
5322	3
5323	10
5324	5
5325	2
5326	1
5327	1
5328	1
5329	3
5330	3
5331	0
5332	3
5333	2
5334	4
5335	2
5336	2
5337	1
5338	1
5339	5
5340	4
5341	2
5342	1
5343	5
5344	1
5345	2
5346	2
5347	5
5348	1
5349	3
5350	1
5351	3
5352	3
5353	2
5354	2
5355	2
5356	3
5357	0
5358	2
5359	3
5360	1
5361	4
5362	0
5363	1
5364	1
5365	1
5366	2
5367	3
5368	1
5369	4
5370	3
5371	5
5372	1
5373	1
5374	1
5375	1
5376	4
5377	4
5378	4
5379	4
5380	1
5381	2
5382	4
5383	4
5384	2
5385	2
5386	2
5387	1
5388	0
5389	2
5390	2
5391	2
5392	3
5393	2
5394	0
5395	4
5396	2
5397	3
5398	2
5399	2
5400	2
5401	2
5402	3
5403	1
5404	3
5405	0
5406	2
5407	1
5408	1
5409	6
5410	1
5411	1
5412	0
5413	5
5414	1
5415	4
5416	2
5417	3
5418	1
5419	4
5420	3
5421	5
5422	1
5423	2
5424	0
5425	2
5426	1
5427	1
5428	1
5429	6
5430	4
5431	1
5432	0
5433	4
5434	5
5435	1
5436	4
5437	1
5438	4
5439	1
5440	1
5441	1
5442	2
5443	2
5444	2
5445	1
5446	3
5447	3
5448	2
5449	2
5450	1
5451	4
5452	0
5453	2
5454	4
5455	5
5456	2
5457	2
5458	1
5459	1
5460	2
5461	3
5462	1
5463	2
5464	2
5465	7
5466	3
5467	4
5468	4
5469	5
5470	5
5471	4
5472	5
5473	1
5474	2
5475	4
5476	2
5477	1
5478	3
5479	1
5480	2
5481	4
5482	3
5483	0
5484	5
5485	2
5486	3
5487	3
5488	1
5489	0
5490	3
5491	2
5492	5
5493	2
5494	0
5495	0
5496	1
5497	1
5498	4
5499	1
5500	2
5501	4
5502	5
5503	3
5504	1
5505	2
5506	2
5507	3
5508	6
5509	0
5510	1
5511	2
5512	0
5513	7
5514	3
5515	3
5516	0
5517	5
5518	2
5519	0
5520	1
5521	1
5522	4
5523	6
5524	6
5525	2
5526	1
5527	3
5528	2
5529	4
5530	2
5531	1
5532	2
5533	5
5534	1
5535	3
5536	3
5537	1
5538	3
5539	4
5540	1
5541	3
5542	2
5543	5
5544	1
5545	2
5546	1
5547	1
5548	3
5549	1
5550	2
5551	2
5552	1
5553	5
5554	2
5555	1
5556	2
5557	2
5558	1
5559	2
5560	4
5561	2
5562	3
5563	3
5564	1
5565	1
5566	2
5567	4
5568	1
5569	2
5570	4
5571	6
5572	1
5573	4
5574	3
5575	2
5576	1
5577	1
5578	3
5579	3
5580	3
5581	4
5582	3
5583	2
5584	3
5585	1
5586	1
5587	0
5588	3
5589	6
5590	1
5591	2
5592	1
5593	3
5594	2
5595	2
5596	4
5597	2
5598	3
5599	1
5600	2
5601	6
5602	1
5603	2
5604	2
5605	1
5606	4
5607	2
5608	1
5609	0
5610	5
5611	2
5612	5
5613	0
5614	0
5615	1
5616	2
5617	1
5618	5
5619	2
5620	0
5621	0
5622	4
5623	1
5624	3
5625	5
5626	2
5627	1
5628	3
5629	2
5630	1
5631	5
5632	3
5633	3
5634	1
5635	1
5636	1
5637	2
5638	3
5639	2
5640	1
5641	2
5642	2
5643	2
5644	1
5645	1
5646	1
5647	4
5648	1
5649	1
5650	3
5651	3
5652	1
5653	2
5654	3
5655	2
5656	1
5657	1
5658	2
5659	3
5660	1
5661	1
5662	2
5663	1
5664	2
5665	4
5666	5
5667	3
5668	0
5669	3
5670	3
5671	3
5672	2
5673	1
5674	2
5675	1
5676	0
5677	1
5678	1
5679	5
5680	1
5681	3
5682	5
5683	6
5684	3
5685	2
5686	3
5687	4
5688	3
5689	2
5690	3
5691	1
5692	0
5693	2
5694	5
5695	1
5696	4
5697	7
5698	2
5699	5
5700	1
5701	0
5702	2
5703	6
5704	3
5705	2
5706	5
5707	2
5708	4
5709	0
5710	1
5711	4
5712	3
5713	3
5714	1
5715	2
5716	2
5717	4
5718	5
5719	3
5720	2
5721	2
5722	1
5723	1
5724	2
5725	4
5726	2
5727	3
5728	4
5729	0
5730	3
5731	0
5732	0
5733	3
5734	3
5735	5
5736	2
5737	2
5738	1
5739	2
5740	3
5741	0
5742	0
5743	5
5744	7
5745	4
5746	3
5747	3
5748	3
5749	2
5750	5
5751	2
5752	0
5753	3
5754	2
5755	4
5756	4
5757	1
5758	1
5759	1
5760	1
5761	2
5762	2
5763	2
5764	4
5765	2
5766	2
5767	0
5768	5
5769	1
5770	4
5771	0
5772	1
5773	0
5774	7
5775	0
5776	2
5777	3
5778	2
5779	8
5780	1
5781	0
5782	3
5783	1
5784	6
5785	3
5786	2
5787	3
5788	2
5789	2
5790	5
5791	2
5792	5
5793	2
5794	0
5795	4
5796	2
5797	4
5798	2
5799	5
5800	2
5801	6
5802	2
5803	5
5804	2
5805	2
5806	5
5807	2
5808	2
5809	1
5810	5
5811	4
5812	3
5813	2
5814	1
5815	2
5816	4
5817	7
5818	5
5819	0
5820	2
5821	4
5822	4
5823	2
5824	2
5825	3
5826	3
5827	0
5828	6
5829	7
5830	5
5831	4
5832	4
5833	2
5834	2
5835	0
5836	1
5837	4
5838	1
5839	2
5840	2
5841	2
5842	4
5843	1
5844	1
5845	4
5846	1
5847	0
5848	2
5849	4
5850	1
5851	1
5852	5
5853	3
5854	1
5855	4
5856	1
5857	4
5858	3
5859	4
5860	1
5861	5
5862	2
5863	3
5864	1
5865	1
5866	2
5867	5
5868	0
5869	1
5870	3
5871	4
5872	5
5873	1
5874	1
5875	3
5876	4
5877	1
5878	4
5879	6
5880	1
5881	3
5882	3
5883	1
5884	2
5885	2
5886	2
5887	2
5888	3
5889	6
5890	2
5891	2
5892	2
5893	3
5894	1
5895	4
5896	4
5897	4
5898	2
5899	0
5900	0
5901	3
5902	3
5903	1
5904	3
5905	2
5906	3
5907	1
5908	1
5909	4
5910	0
5911	2
5912	3
5913	6
5914	4
5915	1
5916	1
5917	2
5918	6
5919	5
5920	6
5921	0
5922	7
5923	3
5924	1
5925	4
5926	1
5927	1
5928	0
5929	3
5930	1
5931	2
5932	1
5933	5
5934	3
5935	0
5936	1
5937	3
5938	6
5939	4
5940	1
5941	4
5942	4
5943	3
5944	1
5945	2
5946	0
5947	8
5948	1
5949	3
5950	1
5951	6
5952	2
5953	3
5954	3
5955	4
5956	0
5957	2
5958	2
5959	2
5960	2
5961	3
5962	0
5963	6
5964	2
5965	1
5966	1
5967	4
5968	3
5969	3
5970	3
5971	4
5972	4
5973	2
5974	1
5975	4
5976	2
5977	3
5978	0
5979	2
5980	1
5981	3
5982	2
5983	4
5984	2
5985	0
5986	7
5987	2
5988	3
5989	4
5990	2
5991	4
5992	4
5993	3
5994	1
5995	1
5996	1
5997	0
5998	3
5999	4
6000	6
6001	2
6002	5
6003	3
6004	5
6005	2
6006	6
6007	0
6008	4
6009	0
6010	4
6011	2
6012	3
6013	3
6014	3
6015	4
6016	0
6017	3
6018	2
6019	0
6020	2
6021	4
6022	2
6023	2
6024	3
6025	1
6026	4
6027	3
6028	2
6029	2
6030	1
6031	4
6032	0
6033	1
6034	3
6035	2
6036	5
6037	0
6038	2
6039	1
6040	2
6041	1
6042	3
6043	1
6044	2
6045	3
6046	3
6047	4
6048	4
6049	2
6050	2
6051	5
6052	3
6053	2
6054	5
6055	3
6056	5
6057	5
6058	8
6059	3
6060	4
6061	4
6062	3
6063	1
6064	1
6065	2
6066	3
6067	5
6068	4
6069	4
6070	7
6071	5
6072	3
6073	2
6074	1
6075	3
6076	7
6077	2
6078	3
6079	0
6080	1
6081	3
6082	5
6083	4
6084	0
6085	2
6086	5
6087	4
6088	2
6089	5
6090	5
6091	6
6092	4
6093	4
6094	4
6095	4
6096	5
6097	3
6098	0
6099	3
6100	4
6101	5
6102	4
6103	5
6104	3
6105	4
6106	4
6107	9
6108	4
6109	3
6110	3
6111	5
6112	6
6113	2
6114	4
6115	4
6116	1
6117	4
6118	2
6119	3
6120	3
6121	2
6122	3
6123	2
6124	3
6125	3
6126	1
6127	5
6128	3
6129	2
6130	2
6131	4
6132	6
6133	3
6134	8
6135	5
6136	3
6137	5
6138	5
6139	5
6140	6
6141	2
6142	3
6143	5
6144	1
6145	0
6146	4
6147	2
6148	5
6149	2
6150	1
6151	3
6152	4
6153	3
6154	3
6155	0
6156	4
6157	5
6158	5
6159	4
6160	2
6161	5
6162	2
6163	0
6164	3
6165	2
6166	5
6167	8
6168	3
6169	4
6170	2
6171	4
6172	3
6173	3
6174	3
6175	5
6176	4
6177	7
6178	2
6179	8
6180	5
6181	5
6182	14
6183	5
6184	3
6185	4
6186	6
6187	4
6188	3
6189	3
6190	4
6191	7
6192	4
6193	3
6194	3
6195	4
6196	8
6197	5
6198	6
6199	4
6200	6
6201	5
6202	9
6203	2
6204	7
6205	5
6206	7
6207	10
6208	7
6209	4
6210	3
6211	4
6212	5
6213	7
6214	4
6215	4
6216	5
6217	5
6218	1
6219	3
6220	6
6221	5
6222	2
6223	8
6224	3
6225	5
6226	1
6227	4
6228	5
6229	8
6230	2
6231	7
6232	4
6233	3
6234	7
6235	8
6236	10
6237	9
6238	8
6239	7
6240	7
6241	5
6242	7
6243	6
6244	8
6245	3
6246	9
6247	7
6248	8
6249	8
6250	4
6251	6
6252	6
6253	9
6254	7
6255	8
6256	7
6257	6
6258	9
6259	10
6260	7
6261	5
6262	10
6263	7
6264	8
6265	12
6266	14
6267	5
6268	8
6269	13
6270	8
6271	9
6272	4
6273	9
6274	8
6275	11
6276	12
6277	7
6278	6
6279	8
6280	5
6281	6
6282	8
6283	11
6284	5
6285	12
6286	13
6287	5
6288	13
6289	8
6290	12
6291	5
6292	8
6293	6
6294	14
6295	14
6296	5
6297	11
6298	9
6299	12
6300	18
6301	14
6302	11
6303	8
6304	13
6305	4
6306	15
6307	11
6308	12
6309	7
6310	8
6311	7
6312	9
6313	18
6314	9
6315	18
6316	7
6317	18
6318	12
6319	10
6320	13
6321	8
6322	12
6323	13
6324	13
6325	10
6326	8
6327	12
6328	20
6329	11
6330	12
6331	9
6332	12
6333	10
6334	15
6335	18
6336	16
6337	13
6338	13
6339	11
6340	11
6341	13
6342	12
6343	9
6344	11
6345	13
6346	15
6347	10
6348	11
6349	13
6350	13
6351	11
6352	14
6353	13
6354	19
6355	18
6356	9
6357	13
6358	15
6359	13
6360	12
6361	9
6362	18
6363	14
6364	9
6365	10
6366	14
6367	11
6368	27
6369	21
6370	14
6371	14
6372	16
6373	10
6374	15
6375	21
6376	19
6377	12
6378	13
6379	22
6380	23
6381	18
6382	12
6383	18
6384	15
6385	25
6386	15
6387	20
6388	19
6389	23
6390	14
6391	18
6392	23
6393	14
6394	17
6395	15
6396	9
6397	16
6398	19
6399	16
6400	15
6401	15
6402	18
6403	14
6404	19
6405	24
6406	22
6407	19
6408	20
6409	20
6410	19
6411	16
6412	24
6413	16
6414	21
6415	26
6416	18
6417	17
6418	19
6419	17
6420	19
6421	24
6422	14
6423	21
6424	16
6425	17
6426	21
6427	22
6428	24
6429	19
6430	24
6431	17
6432	22
6433	27
6434	22
6435	19
6436	21
6437	16
6438	20
6439	12
6440	16
6441	21
6442	25
6443	22
6444	21
6445	23
6446	24
6447	20
6448	25
6449	23
6450	24
6451	17
6452	20
6453	26
6454	19
6455	20
6456	22
6457	19
6458	24
6459	32
6460	22
6461	20
6462	19
6463	20
6464	21
6465	32
6466	18
6467	24
6468	21
6469	38
6470	15
6471	21
6472	32
6473	26
6474	33
6475	30
6476	22
6477	30
6478	25
6479	24
6480	25
6481	31
6482	30
6483	20
6484	26
6485	31
6486	32
6487	29
6488	27
6489	27
6490	20
6491	22
6492	30
6493	18
6494	36
6495	28
6496	26
6497	34
6498	27
6499	28
6500	25
6501	19
6502	27
6503	22
6504	26
6505	22
6506	29
6507	27
6508	29
6509	38
6510	30
6511	26
6512	25
6513	23
6514	21
6515	32
6516	31
6517	20
6518	32
6519	25
6520	23
6521	36
6522	28
6523	25
6524	27
6525	18
6526	28
6527	28
6528	29
6529	32
6530	28
6531	37
6532	25
6533	28
6534	27
6535	30
6536	36
6537	34
6538	30
6539	41
6540	25
6541	36
6542	35
6543	26
6544	32
6545	30
6546	44
6547	29
6548	36
6549	39
6550	26
6551	36
6552	28
6553	37
6554	36
6555	26
6556	38
6557	31
6558	31
6559	33
6560	32
6561	44
6562	36
6563	34
6564	30
6565	37
6566	31
6567	31
6568	39
6569	35
6570	31
6571	35
6572	52
6573	35
6574	33
6575	36
6576	35
6577	41
6578	42
6579	37
6580	42
6581	32
6582	41
6583	39
6584	27
6585	43
6586	42
6587	33
6588	32
6589	30
6590	38
6591	44
6592	36
6593	44
6594	27
6595	40
6596	38
6597	47
6598	35
6599	31
6600	48
6601	25
6602	38
6603	49
6604	46
6605	34
6606	32
6607	42
6608	29
6609	35
6610	42
6611	32
6612	40
6613	42
6614	45
6615	42
6616	29
6617	49
6618	41
6619	41
6620	36
6621	31
6622	43
6623	41
6624	26
6625	34
6626	39
6627	51
6628	49
6629	41
6630	39
6631	42
6632	44
6633	25
6634	56
6635	36
6636	46
6637	42
6638	33
6639	45
6640	40
6641	55
6642	34
6643	38
6644	40
6645	49
6646	47
6647	37
6648	45
6649	45
6650	46
6651	30
6652	37
6653	54
6654	37
6655	36
6656	37
6657	47
6658	36
6659	45
6660	49
6661	50
6662	45
6663	45
6664	46
6665	35
6666	39
6667	40
6668	49
6669	53
6670	50
6671	37
6672	52
6673	43
6674	28
6675	55
6676	30
6677	50
6678	37
6679	53
6680	55
6681	42
6682	47
6683	55
6684	41
6685	41
6686	37
6687	44
6688	49
6689	45
6690	33
6691	46
6692	45
6693	43
6694	52
6695	45
6696	45
6697	44
6698	65
6699	43
6700	38
6701	48
6702	43
6703	49
6704	41
6705	50
6706	41
6707	42
6708	37
6709	43
6710	45
6711	51
6712	42
6713	40
6714	47
6715	48
6716	57
6717	48
6718	52
6719	52
6720	54
6721	53
6722	37
6723	45
6724	44
6725	43
6726	49
6727	54
6728	38
6729	36
6730	38
6731	53
6732	47
6733	45
6734	44
6735	43
6736	45
6737	45
6738	49
6739	44
6740	55
6741	45
6742	54
6743	44
6744	45
6745	34
6746	46
6747	56
6748	38
6749	54
6750	66
6751	44
6752	46
6753	49
6754	43
6755	40
6756	55
6757	53
6758	54
6759	37
6760	46
6761	39
6762	45
6763	38
6764	50
6765	34
6766	34
6767	50
6768	49
6769	49
6770	64
6771	39
6772	56
6773	42
6774	48
6775	42
6776	47
6777	47
6778	48
6779	38
6780	46
6781	56
6782	43
6783	55
6784	52
6785	47
6786	37
6787	57
6788	45
6789	50
6790	58
6791	58
6792	49
6793	50
6794	44
6795	46
6796	40
6797	50
6798	31
6799	55
6800	47
6801	48
6802	51
6803	51
6804	45
6805	42
6806	46
6807	49
6808	35
6809	33
6810	52
6811	33
6812	46
6813	48
6814	46
6815	34
6816	49
6817	39
6818	37
6819	45
6820	39
6821	50
6822	36
6823	48
6824	44
6825	49
6826	49
6827	37
6828	45
6829	35
6830	44
6831	38
6832	50
6833	53
6834	49
6835	59
6836	39
6837	51
6838	41
6839	39
6840	35
6841	37
6842	48
6843	34
6844	38
6845	32
6846	40
6847	41
6848	39
6849	36
6850	33
6851	46
6852	47
6853	45
6854	40
6855	38
6856	41
6857	33
6858	38
6859	47
6860	50
6861	48
6862	44
6863	32
6864	55
6865	33
6866	30
6867	38
6868	47
6869	41
6870	37
6871	42
6872	30
6873	45
6874	39
6875	31
6876	35
6877	40
6878	53
6879	46
6880	41
6881	31
6882	40
6883	40
6884	35
6885	31
6886	45
6887	38
6888	52
6889	40
6890	33
6891	36
6892	55
6893	51
6894	38
6895	42
6896	37
6897	34
6898	34
6899	31
6900	25
6901	35
6902	27
6903	27
6904	33
6905	34
6906	37
6907	41
6908	29
6909	45
6910	36
6911	42
6912	33
6913	41
6914	32
6915	43
6916	41
6917	19
6918	28
6919	40
6920	35
6921	33
6922	39
6923	33
6924	35
6925	33
6926	37
6927	28
6928	30
6929	37
6930	28
6931	32
6932	23
6933	32
6934	27
6935	33
6936	29
6937	32
6938	23
6939	27
6940	29
6941	34
6942	30
6943	27
6944	42
6945	32
6946	26
6947	40
6948	36
6949	34
6950	29
6951	31
6952	25
6953	23
6954	35
6955	20
6956	33
6957	24
6958	27
6959	40
6960	24
6961	27
6962	17
6963	25
6964	28
6965	25
6966	28
6967	29
6968	21
6969	29
6970	24
6971	35
6972	24
6973	28
6974	31
6975	23
6976	19
6977	29
6978	35
6979	32
6980	25
6981	24
6982	29
6983	30
6984	22
6985	20
6986	26
6987	30
6988	18
6989	25
6990	29
6991	36
6992	22
6993	30
6994	15
6995	30
6996	24
6997	27
6998	26
6999	20
7000	14
7001	31
7002	17
7003	24
7004	21
7005	29
7006	24
7007	24
7008	18
7009	28
7010	29
7011	15
7012	23
7013	30
7014	24
7015	26
7016	19
7017	13
7018	27
7019	24
7020	27
7021	25
7022	24
7023	23
7024	22
7025	27
7026	23
7027	24
7028	16
7029	25
7030	21
7031	19
7032	19
7033	21
7034	17
7035	14
7036	15
7037	26
7038	23
7039	15
7040	21
7041	11
7042	19
7043	14
7044	15
7045	18
7046	21
7047	19
7048	14
7049	19
7050	19
7051	20
7052	19
7053	21
7054	22
7055	24
7056	15
7057	21
7058	19
7059	18
7060	10
7061	20
7062	18
7063	16
7064	15
7065	15
7066	24
7067	18
7068	15
7069	24
7070	14
7071	19
7072	9
7073	10
7074	11
7075	17
7076	15
7077	15
7078	15
7079	19
7080	18
7081	9
7082	10
7083	9
7084	17
7085	10
7086	11
7087	17
7088	22
7089	19
7090	12
7091	18
7092	20
7093	14
7094	18
7095	16
7096	19
7097	13
7098	22
7099	12
7100	7
7101	9
7102	14
7103	9
7104	18
7105	11
7106	11
7107	11
7108	11
7109	14
7110	14
7111	13
7112	11
7113	27
7114	11
7115	18
7116	7
7117	18
7118	11
7119	8
7120	14
7121	15
7122	11
7123	16
7124	13
7125	10
7126	12
7127	6
7128	11
7129	10
7130	10
7131	10
7132	15
7133	11
7134	9
7135	15
7136	9
7137	8
7138	12
7139	10
7140	15
7141	11
7142	10
7143	11
7144	5
7145	10
7146	10
7147	7
7148	6
7149	9
7150	4
7151	10
7152	8
7153	9
7154	11
7155	6
7156	8
7157	11
7158	16
7159	8
7160	10
7161	6
7162	8
7163	15
7164	8
7165	6
7166	7
7167	11
7168	13
7169	6
7170	9
7171	6
7172	5
7173	6
7174	10
7175	9
7176	8
7177	9
7178	2
7179	10
7180	3
7181	6
7182	4
7183	6
7184	2
7185	8
7186	12
7187	5
7188	10
7189	3
7190	10
7191	8
7192	11
7193	8
7194	5
7195	12
7196	7
7197	11
7198	5
7199	8
7200	6
7201	7
7202	10
7203	2
7204	8
7205	6
7206	3
7207	10
7208	3
7209	11
7210	6
7211	3
7212	8
7213	4
7214	8
7215	8
7216	7
7217	4
7218	7
7219	5
7220	4
7221	6
7222	4
7223	6
7224	7
7225	1
7226	5
7227	3
7228	3
7229	3
7230	5
7231	5
7232	3
7233	3
7234	3
7235	6
7236	2
7237	8
7238	3
7239	8
7240	5
7241	6
7242	3
7243	6
7244	4
7245	4
7246	6
7247	3
7248	3
7249	6
7250	3
7251	6
7252	2
7253	6
7254	5
7255	5
7256	2
7257	5
7258	4
7259	4
7260	4
7261	2
7262	1
7263	2
7264	3
7265	8
7266	5
7267	2
7268	3
7269	1
7270	4
7271	4
7272	0
7273	0
7274	2
7275	5
7276	4
7277	6
7278	3
7279	5
7280	3
7281	4
7282	4
7283	3
7284	5
7285	4
7286	5
7287	3
7288	1
7289	2
7290	4
7291	4
7292	5
7293	3
7294	3
7295	2
7296	6
7297	3
7298	4
7299	5
7300	3
7301	4
7302	2
7303	1
7304	6
7305	3
7306	4
7307	2
7308	1
7309	1
7310	4
7311	4
7312	5
7313	5
7314	5
7315	3
7316	4
7317	6
7318	4
7319	4
7320	3
7321	4
7322	7
7323	0
7324	6
7325	3
7326	3
7327	3
7328	2
7329	4
7330	3
7331	0
7332	2
7333	2
7334	2
7335	5
7336	3
7337	2
7338	2
7339	4
7340	3
7341	3
7342	4
7343	0
7344	4
7345	2
7346	4
7347	8
7348	3
7349	2
7350	4
7351	3
7352	1
7353	2
7354	1
7355	0
7356	0
7357	2
7358	0
7359	2
7360	1
7361	1
7362	0
7363	0
7364	3
7365	1
7366	1
7367	0
7368	0
7369	0
7370	0
7371	0
7372	0
7373	0
7374	0
7375	0
7376	0
7377	0
7378	0
7379	0
7380	0
7381	0
7382	0
7383	0
7384	0
7385	0
7386	0
7387	0
7388	0
7389	0
7390	0
7391	0
7392	0
7393	0
7394	0
7395	0
7396	0
7397	0
7398	0
7399	0
7400	0
7401	0
7402	0
7403	0
7404	0
7405	0
7406	0
7407	0
7408	0
7409	0
7410	0
7411	0
7412	0
7413	0
7414	0
7415	0
7416	0
7417	0
7418	0
7419	0
7420	0
7421	0
7422	0
7423	0
7424	0
7425	0
7426	0
7427	0
7428	0
7429	0
7430	0
7431	0
7432	0
7433	0
7434	0
7435	0
7436	0
7437	0
7438	0
7439	0
7440	0
7441	0
7442	0
7443	0
7444	0
7445	0
7446	0
7447	0
7448	0
7449	0
7450	0
7451	0
7452	0
7453	0
7454	0
7455	0
7456	0
7457	0
7458	0
7459	0
7460	0
7461	0
7462	0
7463	0
7464	0
7465	0
7466	0
7467	0
7468	0
7469	0
7470	0
7471	0
7472	0
7473	0
7474	0
7475	0
7476	0
7477	0
7478	0
7479	0
7480	0
7481	0
7482	0
7483	0
7484	0
7485	0
7486	0
7487	0
7488	0
7489	0
7490	0
7491	0
7492	0
7493	0
7494	0
7495	0
7496	0
7497	0
7498	0
7499	0
7500	0
7501	0
7502	0
7503	0
7504	0
7505	0
7506	0
7507	0
7508	0
7509	0
7510	0
7511	0
7512	0
7513	0
7514	0
7515	0
7516	0
7517	0
7518	0
7519	0
7520	0
7521	0
7522	0
7523	0
7524	0
7525	0
7526	0
7527	0
7528	0
7529	0
7530	0
7531	0
7532	0
7533	0
7534	0
7535	0
7536	0
7537	0
7538	0
7539	1
7540	0
7541	0
7542	0
7543	0
7544	0
7545	0
7546	0
7547	0
7548	0
7549	0
7550	0
7551	0
7552	0
7553	0
7554	0
7555	0
7556	0
7557	0
7558	0
7559	0
7560	0
7561	0
7562	0
7563	0
7564	0
7565	0
7566	0
7567	0
7568	0
7569	0
7570	0
7571	0
7572	0
7573	0
7574	0
7575	0
7576	0
7577	0
7578	0
7579	0
7580	0
7581	0
7582	0
7583	0
7584	0
7585	0
7586	0
7587	0
7588	0
7589	0
7590	0
7591	0
7592	0
7593	0
7594	0
7595	0
7596	0
7597	0
7598	0
7599	0
7600	0
7601	0
7602	0
7603	0
7604	0
7605	0
7606	0
7607	0
7608	0
7609	0
7610	0
7611	0
7612	0
7613	0
7614	0
7615	0
7616	0
7617	0
7618	0
7619	0
7620	0
7621	0
7622	0
7623	0
7624	0
7625	0
7626	0
7627	0
7628	0
7629	1
7630	0
7631	0
7632	0
7633	0
7634	0
7635	0
7636	0
7637	0
7638	0
7639	0
7640	0
7641	0
7642	0
7643	0
7644	0
7645	0
7646	0
7647	0
7648	0
7649	0
7650	0
7651	0
7652	0
7653	0
7654	0
7655	0
7656	0
7657	0
7658	0
7659	0
7660	0
7661	0
7662	0
7663	0
7664	0
7665	0
7666	0
7667	0
7668	0
7669	0
7670	0
7671	0
7672	0
7673	0
7674	0
7675	0
7676	0
7677	0
7678	0
7679	0
7680	0
7681	0
7682	0
7683	0
7684	0
7685	0
7686	0
7687	0
7688	0
7689	0
7690	0
7691	0
7692	0
7693	0
7694	0
7695	0
7696	0
7697	0
7698	0
7699	0
7700	0
7701	0
7702	0
7703	0
7704	0
7705	0
7706	0
7707	0
7708	0
7709	0
7710	0
7711	0
7712	0
7713	0
7714	0
7715	0
7716	0
7717	0
7718	0
7719	0
7720	0
7721	0
7722	0
7723	0
7724	0
7725	0
7726	0
7727	0
7728	0
7729	0
7730	0
7731	0
7732	0
7733	0
7734	0
7735	0
7736	0
7737	0
7738	0
7739	0
7740	0
7741	0
7742	0
7743	0
7744	0
7745	0
7746	0
7747	0
7748	0
7749	0
7750	0
7751	0
7752	0
7753	0
7754	0
7755	0
7756	0
7757	0
7758	0
7759	0
7760	0
7761	0
7762	0
7763	0
7764	0
7765	0
7766	0
7767	0
7768	0
7769	0
7770	0
7771	0
7772	0
7773	0
7774	0
7775	0
7776	0
7777	0
7778	0
7779	0
7780	0
7781	0
7782	0
7783	0
7784	0
7785	0
7786	0
7787	0
7788	0
7789	0
7790	0
7791	0
7792	0
7793	0
7794	0
7795	0
7796	0
7797	0
7798	0
7799	0
7800	0
7801	0
7802	0
7803	0
7804	0
7805	0
7806	0
7807	0
7808	0
7809	0
7810	0
7811	0
7812	0
7813	0
7814	0
7815	0
7816	0
7817	0
7818	0
7819	0
7820	0
7821	0
7822	0
7823	0
7824	0
7825	0
7826	0
7827	0
7828	0
7829	0
7830	0
7831	0
7832	0
7833	0
7834	0
7835	0
7836	0
7837	0
7838	0
7839	0
7840	0
7841	0
7842	0
7843	0
7844	0
7845	0
7846	0
7847	0
7848	0
7849	0
7850	0
7851	0
7852	0
7853	0
7854	0
7855	0
7856	0
7857	0
7858	0
7859	0
7860	0
7861	0
7862	0
7863	0
7864	0
7865	0
7866	0
7867	0
7868	0
7869	0
7870	0
7871	0
7872	0
7873	0
7874	0
7875	0
7876	0
7877	0
7878	0
7879	0
7880	0
7881	0
7882	0
7883	0
7884	0
7885	0
7886	0
7887	0
7888	0
7889	0
7890	0
7891	0
7892	0
7893	0
7894	0
7895	0
7896	0
7897	0
7898	0
7899	0
7900	0
7901	0
7902	0
7903	0
7904	0
7905	0
7906	0
7907	0
7908	0
7909	0
7910	0
7911	0
7912	0
7913	0
7914	0
7915	0
7916	0
7917	0
7918	0
7919	0
7920	0
7921	0
7922	0
7923	0
7924	0
7925	0
7926	0
7927	0
7928	0
7929	0
7930	0
7931	0
7932	0
7933	0
7934	0
7935	0
7936	0
7937	0
7938	0
7939	0
7940	0
7941	0
7942	0
7943	0
7944	0
7945	0
7946	0
7947	0
7948	0
7949	0
7950	0
7951	0
7952	0
7953	0
7954	0
7955	0
7956	0
7957	0
7958	0
7959	0
7960	0
7961	0
7962	0
7963	0
7964	0
7965	0
7966	0
7967	0
7968	0
7969	0
7970	0
7971	0
7972	0
7973	0
7974	0
7975	0
7976	0
7977	0
7978	0
7979	0
7980	0
7981	0
7982	0
7983	0
7984	0
7985	0
7986	0
7987	0
7988	0
7989	0
7990	0
7991	0
7992	0
7993	0
7994	0
7995	0
7996	0
7997	0
7998	0
7999	0
8000	0
8001	0
8002	0
8003	0
8004	0
8005	0
8006	0
8007	0
8008	0
8009	0
8010	0
8011	0
8012	0
8013	0
8014	0
8015	0
8016	0
8017	0
8018	0
8019	0
8020	0
8021	0
8022	0
8023	0
8024	0
8025	0
8026	0
8027	0
8028	0
8029	0
8030	0
8031	0
8032	0
8033	0
8034	0
8035	0
8036	0
8037	0
8038	0
8039	0
8040	0
8041	0
8042	0
8043	0
8044	0
8045	0
8046	0
8047	0
8048	0
8049	0
8050	0
8051	0
8052	0
8053	0
8054	0
8055	0
8056	0
8057	0
8058	0
8059	0
8060	0
8061	0
8062	0
8063	0
8064	0
8065	0
8066	0
8067	0
8068	0
8069	0
8070	0
8071	0
8072	0
8073	0
8074	0
8075	0
8076	0
8077	0
8078	0
8079	0
8080	0
8081	0
8082	0
8083	0
8084	0
8085	0
8086	0
8087	0
8088	0
8089	0
8090	0
8091	0
8092	0
8093	0
8094	0
8095	0
8096	0
8097	0
8098	0
8099	0
8100	0
8101	0
8102	0
8103	0
8104	0
8105	0
8106	0
8107	0
8108	0
8109	0
8110	0
8111	0
8112	0
8113	0
8114	0
8115	0
8116	0
8117	0
8118	0
8119	0
8120	0
8121	0
8122	0
8123	0
8124	0
8125	0
8126	0
8127	0
8128	0
8129	0
8130	0
8131	0
8132	0
8133	0
8134	0
8135	0
8136	0
8137	0
8138	0
8139	0
8140	0
8141	0
8142	0
8143	0
8144	0
8145	0
8146	0
8147	0
8148	0
8149	0
8150	0
8151	0
8152	0
8153	0
8154	0
8155	0
8156	0
8157	0
8158	0
8159	0
8160	0
8161	0
8162	0
8163	0
8164	0
8165	0
8166	0
8167	0
8168	0
8169	0
8170	0
8171	0
8172	0
8173	0
8174	0
8175	0
8176	0
8177	0
8178	0
8179	0
8180	0
8181	0
8182	0
8183	0
8184	0
8185	0
8186	0
8187	0
8188	0
8189	0
8190	0
8191	0
